120,20,1.01133,0.99314,1.00121,19.8461,20.0275,21.8446392812
150,20,1.01958,1.00173,1.00783,20.026,20.2304,22.0457400414
180,20,1.02196,1.00516,1.01005,20.0988,20.2995,22.1379593013
210,20,1.02325,1.00654,1.01062,20.1286,20.3176,22.1087705889
240,20,1.02482,1.00702,1.0105,20.1393,20.3145,22.3383422677
270,20,1.0235,1.00707,1.01013,20.141,20.3027,22.3860992292
30,20,0.129125,0.119114,0.140447,2.28818,1.62551,3.47331835477
300,20,1.01995,1.00692,1.00962,20.1384,20.2872,22.0107090371
330,20,1.02129,1.00668,1.00905,20.1336,20.2712,22.3347846815
60,20,0.897649,0.873235,0,17.6004,0,19.6669776305
90,20,0.989411,0.968785,0,19.3506,0,21.4149179091
