120,30,1.01002,0.990982,1.00265,29.6736,30.0413,32.9239133056
150,30,1.02086,1.00323,1.01215,30.0683,30.3456,33.3514267291
180,30,1.027,1.00808,1.01529,30.2279,30.4492,33.5206844931
210,30,1.02766,1.01001,1.01605,30.2929,30.4763,33.5165800531
240,30,1.02469,1.01065,1.01581,30.3158,30.4717,33.8819964535
270,30,1.02703,1.01068,1.0152,30.3189,30.454,33.9372981285
30,30,0.197993,0.177387,0.209427,2.42807,2.43826,3.54312385784
300,30,1.02526,1.01043,1.01441,30.3125,30.4308,33.3188201405
330,30,1.02214,1.01005,1.0136,30.3016,30.4068,33.8004687473
60,30,0.834331,0.81305,0,24.7911,0,27.9634961532
90,30,0.976476,0.955968,0,28.5896,0,31.9344949756
