120,10,1.01157,0.996139,1.00034,9.9593,10.0138,10.8392569738
150,10,1.01317,1.00065,1.00377,10.0054,10.1152,10.9011134838
180,10,1.01713,1.00247,1.00492,10.0241,10.1497,10.917859488
210,10,1.01539,1.00321,1.00528,10.0318,10.1588,10.9116165627
240,10,1.01718,1.00347,1.00524,10.0346,10.1572,11.0172605844
270,10,1.0173,1.00351,1.00503,10.0351,10.1513,11.0414171759
30,10,0.0677513,0.060024,0.070666,2.15539,0.812754,3.1770442659
300,10,1.0155,1.00345,1.00479,10.0345,10.1436,10.8740273596
330,10,1.0167,1.00333,1.00451,10.0333,10.1356,11.0214662164
60,10,0.955085,0.936042,0,9.37902,0,10.3194455702
90,10,0.998327,0.98349,0,9.83195,0,10.7564310101
