100,10,1.00791,0.984036,0.998363,9.83347,9.9619,10.8515407893
140,10,1.01747,0.996254,1.00539,9.95899,10.1668,10.9459921909
180,10,1.0229,1.00036,1.00682,10.0018,10.2069,10.8174189206
20,10,0.120812,0.135307,0.169613,0.902382,0.512053,1.22116201556
220,10,1.02014,1.002,1.00678,10.0189,10.206,10.9141044613
260,10,1.01935,1.00268,1.00643,10.0262,10.1939,10.9449348393
300,10,1.01831,1.00296,1.00592,10.0292,10.1793,11.0656747971
340,10,1.01829,1.00303,1.00547,10.0301,10.1649,10.8011495632
380,10,1.01508,1.00301,1.00504,10.0299,10.1516,10.9998591181
420,10,1.01973,1.00294,1.00464,10.0293,10.1398,10.948287336
60,10,0.958648,0.929456,0,9.30189,0,10.3958449743
