100,0.1,1.01179,0.999824,0.999984,0.0999824,0.099619,0.10285830041
140,0.1,1.01196,0.999955,1.00008,0.0999955,0.101668,0.102548113448
180,0.1,1.01515,1,1.00005,0.1,0.102069,0.103136514206
20,0.1,1.0061,0.990912,0.991014,0.0990983,0.00512053,0.131322125329
220,0.1,1.01308,1.00002,1.00008,0.100002,0.10206,0.103433690866
260,0.1,1.0105,1.00003,1.00005,0.100003,0.101939,0.102677892349
300,0.1,1.01009,1.00003,1.00007,0.100003,0.101793,0.102388089407
340,0.1,1.00933,1.00003,1.00005,0.100003,0.101649,0.102313987524
380,0.1,1.01021,1.00003,1.00004,0.100003,0.101516,0.103084882574
420,0.1,1.01258,1.00003,1.00006,0.100003,0.101398,0.102983589015
60,0.1,1.00928,0.99926,0,0.099926,0,0.101627599626
