100,1,1.01438,0.998255,0.999789,0.998248,0.99619,1.05927691553
140,1,1.00966,0.99956,1.00052,0.999556,1.01668,1.0517447923
180,1,1.01036,1,1.00066,1,1.02069,1.06319438404
20,1,0.942546,0.902531,0.0172331,0.9106,0.0512053,1.31197182817
220,1,1.01754,1.00018,1.00069,1.00018,1.0206,1.07033318839
260,1,1.01666,1.00026,1.00066,1.00026,1.01939,1.05752816106
300,1,1.01368,1.00029,1.0006,1.00029,1.01793,1.05104600495
340,1,1.0117,1.0003,1.00056,1.0003,1.01649,1.04753762959
380,1,1.01758,1.0003,1.00052,1.0003,1.01516,1.062627007
420,1,1.01285,1.00029,1.00046,1.00029,1.01398,1.06033035441
60,1,1.0101,0.992629,0,0.992642,0,1.03889180969
