0.10000 229.77
0.11000 208.88
0.12000 191.48
0.13000 176.75
0.14000 164.12
0.15000 153.18
0.16000 143.61
0.17000 135.16
0.18000 127.65
0.19000 120.94
0.20000 114.89
0.21000 109.42
0.22000 104.45
0.23000 99.906
0.24000 95.743
0.25000 91.914
0.26000 88.379
0.27000 85.106
0.28000 82.067
0.29000 79.238
0.30000 76.597
0.31000 74.126
0.32000 71.810
0.33000 69.635
0.34000 67.587
0.35000 65.656
0.36000 63.833
0.37000 62.108
0.38000 60.474
0.39000 58.923
0.40000 57.451
0.41000 56.050
0.42000 54.715
0.43000 53.443
0.44000 52.229
0.45000 51.068
0.46000 49.959
0.47000 48.896
0.48000 47.877
0.49000 46.901
0.50000 45.963
0.51000 45.062
0.52000 44.195
0.53000 43.362
0.54000 42.559
0.55000 41.785
0.56000 41.039
0.57000 40.320
0.58000 39.625
0.59000 38.953
0.60000 38.304
0.61000 37.676
0.62000 37.069
0.63000 36.481
0.64000 35.911
0.65000 35.359
0.66000 34.823
0.67000 34.303
0.68000 33.799
0.69000 33.310
0.70000 32.834
0.71000 32.372
0.72000 31.922
0.73000 31.485
0.74000 31.060
0.75000 30.646
0.76000 30.243
0.77000 29.850
0.78000 29.467
0.79000 29.095
0.80000 28.731
0.81000 28.376
0.82000 28.031
0.83000 27.693
0.84000 27.363
0.85000 27.042
0.86000 26.727
0.87000 26.420
0.88000 26.120
0.89000 25.827
0.90000 25.540
0.91000 25.259
0.92000 24.985
0.93000 24.716
0.94000 24.454
0.95000 24.196
0.96000 23.944
0.97000 23.698
0.98000 23.456
0.99000 23.219
1.0000 22.987
1.0100 22.760
1.0200 22.537
1.0300 22.318
1.0400 22.103
1.0500 21.893
1.0600 21.687
1.0700 21.484
1.0800 21.285
1.0900 21.090
1.1000 20.898
1.1100 20.710
1.1200 20.525
1.1300 20.344
1.1400 20.166
1.1500 19.990
1.1600 19.818
1.1700 19.649
1.1800 19.482
1.1900 19.319
1.2000 19.158
1.2100 19.000
1.2200 18.844
1.2300 18.691
1.2400 18.540
1.2500 18.392
1.2600 18.246
1.2700 18.103
1.2800 17.961
1.2900 17.822
1.3000 17.685
1.3100 17.550
1.3200 17.417
1.3300 17.286
1.3400 17.157
1.3500 17.030
1.3600 16.905
1.3700 16.782
1.3800 16.661
1.3900 16.541
1.4000 16.423
1.4100 16.306
1.4200 16.192
1.4300 16.078
1.4400 15.967
1.4500 15.857
1.4600 15.748
1.4700 15.641
1.4800 15.536
1.4900 15.431
1.5000 15.329
1.5100 15.227
1.5200 15.127
1.5300 15.028
1.5400 14.931
1.5500 14.834
1.5600 14.739
1.5700 14.646
1.5800 14.553
1.5900 14.462
1.6000 14.371
1.6100 14.282
1.6200 14.194
1.6300 14.107
1.6400 14.021
1.6500 13.936
1.6600 13.852
1.6700 13.769
1.6800 13.687
1.6900 13.607
1.7000 13.527
1.7100 13.448
1.7200 13.369
1.7300 13.292
1.7400 13.216
1.7500 13.140
1.7600 13.066
1.7700 12.992
1.7800 12.919
1.7900 12.847
1.8000 12.776
1.8100 12.705
1.8200 12.635
1.8300 12.566
1.8400 12.498
1.8500 12.431
1.8600 12.364
1.8700 12.298
1.8800 12.233
1.8900 12.168
1.9000 12.104
1.9100 12.041
1.9200 11.978
1.9300 11.916
1.9400 11.855
1.9500 11.794
1.9600 11.734
1.9700 11.674
1.9800 11.615
1.9900 11.557
2.0000 11.499
2.0100 11.442
2.0200 11.386
2.0300 11.330
2.0400 11.274
2.0500 11.219
2.0600 11.165
2.0700 11.111
2.0800 11.057
2.0900 11.005
2.1000 10.952
2.1100 10.900
2.1200 10.849
2.1300 10.798
2.1400 10.748
2.1500 10.698
2.1600 10.648
2.1700 10.599
2.1800 10.551
2.1900 10.503
2.2000 10.455
2.2100 10.408
2.2200 10.361
2.2300 10.314
2.2400 10.268
2.2500 10.223
2.2500 10.223
2.2500 10.223
2.2600 10.178
2.2700 10.133
2.2800 10.089
2.2900 10.045
2.3000 10.001
2.3100 9.9577
2.3200 9.9148
2.3300 9.8723
2.3400 9.8301
2.3500 9.7884
2.3600 9.7469
2.3700 9.7059
2.3800 9.6651
2.3900 9.6247
2.4000 9.5847
2.4100 9.5450
2.4200 9.5056
2.4300 9.4665
2.4400 9.4277
2.4500 9.3893
2.4600 9.3512
2.4700 9.3134
2.4800 9.2759
2.4900 9.2387
2.5000 9.2018
2.5100 9.1651
2.5200 9.1288
2.5300 9.0928
2.5400 9.0570
2.5500 9.0216
2.5600 8.9864
2.5700 8.9514
2.5800 8.9168
2.5900 8.8824
2.6000 8.8483
2.6100 8.8144
2.6200 8.7808
2.6300 8.7475
2.6400 8.7144
2.6500 8.6815
2.6600 8.6490
2.6700 8.6166
2.6800 8.5845
2.6900 8.5526
2.7000 8.5210
2.7100 8.4896
2.7200 8.4584
2.7300 8.4275
2.7400 8.3968
2.7500 8.3663
2.7600 8.3360
2.7700 8.3060
2.7800 8.2761
2.7900 8.2465
2.8000 8.2171
2.8100 8.1879
2.8200 8.1589
2.8300 8.1301
2.8400 8.1015
2.8500 8.0731
2.8600 8.0449
2.8700 8.0169
2.8800 7.9891
2.8900 7.9615
2.9000 7.9341
2.9100 7.9069
2.9200 7.8799
2.9300 7.8530
2.9400 7.8263
2.9500 7.7998
2.9600 7.7735
2.9700 7.7474
2.9800 7.7214
2.9900 7.6957
3.0000 7.6700
3.0100 7.6446
3.0200 7.6193
3.0300 7.5942
3.0400 7.5693
3.0500 7.5445
3.0600 7.5199
3.0700 7.4954
3.0800 7.4711
3.0900 7.4470
3.1000 7.4230
3.1100 7.3992
3.1200 7.3755
3.1300 7.3520
3.1400 7.3286
3.1500 7.3054
3.1600 7.2823
3.1700 7.2593
3.1800 7.2365
3.1900 7.2139
3.2000 7.1914
3.2100 7.1690
3.2200 7.1468
3.2300 7.1247
3.2400 7.1027
3.2500 7.0809
3.2600 7.0592
3.2700 7.0377
3.2800 7.0163
3.2900 6.9950
3.3000 6.9738
3.3100 6.9528
3.3200 6.9319
3.3300 6.9111
3.3400 6.8904
3.3500 6.8699
3.3600 6.8495
3.3700 6.8292
3.3800 6.8090
3.3900 6.7890
3.4000 6.7690
3.4100 6.7492
3.4200 6.7295
3.4300 6.7099
3.4400 6.6905
3.4500 6.6711
3.4600 6.6519
3.4700 6.6327
3.4800 6.6137
3.4900 6.5948
3.5000 6.5760
3.5100 6.5573
3.5200 6.5387
3.5300 6.5202
3.5400 6.5018
3.5500 6.4835
3.5600 6.4653
3.5700 6.4473
3.5800 6.4293
3.5900 6.4114
3.6000 6.3936
3.6100 6.3759
3.6200 6.3584
3.6300 6.3409
3.6400 6.3235
3.6500 6.3062
3.6600 6.2890
3.6700 6.2719
3.6800 6.2549
3.6900 6.2380
3.7000 6.2211
3.7100 6.2044
3.7200 6.1877
3.7300 6.1712
3.7400 6.1547
3.7500 6.1383
3.7600 6.1220
3.7700 6.1058
3.7800 6.0897
3.7900 6.0737
3.8000 6.0577
3.8100 6.0418
3.8200 6.0261
3.8300 6.0104
3.8400 5.9947
3.8500 5.9792
3.8600 5.9637
3.8700 5.9484
3.8800 5.9331
3.8900 5.9178
3.9000 5.9027
3.9100 5.8876
3.9200 5.8726
3.9300 5.8577
3.9400 5.8429
3.9500 5.8281
3.9600 5.8134
3.9700 5.7988
3.9800 5.7843
3.9900 5.7698
4.0000 5.7554
4.0100 5.7411
4.0200 5.7268
4.0300 5.7126
4.0400 5.6985
4.0500 5.6845
4.0600 5.6705
4.0700 5.6566
4.0800 5.6428
4.0900 5.6290
4.1000 5.6153
4.1100 5.6017
4.1200 5.5881
4.1300 5.5746
4.1400 5.5612
4.1500 5.5478
4.1600 5.5345
4.1700 5.5212
4.1800 5.5081
4.1900 5.4949
4.2000 5.4819
4.2100 5.4689
4.2200 5.4560
4.2300 5.4431
4.2400 5.4303
4.2500 5.4175
4.2600 5.4048
4.2700 5.3922
4.2800 5.3796
4.2900 5.3671
4.3000 5.3547
4.3100 5.3423
4.3200 5.3299
4.3300 5.3176
4.3400 5.3054
4.3500 5.2933
4.3600 5.2811
4.3700 5.2691
4.3800 5.2571
4.3900 5.2451
4.4000 5.2332
4.4100 5.2214
4.4200 5.2096
4.4300 5.1979
4.4400 5.1862
4.4500 5.1746
4.4600 5.1630
4.4700 5.1515
4.4800 5.1400
4.4900 5.1286
4.5000 5.1172
4.5100 5.1059
4.5200 5.0946
4.5300 5.0834
4.5400 5.0722
4.5500 5.0611
4.5600 5.0500
4.5700 5.0390
4.5800 5.0280
4.5900 5.0171
4.6000 5.0062
4.6100 4.9954
4.6200 4.9846
4.6300 4.9738
4.6400 4.9631
4.6500 4.9525
4.6600 4.9419
4.6700 4.9313
4.6800 4.9208
4.6900 4.9104
4.7000 4.8999
4.7100 4.8896
4.7200 4.8792
4.7300 4.8689
4.7400 4.8587
4.7500 4.8485
4.7600 4.8383
4.7700 4.8282
4.7800 4.8181
4.7900 4.8081
4.8000 4.7981
4.8100 4.7881
4.8200 4.7782
4.8300 4.7684
4.8400 4.7585
4.8500 4.7487
4.8600 4.7390
4.8700 4.7293
4.8800 4.7196
4.8900 4.7100
4.9000 4.7004
4.9100 4.6909
4.9200 4.6813
4.9300 4.6719
4.9400 4.6624
4.9500 4.6530
4.9600 4.6437
4.9700 4.6344
4.9800 4.6251
4.9900 4.6158
5.0000 4.6066
5.1000 4.5165
5.1100 4.5077
5.1200 4.4989
5.1300 4.4902
5.1400 4.4815
5.1500 4.4728
5.1600 4.4641
5.1700 4.4555
5.1800 4.4470
5.1900 4.4384
5.2000 4.4299
5.2100 4.4214
5.2200 4.4130
5.2300 4.4045
5.2400 4.3962
5.2500 4.3878
5.2600 4.3795
5.2700 4.3712
5.2800 4.3629
5.2900 4.3547
5.3000 4.3465
5.3100 4.3384
5.3200 4.3302
5.3300 4.3221
5.3400 4.3141
5.3500 4.3060
5.3600 4.2980
5.3700 4.2900
5.3800 4.2821
5.3900 4.2741
5.4000 4.2662
5.4100 4.2584
5.4200 4.2505
5.4300 4.2427
5.4400 4.2350
5.4500 4.2272
5.4600 4.2195
5.4700 4.2118
5.4800 4.2041
5.4900 4.1965
5.5000 4.1889
5.5100 4.1813
5.5200 4.1738
5.5300 4.1662
5.5400 4.1587
5.5500 4.1513
5.5600 4.1438
5.5700 4.1364
5.5800 4.1290
5.5900 4.1216
5.6000 4.1143
5.6100 4.1070
5.6200 4.0997
5.6300 4.0924
5.6400 4.0852
5.6500 4.0780
5.6600 4.0708
5.6700 4.0636
5.6800 4.0565
5.6900 4.0494
5.7000 4.0423
5.7100 4.0353
5.7200 4.0282
5.7300 4.0212
5.7400 4.0142
5.7500 4.0073
5.7600 4.0003
5.7700 3.9934
5.7800 3.9865
5.7900 3.9797
5.8000 3.9728
5.8100 3.9660
5.8200 3.9592
5.8300 3.9524
5.8400 3.9457
5.8500 3.9390
5.8600 3.9323
5.8700 3.9256
5.8800 3.9189
5.8900 3.9123
5.9000 3.9057
5.9100 3.8991
5.9200 3.8925
5.9300 3.8860
5.9400 3.8795
5.9500 3.8730
5.9600 3.8665
5.9700 3.8600
5.9800 3.8536
5.9900 3.8472
6.0000 3.8408
6.0100 3.8344
6.0200 3.8281
6.0300 3.8217
6.0400 3.8154
6.0500 3.8091
6.0600 3.8029
6.0700 3.7966
6.0800 3.7904
6.0900 3.7842
6.1000 3.7780
6.1100 3.7718
6.1200 3.7657
6.1300 3.7596
6.1400 3.7535
6.1500 3.7474
6.1600 3.7413
6.1700 3.7353
6.1800 3.7292
6.1900 3.7232
6.2000 3.7172
6.2100 3.7113
6.2200 3.7053
6.2300 3.6994
6.2400 3.6935
6.2500 3.6876
6.2600 3.6817
6.2700 3.6759
6.2800 3.6700
6.2900 3.6642
6.3000 3.6584
6.3100 3.6526
6.3200 3.6469
6.3300 3.6411
6.3400 3.6354
6.3500 3.6297
6.3600 3.6240
6.3700 3.6184
6.3800 3.6127
6.3900 3.6071
6.4000 3.6014
6.4100 3.5958
6.4200 3.5903
6.4300 3.5847
6.4400 3.5791
6.4500 3.5736
6.4600 3.5681
6.4700 3.5626
6.4800 3.5571
6.4900 3.5517
6.5000 3.5462
6.5100 3.5408
6.5200 3.5354
6.5300 3.5300
6.5400 3.5246
6.5500 3.5192
6.5600 3.5139
6.5700 3.5086
6.5800 3.5032
6.5900 3.4979
6.6000 3.4927
6.6100 3.4874
6.6200 3.4821
6.6300 3.4769
6.6400 3.4717
6.6500 3.4665
6.6600 3.4613
6.6700 3.4561
6.6800 3.4510
6.6900 3.4458
6.7000 3.4407
6.7100 3.4356
6.7200 3.4305
6.7300 3.4254
6.7400 3.4203
6.7500 3.4153
6.7600 3.4103
6.7700 3.4052
6.7800 3.4002
6.7900 3.3952
6.8000 3.3903
6.8100 3.3853
6.8200 3.3804
6.8300 3.3754
6.8400 3.3705
6.8500 3.3656
6.8600 3.3607
6.8700 3.3558
6.8800 3.3510
6.8900 3.3461
6.9000 3.3413
6.9100 3.3365
6.9200 3.3317
6.9300 3.3269
6.9400 3.3221
6.9500 3.3173
6.9600 3.3126
6.9700 3.3079
6.9800 3.3031
6.9900 3.2984
7.0000 3.2937
7.0100 3.2891
7.0200 3.2844
7.0300 3.2797
7.0400 3.2751
7.0500 3.2705
7.0600 3.2658
7.0700 3.2612
7.0800 3.2566
7.0900 3.2521
7.1000 3.2475
7.1100 3.2430
7.1200 3.2384
7.1300 3.2339
7.1400 3.2294
7.1500 3.2249
7.1600 3.2204
7.1700 3.2159
7.1800 3.2115
7.1900 3.2070
7.2000 3.2026
7.2100 3.1981
7.2200 3.1937
7.2300 3.1893
7.2400 3.1849
7.2500 3.1806
7.2600 3.1762
7.2700 3.1718
7.2800 3.1675
7.2900 3.1632
7.3000 3.1588
7.3100 3.1545
7.3200 3.1502
7.3300 3.1460
7.3400 3.1417
7.3500 3.1374
7.3600 3.1332
7.3700 3.1290
7.3800 3.1247
7.3900 3.1205
7.4000 3.1163
7.4100 3.1121
7.4200 3.1079
7.4300 3.1038
7.4400 3.0996
7.4500 3.0955
7.4600 3.0913
7.4700 3.0872
7.4800 3.0831
7.4900 3.0790
7.5000 3.0749
7.5100 3.0708
7.5200 3.0668
7.5300 3.0627
7.5400 3.0587
7.5500 3.0546
7.5600 3.0506
7.5700 3.0466
7.5800 3.0426
7.5900 3.0386
7.6000 3.0346
7.6100 3.0306
7.6200 3.0267
7.6300 3.0227
7.6400 3.0188
7.6500 3.0149
7.6600 3.0109
7.6700 3.0070
7.6800 3.0031
7.6900 2.9992
7.7000 2.9954
7.7100 2.9915
7.7200 2.9876
7.7300 2.9838
7.7400 2.9799
7.7500 2.9761
7.7600 2.9723
7.7700 2.9685
7.7800 2.9647
7.7900 2.9609
7.8000 2.9571
7.8100 2.9533
7.8200 2.9496
7.8300 2.9458
7.8400 2.9421
7.8500 2.9383
7.8600 2.9346
7.8700 2.9309
7.8800 2.9272
7.8900 2.9235
7.9000 2.9198
7.9100 2.9161
7.9200 2.9125
7.9300 2.9088
7.9400 2.9052
7.9500 2.9015
7.9600 2.8979
7.9700 2.8943
7.9800 2.8907
7.9900 2.8871
8.0000 2.8835
8.0100 2.8799
8.0200 2.8763
8.0300 2.8727
8.0400 2.8692
8.0500 2.8656
8.0600 2.8621
8.0700 2.8585
8.0800 2.8550
8.0900 2.8515
8.1000 2.8480
8.1100 2.8445
8.1200 2.8410
8.1300 2.8375
8.1400 2.8341
8.1500 2.8306
8.1600 2.8271
8.1700 2.8237
8.1800 2.8203
8.1900 2.8168
8.2000 2.8134
8.2100 2.8100
8.2200 2.8066
8.2300 2.8032
8.2400 2.7998
8.2500 2.7964
8.2600 2.7931
8.2700 2.7897
8.2800 2.7863
8.2900 2.7830
8.3000 2.7797
8.3100 2.7763
8.3200 2.7730
8.3300 2.7697
8.3400 2.7664
8.3500 2.7631
8.3600 2.7598
8.3700 2.7565
8.3800 2.7532
8.3900 2.7500
8.4000 2.7467
8.4100 2.7434
8.4200 2.7402
8.4300 2.7370
8.4400 2.7337
8.4500 2.7305
8.4600 2.7273
8.4700 2.7241
8.4800 2.7209
8.4900 2.7177
8.5000 2.7145
8.5100 2.7113
8.5200 2.7082
8.5300 2.7050
8.5400 2.7019
8.5500 2.6987
8.5600 2.6956
8.5700 2.6924
8.5800 2.6893
8.5900 2.6862
8.6000 2.6831
8.6100 2.6800
8.6200 2.6769
8.6300 2.6738
8.6400 2.6707
8.6500 2.6676
8.6600 2.6646
8.6700 2.6615
8.6800 2.6585
8.6900 2.6554
8.7000 2.6524
8.7100 2.6493
8.7200 2.6463
8.7300 2.6433
8.7400 2.6403
8.7500 2.6373
8.7600 2.6343
8.7700 2.6313
8.7800 2.6283
8.7900 2.6253
8.8000 2.6224
8.8100 2.6194
8.8200 2.6164
8.8300 2.6135
8.8400 2.6106
8.8500 2.6076
8.8600 2.6047
8.8700 2.6018
8.8800 2.5988
8.8900 2.5959
8.9000 2.5930
8.9100 2.5901
8.9200 2.5872
8.9300 2.5844
8.9400 2.5815
8.9500 2.5786
8.9600 2.5757
8.9700 2.5729
8.9800 2.5700
8.9900 2.5672
9.0000 2.5644
9.0100 2.5615
9.0200 2.5587
9.0300 2.5559
9.0400 2.5531
9.0500 2.5502
9.0600 2.5474
9.0700 2.5446
9.0800 2.5419
9.0900 2.5391
9.1000 2.5363
9.1100 2.5335
9.1200 2.5308
9.1300 2.5280
9.1400 2.5252
9.1500 2.5225
9.1600 2.5198
9.1700 2.5170
9.1800 2.5143
9.1900 2.5116
9.2000 2.5089
9.2100 2.5061
9.2200 2.5034
9.2300 2.5007
9.2400 2.4980
9.2500 2.4954
9.2600 2.4927
9.2700 2.4900
9.2800 2.4873
9.2900 2.4847
9.3000 2.4820
9.3100 2.4793
9.3200 2.4767
9.3300 2.4741
9.3400 2.4714
9.3500 2.4688
9.3600 2.4662
9.3700 2.4635
9.3800 2.4609
9.3900 2.4583
9.4000 2.4557
9.4100 2.4531
9.4200 2.4505
9.4300 2.4479
9.4400 2.4454
9.4500 2.4428
9.4600 2.4402
9.4700 2.4377
9.4800 2.4351
9.4900 2.4325
9.5000 2.4300
9.5100 2.4274
9.5200 2.4249
9.5300 2.4224
9.5400 2.4199
9.5500 2.4173
9.5600 2.4148
9.5700 2.4123
9.5800 2.4098
9.5900 2.4073
9.6000 2.4048
9.6100 2.4023
9.6200 2.3998
9.6300 2.3973
9.6400 2.3949
9.6500 2.3924
9.6600 2.3899
9.6700 2.3875
9.6800 2.3850
9.6900 2.3826
9.7000 2.3801
9.7100 2.3777
9.7200 2.3753
9.7300 2.3728
9.7400 2.3704
9.7500 2.3680
9.7600 2.3656
9.7700 2.3632
9.7800 2.3608
9.7900 2.3584
9.8000 2.3560
9.8100 2.3536
9.8200 2.3512
9.8300 2.3488
9.8400 2.3464
9.8500 2.3441
9.8600 2.3417
9.8700 2.3393
9.8800 2.3370
9.8900 2.3346
9.9000 2.3323
9.9100 2.3299
9.9200 2.3276
9.9300 2.3253
9.9400 2.3229
9.9500 2.3206
9.9600 2.3183
9.9700 2.3160
9.9800 2.3137
9.9900 2.3114
10.000 2.3091
10.100 2.2863
10.110 2.2841
10.120 2.2818
10.130 2.2796
10.140 2.2773
10.150 2.2751
10.160 2.2729
10.170 2.2707
10.180 2.2684
10.190 2.2662
10.200 2.2640
10.210 2.2618
10.220 2.2596
10.230 2.2574
10.240 2.2552
10.250 2.2530
10.260 2.2508
10.270 2.2487
10.280 2.2465
10.290 2.2443
10.300 2.2421
10.310 2.2400
10.320 2.2378
10.330 2.2357
10.340 2.2335
10.350 2.2314
10.360 2.2292
10.370 2.2271
10.380 2.2250
10.390 2.2228
10.400 2.2207
10.410 2.2186
10.420 2.2165
10.430 2.2143
10.440 2.2122
10.450 2.2101
10.460 2.2080
10.470 2.2059
10.480 2.2038
10.490 2.2017
10.500 2.1997
10.510 2.1976
10.520 2.1955
10.530 2.1934
10.540 2.1914
10.550 2.1893
10.560 2.1872
10.570 2.1852
10.580 2.1831
10.590 2.1811
10.600 2.1790
10.610 2.1770
10.620 2.1749
10.630 2.1729
10.640 2.1709
10.650 2.1688
10.660 2.1668
10.670 2.1648
10.680 2.1628
10.690 2.1608
10.700 2.1588
10.710 2.1568
10.720 2.1548
10.730 2.1528
10.740 2.1508
10.750 2.1488
10.760 2.1468
10.770 2.1448
10.780 2.1428
10.790 2.1408
10.800 2.1389
10.810 2.1369
10.820 2.1349
10.830 2.1330
10.840 2.1310
10.850 2.1291
10.860 2.1271
10.870 2.1252
10.880 2.1232
10.890 2.1213
10.900 2.1194
10.910 2.1174
10.920 2.1155
10.930 2.1136
10.940 2.1117
10.950 2.1097
10.960 2.1078
10.970 2.1059
10.980 2.1040
10.990 2.1021
11.000 2.1002
11.010 2.0983
11.020 2.0964
11.030 2.0945
11.040 2.0926
11.050 2.0907
11.060 2.0889
11.070 2.0870
11.080 2.0851
11.090 2.0832
11.100 2.0814
11.110 2.0795
11.120 2.0777
11.130 2.0758
11.140 2.0739
11.150 2.0721
11.160 2.0703
11.170 2.0684
11.180 2.0666
11.190 2.0647
11.200 2.0629
11.210 2.0611
11.220 2.0592
11.230 2.0574
11.240 2.0556
11.250 2.0538
11.260 2.0520
11.270 2.0502
11.280 2.0484
11.290 2.0465
11.300 2.0447
11.310 2.0429
11.320 2.0412
11.330 2.0394
11.340 2.0376
11.350 2.0358
11.360 2.0340
11.370 2.0322
11.380 2.0305
11.390 2.0287
11.400 2.0269
11.410 2.0251
11.420 2.0234
11.430 2.0216
11.440 2.0199
11.450 2.0181
11.460 2.0164
11.470 2.0146
11.480 2.0129
11.490 2.0111
11.500 2.0094
11.510 2.0077
11.520 2.0059
11.530 2.0042
11.540 2.0025
11.550 2.0007
11.560 1.9990
11.570 1.9973
11.580 1.9956
11.590 1.9939
11.600 1.9922
11.610 1.9905
11.620 1.9888
11.630 1.9871
11.640 1.9854
11.650 1.9837
11.660 1.9820
11.670 1.9803
11.680 1.9786
11.690 1.9769
11.700 1.9752
11.710 1.9736
11.720 1.9719
11.730 1.9702
11.740 1.9685
11.750 1.9669
11.760 1.9652
11.770 1.9636
11.780 1.9619
11.790 1.9602
11.800 1.9586
11.810 1.9569
11.820 1.9553
11.830 1.9537
11.840 1.9520
11.850 1.9504
11.860 1.9487
11.870 1.9471
11.880 1.9455
11.890 1.9439
11.900 1.9422
11.910 1.9406
11.920 1.9390
11.930 1.9374
11.940 1.9358
11.950 1.9342
11.960 1.9325
11.970 1.9309
11.980 1.9293
11.990 1.9277
12.000 1.9261
12.010 1.9245
12.020 1.9230
12.030 1.9214
12.040 1.9198
12.050 1.9182
12.060 1.9166
12.070 1.9150
12.080 1.9135
12.090 1.9119
12.100 1.9103
12.110 1.9088
12.120 1.9072
12.130 1.9056
12.140 1.9041
12.150 1.9025
12.160 1.9009
12.170 1.8994
12.180 1.8978
12.190 1.8963
12.200 1.8948
12.210 1.8932
12.220 1.8917
12.230 1.8901
12.240 1.8886
12.250 1.8871
12.260 1.8855
12.270 1.8840
12.280 1.8825
12.290 1.8810
12.300 1.8794
12.310 1.8779
12.320 1.8764
12.330 1.8749
12.340 1.8734
12.350 1.8719
12.360 1.8704
12.370 1.8689
12.380 1.8674
12.390 1.8659
12.400 1.8644
12.410 1.8629
12.420 1.8614
12.430 1.8599
12.440 1.8584
12.450 1.8569
12.460 1.8555
12.470 1.8540
12.480 1.8525
12.490 1.8510
12.500 1.8496
12.510 1.8481
12.520 1.8466
12.530 1.8452
12.540 1.8437
12.550 1.8422
12.560 1.8408
12.570 1.8393
12.580 1.8379
12.590 1.8364
12.600 1.8350
12.610 1.8335
12.620 1.8321
12.630 1.8306
12.640 1.8292
12.650 1.8278
12.660 1.8263
12.670 1.8249
12.680 1.8235
12.690 1.8220
12.700 1.8206
12.710 1.8192
12.720 1.8178
12.730 1.8163
12.740 1.8149
12.750 1.8135
12.760 1.8121
12.770 1.8107
12.780 1.8093
12.790 1.8079
12.800 1.8065
12.810 1.8051
12.820 1.8037
12.830 1.8023
12.840 1.8009
12.850 1.7995
12.860 1.7981
12.870 1.7967
12.880 1.7953
12.890 1.7939
12.900 1.7926
12.910 1.7912
12.920 1.7898
12.930 1.7884
12.940 1.7871
12.950 1.7857
12.960 1.7843
12.970 1.7830
12.980 1.7816
12.990 1.7802
13.000 1.7789
13.010 1.7775
13.020 1.7761
13.030 1.7748
13.040 1.7734
13.050 1.7721
13.060 1.7707
13.070 1.7694
13.080 1.7681
13.090 1.7667
13.100 1.7654
13.110 1.7640
13.120 1.7627
13.130 1.7614
13.140 1.7600
13.150 1.7587
13.160 1.7574
13.170 1.7560
13.180 1.7547
13.190 1.7534
13.200 1.7521
13.210 1.7508
13.220 1.7495
13.230 1.7481
13.240 1.7468
13.250 1.7455
13.260 1.7442
13.270 1.7429
13.280 1.7416
13.290 1.7403
13.300 1.7390
13.310 1.7377
13.320 1.7364
13.330 1.7351
13.340 1.7338
13.350 1.7325
13.360 1.7312
13.370 1.7300
13.380 1.7287
13.390 1.7274
13.400 1.7261
13.410 1.7248
13.420 1.7236
13.430 1.7223
13.440 1.7210
13.450 1.7197
13.460 1.7185
13.470 1.7172
13.480 1.7159
13.490 1.7147
13.500 1.7134
13.510 1.7121
13.520 1.7109
13.530 1.7096
13.540 1.7084
13.550 1.7071
13.560 1.7059
13.570 1.7046
13.580 1.7034
13.590 1.7021
13.600 1.7009
13.610 1.6997
13.620 1.6984
13.630 1.6972
13.640 1.6959
13.650 1.6947
13.660 1.6935
13.670 1.6922
13.680 1.6910
13.690 1.6898
13.700 1.6886
13.710 1.6873
13.720 1.6861
13.730 1.6849
13.740 1.6837
13.750 1.6825
13.760 1.6812
13.770 1.6800
13.780 1.6788
13.790 1.6776
13.800 1.6764
13.810 1.6752
13.820 1.6740
13.830 1.6728
13.840 1.6716
13.850 1.6704
13.860 1.6692
13.870 1.6680
13.880 1.6668
13.890 1.6656
13.900 1.6644
13.910 1.6632
13.920 1.6621
13.930 1.6609
13.940 1.6597
13.950 1.6585
13.960 1.6573
13.970 1.6561
13.980 1.6550
13.990 1.6538
14.000 1.6526
14.010 1.6515
14.020 1.6503
14.030 1.6491
14.040 1.6479
14.050 1.6468
14.060 1.6456
14.070 1.6445
14.080 1.6433
14.090 1.6421
14.100 1.6410
14.110 1.6398
14.120 1.6387
14.130 1.6375
14.140 1.6364
14.150 1.6352
14.160 1.6341
14.170 1.6329
14.180 1.6318
14.190 1.6307
14.200 1.6295
14.210 1.6284
14.220 1.6272
14.230 1.6261
14.240 1.6250
14.250 1.6238
14.260 1.6227
14.270 1.6216
14.280 1.6204
14.290 1.6193
14.300 1.6182
14.310 1.6171
14.320 1.6160
14.330 1.6148
14.340 1.6137
14.350 1.6126
14.360 1.6115
14.370 1.6104
14.380 1.6093
14.390 1.6081
14.400 1.6070
14.410 1.6059
14.420 1.6048
14.430 1.6037
14.440 1.6026
14.450 1.6015
14.460 1.6004
14.470 1.5993
14.480 1.5982
14.490 1.5971
14.500 1.5960
14.510 1.5949
14.520 1.5939
14.530 1.5928
14.540 1.5917
14.550 1.5906
14.560 1.5895
14.570 1.5884
14.580 1.5873
14.590 1.5863
14.600 1.5852
14.610 1.5841
14.620 1.5830
14.630 1.5820
14.640 1.5809
14.650 1.5798
14.660 1.5787
14.670 1.5777
14.680 1.5766
14.690 1.5755
14.700 1.5745
14.710 1.5734
14.720 1.5724
14.730 1.5713
14.740 1.5702
14.750 1.5692
14.760 1.5681
14.770 1.5671
14.780 1.5660
14.790 1.5650
14.800 1.5639
14.810 1.5629
14.820 1.5618
14.830 1.5608
14.840 1.5597
14.850 1.5587
14.860 1.5576
14.870 1.5566
14.880 1.5556
14.890 1.5545
14.900 1.5535
14.910 1.5525
14.920 1.5514
14.930 1.5504
14.940 1.5494
14.950 1.5483
14.960 1.5473
14.970 1.5463
14.980 1.5453
14.990 1.5442
15.000 1.5432
15.100 1.5331
15.110 1.5321
15.120 1.5311
15.130 1.5301
15.140 1.5291
15.150 1.5281
15.160 1.5271
15.170 1.5261
15.180 1.5251
15.190 1.5241
15.200 1.5231
15.210 1.5221
15.220 1.5211
15.230 1.5201
15.240 1.5191
15.250 1.5181
15.260 1.5171
15.270 1.5161
15.280 1.5151
15.290 1.5142
15.300 1.5132
15.310 1.5122
15.320 1.5112
15.330 1.5102
15.340 1.5093
15.350 1.5083
15.360 1.5073
15.370 1.5063
15.380 1.5054
15.390 1.5044
15.400 1.5034
15.410 1.5025
15.420 1.5015
15.430 1.5005
15.440 1.4996
15.450 1.4986
15.460 1.4976
15.470 1.4967
15.480 1.4957
15.490 1.4948
15.500 1.4938
15.510 1.4929
15.520 1.4919
15.530 1.4909
15.540 1.4900
15.550 1.4890
15.560 1.4881
15.570 1.4871
15.580 1.4862
15.590 1.4853
15.600 1.4843
15.610 1.4834
15.620 1.4824
15.630 1.4815
15.640 1.4805
15.650 1.4796
15.660 1.4787
15.670 1.4777
15.680 1.4768
15.690 1.4759
15.700 1.4749
15.710 1.4740
15.720 1.4731
15.730 1.4721
15.740 1.4712
15.750 1.4703
15.760 1.4694
15.770 1.4684
15.780 1.4675
15.790 1.4666
15.800 1.4657
15.810 1.4647
15.820 1.4638
15.830 1.4629
15.840 1.4620
15.850 1.4611
15.860 1.4602
15.870 1.4592
15.880 1.4583
15.890 1.4574
15.900 1.4565
15.910 1.4556
15.920 1.4547
15.930 1.4538
15.940 1.4529
15.950 1.4520
15.960 1.4511
15.970 1.4502
15.980 1.4493
15.990 1.4484
16.000 1.4475
16.010 1.4466
16.020 1.4457
16.030 1.4448
16.040 1.4439
16.050 1.4430
16.060 1.4421
16.070 1.4412
16.080 1.4403
16.090 1.4395
16.100 1.4386
16.110 1.4377
16.120 1.4368
16.130 1.4359
16.140 1.4350
16.150 1.4341
16.160 1.4333
16.170 1.4324
16.180 1.4315
16.190 1.4306
16.200 1.4298
16.210 1.4289
16.220 1.4280
16.230 1.4271
16.240 1.4263
16.250 1.4254
16.260 1.4245
16.270 1.4237
16.280 1.4228
16.290 1.4219
16.300 1.4211
16.310 1.4202
16.320 1.4193
16.330 1.4185
16.340 1.4176
16.350 1.4167
16.360 1.4159
16.370 1.4150
16.380 1.4142
16.390 1.4133
16.400 1.4125
16.410 1.4116
16.420 1.4108
16.430 1.4099
16.440 1.4091
16.450 1.4082
16.460 1.4074
16.470 1.4065
16.480 1.4057
16.490 1.4048
16.500 1.4040
16.510 1.4031
16.520 1.4023
16.530 1.4014
16.540 1.4006
16.550 1.3998
16.560 1.3989
16.570 1.3981
16.580 1.3973
16.590 1.3964
16.600 1.3956
16.610 1.3948
16.620 1.3939
16.630 1.3931
16.640 1.3923
16.650 1.3914
16.660 1.3906
16.670 1.3898
16.680 1.3889
16.690 1.3881
16.700 1.3873
16.710 1.3865
16.720 1.3857
16.730 1.3848
16.740 1.3840
16.750 1.3832
16.760 1.3824
16.770 1.3816
16.780 1.3807
16.790 1.3799
16.800 1.3791
16.810 1.3783
16.820 1.3775
16.830 1.3767
16.840 1.3759
16.850 1.3750
16.860 1.3742
16.870 1.3734
16.880 1.3726
16.890 1.3718
16.900 1.3710
16.910 1.3702
16.920 1.3694
16.930 1.3686
16.940 1.3678
16.950 1.3670
16.960 1.3662
16.970 1.3654
16.980 1.3646
16.990 1.3638
17.000 1.3630
17.010 1.3622
17.020 1.3614
17.030 1.3606
17.040 1.3598
17.050 1.3591
17.060 1.3583
17.070 1.3575
17.080 1.3567
17.090 1.3559
17.100 1.3551
17.110 1.3543
17.120 1.3535
17.130 1.3528
17.140 1.3520
17.150 1.3512
17.160 1.3504
17.170 1.3496
17.180 1.3489
17.190 1.3481
17.200 1.3473
17.210 1.3465
17.220 1.3458
17.230 1.3450
17.240 1.3442
17.250 1.3434
17.260 1.3427
17.270 1.3419
17.280 1.3411
17.290 1.3403
17.300 1.3396
17.310 1.3388
17.320 1.3380
17.330 1.3373
17.340 1.3365
17.350 1.3358
17.360 1.3350
17.370 1.3342
17.380 1.3335
17.390 1.3327
17.400 1.3319
17.410 1.3312
17.420 1.3304
17.430 1.3297
17.440 1.3289
17.450 1.3282
17.460 1.3274
17.470 1.3267
17.480 1.3259
17.490 1.3252
17.500 1.3244
17.510 1.3237
17.520 1.3229
17.530 1.3222
17.540 1.3214
17.550 1.3207
17.560 1.3199
17.570 1.3192
17.580 1.3184
17.590 1.3177
17.600 1.3169
17.610 1.3162
17.620 1.3155
17.630 1.3147
17.640 1.3140
17.650 1.3132
17.660 1.3125
17.670 1.3118
17.680 1.3110
17.690 1.3103
17.700 1.3096
17.710 1.3088
17.720 1.3081
17.730 1.3074
17.740 1.3066
17.750 1.3059
17.760 1.3052
17.770 1.3045
17.780 1.3037
17.790 1.3030
17.800 1.3023
17.810 1.3016
17.820 1.3008
17.830 1.3001
17.840 1.2994
17.850 1.2987
17.860 1.2979
17.870 1.2972
17.880 1.2965
17.890 1.2958
17.900 1.2951
17.910 1.2943
17.920 1.2936
17.930 1.2929
17.940 1.2922
17.950 1.2915
17.960 1.2908
17.970 1.2901
17.980 1.2894
17.990 1.2886
18.000 1.2879
18.010 1.2872
18.020 1.2865
18.030 1.2858
18.040 1.2851
18.050 1.2844
18.060 1.2837
18.070 1.2830
18.080 1.2823
18.090 1.2816
18.100 1.2809
18.110 1.2802
18.120 1.2795
18.130 1.2788
18.140 1.2781
18.150 1.2774
18.160 1.2767
18.170 1.2760
18.180 1.2753
18.190 1.2746
18.200 1.2739
18.210 1.2732
18.220 1.2725
18.230 1.2718
18.240 1.2711
18.250 1.2705
18.260 1.2698
18.270 1.2691
18.280 1.2684
18.290 1.2677
18.300 1.2670
18.310 1.2663
18.320 1.2656
18.330 1.2650
18.340 1.2643
18.350 1.2636
18.360 1.2629
18.370 1.2622
18.380 1.2615
18.390 1.2609
18.400 1.2602
18.410 1.2595
18.420 1.2588
18.430 1.2582
18.440 1.2575
18.450 1.2568
18.460 1.2561
18.470 1.2555
18.480 1.2548
18.490 1.2541
18.500 1.2534
18.510 1.2528
18.520 1.2521
18.530 1.2514
18.540 1.2508
18.550 1.2501
18.560 1.2494
18.570 1.2488
18.580 1.2481
18.590 1.2474
18.600 1.2468
18.610 1.2461
18.620 1.2454
18.630 1.2448
18.640 1.2441
18.650 1.2434
18.660 1.2428
18.670 1.2421
18.680 1.2415
18.690 1.2408
18.700 1.2402
18.710 1.2395
18.720 1.2388
18.730 1.2382
18.740 1.2375
18.750 1.2369
18.760 1.2362
18.770 1.2356
18.780 1.2349
18.790 1.2343
18.800 1.2336
18.810 1.2330
18.820 1.2323
18.830 1.2317
18.840 1.2310
18.850 1.2304
18.860 1.2297
18.870 1.2291
18.880 1.2284
18.890 1.2278
18.900 1.2272
18.910 1.2265
18.920 1.2259
18.930 1.2252
18.940 1.2246
18.950 1.2239
18.960 1.2233
18.970 1.2227
18.980 1.2220
18.990 1.2214
19.000 1.2208
19.010 1.2201
19.020 1.2195
19.030 1.2188
19.040 1.2182
19.050 1.2176
19.060 1.2169
19.070 1.2163
19.080 1.2157
19.090 1.2151
19.100 1.2144
19.110 1.2138
19.120 1.2132
19.130 1.2125
19.140 1.2119
19.150 1.2113
19.160 1.2107
19.170 1.2100
19.180 1.2094
19.190 1.2088
19.200 1.2082
19.210 1.2075
19.220 1.2069
19.230 1.2063
19.240 1.2057
19.250 1.2051
19.260 1.2044
19.270 1.2038
19.280 1.2032
19.290 1.2026
19.300 1.2020
19.310 1.2013
19.320 1.2007
19.330 1.2001
19.340 1.1995
19.350 1.1989
19.360 1.1983
19.370 1.1977
19.380 1.1970
19.390 1.1964
19.400 1.1958
19.410 1.1952
19.420 1.1946
19.430 1.1940
19.440 1.1934
19.450 1.1928
19.460 1.1922
19.470 1.1916
19.480 1.1910
19.490 1.1904
19.500 1.1898
19.510 1.1891
19.520 1.1885
19.530 1.1879
19.540 1.1873
19.550 1.1867
19.560 1.1861
19.570 1.1855
19.580 1.1849
19.590 1.1843
19.600 1.1837
19.610 1.1831
19.620 1.1825
19.630 1.1819
19.640 1.1814
19.650 1.1808
19.660 1.1802
19.670 1.1796
19.680 1.1790
19.690 1.1784
19.700 1.1778
19.710 1.1772
19.720 1.1766
19.730 1.1760
19.740 1.1754
19.750 1.1748
19.760 1.1742
19.770 1.1737
19.780 1.1731
19.790 1.1725
19.800 1.1719
19.810 1.1713
19.820 1.1707
19.830 1.1701
19.840 1.1696
19.850 1.1690
19.860 1.1684
19.870 1.1678
19.880 1.1672
19.890 1.1666
19.900 1.1661
19.910 1.1655
19.920 1.1649
19.930 1.1643
19.940 1.1638
19.950 1.1632
19.960 1.1626
19.970 1.1620
19.980 1.1614
19.990 1.1609
20.000 1.1603
20.100 1.1546
20.110 1.1540
20.120 1.1534
20.130 1.1529
20.140 1.1523
20.150 1.1517
20.160 1.1512
20.170 1.1506
20.180 1.1500
20.190 1.1495
20.200 1.1489
20.210 1.1484
20.220 1.1478
20.230 1.1472
20.240 1.1467
20.250 1.1461
20.260 1.1456
20.270 1.1450
20.280 1.1444
20.290 1.1439
20.300 1.1433
20.310 1.1428
20.320 1.1422
20.330 1.1416
20.340 1.1411
20.350 1.1405
20.360 1.1400
20.370 1.1394
20.380 1.1389
20.390 1.1383
20.400 1.1378
20.410 1.1372
20.420 1.1367
20.430 1.1361
20.440 1.1356
20.450 1.1350
20.460 1.1345
20.470 1.1339
20.480 1.1334
20.490 1.1328
20.500 1.1323
20.510 1.1317
20.520 1.1312
20.530 1.1306
20.540 1.1301
20.550 1.1295
20.560 1.1290
20.570 1.1285
20.580 1.1279
20.590 1.1274
20.600 1.1268
20.610 1.1263
20.620 1.1258
20.630 1.1252
20.640 1.1247
20.650 1.1241
20.660 1.1236
20.670 1.1231
20.680 1.1225
20.690 1.1220
20.700 1.1214
20.710 1.1209
20.720 1.1204
20.730 1.1198
20.740 1.1193
20.750 1.1188
20.760 1.1182
20.770 1.1177
20.780 1.1172
20.790 1.1166
20.800 1.1161
20.810 1.1156
20.820 1.1151
20.830 1.1145
20.840 1.1140
20.850 1.1135
20.860 1.1129
20.870 1.1124
20.880 1.1119
20.890 1.1114
20.900 1.1108
20.910 1.1103
20.920 1.1098
20.930 1.1093
20.940 1.1087
20.950 1.1082
20.960 1.1077
20.970 1.1072
20.980 1.1066
20.990 1.1061
21.000 1.1056
21.010 1.1051
21.020 1.1046
21.030 1.1040
21.040 1.1035
21.050 1.1030
21.060 1.1025
21.070 1.1020
21.080 1.1014
21.090 1.1009
21.100 1.1004
21.110 1.0999
21.120 1.0994
21.130 1.0989
21.140 1.0983
21.150 1.0978
21.160 1.0973
21.170 1.0968
21.180 1.0963
21.190 1.0958
21.200 1.0953
21.210 1.0948
21.220 1.0942
21.230 1.0937
21.240 1.0932
21.250 1.0927
21.260 1.0922
21.270 1.0917
21.280 1.0912
21.290 1.0907
21.300 1.0902
21.310 1.0897
21.320 1.0892
21.330 1.0887
21.340 1.0882
21.350 1.0877
21.360 1.0872
21.370 1.0866
21.380 1.0861
21.390 1.0856
21.400 1.0851
21.410 1.0846
21.420 1.0841
21.430 1.0836
21.440 1.0831
21.450 1.0826
21.460 1.0821
21.470 1.0816
21.480 1.0811
21.490 1.0806
21.500 1.0801
21.510 1.0797
21.520 1.0792
21.530 1.0787
21.540 1.0782
21.550 1.0777
21.560 1.0772
21.570 1.0767
21.580 1.0762
21.590 1.0757
21.600 1.0752
21.610 1.0747
21.620 1.0742
21.630 1.0737
21.640 1.0732
21.650 1.0727
21.660 1.0723
21.670 1.0718
21.680 1.0713
21.690 1.0708
21.700 1.0703
21.710 1.0698
21.720 1.0693
21.730 1.0688
21.740 1.0684
21.750 1.0679
21.760 1.0674
21.770 1.0669
21.780 1.0664
21.790 1.0659
21.800 1.0654
21.810 1.0650
21.820 1.0645
21.830 1.0640
21.840 1.0635
21.850 1.0630
21.860 1.0626
21.870 1.0621
21.880 1.0616
21.890 1.0611
21.900 1.0606
21.910 1.0602
21.920 1.0597
21.930 1.0592
21.940 1.0587
21.950 1.0582
21.960 1.0578
21.970 1.0573
21.980 1.0568
21.990 1.0563
22.000 1.0559
22.010 1.0554
22.020 1.0549
22.030 1.0544
22.040 1.0540
22.050 1.0535
22.060 1.0530
22.070 1.0525
22.080 1.0521
22.090 1.0516
22.100 1.0511
22.110 1.0507
22.120 1.0502
22.130 1.0497
22.140 1.0493
22.150 1.0488
22.160 1.0483
22.170 1.0479
22.180 1.0474
22.190 1.0469
22.200 1.0465
22.210 1.0460
22.220 1.0455
22.230 1.0451
22.240 1.0446
22.250 1.0441
22.260 1.0437
22.270 1.0432
22.280 1.0427
22.290 1.0423
22.300 1.0418
22.310 1.0414
22.320 1.0409
22.330 1.0404
22.340 1.0400
22.350 1.0395
22.360 1.0390
22.370 1.0386
22.380 1.0381
22.390 1.0377
22.400 1.0372
22.410 1.0368
22.420 1.0363
22.430 1.0358
22.440 1.0354
22.450 1.0349
22.460 1.0345
22.470 1.0340
22.480 1.0336
22.490 1.0331
22.500 1.0327
22.510 1.0322
22.520 1.0317
22.530 1.0313
22.540 1.0308
22.550 1.0304
22.560 1.0299
22.570 1.0295
22.580 1.0290
22.590 1.0286
22.600 1.0281
22.610 1.0277
22.620 1.0272
22.630 1.0268
22.640 1.0263
22.650 1.0259
22.660 1.0254
22.670 1.0250
22.680 1.0246
22.690 1.0241
22.700 1.0237
22.710 1.0232
22.720 1.0228
22.730 1.0223
22.740 1.0219
22.750 1.0214
22.760 1.0210
22.770 1.0205
22.780 1.0201
22.790 1.0197
22.800 1.0192
22.810 1.0188
22.820 1.0183
22.830 1.0179
22.840 1.0175
22.850 1.0170
22.860 1.0166
22.870 1.0161
22.880 1.0157
22.890 1.0153
22.900 1.0148
22.910 1.0144
22.920 1.0139
22.930 1.0135
22.940 1.0131
22.950 1.0126
22.960 1.0122
22.970 1.0118
22.980 1.0113
22.990 1.0109
23.000 1.0105
23.010 1.0100
23.020 1.0096
23.030 1.0092
23.040 1.0087
23.050 1.0083
23.060 1.0079
23.070 1.0074
23.080 1.0070
23.090 1.0066
23.100 1.0061
23.110 1.0057
23.120 1.0053
23.130 1.0048
23.140 1.0044
23.150 1.0040
23.160 1.0036
23.170 1.0031
23.180 1.0027
23.190 1.0023
23.200 1.0018
23.210 1.0014
23.220 1.0010
23.230 1.0006
23.240 1.0001
23.250 0.99972
23.260 0.99929
23.270 0.99887
23.280 0.99844
23.290 0.99802
23.300 0.99759
23.310 0.99717
23.320 0.99675
23.330 0.99633
23.340 0.99590
23.350 0.99548
23.360 0.99506
23.370 0.99464
23.380 0.99422
23.390 0.99380
23.400 0.99338
23.410 0.99296
23.420 0.99254
23.430 0.99212
23.440 0.99171
23.450 0.99129
23.460 0.99087
23.470 0.99045
23.480 0.99004
23.490 0.98962
23.500 0.98920
23.510 0.98879
23.520 0.98837
23.530 0.98796
23.540 0.98754
23.550 0.98713
23.560 0.98671
23.570 0.98630
23.580 0.98589
23.590 0.98547
23.600 0.98506
23.610 0.98465
23.620 0.98424
23.630 0.98382
23.640 0.98341
23.650 0.98300
23.660 0.98259
23.670 0.98218
23.680 0.98177
23.690 0.98136
23.700 0.98095
23.710 0.98054
23.720 0.98013
23.730 0.97973
23.740 0.97932
23.750 0.97891
23.760 0.97850
23.770 0.97810
23.780 0.97769
23.790 0.97728
23.800 0.97688
23.810 0.97647
23.820 0.97607
23.830 0.97566
23.840 0.97526
23.850 0.97486
23.860 0.97445
23.870 0.97405
23.880 0.97365
23.890 0.97324
23.900 0.97284
23.910 0.97244
23.920 0.97204
23.930 0.97163
23.940 0.97123
23.950 0.97083
23.960 0.97043
23.970 0.97003
23.980 0.96963
23.990 0.96923
24.000 0.96883
24.010 0.96844
24.020 0.96804
24.030 0.96764
24.040 0.96724
24.050 0.96684
24.060 0.96645
24.070 0.96605
24.080 0.96565
24.090 0.96526
24.100 0.96486
24.110 0.96447
24.120 0.96407
24.130 0.96368
24.140 0.96328
24.150 0.96289
24.160 0.96249
24.170 0.96210
24.180 0.96171
24.190 0.96132
24.200 0.96092
24.210 0.96053
24.220 0.96014
24.230 0.95975
24.240 0.95936
24.250 0.95897
24.260 0.95858
24.270 0.95818
24.280 0.95779
24.290 0.95741
24.300 0.95702
24.310 0.95663
24.320 0.95624
24.330 0.95585
24.340 0.95546
24.350 0.95507
24.360 0.95469
24.370 0.95430
24.380 0.95391
24.390 0.95353
24.400 0.95314
24.410 0.95276
24.420 0.95237
24.430 0.95198
24.440 0.95160
24.450 0.95122
24.460 0.95083
24.470 0.95045
24.480 0.95006
24.490 0.94968
24.500 0.94930
24.510 0.94892
24.520 0.94853
24.530 0.94815
24.540 0.94777
24.550 0.94739
24.560 0.94701
24.570 0.94663
24.580 0.94625
24.590 0.94587
24.600 0.94549
24.610 0.94511
24.620 0.94473
24.630 0.94435
24.640 0.94397
24.650 0.94359
24.660 0.94321
24.670 0.94284
24.680 0.94246
24.690 0.94208
24.700 0.94170
24.710 0.94133
24.720 0.94095
24.730 0.94058
24.740 0.94020
24.750 0.93983
24.760 0.93945
24.770 0.93908
24.780 0.93870
24.790 0.93833
24.800 0.93795
24.810 0.93758
24.820 0.93721
24.830 0.93683
24.840 0.93646
24.850 0.93609
24.860 0.93572
24.870 0.93535
24.880 0.93498
24.890 0.93460
24.900 0.93423
24.910 0.93386
24.920 0.93349
24.930 0.93312
24.940 0.93275
24.950 0.93238
24.960 0.93202
24.970 0.93165
24.980 0.93128
24.990 0.93091
25.000 0.93054
25.100 0.92688
25.110 0.92652
25.120 0.92615
25.130 0.92579
25.140 0.92543
25.150 0.92506
25.160 0.92470
25.170 0.92434
25.180 0.92397
25.190 0.92361
25.200 0.92325
25.210 0.92289
25.220 0.92253
25.230 0.92217
25.240 0.92180
25.250 0.92144
25.260 0.92108
25.270 0.92072
25.280 0.92036
25.290 0.92000
25.300 0.91965
25.310 0.91929
25.320 0.91893
25.330 0.91857
25.340 0.91821
25.350 0.91785
25.360 0.91750
25.370 0.91714
25.380 0.91678
25.390 0.91643
25.400 0.91607
25.410 0.91571
25.420 0.91536
25.430 0.91500
25.440 0.91465
25.450 0.91429
25.460 0.91394
25.470 0.91358
25.480 0.91323
25.490 0.91288
25.500 0.91252
25.510 0.91217
25.520 0.91182
25.530 0.91146
25.540 0.91111
25.550 0.91076
25.560 0.91041
25.570 0.91006
25.580 0.90971
25.590 0.90935
25.600 0.90900
25.610 0.90865
25.620 0.90830
25.630 0.90795
25.640 0.90760
25.650 0.90725
25.660 0.90691
25.670 0.90656
25.680 0.90621
25.690 0.90586
25.700 0.90551
25.710 0.90516
25.720 0.90482
25.730 0.90447
25.740 0.90412
25.750 0.90378
25.760 0.90343
25.770 0.90308
25.780 0.90274
25.790 0.90239
25.800 0.90205
25.810 0.90170
25.820 0.90136
25.830 0.90101
25.840 0.90067
25.850 0.90032
25.860 0.89998
25.870 0.89964
25.880 0.89929
25.890 0.89895
25.900 0.89861
25.910 0.89827
25.920 0.89792
25.930 0.89758
25.940 0.89724
25.950 0.89690
25.960 0.89656
25.970 0.89622
25.980 0.89588
25.990 0.89554
26.000 0.89520
26.010 0.89486
26.020 0.89452
26.030 0.89418
26.040 0.89384
26.050 0.89350
26.060 0.89316
26.070 0.89282
26.080 0.89249
26.090 0.89215
26.100 0.89181
26.110 0.89147
26.120 0.89114
26.130 0.89080
26.140 0.89046
26.150 0.89013
26.160 0.88979
26.170 0.88946
26.180 0.88912
26.190 0.88879
26.200 0.88845
26.210 0.88812
26.220 0.88778
26.230 0.88745
26.240 0.88711
26.250 0.88678
26.260 0.88645
26.270 0.88611
26.280 0.88578
26.290 0.88545
26.300 0.88512
26.310 0.88478
26.320 0.88445
26.330 0.88412
26.340 0.88379
26.350 0.88346
26.360 0.88313
26.370 0.88280
26.380 0.88247
26.390 0.88214
26.400 0.88181
26.410 0.88148
26.420 0.88115
26.430 0.88082
26.440 0.88049
26.450 0.88016
26.460 0.87983
26.470 0.87951
26.480 0.87918
26.490 0.87885
26.500 0.87852
26.510 0.87820
26.520 0.87787
26.530 0.87754
26.540 0.87722
26.550 0.87689
26.560 0.87657
26.570 0.87624
26.580 0.87591
26.590 0.87559
26.600 0.87526
26.610 0.87494
26.620 0.87462
26.630 0.87429
26.640 0.87397
26.650 0.87364
26.660 0.87332
26.670 0.87300
26.680 0.87267
26.690 0.87235
26.700 0.87203
26.710 0.87171
26.720 0.87139
26.730 0.87106
26.740 0.87074
26.750 0.87042
26.760 0.87010
26.770 0.86978
26.780 0.86946
26.790 0.86914
26.800 0.86882
26.810 0.86850
26.820 0.86818
26.830 0.86786
26.840 0.86754
26.850 0.86722
26.860 0.86690
26.870 0.86659
26.880 0.86627
26.890 0.86595
26.900 0.86563
26.910 0.86531
26.920 0.86500
26.930 0.86468
26.940 0.86436
26.950 0.86405
26.960 0.86373
26.970 0.86342
26.980 0.86310
26.990 0.86278
27.000 0.86247
27.010 0.86215
27.020 0.86184
27.030 0.86152
27.040 0.86121
27.050 0.86090
27.060 0.86058
27.070 0.86027
27.080 0.85995
27.090 0.85964
27.100 0.85933
27.110 0.85902
27.120 0.85870
27.130 0.85839
27.140 0.85808
27.150 0.85777
27.160 0.85746
27.170 0.85714
27.180 0.85683
27.190 0.85652
27.200 0.85621
27.210 0.85590
27.220 0.85559
27.230 0.85528
27.240 0.85497
27.250 0.85466
27.260 0.85435
27.270 0.85404
27.280 0.85373
27.290 0.85343
27.300 0.85312
27.310 0.85281
27.320 0.85250
27.330 0.85219
27.340 0.85189
27.350 0.85158
27.360 0.85127
27.370 0.85097
27.380 0.85066
27.390 0.85035
27.400 0.85005
27.410 0.84974
27.420 0.84943
27.430 0.84913
27.440 0.84882
27.450 0.84852
27.460 0.84821
27.470 0.84791
27.480 0.84761
27.490 0.84730
27.500 0.84700
27.510 0.84669
27.520 0.84639
27.530 0.84609
27.540 0.84578
27.550 0.84548
27.560 0.84518
27.570 0.84488
27.580 0.84457
27.590 0.84427
27.600 0.84397
27.610 0.84367
27.620 0.84337
27.630 0.84307
27.640 0.84277
27.650 0.84246
27.660 0.84216
27.670 0.84186
27.680 0.84156
27.690 0.84126
27.700 0.84097
27.710 0.84067
27.720 0.84037
27.730 0.84007
27.740 0.83977
27.750 0.83947
27.760 0.83917
27.770 0.83887
27.780 0.83858
27.790 0.83828
27.800 0.83798
27.810 0.83768
27.820 0.83739
27.830 0.83709
27.840 0.83679
27.850 0.83650
27.860 0.83620
27.870 0.83591
27.880 0.83561
27.890 0.83531
27.900 0.83502
27.910 0.83472
27.920 0.83443
27.930 0.83413
27.940 0.83384
27.950 0.83355
27.960 0.83325
27.970 0.83296
27.980 0.83266
27.990 0.83237
28.000 0.83208
28.010 0.83179
28.020 0.83149
28.030 0.83120
28.040 0.83091
28.050 0.83062
28.060 0.83032
28.070 0.83003
28.080 0.82974
28.090 0.82945
28.100 0.82916
28.110 0.82887
28.120 0.82858
28.130 0.82829
28.140 0.82800
28.150 0.82771
28.160 0.82742
28.170 0.82713
28.180 0.82684
28.190 0.82655
28.200 0.82626
28.210 0.82597
28.220 0.82568
28.230 0.82539
28.240 0.82511
28.250 0.82482
28.260 0.82453
28.270 0.82424
28.280 0.82395
28.290 0.82367
28.300 0.82338
28.310 0.82309
28.320 0.82281
28.330 0.82252
28.340 0.82223
28.350 0.82195
28.360 0.82166
28.370 0.82138
28.380 0.82109
28.390 0.82081
28.400 0.82052
28.410 0.82024
28.420 0.81995
28.430 0.81967
28.440 0.81938
28.450 0.81910
28.460 0.81882
28.470 0.81853
28.480 0.81825
28.490 0.81797
28.500 0.81768
28.510 0.81740
28.520 0.81712
28.530 0.81684
28.540 0.81655
28.550 0.81627
28.560 0.81599
28.570 0.81571
28.580 0.81543
28.590 0.81515
28.600 0.81486
28.610 0.81458
28.620 0.81430
28.630 0.81402
28.640 0.81374
28.650 0.81346
28.660 0.81318
28.670 0.81290
28.680 0.81262
28.690 0.81234
28.700 0.81207
28.710 0.81179
28.720 0.81151
28.730 0.81123
28.740 0.81095
28.750 0.81067
28.760 0.81040
28.770 0.81012
28.780 0.80984
28.790 0.80956
28.800 0.80929
28.810 0.80901
28.820 0.80873
28.830 0.80846
28.840 0.80818
28.850 0.80790
28.860 0.80763
28.870 0.80735
28.880 0.80708
28.890 0.80680
28.900 0.80653
28.910 0.80625
28.920 0.80598
28.930 0.80570
28.940 0.80543
28.950 0.80515
28.960 0.80488
28.970 0.80460
28.980 0.80433
28.990 0.80406
29.000 0.80378
29.010 0.80351
29.020 0.80324
29.030 0.80297
29.040 0.80269
29.050 0.80242
29.060 0.80215
29.070 0.80188
29.080 0.80160
29.090 0.80133
29.100 0.80106
29.110 0.80079
29.120 0.80052
29.130 0.80025
29.140 0.79998
29.150 0.79971
29.160 0.79944
29.170 0.79917
29.180 0.79890
29.190 0.79863
29.200 0.79836
29.210 0.79809
29.220 0.79782
29.230 0.79755
29.240 0.79728
29.250 0.79701
29.260 0.79674
29.270 0.79648
29.280 0.79621
29.290 0.79594
29.300 0.79567
29.310 0.79540
29.320 0.79514
29.330 0.79487
29.340 0.79460
29.350 0.79434
29.360 0.79407
29.370 0.79380
29.380 0.79354
29.390 0.79327
29.400 0.79301
29.410 0.79274
29.420 0.79247
29.430 0.79221
29.440 0.79194
29.450 0.79168
29.460 0.79141
29.470 0.79115
29.480 0.79088
29.490 0.79062
29.500 0.79036
29.510 0.79009
29.520 0.78983
29.530 0.78957
29.540 0.78930
29.550 0.78904
29.560 0.78878
29.570 0.78851
29.580 0.78825
29.590 0.78799
29.600 0.78773
29.610 0.78746
29.620 0.78720
29.630 0.78694
29.640 0.78668
29.650 0.78642
29.660 0.78616
29.670 0.78589
29.680 0.78563
29.690 0.78537
29.700 0.78511
29.710 0.78485
29.720 0.78459
29.730 0.78433
29.740 0.78407
29.750 0.78381
29.760 0.78355
29.770 0.78329
29.780 0.78303
29.790 0.78277
29.800 0.78252
29.810 0.78226
29.820 0.78200
29.830 0.78174
29.840 0.78148
29.850 0.78122
29.860 0.78097
29.870 0.78071
29.880 0.78045
29.890 0.78019
29.900 0.77994
29.910 0.77968
29.920 0.77942
29.930 0.77917
29.940 0.77891
29.950 0.77865
29.960 0.77840
29.970 0.77814
29.980 0.77789
29.990 0.77763
30.000 0.77738
