100,5,1.00905,0.991603,0.999058,4.95717,4.98095,5.32297857101
140,5,1.01576,0.997946,1.00265,4.98928,5.08341,5.36627448917
180,5,1.01689,1.00009,1.00336,5.00021,5.10347,5.4183224828
20,5,0.0547079,0.0681971,0.0855347,0.843127,0.256027,0.876468540934
220,5,1.01418,1.00095,1.0034,5.00459,5.103,5.41657008776
260,5,1.01527,1.00131,1.00319,5.00646,5.09696,5.38393367471
300,5,1.01508,1.00146,1.00296,5.00723,5.08964,5.39479708178
340,5,1.01512,1.0015,1.00272,5.00747,5.08243,5.45016884399
380,5,1.01434,1.00149,1.00252,5.00745,5.07582,5.36104946426
420,5,1.01598,1.00146,1.00232,5.0073,5.06992,5.40277599823
60,5,0.985443,0.963793,0,4.82023,0,5.28315677116
