0.10000 139.44
0.11000 126.76
0.12000 116.19
0.13000 107.25
0.14000 99.587
0.15000 92.945
0.16000 87.132
0.17000 82.004
0.18000 77.445
0.19000 73.366
0.20000 69.695
0.21000 66.374
0.22000 63.354
0.23000 60.597
0.24000 58.070
0.25000 55.745
0.26000 53.599
0.27000 51.612
0.28000 49.767
0.29000 48.049
0.30000 46.445
0.31000 44.945
0.32000 43.539
0.33000 42.218
0.34000 40.975
0.35000 39.802
0.36000 38.695
0.37000 37.648
0.38000 36.656
0.39000 35.715
0.40000 34.820
0.41000 33.970
0.42000 33.160
0.43000 32.387
0.44000 31.650
0.45000 30.945
0.46000 30.272
0.47000 29.626
0.48000 29.008
0.49000 28.415
0.50000 27.845
0.51000 27.298
0.52000 26.772
0.53000 26.266
0.54000 25.779
0.55000 25.309
0.56000 24.856
0.57000 24.419
0.58000 23.997
0.59000 23.590
0.60000 23.195
0.61000 22.814
0.62000 22.446
0.63000 22.088
0.64000 21.742
0.65000 21.407
0.66000 21.082
0.67000 20.766
0.68000 20.460
0.69000 20.163
0.70000 19.874
0.71000 19.593
0.72000 19.321
0.73000 19.055
0.74000 18.797
0.75000 18.546
0.76000 18.301
0.77000 18.062
0.78000 17.830
0.79000 17.604
0.80000 17.383
0.81000 17.168
0.82000 16.958
0.83000 16.753
0.84000 16.553
0.85000 16.357
0.86000 16.166
0.87000 15.980
0.88000 15.798
0.89000 15.620
0.90000 15.446
0.91000 15.275
0.92000 15.109
0.93000 14.946
0.94000 14.786
0.95000 14.630
0.96000 14.477
0.97000 14.327
0.98000 14.180
0.99000 14.036
1.0000 13.896
1.0100 13.757
1.0200 13.622
1.0300 13.489
1.0400 13.359
1.0500 13.231
1.0600 13.106
1.0700 12.983
1.0800 12.862
1.0900 12.744
1.1000 12.627
1.1100 12.513
1.1200 12.401
1.1300 12.291
1.1400 12.182
1.1500 12.076
1.1600 11.971
1.1700 11.869
1.1800 11.768
1.1900 11.668
1.2000 11.571
1.2100 11.475
1.2200 11.380
1.2300 11.287
1.2400 11.196
1.2500 11.106
1.2600 11.017
1.2700 10.930
1.2800 10.844
1.2900 10.760
1.3000 10.676
1.3100 10.594
1.3200 10.514
1.3300 10.434
1.3400 10.356
1.3500 10.279
1.3600 10.203
1.3700 10.128
1.3800 10.054
1.3900 9.9816
1.4000 9.9099
1.4100 9.8392
1.4200 9.7696
1.4300 9.7009
1.4400 9.6331
1.4500 9.5663
1.4600 9.5004
1.4700 9.4354
1.4800 9.3713
1.4900 9.3080
1.5000 9.2456
1.5100 9.1840
1.5200 9.1233
1.5300 9.0633
1.5400 9.0041
1.5500 8.9456
1.5600 8.8879
1.5700 8.8310
1.5800 8.7747
1.5900 8.7192
1.6000 8.6644
1.6100 8.6102
1.6200 8.5567
1.6300 8.5039
1.6400 8.4517
1.6500 8.4002
1.6600 8.3492
1.6700 8.2989
1.6800 8.2492
1.6900 8.2001
1.7000 8.1515
1.7100 8.1035
1.7200 8.0561
1.7300 8.0092
1.7400 7.9629
1.7500 7.9171
1.7600 7.8718
1.7700 7.8270
1.7800 7.7827
1.7900 7.7389
1.8000 7.6956
1.8100 7.6528
1.8200 7.6105
1.8300 7.5686
1.8400 7.5271
1.8500 7.4862
1.8600 7.4456
1.8700 7.4055
1.8800 7.3658
1.8900 7.3266
1.9000 7.2877
1.9100 7.2493
1.9200 7.2113
1.9300 7.1736
1.9400 7.1363
1.9500 7.0995
1.9600 7.0630
1.9700 7.0268
1.9800 6.9911
1.9900 6.9557
2.0000 6.9206
2.0100 6.8859
2.0200 6.8516
2.0300 6.8175
2.0400 6.7839
2.0500 6.7505
2.0600 6.7175
2.0700 6.6848
2.0800 6.6524
2.0900 6.6203
2.1000 6.5885
2.1100 6.5570
2.1200 6.5258
2.1300 6.4949
2.1400 6.4643
2.1500 6.4340
2.1600 6.4040
2.1700 6.3742
2.1800 6.3447
2.1900 6.3155
2.2000 6.2865
2.2100 6.2578
2.2200 6.2294
2.2300 6.2012
2.2400 6.1733
2.2500 6.1456
2.2600 6.1182
2.2700 6.0910
2.2800 6.0640
2.2900 6.0373
2.3000 6.0108
2.3100 5.9846
2.3200 5.9586
2.3300 5.9327
2.3400 5.9072
2.3500 5.8818
2.3600 5.8566
2.3700 5.8317
2.3800 5.8070
2.3900 5.7824
2.4000 5.7581
2.4100 5.7340
2.4200 5.7101
2.4300 5.6864
2.4400 5.6628
2.4500 5.6395
2.4600 5.6164
2.4700 5.5934
2.4800 5.5706
2.4900 5.5480
2.5000 5.5256
2.5100 5.5034
2.5200 5.4813
2.5300 5.4595
2.5400 5.4377
2.5500 5.4162
2.5600 5.3948
2.5700 5.3736
2.5800 5.3526
2.5900 5.3317
2.6000 5.3110
2.6100 5.2904
2.6200 5.2700
2.6300 5.2498
2.6400 5.2297
2.6500 5.2098
2.6600 5.1900
2.6700 5.1703
2.6800 5.1508
2.6900 5.1315
2.7000 5.1123
2.7100 5.0932
2.7200 5.0743
2.7300 5.0555
2.7400 5.0369
2.7500 5.0183
2.7600 5.0000
2.7700 4.9817
2.7800 4.9636
2.7900 4.9456
2.8000 4.9278
2.8100 4.9100
2.8200 4.8924
2.8300 4.8749
2.8400 4.8576
2.8500 4.8404
2.8600 4.8232
2.8700 4.8062
2.8800 4.7894
2.8900 4.7726
2.9000 4.7560
2.9100 4.7394
2.9200 4.7230
2.9300 4.7067
2.9400 4.6905
2.9500 4.6744
2.9600 4.6585
2.9700 4.6426
2.9800 4.6268
2.9900 4.6112
3.0000 4.5956
3.0100 4.5802
3.0200 4.5648
3.0300 4.5496
3.0400 4.5344
3.0500 4.5194
3.0600 4.5044
3.0700 4.4896
3.0800 4.4748
3.0900 4.4602
3.1000 4.4456
3.1100 4.4311
3.1200 4.4168
3.1300 4.4025
3.1400 4.3883
3.1500 4.3742
3.1600 4.3602
3.1700 4.3462
3.1800 4.3324
3.1900 4.3186
3.2000 4.3050
3.2100 4.2914
3.2200 4.2779
3.2300 4.2645
3.2400 4.2512
3.2500 4.2379
3.2600 4.2247
3.2700 4.2117
3.2800 4.1987
3.2900 4.1857
3.3000 4.1729
3.3100 4.1601
3.3200 4.1474
3.3300 4.1348
3.3400 4.1222
3.3500 4.1098
3.3600 4.0974
3.3700 4.0851
3.3800 4.0728
3.3900 4.0606
3.4000 4.0485
3.4100 4.0365
3.4200 4.0245
3.4300 4.0127
3.4400 4.0008
3.4500 3.9891
3.4600 3.9774
3.4700 3.9658
3.4800 3.9542
3.4900 3.9427
3.5000 3.9313
3.5100 3.9200
3.5200 3.9087
3.5300 3.8974
3.5400 3.8863
3.5500 3.8752
3.5600 3.8641
3.5700 3.8532
3.5800 3.8422
3.5900 3.8314
3.6000 3.8206
3.6100 3.8099
3.6200 3.7992
3.6300 3.7886
3.6400 3.7780
3.6500 3.7675
3.6600 3.7571
3.6700 3.7467
3.6800 3.7364
3.6900 3.7261
3.7000 3.7159
3.7100 3.7057
3.7200 3.6956
3.7300 3.6855
3.7400 3.6755
3.7500 3.6656
3.7600 3.6557
3.7700 3.6459
3.7800 3.6361
3.7900 3.6263
3.8000 3.6166
3.8100 3.6070
3.8200 3.5974
3.8300 3.5879
3.8400 3.5784
3.8500 3.5690
3.8600 3.5596
3.8700 3.5502
3.8800 3.5409
3.8900 3.5317
3.9000 3.5225
3.9100 3.5134
3.9200 3.5043
3.9300 3.4952
3.9400 3.4862
3.9500 3.4772
3.9600 3.4683
3.9700 3.4594
3.9800 3.4506
3.9900 3.4418
4.0000 3.4331
4.0100 3.4244
4.0200 3.4157
4.0300 3.4071
4.0400 3.3986
4.0500 3.3900
4.0600 3.3815
4.0700 3.3731
4.0800 3.3647
4.0900 3.3563
4.1000 3.3480
4.1100 3.3397
4.1200 3.3315
4.1300 3.3233
4.1400 3.3151
4.1500 3.3070
4.1600 3.2989
4.1700 3.2909
4.1800 3.2829
4.1900 3.2749
4.2000 3.2670
4.2100 3.2591
4.2200 3.2513
4.2300 3.2434
4.2400 3.2357
4.2500 3.2279
4.2600 3.2202
4.2700 3.2126
4.2800 3.2049
4.2900 3.1973
4.3000 3.1898
4.3100 3.1822
4.3200 3.1747
4.3300 3.1673
4.3400 3.1599
4.3500 3.1525
4.3600 3.1451
4.3700 3.1378
4.3800 3.1305
4.3900 3.1232
4.4000 3.1160
4.4100 3.1088
4.4200 3.1017
4.4300 3.0946
4.4400 3.0875
4.4500 3.0804
4.4600 3.0734
4.4700 3.0664
4.4800 3.0594
4.4900 3.0525
4.5000 3.0456
4.5100 3.0387
4.5200 3.0318
4.5300 3.0250
4.5400 3.0182
4.5500 3.0115
4.5600 3.0048
4.5700 2.9981
4.5800 2.9914
4.5900 2.9848
4.6000 2.9782
4.6100 2.9716
4.6200 2.9650
4.6300 2.9585
4.6400 2.9520
4.6500 2.9456
4.6600 2.9391
4.6700 2.9327
4.6800 2.9263
4.6900 2.9200
4.7000 2.9136
4.7100 2.9073
4.7200 2.9011
4.7300 2.8948
4.7400 2.8886
4.7500 2.8824
4.7600 2.8762
4.7700 2.8701
4.7800 2.8640
4.7900 2.8579
4.8000 2.8518
4.8100 2.8458
4.8200 2.8397
4.8300 2.8338
4.8400 2.8278
4.8500 2.8218
4.8600 2.8159
4.8700 2.8100
4.8800 2.8042
4.8900 2.7983
4.9000 2.7925
4.9100 2.7867
4.9200 2.7809
4.9300 2.7752
4.9400 2.7694
4.9500 2.7637
4.9600 2.7580
4.9700 2.7524
4.9800 2.7468
4.9900 2.7411
5.0000 2.7355
5.1000 2.6808
5.1100 2.6755
5.1200 2.6702
5.1300 2.6648
5.1400 2.6595
5.1500 2.6543
5.1600 2.6490
5.1700 2.6438
5.1800 2.6386
5.1900 2.6334
5.2000 2.6282
5.2100 2.6231
5.2200 2.6180
5.2300 2.6128
5.2400 2.6078
5.2500 2.6027
5.2600 2.5976
5.2700 2.5926
5.2800 2.5876
5.2900 2.5826
5.3000 2.5776
5.3100 2.5727
5.3200 2.5677
5.3300 2.5628
5.3400 2.5579
5.3500 2.5530
5.3600 2.5481
5.3700 2.5433
5.3800 2.5385
5.3900 2.5337
5.4000 2.5289
5.4100 2.5241
5.4200 2.5193
5.4300 2.5146
5.4400 2.5099
5.4500 2.5052
5.4600 2.5005
5.4700 2.4958
5.4800 2.4911
5.4900 2.4865
5.5000 2.4819
5.5100 2.4773
5.5200 2.4727
5.5300 2.4681
5.5400 2.4636
5.5500 2.4590
5.5600 2.4545
5.5700 2.4500
5.5800 2.4455
5.5900 2.4411
5.6000 2.4366
5.6100 2.4322
5.6200 2.4277
5.6300 2.4233
5.6400 2.4189
5.6500 2.4145
5.6600 2.4102
5.6700 2.4058
5.6800 2.4015
5.6900 2.3972
5.7000 2.3929
5.7100 2.3886
5.7200 2.3843
5.7300 2.3801
5.7400 2.3758
5.7500 2.3716
5.7600 2.3674
5.7700 2.3632
5.7800 2.3590
5.7900 2.3548
5.8000 2.3507
5.8100 2.3465
5.8200 2.3424
5.8300 2.3383
5.8400 2.3342
5.8500 2.3301
5.8600 2.3261
5.8700 2.3220
5.8800 2.3180
5.8900 2.3139
5.9000 2.3099
5.9100 2.3059
5.9200 2.3019
5.9300 2.2980
5.9400 2.2940
5.9500 2.2900
5.9600 2.2861
5.9700 2.2822
5.9800 2.2783
5.9900 2.2744
6.0000 2.2705
6.0100 2.2666
6.0200 2.2628
6.0300 2.2589
6.0400 2.2551
6.0500 2.2513
6.0600 2.2475
6.0700 2.2437
6.0800 2.2399
6.0900 2.2361
6.1000 2.2324
6.1100 2.2286
6.1200 2.2249
6.1300 2.2212
6.1400 2.2175
6.1500 2.2138
6.1600 2.2101
6.1700 2.2064
6.1800 2.2028
6.1900 2.1991
6.2000 2.1955
6.2100 2.1919
6.2200 2.1883
6.2300 2.1847
6.2400 2.1811
6.2500 2.1775
6.2600 2.1739
6.2700 2.1704
6.2800 2.1668
6.2900 2.1633
6.3000 2.1598
6.3100 2.1563
6.3200 2.1528
6.3300 2.1493
6.3400 2.1458
6.3500 2.1423
6.3600 2.1389
6.3700 2.1354
6.3800 2.1320
6.3900 2.1286
6.4000 2.1252
6.4100 2.1218
6.4200 2.1184
6.4300 2.1150
6.4400 2.1116
6.4500 2.1083
6.4600 2.1049
6.4700 2.1016
6.4800 2.0983
6.4900 2.0950
6.5000 2.0916
6.5100 2.0883
6.5200 2.0851
6.5300 2.0818
6.5400 2.0785
6.5500 2.0753
6.5600 2.0720
6.5700 2.0688
6.5800 2.0655
6.5900 2.0623
6.6000 2.0591
6.6100 2.0559
6.6200 2.0527
6.6300 2.0496
6.6400 2.0464
6.6500 2.0432
6.6600 2.0401
6.6700 2.0369
6.6800 2.0338
6.6900 2.0307
6.7000 2.0276
6.7100 2.0245
6.7200 2.0214
6.7300 2.0183
6.7400 2.0152
6.7500 2.0121
6.7600 2.0091
6.7700 2.0060
6.7800 2.0030
6.7900 2.0000
6.8000 1.9969
6.8100 1.9939
6.8200 1.9909
6.8300 1.9879
6.8400 1.9850
6.8500 1.9820
6.8600 1.9790
6.8700 1.9760
6.8800 1.9731
6.8900 1.9701
6.9000 1.9672
6.9100 1.9643
6.9200 1.9614
6.9300 1.9585
6.9400 1.9556
6.9500 1.9527
6.9600 1.9498
6.9700 1.9469
6.9800 1.9440
6.9900 1.9412
7.0000 1.9383
7.0100 1.9355
7.0200 1.9326
7.0300 1.9298
7.0400 1.9270
7.0500 1.9242
7.0600 1.9214
7.0700 1.9186
7.0800 1.9158
7.0900 1.9130
7.1000 1.9103
7.1100 1.9075
7.1200 1.9047
7.1300 1.9020
7.1400 1.8992
7.1500 1.8965
7.1600 1.8938
7.1700 1.8911
7.1800 1.8884
7.1900 1.8857
7.2000 1.8830
7.2100 1.8803
7.2200 1.8776
7.2300 1.8749
7.2400 1.8723
7.2500 1.8696
7.2600 1.8669
7.2700 1.8643
7.2800 1.8617
7.2900 1.8590
7.3000 1.8564
7.3100 1.8538
7.3200 1.8512
7.3300 1.8486
7.3400 1.8460
7.3500 1.8434
7.3600 1.8408
7.3700 1.8383
7.3800 1.8357
7.3900 1.8331
7.4000 1.8306
7.4100 1.8280
7.4200 1.8255
7.4300 1.8230
7.4400 1.8205
7.4500 1.8179
7.4600 1.8154
7.4700 1.8129
7.4800 1.8104
7.4900 1.8079
7.5000 1.8055
7.5100 1.8030
7.5200 1.8005
7.5300 1.7980
7.5400 1.7956
7.5500 1.7931
7.5600 1.7907
7.5700 1.7882
7.5800 1.7858
7.5900 1.7834
7.6000 1.7810
7.6100 1.7786
7.6200 1.7762
7.6300 1.7738
7.6400 1.7714
7.6500 1.7690
7.6600 1.7666
7.6700 1.7642
7.6800 1.7619
7.6900 1.7595
7.7000 1.7571
7.7100 1.7548
7.7200 1.7524
7.7300 1.7501
7.7400 1.7478
7.7500 1.7454
7.7600 1.7431
7.7700 1.7408
7.7800 1.7385
7.7900 1.7362
7.8000 1.7339
7.8100 1.7316
7.8200 1.7293
7.8300 1.7270
7.8400 1.7248
7.8500 1.7225
7.8600 1.7202
7.8700 1.7180
7.8800 1.7157
7.8900 1.7135
7.9000 1.7113
7.9100 1.7090
7.9200 1.7068
7.9300 1.7046
7.9400 1.7024
7.9500 1.7002
7.9600 1.6979
7.9700 1.6957
7.9800 1.6936
7.9900 1.6914
8.0000 1.6892
8.0100 1.6870
8.0200 1.6848
8.0300 1.6827
8.0400 1.6805
8.0500 1.6783
8.0600 1.6762
8.0700 1.6741
8.0800 1.6719
8.0900 1.6698
8.1000 1.6677
8.1100 1.6655
8.1200 1.6634
8.1300 1.6613
8.1400 1.6592
8.1500 1.6571
8.1600 1.6550
8.1700 1.6529
8.1800 1.6508
8.1900 1.6487
8.2000 1.6466
8.2100 1.6446
8.2200 1.6425
8.2300 1.6404
8.2400 1.6384
8.2500 1.6363
8.2600 1.6343
8.2700 1.6322
8.2800 1.6302
8.2900 1.6282
8.3000 1.6261
8.3100 1.6241
8.3200 1.6221
8.3300 1.6201
8.3400 1.6181
8.3500 1.6161
8.3600 1.6141
8.3700 1.6121
8.3800 1.6101
8.3900 1.6081
8.4000 1.6061
8.4100 1.6042
8.4200 1.6022
8.4300 1.6002
8.4400 1.5983
8.4500 1.5963
8.4600 1.5944
8.4700 1.5924
8.4800 1.5905
8.4900 1.5885
8.5000 1.5866
8.5100 1.5847
8.5200 1.5827
8.5300 1.5808
8.5400 1.5789
8.5500 1.5770
8.5600 1.5751
8.5700 1.5732
8.5800 1.5713
8.5900 1.5694
8.6000 1.5675
8.6100 1.5656
8.6200 1.5637
8.6300 1.5619
8.6400 1.5600
8.6500 1.5581
8.6600 1.5563
8.6700 1.5544
8.6800 1.5525
8.6900 1.5507
8.7000 1.5489
8.7100 1.5470
8.7200 1.5452
8.7300 1.5433
8.7400 1.5415
8.7500 1.5397
8.7600 1.5379
8.7700 1.5361
8.7800 1.5342
8.7900 1.5324
8.8000 1.5306
8.8100 1.5288
8.8200 1.5270
8.8300 1.5252
8.8400 1.5235
8.8500 1.5217
8.8600 1.5199
8.8700 1.5181
8.8800 1.5163
8.8900 1.5146
8.9000 1.5128
8.9100 1.5111
8.9200 1.5093
8.9300 1.5075
8.9400 1.5058
8.9500 1.5041
8.9600 1.5023
8.9700 1.5006
8.9800 1.4988
8.9900 1.4971
9.0000 1.4954
9.0100 1.4937
9.0200 1.4920
9.0300 1.4902
9.0400 1.4885
9.0500 1.4868
9.0600 1.4851
9.0700 1.4834
9.0800 1.4817
9.0900 1.4800
9.1000 1.4784
9.1100 1.4767
9.1200 1.4750
9.1300 1.4733
9.1400 1.4716
9.1500 1.4700
9.1600 1.4683
9.1700 1.4667
9.1800 1.4650
9.1900 1.4633
9.2000 1.4617
9.2100 1.4600
9.2200 1.4584
9.2300 1.4568
9.2400 1.4551
9.2500 1.4535
9.2600 1.4519
9.2700 1.4502
9.2800 1.4486
9.2900 1.4470
9.3000 1.4454
9.3100 1.4438
9.3200 1.4422
9.3300 1.4406
9.3400 1.4390
9.3500 1.4374
9.3600 1.4358
9.3700 1.4342
9.3800 1.4326
9.3900 1.4310
9.4000 1.4294
9.4100 1.4278
9.4200 1.4263
9.4300 1.4247
9.4400 1.4231
9.4500 1.4216
9.4600 1.4200
9.4700 1.4184
9.4800 1.4169
9.4900 1.4153
9.5000 1.4138
9.5100 1.4123
9.5200 1.4107
9.5300 1.4092
9.5400 1.4076
9.5500 1.4061
9.5600 1.4046
9.5700 1.4031
9.5800 1.4015
9.5900 1.4000
9.6000 1.3985
9.6100 1.3970
9.6200 1.3955
9.6300 1.3940
9.6400 1.3925
9.6500 1.3910
9.6600 1.3895
9.6700 1.3880
9.6800 1.3865
9.6900 1.3850
9.7000 1.3835
9.7100 1.3820
9.7200 1.3806
9.7300 1.3791
9.7400 1.3776
9.7500 1.3761
9.7600 1.3747
9.7700 1.3732
9.7800 1.3717
9.7900 1.3703
9.8000 1.3688
9.8100 1.3674
9.8200 1.3659
9.8300 1.3645
9.8400 1.3630
9.8500 1.3616
9.8600 1.3602
9.8700 1.3587
9.8800 1.3573
9.8900 1.3559
9.9000 1.3545
9.9100 1.3530
9.9200 1.3516
9.9300 1.3502
9.9400 1.3488
9.9500 1.3474
9.9600 1.3460
9.9700 1.3446
9.9800 1.3432
9.9900 1.3418
10.000 1.3404
10.100 1.3265
10.110 1.3252
10.120 1.3238
10.130 1.3224
10.140 1.3211
10.150 1.3197
10.160 1.3184
10.170 1.3170
10.180 1.3157
10.190 1.3143
10.200 1.3130
10.210 1.3117
10.220 1.3103
10.230 1.3090
10.240 1.3077
10.250 1.3063
10.260 1.3050
10.270 1.3037
10.280 1.3023
10.290 1.3010
10.300 1.2997
10.310 1.2984
10.320 1.2971
10.330 1.2958
10.340 1.2945
10.350 1.2932
10.360 1.2919
10.370 1.2906
10.380 1.2893
10.390 1.2880
10.400 1.2867
10.410 1.2854
10.420 1.2841
10.430 1.2828
10.440 1.2815
10.450 1.2803
10.460 1.2790
10.470 1.2777
10.480 1.2764
10.490 1.2752
10.500 1.2739
10.510 1.2726
10.520 1.2714
10.530 1.2701
10.540 1.2689
10.550 1.2676
10.560 1.2664
10.570 1.2651
10.580 1.2639
10.590 1.2626
10.600 1.2614
10.610 1.2601
10.620 1.2589
10.630 1.2577
10.640 1.2564
10.650 1.2552
10.660 1.2540
10.670 1.2527
10.680 1.2515
10.690 1.2503
10.700 1.2491
10.710 1.2478
10.720 1.2466
10.730 1.2454
10.740 1.2442
10.750 1.2430
10.760 1.2418
10.770 1.2406
10.780 1.2394
10.790 1.2382
10.800 1.2370
10.810 1.2358
10.820 1.2346
10.830 1.2334
10.840 1.2322
10.850 1.2310
10.860 1.2299
10.870 1.2287
10.880 1.2275
10.890 1.2263
10.900 1.2251
10.910 1.2240
10.920 1.2228
10.930 1.2216
10.940 1.2205
10.950 1.2193
10.960 1.2181
10.970 1.2170
10.980 1.2158
10.990 1.2147
11.000 1.2135
11.010 1.2123
11.020 1.2112
11.030 1.2100
11.040 1.2089
11.050 1.2078
11.060 1.2066
11.070 1.2055
11.080 1.2043
11.090 1.2032
11.100 1.2021
11.110 1.2009
11.120 1.1998
11.130 1.1987
11.140 1.1976
11.150 1.1964
11.160 1.1953
11.170 1.1942
11.180 1.1931
11.190 1.1920
11.200 1.1908
11.210 1.1897
11.220 1.1886
11.230 1.1875
11.240 1.1864
11.250 1.1853
11.260 1.1842
11.270 1.1831
11.280 1.1820
11.290 1.1809
11.300 1.1798
11.310 1.1787
11.320 1.1776
11.330 1.1766
11.340 1.1755
11.350 1.1744
11.360 1.1733
11.370 1.1722
11.380 1.1711
11.390 1.1701
11.400 1.1690
11.410 1.1679
11.420 1.1668
11.430 1.1658
11.440 1.1647
11.450 1.1636
11.460 1.1626
11.470 1.1615
11.480 1.1605
11.490 1.1594
11.500 1.1583
11.510 1.1573
11.520 1.1562
11.530 1.1552
11.540 1.1541
11.550 1.1531
11.560 1.1520
11.570 1.1510
11.580 1.1500
11.590 1.1489
11.600 1.1479
11.610 1.1468
11.620 1.1458
11.630 1.1448
11.640 1.1437
11.650 1.1427
11.660 1.1417
11.670 1.1407
11.680 1.1396
11.690 1.1386
11.700 1.1376
11.710 1.1366
11.720 1.1356
11.730 1.1345
11.740 1.1335
11.750 1.1325
11.760 1.1315
11.770 1.1305
11.780 1.1295
11.790 1.1285
11.800 1.1275
11.810 1.1265
11.820 1.1255
11.830 1.1245
11.840 1.1235
11.850 1.1225
11.860 1.1215
11.870 1.1205
11.880 1.1195
11.890 1.1185
11.900 1.1176
11.910 1.1166
11.920 1.1156
11.930 1.1146
11.940 1.1136
11.950 1.1126
11.960 1.1117
11.970 1.1107
11.980 1.1097
11.990 1.1088
12.000 1.1078
12.010 1.1068
12.020 1.1058
12.030 1.1049
12.040 1.1039
12.050 1.1030
12.060 1.1020
12.070 1.1010
12.080 1.1001
12.090 1.0991
12.100 1.0982
12.110 1.0972
12.120 1.0963
12.130 1.0953
12.140 1.0944
12.150 1.0934
12.160 1.0925
12.170 1.0915
12.180 1.0906
12.190 1.0897
12.200 1.0887
12.210 1.0878
12.220 1.0868
12.230 1.0859
12.240 1.0850
12.250 1.0840
12.260 1.0831
12.270 1.0822
12.280 1.0813
12.290 1.0803
12.300 1.0794
12.310 1.0785
12.320 1.0776
12.330 1.0767
12.340 1.0757
12.350 1.0748
12.360 1.0739
12.370 1.0730
12.380 1.0721
12.390 1.0712
12.400 1.0703
12.410 1.0694
12.420 1.0685
12.430 1.0676
12.440 1.0666
12.450 1.0657
12.460 1.0648
12.470 1.0639
12.480 1.0631
12.490 1.0622
12.500 1.0613
12.510 1.0604
12.520 1.0595
12.530 1.0586
12.540 1.0577
12.550 1.0568
12.560 1.0559
12.570 1.0550
12.580 1.0542
12.590 1.0533
12.600 1.0524
12.610 1.0515
12.620 1.0506
12.630 1.0498
12.640 1.0489
12.650 1.0480
12.660 1.0472
12.670 1.0463
12.680 1.0454
12.690 1.0445
12.700 1.0437
12.710 1.0428
12.720 1.0420
12.730 1.0411
12.740 1.0402
12.750 1.0394
12.760 1.0385
12.770 1.0377
12.780 1.0368
12.790 1.0359
12.800 1.0351
12.810 1.0342
12.820 1.0334
12.830 1.0325
12.840 1.0317
12.850 1.0309
12.860 1.0300
12.870 1.0292
12.880 1.0283
12.890 1.0275
12.900 1.0266
12.910 1.0258
12.920 1.0250
12.930 1.0241
12.940 1.0233
12.950 1.0225
12.960 1.0216
12.970 1.0208
12.980 1.0200
12.990 1.0191
13.000 1.0183
13.010 1.0175
13.020 1.0167
13.030 1.0159
13.040 1.0150
13.050 1.0142
13.060 1.0134
13.070 1.0126
13.080 1.0118
13.090 1.0109
13.100 1.0101
13.110 1.0093
13.120 1.0085
13.130 1.0077
13.140 1.0069
13.150 1.0061
13.160 1.0053
13.170 1.0045
13.180 1.0037
13.190 1.0029
13.200 1.0021
13.210 1.0013
13.220 1.0005
13.230 0.99966
13.240 0.99886
13.250 0.99807
13.260 0.99727
13.270 0.99648
13.280 0.99569
13.290 0.99490
13.300 0.99411
13.310 0.99332
13.320 0.99253
13.330 0.99174
13.340 0.99096
13.350 0.99018
13.360 0.98939
13.370 0.98861
13.380 0.98783
13.390 0.98705
13.400 0.98628
13.410 0.98550
13.420 0.98472
13.430 0.98395
13.440 0.98318
13.450 0.98240
13.460 0.98163
13.470 0.98086
13.480 0.98009
13.490 0.97933
13.500 0.97856
13.510 0.97780
13.520 0.97703
13.530 0.97627
13.540 0.97551
13.550 0.97475
13.560 0.97399
13.570 0.97323
13.580 0.97247
13.590 0.97171
13.600 0.97096
13.610 0.97020
13.620 0.96945
13.630 0.96870
13.640 0.96795
13.650 0.96720
13.660 0.96645
13.670 0.96570
13.680 0.96496
13.690 0.96421
13.700 0.96347
13.710 0.96273
13.720 0.96198
13.730 0.96124
13.740 0.96050
13.750 0.95976
13.760 0.95903
13.770 0.95829
13.780 0.95755
13.790 0.95682
13.800 0.95609
13.810 0.95535
13.820 0.95462
13.830 0.95389
13.840 0.95316
13.850 0.95243
13.860 0.95171
13.870 0.95098
13.880 0.95026
13.890 0.94953
13.900 0.94881
13.910 0.94809
13.920 0.94737
13.930 0.94665
13.940 0.94593
13.950 0.94521
13.960 0.94449
13.970 0.94378
13.980 0.94306
13.990 0.94235
14.000 0.94164
14.010 0.94093
14.020 0.94022
14.030 0.93951
14.040 0.93880
14.050 0.93809
14.060 0.93738
14.070 0.93668
14.080 0.93597
14.090 0.93527
14.100 0.93457
14.110 0.93387
14.120 0.93317
14.130 0.93247
14.140 0.93177
14.150 0.93107
14.160 0.93037
14.170 0.92968
14.180 0.92898
14.190 0.92829
14.200 0.92760
14.210 0.92691
14.220 0.92621
14.230 0.92552
14.240 0.92484
14.250 0.92415
14.260 0.92346
14.270 0.92278
14.280 0.92209
14.290 0.92141
14.300 0.92072
14.310 0.92004
14.320 0.91936
14.330 0.91868
14.340 0.91800
14.350 0.91732
14.360 0.91665
14.370 0.91597
14.380 0.91529
14.390 0.91462
14.400 0.91395
14.410 0.91327
14.420 0.91260
14.430 0.91193
14.440 0.91126
14.450 0.91059
14.460 0.90992
14.470 0.90926
14.480 0.90859
14.490 0.90793
14.500 0.90726
14.510 0.90660
14.520 0.90594
14.530 0.90527
14.540 0.90461
14.550 0.90395
14.560 0.90329
14.570 0.90264
14.580 0.90198
14.590 0.90132
14.600 0.90067
14.610 0.90001
14.620 0.89936
14.630 0.89871
14.640 0.89806
14.650 0.89741
14.660 0.89676
14.670 0.89611
14.680 0.89546
14.690 0.89481
14.700 0.89416
14.710 0.89352
14.720 0.89287
14.730 0.89223
14.740 0.89159
14.750 0.89095
14.760 0.89031
14.770 0.88966
14.780 0.88903
14.790 0.88839
14.800 0.88775
14.810 0.88711
14.820 0.88648
14.830 0.88584
14.840 0.88521
14.850 0.88457
14.860 0.88394
14.870 0.88331
14.880 0.88268
14.890 0.88205
14.900 0.88142
14.910 0.88079
14.920 0.88016
14.930 0.87954
14.940 0.87891
14.950 0.87829
14.960 0.87766
14.970 0.87704
14.980 0.87642
14.990 0.87580
15.000 0.87518
15.100 0.86901
15.110 0.86840
15.120 0.86779
15.130 0.86718
15.140 0.86657
15.150 0.86596
15.160 0.86535
15.170 0.86475
15.180 0.86414
15.190 0.86354
15.200 0.86293
15.210 0.86233
15.220 0.86172
15.230 0.86112
15.240 0.86052
15.250 0.85992
15.260 0.85932
15.270 0.85872
15.280 0.85812
15.290 0.85753
15.300 0.85693
15.310 0.85633
15.320 0.85574
15.330 0.85514
15.340 0.85455
15.350 0.85396
15.360 0.85337
15.370 0.85277
15.380 0.85218
15.390 0.85159
15.400 0.85101
15.410 0.85042
15.420 0.84983
15.430 0.84924
15.440 0.84866
15.450 0.84807
15.460 0.84749
15.470 0.84690
15.480 0.84632
15.490 0.84574
15.500 0.84516
15.510 0.84458
15.520 0.84400
15.530 0.84342
15.540 0.84284
15.550 0.84226
15.560 0.84169
15.570 0.84111
15.580 0.84053
15.590 0.83996
15.600 0.83939
15.610 0.83881
15.620 0.83824
15.630 0.83767
15.640 0.83710
15.650 0.83653
15.660 0.83596
15.670 0.83539
15.680 0.83482
15.690 0.83425
15.700 0.83369
15.710 0.83312
15.720 0.83256
15.730 0.83199
15.740 0.83143
15.750 0.83086
15.760 0.83030
15.770 0.82974
15.780 0.82918
15.790 0.82862
15.800 0.82806
15.810 0.82750
15.820 0.82694
15.830 0.82639
15.840 0.82583
15.850 0.82527
15.860 0.82472
15.870 0.82416
15.880 0.82361
15.890 0.82306
15.900 0.82250
15.910 0.82195
15.920 0.82140
15.930 0.82085
15.940 0.82030
15.950 0.81975
15.960 0.81920
15.970 0.81866
15.980 0.81811
15.990 0.81756
16.000 0.81702
16.010 0.81647
16.020 0.81593
16.030 0.81538
16.040 0.81484
16.050 0.81430
16.060 0.81376
16.070 0.81322
16.080 0.81268
16.090 0.81214
16.100 0.81160
16.110 0.81106
16.120 0.81052
16.130 0.80999
16.140 0.80945
16.150 0.80891
16.160 0.80838
16.170 0.80784
16.180 0.80731
16.190 0.80678
16.200 0.80625
16.210 0.80571
16.220 0.80518
16.230 0.80465
16.240 0.80412
16.250 0.80360
16.260 0.80307
16.270 0.80254
16.280 0.80201
16.290 0.80149
16.300 0.80096
16.310 0.80044
16.320 0.79991
16.330 0.79939
16.340 0.79886
16.350 0.79834
16.360 0.79782
16.370 0.79730
16.380 0.79678
16.390 0.79626
16.400 0.79574
16.410 0.79522
16.420 0.79470
16.430 0.79418
16.440 0.79367
16.450 0.79315
16.460 0.79264
16.470 0.79212
16.480 0.79161
16.490 0.79109
16.500 0.79058
16.510 0.79007
16.520 0.78956
16.530 0.78904
16.540 0.78853
16.550 0.78802
16.560 0.78751
16.570 0.78701
16.580 0.78650
16.590 0.78599
16.600 0.78548
16.610 0.78498
16.620 0.78447
16.630 0.78397
16.640 0.78346
16.650 0.78296
16.660 0.78246
16.670 0.78195
16.680 0.78145
16.690 0.78095
16.700 0.78045
16.710 0.77995
16.720 0.77945
16.730 0.77895
16.740 0.77845
16.750 0.77795
16.760 0.77746
16.770 0.77696
16.780 0.77646
16.790 0.77597
16.800 0.77547
16.810 0.77498
16.820 0.77449
16.830 0.77399
16.840 0.77350
16.850 0.77301
16.860 0.77252
16.870 0.77203
16.880 0.77154
16.890 0.77105
16.900 0.77056
16.910 0.77007
16.920 0.76958
16.930 0.76909
16.940 0.76861
16.950 0.76812
16.960 0.76763
16.970 0.76715
16.980 0.76666
16.990 0.76618
17.000 0.76570
17.010 0.76522
17.020 0.76473
17.030 0.76425
17.040 0.76377
17.050 0.76329
17.060 0.76281
17.070 0.76233
17.080 0.76185
17.090 0.76137
17.100 0.76090
17.110 0.76042
17.120 0.75994
17.130 0.75947
17.140 0.75899
17.150 0.75852
17.160 0.75804
17.170 0.75757
17.180 0.75709
17.190 0.75662
17.200 0.75615
17.210 0.75568
17.220 0.75521
17.230 0.75474
17.240 0.75427
17.250 0.75380
17.260 0.75333
17.270 0.75286
17.280 0.75239
17.290 0.75193
17.300 0.75146
17.310 0.75099
17.320 0.75053
17.330 0.75006
17.340 0.74960
17.350 0.74913
17.360 0.74867
17.370 0.74821
17.380 0.74774
17.390 0.74728
17.400 0.74682
17.410 0.74636
17.420 0.74590
17.430 0.74544
17.440 0.74498
17.450 0.74452
17.460 0.74406
17.470 0.74361
17.480 0.74315
17.490 0.74269
17.500 0.74224
17.510 0.74178
17.520 0.74133
17.530 0.74087
17.540 0.74042
17.550 0.73996
17.560 0.73951
17.570 0.73906
17.580 0.73861
17.590 0.73816
17.600 0.73770
17.610 0.73725
17.620 0.73680
17.630 0.73635
17.640 0.73591
17.650 0.73546
17.660 0.73501
17.670 0.73456
17.680 0.73412
17.690 0.73367
17.700 0.73322
17.710 0.73278
17.720 0.73233
17.730 0.73189
17.740 0.73144
17.750 0.73100
17.760 0.73056
17.770 0.73012
17.780 0.72967
17.790 0.72923
17.800 0.72879
17.810 0.72835
17.820 0.72791
17.830 0.72747
17.840 0.72703
17.850 0.72660
17.860 0.72616
17.870 0.72572
17.880 0.72528
17.890 0.72485
17.900 0.72441
17.910 0.72398
17.920 0.72354
17.930 0.72311
17.940 0.72267
17.950 0.72224
17.960 0.72181
17.970 0.72137
17.980 0.72094
17.990 0.72051
18.000 0.72008
18.010 0.71965
18.020 0.71922
18.030 0.71879
18.040 0.71836
18.050 0.71793
18.060 0.71750
18.070 0.71707
18.080 0.71665
18.090 0.71622
18.100 0.71579
18.110 0.71537
18.120 0.71494
18.130 0.71452
18.140 0.71409
18.150 0.71367
18.160 0.71325
18.170 0.71282
18.180 0.71240
18.190 0.71198
18.200 0.71156
18.210 0.71113
18.220 0.71071
18.230 0.71029
18.240 0.70987
18.250 0.70945
18.260 0.70904
18.270 0.70862
18.280 0.70820
18.290 0.70778
18.300 0.70736
18.310 0.70695
18.320 0.70653
18.330 0.70612
18.340 0.70570
18.350 0.70529
18.360 0.70487
18.370 0.70446
18.380 0.70404
18.390 0.70363
18.400 0.70322
18.410 0.70281
18.420 0.70239
18.430 0.70198
18.440 0.70157
18.450 0.70116
18.460 0.70075
18.470 0.70034
18.480 0.69993
18.490 0.69953
18.500 0.69912
18.510 0.69871
18.520 0.69830
18.530 0.69790
18.540 0.69749
18.550 0.69708
18.560 0.69668
18.570 0.69627
18.580 0.69587
18.590 0.69546
18.600 0.69506
18.610 0.69466
18.620 0.69425
18.630 0.69385
18.640 0.69345
18.650 0.69305
18.660 0.69265
18.670 0.69225
18.680 0.69185
18.690 0.69145
18.700 0.69105
18.710 0.69065
18.720 0.69025
18.730 0.68985
18.740 0.68945
18.750 0.68906
18.760 0.68866
18.770 0.68826
18.780 0.68787
18.790 0.68747
18.800 0.68708
18.810 0.68668
18.820 0.68629
18.830 0.68589
18.840 0.68550
18.850 0.68511
18.860 0.68471
18.870 0.68432
18.880 0.68393
18.890 0.68354
18.900 0.68315
18.910 0.68276
18.920 0.68237
18.930 0.68198
18.940 0.68159
18.950 0.68120
18.960 0.68081
18.970 0.68042
18.980 0.68003
18.990 0.67965
19.000 0.67926
19.010 0.67887
19.020 0.67849
19.030 0.67810
19.040 0.67772
19.050 0.67733
19.060 0.67695
19.070 0.67656
19.080 0.67618
19.090 0.67580
19.100 0.67541
19.110 0.67503
19.120 0.67465
19.130 0.67427
19.140 0.67388
19.150 0.67350
19.160 0.67312
19.170 0.67274
19.180 0.67236
19.190 0.67198
19.200 0.67161
19.210 0.67123
19.220 0.67085
19.230 0.67047
19.240 0.67009
19.250 0.66972
19.260 0.66934
19.270 0.66896
19.280 0.66859
19.290 0.66821
19.300 0.66784
19.310 0.66746
19.320 0.66709
19.330 0.66672
19.340 0.66634
19.350 0.66597
19.360 0.66560
19.370 0.66522
19.380 0.66485
19.390 0.66448
19.400 0.66411
19.410 0.66374
19.420 0.66337
19.430 0.66300
19.440 0.66263
19.450 0.66226
19.460 0.66189
19.470 0.66152
19.480 0.66115
19.490 0.66079
19.500 0.66042
19.510 0.66005
19.520 0.65969
19.530 0.65932
19.540 0.65895
19.550 0.65859
19.560 0.65822
19.570 0.65786
19.580 0.65749
19.590 0.65713
19.600 0.65677
19.610 0.65640
19.620 0.65604
19.630 0.65568
19.640 0.65532
19.650 0.65495
19.660 0.65459
19.670 0.65423
19.680 0.65387
19.690 0.65351
19.700 0.65315
19.710 0.65279
19.720 0.65243
19.730 0.65207
19.740 0.65171
19.750 0.65136
19.760 0.65100
19.770 0.65064
19.780 0.65028
19.790 0.64993
19.800 0.64957
19.810 0.64922
19.820 0.64886
19.830 0.64850
19.840 0.64815
19.850 0.64780
19.860 0.64744
19.870 0.64709
19.880 0.64673
19.890 0.64638
19.900 0.64603
19.910 0.64568
19.920 0.64532
19.930 0.64497
19.940 0.64462
19.950 0.64427
19.960 0.64392
19.970 0.64357
19.980 0.64322
19.990 0.64287
20.000 0.64252
20.100 0.63905
20.110 0.63870
20.120 0.63836
20.130 0.63801
20.140 0.63767
20.150 0.63732
20.160 0.63698
20.170 0.63664
20.180 0.63629
20.190 0.63595
20.200 0.63561
20.210 0.63527
20.220 0.63493
20.230 0.63458
20.240 0.63424
20.250 0.63390
20.260 0.63356
20.270 0.63322
20.280 0.63288
20.290 0.63254
20.300 0.63220
20.310 0.63187
20.320 0.63153
20.330 0.63119
20.340 0.63085
20.350 0.63051
20.360 0.63018
20.370 0.62984
20.380 0.62950
20.390 0.62917
20.400 0.62883
20.410 0.62850
20.420 0.62816
20.430 0.62783
20.440 0.62749
20.450 0.62716
20.460 0.62683
20.470 0.62649
20.480 0.62616
20.490 0.62583
20.500 0.62549
20.510 0.62516
20.520 0.62483
20.530 0.62450
20.540 0.62417
20.550 0.62384
20.560 0.62351
20.570 0.62318
20.580 0.62285
20.590 0.62252
20.600 0.62219
20.610 0.62186
20.620 0.62153
20.630 0.62120
20.640 0.62088
20.650 0.62055
20.660 0.62022
20.670 0.61989
20.680 0.61957
20.690 0.61924
20.700 0.61891
20.710 0.61859
20.720 0.61826
20.730 0.61794
20.740 0.61761
20.750 0.61729
20.760 0.61697
20.770 0.61664
20.780 0.61632
20.790 0.61599
20.800 0.61567
20.810 0.61535
20.820 0.61503
20.830 0.61471
20.840 0.61438
20.850 0.61406
20.860 0.61374
20.870 0.61342
20.880 0.61310
20.890 0.61278
20.900 0.61246
20.910 0.61214
20.920 0.61182
20.930 0.61150
20.940 0.61118
20.950 0.61087
20.960 0.61055
20.970 0.61023
20.980 0.60991
20.990 0.60960
21.000 0.60928
21.010 0.60896
21.020 0.60865
21.030 0.60833
21.040 0.60802
21.050 0.60770
21.060 0.60738
21.070 0.60707
21.080 0.60676
21.090 0.60644
21.100 0.60613
21.110 0.60581
21.120 0.60550
21.130 0.60519
21.140 0.60488
21.150 0.60456
21.160 0.60425
21.170 0.60394
21.180 0.60363
21.190 0.60332
21.200 0.60301
21.210 0.60270
21.220 0.60239
21.230 0.60208
21.240 0.60177
21.250 0.60146
21.260 0.60115
21.270 0.60084
21.280 0.60053
21.290 0.60022
21.300 0.59992
21.310 0.59961
21.320 0.59930
21.330 0.59899
21.340 0.59869
21.350 0.59838
21.360 0.59807
21.370 0.59777
21.380 0.59746
21.390 0.59716
21.400 0.59685
21.410 0.59655
21.420 0.59624
21.430 0.59594
21.440 0.59563
21.450 0.59533
21.460 0.59503
21.470 0.59473
21.480 0.59442
21.490 0.59412
21.500 0.59382
21.510 0.59352
21.520 0.59321
21.530 0.59291
21.540 0.59261
21.550 0.59231
21.560 0.59201
21.570 0.59171
21.580 0.59141
21.590 0.59111
21.600 0.59081
21.610 0.59051
21.620 0.59021
21.630 0.58991
21.640 0.58962
21.650 0.58932
21.660 0.58902
21.670 0.58872
21.680 0.58843
21.690 0.58813
21.700 0.58783
21.710 0.58754
21.720 0.58724
21.730 0.58694
21.740 0.58665
21.750 0.58635
21.760 0.58606
21.770 0.58576
21.780 0.58547
21.790 0.58518
21.800 0.58488
21.810 0.58459
21.820 0.58429
21.830 0.58400
21.840 0.58371
21.850 0.58342
21.860 0.58312
21.870 0.58283
21.880 0.58254
21.890 0.58225
21.900 0.58196
21.910 0.58167
21.920 0.58138
21.930 0.58108
21.940 0.58079
21.950 0.58050
21.960 0.58021
21.970 0.57993
21.980 0.57964
21.990 0.57935
22.000 0.57906
22.010 0.57877
22.020 0.57848
22.030 0.57819
22.040 0.57791
22.050 0.57762
22.060 0.57733
22.070 0.57705
22.080 0.57676
22.090 0.57647
22.100 0.57619
22.110 0.57590
22.120 0.57562
22.130 0.57533
22.140 0.57505
22.150 0.57476
22.160 0.57448
22.170 0.57419
22.180 0.57391
22.190 0.57362
22.200 0.57334
22.210 0.57306
22.220 0.57278
22.230 0.57249
22.240 0.57221
22.250 0.57193
22.260 0.57165
22.270 0.57136
22.280 0.57108
22.290 0.57080
22.300 0.57052
22.310 0.57024
22.320 0.56996
22.330 0.56968
22.340 0.56940
22.350 0.56912
22.360 0.56884
22.370 0.56856
22.380 0.56828
22.390 0.56800
22.400 0.56773
22.410 0.56745
22.420 0.56717
22.430 0.56689
22.440 0.56662
22.450 0.56634
22.460 0.56606
22.470 0.56578
22.480 0.56551
22.490 0.56523
22.500 0.56496
22.510 0.56468
22.520 0.56440
22.530 0.56413
22.540 0.56385
22.550 0.56358
22.560 0.56331
22.570 0.56303
22.580 0.56276
22.590 0.56248
22.600 0.56221
22.610 0.56194
22.620 0.56166
22.630 0.56139
22.640 0.56112
22.650 0.56085
22.660 0.56057
22.670 0.56030
22.680 0.56003
22.690 0.55976
22.700 0.55949
22.710 0.55922
22.720 0.55895
22.730 0.55868
22.740 0.55841
22.750 0.55814
22.760 0.55787
22.770 0.55760
22.780 0.55733
22.790 0.55706
22.800 0.55679
22.810 0.55652
22.820 0.55625
22.830 0.55599
22.840 0.55572
22.850 0.55545
22.860 0.55518
22.870 0.55492
22.880 0.55465
22.890 0.55438
22.900 0.55412
22.910 0.55385
22.920 0.55358
22.930 0.55332
22.940 0.55305
22.950 0.55279
22.960 0.55252
22.970 0.55226
22.980 0.55199
22.990 0.55173
23.000 0.55147
23.010 0.55120
23.020 0.55094
23.030 0.55068
23.040 0.55041
23.050 0.55015
23.060 0.54989
23.070 0.54962
23.080 0.54936
23.090 0.54910
23.100 0.54884
23.110 0.54858
23.120 0.54832
23.130 0.54805
23.140 0.54779
23.150 0.54753
23.160 0.54727
23.170 0.54701
23.180 0.54675
23.190 0.54649
23.200 0.54623
23.210 0.54597
23.220 0.54571
23.230 0.54546
23.240 0.54520
23.250 0.54494
23.260 0.54468
23.270 0.54442
23.280 0.54416
23.290 0.54391
23.300 0.54365
23.310 0.54339
23.320 0.54314
23.330 0.54288
23.340 0.54262
23.350 0.54237
23.360 0.54211
23.370 0.54185
23.380 0.54160
23.390 0.54134
23.400 0.54109
23.410 0.54083
23.420 0.54058
23.430 0.54032
23.440 0.54007
23.450 0.53982
23.460 0.53956
23.470 0.53931
23.480 0.53906
23.490 0.53880
23.500 0.53855
23.510 0.53830
23.520 0.53804
23.530 0.53779
23.540 0.53754
23.550 0.53729
23.560 0.53704
23.570 0.53679
23.580 0.53653
23.590 0.53628
23.600 0.53603
23.610 0.53578
23.620 0.53553
23.630 0.53528
23.640 0.53503
23.650 0.53478
23.660 0.53453
23.670 0.53428
23.680 0.53403
23.690 0.53378
23.700 0.53354
23.710 0.53329
23.720 0.53304
23.730 0.53279
23.740 0.53254
23.750 0.53230
23.760 0.53205
23.770 0.53180
23.780 0.53155
23.790 0.53131
23.800 0.53106
23.810 0.53081
23.820 0.53057
23.830 0.53032
23.840 0.53008
23.850 0.52983
23.860 0.52959
23.870 0.52934
23.880 0.52910
23.890 0.52885
23.900 0.52861
23.910 0.52836
23.920 0.52812
23.930 0.52787
23.940 0.52763
23.950 0.52739
23.960 0.52714
23.970 0.52690
23.980 0.52666
23.990 0.52641
24.000 0.52617
24.010 0.52593
24.020 0.52569
24.030 0.52545
24.040 0.52520
24.050 0.52496
24.060 0.52472
24.070 0.52448
24.080 0.52424
24.090 0.52400
24.100 0.52376
24.110 0.52352
24.120 0.52328
24.130 0.52304
24.140 0.52280
24.150 0.52256
24.160 0.52232
24.170 0.52208
24.180 0.52184
24.190 0.52160
24.200 0.52136
24.210 0.52113
24.220 0.52089
24.230 0.52065
24.240 0.52041
24.250 0.52017
24.260 0.51994
24.270 0.51970
24.280 0.51946
24.290 0.51923
24.300 0.51899
24.310 0.51875
24.320 0.51852
24.330 0.51828
24.340 0.51805
24.350 0.51781
24.360 0.51757
24.370 0.51734
24.380 0.51710
24.390 0.51687
24.400 0.51663
24.410 0.51640
24.420 0.51617
24.430 0.51593
24.440 0.51570
24.450 0.51546
24.460 0.51523
24.470 0.51500
24.480 0.51476
24.490 0.51453
24.500 0.51430
24.510 0.51407
24.520 0.51383
24.530 0.51360
24.540 0.51337
24.550 0.51314
24.560 0.51291
24.570 0.51268
24.580 0.51244
24.590 0.51221
24.600 0.51198
24.610 0.51175
24.620 0.51152
24.630 0.51129
24.640 0.51106
24.650 0.51083
24.660 0.51060
24.670 0.51037
24.680 0.51014
24.690 0.50991
24.700 0.50968
24.710 0.50946
24.720 0.50923
24.730 0.50900
24.740 0.50877
24.750 0.50854
24.760 0.50831
24.770 0.50809
24.780 0.50786
24.790 0.50763
24.800 0.50741
24.810 0.50718
24.820 0.50695
24.830 0.50673
24.840 0.50650
24.850 0.50627
24.860 0.50605
24.870 0.50582
24.880 0.50560
24.890 0.50537
24.900 0.50514
24.910 0.50492
24.920 0.50469
24.930 0.50447
24.940 0.50425
24.950 0.50402
24.960 0.50380
24.970 0.50357
24.980 0.50335
24.990 0.50313
25.000 0.50290
25.100 0.50068
25.110 0.50045
25.120 0.50023
25.130 0.50001
25.140 0.49979
25.150 0.49957
25.160 0.49935
25.170 0.49913
25.180 0.49891
25.190 0.49869
25.200 0.49847
25.210 0.49825
25.220 0.49803
25.230 0.49781
25.240 0.49759
25.250 0.49737
25.260 0.49715
25.270 0.49693
25.280 0.49672
25.290 0.49650
25.300 0.49628
25.310 0.49606
25.320 0.49584
25.330 0.49563
25.340 0.49541
25.350 0.49519
25.360 0.49497
25.370 0.49476
25.380 0.49454
25.390 0.49432
25.400 0.49411
25.410 0.49389
25.420 0.49367
25.430 0.49346
25.440 0.49324
25.450 0.49303
25.460 0.49281
25.470 0.49260
25.480 0.49238
25.490 0.49217
25.500 0.49195
25.510 0.49174
25.520 0.49152
25.530 0.49131
25.540 0.49109
25.550 0.49088
25.560 0.49067
25.570 0.49045
25.580 0.49024
25.590 0.49003
25.600 0.48981
25.610 0.48960
25.620 0.48939
25.630 0.48917
25.640 0.48896
25.650 0.48875
25.660 0.48854
25.670 0.48832
25.680 0.48811
25.690 0.48790
25.700 0.48769
25.710 0.48748
25.720 0.48727
25.730 0.48706
25.740 0.48685
25.750 0.48663
25.760 0.48642
25.770 0.48621
25.780 0.48600
25.790 0.48579
25.800 0.48558
25.810 0.48537
25.820 0.48517
25.830 0.48496
25.840 0.48475
25.850 0.48454
25.860 0.48433
25.870 0.48412
25.880 0.48391
25.890 0.48370
25.900 0.48349
25.910 0.48329
25.920 0.48308
25.930 0.48287
25.940 0.48266
25.950 0.48246
25.960 0.48225
25.970 0.48204
25.980 0.48183
25.990 0.48163
26.000 0.48142
26.010 0.48121
26.020 0.48101
26.030 0.48080
26.040 0.48060
26.050 0.48039
26.060 0.48019
26.070 0.47998
26.080 0.47977
26.090 0.47957
26.100 0.47936
26.110 0.47916
26.120 0.47895
26.130 0.47875
26.140 0.47855
26.150 0.47834
26.160 0.47814
26.170 0.47793
26.180 0.47773
26.190 0.47753
26.200 0.47732
26.210 0.47712
26.220 0.47692
26.230 0.47671
26.240 0.47651
26.250 0.47631
26.260 0.47610
26.270 0.47590
26.280 0.47570
26.290 0.47550
26.300 0.47530
26.310 0.47509
26.320 0.47489
26.330 0.47469
26.340 0.47449
26.350 0.47429
26.360 0.47409
26.370 0.47389
26.380 0.47369
26.390 0.47349
26.400 0.47329
26.410 0.47308
26.420 0.47288
26.430 0.47268
26.440 0.47249
26.450 0.47229
26.460 0.47209
26.470 0.47189
26.480 0.47169
26.490 0.47149
26.500 0.47129
26.510 0.47109
26.520 0.47089
26.530 0.47069
26.540 0.47050
26.550 0.47030
26.560 0.47010
26.570 0.46990
26.580 0.46970
26.590 0.46951
26.600 0.46931
26.610 0.46911
26.620 0.46891
26.630 0.46872
26.640 0.46852
26.650 0.46832
26.660 0.46813
26.670 0.46793
26.680 0.46774
26.690 0.46754
26.700 0.46734
26.710 0.46715
26.720 0.46695
26.730 0.46676
26.740 0.46656
26.750 0.46637
26.760 0.46617
26.770 0.46598
26.780 0.46578
26.790 0.46559
26.800 0.46539
26.810 0.46520
26.820 0.46500
26.830 0.46481
26.840 0.46462
26.850 0.46442
26.860 0.46423
26.870 0.46403
26.880 0.46384
26.890 0.46365
26.900 0.46346
26.910 0.46326
26.920 0.46307
26.930 0.46288
26.940 0.46268
26.950 0.46249
26.960 0.46230
26.970 0.46211
26.980 0.46192
26.990 0.46172
27.000 0.46153
27.010 0.46134
27.020 0.46115
27.030 0.46096
27.040 0.46077
27.050 0.46058
27.060 0.46039
27.070 0.46020
27.080 0.46001
27.090 0.45982
27.100 0.45962
27.110 0.45943
27.120 0.45925
27.130 0.45906
27.140 0.45887
27.150 0.45868
27.160 0.45849
27.170 0.45830
27.180 0.45811
27.190 0.45792
27.200 0.45773
27.210 0.45754
27.220 0.45735
27.230 0.45717
27.240 0.45698
27.250 0.45679
27.260 0.45660
27.270 0.45641
27.280 0.45623
27.290 0.45604
27.300 0.45585
27.310 0.45566
27.320 0.45548
27.330 0.45529
27.340 0.45510
27.350 0.45492
27.360 0.45473
27.370 0.45454
27.380 0.45436
27.390 0.45417
27.400 0.45398
27.410 0.45380
27.420 0.45361
27.430 0.45343
27.440 0.45324
27.450 0.45306
27.460 0.45287
27.470 0.45269
27.480 0.45250
27.490 0.45232
27.500 0.45213
27.510 0.45195
27.520 0.45176
27.530 0.45158
27.540 0.45139
27.550 0.45121
27.560 0.45103
27.570 0.45084
27.580 0.45066
27.590 0.45048
27.600 0.45029
27.610 0.45011
27.620 0.44993
27.630 0.44974
27.640 0.44956
27.650 0.44938
27.660 0.44919
27.670 0.44901
27.680 0.44883
27.690 0.44865
27.700 0.44847
27.710 0.44828
27.720 0.44810
27.730 0.44792
27.740 0.44774
27.750 0.44756
27.760 0.44738
27.770 0.44720
27.780 0.44701
27.790 0.44683
27.800 0.44665
27.810 0.44647
27.820 0.44629
27.830 0.44611
27.840 0.44593
27.850 0.44575
27.860 0.44557
27.870 0.44539
27.880 0.44521
27.890 0.44503
27.900 0.44485
27.910 0.44467
27.920 0.44449
27.930 0.44432
27.940 0.44414
27.950 0.44396
27.960 0.44378
27.970 0.44360
27.980 0.44342
27.990 0.44324
28.000 0.44307
28.010 0.44289
28.020 0.44271
28.030 0.44253
28.040 0.44235
28.050 0.44218
28.060 0.44200
28.070 0.44182
28.080 0.44165
28.090 0.44147
28.100 0.44129
28.110 0.44111
28.120 0.44094
28.130 0.44076
28.140 0.44059
28.150 0.44041
28.160 0.44023
28.170 0.44006
28.180 0.43988
28.190 0.43971
28.200 0.43953
28.210 0.43935
28.220 0.43918
28.230 0.43900
28.240 0.43883
28.250 0.43865
28.260 0.43848
28.270 0.43830
28.280 0.43813
28.290 0.43796
28.300 0.43778
28.310 0.43761
28.320 0.43743
28.330 0.43726
28.340 0.43708
28.350 0.43691
28.360 0.43674
28.370 0.43656
28.380 0.43639
28.390 0.43622
28.400 0.43604
28.410 0.43587
28.420 0.43570
28.430 0.43553
28.440 0.43535
28.450 0.43518
28.460 0.43501
28.470 0.43484
28.480 0.43466
28.490 0.43449
28.500 0.43432
28.510 0.43415
28.520 0.43398
28.530 0.43380
28.540 0.43363
28.550 0.43346
28.560 0.43329
28.570 0.43312
28.580 0.43295
28.590 0.43278
28.600 0.43261
28.610 0.43244
28.620 0.43227
28.630 0.43209
28.640 0.43192
28.650 0.43175
28.660 0.43158
28.670 0.43141
28.680 0.43124
28.690 0.43108
28.700 0.43091
28.710 0.43074
28.720 0.43057
28.730 0.43040
28.740 0.43023
28.750 0.43006
28.760 0.42989
28.770 0.42972
28.780 0.42955
28.790 0.42938
28.800 0.42922
28.810 0.42905
28.820 0.42888
28.830 0.42871
28.840 0.42854
28.850 0.42838
28.860 0.42821
28.870 0.42804
28.880 0.42787
28.890 0.42771
28.900 0.42754
28.910 0.42737
28.920 0.42721
28.930 0.42704
28.940 0.42687
28.950 0.42671
28.960 0.42654
28.970 0.42637
28.980 0.42621
28.990 0.42604
29.000 0.42587
29.010 0.42571
29.020 0.42554
29.030 0.42538
29.040 0.42521
29.050 0.42505
29.060 0.42488
29.070 0.42471
29.080 0.42455
29.090 0.42438
29.100 0.42422
29.110 0.42405
29.120 0.42389
29.130 0.42373
29.140 0.42356
29.150 0.42340
29.160 0.42323
29.170 0.42307
29.180 0.42290
29.190 0.42274
29.200 0.42258
29.210 0.42241
29.220 0.42225
29.230 0.42209
29.240 0.42192
29.250 0.42176
29.260 0.42160
29.270 0.42143
29.280 0.42127
29.290 0.42111
29.300 0.42095
29.310 0.42078
29.320 0.42062
29.330 0.42046
29.340 0.42030
29.350 0.42013
29.360 0.41997
29.370 0.41981
29.380 0.41965
29.390 0.41949
29.400 0.41932
29.410 0.41916
29.420 0.41900
29.430 0.41884
29.440 0.41868
29.450 0.41852
29.460 0.41836
29.470 0.41820
29.480 0.41804
29.490 0.41788
29.500 0.41772
29.510 0.41755
29.520 0.41739
29.530 0.41723
29.540 0.41707
29.550 0.41691
29.560 0.41675
29.570 0.41660
29.580 0.41644
29.590 0.41628
29.600 0.41612
29.610 0.41596
29.620 0.41580
29.630 0.41564
29.640 0.41548
29.650 0.41532
29.660 0.41516
29.670 0.41500
29.680 0.41485
29.690 0.41469
29.700 0.41453
29.710 0.41437
29.720 0.41421
29.730 0.41405
29.740 0.41390
29.750 0.41374
29.760 0.41358
29.770 0.41342
29.780 0.41327
29.790 0.41311
29.800 0.41295
29.810 0.41279
29.820 0.41264
29.830 0.41248
29.840 0.41232
29.850 0.41217
29.860 0.41201
29.870 0.41185
29.880 0.41170
29.890 0.41154
29.900 0.41139
29.910 0.41123
29.920 0.41107
29.930 0.41092
29.940 0.41076
29.950 0.41061
29.960 0.41045
29.970 0.41029
29.980 0.41014
29.990 0.40998
30.000 0.40983
