0.10000 336.45
0.11000 305.86
0.12000 280.37
0.13000 258.81
0.14000 240.32
0.15000 224.30
0.16000 210.28
0.17000 197.91
0.18000 186.92
0.19000 177.08
0.20000 168.23
0.21000 160.22
0.22000 152.94
0.23000 146.29
0.24000 140.19
0.25000 134.58
0.26000 129.41
0.27000 124.62
0.28000 120.17
0.29000 116.02
0.30000 112.16
0.31000 108.54
0.32000 105.15
0.33000 101.96
0.34000 98.962
0.35000 96.135
0.36000 93.465
0.37000 90.939
0.38000 88.546
0.39000 86.276
0.40000 84.119
0.41000 82.068
0.42000 80.114
0.43000 78.251
0.44000 76.473
0.45000 74.774
0.46000 73.149
0.47000 71.592
0.48000 70.101
0.49000 68.671
0.50000 67.297
0.51000 65.978
0.52000 64.710
0.53000 63.489
0.54000 62.313
0.55000 61.180
0.56000 60.088
0.57000 59.034
0.58000 58.016
0.59000 57.033
0.60000 56.083
0.61000 55.164
0.62000 54.274
0.63000 53.413
0.64000 52.578
0.65000 51.770
0.66000 50.985
0.67000 50.225
0.68000 49.486
0.69000 48.769
0.70000 48.073
0.71000 47.396
0.72000 46.737
0.73000 46.097
0.74000 45.475
0.75000 44.868
0.76000 44.278
0.77000 43.703
0.78000 43.143
0.79000 42.597
0.80000 42.065
0.81000 41.546
0.82000 41.039
0.83000 40.545
0.84000 40.062
0.85000 39.591
0.86000 39.131
0.87000 38.681
0.88000 38.242
0.89000 37.812
0.90000 37.392
0.91000 36.981
0.92000 36.579
0.93000 36.186
0.94000 35.801
0.95000 35.425
0.96000 35.056
0.97000 34.694
0.98000 34.340
0.99000 33.994
1.0000 33.654
1.0100 33.321
1.0200 32.994
1.0300 32.674
1.0400 32.360
1.0500 32.052
1.0600 31.749
1.0700 31.453
1.0800 31.162
1.0900 30.876
1.1000 30.595
1.1100 30.320
1.1200 30.049
1.1300 29.783
1.1400 29.522
1.1500 29.265
1.1600 29.013
1.1700 28.765
1.1800 28.522
1.1900 28.282
1.2000 28.047
1.2100 27.815
1.2200 27.587
1.2300 27.363
1.2400 27.142
1.2500 26.925
1.2600 26.711
1.2700 26.501
1.2800 26.294
1.2900 26.090
1.3000 25.890
1.3100 25.692
1.3200 25.498
1.3300 25.306
1.3400 25.117
1.3500 24.931
1.3600 24.748
1.3700 24.568
1.3800 24.390
1.3900 24.214
1.4000 24.041
1.4100 23.871
1.4200 23.703
1.4300 23.537
1.4400 23.374
1.4500 23.213
1.4600 23.054
1.4700 22.897
1.4800 22.742
1.4900 22.590
1.5000 22.439
1.5100 22.291
1.5200 22.144
1.5300 21.999
1.5400 21.857
1.5500 21.716
1.5600 21.577
1.5700 21.439
1.5800 21.304
1.5900 21.170
1.6000 21.037
1.6100 20.907
1.6200 20.778
1.6300 20.650
1.6400 20.525
1.6500 20.400
1.6600 20.277
1.6700 20.156
1.6800 20.036
1.6900 19.918
1.7000 19.801
1.7100 19.685
1.7200 19.570
1.7300 19.457
1.7400 19.346
1.7500 19.235
1.7600 19.126
1.7700 19.018
1.7800 18.911
1.7900 18.805
1.8000 18.701
1.8100 18.598
1.8200 18.496
1.8300 18.395
1.8400 18.295
1.8500 18.196
1.8600 18.098
1.8700 18.001
1.8800 17.906
1.8900 17.811
1.9000 17.717
1.9100 17.625
1.9200 17.533
1.9300 17.442
1.9400 17.352
1.9500 17.263
1.9600 17.175
1.9700 17.088
1.9800 17.002
1.9900 16.917
2.0000 16.832
2.0100 16.748
2.0200 16.665
2.0300 16.583
2.0400 16.502
2.0500 16.422
2.0600 16.342
2.0700 16.263
2.0800 16.185
2.0900 16.108
2.1000 16.031
2.1100 15.955
2.1200 15.880
2.1300 15.805
2.1400 15.731
2.1500 15.658
2.1600 15.586
2.1700 15.514
2.1800 15.443
2.1900 15.373
2.2000 15.303
2.2100 15.234
2.2200 15.165
2.2300 15.097
2.2400 15.030
2.2500 14.963
2.2600 14.897
2.2700 14.831
2.2800 14.766
2.2900 14.702
2.3000 14.638
2.3100 14.575
2.3200 14.512
2.3300 14.449
2.3400 14.388
2.3500 14.327
2.3600 14.266
2.3700 14.206
2.3800 14.146
2.3900 14.087
2.4000 14.028
2.4100 13.970
2.4200 13.912
2.4300 13.855
2.4400 13.799
2.4500 13.742
2.4600 13.686
2.4700 13.631
2.4800 13.576
2.4900 13.522
2.5000 13.468
2.5100 13.414
2.5200 13.361
2.5300 13.308
2.5400 13.256
2.5500 13.204
2.5600 13.152
2.5700 13.101
2.5800 13.050
2.5900 13.000
2.6000 12.950
2.6100 12.900
2.6200 12.851
2.6300 12.802
2.6400 12.754
2.6500 12.706
2.6600 12.658
2.6700 12.611
2.6800 12.564
2.6900 12.517
2.7000 12.471
2.7100 12.425
2.7200 12.379
2.7300 12.334
2.7400 12.289
2.7500 12.244
2.7600 12.200
2.7700 12.156
2.7800 12.112
2.7900 12.069
2.8000 12.026
2.8100 11.983
2.8200 11.941
2.8300 11.898
2.8400 11.857
2.8500 11.815
2.8600 11.774
2.8700 11.733
2.8800 11.692
2.8900 11.652
2.9000 11.611
2.9100 11.572
2.9200 11.532
2.9300 11.493
2.9400 11.454
2.9500 11.415
2.9600 11.376
2.9700 11.338
2.9800 11.300
2.9900 11.262
3.0000 11.225
3.0100 11.187
3.0200 11.150
3.0300 11.114
3.0400 11.077
3.0500 11.041
3.0600 11.005
3.0700 10.969
3.0800 10.933
3.0900 10.898
3.1000 10.863
3.1100 10.828
3.1200 10.793
3.1300 10.759
3.1400 10.725
3.1500 10.691
3.1600 10.657
3.1700 10.623
3.1800 10.590
3.1900 10.557
3.2000 10.524
3.2100 10.491
3.2200 10.459
3.2300 10.426
3.2400 10.394
3.2500 10.362
3.2600 10.330
3.2700 10.299
3.2800 10.267
3.2900 10.236
3.3000 10.205
3.3100 10.174
3.3200 10.144
3.3300 10.113
3.3400 10.083
3.3500 10.053
3.3600 10.023
3.3700 9.9935
3.3800 9.9639
3.3900 9.9346
3.4000 9.9054
3.4100 9.8764
3.4200 9.8475
3.4300 9.8188
3.4400 9.7903
3.4500 9.7620
3.4600 9.7338
3.4700 9.7058
3.4800 9.6779
3.4900 9.6502
3.5000 9.6227
3.5100 9.5953
3.5200 9.5680
3.5300 9.5410
3.5400 9.5140
3.5500 9.4873
3.5600 9.4606
3.5700 9.4342
3.5800 9.4079
3.5900 9.3817
3.6000 9.3556
3.6100 9.3298
3.6200 9.3040
3.6300 9.2784
3.6400 9.2529
3.6500 9.2276
3.6600 9.2024
3.6700 9.1774
3.6800 9.1525
3.6900 9.1277
3.7000 9.1031
3.7100 9.0786
3.7200 9.0542
3.7300 9.0299
3.7400 9.0058
3.7500 8.9818
3.7600 8.9580
3.7700 8.9342
3.7800 8.9106
3.7900 8.8871
3.8000 8.8638
3.8100 8.8405
3.8200 8.8174
3.8300 8.7944
3.8400 8.7716
3.8500 8.7488
3.8600 8.7262
3.8700 8.7036
3.8800 8.6812
3.8900 8.6589
3.9000 8.6368
3.9100 8.6147
3.9200 8.5928
3.9300 8.5709
3.9400 8.5492
3.9500 8.5276
3.9600 8.5061
3.9700 8.4847
3.9800 8.4634
3.9900 8.4422
4.0000 8.4211
4.0100 8.4001
4.0200 8.3793
4.0300 8.3585
4.0400 8.3378
4.0500 8.3173
4.0600 8.2968
4.0700 8.2765
4.0800 8.2562
4.0900 8.2360
4.1000 8.2160
4.1100 8.1960
4.1200 8.1761
4.1300 8.1564
4.1400 8.1367
4.1500 8.1171
4.1600 8.0976
4.1700 8.0782
4.1800 8.0589
4.1900 8.0397
4.2000 8.0206
4.2100 8.0016
4.2200 7.9826
4.2300 7.9638
4.2400 7.9450
4.2500 7.9264
4.2600 7.9078
4.2700 7.8893
4.2800 7.8709
4.2900 7.8525
4.3000 7.8343
4.3100 7.8162
4.3200 7.7981
4.3300 7.7801
4.3400 7.7622
4.3500 7.7444
4.3600 7.7266
4.3700 7.7090
4.3800 7.6914
4.3900 7.6739
4.4000 7.6565
4.4100 7.6392
4.4200 7.6219
4.4300 7.6047
4.4400 7.5876
4.4500 7.5706
4.4600 7.5536
4.4700 7.5368
4.4800 7.5200
4.4900 7.5032
4.5000 7.4866
4.5100 7.4700
4.5200 7.4535
4.5300 7.4371
4.5400 7.4207
4.5500 7.4044
4.5600 7.3882
4.5700 7.3721
4.5800 7.3560
4.5900 7.3400
4.6000 7.3241
4.6100 7.3082
4.6200 7.2924
4.6300 7.2767
4.6400 7.2610
4.6500 7.2454
4.6600 7.2299
4.6700 7.2144
4.6800 7.1990
4.6900 7.1837
4.7000 7.1684
4.7100 7.1532
4.7200 7.1381
4.7300 7.1230
4.7400 7.1080
4.7500 7.0931
4.7600 7.0782
4.7700 7.0634
4.7800 7.0486
4.7900 7.0339
4.8000 7.0193
4.8100 7.0047
4.8200 6.9902
4.8300 6.9758
4.8400 6.9614
4.8500 6.9471
4.8600 6.9328
4.8700 6.9186
4.8800 6.9044
4.8900 6.8903
4.9000 6.8763
4.9100 6.8623
4.9200 6.8484
4.9300 6.8345
4.9400 6.8207
4.9500 6.8069
4.9600 6.7932
4.9700 6.7796
4.9800 6.7660
4.9900 6.7524
5.0000 6.7390
5.1000 6.6070
5.1100 6.5941
5.1200 6.5813
5.1300 6.5684
5.1400 6.5557
5.1500 6.5430
5.1600 6.5303
5.1700 6.5177
5.1800 6.5051
5.1900 6.4926
5.2000 6.4802
5.2100 6.4678
5.2200 6.4554
5.2300 6.4431
5.2400 6.4308
5.2500 6.4186
5.2600 6.4064
5.2700 6.3942
5.2800 6.3821
5.2900 6.3701
5.3000 6.3581
5.3100 6.3461
5.3200 6.3342
5.3300 6.3224
5.3400 6.3105
5.3500 6.2988
5.3600 6.2870
5.3700 6.2754
5.3800 6.2637
5.3900 6.2521
5.4000 6.2405
5.4100 6.2290
5.4200 6.2176
5.4300 6.2061
5.4400 6.1947
5.4500 6.1834
5.4600 6.1721
5.4700 6.1608
5.4800 6.1496
5.4900 6.1384
5.5000 6.1273
5.5100 6.1162
5.5200 6.1051
5.5300 6.0941
5.5400 6.0831
5.5500 6.0722
5.5600 6.0613
5.5700 6.0504
5.5800 6.0396
5.5900 6.0288
5.6000 6.0180
5.6100 6.0073
5.6200 5.9967
5.6300 5.9860
5.6400 5.9754
5.6500 5.9649
5.6600 5.9544
5.6700 5.9439
5.6800 5.9334
5.6900 5.9230
5.7000 5.9126
5.7100 5.9023
5.7200 5.8920
5.7300 5.8817
5.7400 5.8715
5.7500 5.8613
5.7600 5.8512
5.7700 5.8410
5.7800 5.8310
5.7900 5.8209
5.8000 5.8109
5.8100 5.8009
5.8200 5.7910
5.8300 5.7810
5.8400 5.7712
5.8500 5.7613
5.8600 5.7515
5.8700 5.7417
5.8800 5.7320
5.8900 5.7223
5.9000 5.7126
5.9100 5.7029
5.9200 5.6933
5.9300 5.6837
5.9400 5.6742
5.9500 5.6647
5.9600 5.6552
5.9700 5.6457
5.9800 5.6363
5.9900 5.6269
6.0000 5.6175
6.0100 5.6082
6.0200 5.5989
6.0300 5.5896
6.0400 5.5804
6.0500 5.5712
6.0600 5.5620
6.0700 5.5529
6.0800 5.5438
6.0900 5.5347
6.1000 5.5256
6.1100 5.5166
6.1200 5.5076
6.1300 5.4986
6.1400 5.4897
6.1500 5.4808
6.1600 5.4719
6.1700 5.4630
6.1800 5.4542
6.1900 5.4454
6.2000 5.4367
6.2100 5.4279
6.2200 5.4192
6.2300 5.4105
6.2400 5.4019
6.2500 5.3933
6.2600 5.3847
6.2700 5.3761
6.2800 5.3675
6.2900 5.3590
6.3000 5.3505
6.3100 5.3421
6.3200 5.3336
6.3300 5.3252
6.3400 5.3168
6.3500 5.3085
6.3600 5.3002
6.3700 5.2919
6.3800 5.2836
6.3900 5.2753
6.4000 5.2671
6.4100 5.2589
6.4200 5.2507
6.4300 5.2426
6.4400 5.2344
6.4500 5.2263
6.4600 5.2183
6.4700 5.2102
6.4800 5.2022
6.4900 5.1942
6.5000 5.1862
6.5100 5.1783
6.5200 5.1703
6.5300 5.1624
6.5400 5.1546
6.5500 5.1467
6.5600 5.1389
6.5700 5.1311
6.5800 5.1233
6.5900 5.1155
6.6000 5.1078
6.6100 5.1001
6.6200 5.0924
6.6300 5.0847
6.6400 5.0771
6.6500 5.0695
6.6600 5.0619
6.6700 5.0543
6.6800 5.0468
6.6900 5.0392
6.7000 5.0317
6.7100 5.0242
6.7200 5.0168
6.7300 5.0093
6.7400 5.0019
6.7500 4.9945
6.7600 4.9872
6.7700 4.9798
6.7800 4.9725
6.7900 4.9652
6.8000 4.9579
6.8100 4.9506
6.8200 4.9434
6.8300 4.9362
6.8400 4.9290
6.8500 4.9218
6.8600 4.9146
6.8700 4.9075
6.8800 4.9004
6.8900 4.8933
6.9000 4.8862
6.9100 4.8791
6.9200 4.8721
6.9300 4.8651
6.9400 4.8581
6.9500 4.8511
6.9600 4.8442
6.9700 4.8372
6.9800 4.8303
6.9900 4.8234
7.0000 4.8165
7.0100 4.8097
7.0200 4.8028
7.0300 4.7960
7.0400 4.7892
7.0500 4.7824
7.0600 4.7757
7.0700 4.7689
7.0800 4.7622
7.0900 4.7555
7.1000 4.7488
7.1100 4.7422
7.1200 4.7355
7.1300 4.7289
7.1400 4.7223
7.1500 4.7157
7.1600 4.7091
7.1700 4.7026
7.1800 4.6960
7.1900 4.6895
7.2000 4.6830
7.2100 4.6765
7.2200 4.6701
7.2300 4.6636
7.2400 4.6572
7.2500 4.6508
7.2600 4.6444
7.2700 4.6380
7.2800 4.6317
7.2900 4.6253
7.3000 4.6190
7.3100 4.6127
7.3200 4.6064
7.3300 4.6002
7.3400 4.5939
7.3500 4.5877
7.3600 4.5815
7.3700 4.5753
7.3800 4.5691
7.3900 4.5629
7.4000 4.5567
7.4100 4.5506
7.4200 4.5445
7.4300 4.5384
7.4400 4.5323
7.4500 4.5262
7.4600 4.5202
7.4700 4.5141
7.4800 4.5081
7.4900 4.5021
7.5000 4.4961
7.5100 4.4902
7.5200 4.4842
7.5300 4.4783
7.5400 4.4723
7.5500 4.4664
7.5600 4.4605
7.5700 4.4547
7.5800 4.4488
7.5900 4.4429
7.6000 4.4371
7.6100 4.4313
7.6200 4.4255
7.6300 4.4197
7.6400 4.4139
7.6500 4.4082
7.6600 4.4024
7.6700 4.3967
7.6800 4.3910
7.6900 4.3853
7.7000 4.3796
7.7100 4.3740
7.7200 4.3683
7.7300 4.3627
7.7400 4.3570
7.7500 4.3514
7.7600 4.3458
7.7700 4.3403
7.7800 4.3347
7.7900 4.3291
7.8000 4.3236
7.8100 4.3181
7.8200 4.3126
7.8300 4.3071
7.8400 4.3016
7.8500 4.2961
7.8600 4.2907
7.8700 4.2852
7.8800 4.2798
7.8900 4.2744
7.9000 4.2690
7.9100 4.2636
7.9200 4.2583
7.9300 4.2529
7.9400 4.2476
7.9500 4.2422
7.9600 4.2369
7.9700 4.2316
7.9800 4.2263
7.9900 4.2210
8.0000 4.2158
8.0100 4.2105
8.0200 4.2053
8.0300 4.2001
8.0400 4.1949
8.0500 4.1897
8.0600 4.1845
8.0700 4.1793
8.0800 4.1741
8.0900 4.1690
8.1000 4.1639
8.1100 4.1587
8.1200 4.1536
8.1300 4.1485
8.1400 4.1435
8.1500 4.1384
8.1600 4.1333
8.1700 4.1283
8.1800 4.1232
8.1900 4.1182
8.2000 4.1132
8.2100 4.1082
8.2200 4.1032
8.2300 4.0983
8.2400 4.0933
8.2500 4.0884
8.2600 4.0834
8.2700 4.0785
8.2800 4.0736
8.2900 4.0687
8.3000 4.0638
8.3100 4.0589
8.3200 4.0540
8.3300 4.0492
8.3400 4.0444
8.3500 4.0395
8.3600 4.0347
8.3700 4.0299
8.3800 4.0251
8.3900 4.0203
8.4000 4.0155
8.4100 4.0108
8.4200 4.0060
8.4300 4.0013
8.4400 3.9966
8.4500 3.9918
8.4600 3.9871
8.4700 3.9824
8.4800 3.9778
8.4900 3.9731
8.5000 3.9684
8.5100 3.9638
8.5200 3.9591
8.5300 3.9545
8.5400 3.9499
8.5500 3.9453
8.5600 3.9407
8.5700 3.9361
8.5800 3.9315
8.5900 3.9270
8.6000 3.9224
8.6100 3.9179
8.6200 3.9133
8.6300 3.9088
8.6400 3.9043
8.6500 3.8998
8.6600 3.8953
8.6700 3.8908
8.6800 3.8863
8.6900 3.8819
8.7000 3.8774
8.7100 3.8730
8.7200 3.8686
8.7300 3.8641
8.7400 3.8597
8.7500 3.8553
8.7600 3.8510
8.7700 3.8466
8.7800 3.8422
8.7900 3.8378
8.8000 3.8335
8.8100 3.8292
8.8200 3.8248
8.8300 3.8205
8.8400 3.8162
8.8500 3.8119
8.8600 3.8076
8.8700 3.8033
8.8800 3.7991
8.8900 3.7948
8.9000 3.7905
8.9100 3.7863
8.9200 3.7821
8.9300 3.7778
8.9400 3.7736
8.9500 3.7694
8.9600 3.7652
8.9700 3.7610
8.9800 3.7569
8.9900 3.7527
9.0000 3.7485
9.0100 3.7444
9.0200 3.7403
9.0300 3.7361
9.0400 3.7320
9.0500 3.7279
9.0600 3.7238
9.0700 3.7197
9.0800 3.7156
9.0900 3.7115
9.1000 3.7075
9.1100 3.7034
9.1200 3.6994
9.1300 3.6953
9.1400 3.6913
9.1500 3.6873
9.1600 3.6833
9.1700 3.6792
9.1800 3.6753
9.1900 3.6713
9.2000 3.6673
9.2100 3.6633
9.2200 3.6594
9.2300 3.6554
9.2400 3.6515
9.2500 3.6475
9.2600 3.6436
9.2700 3.6397
9.2800 3.6358
9.2900 3.6319
9.3000 3.6280
9.3100 3.6241
9.3200 3.6202
9.3300 3.6163
9.3400 3.6125
9.3500 3.6086
9.3600 3.6048
9.3700 3.6009
9.3800 3.5971
9.3900 3.5933
9.4000 3.5895
9.4100 3.5857
9.4200 3.5819
9.4300 3.5781
9.4400 3.5743
9.4500 3.5706
9.4600 3.5668
9.4700 3.5630
9.4800 3.5593
9.4900 3.5555
9.5000 3.5518
9.5100 3.5481
9.5200 3.5444
9.5300 3.5407
9.5400 3.5370
9.5500 3.5333
9.5600 3.5296
9.5700 3.5259
9.5800 3.5222
9.5900 3.5186
9.6000 3.5149
9.6100 3.5113
9.6200 3.5076
9.6300 3.5040
9.6400 3.5004
9.6500 3.4968
9.6600 3.4932
9.6700 3.4896
9.6800 3.4860
9.6900 3.4824
9.7000 3.4788
9.7100 3.4752
9.7200 3.4717
9.7300 3.4681
9.7400 3.4646
9.7500 3.4610
9.7600 3.4575
9.7700 3.4540
9.7800 3.4504
9.7900 3.4469
9.8000 3.4434
9.8100 3.4399
9.8200 3.4364
9.8300 3.4329
9.8400 3.4295
9.8500 3.4260
9.8600 3.4225
9.8700 3.4191
9.8800 3.4156
9.8900 3.4122
9.9000 3.4087
9.9100 3.4053
9.9200 3.4019
9.9300 3.3985
9.9400 3.3951
9.9500 3.3917
9.9600 3.3883
9.9700 3.3849
9.9800 3.3815
9.9900 3.3781
10.000 3.3748
10.100 3.3415
10.110 3.3382
10.120 3.3349
10.130 3.3316
10.140 3.3283
10.150 3.3250
10.160 3.3218
10.170 3.3185
10.180 3.3153
10.190 3.3120
10.200 3.3088
10.210 3.3056
10.220 3.3023
10.230 3.2991
10.240 3.2959
10.250 3.2927
10.260 3.2895
10.270 3.2863
10.280 3.2831
10.290 3.2800
10.300 3.2768
10.310 3.2736
10.320 3.2704
10.330 3.2673
10.340 3.2641
10.350 3.2610
10.360 3.2579
10.370 3.2547
10.380 3.2516
10.390 3.2485
10.400 3.2454
10.410 3.2423
10.420 3.2392
10.430 3.2361
10.440 3.2330
10.450 3.2299
10.460 3.2268
10.470 3.2237
10.480 3.2207
10.490 3.2176
10.500 3.2146
10.510 3.2115
10.520 3.2085
10.530 3.2054
10.540 3.2024
10.550 3.1994
10.560 3.1964
10.570 3.1934
10.580 3.1903
10.590 3.1873
10.600 3.1843
10.610 3.1814
10.620 3.1784
10.630 3.1754
10.640 3.1724
10.650 3.1694
10.660 3.1665
10.670 3.1635
10.680 3.1606
10.690 3.1576
10.700 3.1547
10.710 3.1517
10.720 3.1488
10.730 3.1459
10.740 3.1430
10.750 3.1401
10.760 3.1372
10.770 3.1343
10.780 3.1314
10.790 3.1285
10.800 3.1256
10.810 3.1227
10.820 3.1198
10.830 3.1169
10.840 3.1141
10.850 3.1112
10.860 3.1084
10.870 3.1055
10.880 3.1027
10.890 3.0998
10.900 3.0970
10.910 3.0942
10.920 3.0913
10.930 3.0885
10.940 3.0857
10.950 3.0829
10.960 3.0801
10.970 3.0773
10.980 3.0745
10.990 3.0717
11.000 3.0689
11.010 3.0662
11.020 3.0634
11.030 3.0606
11.040 3.0579
11.050 3.0551
11.060 3.0524
11.070 3.0496
11.080 3.0469
11.090 3.0441
11.100 3.0414
11.110 3.0387
11.120 3.0359
11.130 3.0332
11.140 3.0305
11.150 3.0278
11.160 3.0251
11.170 3.0224
11.180 3.0197
11.190 3.0170
11.200 3.0143
11.210 3.0117
11.220 3.0090
11.230 3.0063
11.240 3.0036
11.250 3.0010
11.260 2.9983
11.270 2.9957
11.280 2.9930
11.290 2.9904
11.300 2.9878
11.310 2.9851
11.320 2.9825
11.330 2.9799
11.340 2.9773
11.350 2.9746
11.360 2.9720
11.370 2.9694
11.380 2.9668
11.390 2.9642
11.400 2.9616
11.410 2.9591
11.420 2.9565
11.430 2.9539
11.440 2.9513
11.450 2.9488
11.460 2.9462
11.470 2.9436
11.480 2.9411
11.490 2.9385
11.500 2.9360
11.510 2.9334
11.520 2.9309
11.530 2.9284
11.540 2.9258
11.550 2.9233
11.560 2.9208
11.570 2.9183
11.580 2.9158
11.590 2.9133
11.600 2.9108
11.610 2.9083
11.620 2.9058
11.630 2.9033
11.640 2.9008
11.650 2.8983
11.660 2.8958
11.670 2.8934
11.680 2.8909
11.690 2.8884
11.700 2.8860
11.710 2.8835
11.720 2.8811
11.730 2.8786
11.740 2.8762
11.750 2.8737
11.760 2.8713
11.770 2.8689
11.780 2.8665
11.790 2.8640
11.800 2.8616
11.810 2.8592
11.820 2.8568
11.830 2.8544
11.840 2.8520
11.850 2.8496
11.860 2.8472
11.870 2.8448
11.880 2.8424
11.890 2.8400
11.900 2.8377
11.910 2.8353
11.920 2.8329
11.930 2.8305
11.940 2.8282
11.950 2.8258
11.960 2.8235
11.970 2.8211
11.980 2.8188
11.990 2.8164
12.000 2.8141
12.010 2.8118
12.020 2.8094
12.030 2.8071
12.040 2.8048
12.050 2.8025
12.060 2.8002
12.070 2.7978
12.080 2.7955
12.090 2.7932
12.100 2.7909
12.110 2.7886
12.120 2.7863
12.130 2.7841
12.140 2.7818
12.150 2.7795
12.160 2.7772
12.170 2.7749
12.180 2.7727
12.190 2.7704
12.200 2.7681
12.210 2.7659
12.220 2.7636
12.230 2.7614
12.240 2.7591
12.250 2.7569
12.260 2.7547
12.270 2.7524
12.280 2.7502
12.290 2.7480
12.300 2.7457
12.310 2.7435
12.320 2.7413
12.330 2.7391
12.340 2.7369
12.350 2.7347
12.360 2.7325
12.370 2.7303
12.380 2.7281
12.390 2.7259
12.400 2.7237
12.410 2.7215
12.420 2.7193
12.430 2.7171
12.440 2.7150
12.450 2.7128
12.460 2.7106
12.470 2.7084
12.480 2.7063
12.490 2.7041
12.500 2.7020
12.510 2.6998
12.520 2.6977
12.530 2.6955
12.540 2.6934
12.550 2.6913
12.560 2.6891
12.570 2.6870
12.580 2.6849
12.590 2.6827
12.600 2.6806
12.610 2.6785
12.620 2.6764
12.630 2.6743
12.640 2.6722
12.650 2.6701
12.660 2.6680
12.670 2.6659
12.680 2.6638
12.690 2.6617
12.700 2.6596
12.710 2.6575
12.720 2.6554
12.730 2.6534
12.740 2.6513
12.750 2.6492
12.760 2.6471
12.770 2.6451
12.780 2.6430
12.790 2.6410
12.800 2.6389
12.810 2.6368
12.820 2.6348
12.830 2.6328
12.840 2.6307
12.850 2.6287
12.860 2.6266
12.870 2.6246
12.880 2.6226
12.890 2.6206
12.900 2.6185
12.910 2.6165
12.920 2.6145
12.930 2.6125
12.940 2.6105
12.950 2.6085
12.960 2.6065
12.970 2.6045
12.980 2.6025
12.990 2.6005
13.000 2.5985
13.010 2.5965
13.020 2.5945
13.030 2.5925
13.040 2.5905
13.050 2.5886
13.060 2.5866
13.070 2.5846
13.080 2.5826
13.090 2.5807
13.100 2.5787
13.110 2.5768
13.120 2.5748
13.130 2.5729
13.140 2.5709
13.150 2.5690
13.160 2.5670
13.170 2.5651
13.180 2.5631
13.190 2.5612
13.200 2.5593
13.210 2.5573
13.220 2.5554
13.230 2.5535
13.240 2.5516
13.250 2.5496
13.260 2.5477
13.270 2.5458
13.280 2.5439
13.290 2.5420
13.300 2.5401
13.310 2.5382
13.320 2.5363
13.330 2.5344
13.340 2.5325
13.350 2.5306
13.360 2.5287
13.370 2.5269
13.380 2.5250
13.390 2.5231
13.400 2.5212
13.410 2.5194
13.420 2.5175
13.430 2.5156
13.440 2.5138
13.450 2.5119
13.460 2.5100
13.470 2.5082
13.480 2.5063
13.490 2.5045
13.500 2.5026
13.510 2.5008
13.520 2.4989
13.530 2.4971
13.540 2.4953
13.550 2.4934
13.560 2.4916
13.570 2.4898
13.580 2.4880
13.590 2.4861
13.600 2.4843
13.610 2.4825
13.620 2.4807
13.630 2.4789
13.640 2.4771
13.650 2.4753
13.660 2.4735
13.670 2.4716
13.680 2.4699
13.690 2.4681
13.700 2.4663
13.710 2.4645
13.720 2.4627
13.730 2.4609
13.740 2.4591
13.750 2.4573
13.760 2.4556
13.770 2.4538
13.780 2.4520
13.790 2.4502
13.800 2.4485
13.810 2.4467
13.820 2.4449
13.830 2.4432
13.840 2.4414
13.850 2.4397
13.860 2.4379
13.870 2.4362
13.880 2.4344
13.890 2.4327
13.900 2.4309
13.910 2.4292
13.920 2.4275
13.930 2.4257
13.940 2.4240
13.950 2.4223
13.960 2.4205
13.970 2.4188
13.980 2.4171
13.990 2.4154
14.000 2.4136
14.010 2.4119
14.020 2.4102
14.030 2.4085
14.040 2.4068
14.050 2.4051
14.060 2.4034
14.070 2.4017
14.080 2.4000
14.090 2.3983
14.100 2.3966
14.110 2.3949
14.120 2.3932
14.130 2.3915
14.140 2.3899
14.150 2.3882
14.160 2.3865
14.170 2.3848
14.180 2.3831
14.190 2.3815
14.200 2.3798
14.210 2.3781
14.220 2.3765
14.230 2.3748
14.240 2.3732
14.250 2.3715
14.260 2.3698
14.270 2.3682
14.280 2.3665
14.290 2.3649
14.300 2.3632
14.310 2.3616
14.320 2.3600
14.330 2.3583
14.340 2.3567
14.350 2.3550
14.360 2.3534
14.370 2.3518
14.380 2.3502
14.390 2.3485
14.400 2.3469
14.410 2.3453
14.420 2.3437
14.430 2.3421
14.440 2.3404
14.450 2.3388
14.460 2.3372
14.470 2.3356
14.480 2.3340
14.490 2.3324
14.500 2.3308
14.510 2.3292
14.520 2.3276
14.530 2.3260
14.540 2.3244
14.550 2.3228
14.560 2.3212
14.570 2.3197
14.580 2.3181
14.590 2.3165
14.600 2.3149
14.610 2.3133
14.620 2.3118
14.630 2.3102
14.640 2.3086
14.650 2.3070
14.660 2.3055
14.670 2.3039
14.680 2.3024
14.690 2.3008
14.700 2.2992
14.710 2.2977
14.720 2.2961
14.730 2.2946
14.740 2.2930
14.750 2.2915
14.760 2.2899
14.770 2.2884
14.780 2.2869
14.790 2.2853
14.800 2.2838
14.810 2.2822
14.820 2.2807
14.830 2.2792
14.840 2.2777
14.850 2.2761
14.860 2.2746
14.870 2.2731
14.880 2.2716
14.890 2.2700
14.900 2.2685
14.910 2.2670
14.920 2.2655
14.930 2.2640
14.940 2.2625
14.950 2.2610
14.960 2.2595
14.970 2.2580
14.980 2.2565
14.990 2.2550
15.000 2.2535
15.100 2.2386
15.110 2.2371
15.120 2.2357
15.130 2.2342
15.140 2.2327
15.150 2.2313
15.160 2.2298
15.170 2.2283
15.180 2.2269
15.190 2.2254
15.200 2.2240
15.210 2.2225
15.220 2.2211
15.230 2.2196
15.240 2.2182
15.250 2.2167
15.260 2.2153
15.270 2.2138
15.280 2.2124
15.290 2.2109
15.300 2.2095
15.310 2.2081
15.320 2.2066
15.330 2.2052
15.340 2.2038
15.350 2.2023
15.360 2.2009
15.370 2.1995
15.380 2.1981
15.390 2.1966
15.400 2.1952
15.410 2.1938
15.420 2.1924
15.430 2.1910
15.440 2.1896
15.450 2.1882
15.460 2.1868
15.470 2.1853
15.480 2.1839
15.490 2.1825
15.500 2.1811
15.510 2.1797
15.520 2.1783
15.530 2.1769
15.540 2.1756
15.550 2.1742
15.560 2.1728
15.570 2.1714
15.580 2.1700
15.590 2.1686
15.600 2.1672
15.610 2.1658
15.620 2.1645
15.630 2.1631
15.640 2.1617
15.650 2.1603
15.660 2.1590
15.670 2.1576
15.680 2.1562
15.690 2.1549
15.700 2.1535
15.710 2.1521
15.720 2.1508
15.730 2.1494
15.740 2.1481
15.750 2.1467
15.760 2.1453
15.770 2.1440
15.780 2.1426
15.790 2.1413
15.800 2.1399
15.810 2.1386
15.820 2.1372
15.830 2.1359
15.840 2.1346
15.850 2.1332
15.860 2.1319
15.870 2.1305
15.880 2.1292
15.890 2.1279
15.900 2.1265
15.910 2.1252
15.920 2.1239
15.930 2.1226
15.940 2.1212
15.950 2.1199
15.960 2.1186
15.970 2.1173
15.980 2.1160
15.990 2.1146
16.000 2.1133
16.010 2.1120
16.020 2.1107
16.030 2.1094
16.040 2.1081
16.050 2.1068
16.060 2.1055
16.070 2.1042
16.080 2.1029
16.090 2.1016
16.100 2.1003
16.110 2.0990
16.120 2.0977
16.130 2.0964
16.140 2.0951
16.150 2.0938
16.160 2.0925
16.170 2.0912
16.180 2.0899
16.190 2.0887
16.200 2.0874
16.210 2.0861
16.220 2.0848
16.230 2.0835
16.240 2.0823
16.250 2.0810
16.260 2.0797
16.270 2.0784
16.280 2.0772
16.290 2.0759
16.300 2.0746
16.310 2.0734
16.320 2.0721
16.330 2.0708
16.340 2.0696
16.350 2.0683
16.360 2.0671
16.370 2.0658
16.380 2.0646
16.390 2.0633
16.400 2.0621
16.410 2.0608
16.420 2.0596
16.430 2.0583
16.440 2.0571
16.450 2.0558
16.460 2.0546
16.470 2.0533
16.480 2.0521
16.490 2.0509
16.500 2.0496
16.510 2.0484
16.520 2.0472
16.530 2.0459
16.540 2.0447
16.550 2.0435
16.560 2.0422
16.570 2.0410
16.580 2.0398
16.590 2.0386
16.600 2.0373
16.610 2.0361
16.620 2.0349
16.630 2.0337
16.640 2.0325
16.650 2.0313
16.660 2.0300
16.670 2.0288
16.680 2.0276
16.690 2.0264
16.700 2.0252
16.710 2.0240
16.720 2.0228
16.730 2.0216
16.740 2.0204
16.750 2.0192
16.760 2.0180
16.770 2.0168
16.780 2.0156
16.790 2.0144
16.800 2.0132
16.810 2.0120
16.820 2.0108
16.830 2.0097
16.840 2.0085
16.850 2.0073
16.860 2.0061
16.870 2.0049
16.880 2.0037
16.890 2.0026
16.900 2.0014
16.910 2.0002
16.920 1.9990
16.930 1.9978
16.940 1.9967
16.950 1.9955
16.960 1.9943
16.970 1.9932
16.980 1.9920
16.990 1.9908
17.000 1.9897
17.010 1.9885
17.020 1.9873
17.030 1.9862
17.040 1.9850
17.050 1.9839
17.060 1.9827
17.070 1.9816
17.080 1.9804
17.090 1.9793
17.100 1.9781
17.110 1.9770
17.120 1.9758
17.130 1.9747
17.140 1.9735
17.150 1.9724
17.160 1.9712
17.170 1.9701
17.180 1.9689
17.190 1.9678
17.200 1.9667
17.210 1.9655
17.220 1.9644
17.230 1.9633
17.240 1.9621
17.250 1.9610
17.260 1.9599
17.270 1.9587
17.280 1.9576
17.290 1.9565
17.300 1.9554
17.310 1.9542
17.320 1.9531
17.330 1.9520
17.340 1.9509
17.350 1.9498
17.360 1.9486
17.370 1.9475
17.380 1.9464
17.390 1.9453
17.400 1.9442
17.410 1.9431
17.420 1.9420
17.430 1.9409
17.440 1.9398
17.450 1.9386
17.460 1.9375
17.470 1.9364
17.480 1.9353
17.490 1.9342
17.500 1.9331
17.510 1.9320
17.520 1.9309
17.530 1.9299
17.540 1.9288
17.550 1.9277
17.560 1.9266
17.570 1.9255
17.580 1.9244
17.590 1.9233
17.600 1.9222
17.610 1.9211
17.620 1.9201
17.630 1.9190
17.640 1.9179
17.650 1.9168
17.660 1.9157
17.670 1.9147
17.680 1.9136
17.690 1.9125
17.700 1.9114
17.710 1.9104
17.720 1.9093
17.730 1.9082
17.740 1.9071
17.750 1.9061
17.760 1.9050
17.770 1.9039
17.780 1.9029
17.790 1.9018
17.800 1.9008
17.810 1.8997
17.820 1.8986
17.830 1.8976
17.840 1.8965
17.850 1.8955
17.860 1.8944
17.870 1.8933
17.880 1.8923
17.890 1.8912
17.900 1.8902
17.910 1.8891
17.920 1.8881
17.930 1.8871
17.940 1.8860
17.950 1.8850
17.960 1.8839
17.970 1.8829
17.980 1.8818
17.990 1.8808
18.000 1.8798
18.010 1.8787
18.020 1.8777
18.030 1.8766
18.040 1.8756
18.050 1.8746
18.060 1.8735
18.070 1.8725
18.080 1.8715
18.090 1.8705
18.100 1.8694
18.110 1.8684
18.120 1.8674
18.130 1.8664
18.140 1.8653
18.150 1.8643
18.160 1.8633
18.170 1.8623
18.180 1.8613
18.190 1.8602
18.200 1.8592
18.210 1.8582
18.220 1.8572
18.230 1.8562
18.240 1.8552
18.250 1.8542
18.260 1.8532
18.270 1.8521
18.280 1.8511
18.290 1.8501
18.300 1.8491
18.310 1.8481
18.320 1.8471
18.330 1.8461
18.340 1.8451
18.350 1.8441
18.360 1.8431
18.370 1.8421
18.380 1.8411
18.390 1.8401
18.400 1.8391
18.410 1.8381
18.420 1.8372
18.430 1.8362
18.440 1.8352
18.450 1.8342
18.460 1.8332
18.470 1.8322
18.480 1.8312
18.490 1.8302
18.500 1.8293
18.510 1.8283
18.520 1.8273
18.530 1.8263
18.540 1.8253
18.550 1.8244
18.560 1.8234
18.570 1.8224
18.580 1.8214
18.590 1.8205
18.600 1.8195
18.610 1.8185
18.620 1.8175
18.630 1.8166
18.640 1.8156
18.650 1.8146
18.660 1.8137
18.670 1.8127
18.680 1.8117
18.690 1.8108
18.700 1.8098
18.710 1.8089
18.720 1.8079
18.730 1.8069
18.740 1.8060
18.750 1.8050
18.760 1.8041
18.770 1.8031
18.780 1.8022
18.790 1.8012
18.800 1.8002
18.810 1.7993
18.820 1.7983
18.830 1.7974
18.840 1.7964
18.850 1.7955
18.860 1.7946
18.870 1.7936
18.880 1.7927
18.890 1.7917
18.900 1.7908
18.910 1.7898
18.920 1.7889
18.930 1.7880
18.940 1.7870
18.950 1.7861
18.960 1.7852
18.970 1.7842
18.980 1.7833
18.990 1.7823
19.000 1.7814
19.010 1.7805
19.020 1.7796
19.030 1.7786
19.040 1.7777
19.050 1.7768
19.060 1.7758
19.070 1.7749
19.080 1.7740
19.090 1.7731
19.100 1.7721
19.110 1.7712
19.120 1.7703
19.130 1.7694
19.140 1.7685
19.150 1.7676
19.160 1.7666
19.170 1.7657
19.180 1.7648
19.190 1.7639
19.200 1.7630
19.210 1.7621
19.220 1.7612
19.230 1.7602
19.240 1.7593
19.250 1.7584
19.260 1.7575
19.270 1.7566
19.280 1.7557
19.290 1.7548
19.300 1.7539
19.310 1.7530
19.320 1.7521
19.330 1.7512
19.340 1.7503
19.350 1.7494
19.360 1.7485
19.370 1.7476
19.380 1.7467
19.390 1.7458
19.400 1.7449
19.410 1.7440
19.420 1.7431
19.430 1.7422
19.440 1.7414
19.450 1.7405
19.460 1.7396
19.470 1.7387
19.480 1.7378
19.490 1.7369
19.500 1.7360
19.510 1.7351
19.520 1.7343
19.530 1.7334
19.540 1.7325
19.550 1.7316
19.560 1.7307
19.570 1.7299
19.580 1.7290
19.590 1.7281
19.600 1.7272
19.610 1.7264
19.620 1.7255
19.630 1.7246
19.640 1.7237
19.650 1.7229
19.660 1.7220
19.670 1.7211
19.680 1.7203
19.690 1.7194
19.700 1.7185
19.710 1.7177
19.720 1.7168
19.730 1.7159
19.740 1.7151
19.750 1.7142
19.760 1.7133
19.770 1.7125
19.780 1.7116
19.790 1.7108
19.800 1.7099
19.810 1.7090
19.820 1.7082
19.830 1.7073
19.840 1.7065
19.850 1.7056
19.860 1.7048
19.870 1.7039
19.880 1.7031
19.890 1.7022
19.900 1.7014
19.910 1.7005
19.920 1.6997
19.930 1.6988
19.940 1.6980
19.950 1.6971
19.960 1.6963
19.970 1.6954
19.980 1.6946
19.990 1.6938
20.000 1.6929
20.100 1.6845
20.110 1.6837
20.120 1.6829
20.130 1.6821
20.140 1.6812
20.150 1.6804
20.160 1.6796
20.170 1.6787
20.180 1.6779
20.190 1.6771
20.200 1.6763
20.210 1.6754
20.220 1.6746
20.230 1.6738
20.240 1.6730
20.250 1.6722
20.260 1.6713
20.270 1.6705
20.280 1.6697
20.290 1.6689
20.300 1.6681
20.310 1.6672
20.320 1.6664
20.330 1.6656
20.340 1.6648
20.350 1.6640
20.360 1.6632
20.370 1.6624
20.380 1.6616
20.390 1.6608
20.400 1.6599
20.410 1.6591
20.420 1.6583
20.430 1.6575
20.440 1.6567
20.450 1.6559
20.460 1.6551
20.470 1.6543
20.480 1.6535
20.490 1.6527
20.500 1.6519
20.510 1.6511
20.520 1.6503
20.530 1.6495
20.540 1.6487
20.550 1.6479
20.560 1.6471
20.570 1.6463
20.580 1.6455
20.590 1.6447
20.600 1.6439
20.610 1.6431
20.620 1.6424
20.630 1.6416
20.640 1.6408
20.650 1.6400
20.660 1.6392
20.670 1.6384
20.680 1.6376
20.690 1.6368
20.700 1.6361
20.710 1.6353
20.720 1.6345
20.730 1.6337
20.740 1.6329
20.750 1.6321
20.760 1.6314
20.770 1.6306
20.780 1.6298
20.790 1.6290
20.800 1.6282
20.810 1.6275
20.820 1.6267
20.830 1.6259
20.840 1.6251
20.850 1.6244
20.860 1.6236
20.870 1.6228
20.880 1.6220
20.890 1.6213
20.900 1.6205
20.910 1.6197
20.920 1.6190
20.930 1.6182
20.940 1.6174
20.950 1.6167
20.960 1.6159
20.970 1.6151
20.980 1.6144
20.990 1.6136
21.000 1.6128
21.010 1.6121
21.020 1.6113
21.030 1.6106
21.040 1.6098
21.050 1.6090
21.060 1.6083
21.070 1.6075
21.080 1.6068
21.090 1.6060
21.100 1.6053
21.110 1.6045
21.120 1.6037
21.130 1.6030
21.140 1.6022
21.150 1.6015
21.160 1.6007
21.170 1.6000
21.180 1.5992
21.190 1.5985
21.200 1.5977
21.210 1.5970
21.220 1.5962
21.230 1.5955
21.240 1.5947
21.250 1.5940
21.260 1.5933
21.270 1.5925
21.280 1.5918
21.290 1.5910
21.300 1.5903
21.310 1.5895
21.320 1.5888
21.330 1.5881
21.340 1.5873
21.350 1.5866
21.360 1.5859
21.370 1.5851
21.380 1.5844
21.390 1.5836
21.400 1.5829
21.410 1.5822
21.420 1.5814
21.430 1.5807
21.440 1.5800
21.450 1.5792
21.460 1.5785
21.470 1.5778
21.480 1.5771
21.490 1.5763
21.500 1.5756
21.510 1.5749
21.520 1.5742
21.530 1.5734
21.540 1.5727
21.550 1.5720
21.560 1.5713
21.570 1.5705
21.580 1.5698
21.590 1.5691
21.600 1.5684
21.610 1.5676
21.620 1.5669
21.630 1.5662
21.640 1.5655
21.650 1.5648
21.660 1.5640
21.670 1.5633
21.680 1.5626
21.690 1.5619
21.700 1.5612
21.710 1.5605
21.720 1.5598
21.730 1.5590
21.740 1.5583
21.750 1.5576
21.760 1.5569
21.770 1.5562
21.780 1.5555
21.790 1.5548
21.800 1.5541
21.810 1.5534
21.820 1.5527
21.830 1.5520
21.840 1.5513
21.850 1.5505
21.860 1.5498
21.870 1.5491
21.880 1.5484
21.890 1.5477
21.900 1.5470
21.910 1.5463
21.920 1.5456
21.930 1.5449
21.940 1.5442
21.950 1.5435
21.960 1.5428
21.970 1.5421
21.980 1.5414
21.990 1.5408
22.000 1.5401
22.010 1.5394
22.020 1.5387
22.030 1.5380
22.040 1.5373
22.050 1.5366
22.060 1.5359
22.070 1.5352
22.080 1.5345
22.090 1.5338
22.100 1.5331
22.110 1.5325
22.120 1.5318
22.130 1.5311
22.140 1.5304
22.150 1.5297
22.160 1.5290
22.170 1.5283
22.180 1.5277
22.190 1.5270
22.200 1.5263
22.210 1.5256
22.220 1.5249
22.230 1.5242
22.240 1.5236
22.250 1.5229
22.260 1.5222
22.270 1.5215
22.280 1.5208
22.290 1.5202
22.300 1.5195
22.310 1.5188
22.320 1.5181
22.330 1.5175
22.340 1.5168
22.350 1.5161
22.360 1.5154
22.370 1.5148
22.380 1.5141
22.390 1.5134
22.400 1.5128
22.410 1.5121
22.420 1.5114
22.430 1.5108
22.440 1.5101
22.450 1.5094
22.460 1.5088
22.470 1.5081
22.480 1.5074
22.490 1.5068
22.500 1.5061
22.510 1.5054
22.520 1.5048
22.530 1.5041
22.540 1.5034
22.550 1.5028
22.560 1.5021
22.570 1.5015
22.580 1.5008
22.590 1.5001
22.600 1.4995
22.610 1.4988
22.620 1.4982
22.630 1.4975
22.640 1.4968
22.650 1.4962
22.660 1.4955
22.670 1.4949
22.680 1.4942
22.690 1.4936
22.700 1.4929
22.710 1.4923
22.720 1.4916
22.730 1.4910
22.740 1.4903
22.750 1.4897
22.760 1.4890
22.770 1.4884
22.780 1.4877
22.790 1.4871
22.800 1.4864
22.810 1.4858
22.820 1.4851
22.830 1.4845
22.840 1.4838
22.850 1.4832
22.860 1.4826
22.870 1.4819
22.880 1.4813
22.890 1.4806
22.900 1.4800
22.910 1.4793
22.920 1.4787
22.930 1.4781
22.940 1.4774
22.950 1.4768
22.960 1.4761
22.970 1.4755
22.980 1.4749
22.990 1.4742
23.000 1.4736
23.010 1.4730
23.020 1.4723
23.030 1.4717
23.040 1.4711
23.050 1.4704
23.060 1.4698
23.070 1.4692
23.080 1.4685
23.090 1.4679
23.100 1.4673
23.110 1.4666
23.120 1.4660
23.130 1.4654
23.140 1.4648
23.150 1.4641
23.160 1.4635
23.170 1.4629
23.180 1.4622
23.190 1.4616
23.200 1.4610
23.210 1.4604
23.220 1.4597
23.230 1.4591
23.240 1.4585
23.250 1.4579
23.260 1.4573
23.270 1.4566
23.280 1.4560
23.290 1.4554
23.300 1.4548
23.310 1.4542
23.320 1.4535
23.330 1.4529
23.340 1.4523
23.350 1.4517
23.360 1.4511
23.370 1.4505
23.380 1.4498
23.390 1.4492
23.400 1.4486
23.410 1.4480
23.420 1.4474
23.430 1.4468
23.440 1.4462
23.450 1.4455
23.460 1.4449
23.470 1.4443
23.480 1.4437
23.490 1.4431
23.500 1.4425
23.510 1.4419
23.520 1.4413
23.530 1.4407
23.540 1.4401
23.550 1.4395
23.560 1.4389
23.570 1.4382
23.580 1.4376
23.590 1.4370
23.600 1.4364
23.610 1.4358
23.620 1.4352
23.630 1.4346
23.640 1.4340
23.650 1.4334
23.660 1.4328
23.670 1.4322
23.680 1.4316
23.690 1.4310
23.700 1.4304
23.710 1.4298
23.720 1.4292
23.730 1.4286
23.740 1.4280
23.750 1.4274
23.760 1.4268
23.770 1.4262
23.780 1.4256
23.790 1.4251
23.800 1.4245
23.810 1.4239
23.820 1.4233
23.830 1.4227
23.840 1.4221
23.850 1.4215
23.860 1.4209
23.870 1.4203
23.880 1.4197
23.890 1.4191
23.900 1.4185
23.910 1.4180
23.920 1.4174
23.930 1.4168
23.940 1.4162
23.950 1.4156
23.960 1.4150
23.970 1.4144
23.980 1.4139
23.990 1.4133
24.000 1.4127
24.010 1.4121
24.020 1.4115
24.030 1.4109
24.040 1.4104
24.050 1.4098
24.060 1.4092
24.070 1.4086
24.080 1.4080
24.090 1.4075
24.100 1.4069
24.110 1.4063
24.120 1.4057
24.130 1.4051
24.140 1.4046
24.150 1.4040
24.160 1.4034
24.170 1.4028
24.180 1.4023
24.190 1.4017
24.200 1.4011
24.210 1.4005
24.220 1.4000
24.230 1.3994
24.240 1.3988
24.250 1.3982
24.260 1.3977
24.270 1.3971
24.280 1.3965
24.290 1.3960
24.300 1.3954
24.310 1.3948
24.320 1.3943
24.330 1.3937
24.340 1.3931
24.350 1.3925
24.360 1.3920
24.370 1.3914
24.380 1.3908
24.390 1.3903
24.400 1.3897
24.410 1.3892
24.420 1.3886
24.430 1.3880
24.440 1.3875
24.450 1.3869
24.460 1.3863
24.470 1.3858
24.480 1.3852
24.490 1.3847
24.500 1.3841
24.510 1.3835
24.520 1.3830
24.530 1.3824
24.540 1.3819
24.550 1.3813
24.560 1.3807
24.570 1.3802
24.580 1.3796
24.590 1.3791
24.600 1.3785
24.610 1.3780
24.620 1.3774
24.630 1.3768
24.640 1.3763
24.650 1.3757
24.660 1.3752
24.670 1.3746
24.680 1.3741
24.690 1.3735
24.700 1.3730
24.710 1.3724
24.720 1.3719
24.730 1.3713
24.740 1.3708
24.750 1.3702
24.760 1.3697
24.770 1.3691
24.780 1.3686
24.790 1.3680
24.800 1.3675
24.810 1.3669
24.820 1.3664
24.830 1.3659
24.840 1.3653
24.850 1.3648
24.860 1.3642
24.870 1.3637
24.880 1.3631
24.890 1.3626
24.900 1.3620
24.910 1.3615
24.920 1.3610
24.930 1.3604
24.940 1.3599
24.950 1.3593
24.960 1.3588
24.970 1.3583
24.980 1.3577
24.990 1.3572
25.000 1.3566
25.100 1.3513
25.110 1.3508
25.120 1.3502
25.130 1.3497
25.140 1.3492
25.150 1.3486
25.160 1.3481
25.170 1.3476
25.180 1.3470
25.190 1.3465
25.200 1.3460
25.210 1.3454
25.220 1.3449
25.230 1.3444
25.240 1.3439
25.250 1.3433
25.260 1.3428
25.270 1.3423
25.280 1.3417
25.290 1.3412
25.300 1.3407
25.310 1.3402
25.320 1.3396
25.330 1.3391
25.340 1.3386
25.350 1.3381
25.360 1.3376
25.370 1.3370
25.380 1.3365
25.390 1.3360
25.400 1.3355
25.410 1.3349
25.420 1.3344
25.430 1.3339
25.440 1.3334
25.450 1.3329
25.460 1.3323
25.470 1.3318
25.480 1.3313
25.490 1.3308
25.500 1.3303
25.510 1.3298
25.520 1.3292
25.530 1.3287
25.540 1.3282
25.550 1.3277
25.560 1.3272
25.570 1.3267
25.580 1.3262
25.590 1.3256
25.600 1.3251
25.610 1.3246
25.620 1.3241
25.630 1.3236
25.640 1.3231
25.650 1.3226
25.660 1.3221
25.670 1.3215
25.680 1.3210
25.690 1.3205
25.700 1.3200
25.710 1.3195
25.720 1.3190
25.730 1.3185
25.740 1.3180
25.750 1.3175
25.760 1.3170
25.770 1.3165
25.780 1.3160
25.790 1.3154
25.800 1.3149
25.810 1.3144
25.820 1.3139
25.830 1.3134
25.840 1.3129
25.850 1.3124
25.860 1.3119
25.870 1.3114
25.880 1.3109
25.890 1.3104
25.900 1.3099
25.910 1.3094
25.920 1.3089
25.930 1.3084
25.940 1.3079
25.950 1.3074
25.960 1.3069
25.970 1.3064
25.980 1.3059
25.990 1.3054
26.000 1.3049
26.010 1.3044
26.020 1.3039
26.030 1.3034
26.040 1.3029
26.050 1.3024
26.060 1.3019
26.070 1.3014
26.080 1.3010
26.090 1.3005
26.100 1.3000
26.110 1.2995
26.120 1.2990
26.130 1.2985
26.140 1.2980
26.150 1.2975
26.160 1.2970
26.170 1.2965
26.180 1.2960
26.190 1.2955
26.200 1.2950
26.210 1.2946
26.220 1.2941
26.230 1.2936
26.240 1.2931
26.250 1.2926
26.260 1.2921
26.270 1.2916
26.280 1.2911
26.290 1.2907
26.300 1.2902
26.310 1.2897
26.320 1.2892
26.330 1.2887
26.340 1.2882
26.350 1.2877
26.360 1.2873
26.370 1.2868
26.380 1.2863
26.390 1.2858
26.400 1.2853
26.410 1.2848
26.420 1.2844
26.430 1.2839
26.440 1.2834
26.450 1.2829
26.460 1.2824
26.470 1.2820
26.480 1.2815
26.490 1.2810
26.500 1.2805
26.510 1.2800
26.520 1.2796
26.530 1.2791
26.540 1.2786
26.550 1.2781
26.560 1.2777
26.570 1.2772
26.580 1.2767
26.590 1.2762
26.600 1.2758
26.610 1.2753
26.620 1.2748
26.630 1.2743
26.640 1.2739
26.650 1.2734
26.660 1.2729
26.670 1.2724
26.680 1.2720
26.690 1.2715
26.700 1.2710
26.710 1.2705
26.720 1.2701
26.730 1.2696
26.740 1.2691
26.750 1.2687
26.760 1.2682
26.770 1.2677
26.780 1.2673
26.790 1.2668
26.800 1.2663
26.810 1.2659
26.820 1.2654
26.830 1.2649
26.840 1.2645
26.850 1.2640
26.860 1.2635
26.870 1.2631
26.880 1.2626
26.890 1.2621
26.900 1.2617
26.910 1.2612
26.920 1.2607
26.930 1.2603
26.940 1.2598
26.950 1.2593
26.960 1.2589
26.970 1.2584
26.980 1.2580
26.990 1.2575
27.000 1.2570
27.010 1.2566
27.020 1.2561
27.030 1.2556
27.040 1.2552
27.050 1.2547
27.060 1.2543
27.070 1.2538
27.080 1.2533
27.090 1.2529
27.100 1.2524
27.110 1.2520
27.120 1.2515
27.130 1.2511
27.140 1.2506
27.150 1.2501
27.160 1.2497
27.170 1.2492
27.180 1.2488
27.190 1.2483
27.200 1.2479
27.210 1.2474
27.220 1.2470
27.230 1.2465
27.240 1.2461
27.250 1.2456
27.260 1.2452
27.270 1.2447
27.280 1.2442
27.290 1.2438
27.300 1.2433
27.310 1.2429
27.320 1.2424
27.330 1.2420
27.340 1.2415
27.350 1.2411
27.360 1.2406
27.370 1.2402
27.380 1.2397
27.390 1.2393
27.400 1.2389
27.410 1.2384
27.420 1.2380
27.430 1.2375
27.440 1.2371
27.450 1.2366
27.460 1.2362
27.470 1.2357
27.480 1.2353
27.490 1.2348
27.500 1.2344
27.510 1.2339
27.520 1.2335
27.530 1.2331
27.540 1.2326
27.550 1.2322
27.560 1.2317
27.570 1.2313
27.580 1.2308
27.590 1.2304
27.600 1.2300
27.610 1.2295
27.620 1.2291
27.630 1.2286
27.640 1.2282
27.650 1.2278
27.660 1.2273
27.670 1.2269
27.680 1.2264
27.690 1.2260
27.700 1.2256
27.710 1.2251
27.720 1.2247
27.730 1.2242
27.740 1.2238
27.750 1.2234
27.760 1.2229
27.770 1.2225
27.780 1.2221
27.790 1.2216
27.800 1.2212
27.810 1.2208
27.820 1.2203
27.830 1.2199
27.840 1.2195
27.850 1.2190
27.860 1.2186
27.870 1.2182
27.880 1.2177
27.890 1.2173
27.900 1.2169
27.910 1.2164
27.920 1.2160
27.930 1.2156
27.940 1.2151
27.950 1.2147
27.960 1.2143
27.970 1.2138
27.980 1.2134
27.990 1.2130
28.000 1.2126
28.010 1.2121
28.020 1.2117
28.030 1.2113
28.040 1.2108
28.050 1.2104
28.060 1.2100
28.070 1.2096
28.080 1.2091
28.090 1.2087
28.100 1.2083
28.110 1.2079
28.120 1.2074
28.130 1.2070
28.140 1.2066
28.150 1.2062
28.160 1.2057
28.170 1.2053
28.180 1.2049
28.190 1.2045
28.200 1.2040
28.210 1.2036
28.220 1.2032
28.230 1.2028
28.240 1.2024
28.250 1.2019
28.260 1.2015
28.270 1.2011
28.280 1.2007
28.290 1.2003
28.300 1.1998
28.310 1.1994
28.320 1.1990
28.330 1.1986
28.340 1.1982
28.350 1.1977
28.360 1.1973
28.370 1.1969
28.380 1.1965
28.390 1.1961
28.400 1.1956
28.410 1.1952
28.420 1.1948
28.430 1.1944
28.440 1.1940
28.450 1.1936
28.460 1.1932
28.470 1.1927
28.480 1.1923
28.490 1.1919
28.500 1.1915
28.510 1.1911
28.520 1.1907
28.530 1.1903
28.540 1.1898
28.550 1.1894
28.560 1.1890
28.570 1.1886
28.580 1.1882
28.590 1.1878
28.600 1.1874
28.610 1.1870
28.620 1.1865
28.630 1.1861
28.640 1.1857
28.650 1.1853
28.660 1.1849
28.670 1.1845
28.680 1.1841
28.690 1.1837
28.700 1.1833
28.710 1.1829
28.720 1.1825
28.730 1.1821
28.740 1.1816
28.750 1.1812
28.760 1.1808
28.770 1.1804
28.780 1.1800
28.790 1.1796
28.800 1.1792
28.810 1.1788
28.820 1.1784
28.830 1.1780
28.840 1.1776
28.850 1.1772
28.860 1.1768
28.870 1.1764
28.880 1.1760
28.890 1.1756
28.900 1.1752
28.910 1.1748
28.920 1.1744
28.930 1.1740
28.940 1.1736
28.950 1.1732
28.960 1.1728
28.970 1.1724
28.980 1.1720
28.990 1.1716
29.000 1.1712
29.010 1.1708
29.020 1.1704
29.030 1.1700
29.040 1.1696
29.050 1.1692
29.060 1.1688
29.070 1.1684
29.080 1.1680
29.090 1.1676
29.100 1.1672
29.110 1.1668
29.120 1.1664
29.130 1.1660
29.140 1.1656
29.150 1.1652
29.160 1.1648
29.170 1.1644
29.180 1.1640
29.190 1.1636
29.200 1.1632
29.210 1.1628
29.220 1.1624
29.230 1.1620
29.240 1.1616
29.250 1.1613
29.260 1.1609
29.270 1.1605
29.280 1.1601
29.290 1.1597
29.300 1.1593
29.310 1.1589
29.320 1.1585
29.330 1.1581
29.340 1.1577
29.350 1.1573
29.360 1.1569
29.370 1.1566
29.380 1.1562
29.390 1.1558
29.400 1.1554
29.410 1.1550
29.420 1.1546
29.430 1.1542
29.440 1.1538
29.450 1.1534
29.460 1.1531
29.470 1.1527
29.480 1.1523
29.490 1.1519
29.500 1.1515
29.510 1.1511
29.520 1.1507
29.530 1.1504
29.540 1.1500
29.550 1.1496
29.560 1.1492
29.570 1.1488
29.580 1.1484
29.590 1.1480
29.600 1.1477
29.610 1.1473
29.620 1.1469
29.630 1.1465
29.640 1.1461
29.650 1.1457
29.660 1.1454
29.670 1.1450
29.680 1.1446
29.690 1.1442
29.700 1.1438
29.710 1.1435
29.720 1.1431
29.730 1.1427
29.740 1.1423
29.750 1.1419
29.760 1.1416
29.770 1.1412
29.780 1.1408
29.790 1.1404
29.800 1.1400
29.810 1.1397
29.820 1.1393
29.830 1.1389
29.840 1.1385
29.850 1.1382
29.860 1.1378
29.870 1.1374
29.880 1.1370
29.890 1.1366
29.900 1.1363
29.910 1.1359
29.920 1.1355
29.930 1.1351
29.940 1.1348
29.950 1.1344
29.960 1.1340
29.970 1.1336
29.980 1.1333
29.990 1.1329
30.000 1.1325
