0.10000 180.54
0.11000 164.13
0.12000 150.45
0.13000 138.88
0.14000 128.96
0.15000 120.36
0.16000 112.84
0.17000 106.20
0.18000 100.30
0.19000 95.026
0.20000 90.275
0.21000 85.977
0.22000 82.070
0.23000 78.502
0.24000 75.232
0.25000 72.223
0.26000 69.445
0.27000 66.874
0.28000 64.486
0.29000 62.263
0.30000 60.188
0.31000 58.247
0.32000 56.427
0.33000 54.717
0.34000 53.108
0.35000 51.591
0.36000 50.158
0.37000 48.803
0.38000 47.519
0.39000 46.301
0.40000 45.144
0.41000 44.043
0.42000 42.995
0.43000 41.995
0.44000 41.041
0.45000 40.129
0.46000 39.257
0.47000 38.422
0.48000 37.622
0.49000 36.854
0.50000 36.117
0.51000 35.410
0.52000 34.729
0.53000 34.074
0.54000 33.443
0.55000 32.835
0.56000 32.249
0.57000 31.683
0.58000 31.137
0.59000 30.610
0.60000 30.100
0.61000 29.607
0.62000 29.129
0.63000 28.667
0.64000 28.219
0.65000 27.785
0.66000 27.365
0.67000 26.956
0.68000 26.560
0.69000 26.175
0.70000 25.802
0.71000 25.438
0.72000 25.085
0.73000 24.742
0.74000 24.408
0.75000 24.082
0.76000 23.766
0.77000 23.457
0.78000 23.157
0.79000 22.864
0.80000 22.578
0.81000 22.299
0.82000 22.028
0.83000 21.762
0.84000 21.503
0.85000 21.251
0.86000 21.004
0.87000 20.762
0.88000 20.527
0.89000 20.296
0.90000 20.071
0.91000 19.850
0.92000 19.635
0.93000 19.424
0.94000 19.217
0.95000 19.015
0.96000 18.817
0.97000 18.623
0.98000 18.433
0.99000 18.247
1.0000 18.065
1.0100 17.886
1.0200 17.711
1.0300 17.539
1.0400 17.370
1.0500 17.205
1.0600 17.043
1.0700 16.884
1.0800 16.728
1.0900 16.574
1.1000 16.424
1.1100 16.276
1.1200 16.131
1.1300 15.988
1.1400 15.848
1.1500 15.710
1.1600 15.575
1.1700 15.442
1.1800 15.311
1.1900 15.182
1.2000 15.056
1.2100 14.932
1.2200 14.809
1.2300 14.689
1.2400 14.571
1.2500 14.454
1.2600 14.340
1.2700 14.227
1.2800 14.116
1.2900 14.006
1.3000 13.899
1.3100 13.793
1.3200 13.688
1.3300 13.586
1.3400 13.484
1.3500 13.385
1.3600 13.286
1.3700 13.189
1.3800 13.094
1.3900 13.000
1.4000 12.907
1.4100 12.815
1.4200 12.725
1.4300 12.636
1.4400 12.549
1.4500 12.462
1.4600 12.377
1.4700 12.293
1.4800 12.210
1.4900 12.128
1.5000 12.047
1.5100 11.968
1.5200 11.889
1.5300 11.811
1.5400 11.735
1.5500 11.659
1.5600 11.584
1.5700 11.511
1.5800 11.438
1.5900 11.366
1.6000 11.295
1.6100 11.225
1.6200 11.156
1.6300 11.087
1.6400 11.020
1.6500 10.953
1.6600 10.887
1.6700 10.822
1.6800 10.758
1.6900 10.694
1.7000 10.631
1.7100 10.569
1.7200 10.508
1.7300 10.447
1.7400 10.387
1.7500 10.328
1.7600 10.269
1.7700 10.211
1.7800 10.154
1.7900 10.097
1.8000 10.041
1.8100 9.9860
1.8200 9.9312
1.8300 9.8770
1.8400 9.8234
1.8500 9.7704
1.8600 9.7179
1.8700 9.6660
1.8800 9.6147
1.8900 9.5639
1.9000 9.5136
1.9100 9.4638
1.9200 9.4146
1.9300 9.3659
1.9400 9.3177
1.9500 9.2700
1.9600 9.2227
1.9700 9.1760
1.9800 9.1297
1.9900 9.0839
2.0000 9.0385
2.0100 8.9936
2.0200 8.9491
2.0300 8.9051
2.0400 8.8615
2.0500 8.8184
2.0600 8.7756
2.0700 8.7333
2.0800 8.6914
2.0900 8.6498
2.1000 8.6087
2.1100 8.5680
2.1200 8.5276
2.1300 8.4876
2.1400 8.4480
2.1500 8.4088
2.1600 8.3699
2.1700 8.3314
2.1800 8.2932
2.1900 8.2554
2.2000 8.2179
2.2100 8.1808
2.2200 8.1440
2.2300 8.1076
2.2400 8.0714
2.2500 8.0356
2.2600 8.0001
2.2700 7.9649
2.2800 7.9300
2.2900 7.8954
2.3000 7.8612
2.3100 7.8272
2.3200 7.7935
2.3300 7.7601
2.3400 7.7270
2.3500 7.6942
2.3600 7.6616
2.3700 7.6293
2.3800 7.5973
2.3900 7.5656
2.4000 7.5341
2.4100 7.5029
2.4200 7.4720
2.4300 7.4413
2.4400 7.4108
2.4500 7.3806
2.4600 7.3507
2.4700 7.3210
2.4800 7.2915
2.4900 7.2623
2.5000 7.2333
2.5100 7.2045
2.5200 7.1759
2.5300 7.1476
2.5400 7.1195
2.5500 7.0917
2.5600 7.0640
2.5700 7.0366
2.5800 7.0094
2.5900 6.9823
2.6000 6.9555
2.6100 6.9289
2.6200 6.9025
2.6300 6.8763
2.6400 6.8503
2.6500 6.8245
2.6600 6.7989
2.6700 6.7735
2.6800 6.7483
2.6900 6.7232
2.7000 6.6984
2.7100 6.6737
2.7200 6.6492
2.7300 6.6249
2.7400 6.6008
2.7500 6.5768
2.7600 6.5530
2.7700 6.5294
2.7800 6.5060
2.7900 6.4827
2.8000 6.4596
2.8100 6.4366
2.8200 6.4139
2.8300 6.3912
2.8400 6.3688
2.8500 6.3465
2.8600 6.3243
2.8700 6.3023
2.8800 6.2805
2.8900 6.2588
2.9000 6.2373
2.9100 6.2159
2.9200 6.1946
2.9300 6.1735
2.9400 6.1526
2.9500 6.1317
2.9600 6.1111
2.9700 6.0905
2.9800 6.0701
2.9900 6.0499
3.0000 6.0298
3.0100 6.0098
3.0200 5.9899
3.0300 5.9702
3.0400 5.9506
3.0500 5.9311
3.0600 5.9118
3.0700 5.8925
3.0800 5.8735
3.0900 5.8545
3.1000 5.8356
3.1100 5.8169
3.1200 5.7983
3.1300 5.7798
3.1400 5.7615
3.1500 5.7432
3.1600 5.7251
3.1700 5.7070
3.1800 5.6891
3.1900 5.6713
3.2000 5.6537
3.2100 5.6361
3.2200 5.6186
3.2300 5.6013
3.2400 5.5840
3.2500 5.5669
3.2600 5.5498
3.2700 5.5329
3.2800 5.5161
3.2900 5.4993
3.3000 5.4827
3.3100 5.4662
3.3200 5.4498
3.3300 5.4334
3.3400 5.4172
3.3500 5.4011
3.3600 5.3850
3.3700 5.3691
3.3800 5.3532
3.3900 5.3375
3.4000 5.3218
3.4100 5.3062
3.4200 5.2908
3.4300 5.2754
3.4400 5.2601
3.4500 5.2449
3.4600 5.2297
3.4700 5.2147
3.4800 5.1998
3.4900 5.1849
3.5000 5.1701
3.5100 5.1554
3.5200 5.1408
3.5300 5.1263
3.5400 5.1118
3.5500 5.0975
3.5600 5.0832
3.5700 5.0690
3.5800 5.0548
3.5900 5.0408
3.6000 5.0268
3.6100 5.0129
3.6200 4.9991
3.6300 4.9854
3.6400 4.9717
3.6500 4.9581
3.6600 4.9446
3.6700 4.9312
3.6800 4.9178
3.6900 4.9045
3.7000 4.8913
3.7100 4.8782
3.7200 4.8651
3.7300 4.8521
3.7400 4.8391
3.7500 4.8262
3.7600 4.8134
3.7700 4.8007
3.7800 4.7880
3.7900 4.7754
3.8000 4.7629
3.8100 4.7504
3.8200 4.7380
3.8300 4.7257
3.8400 4.7134
3.8500 4.7012
3.8600 4.6891
3.8700 4.6770
3.8800 4.6650
3.8900 4.6530
3.9000 4.6411
3.9100 4.6293
3.9200 4.6175
3.9300 4.6058
3.9400 4.5941
3.9500 4.5825
3.9600 4.5710
3.9700 4.5595
3.9800 4.5481
3.9900 4.5367
4.0000 4.5254
4.0100 4.5141
4.0200 4.5029
4.0300 4.4918
4.0400 4.4807
4.0500 4.4697
4.0600 4.4587
4.0700 4.4478
4.0800 4.4369
4.0900 4.4261
4.1000 4.4153
4.1100 4.4046
4.1200 4.3939
4.1300 4.3833
4.1400 4.3728
4.1500 4.3622
4.1600 4.3518
4.1700 4.3414
4.1800 4.3310
4.1900 4.3207
4.2000 4.3105
4.2100 4.3003
4.2200 4.2901
4.2300 4.2800
4.2400 4.2699
4.2500 4.2599
4.2600 4.2499
4.2700 4.2400
4.2800 4.2301
4.2900 4.2203
4.3000 4.2105
4.3100 4.2008
4.3200 4.1911
4.3300 4.1814
4.3400 4.1718
4.3500 4.1622
4.3600 4.1527
4.3700 4.1433
4.3800 4.1338
4.3900 4.1244
4.4000 4.1151
4.4100 4.1058
4.4200 4.0965
4.4300 4.0873
4.4400 4.0781
4.4500 4.0690
4.4600 4.0599
4.4700 4.0508
4.4800 4.0418
4.4900 4.0329
4.5000 4.0239
4.5100 4.0150
4.5200 4.0062
4.5300 3.9973
4.5400 3.9886
4.5500 3.9798
4.5600 3.9711
4.5700 3.9625
4.5800 3.9538
4.5900 3.9453
4.6000 3.9367
4.6100 3.9282
4.6200 3.9197
4.6300 3.9113
4.6400 3.9029
4.6500 3.8945
4.6600 3.8862
4.6700 3.8779
4.6800 3.8696
4.6900 3.8614
4.7000 3.8532
4.7100 3.8451
4.7200 3.8369
4.7300 3.8288
4.7400 3.8208
4.7500 3.8128
4.7600 3.8048
4.7700 3.7968
4.7800 3.7889
4.7900 3.7810
4.8000 3.7732
4.8100 3.7654
4.8200 3.7576
4.8300 3.7498
4.8400 3.7421
4.8500 3.7344
4.8600 3.7268
4.8700 3.7191
4.8800 3.7115
4.8900 3.7040
4.9000 3.6964
4.9100 3.6889
4.9200 3.6815
4.9300 3.6740
4.9400 3.6666
4.9500 3.6592
4.9600 3.6519
4.9700 3.6445
4.9800 3.6373
4.9900 3.6300
5.0000 3.6228
5.1000 3.5520
5.1100 3.5450
5.1200 3.5381
5.1300 3.5313
5.1400 3.5244
5.1500 3.5176
5.1600 3.5108
5.1700 3.5040
5.1800 3.4973
5.1900 3.4906
5.2000 3.4839
5.2100 3.4772
5.2200 3.4706
5.2300 3.4640
5.2400 3.4574
5.2500 3.4508
5.2600 3.4443
5.2700 3.4378
5.2800 3.4313
5.2900 3.4248
5.3000 3.4184
5.3100 3.4120
5.3200 3.4056
5.3300 3.3992
5.3400 3.3929
5.3500 3.3866
5.3600 3.3803
5.3700 3.3740
5.3800 3.3677
5.3900 3.3615
5.4000 3.3553
5.4100 3.3491
5.4200 3.3430
5.4300 3.3368
5.4400 3.3307
5.4500 3.3246
5.4600 3.3186
5.4700 3.3125
5.4800 3.3065
5.4900 3.3005
5.5000 3.2945
5.5100 3.2886
5.5200 3.2826
5.5300 3.2767
5.5400 3.2708
5.5500 3.2650
5.5600 3.2591
5.5700 3.2533
5.5800 3.2475
5.5900 3.2417
5.6000 3.2359
5.6100 3.2302
5.6200 3.2244
5.6300 3.2187
5.6400 3.2131
5.6500 3.2074
5.6600 3.2017
5.6700 3.1961
5.6800 3.1905
5.6900 3.1849
5.7000 3.1794
5.7100 3.1738
5.7200 3.1683
5.7300 3.1628
5.7400 3.1573
5.7500 3.1518
5.7600 3.1464
5.7700 3.1409
5.7800 3.1355
5.7900 3.1301
5.8000 3.1248
5.8100 3.1194
5.8200 3.1141
5.8300 3.1087
5.8400 3.1034
5.8500 3.0982
5.8600 3.0929
5.8700 3.0876
5.8800 3.0824
5.8900 3.0772
5.9000 3.0720
5.9100 3.0668
5.9200 3.0617
5.9300 3.0565
5.9400 3.0514
5.9500 3.0463
5.9600 3.0412
5.9700 3.0361
5.9800 3.0311
5.9900 3.0260
6.0000 3.0210
6.0100 3.0160
6.0200 3.0110
6.0300 3.0060
6.0400 3.0011
6.0500 2.9961
6.0600 2.9912
6.0700 2.9863
6.0800 2.9814
6.0900 2.9765
6.1000 2.9717
6.1100 2.9668
6.1200 2.9620
6.1300 2.9572
6.1400 2.9524
6.1500 2.9476
6.1600 2.9429
6.1700 2.9381
6.1800 2.9334
6.1900 2.9287
6.2000 2.9239
6.2100 2.9193
6.2200 2.9146
6.2300 2.9099
6.2400 2.9053
6.2500 2.9007
6.2600 2.8960
6.2700 2.8914
6.2800 2.8869
6.2900 2.8823
6.3000 2.8777
6.3100 2.8732
6.3200 2.8687
6.3300 2.8642
6.3400 2.8597
6.3500 2.8552
6.3600 2.8507
6.3700 2.8462
6.3800 2.8418
6.3900 2.8374
6.4000 2.8330
6.4100 2.8286
6.4200 2.8242
6.4300 2.8198
6.4400 2.8154
6.4500 2.8111
6.4600 2.8068
6.4700 2.8024
6.4800 2.7981
6.4900 2.7938
6.5000 2.7896
6.5100 2.7853
6.5200 2.7810
6.5300 2.7768
6.5400 2.7726
6.5500 2.7684
6.5600 2.7642
6.5700 2.7600
6.5800 2.7558
6.5900 2.7516
6.6000 2.7475
6.6100 2.7433
6.6200 2.7392
6.6300 2.7351
6.6400 2.7310
6.6500 2.7269
6.6600 2.7228
6.6700 2.7188
6.6800 2.7147
6.6900 2.7107
6.7000 2.7067
6.7100 2.7026
6.7200 2.6986
6.7300 2.6946
6.7400 2.6907
6.7500 2.6867
6.7600 2.6827
6.7700 2.6788
6.7800 2.6749
6.7900 2.6709
6.8000 2.6670
6.8100 2.6631
6.8200 2.6593
6.8300 2.6554
6.8400 2.6515
6.8500 2.6477
6.8600 2.6438
6.8700 2.6400
6.8800 2.6362
6.8900 2.6324
6.9000 2.6286
6.9100 2.6248
6.9200 2.6210
6.9300 2.6172
6.9400 2.6135
6.9500 2.6097
6.9600 2.6060
6.9700 2.6023
6.9800 2.5986
6.9900 2.5949
7.0000 2.5912
7.0100 2.5875
7.0200 2.5838
7.0300 2.5802
7.0400 2.5765
7.0500 2.5729
7.0600 2.5693
7.0700 2.5657
7.0800 2.5620
7.0900 2.5585
7.1000 2.5549
7.1100 2.5513
7.1200 2.5477
7.1300 2.5442
7.1400 2.5406
7.1500 2.5371
7.1600 2.5336
7.1700 2.5300
7.1800 2.5265
7.1900 2.5230
7.2000 2.5196
7.2100 2.5161
7.2200 2.5126
7.2300 2.5091
7.2400 2.5057
7.2500 2.5023
7.2600 2.4988
7.2700 2.4954
7.2800 2.4920
7.2900 2.4886
7.3000 2.4852
7.3100 2.4818
7.3200 2.4784
7.3300 2.4751
7.3400 2.4717
7.3500 2.4684
7.3600 2.4650
7.3700 2.4617
7.3800 2.4584
7.3900 2.4551
7.4000 2.4518
7.4100 2.4485
7.4200 2.4452
7.4300 2.4419
7.4400 2.4387
7.4500 2.4354
7.4600 2.4322
7.4700 2.4289
7.4800 2.4257
7.4900 2.4225
7.5000 2.4193
7.5100 2.4161
7.5200 2.4129
7.5300 2.4097
7.5400 2.4065
7.5500 2.4033
7.5600 2.4002
7.5700 2.3970
7.5800 2.3939
7.5900 2.3907
7.6000 2.3876
7.6100 2.3845
7.6200 2.3814
7.6300 2.3783
7.6400 2.3752
7.6500 2.3721
7.6600 2.3690
7.6700 2.3659
7.6800 2.3628
7.6900 2.3598
7.7000 2.3567
7.7100 2.3537
7.7200 2.3507
7.7300 2.3476
7.7400 2.3446
7.7500 2.3416
7.7600 2.3386
7.7700 2.3356
7.7800 2.3326
7.7900 2.3297
7.8000 2.3267
7.8100 2.3237
7.8200 2.3208
7.8300 2.3178
7.8400 2.3149
7.8500 2.3119
7.8600 2.3090
7.8700 2.3061
7.8800 2.3032
7.8900 2.3003
7.9000 2.2974
7.9100 2.2945
7.9200 2.2916
7.9300 2.2887
7.9400 2.2859
7.9500 2.2830
7.9600 2.2802
7.9700 2.2773
7.9800 2.2745
7.9900 2.2717
8.0000 2.2688
8.0100 2.2660
8.0200 2.2632
8.0300 2.2604
8.0400 2.2576
8.0500 2.2548
8.0600 2.2520
8.0700 2.2493
8.0800 2.2465
8.0900 2.2437
8.1000 2.2410
8.1100 2.2382
8.1200 2.2355
8.1300 2.2327
8.1400 2.2300
8.1500 2.2273
8.1600 2.2246
8.1700 2.2219
8.1800 2.2192
8.1900 2.2165
8.2000 2.2138
8.2100 2.2111
8.2200 2.2084
8.2300 2.2058
8.2400 2.2031
8.2500 2.2004
8.2600 2.1978
8.2700 2.1952
8.2800 2.1925
8.2900 2.1899
8.3000 2.1873
8.3100 2.1846
8.3200 2.1820
8.3300 2.1794
8.3400 2.1768
8.3500 2.1742
8.3600 2.1717
8.3700 2.1691
8.3800 2.1665
8.3900 2.1639
8.4000 2.1614
8.4100 2.1588
8.4200 2.1563
8.4300 2.1537
8.4400 2.1512
8.4500 2.1487
8.4600 2.1461
8.4700 2.1436
8.4800 2.1411
8.4900 2.1386
8.5000 2.1361
8.5100 2.1336
8.5200 2.1311
8.5300 2.1286
8.5400 2.1261
8.5500 2.1237
8.5600 2.1212
8.5700 2.1187
8.5800 2.1163
8.5900 2.1138
8.6000 2.1114
8.6100 2.1090
8.6200 2.1065
8.6300 2.1041
8.6400 2.1017
8.6500 2.0993
8.6600 2.0969
8.6700 2.0944
8.6800 2.0921
8.6900 2.0897
8.7000 2.0873
8.7100 2.0849
8.7200 2.0825
8.7300 2.0801
8.7400 2.0778
8.7500 2.0754
8.7600 2.0731
8.7700 2.0707
8.7800 2.0684
8.7900 2.0660
8.8000 2.0637
8.8100 2.0614
8.8200 2.0590
8.8300 2.0567
8.8400 2.0544
8.8500 2.0521
8.8600 2.0498
8.8700 2.0475
8.8800 2.0452
8.8900 2.0429
8.9000 2.0406
8.9100 2.0384
8.9200 2.0361
8.9300 2.0338
8.9400 2.0316
8.9500 2.0293
8.9600 2.0271
8.9700 2.0248
8.9800 2.0226
8.9900 2.0203
9.0000 2.0181
9.0100 2.0159
9.0200 2.0137
9.0300 2.0114
9.0400 2.0092
9.0500 2.0070
9.0600 2.0048
9.0700 2.0026
9.0800 2.0004
9.0900 1.9982
9.1000 1.9961
9.1100 1.9939
9.1200 1.9917
9.1300 1.9895
9.1400 1.9874
9.1500 1.9852
9.1600 1.9831
9.1700 1.9809
9.1800 1.9788
9.1900 1.9766
9.2000 1.9745
9.2100 1.9724
9.2200 1.9702
9.2300 1.9681
9.2400 1.9660
9.2500 1.9639
9.2600 1.9618
9.2700 1.9597
9.2800 1.9576
9.2900 1.9555
9.3000 1.9534
9.3100 1.9513
9.3200 1.9492
9.3300 1.9472
9.3400 1.9451
9.3500 1.9430
9.3600 1.9410
9.3700 1.9389
9.3800 1.9368
9.3900 1.9348
9.4000 1.9328
9.4100 1.9307
9.4200 1.9287
9.4300 1.9266
9.4400 1.9246
9.4500 1.9226
9.4600 1.9206
9.4700 1.9186
9.4800 1.9165
9.4900 1.9145
9.5000 1.9125
9.5100 1.9105
9.5200 1.9085
9.5300 1.9066
9.5400 1.9046
9.5500 1.9026
9.5600 1.9006
9.5700 1.8986
9.5800 1.8967
9.5900 1.8947
9.6000 1.8927
9.6100 1.8908
9.6200 1.8888
9.6300 1.8869
9.6400 1.8849
9.6500 1.8830
9.6600 1.8811
9.6700 1.8791
9.6800 1.8772
9.6900 1.8753
9.7000 1.8734
9.7100 1.8714
9.7200 1.8695
9.7300 1.8676
9.7400 1.8657
9.7500 1.8638
9.7600 1.8619
9.7700 1.8600
9.7800 1.8581
9.7900 1.8563
9.8000 1.8544
9.8100 1.8525
9.8200 1.8506
9.8300 1.8487
9.8400 1.8469
9.8500 1.8450
9.8600 1.8432
9.8700 1.8413
9.8800 1.8395
9.8900 1.8376
9.9000 1.8358
9.9100 1.8339
9.9200 1.8321
9.9300 1.8303
9.9400 1.8284
9.9500 1.8266
9.9600 1.8248
9.9700 1.8230
9.9800 1.8211
9.9900 1.8193
10.000 1.8175
10.100 1.7997
10.110 1.7979
10.120 1.7961
10.130 1.7944
10.140 1.7926
10.150 1.7909
10.160 1.7891
10.170 1.7874
10.180 1.7856
10.190 1.7839
10.200 1.7821
10.210 1.7804
10.220 1.7787
10.230 1.7769
10.240 1.7752
10.250 1.7735
10.260 1.7718
10.270 1.7701
10.280 1.7684
10.290 1.7667
10.300 1.7650
10.310 1.7633
10.320 1.7616
10.330 1.7599
10.340 1.7582
10.350 1.7565
10.360 1.7548
10.370 1.7531
10.380 1.7514
10.390 1.7498
10.400 1.7481
10.410 1.7464
10.420 1.7448
10.430 1.7431
10.440 1.7414
10.450 1.7398
10.460 1.7381
10.470 1.7365
10.480 1.7348
10.490 1.7332
10.500 1.7316
10.510 1.7299
10.520 1.7283
10.530 1.7267
10.540 1.7250
10.550 1.7234
10.560 1.7218
10.570 1.7202
10.580 1.7186
10.590 1.7170
10.600 1.7153
10.610 1.7137
10.620 1.7121
10.630 1.7105
10.640 1.7089
10.650 1.7074
10.660 1.7058
10.670 1.7042
10.680 1.7026
10.690 1.7010
10.700 1.6994
10.710 1.6979
10.720 1.6963
10.730 1.6947
10.740 1.6931
10.750 1.6916
10.760 1.6900
10.770 1.6885
10.780 1.6869
10.790 1.6854
10.800 1.6838
10.810 1.6823
10.820 1.6807
10.830 1.6792
10.840 1.6776
10.850 1.6761
10.860 1.6746
10.870 1.6730
10.880 1.6715
10.890 1.6700
10.900 1.6685
10.910 1.6670
10.920 1.6654
10.930 1.6639
10.940 1.6624
10.950 1.6609
10.960 1.6594
10.970 1.6579
10.980 1.6564
10.990 1.6549
11.000 1.6534
11.010 1.6519
11.020 1.6504
11.030 1.6490
11.040 1.6475
11.050 1.6460
11.060 1.6445
11.070 1.6430
11.080 1.6416
11.090 1.6401
11.100 1.6386
11.110 1.6372
11.120 1.6357
11.130 1.6343
11.140 1.6328
11.150 1.6313
11.160 1.6299
11.170 1.6284
11.180 1.6270
11.190 1.6256
11.200 1.6241
11.210 1.6227
11.220 1.6212
11.230 1.6198
11.240 1.6184
11.250 1.6170
11.260 1.6155
11.270 1.6141
11.280 1.6127
11.290 1.6113
11.300 1.6099
11.310 1.6084
11.320 1.6070
11.330 1.6056
11.340 1.6042
11.350 1.6028
11.360 1.6014
11.370 1.6000
11.380 1.5986
11.390 1.5972
11.400 1.5958
11.410 1.5945
11.420 1.5931
11.430 1.5917
11.440 1.5903
11.450 1.5889
11.460 1.5876
11.470 1.5862
11.480 1.5848
11.490 1.5834
11.500 1.5821
11.510 1.5807
11.520 1.5793
11.530 1.5780
11.540 1.5766
11.550 1.5753
11.560 1.5739
11.570 1.5726
11.580 1.5712
11.590 1.5699
11.600 1.5685
11.610 1.5672
11.620 1.5659
11.630 1.5645
11.640 1.5632
11.650 1.5619
11.660 1.5605
11.670 1.5592
11.680 1.5579
11.690 1.5566
11.700 1.5552
11.710 1.5539
11.720 1.5526
11.730 1.5513
11.740 1.5500
11.750 1.5487
11.760 1.5474
11.770 1.5461
11.780 1.5448
11.790 1.5435
11.800 1.5422
11.810 1.5409
11.820 1.5396
11.830 1.5383
11.840 1.5370
11.850 1.5357
11.860 1.5344
11.870 1.5331
11.880 1.5319
11.890 1.5306
11.900 1.5293
11.910 1.5280
11.920 1.5268
11.930 1.5255
11.940 1.5242
11.950 1.5230
11.960 1.5217
11.970 1.5204
11.980 1.5192
11.990 1.5179
12.000 1.5167
12.010 1.5154
12.020 1.5142
12.030 1.5129
12.040 1.5117
12.050 1.5104
12.060 1.5092
12.070 1.5079
12.080 1.5067
12.090 1.5055
12.100 1.5042
12.110 1.5030
12.120 1.5018
12.130 1.5005
12.140 1.4993
12.150 1.4981
12.160 1.4969
12.170 1.4957
12.180 1.4944
12.190 1.4932
12.200 1.4920
12.210 1.4908
12.220 1.4896
12.230 1.4884
12.240 1.4872
12.250 1.4860
12.260 1.4848
12.270 1.4836
12.280 1.4824
12.290 1.4812
12.300 1.4800
12.310 1.4788
12.320 1.4776
12.330 1.4764
12.340 1.4752
12.350 1.4740
12.360 1.4729
12.370 1.4717
12.380 1.4705
12.390 1.4693
12.400 1.4681
12.410 1.4670
12.420 1.4658
12.430 1.4646
12.440 1.4635
12.450 1.4623
12.460 1.4611
12.470 1.4600
12.480 1.4588
12.490 1.4577
12.500 1.4565
12.510 1.4553
12.520 1.4542
12.530 1.4530
12.540 1.4519
12.550 1.4507
12.560 1.4496
12.570 1.4485
12.580 1.4473
12.590 1.4462
12.600 1.4450
12.610 1.4439
12.620 1.4428
12.630 1.4416
12.640 1.4405
12.650 1.4394
12.660 1.4382
12.670 1.4371
12.680 1.4360
12.690 1.4349
12.700 1.4338
12.710 1.4326
12.720 1.4315
12.730 1.4304
12.740 1.4293
12.750 1.4282
12.760 1.4271
12.770 1.4260
12.780 1.4249
12.790 1.4238
12.800 1.4227
12.800 1.4227
12.800 1.4227
12.810 1.4216
12.820 1.4205
12.830 1.4194
12.840 1.4183
12.850 1.4172
12.860 1.4161
12.870 1.4150
12.880 1.4139
12.890 1.4128
12.900 1.4117
12.910 1.4106
12.920 1.4096
12.930 1.4085
12.940 1.4074
12.950 1.4063
12.960 1.4052
12.970 1.4042
12.980 1.4031
12.990 1.4020
13.000 1.4010
13.010 1.3999
13.020 1.3988
13.030 1.3978
13.040 1.3967
13.050 1.3956
13.060 1.3946
13.070 1.3935
13.080 1.3925
13.090 1.3914
13.100 1.3904
13.110 1.3893
13.120 1.3883
13.130 1.3872
13.140 1.3862
13.150 1.3851
13.160 1.3841
13.170 1.3830
13.180 1.3820
13.190 1.3810
13.200 1.3799
13.210 1.3789
13.220 1.3778
13.230 1.3768
13.240 1.3758
13.250 1.3748
13.260 1.3737
13.270 1.3727
13.280 1.3717
13.290 1.3707
13.300 1.3696
13.310 1.3686
13.320 1.3676
13.330 1.3666
13.340 1.3656
13.350 1.3646
13.360 1.3635
13.370 1.3625
13.380 1.3615
13.390 1.3605
13.400 1.3595
13.410 1.3585
13.420 1.3575
13.430 1.3565
13.440 1.3555
13.450 1.3545
13.460 1.3535
13.470 1.3525
13.480 1.3515
13.490 1.3505
13.500 1.3495
13.510 1.3485
13.520 1.3475
13.530 1.3466
13.540 1.3456
13.550 1.3446
13.560 1.3436
13.570 1.3426
13.580 1.3417
13.590 1.3407
13.600 1.3397
13.610 1.3387
13.620 1.3377
13.630 1.3368
13.640 1.3358
13.650 1.3348
13.660 1.3339
13.670 1.3329
13.680 1.3319
13.690 1.3310
13.700 1.3300
13.710 1.3290
13.720 1.3281
13.730 1.3271
13.740 1.3262
13.750 1.3252
13.760 1.3243
13.770 1.3233
13.780 1.3224
13.790 1.3214
13.800 1.3205
13.810 1.3195
13.820 1.3186
13.830 1.3176
13.840 1.3167
13.850 1.3157
13.860 1.3148
13.870 1.3139
13.880 1.3129
13.890 1.3120
13.900 1.3110
13.910 1.3101
13.920 1.3092
13.930 1.3083
13.940 1.3073
13.950 1.3064
13.960 1.3055
13.970 1.3045
13.980 1.3036
13.990 1.3027
14.000 1.3018
14.010 1.3009
14.020 1.2999
14.030 1.2990
14.040 1.2981
14.050 1.2972
14.060 1.2963
14.070 1.2954
14.080 1.2944
14.090 1.2935
14.100 1.2926
14.110 1.2917
14.120 1.2908
14.130 1.2899
14.140 1.2890
14.150 1.2881
14.160 1.2872
14.170 1.2863
14.180 1.2854
14.190 1.2845
14.200 1.2836
14.210 1.2827
14.220 1.2818
14.230 1.2809
14.240 1.2800
14.250 1.2792
14.260 1.2783
14.270 1.2774
14.280 1.2765
14.290 1.2756
14.300 1.2747
14.310 1.2738
14.320 1.2730
14.330 1.2721
14.340 1.2712
14.350 1.2703
14.360 1.2695
14.370 1.2686
14.380 1.2677
14.390 1.2668
14.400 1.2660
14.410 1.2651
14.420 1.2642
14.430 1.2634
14.440 1.2625
14.450 1.2616
14.460 1.2608
14.470 1.2599
14.480 1.2590
14.490 1.2582
14.500 1.2573
14.510 1.2565
14.520 1.2556
14.530 1.2547
14.540 1.2539
14.550 1.2530
14.560 1.2522
14.570 1.2513
14.580 1.2505
14.590 1.2496
14.600 1.2488
14.610 1.2479
14.620 1.2471
14.630 1.2463
14.640 1.2454
14.650 1.2446
14.660 1.2437
14.670 1.2429
14.680 1.2420
14.690 1.2412
14.700 1.2404
14.710 1.2395
14.720 1.2387
14.730 1.2379
14.740 1.2370
14.750 1.2362
14.760 1.2354
14.770 1.2346
14.780 1.2337
14.790 1.2329
14.800 1.2321
14.810 1.2313
14.820 1.2304
14.830 1.2296
14.840 1.2288
14.850 1.2280
14.860 1.2272
14.870 1.2263
14.880 1.2255
14.890 1.2247
14.900 1.2239
14.910 1.2231
14.920 1.2223
14.930 1.2215
14.940 1.2207
14.950 1.2198
14.960 1.2190
14.970 1.2182
14.980 1.2174
14.990 1.2166
15.000 1.2158
15.100 1.2078
15.110 1.2071
15.120 1.2063
15.130 1.2055
15.140 1.2047
15.150 1.2039
15.160 1.2031
15.170 1.2023
15.180 1.2015
15.190 1.2008
15.200 1.2000
15.210 1.1992
15.220 1.1984
15.230 1.1976
15.240 1.1969
15.250 1.1961
15.260 1.1953
15.270 1.1945
15.280 1.1938
15.290 1.1930
15.300 1.1922
15.310 1.1915
15.320 1.1907
15.330 1.1899
15.340 1.1891
15.350 1.1884
15.360 1.1876
15.370 1.1868
15.380 1.1861
15.390 1.1853
15.400 1.1846
15.410 1.1838
15.420 1.1830
15.430 1.1823
15.440 1.1815
15.450 1.1808
15.460 1.1800
15.470 1.1793
15.480 1.1785
15.490 1.1778
15.500 1.1770
15.510 1.1762
15.520 1.1755
15.530 1.1747
15.540 1.1740
15.550 1.1733
15.560 1.1725
15.570 1.1718
15.580 1.1710
15.590 1.1703
15.600 1.1695
15.610 1.1688
15.620 1.1681
15.630 1.1673
15.640 1.1666
15.650 1.1658
15.660 1.1651
15.670 1.1644
15.680 1.1636
15.690 1.1629
15.700 1.1622
15.710 1.1614
15.720 1.1607
15.730 1.1600
15.740 1.1592
15.750 1.1585
15.760 1.1578
15.770 1.1571
15.780 1.1563
15.790 1.1556
15.800 1.1549
15.810 1.1542
15.820 1.1534
15.830 1.1527
15.840 1.1520
15.850 1.1513
15.860 1.1506
15.870 1.1498
15.880 1.1491
15.890 1.1484
15.900 1.1477
15.910 1.1470
15.920 1.1463
15.930 1.1456
15.940 1.1449
15.950 1.1441
15.960 1.1434
15.970 1.1427
15.980 1.1420
15.990 1.1413
16.000 1.1406
16.010 1.1399
16.020 1.1392
16.030 1.1385
16.040 1.1378
16.050 1.1371
16.060 1.1364
16.070 1.1357
16.080 1.1350
16.090 1.1343
16.100 1.1336
16.110 1.1329
16.120 1.1322
16.130 1.1315
16.140 1.1308
16.150 1.1301
16.160 1.1294
16.170 1.1287
16.180 1.1281
16.190 1.1274
16.200 1.1267
16.210 1.1260
16.220 1.1253
16.230 1.1246
16.240 1.1239
16.250 1.1233
16.260 1.1226
16.270 1.1219
16.280 1.1212
16.290 1.1205
16.300 1.1198
16.310 1.1192
16.320 1.1185
16.330 1.1178
16.340 1.1171
16.350 1.1165
16.360 1.1158
16.370 1.1151
16.380 1.1144
16.390 1.1138
16.400 1.1131
16.410 1.1124
16.420 1.1118
16.430 1.1111
16.440 1.1104
16.450 1.1097
16.460 1.1091
16.470 1.1084
16.480 1.1077
16.490 1.1071
16.500 1.1064
16.510 1.1058
16.520 1.1051
16.530 1.1044
16.540 1.1038
16.550 1.1031
16.560 1.1025
16.570 1.1018
16.580 1.1011
16.590 1.1005
16.600 1.0998
16.610 1.0992
16.620 1.0985
16.630 1.0979
16.640 1.0972
16.650 1.0966
16.660 1.0959
16.670 1.0953
16.680 1.0946
16.690 1.0940
16.700 1.0933
16.710 1.0927
16.720 1.0920
16.730 1.0914
16.740 1.0907
16.750 1.0901
16.760 1.0895
16.770 1.0888
16.780 1.0882
16.790 1.0875
16.800 1.0869
16.810 1.0862
16.820 1.0856
16.830 1.0850
16.840 1.0843
16.850 1.0837
16.860 1.0831
16.870 1.0824
16.880 1.0818
16.890 1.0812
16.900 1.0805
16.910 1.0799
16.920 1.0793
16.930 1.0786
16.940 1.0780
16.950 1.0774
16.960 1.0768
16.970 1.0761
16.980 1.0755
16.990 1.0749
17.000 1.0742
17.010 1.0736
17.020 1.0730
17.030 1.0724
17.040 1.0718
17.050 1.0711
17.060 1.0705
17.070 1.0699
17.080 1.0693
17.090 1.0687
17.100 1.0680
17.110 1.0674
17.120 1.0668
17.130 1.0662
17.140 1.0656
17.150 1.0650
17.160 1.0643
17.170 1.0637
17.180 1.0631
17.190 1.0625
17.200 1.0619
17.210 1.0613
17.220 1.0607
17.230 1.0601
17.240 1.0595
17.250 1.0589
17.260 1.0583
17.270 1.0576
17.280 1.0570
17.290 1.0564
17.300 1.0558
17.310 1.0552
17.320 1.0546
17.330 1.0540
17.340 1.0534
17.350 1.0528
17.360 1.0522
17.370 1.0516
17.380 1.0510
17.390 1.0504
17.400 1.0498
17.410 1.0492
17.420 1.0486
17.430 1.0481
17.440 1.0475
17.450 1.0469
17.460 1.0463
17.470 1.0457
17.480 1.0451
17.490 1.0445
17.500 1.0439
17.510 1.0433
17.520 1.0427
17.530 1.0421
17.540 1.0416
17.550 1.0410
17.560 1.0404
17.570 1.0398
17.580 1.0392
17.590 1.0386
17.600 1.0381
17.610 1.0375
17.620 1.0369
17.630 1.0363
17.640 1.0357
17.650 1.0351
17.660 1.0346
17.670 1.0340
17.680 1.0334
17.690 1.0328
17.700 1.0323
17.710 1.0317
17.720 1.0311
17.730 1.0305
17.740 1.0300
17.750 1.0294
17.760 1.0288
17.770 1.0282
17.780 1.0277
17.790 1.0271
17.800 1.0265
17.810 1.0260
17.820 1.0254
17.830 1.0248
17.840 1.0243
17.850 1.0237
17.860 1.0231
17.870 1.0226
17.880 1.0220
17.890 1.0214
17.900 1.0209
17.910 1.0203
17.920 1.0197
17.930 1.0192
17.940 1.0186
17.950 1.0181
17.960 1.0175
17.970 1.0169
17.980 1.0164
17.990 1.0158
18.000 1.0153
18.010 1.0147
18.020 1.0141
18.030 1.0136
18.040 1.0130
18.050 1.0125
18.060 1.0119
18.070 1.0114
18.080 1.0108
18.090 1.0103
18.100 1.0097
18.110 1.0092
18.120 1.0086
18.130 1.0081
18.140 1.0075
18.150 1.0070
18.160 1.0064
18.170 1.0059
18.180 1.0053
18.190 1.0048
18.200 1.0042
18.210 1.0037
18.220 1.0032
18.230 1.0026
18.240 1.0021
18.250 1.0015
18.260 1.0010
18.270 1.0004
18.280 0.99990
18.290 0.99936
18.300 0.99882
18.310 0.99828
18.320 0.99774
18.330 0.99721
18.340 0.99667
18.350 0.99613
18.360 0.99560
18.370 0.99506
18.380 0.99453
18.390 0.99399
18.400 0.99346
18.410 0.99293
18.420 0.99240
18.430 0.99186
18.440 0.99133
18.450 0.99080
18.460 0.99027
18.470 0.98974
18.480 0.98921
18.490 0.98869
18.500 0.98816
18.510 0.98763
18.520 0.98710
18.530 0.98658
18.540 0.98605
18.550 0.98553
18.560 0.98500
18.570 0.98448
18.580 0.98396
18.590 0.98344
18.600 0.98291
18.610 0.98239
18.620 0.98187
18.630 0.98135
18.640 0.98083
18.650 0.98031
18.660 0.97979
18.670 0.97927
18.680 0.97876
18.690 0.97824
18.700 0.97772
18.710 0.97721
18.720 0.97669
18.730 0.97618
18.740 0.97566
18.750 0.97515
18.760 0.97464
18.770 0.97412
18.780 0.97361
18.790 0.97310
18.800 0.97259
18.810 0.97208
18.820 0.97157
18.830 0.97106
18.840 0.97055
18.850 0.97004
18.860 0.96954
18.870 0.96903
18.880 0.96852
18.890 0.96802
18.900 0.96751
18.910 0.96700
18.920 0.96650
18.930 0.96600
18.940 0.96549
18.950 0.96499
18.960 0.96449
18.970 0.96399
18.980 0.96348
18.990 0.96298
19.000 0.96248
19.010 0.96198
19.020 0.96148
19.030 0.96099
19.040 0.96049
19.050 0.95999
19.060 0.95949
19.070 0.95900
19.080 0.95850
19.090 0.95801
19.100 0.95751
19.110 0.95702
19.120 0.95652
19.130 0.95603
19.140 0.95554
19.150 0.95504
19.160 0.95455
19.170 0.95406
19.180 0.95357
19.190 0.95308
19.200 0.95259
19.210 0.95210
19.220 0.95161
19.230 0.95112
19.240 0.95063
19.250 0.95015
19.260 0.94966
19.270 0.94917
19.280 0.94869
19.290 0.94820
19.300 0.94772
19.310 0.94723
19.320 0.94675
19.330 0.94627
19.340 0.94578
19.350 0.94530
19.360 0.94482
19.370 0.94434
19.380 0.94386
19.390 0.94338
19.400 0.94290
19.410 0.94242
19.420 0.94194
19.430 0.94146
19.440 0.94098
19.450 0.94051
19.460 0.94003
19.470 0.93955
19.480 0.93908
19.490 0.93860
19.500 0.93813
19.510 0.93765
19.520 0.93718
19.530 0.93670
19.540 0.93623
19.550 0.93576
19.560 0.93529
19.570 0.93482
19.580 0.93434
19.590 0.93387
19.600 0.93340
19.610 0.93293
19.620 0.93246
19.630 0.93200
19.640 0.93153
19.650 0.93106
19.660 0.93059
19.670 0.93013
19.680 0.92966
19.690 0.92919
19.700 0.92873
19.710 0.92826
19.720 0.92780
19.730 0.92734
19.740 0.92687
19.750 0.92641
19.760 0.92595
19.770 0.92548
19.780 0.92502
19.790 0.92456
19.800 0.92410
19.810 0.92364
19.820 0.92318
19.830 0.92272
19.840 0.92226
19.850 0.92181
19.860 0.92135
19.870 0.92089
19.880 0.92043
19.890 0.91998
19.900 0.91952
19.910 0.91907
19.920 0.91861
19.930 0.91816
19.940 0.91770
19.950 0.91725
19.960 0.91679
19.970 0.91634
19.980 0.91589
19.990 0.91544
20.000 0.91499
20.100 0.91050
20.110 0.91005
20.120 0.90960
20.130 0.90916
20.140 0.90871
20.150 0.90827
20.160 0.90782
20.170 0.90738
20.180 0.90694
20.190 0.90649
20.200 0.90605
20.210 0.90561
20.220 0.90517
20.230 0.90473
20.240 0.90429
20.250 0.90384
20.260 0.90340
20.270 0.90297
20.280 0.90253
20.290 0.90209
20.300 0.90165
20.310 0.90121
20.320 0.90077
20.330 0.90034
20.340 0.89990
20.350 0.89946
20.360 0.89903
20.370 0.89859
20.380 0.89816
20.390 0.89773
20.400 0.89729
20.410 0.89686
20.420 0.89642
20.430 0.89599
20.440 0.89556
20.450 0.89513
20.460 0.89470
20.470 0.89427
20.480 0.89384
20.490 0.89340
20.500 0.89298
20.510 0.89255
20.520 0.89212
20.530 0.89169
20.540 0.89126
20.550 0.89083
20.560 0.89041
20.570 0.88998
20.580 0.88955
20.590 0.88913
20.600 0.88870
20.610 0.88828
20.620 0.88785
20.630 0.88743
20.640 0.88700
20.650 0.88658
20.660 0.88616
20.670 0.88573
20.680 0.88531
20.690 0.88489
20.700 0.88447
20.710 0.88405
20.720 0.88363
20.730 0.88321
20.740 0.88279
20.750 0.88237
20.760 0.88195
20.770 0.88153
20.780 0.88111
20.790 0.88069
20.800 0.88028
20.810 0.87986
20.820 0.87944
20.830 0.87903
20.840 0.87861
20.850 0.87820
20.860 0.87778
20.870 0.87737
20.880 0.87695
20.890 0.87654
20.900 0.87613
20.910 0.87571
20.920 0.87530
20.930 0.87489
20.940 0.87448
20.950 0.87406
20.960 0.87365
20.970 0.87324
20.980 0.87283
20.990 0.87242
21.000 0.87201
21.010 0.87160
21.020 0.87120
21.030 0.87079
21.040 0.87038
21.050 0.86997
21.060 0.86956
21.070 0.86916
21.080 0.86875
21.090 0.86835
21.100 0.86794
21.110 0.86753
21.120 0.86713
21.130 0.86673
21.140 0.86632
21.150 0.86592
21.160 0.86551
21.170 0.86511
21.180 0.86471
21.190 0.86431
21.200 0.86390
21.210 0.86350
21.220 0.86310
21.230 0.86270
21.240 0.86230
21.250 0.86190
21.260 0.86150
21.270 0.86110
21.280 0.86070
21.290 0.86031
21.300 0.85991
21.310 0.85951
21.320 0.85911
21.330 0.85872
21.340 0.85832
21.350 0.85792
21.360 0.85753
21.370 0.85713
21.380 0.85674
21.390 0.85634
21.400 0.85595
21.410 0.85555
21.420 0.85516
21.430 0.85477
21.440 0.85437
21.450 0.85398
21.460 0.85359
21.470 0.85320
21.480 0.85281
21.490 0.85242
21.500 0.85203
21.510 0.85164
21.520 0.85125
21.530 0.85086
21.540 0.85047
21.550 0.85008
21.560 0.84969
21.570 0.84930
21.580 0.84891
21.590 0.84853
21.600 0.84814
21.610 0.84775
21.620 0.84737
21.630 0.84698
21.640 0.84659
21.650 0.84621
21.660 0.84582
21.670 0.84544
21.680 0.84506
21.690 0.84467
21.700 0.84429
21.710 0.84391
21.720 0.84352
21.730 0.84314
21.740 0.84276
21.750 0.84238
21.760 0.84200
21.770 0.84161
21.780 0.84123
21.790 0.84085
21.800 0.84047
21.810 0.84009
21.820 0.83971
21.830 0.83934
21.840 0.83896
21.850 0.83858
21.860 0.83820
21.870 0.83782
21.880 0.83745
21.890 0.83707
21.900 0.83669
21.910 0.83632
21.920 0.83594
21.930 0.83557
21.940 0.83519
21.950 0.83482
21.960 0.83444
21.970 0.83407
21.980 0.83369
21.990 0.83332
22.000 0.83295
22.010 0.83257
22.020 0.83220
22.030 0.83183
22.040 0.83146
22.050 0.83109
22.060 0.83072
22.070 0.83035
22.080 0.82997
22.090 0.82960
22.100 0.82924
22.110 0.82887
22.120 0.82850
22.130 0.82813
22.140 0.82776
22.150 0.82739
22.160 0.82702
22.170 0.82666
22.180 0.82629
22.190 0.82592
22.200 0.82556
22.210 0.82519
22.220 0.82482
22.230 0.82446
22.240 0.82409
22.250 0.82373
22.260 0.82337
22.270 0.82300
22.280 0.82264
22.290 0.82227
22.300 0.82191
22.310 0.82155
22.320 0.82119
22.330 0.82082
22.340 0.82046
22.350 0.82010
22.360 0.81974
22.370 0.81938
22.380 0.81902
22.390 0.81866
22.400 0.81830
22.410 0.81794
22.420 0.81758
22.430 0.81722
22.440 0.81686
22.450 0.81650
22.460 0.81615
22.470 0.81579
22.480 0.81543
22.490 0.81507
22.500 0.81472
22.510 0.81436
22.520 0.81400
22.530 0.81365
22.540 0.81329
22.550 0.81294
22.560 0.81258
22.570 0.81223
22.580 0.81188
22.590 0.81152
22.600 0.81117
22.610 0.81081
22.620 0.81046
22.630 0.81011
22.640 0.80976
22.650 0.80940
22.660 0.80905
22.670 0.80870
22.680 0.80835
22.690 0.80800
22.700 0.80765
22.710 0.80730
22.720 0.80695
22.730 0.80660
22.740 0.80625
22.750 0.80590
22.760 0.80555
22.770 0.80521
22.780 0.80486
22.790 0.80451
22.800 0.80416
22.810 0.80382
22.820 0.80347
22.830 0.80312
22.840 0.80278
22.850 0.80243
22.860 0.80209
22.870 0.80174
22.880 0.80139
22.890 0.80105
22.900 0.80071
22.910 0.80036
22.920 0.80002
22.930 0.79967
22.940 0.79933
22.950 0.79899
22.960 0.79865
22.970 0.79830
22.980 0.79796
22.990 0.79762
23.000 0.79728
23.010 0.79694
23.020 0.79660
23.030 0.79626
23.040 0.79592
23.050 0.79558
23.060 0.79524
23.070 0.79490
23.080 0.79456
23.090 0.79422
23.100 0.79388
23.110 0.79354
23.120 0.79321
23.130 0.79287
23.140 0.79253
23.150 0.79220
23.160 0.79186
23.170 0.79152
23.180 0.79119
23.190 0.79085
23.200 0.79052
23.210 0.79018
23.220 0.78984
23.230 0.78951
23.240 0.78918
23.250 0.78884
23.260 0.78851
23.270 0.78817
23.280 0.78784
23.290 0.78751
23.300 0.78718
23.310 0.78684
23.320 0.78651
23.330 0.78618
23.340 0.78585
23.350 0.78552
23.360 0.78519
23.370 0.78486
23.380 0.78453
23.390 0.78420
23.400 0.78387
23.410 0.78354
23.420 0.78321
23.430 0.78288
23.440 0.78255
23.450 0.78222
23.460 0.78189
23.470 0.78157
23.480 0.78124
23.490 0.78091
23.500 0.78058
23.510 0.78026
23.520 0.77993
23.530 0.77961
23.540 0.77928
23.550 0.77895
23.560 0.77863
23.570 0.77830
23.580 0.77798
23.590 0.77765
23.600 0.77733
23.610 0.77701
23.620 0.77668
23.630 0.77636
23.640 0.77604
23.650 0.77571
23.660 0.77539
23.670 0.77507
23.680 0.77475
23.690 0.77442
23.700 0.77410
23.710 0.77378
23.720 0.77346
23.730 0.77314
23.740 0.77282
23.750 0.77250
23.760 0.77218
23.770 0.77186
23.780 0.77154
23.790 0.77122
23.800 0.77090
23.810 0.77059
23.820 0.77027
23.830 0.76995
23.840 0.76963
23.850 0.76931
23.860 0.76900
23.870 0.76868
23.880 0.76836
23.890 0.76805
23.900 0.76773
23.910 0.76742
23.920 0.76710
23.930 0.76678
23.940 0.76647
23.950 0.76615
23.960 0.76584
23.970 0.76553
23.980 0.76521
23.990 0.76490
24.000 0.76458
24.010 0.76427
24.020 0.76396
24.030 0.76365
24.040 0.76333
24.050 0.76302
24.060 0.76271
24.070 0.76240
24.080 0.76209
24.090 0.76178
24.100 0.76146
24.110 0.76115
24.120 0.76084
24.130 0.76053
24.140 0.76022
24.150 0.75991
24.160 0.75961
24.170 0.75930
24.180 0.75899
24.190 0.75868
24.200 0.75837
24.210 0.75806
24.220 0.75775
24.230 0.75745
24.240 0.75714
24.250 0.75683
24.260 0.75653
24.270 0.75622
24.280 0.75591
24.290 0.75561
24.300 0.75530
24.310 0.75500
24.320 0.75469
24.330 0.75439
24.340 0.75408
24.350 0.75378
24.360 0.75347
24.370 0.75317
24.380 0.75286
24.390 0.75256
24.400 0.75226
24.410 0.75195
24.420 0.75165
24.430 0.75135
24.440 0.75105
24.450 0.75075
24.460 0.75044
24.470 0.75014
24.480 0.74984
24.490 0.74954
24.500 0.74924
24.510 0.74894
24.520 0.74864
24.530 0.74834
24.540 0.74804
24.550 0.74774
24.560 0.74744
24.570 0.74714
24.580 0.74684
24.590 0.74654
24.600 0.74624
24.610 0.74595
24.620 0.74565
24.630 0.74535
24.640 0.74505
24.650 0.74476
24.660 0.74446
24.670 0.74416
24.680 0.74387
24.690 0.74357
24.700 0.74327
24.710 0.74298
24.720 0.74268
24.730 0.74239
24.740 0.74209
24.750 0.74180
24.760 0.74150
24.770 0.74121
24.780 0.74092
24.790 0.74062
24.800 0.74033
24.810 0.74003
24.820 0.73974
24.830 0.73945
24.840 0.73916
24.850 0.73886
24.860 0.73857
24.870 0.73828
24.880 0.73799
24.890 0.73770
24.900 0.73741
24.910 0.73711
24.920 0.73682
24.930 0.73653
24.940 0.73624
24.950 0.73595
24.960 0.73566
24.970 0.73537
24.980 0.73508
24.990 0.73480
25.000 0.73451
25.100 0.73163
25.110 0.73134
25.120 0.73106
25.130 0.73077
25.140 0.73049
25.150 0.73020
25.160 0.72992
25.170 0.72963
25.180 0.72935
25.190 0.72906
25.200 0.72878
25.210 0.72849
25.220 0.72821
25.230 0.72793
25.240 0.72764
25.250 0.72736
25.260 0.72708
25.270 0.72679
25.280 0.72651
25.290 0.72623
25.300 0.72595
25.310 0.72567
25.320 0.72538
25.330 0.72510
25.340 0.72482
25.350 0.72454
25.360 0.72426
25.370 0.72398
25.380 0.72370
25.390 0.72342
25.400 0.72314
25.410 0.72286
25.420 0.72258
25.430 0.72230
25.440 0.72202
25.450 0.72174
25.460 0.72146
25.470 0.72119
25.480 0.72091
25.490 0.72063
25.500 0.72035
25.510 0.72008
25.520 0.71980
25.530 0.71952
25.540 0.71924
25.550 0.71897
25.560 0.71869
25.570 0.71842
25.580 0.71814
25.590 0.71786
25.600 0.71759
25.610 0.71731
25.620 0.71704
25.630 0.71676
25.640 0.71649
25.650 0.71621
25.660 0.71594
25.670 0.71567
25.680 0.71539
25.690 0.71512
25.700 0.71485
25.710 0.71457
25.720 0.71430
25.730 0.71403
25.740 0.71375
25.750 0.71348
25.760 0.71321
25.770 0.71294
25.780 0.71267
25.790 0.71239
25.800 0.71212
25.810 0.71185
25.820 0.71158
25.830 0.71131
25.840 0.71104
25.850 0.71077
25.860 0.71050
25.870 0.71023
25.880 0.70996
25.890 0.70969
25.900 0.70942
25.910 0.70915
25.920 0.70889
25.930 0.70862
25.940 0.70835
25.950 0.70808
25.960 0.70781
25.970 0.70754
25.980 0.70728
25.990 0.70701
26.000 0.70674
26.010 0.70648
26.020 0.70621
26.030 0.70594
26.040 0.70568
26.050 0.70541
26.060 0.70514
26.070 0.70488
26.080 0.70461
26.090 0.70435
26.100 0.70408
26.110 0.70382
26.120 0.70355
26.130 0.70329
26.140 0.70303
26.150 0.70276
26.160 0.70250
26.170 0.70223
26.180 0.70197
26.190 0.70171
26.200 0.70144
26.210 0.70118
26.220 0.70092
26.230 0.70066
26.240 0.70039
26.250 0.70013
26.260 0.69987
26.270 0.69961
26.280 0.69935
26.290 0.69909
26.300 0.69883
26.310 0.69856
26.320 0.69830
26.330 0.69804
26.340 0.69778
26.350 0.69752
26.360 0.69726
26.370 0.69700
26.380 0.69674
26.390 0.69649
26.400 0.69623
26.410 0.69597
26.420 0.69571
26.430 0.69545
26.440 0.69519
26.450 0.69493
26.460 0.69468
26.470 0.69442
26.480 0.69416
26.490 0.69390
26.500 0.69365
26.510 0.69339
26.520 0.69313
26.530 0.69288
26.540 0.69262
26.550 0.69236
26.560 0.69211
26.570 0.69185
26.580 0.69160
26.590 0.69134
26.600 0.69109
26.610 0.69083
26.620 0.69058
26.630 0.69032
26.640 0.69007
26.650 0.68981
26.660 0.68956
26.670 0.68931
26.680 0.68905
26.690 0.68880
26.700 0.68855
26.710 0.68829
26.720 0.68804
26.730 0.68779
26.740 0.68754
26.750 0.68728
26.760 0.68703
26.770 0.68678
26.780 0.68653
26.790 0.68628
26.800 0.68602
26.810 0.68577
26.820 0.68552
26.830 0.68527
26.840 0.68502
26.850 0.68477
26.860 0.68452
26.870 0.68427
26.880 0.68402
26.890 0.68377
26.900 0.68352
26.910 0.68327
26.920 0.68302
26.930 0.68277
26.940 0.68253
26.950 0.68228
26.960 0.68203
26.970 0.68178
26.980 0.68153
26.990 0.68128
27.000 0.68104
27.010 0.68079
27.020 0.68054
27.030 0.68029
27.040 0.68005
27.050 0.67980
27.060 0.67955
27.070 0.67931
27.080 0.67906
27.090 0.67882
27.100 0.67857
27.110 0.67832
27.120 0.67808
27.130 0.67783
27.140 0.67759
27.150 0.67734
27.160 0.67710
27.170 0.67685
27.180 0.67661
27.190 0.67637
27.200 0.67612
27.210 0.67588
27.220 0.67563
27.230 0.67539
27.240 0.67515
27.250 0.67490
27.260 0.67466
27.270 0.67442
27.280 0.67418
27.290 0.67393
27.300 0.67369
27.310 0.67345
27.320 0.67321
27.330 0.67297
27.340 0.67272
27.350 0.67248
27.360 0.67224
27.370 0.67200
27.380 0.67176
27.390 0.67152
27.400 0.67128
27.410 0.67104
27.420 0.67080
27.430 0.67056
27.440 0.67032
27.450 0.67008
27.460 0.66984
27.470 0.66960
27.480 0.66936
27.490 0.66912
27.500 0.66888
27.510 0.66865
27.520 0.66841
27.530 0.66817
27.540 0.66793
27.550 0.66769
27.560 0.66746
27.570 0.66722
27.580 0.66698
27.590 0.66674
27.600 0.66651
27.610 0.66627
27.620 0.66603
27.630 0.66580
27.640 0.66556
27.650 0.66532
27.660 0.66509
27.670 0.66485
27.680 0.66462
27.690 0.66438
27.700 0.66415
27.710 0.66391
27.720 0.66368
27.730 0.66344
27.740 0.66321
27.750 0.66297
27.760 0.66274
27.770 0.66250
27.780 0.66227
27.790 0.66204
27.800 0.66180
27.810 0.66157
27.820 0.66134
27.830 0.66110
27.840 0.66087
27.850 0.66064
27.860 0.66041
27.870 0.66017
27.880 0.65994
27.890 0.65971
27.900 0.65948
27.910 0.65925
27.920 0.65901
27.930 0.65878
27.940 0.65855
27.950 0.65832
27.960 0.65809
27.970 0.65786
27.980 0.65763
27.990 0.65740
28.000 0.65717
28.010 0.65694
28.020 0.65671
28.030 0.65648
28.040 0.65625
28.050 0.65602
28.060 0.65579
28.070 0.65556
28.080 0.65533
28.090 0.65510
28.100 0.65487
28.110 0.65465
28.120 0.65442
28.130 0.65419
28.140 0.65396
28.150 0.65373
28.160 0.65351
28.170 0.65328
28.180 0.65305
28.190 0.65282
28.200 0.65260
28.210 0.65237
28.220 0.65214
28.230 0.65192
28.240 0.65169
28.250 0.65146
28.260 0.65124
28.270 0.65101
28.280 0.65079
28.290 0.65056
28.300 0.65034
28.310 0.65011
28.320 0.64988
28.330 0.64966
28.340 0.64944
28.350 0.64921
28.360 0.64899
28.370 0.64876
28.380 0.64854
28.390 0.64831
28.400 0.64809
28.410 0.64787
28.420 0.64764
28.430 0.64742
28.440 0.64720
28.450 0.64697
28.460 0.64675
28.470 0.64653
28.480 0.64631
28.490 0.64608
28.500 0.64586
28.510 0.64564
28.520 0.64542
28.530 0.64519
28.540 0.64497
28.550 0.64475
28.560 0.64453
28.570 0.64431
28.580 0.64409
28.590 0.64387
28.600 0.64365
28.610 0.64343
28.620 0.64321
28.630 0.64299
28.640 0.64277
28.650 0.64255
28.660 0.64233
28.670 0.64211
28.680 0.64189
28.690 0.64167
28.700 0.64145
28.710 0.64123
28.720 0.64101
28.730 0.64079
28.740 0.64057
28.750 0.64036
28.760 0.64014
28.770 0.63992
28.780 0.63970
28.790 0.63948
28.800 0.63927
28.810 0.63905
28.820 0.63883
28.830 0.63861
28.840 0.63840
28.850 0.63818
28.860 0.63796
28.870 0.63775
28.880 0.63753
28.890 0.63731
28.900 0.63710
28.910 0.63688
28.920 0.63667
28.930 0.63645
28.940 0.63623
28.950 0.63602
28.960 0.63580
28.970 0.63559
28.980 0.63537
28.990 0.63516
29.000 0.63494
29.010 0.63473
29.020 0.63452
29.030 0.63430
29.040 0.63409
29.050 0.63387
29.060 0.63366
29.070 0.63345
29.080 0.63323
29.090 0.63302
29.100 0.63281
29.110 0.63259
29.120 0.63238
29.130 0.63217
29.140 0.63196
29.150 0.63174
29.160 0.63153
29.170 0.63132
29.180 0.63111
29.190 0.63089
29.200 0.63068
29.210 0.63047
29.220 0.63026
29.230 0.63005
29.240 0.62984
29.250 0.62963
29.260 0.62942
29.270 0.62920
29.280 0.62899
29.290 0.62878
29.300 0.62857
29.310 0.62836
29.320 0.62815
29.330 0.62794
29.340 0.62773
29.350 0.62752
29.360 0.62732
29.370 0.62711
29.380 0.62690
29.390 0.62669
29.400 0.62648
29.410 0.62627
29.420 0.62606
29.430 0.62585
29.440 0.62564
29.450 0.62544
29.460 0.62523
29.470 0.62502
29.480 0.62481
29.490 0.62461
29.500 0.62440
29.510 0.62419
29.520 0.62398
29.530 0.62378
29.540 0.62357
29.550 0.62336
29.560 0.62316
29.570 0.62295
29.580 0.62274
29.590 0.62254
29.600 0.62233
29.610 0.62213
29.620 0.62192
29.630 0.62171
29.640 0.62151
29.650 0.62130
29.660 0.62110
29.670 0.62089
29.680 0.62069
29.690 0.62048
29.700 0.62028
29.710 0.62007
29.720 0.61987
29.730 0.61967
29.740 0.61946
29.750 0.61926
29.760 0.61905
29.770 0.61885
29.780 0.61865
29.790 0.61844
29.800 0.61824
29.810 0.61804
29.820 0.61783
29.830 0.61763
29.840 0.61743
29.850 0.61723
29.860 0.61702
29.870 0.61682
29.880 0.61662
29.890 0.61642
29.900 0.61622
29.910 0.61601
29.920 0.61581
29.930 0.61561
29.940 0.61541
29.950 0.61521
29.960 0.61501
29.970 0.61481
29.980 0.61461
29.990 0.61440
30.000 0.61420
