0.10000 311.83
0.11000 283.49
0.12000 259.86
0.13000 239.88
0.14000 222.74
0.15000 207.89
0.16000 194.90
0.17000 183.44
0.18000 173.25
0.19000 164.13
0.20000 155.92
0.21000 148.50
0.22000 141.75
0.23000 135.59
0.24000 129.94
0.25000 124.74
0.26000 119.95
0.27000 115.50
0.28000 111.38
0.29000 107.54
0.30000 103.96
0.31000 100.60
0.32000 97.459
0.33000 94.506
0.34000 91.727
0.35000 89.107
0.36000 86.632
0.37000 84.291
0.38000 82.073
0.39000 79.969
0.40000 77.970
0.41000 76.069
0.42000 74.258
0.43000 72.532
0.44000 70.883
0.45000 69.309
0.46000 67.802
0.47000 66.360
0.48000 64.978
0.49000 63.652
0.50000 62.379
0.51000 61.157
0.52000 59.981
0.53000 58.849
0.54000 57.760
0.55000 56.710
0.56000 55.698
0.57000 54.721
0.58000 53.777
0.59000 52.866
0.60000 51.985
0.61000 51.133
0.62000 50.309
0.63000 49.511
0.64000 48.737
0.65000 47.988
0.66000 47.261
0.67000 46.556
0.68000 45.871
0.69000 45.207
0.70000 44.561
0.71000 43.934
0.72000 43.324
0.73000 42.731
0.74000 42.153
0.75000 41.591
0.76000 41.044
0.77000 40.512
0.78000 39.992
0.79000 39.486
0.80000 38.993
0.81000 38.512
0.82000 38.042
0.83000 37.584
0.84000 37.137
0.85000 36.700
0.86000 36.274
0.87000 35.857
0.88000 35.450
0.89000 35.051
0.90000 34.662
0.91000 34.281
0.92000 33.909
0.93000 33.545
0.94000 33.188
0.95000 32.839
0.96000 32.497
0.97000 32.162
0.98000 31.834
0.99000 31.512
1.0000 31.198
1.0100 30.889
1.0200 30.586
1.0300 30.289
1.0400 29.998
1.0500 29.713
1.0600 29.433
1.0700 29.158
1.0800 28.888
1.0900 28.623
1.1000 28.363
1.1100 28.107
1.1200 27.857
1.1300 27.610
1.1400 27.368
1.1500 27.130
1.1600 26.897
1.1700 26.667
1.1800 26.441
1.1900 26.219
1.2000 26.001
1.2100 25.786
1.2200 25.575
1.2300 25.367
1.2400 25.162
1.2500 24.961
1.2600 24.763
1.2700 24.568
1.2800 24.376
1.2900 24.188
1.3000 24.002
1.3100 23.819
1.3200 23.638
1.3300 23.461
1.3400 23.286
1.3500 23.113
1.3600 22.944
1.3700 22.776
1.3800 22.611
1.3900 22.449
1.4000 22.288
1.4100 22.130
1.4200 21.975
1.4300 21.821
1.4400 21.670
1.4500 21.520
1.4600 21.373
1.4700 21.228
1.4800 21.084
1.4900 20.943
1.5000 20.804
1.5100 20.666
1.5200 20.530
1.5300 20.396
1.5400 20.264
1.5500 20.133
1.5600 20.004
1.5700 19.877
1.5800 19.751
1.5900 19.627
1.6000 19.504
1.6100 19.383
1.6200 19.264
1.6300 19.146
1.6400 19.029
1.6500 18.914
1.6600 18.800
1.6700 18.687
1.6800 18.576
1.6900 18.466
1.7000 18.358
1.7100 18.251
1.7200 18.145
1.7300 18.040
1.7400 17.936
1.7500 17.834
1.7600 17.733
1.7700 17.633
1.7800 17.534
1.7900 17.436
1.8000 17.339
1.8100 17.243
1.8200 17.149
1.8300 17.055
1.8400 16.962
1.8500 16.871
1.8600 16.780
1.8700 16.690
1.8800 16.602
1.8900 16.514
1.9000 16.427
1.9100 16.341
1.9200 16.256
1.9300 16.172
1.9400 16.089
1.9500 16.006
1.9600 15.925
1.9700 15.844
1.9800 15.764
1.9900 15.685
2.0000 15.607
2.0100 15.529
2.0200 15.452
2.0300 15.376
2.0400 15.301
2.0500 15.226
2.0600 15.152
2.0700 15.079
2.0800 15.007
2.0900 14.935
2.1000 14.864
2.1100 14.794
2.1200 14.724
2.1300 14.655
2.1400 14.587
2.1500 14.519
2.1600 14.452
2.1700 14.385
2.1800 14.319
2.1900 14.254
2.2000 14.189
2.2100 14.125
2.2200 14.062
2.2300 13.999
2.2400 13.936
2.2500 13.874
2.2600 13.813
2.2700 13.752
2.2800 13.692
2.2900 13.632
2.3000 13.573
2.3100 13.514
2.3200 13.456
2.3300 13.398
2.3400 13.341
2.3500 13.285
2.3600 13.228
2.3700 13.173
2.3800 13.117
2.3900 13.062
2.4000 13.008
2.4100 12.954
2.4200 12.901
2.4300 12.848
2.4400 12.795
2.4500 12.743
2.4600 12.691
2.4700 12.640
2.4800 12.589
2.4900 12.539
2.5000 12.488
2.5100 12.439
2.5200 12.389
2.5300 12.341
2.5400 12.292
2.5500 12.244
2.5600 12.196
2.5700 12.149
2.5800 12.102
2.5900 12.055
2.6000 12.009
2.6100 11.963
2.6200 11.917
2.6300 11.872
2.6400 11.827
2.6500 11.782
2.6600 11.738
2.6700 11.694
2.6800 11.651
2.6900 11.607
2.7000 11.565
2.7100 11.522
2.7200 11.480
2.7300 11.438
2.7400 11.396
2.7500 11.355
2.7600 11.313
2.7700 11.273
2.7800 11.232
2.7900 11.192
2.8000 11.152
2.8100 11.112
2.8200 11.073
2.8300 11.034
2.8400 10.995
2.8500 10.957
2.8600 10.918
2.8700 10.880
2.8800 10.843
2.8900 10.805
2.9000 10.768
2.9100 10.731
2.9200 10.694
2.9300 10.658
2.9400 10.622
2.9500 10.586
2.9600 10.550
2.9700 10.515
2.9800 10.479
2.9900 10.444
3.0000 10.410
3.0100 10.375
3.0200 10.341
3.0300 10.307
3.0400 10.273
3.0500 10.239
3.0600 10.206
3.0700 10.173
3.0800 10.140
3.0900 10.107
3.1000 10.074
3.1100 10.042
3.1200 10.010
3.1300 9.9779
3.1400 9.9462
3.1500 9.9147
3.1600 9.8834
3.1700 9.8522
3.1800 9.8213
3.1900 9.7906
3.2000 9.7600
3.2100 9.7297
3.2200 9.6995
3.2300 9.6695
3.2400 9.6397
3.2500 9.6101
3.2600 9.5807
3.2700 9.5514
3.2800 9.5223
3.2900 9.4934
3.3000 9.4647
3.3100 9.4362
3.3200 9.4078
3.3300 9.3796
3.3400 9.3516
3.3500 9.3237
3.3600 9.2960
3.3700 9.2685
3.3800 9.2411
3.3900 9.2139
3.4000 9.1868
3.4100 9.1599
3.4200 9.1332
3.4300 9.1066
3.4400 9.0802
3.4500 9.0539
3.4600 9.0278
3.4700 9.0018
3.4800 8.9760
3.4900 8.9503
3.5000 8.9248
3.5100 8.8994
3.5200 8.8742
3.5300 8.8491
3.5400 8.8241
3.5500 8.7993
3.5600 8.7746
3.5700 8.7501
3.5800 8.7257
3.5900 8.7014
3.6000 8.6773
3.6100 8.6533
3.6200 8.6295
3.6300 8.6057
3.6400 8.5821
3.6500 8.5587
3.6600 8.5353
3.6700 8.5121
3.6800 8.4890
3.6900 8.4660
3.7000 8.4432
3.7100 8.4205
3.7200 8.3979
3.7300 8.3754
3.7400 8.3531
3.7500 8.3308
3.7600 8.3087
3.7700 8.2867
3.7800 8.2648
3.7900 8.2431
3.8000 8.2214
3.8100 8.1999
3.8200 8.1785
3.8300 8.1572
3.8400 8.1360
3.8500 8.1149
3.8600 8.0939
3.8700 8.0730
3.8800 8.0522
3.8900 8.0316
3.9000 8.0110
3.9100 7.9906
3.9200 7.9702
3.9300 7.9500
3.9400 7.9299
3.9500 7.9098
3.9600 7.8899
3.9700 7.8701
3.9800 7.8503
3.9900 7.8307
4.0000 7.8111
4.0100 7.7917
4.0200 7.7724
4.0300 7.7531
4.0400 7.7340
4.0500 7.7149
4.0600 7.6959
4.0700 7.6771
4.0800 7.6583
4.0900 7.6396
4.1000 7.6210
4.1100 7.6025
4.1200 7.5841
4.1300 7.5658
4.1400 7.5475
4.1500 7.5294
4.1600 7.5113
4.1700 7.4933
4.1800 7.4755
4.1900 7.4576
4.2000 7.4399
4.2100 7.4223
4.2200 7.4047
4.2300 7.3873
4.2400 7.3699
4.2500 7.3526
4.2600 7.3354
4.2700 7.3182
4.2800 7.3012
4.2900 7.2842
4.3000 7.2673
4.3100 7.2504
4.3200 7.2337
4.3300 7.2170
4.3400 7.2004
4.3500 7.1839
4.3600 7.1675
4.3700 7.1511
4.3800 7.1348
4.3900 7.1186
4.4000 7.1025
4.4100 7.0864
4.4200 7.0704
4.4300 7.0545
4.4400 7.0386
4.4500 7.0228
4.4600 7.0071
4.4700 6.9915
4.4800 6.9759
4.4900 6.9604
4.5000 6.9450
4.5100 6.9296
4.5200 6.9143
4.5300 6.8991
4.5400 6.8839
4.5500 6.8688
4.5600 6.8538
4.5700 6.8388
4.5800 6.8239
4.5900 6.8091
4.6000 6.7943
4.6100 6.7796
4.6200 6.7650
4.6300 6.7504
4.6400 6.7359
4.6500 6.7215
4.6600 6.7071
4.6700 6.6927
4.6800 6.6785
4.6900 6.6643
4.7000 6.6501
4.7100 6.6360
4.7200 6.6220
4.7300 6.6080
4.7400 6.5941
4.7500 6.5803
4.7600 6.5665
4.7700 6.5528
4.7800 6.5391
4.7900 6.5255
4.8000 6.5119
4.8100 6.4984
4.8200 6.4849
4.8300 6.4716
4.8400 6.4582
4.8500 6.4449
4.8600 6.4317
4.8700 6.4185
4.8800 6.4054
4.8900 6.3923
4.9000 6.3793
4.9100 6.3664
4.9200 6.3535
4.9300 6.3406
4.9400 6.3278
4.9500 6.3150
4.9600 6.3023
4.9700 6.2897
4.9800 6.2771
4.9900 6.2645
5.0000 6.2521
5.1000 6.1298
5.1100 6.1178
5.1200 6.1059
5.1300 6.0940
5.1400 6.0822
5.1500 6.0704
5.1600 6.0587
5.1700 6.0470
5.1800 6.0353
5.1900 6.0237
5.2000 6.0122
5.2100 6.0007
5.2200 5.9892
5.2300 5.9778
5.2400 5.9664
5.2500 5.9551
5.2600 5.9438
5.2700 5.9325
5.2800 5.9213
5.2900 5.9102
5.3000 5.8991
5.3100 5.8880
5.3200 5.8769
5.3300 5.8659
5.3400 5.8550
5.3500 5.8441
5.3600 5.8332
5.3700 5.8224
5.3800 5.8116
5.3900 5.8008
5.4000 5.7901
5.4100 5.7794
5.4200 5.7688
5.4300 5.7582
5.4400 5.7476
5.4500 5.7371
5.4600 5.7266
5.4700 5.7162
5.4800 5.7058
5.4900 5.6954
5.5000 5.6851
5.5100 5.6748
5.5200 5.6646
5.5300 5.6544
5.5400 5.6442
5.5500 5.6340
5.5600 5.6239
5.5700 5.6139
5.5800 5.6038
5.5900 5.5938
5.6000 5.5839
5.6100 5.5739
5.6200 5.5641
5.6300 5.5542
5.6400 5.5444
5.6500 5.5346
5.6600 5.5248
5.6700 5.5151
5.6800 5.5054
5.6900 5.4958
5.7000 5.4862
5.7100 5.4766
5.7200 5.4671
5.7300 5.4575
5.7400 5.4481
5.7500 5.4386
5.7600 5.4292
5.7700 5.4198
5.7800 5.4105
5.7900 5.4011
5.8000 5.3919
5.8100 5.3826
5.8200 5.3734
5.8300 5.3642
5.8400 5.3550
5.8500 5.3459
5.8600 5.3368
5.8700 5.3278
5.8800 5.3187
5.8900 5.3097
5.9000 5.3007
5.9100 5.2918
5.9200 5.2829
5.9300 5.2740
5.9400 5.2652
5.9500 5.2563
5.9600 5.2475
5.9700 5.2388
5.9800 5.2300
5.9900 5.2213
6.0000 5.2127
6.0100 5.2040
6.0200 5.1954
6.0300 5.1868
6.0400 5.1782
6.0500 5.1697
6.0600 5.1612
6.0700 5.1527
6.0800 5.1443
6.0900 5.1359
6.1000 5.1275
6.1100 5.1191
6.1200 5.1108
6.1300 5.1024
6.1400 5.0942
6.1500 5.0859
6.1600 5.0777
6.1700 5.0695
6.1800 5.0613
6.1900 5.0531
6.2000 5.0450
6.2100 5.0369
6.2200 5.0288
6.2300 5.0208
6.2400 5.0128
6.2500 5.0048
6.2600 4.9968
6.2700 4.9889
6.2800 4.9809
6.2900 4.9731
6.3000 4.9652
6.3100 4.9573
6.3200 4.9495
6.3300 4.9417
6.3400 4.9340
6.3500 4.9262
6.3600 4.9185
6.3700 4.9108
6.3800 4.9031
6.3900 4.8955
6.4000 4.8878
6.4100 4.8802
6.4200 4.8727
6.4300 4.8651
6.4400 4.8576
6.4500 4.8501
6.4600 4.8426
6.4700 4.8351
6.4800 4.8277
6.4900 4.8203
6.5000 4.8129
6.5100 4.8055
6.5200 4.7982
6.5300 4.7909
6.5400 4.7836
6.5500 4.7763
6.5600 4.7690
6.5700 4.7618
6.5800 4.7546
6.5900 4.7474
6.6000 4.7402
6.6100 4.7331
6.6200 4.7259
6.6300 4.7188
6.6400 4.7117
6.6500 4.7047
6.6600 4.6976
6.6700 4.6906
6.6800 4.6836
6.6900 4.6766
6.7000 4.6697
6.7100 4.6628
6.7200 4.6558
6.7300 4.6489
6.7400 4.6421
6.7500 4.6352
6.7600 4.6284
6.7700 4.6216
6.7800 4.6148
6.7900 4.6080
6.8000 4.6013
6.8100 4.5945
6.8200 4.5878
6.8300 4.5811
6.8400 4.5744
6.8500 4.5678
6.8600 4.5611
6.8700 4.5545
6.8800 4.5479
6.8900 4.5414
6.9000 4.5348
6.9100 4.5283
6.9200 4.5217
6.9300 4.5152
6.9400 4.5087
6.9500 4.5023
6.9600 4.4958
6.9700 4.4894
6.9800 4.4830
6.9900 4.4766
7.0000 4.4702
7.0100 4.4639
7.0200 4.4575
7.0300 4.4512
7.0400 4.4449
7.0500 4.4386
7.0600 4.4324
7.0700 4.4261
7.0800 4.4199
7.0900 4.4137
7.1000 4.4075
7.1100 4.4013
7.1200 4.3952
7.1300 4.3890
7.1400 4.3829
7.1500 4.3768
7.1600 4.3707
7.1700 4.3646
7.1800 4.3586
7.1900 4.3525
7.2000 4.3465
7.2100 4.3405
7.2200 4.3345
7.2300 4.3285
7.2400 4.3226
7.2500 4.3166
7.2600 4.3107
7.2700 4.3048
7.2800 4.2989
7.2900 4.2930
7.3000 4.2872
7.3100 4.2813
7.3200 4.2755
7.3300 4.2697
7.3400 4.2639
7.3500 4.2581
7.3600 4.2523
7.3700 4.2466
7.3800 4.2409
7.3900 4.2352
7.4000 4.2294
7.4100 4.2238
7.4200 4.2181
7.4300 4.2124
7.4400 4.2068
7.4500 4.2012
7.4600 4.1956
7.4700 4.1900
7.4800 4.1844
7.4900 4.1788
7.5000 4.1733
7.5100 4.1677
7.5200 4.1622
7.5300 4.1567
7.5400 4.1512
7.5500 4.1457
7.5600 4.1403
7.5700 4.1348
7.5800 4.1294
7.5900 4.1240
7.6000 4.1186
7.6100 4.1132
7.6200 4.1078
7.6300 4.1024
7.6400 4.0971
7.6500 4.0917
7.6600 4.0864
7.6700 4.0811
7.6800 4.0758
7.6900 4.0705
7.7000 4.0653
7.7100 4.0600
7.7200 4.0548
7.7300 4.0496
7.7400 4.0443
7.7500 4.0391
7.7600 4.0340
7.7700 4.0288
7.7800 4.0236
7.7900 4.0185
7.8000 4.0134
7.8100 4.0082
7.8200 4.0031
7.8300 3.9980
7.8400 3.9930
7.8500 3.9879
7.8600 3.9828
7.8700 3.9778
7.8800 3.9728
7.8900 3.9678
7.9000 3.9628
7.9100 3.9578
7.9200 3.9528
7.9300 3.9478
7.9400 3.9429
7.9500 3.9379
7.9600 3.9330
7.9700 3.9281
7.9800 3.9232
7.9900 3.9183
8.0000 3.9134
8.0100 3.9086
8.0200 3.9037
8.0300 3.8989
8.0400 3.8940
8.0500 3.8892
8.0600 3.8844
8.0700 3.8796
8.0800 3.8748
8.0900 3.8701
8.1000 3.8653
8.1100 3.8605
8.1200 3.8558
8.1300 3.8511
8.1400 3.8464
8.1500 3.8417
8.1600 3.8370
8.1700 3.8323
8.1800 3.8276
8.1900 3.8230
8.2000 3.8183
8.2100 3.8137
8.2200 3.8091
8.2300 3.8045
8.2400 3.7999
8.2500 3.7953
8.2600 3.7907
8.2700 3.7862
8.2800 3.7816
8.2900 3.7771
8.3000 3.7725
8.3100 3.7680
8.3200 3.7635
8.3300 3.7590
8.3400 3.7545
8.3500 3.7500
8.3600 3.7456
8.3700 3.7411
8.3800 3.7367
8.3900 3.7322
8.4000 3.7278
8.4100 3.7234
8.4200 3.7190
8.4300 3.7146
8.4400 3.7102
8.4500 3.7058
8.4600 3.7015
8.4700 3.6971
8.4800 3.6928
8.4900 3.6885
8.5000 3.6841
8.5100 3.6798
8.5200 3.6755
8.5300 3.6712
8.5400 3.6670
8.5500 3.6627
8.5600 3.6584
8.5700 3.6542
8.5800 3.6499
8.5900 3.6457
8.6000 3.6415
8.6100 3.6373
8.6200 3.6331
8.6300 3.6289
8.6400 3.6247
8.6500 3.6205
8.6600 3.6164
8.6700 3.6122
8.6800 3.6081
8.6900 3.6039
8.7000 3.5998
8.7100 3.5957
8.7200 3.5916
8.7300 3.5875
8.7400 3.5834
8.7500 3.5793
8.7600 3.5753
8.7700 3.5712
8.7800 3.5671
8.7900 3.5631
8.8000 3.5591
8.8100 3.5551
8.8200 3.5510
8.8300 3.5470
8.8400 3.5430
8.8500 3.5391
8.8600 3.5351
8.8700 3.5311
8.8800 3.5272
8.8900 3.5232
8.9000 3.5193
8.9100 3.5153
8.9200 3.5114
8.9300 3.5075
8.9400 3.5036
8.9500 3.4997
8.9600 3.4958
8.9700 3.4919
8.9800 3.4881
8.9900 3.4842
9.0000 3.4803
9.0100 3.4765
9.0200 3.4727
9.0300 3.4688
9.0400 3.4650
9.0500 3.4612
9.0600 3.4574
9.0700 3.4536
9.0800 3.4498
9.0900 3.4460
9.1000 3.4423
9.1100 3.4385
9.1200 3.4347
9.1300 3.4310
9.1400 3.4273
9.1500 3.4235
9.1600 3.4198
9.1700 3.4161
9.1800 3.4124
9.1900 3.4087
9.2000 3.4050
9.2100 3.4013
9.2200 3.3977
9.2300 3.3940
9.2400 3.3903
9.2500 3.3867
9.2600 3.3831
9.2700 3.3794
9.2800 3.3758
9.2900 3.3722
9.3000 3.3686
9.3100 3.3650
9.3200 3.3614
9.3300 3.3578
9.3400 3.3542
9.3500 3.3506
9.3600 3.3471
9.3700 3.3435
9.3800 3.3400
9.3900 3.3364
9.4000 3.3329
9.4100 3.3294
9.4200 3.3259
9.4300 3.3224
9.4400 3.3188
9.4500 3.3154
9.4600 3.3119
9.4700 3.3084
9.4800 3.3049
9.4900 3.3014
9.5000 3.2980
9.5100 3.2945
9.5200 3.2911
9.5300 3.2877
9.5400 3.2842
9.5500 3.2808
9.5600 3.2774
9.5700 3.2740
9.5800 3.2706
9.5900 3.2672
9.6000 3.2638
9.6100 3.2604
9.6200 3.2570
9.6300 3.2537
9.6400 3.2503
9.6500 3.2470
9.6600 3.2436
9.6700 3.2403
9.6800 3.2370
9.6900 3.2336
9.7000 3.2303
9.7100 3.2270
9.7200 3.2237
9.7300 3.2204
9.7400 3.2171
9.7500 3.2138
9.7600 3.2105
9.7700 3.2073
9.7800 3.2040
9.7900 3.2008
9.8000 3.1975
9.8100 3.1943
9.8200 3.1910
9.8300 3.1878
9.8400 3.1846
9.8500 3.1814
9.8600 3.1781
9.8700 3.1749
9.8800 3.1717
9.8900 3.1686
9.9000 3.1654
9.9100 3.1622
9.9200 3.1590
9.9300 3.1559
9.9400 3.1527
9.9500 3.1495
9.9600 3.1464
9.9700 3.1433
9.9800 3.1401
9.9900 3.1370
10.000 3.1339
10.100 3.1030
10.110 3.0999
10.120 3.0969
10.130 3.0939
10.140 3.0908
10.150 3.0878
10.160 3.0848
10.170 3.0817
10.180 3.0787
10.190 3.0757
10.200 3.0727
10.210 3.0697
10.220 3.0667
10.230 3.0638
10.240 3.0608
10.250 3.0578
10.260 3.0549
10.270 3.0519
10.280 3.0489
10.290 3.0460
10.300 3.0431
10.310 3.0401
10.320 3.0372
10.330 3.0343
10.340 3.0313
10.350 3.0284
10.360 3.0255
10.370 3.0226
10.380 3.0197
10.390 3.0168
10.400 3.0139
10.410 3.0111
10.420 3.0082
10.430 3.0053
10.440 3.0025
10.450 2.9996
10.460 2.9967
10.470 2.9939
10.480 2.9911
10.490 2.9882
10.500 2.9854
10.510 2.9826
10.520 2.9797
10.530 2.9769
10.540 2.9741
10.550 2.9713
10.560 2.9685
10.570 2.9657
10.580 2.9629
10.590 2.9601
10.600 2.9574
10.610 2.9546
10.620 2.9518
10.630 2.9491
10.640 2.9463
10.650 2.9436
10.660 2.9408
10.670 2.9381
10.680 2.9353
10.690 2.9326
10.700 2.9299
10.710 2.9272
10.720 2.9244
10.730 2.9217
10.740 2.9190
10.750 2.9163
10.760 2.9136
10.770 2.9109
10.780 2.9083
10.790 2.9056
10.800 2.9029
10.810 2.9002
10.820 2.8976
10.830 2.8949
10.840 2.8922
10.850 2.8896
10.860 2.8869
10.870 2.8843
10.880 2.8817
10.890 2.8790
10.900 2.8764
10.910 2.8738
10.920 2.8712
10.930 2.8686
10.940 2.8659
10.950 2.8633
10.960 2.8607
10.970 2.8582
10.980 2.8556
10.990 2.8530
11.000 2.8504
11.010 2.8478
11.020 2.8453
11.030 2.8427
11.040 2.8401
11.050 2.8376
11.060 2.8350
11.070 2.8325
11.080 2.8299
11.090 2.8274
11.100 2.8249
11.110 2.8223
11.120 2.8198
11.130 2.8173
11.140 2.8148
11.150 2.8123
11.160 2.8098
11.170 2.8073
11.180 2.8048
11.190 2.8023
11.200 2.7998
11.210 2.7973
11.220 2.7948
11.230 2.7923
11.240 2.7899
11.250 2.7874
11.260 2.7849
11.270 2.7825
11.280 2.7800
11.290 2.7776
11.300 2.7751
11.310 2.7727
11.320 2.7703
11.330 2.7678
11.340 2.7654
11.350 2.7630
11.360 2.7606
11.370 2.7582
11.380 2.7557
11.390 2.7533
11.400 2.7509
11.410 2.7485
11.420 2.7461
11.430 2.7438
11.440 2.7414
11.450 2.7390
11.460 2.7366
11.470 2.7342
11.480 2.7319
11.490 2.7295
11.500 2.7272
11.510 2.7248
11.520 2.7224
11.530 2.7201
11.540 2.7178
11.550 2.7154
11.560 2.7131
11.570 2.7107
11.580 2.7084
11.590 2.7061
11.600 2.7038
11.610 2.7015
11.620 2.6992
11.630 2.6968
11.640 2.6945
11.650 2.6922
11.660 2.6899
11.670 2.6877
11.680 2.6854
11.690 2.6831
11.700 2.6808
11.710 2.6785
11.720 2.6763
11.730 2.6740
11.740 2.6717
11.750 2.6695
11.760 2.6672
11.770 2.6650
11.780 2.6627
11.790 2.6605
11.800 2.6582
11.810 2.6560
11.820 2.6537
11.830 2.6515
11.840 2.6493
11.850 2.6471
11.860 2.6448
11.870 2.6426
11.880 2.6404
11.890 2.6382
11.900 2.6360
11.910 2.6338
11.920 2.6316
11.930 2.6294
11.940 2.6272
11.950 2.6250
11.960 2.6229
11.970 2.6207
11.980 2.6185
11.990 2.6163
12.000 2.6142
12.010 2.6120
12.020 2.6099
12.030 2.6077
12.040 2.6055
12.050 2.6034
12.060 2.6012
12.070 2.5991
12.080 2.5970
12.090 2.5948
12.100 2.5927
12.110 2.5906
12.120 2.5884
12.130 2.5863
12.140 2.5842
12.150 2.5821
12.160 2.5800
12.170 2.5779
12.180 2.5758
12.190 2.5737
12.200 2.5716
12.210 2.5695
12.220 2.5674
12.230 2.5653
12.240 2.5632
12.250 2.5611
12.260 2.5591
12.270 2.5570
12.280 2.5549
12.290 2.5529
12.300 2.5508
12.310 2.5487
12.320 2.5467
12.330 2.5446
12.340 2.5426
12.350 2.5405
12.360 2.5385
12.370 2.5365
12.380 2.5344
12.390 2.5324
12.400 2.5304
12.410 2.5283
12.420 2.5263
12.430 2.5243
12.440 2.5223
12.450 2.5203
12.460 2.5182
12.470 2.5162
12.480 2.5142
12.490 2.5122
12.500 2.5102
12.510 2.5082
12.520 2.5063
12.530 2.5043
12.540 2.5023
12.550 2.5003
12.560 2.4983
12.570 2.4963
12.580 2.4944
12.590 2.4924
12.600 2.4904
12.610 2.4885
12.620 2.4865
12.630 2.4846
12.640 2.4826
12.650 2.4807
12.660 2.4787
12.670 2.4768
12.680 2.4748
12.690 2.4729
12.700 2.4710
12.710 2.4690
12.720 2.4671
12.730 2.4652
12.740 2.4632
12.750 2.4613
12.760 2.4594
12.770 2.4575
12.780 2.4556
12.790 2.4537
12.800 2.4518
12.800 2.4518
12.800 2.4518
12.810 2.4499
12.820 2.4480
12.830 2.4461
12.840 2.4442
12.850 2.4423
12.860 2.4404
12.870 2.4385
12.880 2.4366
12.890 2.4348
12.900 2.4329
12.910 2.4310
12.920 2.4291
12.930 2.4273
12.940 2.4254
12.950 2.4236
12.960 2.4217
12.970 2.4198
12.980 2.4180
12.990 2.4161
13.000 2.4143
13.010 2.4124
13.020 2.4106
13.030 2.4088
13.040 2.4069
13.050 2.4051
13.060 2.4033
13.070 2.4014
13.080 2.3996
13.090 2.3978
13.100 2.3960
13.110 2.3942
13.120 2.3924
13.130 2.3905
13.140 2.3887
13.150 2.3869
13.160 2.3851
13.170 2.3833
13.180 2.3815
13.190 2.3797
13.200 2.3780
13.210 2.3762
13.220 2.3744
13.230 2.3726
13.240 2.3708
13.250 2.3690
13.260 2.3673
13.270 2.3655
13.280 2.3637
13.290 2.3620
13.300 2.3602
13.310 2.3584
13.320 2.3567
13.330 2.3549
13.340 2.3532
13.350 2.3514
13.360 2.3497
13.370 2.3479
13.380 2.3462
13.390 2.3444
13.400 2.3427
13.410 2.3410
13.420 2.3392
13.430 2.3375
13.440 2.3358
13.450 2.3340
13.460 2.3323
13.470 2.3306
13.480 2.3289
13.490 2.3272
13.500 2.3255
13.510 2.3237
13.520 2.3220
13.530 2.3203
13.540 2.3186
13.550 2.3169
13.560 2.3152
13.570 2.3135
13.580 2.3119
13.590 2.3102
13.600 2.3085
13.610 2.3068
13.620 2.3051
13.630 2.3034
13.640 2.3017
13.650 2.3001
13.660 2.2984
13.670 2.2967
13.680 2.2951
13.690 2.2934
13.700 2.2917
13.710 2.2901
13.720 2.2884
13.730 2.2868
13.740 2.2851
13.750 2.2835
13.760 2.2818
13.770 2.2802
13.780 2.2785
13.790 2.2769
13.800 2.2752
13.810 2.2736
13.820 2.2720
13.830 2.2703
13.840 2.2687
13.850 2.2671
13.860 2.2655
13.870 2.2638
13.880 2.2622
13.890 2.2606
13.900 2.2590
13.910 2.2574
13.920 2.2558
13.930 2.2542
13.940 2.2526
13.950 2.2509
13.960 2.2493
13.970 2.2477
13.980 2.2462
13.990 2.2446
14.000 2.2430
14.010 2.2414
14.020 2.2398
14.030 2.2382
14.040 2.2366
14.050 2.2350
14.060 2.2335
14.070 2.2319
14.080 2.2303
14.090 2.2287
14.100 2.2272
14.110 2.2256
14.120 2.2240
14.130 2.2225
14.140 2.2209
14.150 2.2194
14.160 2.2178
14.170 2.2162
14.180 2.2147
14.190 2.2131
14.200 2.2116
14.210 2.2101
14.220 2.2085
14.230 2.2070
14.240 2.2054
14.250 2.2039
14.260 2.2024
14.270 2.2008
14.280 2.1993
14.290 2.1978
14.300 2.1962
14.310 2.1947
14.320 2.1932
14.330 2.1917
14.340 2.1902
14.350 2.1886
14.360 2.1871
14.370 2.1856
14.380 2.1841
14.390 2.1826
14.400 2.1811
14.410 2.1796
14.420 2.1781
14.430 2.1766
14.440 2.1751
14.450 2.1736
14.460 2.1721
14.470 2.1706
14.480 2.1691
14.490 2.1676
14.500 2.1662
14.510 2.1647
14.520 2.1632
14.530 2.1617
14.540 2.1602
14.550 2.1588
14.560 2.1573
14.570 2.1558
14.580 2.1544
14.590 2.1529
14.600 2.1514
14.610 2.1500
14.620 2.1485
14.630 2.1471
14.640 2.1456
14.650 2.1441
14.660 2.1427
14.670 2.1412
14.680 2.1398
14.690 2.1383
14.700 2.1369
14.710 2.1355
14.720 2.1340
14.730 2.1326
14.740 2.1311
14.750 2.1297
14.760 2.1283
14.770 2.1269
14.780 2.1254
14.790 2.1240
14.800 2.1226
14.810 2.1212
14.820 2.1197
14.830 2.1183
14.840 2.1169
14.850 2.1155
14.860 2.1141
14.870 2.1127
14.880 2.1112
14.890 2.1098
14.900 2.1084
14.910 2.1070
14.920 2.1056
14.930 2.1042
14.940 2.1028
14.950 2.1014
14.960 2.1000
14.970 2.0986
14.980 2.0973
14.990 2.0959
15.000 2.0945
15.100 2.0807
15.110 2.0793
15.120 2.0780
15.130 2.0766
15.140 2.0753
15.150 2.0739
15.160 2.0725
15.170 2.0712
15.180 2.0698
15.190 2.0685
15.200 2.0671
15.210 2.0658
15.220 2.0644
15.230 2.0631
15.240 2.0617
15.250 2.0604
15.260 2.0591
15.270 2.0577
15.280 2.0564
15.290 2.0551
15.300 2.0537
15.310 2.0524
15.320 2.0511
15.330 2.0497
15.340 2.0484
15.350 2.0471
15.360 2.0458
15.370 2.0444
15.380 2.0431
15.390 2.0418
15.400 2.0405
15.410 2.0392
15.420 2.0379
15.430 2.0366
15.440 2.0352
15.450 2.0339
15.460 2.0326
15.470 2.0313
15.480 2.0300
15.490 2.0287
15.500 2.0274
15.510 2.0261
15.520 2.0248
15.530 2.0235
15.540 2.0222
15.550 2.0210
15.560 2.0197
15.570 2.0184
15.580 2.0171
15.590 2.0158
15.600 2.0145
15.610 2.0132
15.620 2.0120
15.630 2.0107
15.640 2.0094
15.650 2.0081
15.660 2.0069
15.670 2.0056
15.680 2.0043
15.690 2.0031
15.700 2.0018
15.710 2.0005
15.720 1.9993
15.730 1.9980
15.740 1.9968
15.750 1.9955
15.760 1.9942
15.770 1.9930
15.780 1.9917
15.790 1.9905
15.800 1.9892
15.810 1.9880
15.820 1.9867
15.830 1.9855
15.840 1.9842
15.850 1.9830
15.860 1.9818
15.870 1.9805
15.880 1.9793
15.890 1.9780
15.900 1.9768
15.910 1.9756
15.920 1.9744
15.930 1.9731
15.940 1.9719
15.950 1.9707
15.960 1.9694
15.970 1.9682
15.980 1.9670
15.990 1.9658
16.000 1.9646
16.010 1.9633
16.020 1.9621
16.030 1.9609
16.040 1.9597
16.050 1.9585
16.060 1.9573
16.070 1.9561
16.080 1.9549
16.090 1.9537
16.100 1.9525
16.110 1.9513
16.120 1.9501
16.130 1.9489
16.140 1.9477
16.150 1.9465
16.160 1.9453
16.170 1.9441
16.180 1.9429
16.190 1.9417
16.200 1.9405
16.210 1.9393
16.220 1.9381
16.230 1.9369
16.240 1.9358
16.250 1.9346
16.260 1.9334
16.270 1.9322
16.280 1.9310
16.290 1.9299
16.300 1.9287
16.310 1.9275
16.320 1.9263
16.330 1.9252
16.340 1.9240
16.350 1.9228
16.360 1.9217
16.370 1.9205
16.380 1.9193
16.390 1.9182
16.400 1.9170
16.410 1.9159
16.420 1.9147
16.430 1.9136
16.440 1.9124
16.450 1.9112
16.460 1.9101
16.470 1.9089
16.480 1.9078
16.490 1.9066
16.500 1.9055
16.510 1.9044
16.520 1.9032
16.530 1.9021
16.540 1.9009
16.550 1.8998
16.560 1.8987
16.570 1.8975
16.580 1.8964
16.590 1.8952
16.600 1.8941
16.610 1.8930
16.620 1.8919
16.630 1.8907
16.640 1.8896
16.650 1.8885
16.660 1.8874
16.670 1.8862
16.680 1.8851
16.690 1.8840
16.700 1.8829
16.710 1.8818
16.720 1.8806
16.730 1.8795
16.740 1.8784
16.750 1.8773
16.760 1.8762
16.770 1.8751
16.780 1.8740
16.790 1.8729
16.800 1.8718
16.810 1.8707
16.820 1.8695
16.830 1.8684
16.840 1.8673
16.850 1.8662
16.860 1.8652
16.870 1.8641
16.880 1.8630
16.890 1.8619
16.900 1.8608
16.910 1.8597
16.920 1.8586
16.930 1.8575
16.940 1.8564
16.950 1.8553
16.960 1.8542
16.970 1.8532
16.980 1.8521
16.990 1.8510
17.000 1.8499
17.010 1.8488
17.020 1.8478
17.030 1.8467
17.040 1.8456
17.050 1.8445
17.060 1.8435
17.070 1.8424
17.080 1.8413
17.090 1.8403
17.100 1.8392
17.110 1.8381
17.120 1.8371
17.130 1.8360
17.140 1.8349
17.150 1.8339
17.160 1.8328
17.170 1.8318
17.180 1.8307
17.190 1.8296
17.200 1.8286
17.210 1.8275
17.220 1.8265
17.230 1.8254
17.240 1.8244
17.250 1.8233
17.260 1.8223
17.270 1.8212
17.280 1.8202
17.290 1.8192
17.300 1.8181
17.310 1.8171
17.320 1.8160
17.330 1.8150
17.340 1.8140
17.350 1.8129
17.360 1.8119
17.370 1.8108
17.380 1.8098
17.390 1.8088
17.400 1.8078
17.410 1.8067
17.420 1.8057
17.430 1.8047
17.440 1.8036
17.450 1.8026
17.460 1.8016
17.470 1.8006
17.480 1.7996
17.490 1.7985
17.500 1.7975
17.510 1.7965
17.520 1.7955
17.530 1.7945
17.540 1.7935
17.550 1.7924
17.560 1.7914
17.570 1.7904
17.580 1.7894
17.590 1.7884
17.600 1.7874
17.610 1.7864
17.620 1.7854
17.630 1.7844
17.640 1.7834
17.650 1.7824
17.660 1.7814
17.670 1.7804
17.680 1.7794
17.690 1.7784
17.700 1.7774
17.710 1.7764
17.720 1.7754
17.730 1.7744
17.740 1.7734
17.750 1.7724
17.760 1.7714
17.770 1.7704
17.780 1.7695
17.790 1.7685
17.800 1.7675
17.810 1.7665
17.820 1.7655
17.830 1.7645
17.840 1.7636
17.850 1.7626
17.860 1.7616
17.870 1.7606
17.880 1.7596
17.890 1.7587
17.900 1.7577
17.910 1.7567
17.920 1.7558
17.930 1.7548
17.940 1.7538
17.950 1.7528
17.960 1.7519
17.970 1.7509
17.980 1.7499
17.990 1.7490
18.000 1.7480
18.010 1.7471
18.020 1.7461
18.030 1.7451
18.040 1.7442
18.050 1.7432
18.060 1.7423
18.070 1.7413
18.080 1.7404
18.090 1.7394
18.100 1.7384
18.110 1.7375
18.120 1.7365
18.130 1.7356
18.140 1.7346
18.150 1.7337
18.160 1.7328
18.170 1.7318
18.180 1.7309
18.190 1.7299
18.200 1.7290
18.210 1.7280
18.220 1.7271
18.230 1.7262
18.240 1.7252
18.250 1.7243
18.260 1.7234
18.270 1.7224
18.280 1.7215
18.290 1.7206
18.300 1.7196
18.310 1.7187
18.320 1.7178
18.330 1.7168
18.340 1.7159
18.350 1.7150
18.360 1.7141
18.370 1.7131
18.380 1.7122
18.390 1.7113
18.400 1.7104
18.410 1.7094
18.420 1.7085
18.430 1.7076
18.440 1.7067
18.450 1.7058
18.460 1.7049
18.470 1.7039
18.480 1.7030
18.490 1.7021
18.500 1.7012
18.510 1.7003
18.520 1.6994
18.530 1.6985
18.540 1.6976
18.550 1.6967
18.560 1.6958
18.570 1.6948
18.580 1.6939
18.590 1.6930
18.600 1.6921
18.610 1.6912
18.620 1.6903
18.630 1.6894
18.640 1.6885
18.650 1.6876
18.660 1.6867
18.670 1.6859
18.680 1.6850
18.690 1.6841
18.700 1.6832
18.710 1.6823
18.720 1.6814
18.730 1.6805
18.740 1.6796
18.750 1.6787
18.760 1.6778
18.770 1.6770
18.780 1.6761
18.790 1.6752
18.800 1.6743
18.810 1.6734
18.820 1.6725
18.830 1.6717
18.840 1.6708
18.850 1.6699
18.860 1.6690
18.870 1.6682
18.880 1.6673
18.890 1.6664
18.900 1.6655
18.910 1.6647
18.920 1.6638
18.930 1.6629
18.940 1.6620
18.950 1.6612
18.960 1.6603
18.970 1.6594
18.980 1.6586
18.990 1.6577
19.000 1.6568
19.010 1.6560
19.020 1.6551
19.030 1.6543
19.040 1.6534
19.050 1.6525
19.060 1.6517
19.070 1.6508
19.080 1.6500
19.090 1.6491
19.100 1.6483
19.110 1.6474
19.120 1.6465
19.130 1.6457
19.140 1.6448
19.150 1.6440
19.160 1.6431
19.170 1.6423
19.180 1.6414
19.190 1.6406
19.200 1.6398
19.210 1.6389
19.220 1.6381
19.230 1.6372
19.240 1.6364
19.250 1.6355
19.260 1.6347
19.270 1.6339
19.280 1.6330
19.290 1.6322
19.300 1.6313
19.310 1.6305
19.320 1.6297
19.330 1.6288
19.340 1.6280
19.350 1.6272
19.360 1.6263
19.370 1.6255
19.380 1.6247
19.390 1.6238
19.400 1.6230
19.410 1.6222
19.420 1.6214
19.430 1.6205
19.440 1.6197
19.450 1.6189
19.460 1.6181
19.470 1.6172
19.480 1.6164
19.490 1.6156
19.500 1.6148
19.510 1.6139
19.520 1.6131
19.530 1.6123
19.540 1.6115
19.550 1.6107
19.560 1.6099
19.570 1.6090
19.580 1.6082
19.590 1.6074
19.600 1.6066
19.610 1.6058
19.620 1.6050
19.630 1.6042
19.640 1.6034
19.650 1.6026
19.660 1.6018
19.670 1.6009
19.680 1.6001
19.690 1.5993
19.700 1.5985
19.710 1.5977
19.720 1.5969
19.730 1.5961
19.740 1.5953
19.750 1.5945
19.760 1.5937
19.770 1.5929
19.780 1.5921
19.790 1.5913
19.800 1.5905
19.810 1.5897
19.820 1.5889
19.830 1.5882
19.840 1.5874
19.850 1.5866
19.860 1.5858
19.870 1.5850
19.880 1.5842
19.890 1.5834
19.900 1.5826
19.910 1.5818
19.920 1.5810
19.930 1.5803
19.940 1.5795
19.950 1.5787
19.960 1.5779
19.970 1.5771
19.980 1.5763
19.990 1.5756
20.000 1.5748
20.100 1.5670
20.110 1.5663
20.120 1.5655
20.130 1.5647
20.140 1.5640
20.150 1.5632
20.160 1.5624
20.170 1.5616
20.180 1.5609
20.190 1.5601
20.200 1.5594
20.210 1.5586
20.220 1.5578
20.230 1.5571
20.240 1.5563
20.250 1.5555
20.260 1.5548
20.270 1.5540
20.280 1.5533
20.290 1.5525
20.300 1.5517
20.310 1.5510
20.320 1.5502
20.330 1.5495
20.340 1.5487
20.350 1.5480
20.360 1.5472
20.370 1.5465
20.380 1.5457
20.390 1.5450
20.400 1.5442
20.410 1.5435
20.420 1.5427
20.430 1.5420
20.440 1.5412
20.450 1.5405
20.460 1.5397
20.470 1.5390
20.480 1.5382
20.490 1.5375
20.500 1.5368
20.510 1.5360
20.520 1.5353
20.530 1.5345
20.540 1.5338
20.550 1.5331
20.560 1.5323
20.570 1.5316
20.580 1.5308
20.590 1.5301
20.600 1.5294
20.610 1.5286
20.620 1.5279
20.630 1.5272
20.640 1.5264
20.650 1.5257
20.660 1.5250
20.670 1.5243
20.680 1.5235
20.690 1.5228
20.700 1.5221
20.710 1.5213
20.720 1.5206
20.730 1.5199
20.740 1.5192
20.750 1.5184
20.760 1.5177
20.770 1.5170
20.780 1.5163
20.790 1.5155
20.800 1.5148
20.810 1.5141
20.820 1.5134
20.830 1.5127
20.840 1.5119
20.850 1.5112
20.860 1.5105
20.870 1.5098
20.880 1.5091
20.890 1.5084
20.900 1.5077
20.910 1.5069
20.920 1.5062
20.930 1.5055
20.940 1.5048
20.950 1.5041
20.960 1.5034
20.970 1.5027
20.980 1.5020
20.990 1.5013
21.000 1.5005
21.010 1.4998
21.020 1.4991
21.030 1.4984
21.040 1.4977
21.050 1.4970
21.060 1.4963
21.070 1.4956
21.080 1.4949
21.090 1.4942
21.100 1.4935
21.110 1.4928
21.120 1.4921
21.130 1.4914
21.140 1.4907
21.150 1.4900
21.160 1.4893
21.170 1.4886
21.180 1.4879
21.190 1.4872
21.200 1.4865
21.210 1.4858
21.220 1.4852
21.230 1.4845
21.240 1.4838
21.250 1.4831
21.260 1.4824
21.270 1.4817
21.280 1.4810
21.290 1.4803
21.300 1.4796
21.310 1.4789
21.320 1.4783
21.330 1.4776
21.340 1.4769
21.350 1.4762
21.360 1.4755
21.370 1.4748
21.380 1.4742
21.390 1.4735
21.400 1.4728
21.410 1.4721
21.420 1.4714
21.430 1.4708
21.440 1.4701
21.450 1.4694
21.460 1.4687
21.470 1.4680
21.480 1.4674
21.490 1.4667
21.500 1.4660
21.510 1.4653
21.520 1.4647
21.530 1.4640
21.540 1.4633
21.550 1.4627
21.560 1.4620
21.570 1.4613
21.580 1.4606
21.590 1.4600
21.600 1.4593
21.610 1.4586
21.620 1.4580
21.630 1.4573
21.640 1.4566
21.650 1.4560
21.660 1.4553
21.670 1.4546
21.680 1.4540
21.690 1.4533
21.700 1.4526
21.710 1.4520
21.720 1.4513
21.730 1.4507
21.740 1.4500
21.750 1.4493
21.760 1.4487
21.770 1.4480
21.780 1.4474
21.790 1.4467
21.800 1.4461
21.810 1.4454
21.820 1.4447
21.830 1.4441
21.840 1.4434
21.850 1.4428
21.860 1.4421
21.870 1.4415
21.880 1.4408
21.890 1.4402
21.900 1.4395
21.910 1.4389
21.920 1.4382
21.930 1.4376
21.940 1.4369
21.950 1.4363
21.960 1.4356
21.970 1.4350
21.980 1.4343
21.990 1.4337
22.000 1.4331
22.010 1.4324
22.020 1.4318
22.030 1.4311
22.040 1.4305
22.050 1.4298
22.060 1.4292
22.070 1.4286
22.080 1.4279
22.090 1.4273
22.100 1.4266
22.110 1.4260
22.120 1.4254
22.130 1.4247
22.140 1.4241
22.150 1.4235
22.160 1.4228
22.170 1.4222
22.180 1.4216
22.190 1.4209
22.200 1.4203
22.210 1.4197
22.220 1.4190
22.230 1.4184
22.240 1.4178
22.250 1.4171
22.260 1.4165
22.270 1.4159
22.280 1.4152
22.290 1.4146
22.300 1.4140
22.310 1.4134
22.320 1.4127
22.330 1.4121
22.340 1.4115
22.350 1.4109
22.360 1.4102
22.370 1.4096
22.380 1.4090
22.390 1.4084
22.400 1.4077
22.410 1.4071
22.420 1.4065
22.430 1.4059
22.440 1.4053
22.450 1.4046
22.460 1.4040
22.470 1.4034
22.480 1.4028
22.490 1.4022
22.500 1.4016
22.510 1.4009
22.520 1.4003
22.530 1.3997
22.540 1.3991
22.550 1.3985
22.560 1.3979
22.570 1.3973
22.580 1.3966
22.590 1.3960
22.600 1.3954
22.610 1.3948
22.620 1.3942
22.630 1.3936
22.640 1.3930
22.650 1.3924
22.660 1.3918
22.670 1.3912
22.680 1.3906
22.690 1.3900
22.700 1.3893
22.710 1.3887
22.720 1.3881
22.730 1.3875
22.740 1.3869
22.750 1.3863
22.760 1.3857
22.770 1.3851
22.780 1.3845
22.790 1.3839
22.800 1.3833
22.810 1.3827
22.820 1.3821
22.830 1.3815
22.840 1.3809
22.850 1.3803
22.860 1.3797
22.870 1.3791
22.880 1.3785
22.890 1.3779
22.900 1.3774
22.910 1.3768
22.920 1.3762
22.930 1.3756
22.940 1.3750
22.950 1.3744
22.960 1.3738
22.970 1.3732
22.980 1.3726
22.990 1.3720
23.000 1.3714
23.010 1.3708
23.020 1.3703
23.030 1.3697
23.040 1.3691
23.050 1.3685
23.060 1.3679
23.070 1.3673
23.080 1.3667
23.090 1.3661
23.100 1.3656
23.110 1.3650
23.120 1.3644
23.130 1.3638
23.140 1.3632
23.150 1.3626
23.160 1.3621
23.170 1.3615
23.180 1.3609
23.190 1.3603
23.200 1.3597
23.210 1.3592
23.220 1.3586
23.230 1.3580
23.240 1.3574
23.250 1.3569
23.260 1.3563
23.270 1.3557
23.280 1.3551
23.290 1.3546
23.300 1.3540
23.310 1.3534
23.320 1.3528
23.330 1.3523
23.340 1.3517
23.350 1.3511
23.360 1.3505
23.370 1.3500
23.380 1.3494
23.390 1.3488
23.400 1.3483
23.410 1.3477
23.420 1.3471
23.430 1.3466
23.440 1.3460
23.450 1.3454
23.460 1.3448
23.470 1.3443
23.480 1.3437
23.490 1.3432
23.500 1.3426
23.510 1.3420
23.520 1.3415
23.530 1.3409
23.540 1.3403
23.550 1.3398
23.560 1.3392
23.570 1.3386
23.580 1.3381
23.590 1.3375
23.600 1.3370
23.610 1.3364
23.620 1.3358
23.630 1.3353
23.640 1.3347
23.650 1.3342
23.660 1.3336
23.670 1.3331
23.680 1.3325
23.690 1.3319
23.700 1.3314
23.710 1.3308
23.720 1.3303
23.730 1.3297
23.740 1.3292
23.750 1.3286
23.760 1.3281
23.770 1.3275
23.780 1.3270
23.790 1.3264
23.800 1.3259
23.810 1.3253
23.820 1.3248
23.830 1.3242
23.840 1.3237
23.850 1.3231
23.860 1.3226
23.870 1.3220
23.880 1.3215
23.890 1.3209
23.900 1.3204
23.910 1.3198
23.920 1.3193
23.930 1.3187
23.940 1.3182
23.950 1.3177
23.960 1.3171
23.970 1.3166
23.980 1.3160
23.990 1.3155
24.000 1.3149
24.010 1.3144
24.020 1.3139
24.030 1.3133
24.040 1.3128
24.050 1.3122
24.060 1.3117
24.070 1.3112
24.080 1.3106
24.090 1.3101
24.100 1.3096
24.110 1.3090
24.120 1.3085
24.130 1.3079
24.140 1.3074
24.150 1.3069
24.160 1.3063
24.170 1.3058
24.180 1.3053
24.190 1.3047
24.200 1.3042
24.210 1.3037
24.220 1.3031
24.230 1.3026
24.240 1.3021
24.250 1.3015
24.260 1.3010
24.270 1.3005
24.280 1.3000
24.290 1.2994
24.300 1.2989
24.310 1.2984
24.320 1.2978
24.330 1.2973
24.340 1.2968
24.350 1.2963
24.360 1.2957
24.370 1.2952
24.380 1.2947
24.390 1.2942
24.400 1.2936
24.410 1.2931
24.420 1.2926
24.430 1.2921
24.440 1.2916
24.450 1.2910
24.460 1.2905
24.470 1.2900
24.480 1.2895
24.490 1.2889
24.500 1.2884
24.510 1.2879
24.520 1.2874
24.530 1.2869
24.540 1.2864
24.550 1.2858
24.560 1.2853
24.570 1.2848
24.580 1.2843
24.590 1.2838
24.600 1.2833
24.610 1.2827
24.620 1.2822
24.630 1.2817
24.640 1.2812
24.650 1.2807
24.660 1.2802
24.670 1.2797
24.680 1.2791
24.690 1.2786
24.700 1.2781
24.710 1.2776
24.720 1.2771
24.730 1.2766
24.740 1.2761
24.750 1.2756
24.760 1.2751
24.770 1.2746
24.780 1.2740
24.790 1.2735
24.800 1.2730
24.810 1.2725
24.820 1.2720
24.830 1.2715
24.840 1.2710
24.850 1.2705
24.860 1.2700
24.870 1.2695
24.880 1.2690
24.890 1.2685
24.900 1.2680
24.910 1.2675
24.920 1.2670
24.930 1.2665
24.940 1.2660
24.950 1.2655
24.960 1.2650
24.970 1.2645
24.980 1.2640
24.990 1.2635
25.000 1.2630
25.100 1.2580
25.110 1.2575
25.120 1.2570
25.130 1.2565
25.140 1.2560
25.150 1.2555
25.160 1.2550
25.170 1.2546
25.180 1.2541
25.190 1.2536
25.200 1.2531
25.210 1.2526
25.220 1.2521
25.230 1.2516
25.240 1.2511
25.250 1.2506
25.260 1.2501
25.270 1.2496
25.280 1.2492
25.290 1.2487
25.300 1.2482
25.310 1.2477
25.320 1.2472
25.330 1.2467
25.340 1.2462
25.350 1.2458
25.360 1.2453
25.370 1.2448
25.380 1.2443
25.390 1.2438
25.400 1.2433
25.410 1.2429
25.420 1.2424
25.430 1.2419
25.440 1.2414
25.450 1.2409
25.460 1.2404
25.470 1.2400
25.480 1.2395
25.490 1.2390
25.500 1.2385
25.510 1.2380
25.520 1.2376
25.530 1.2371
25.540 1.2366
25.550 1.2361
25.560 1.2356
25.570 1.2352
25.580 1.2347
25.590 1.2342
25.600 1.2337
25.610 1.2333
25.620 1.2328
25.630 1.2323
25.640 1.2318
25.650 1.2314
25.660 1.2309
25.670 1.2304
25.680 1.2299
25.690 1.2295
25.700 1.2290
25.710 1.2285
25.720 1.2281
25.730 1.2276
25.740 1.2271
25.750 1.2266
25.760 1.2262
25.770 1.2257
25.780 1.2252
25.790 1.2248
25.800 1.2243
25.810 1.2238
25.820 1.2234
25.830 1.2229
25.840 1.2224
25.850 1.2220
25.860 1.2215
25.870 1.2210
25.880 1.2206
25.890 1.2201
25.900 1.2196
25.910 1.2192
25.920 1.2187
25.930 1.2182
25.940 1.2178
25.950 1.2173
25.960 1.2169
25.970 1.2164
25.980 1.2159
25.990 1.2155
26.000 1.2150
26.010 1.2145
26.020 1.2141
26.030 1.2136
26.040 1.2132
26.050 1.2127
26.060 1.2122
26.070 1.2118
26.080 1.2113
26.090 1.2109
26.100 1.2104
26.110 1.2100
26.120 1.2095
26.130 1.2090
26.140 1.2086
26.150 1.2081
26.160 1.2077
26.170 1.2072
26.180 1.2068
26.190 1.2063
26.200 1.2058
26.210 1.2054
26.220 1.2049
26.230 1.2045
26.240 1.2040
26.250 1.2036
26.260 1.2031
26.270 1.2027
26.280 1.2022
26.290 1.2018
26.300 1.2013
26.310 1.2009
26.320 1.2004
26.330 1.2000
26.340 1.1995
26.350 1.1991
26.360 1.1986
26.370 1.1982
26.380 1.1977
26.390 1.1973
26.400 1.1968
26.410 1.1964
26.420 1.1959
26.430 1.1955
26.440 1.1950
26.450 1.1946
26.460 1.1942
26.470 1.1937
26.480 1.1933
26.490 1.1928
26.500 1.1924
26.510 1.1919
26.520 1.1915
26.530 1.1910
26.540 1.1906
26.550 1.1902
26.560 1.1897
26.570 1.1893
26.580 1.1888
26.590 1.1884
26.600 1.1880
26.610 1.1875
26.620 1.1871
26.630 1.1866
26.640 1.1862
26.650 1.1858
26.660 1.1853
26.670 1.1849
26.680 1.1844
26.690 1.1840
26.700 1.1836
26.710 1.1831
26.720 1.1827
26.730 1.1823
26.740 1.1818
26.750 1.1814
26.760 1.1809
26.770 1.1805
26.780 1.1801
26.790 1.1796
26.800 1.1792
26.810 1.1788
26.820 1.1783
26.830 1.1779
26.840 1.1775
26.850 1.1770
26.860 1.1766
26.870 1.1762
26.880 1.1757
26.890 1.1753
26.900 1.1749
26.910 1.1744
26.920 1.1740
26.930 1.1736
26.940 1.1732
26.950 1.1727
26.960 1.1723
26.970 1.1719
26.980 1.1714
26.990 1.1710
27.000 1.1706
27.010 1.1702
27.020 1.1697
27.030 1.1693
27.040 1.1689
27.050 1.1685
27.060 1.1680
27.070 1.1676
27.080 1.1672
27.090 1.1667
27.100 1.1663
27.110 1.1659
27.120 1.1655
27.130 1.1651
27.140 1.1646
27.150 1.1642
27.160 1.1638
27.170 1.1634
27.180 1.1629
27.190 1.1625
27.200 1.1621
27.210 1.1617
27.220 1.1613
27.230 1.1608
27.240 1.1604
27.250 1.1600
27.260 1.1596
27.270 1.1592
27.280 1.1587
27.290 1.1583
27.300 1.1579
27.310 1.1575
27.320 1.1571
27.330 1.1566
27.340 1.1562
27.350 1.1558
27.360 1.1554
27.370 1.1550
27.380 1.1546
27.390 1.1541
27.400 1.1537
27.410 1.1533
27.420 1.1529
27.430 1.1525
27.440 1.1521
27.450 1.1517
27.460 1.1512
27.470 1.1508
27.480 1.1504
27.490 1.1500
27.500 1.1496
27.510 1.1492
27.520 1.1488
27.530 1.1484
27.540 1.1479
27.550 1.1475
27.560 1.1471
27.570 1.1467
27.580 1.1463
27.590 1.1459
27.600 1.1455
27.610 1.1451
27.620 1.1447
27.630 1.1443
27.640 1.1438
27.650 1.1434
27.660 1.1430
27.670 1.1426
27.680 1.1422
27.690 1.1418
27.700 1.1414
27.710 1.1410
27.720 1.1406
27.730 1.1402
27.740 1.1398
27.750 1.1394
27.760 1.1390
27.770 1.1386
27.780 1.1382
27.790 1.1378
27.800 1.1374
27.810 1.1369
27.820 1.1365
27.830 1.1361
27.840 1.1357
27.850 1.1353
27.860 1.1349
27.870 1.1345
27.880 1.1341
27.890 1.1337
27.900 1.1333
27.910 1.1329
27.920 1.1325
27.930 1.1321
27.940 1.1317
27.950 1.1313
27.960 1.1309
27.970 1.1305
27.980 1.1301
27.990 1.1297
28.000 1.1293
28.010 1.1289
28.020 1.1285
28.030 1.1281
28.040 1.1278
28.050 1.1274
28.060 1.1270
28.070 1.1266
28.080 1.1262
28.090 1.1258
28.100 1.1254
28.110 1.1250
28.120 1.1246
28.130 1.1242
28.140 1.1238
28.150 1.1234
28.160 1.1230
28.170 1.1226
28.180 1.1222
28.190 1.1218
28.200 1.1214
28.210 1.1211
28.220 1.1207
28.230 1.1203
28.240 1.1199
28.250 1.1195
28.260 1.1191
28.270 1.1187
28.280 1.1183
28.290 1.1179
28.300 1.1175
28.310 1.1171
28.320 1.1168
28.330 1.1164
28.340 1.1160
28.350 1.1156
28.360 1.1152
28.370 1.1148
28.380 1.1144
28.390 1.1140
28.400 1.1137
28.410 1.1133
28.420 1.1129
28.430 1.1125
28.440 1.1121
28.450 1.1117
28.460 1.1113
28.470 1.1110
28.480 1.1106
28.490 1.1102
28.500 1.1098
28.510 1.1094
28.520 1.1090
28.530 1.1087
28.540 1.1083
28.550 1.1079
28.560 1.1075
28.570 1.1071
28.580 1.1067
28.590 1.1064
28.600 1.1060
28.610 1.1056
28.620 1.1052
28.630 1.1048
28.640 1.1045
28.650 1.1041
28.660 1.1037
28.670 1.1033
28.680 1.1029
28.690 1.1026
28.700 1.1022
28.710 1.1018
28.720 1.1014
28.730 1.1010
28.740 1.1007
28.750 1.1003
28.760 1.0999
28.770 1.0995
28.780 1.0992
28.790 1.0988
28.800 1.0984
28.810 1.0980
28.820 1.0977
28.830 1.0973
28.840 1.0969
28.850 1.0965
28.860 1.0962
28.870 1.0958
28.880 1.0954
28.890 1.0950
28.900 1.0947
28.910 1.0943
28.920 1.0939
28.930 1.0935
28.940 1.0932
28.950 1.0928
28.960 1.0924
28.970 1.0921
28.980 1.0917
28.990 1.0913
29.000 1.0909
29.010 1.0906
29.020 1.0902
29.030 1.0898
29.040 1.0895
29.050 1.0891
29.060 1.0887
29.070 1.0884
29.080 1.0880
29.090 1.0876
29.100 1.0872
29.110 1.0869
29.120 1.0865
29.130 1.0861
29.140 1.0858
29.150 1.0854
29.160 1.0850
29.170 1.0847
29.180 1.0843
29.190 1.0839
29.200 1.0836
29.210 1.0832
29.220 1.0828
29.230 1.0825
29.240 1.0821
29.250 1.0818
29.260 1.0814
29.270 1.0810
29.280 1.0807
29.290 1.0803
29.300 1.0799
29.310 1.0796
29.320 1.0792
29.330 1.0788
29.340 1.0785
29.350 1.0781
29.360 1.0778
29.370 1.0774
29.380 1.0770
29.390 1.0767
29.400 1.0763
29.410 1.0760
29.420 1.0756
29.430 1.0752
29.440 1.0749
29.450 1.0745
29.460 1.0742
29.470 1.0738
29.480 1.0734
29.490 1.0731
29.500 1.0727
29.510 1.0724
29.520 1.0720
29.530 1.0716
29.540 1.0713
29.550 1.0709
29.560 1.0706
29.570 1.0702
29.580 1.0699
29.590 1.0695
29.600 1.0691
29.610 1.0688
29.620 1.0684
29.630 1.0681
29.640 1.0677
29.650 1.0674
29.660 1.0670
29.670 1.0667
29.680 1.0663
29.690 1.0660
29.700 1.0656
29.710 1.0652
29.720 1.0649
29.730 1.0645
29.740 1.0642
29.750 1.0638
29.760 1.0635
29.770 1.0631
29.780 1.0628
29.790 1.0624
29.800 1.0621
29.810 1.0617
29.820 1.0614
29.830 1.0610
29.840 1.0607
29.850 1.0603
29.860 1.0600
29.870 1.0596
29.880 1.0593
29.890 1.0589
29.900 1.0586
29.910 1.0582
29.920 1.0579
29.930 1.0575
29.940 1.0572
29.950 1.0568
29.960 1.0565
29.970 1.0561
29.980 1.0558
29.990 1.0554
30.000 1.0551
