0.10000 49.213
0.11000 44.737
0.12000 41.007
0.13000 37.851
0.14000 35.146
0.15000 32.801
0.16000 30.750
0.17000 28.940
0.18000 27.331
0.19000 25.891
0.20000 24.595
0.21000 23.423
0.22000 22.357
0.23000 21.384
0.24000 20.492
0.25000 19.672
0.26000 18.914
0.27000 18.213
0.28000 17.562
0.29000 16.955
0.30000 16.390
0.31000 15.860
0.32000 15.364
0.33000 14.898
0.34000 14.459
0.35000 14.045
0.36000 13.654
0.37000 13.285
0.38000 12.935
0.39000 12.602
0.40000 12.287
0.41000 11.986
0.42000 11.701
0.43000 11.428
0.44000 11.168
0.45000 10.919
0.46000 10.681
0.47000 10.454
0.48000 10.235
0.49000 10.026
0.50000 9.8250
0.51000 9.6319
0.52000 9.4463
0.53000 9.2676
0.54000 9.0956
0.55000 8.9298
0.56000 8.7700
0.57000 8.6157
0.58000 8.4668
0.59000 8.3229
0.60000 8.1838
0.61000 8.0493
0.62000 7.9191
0.63000 7.7931
0.64000 7.6710
0.65000 7.5526
0.66000 7.4379
0.67000 7.3265
0.68000 7.2184
0.69000 7.1135
0.70000 7.0116
0.71000 6.9125
0.72000 6.8162
0.73000 6.7225
0.74000 6.6314
0.75000 6.5427
0.76000 6.4563
0.77000 6.3722
0.78000 6.2902
0.79000 6.2103
0.80000 6.1324
0.81000 6.0564
0.82000 5.9823
0.83000 5.9099
0.84000 5.8393
0.85000 5.7704
0.86000 5.7030
0.87000 5.6372
0.88000 5.5729
0.89000 5.5100
0.90000 5.4486
0.91000 5.3885
0.92000 5.3297
0.93000 5.2721
0.94000 5.2158
0.95000 5.1607
0.96000 5.1067
0.97000 5.0538
0.98000 5.0020
0.99000 4.9513
1.0000 4.9015
1.0100 4.8528
1.0200 4.8050
1.0300 4.7581
1.0400 4.7122
1.0500 4.6671
1.0600 4.6228
1.0700 4.5794
1.0800 4.5368
1.0900 4.4950
1.1000 4.4539
1.1100 4.4136
1.1200 4.3740
1.1300 4.3351
1.1400 4.2969
1.1500 4.2593
1.1600 4.2224
1.1700 4.1862
1.1800 4.1505
1.1900 4.1154
1.2000 4.0810
1.2100 4.0470
1.2200 4.0137
1.2300 3.9809
1.2400 3.9486
1.2500 3.9168
1.2600 3.8856
1.2700 3.8548
1.2800 3.8245
1.2900 3.7947
1.3000 3.7653
1.3100 3.7364
1.3200 3.7080
1.3300 3.6799
1.3400 3.6523
1.3500 3.6251
1.3600 3.5983
1.3700 3.5718
1.3800 3.5458
1.3900 3.5201
1.4000 3.4948
1.4100 3.4699
1.4200 3.4453
1.4300 3.4211
1.4400 3.3971
1.4500 3.3736
1.4600 3.3503
1.4700 3.3274
1.4800 3.3047
1.4900 3.2824
1.5000 3.2604
1.5100 3.2386
1.5200 3.2172
1.5300 3.1960
1.5400 3.1751
1.5500 3.1545
1.5600 3.1341
1.5700 3.1140
1.5800 3.0942
1.5900 3.0746
1.6000 3.0552
1.6100 3.0361
1.6200 3.0172
1.6300 2.9986
1.6400 2.9802
1.6500 2.9620
1.6600 2.9440
1.6700 2.9263
1.6800 2.9087
1.6900 2.8914
1.7000 2.8742
1.7100 2.8573
1.7200 2.8405
1.7300 2.8240
1.7400 2.8076
1.7500 2.7915
1.7600 2.7755
1.7700 2.7597
1.7800 2.7441
1.7900 2.7286
1.8000 2.7133
1.8100 2.6982
1.8200 2.6833
1.8300 2.6685
1.8400 2.6539
1.8500 2.6394
1.8600 2.6251
1.8700 2.6109
1.8800 2.5969
1.8900 2.5831
1.9000 2.5694
1.9100 2.5558
1.9200 2.5424
1.9300 2.5291
1.9400 2.5159
1.9500 2.5029
1.9600 2.4900
1.9700 2.4773
1.9800 2.4647
1.9900 2.4522
2.0000 2.4398
2.0100 2.4276
2.0200 2.4154
2.0300 2.4034
2.0400 2.3915
2.0500 2.3798
2.0600 2.3681
2.0700 2.3566
2.0800 2.3451
2.0900 2.3338
2.1000 2.3226
2.1100 2.3115
2.1200 2.3005
2.1300 2.2896
2.1400 2.2788
2.1500 2.2681
2.1600 2.2575
2.1700 2.2469
2.1800 2.2365
2.1900 2.2262
2.2000 2.2160
2.2100 2.2059
2.2200 2.1958
2.2300 2.1859
2.2400 2.1760
2.2500 2.1663
2.2600 2.1566
2.2700 2.1470
2.2800 2.1375
2.2900 2.1281
2.3000 2.1187
2.3100 2.1094
2.3200 2.1003
2.3300 2.0911
2.3400 2.0821
2.3500 2.0732
2.3600 2.0643
2.3700 2.0555
2.3800 2.0468
2.3900 2.0381
2.4000 2.0295
2.4100 2.0210
2.4200 2.0126
2.4300 2.0042
2.4400 1.9959
2.4500 1.9876
2.4600 1.9795
2.4700 1.9714
2.4800 1.9633
2.4900 1.9554
2.5000 1.9475
2.5100 1.9396
2.5200 1.9318
2.5300 1.9241
2.5400 1.9164
2.5500 1.9088
2.5600 1.9013
2.5700 1.8938
2.5800 1.8864
2.5900 1.8790
2.6000 1.8717
2.6100 1.8645
2.6200 1.8573
2.6300 1.8501
2.6400 1.8430
2.6500 1.8360
2.6600 1.8290
2.6700 1.8221
2.6800 1.8152
2.6900 1.8084
2.7000 1.8016
2.7100 1.7949
2.7200 1.7882
2.7300 1.7815
2.7400 1.7750
2.7500 1.7684
2.7600 1.7619
2.7700 1.7555
2.7800 1.7491
2.7900 1.7428
2.8000 1.7365
2.8100 1.7302
2.8200 1.7240
2.8300 1.7178
2.8400 1.7117
2.8500 1.7056
2.8600 1.6996
2.8700 1.6936
2.8800 1.6876
2.8900 1.6817
2.9000 1.6758
2.9100 1.6700
2.9200 1.6642
2.9300 1.6584
2.9400 1.6527
2.9500 1.6470
2.9600 1.6414
2.9700 1.6358
2.9800 1.6302
2.9900 1.6247
3.0000 1.6192
3.0100 1.6138
3.0200 1.6084
3.0300 1.6030
3.0400 1.5976
3.0500 1.5923
3.0600 1.5871
3.0700 1.5818
3.0800 1.5766
3.0900 1.5714
3.1000 1.5663
3.1100 1.5612
3.1200 1.5561
3.1300 1.5511
3.1400 1.5461
3.1500 1.5411
3.1600 1.5361
3.1700 1.5312
3.1800 1.5263
3.1900 1.5215
3.2000 1.5167
3.2100 1.5119
3.2200 1.5071
3.2300 1.5024
3.2400 1.4977
3.2500 1.4930
3.2600 1.4883
3.2700 1.4837
3.2800 1.4791
3.2900 1.4746
3.3000 1.4700
3.3100 1.4655
3.3200 1.4611
3.3300 1.4566
3.3400 1.4522
3.3500 1.4478
3.3600 1.4434
3.3700 1.4390
3.3800 1.4347
3.3900 1.4304
3.4000 1.4262
3.4100 1.4219
3.4200 1.4177
3.4300 1.4135
3.4400 1.4093
3.4500 1.4052
3.4600 1.4010
3.4700 1.3969
3.4800 1.3929
3.4900 1.3888
3.5000 1.3848
3.5100 1.3808
3.5200 1.3768
3.5300 1.3728
3.5400 1.3689
3.5500 1.3650
3.5600 1.3611
3.5700 1.3572
3.5800 1.3534
3.5900 1.3495
3.6000 1.3457
3.6100 1.3419
3.6200 1.3382
3.6300 1.3344
3.6400 1.3307
3.6500 1.3270
3.6600 1.3233
3.6700 1.3196
3.6800 1.3160
3.6900 1.3124
3.7000 1.3087
3.7100 1.3052
3.7200 1.3016
3.7300 1.2980
3.7400 1.2945
3.7500 1.2910
3.7600 1.2875
3.7700 1.2840
3.7800 1.2806
3.7900 1.2772
3.8000 1.2737
3.8100 1.2703
3.8200 1.2670
3.8300 1.2636
3.8400 1.2602
3.8500 1.2569
3.8600 1.2536
3.8700 1.2503
3.8800 1.2470
3.8900 1.2438
3.9000 1.2405
3.9100 1.2373
3.9200 1.2341
3.9300 1.2309
3.9400 1.2277
3.9500 1.2245
3.9600 1.2214
3.9700 1.2183
3.9800 1.2151
3.9900 1.2120
4.0000 1.2090
4.0100 1.2059
4.0200 1.2028
4.0300 1.1998
4.0400 1.1968
4.0500 1.1938
4.0600 1.1908
4.0700 1.1878
4.0800 1.1848
4.0900 1.1819
4.1000 1.1789
4.1100 1.1760
4.1200 1.1731
4.1300 1.1702
4.1400 1.1673
4.1500 1.1645
4.1600 1.1616
4.1700 1.1588
4.1800 1.1560
4.1900 1.1531
4.2000 1.1503
4.2100 1.1476
4.2200 1.1448
4.2300 1.1420
4.2400 1.1393
4.2500 1.1366
4.2600 1.1338
4.2700 1.1311
4.2800 1.1284
4.2900 1.1258
4.3000 1.1231
4.3100 1.1204
4.3200 1.1178
4.3300 1.1152
4.3400 1.1125
4.3500 1.1099
4.3600 1.1073
4.3700 1.1047
4.3800 1.1022
4.3900 1.0996
4.4000 1.0971
4.4100 1.0945
4.4200 1.0920
4.4300 1.0895
4.4400 1.0870
4.4500 1.0845
4.4600 1.0820
4.4700 1.0795
4.4800 1.0771
4.4900 1.0746
4.5000 1.0722
4.5100 1.0698
4.5200 1.0674
4.5300 1.0650
4.5400 1.0626
4.5500 1.0602
4.5600 1.0578
4.5700 1.0554
4.5800 1.0531
4.5900 1.0507
4.6000 1.0484
4.6100 1.0461
4.6200 1.0438
4.6300 1.0415
4.6400 1.0392
4.6500 1.0369
4.6600 1.0346
4.6700 1.0324
4.6800 1.0301
4.6900 1.0279
4.7000 1.0256
4.7100 1.0234
4.7200 1.0212
4.7300 1.0190
4.7400 1.0168
4.7500 1.0146
4.7600 1.0124
4.7700 1.0103
4.7800 1.0081
4.7900 1.0060
4.8000 1.0038
4.8100 1.0017
4.8200 0.99957
4.8300 0.99745
4.8400 0.99535
4.8500 0.99325
4.8600 0.99116
4.8700 0.98908
4.8800 0.98701
4.8900 0.98495
4.9000 0.98289
4.9100 0.98085
4.9200 0.97881
4.9300 0.97678
4.9400 0.97476
4.9500 0.97274
4.9600 0.97074
4.9700 0.96874
4.9800 0.96675
4.9900 0.96477
5.0000 0.96280
5.1000 0.94349
5.1100 0.94160
5.1200 0.93972
5.1300 0.93785
5.1400 0.93598
5.1500 0.93412
5.1600 0.93227
5.1700 0.93042
5.1800 0.92859
5.1900 0.92675
5.2000 0.92493
5.2100 0.92311
5.2200 0.92130
5.2300 0.91950
5.2400 0.91770
5.2500 0.91591
5.2600 0.91413
5.2700 0.91236
5.2800 0.91059
5.2900 0.90882
5.3000 0.90707
5.3100 0.90532
5.3200 0.90358
5.3300 0.90184
5.3400 0.90011
5.3500 0.89839
5.3600 0.89667
5.3700 0.89496
5.3800 0.89326
5.3900 0.89156
5.4000 0.88987
5.4100 0.88818
5.4200 0.88650
5.4300 0.88483
5.4400 0.88316
5.4500 0.88150
5.4600 0.87985
5.4700 0.87820
5.4800 0.87656
5.4900 0.87492
5.5000 0.87329
5.5100 0.87167
5.5200 0.87005
5.5300 0.86844
5.5400 0.86683
5.5500 0.86523
5.5600 0.86363
5.5700 0.86204
5.5800 0.86046
5.5900 0.85888
5.6000 0.85731
5.6100 0.85574
5.6200 0.85418
5.6300 0.85263
5.6400 0.85108
5.6500 0.84953
5.6600 0.84799
5.6700 0.84646
5.6800 0.84493
5.6900 0.84341
5.7000 0.84189
5.7100 0.84038
5.7200 0.83887
5.7300 0.83737
5.7400 0.83587
5.7500 0.83438
5.7600 0.83289
5.7700 0.83141
5.7800 0.82993
5.7900 0.82846
5.8000 0.82700
5.8100 0.82554
5.8200 0.82408
5.8300 0.82263
5.8400 0.82118
5.8500 0.81974
5.8600 0.81831
5.8700 0.81688
5.8800 0.81545
5.8900 0.81403
5.9000 0.81261
5.9100 0.81120
5.9200 0.80979
5.9300 0.80839
5.9400 0.80699
5.9500 0.80560
5.9600 0.80421
5.9700 0.80283
5.9800 0.80145
5.9900 0.80008
6.0000 0.79871
6.0100 0.79734
6.0200 0.79598
6.0300 0.79463
6.0400 0.79327
6.0500 0.79193
6.0600 0.79058
6.0700 0.78925
6.0800 0.78791
6.0900 0.78658
6.1000 0.78526
6.1100 0.78394
6.1200 0.78262
6.1300 0.78131
6.1400 0.78000
6.1500 0.77870
6.1600 0.77740
6.1700 0.77610
6.1800 0.77481
6.1900 0.77353
6.2000 0.77224
6.2100 0.77096
6.2200 0.76969
6.2300 0.76842
6.2400 0.76715
6.2500 0.76589
6.2600 0.76463
6.2700 0.76338
6.2800 0.76213
6.2900 0.76088
6.3000 0.75964
6.3100 0.75840
6.3200 0.75717
6.3300 0.75594
6.3400 0.75471
6.3500 0.75349
6.3600 0.75227
6.3700 0.75105
6.3800 0.74984
6.3900 0.74864
6.4000 0.74743
6.4100 0.74623
6.4200 0.74504
6.4300 0.74384
6.4400 0.74266
6.4500 0.74147
6.4600 0.74029
6.4700 0.73911
6.4800 0.73794
6.4900 0.73677
6.5000 0.73560
6.5100 0.73444
6.5200 0.73328
6.5300 0.73212
6.5400 0.73097
6.5500 0.72982
6.5600 0.72867
6.5700 0.72753
6.5800 0.72639
6.5900 0.72526
6.6000 0.72413
6.6100 0.72300
6.6200 0.72187
6.6300 0.72075
6.6400 0.71963
6.6500 0.71852
6.6600 0.71741
6.6700 0.71630
6.6800 0.71520
6.6900 0.71409
6.7000 0.71300
6.7100 0.71190
6.7200 0.71081
6.7300 0.70972
6.7400 0.70864
6.7500 0.70755
6.7600 0.70648
6.7700 0.70540
6.7800 0.70433
6.7900 0.70326
6.8000 0.70219
6.8100 0.70113
6.8200 0.70007
6.8300 0.69901
6.8400 0.69796
6.8500 0.69691
6.8600 0.69586
6.8700 0.69482
6.8800 0.69378
6.8900 0.69274
6.9000 0.69170
6.9100 0.69067
6.9200 0.68964
6.9300 0.68861
6.9400 0.68759
6.9500 0.68657
6.9600 0.68555
6.9700 0.68454
6.9800 0.68353
6.9900 0.68252
7.0000 0.68151
7.0100 0.68051
7.0200 0.67951
7.0300 0.67851
7.0400 0.67752
7.0500 0.67653
7.0600 0.67554
7.0700 0.67455
7.0800 0.67357
7.0900 0.67259
7.1000 0.67161
7.1100 0.67063
7.1200 0.66966
7.1300 0.66869
7.1400 0.66773
7.1500 0.66676
7.1600 0.66580
7.1700 0.66484
7.1800 0.66389
7.1900 0.66293
7.2000 0.66198
7.2100 0.66103
7.2200 0.66009
7.2300 0.65915
7.2400 0.65821
7.2500 0.65727
7.2600 0.65633
7.2700 0.65540
7.2800 0.65447
7.2900 0.65354
7.3000 0.65262
7.3100 0.65170
7.3200 0.65078
7.3300 0.64986
7.3400 0.64894
7.3500 0.64803
7.3600 0.64712
7.3700 0.64621
7.3800 0.64531
7.3900 0.64441
7.4000 0.64351
7.4100 0.64261
7.4200 0.64172
7.4300 0.64082
7.4400 0.63993
7.4500 0.63904
7.4600 0.63816
7.4700 0.63728
7.4800 0.63639
7.4900 0.63552
7.5000 0.63464
7.5100 0.63377
7.5200 0.63290
7.5300 0.63203
7.5400 0.63116
7.5500 0.63029
7.5600 0.62943
7.5700 0.62857
7.5800 0.62771
7.5900 0.62686
7.6000 0.62601
7.6100 0.62516
7.6200 0.62431
7.6300 0.62346
7.6400 0.62262
7.6500 0.62177
7.6600 0.62093
7.6700 0.62010
7.6800 0.61926
7.6900 0.61843
7.7000 0.61760
7.7100 0.61677
7.7200 0.61594
7.7300 0.61512
7.7400 0.61429
7.7500 0.61347
7.7600 0.61266
7.7700 0.61184
7.7800 0.61103
7.7900 0.61021
7.8000 0.60940
7.8100 0.60860
7.8200 0.60779
7.8300 0.60699
7.8400 0.60618
7.8500 0.60538
7.8600 0.60459
7.8700 0.60379
7.8800 0.60300
7.8900 0.60221
7.9000 0.60142
7.9100 0.60063
7.9200 0.59984
7.9300 0.59906
7.9400 0.59828
7.9500 0.59750
7.9600 0.59672
7.9700 0.59595
7.9800 0.59517
7.9900 0.59440
8.0000 0.59363
8.0100 0.59286
8.0200 0.59210
8.0300 0.59133
8.0400 0.59057
8.0500 0.58981
8.0600 0.58905
8.0700 0.58830
8.0800 0.58754
8.0900 0.58679
8.1000 0.58604
8.1100 0.58529
8.1200 0.58454
8.1300 0.58380
8.1400 0.58305
8.1500 0.58231
8.1600 0.58157
8.1700 0.58083
8.1800 0.58010
8.1900 0.57936
8.2000 0.57863
8.2100 0.57790
8.2200 0.57717
8.2300 0.57644
8.2400 0.57572
8.2500 0.57499
8.2600 0.57427
8.2700 0.57355
8.2800 0.57283
8.2900 0.57211
8.3000 0.57140
8.3100 0.57069
8.3200 0.56997
8.3300 0.56926
8.3400 0.56856
8.3500 0.56785
8.3600 0.56714
8.3700 0.56644
8.3800 0.56574
8.3900 0.56504
8.4000 0.56434
8.4100 0.56364
8.4200 0.56295
8.4300 0.56226
8.4400 0.56157
8.4500 0.56088
8.4600 0.56019
8.4700 0.55950
8.4800 0.55882
8.4900 0.55813
8.5000 0.55745
8.5100 0.55677
8.5200 0.55609
8.5300 0.55541
8.5400 0.55474
8.5500 0.55407
8.5600 0.55339
8.5700 0.55272
8.5800 0.55205
8.5900 0.55139
8.6000 0.55072
8.6100 0.55005
8.6200 0.54939
8.6300 0.54873
8.6400 0.54807
8.6500 0.54741
8.6600 0.54676
8.6700 0.54610
8.6800 0.54545
8.6900 0.54479
8.7000 0.54414
8.7100 0.54349
8.7200 0.54285
8.7300 0.54220
8.7400 0.54156
8.7500 0.54091
8.7600 0.54027
8.7700 0.53963
8.7800 0.53899
8.7900 0.53835
8.8000 0.53772
8.8100 0.53708
8.8200 0.53645
8.8300 0.53582
8.8400 0.53519
8.8500 0.53456
8.8600 0.53393
8.8700 0.53331
8.8800 0.53268
8.8900 0.53206
8.9000 0.53144
8.9100 0.53082
8.9200 0.53020
8.9300 0.52958
8.9400 0.52896
8.9500 0.52835
8.9600 0.52773
8.9700 0.52712
8.9800 0.52651
8.9900 0.52590
9.0000 0.52529
9.0100 0.52469
9.0200 0.52408
9.0300 0.52348
9.0400 0.52287
9.0500 0.52227
9.0600 0.52167
9.0700 0.52107
9.0800 0.52048
9.0900 0.51988
9.1000 0.51929
9.1100 0.51869
9.1200 0.51810
9.1300 0.51751
9.1400 0.51692
9.1500 0.51633
9.1600 0.51575
9.1700 0.51516
9.1800 0.51458
9.1900 0.51399
9.2000 0.51341
9.2100 0.51283
9.2200 0.51225
9.2300 0.51167
9.2400 0.51110
9.2500 0.51052
9.2600 0.50995
9.2700 0.50937
9.2800 0.50880
9.2900 0.50823
9.3000 0.50766
9.3100 0.50709
9.3200 0.50653
9.3300 0.50596
9.3400 0.50540
9.3500 0.50483
9.3600 0.50427
9.3700 0.50371
9.3800 0.50315
9.3900 0.50259
9.4000 0.50203
9.4100 0.50148
9.4200 0.50092
9.4300 0.50037
9.4400 0.49982
9.4500 0.49927
9.4600 0.49872
9.4700 0.49817
9.4800 0.49762
9.4900 0.49707
9.5000 0.49653
9.5100 0.49598
9.5200 0.49544
9.5300 0.49490
9.5400 0.49435
9.5500 0.49381
9.5600 0.49328
9.5700 0.49274
9.5800 0.49220
9.5900 0.49167
9.6000 0.49113
9.6100 0.49060
9.6200 0.49007
9.6300 0.48954
9.6400 0.48901
9.6500 0.48848
9.6600 0.48795
9.6700 0.48742
9.6800 0.48690
9.6900 0.48637
9.7000 0.48585
9.7100 0.48533
9.7200 0.48481
9.7300 0.48429
9.7400 0.48377
9.7500 0.48325
9.7600 0.48273
9.7700 0.48222
9.7800 0.48170
9.7900 0.48119
9.8000 0.48068
9.8100 0.48016
9.8200 0.47965
9.8300 0.47914
9.8400 0.47864
9.8500 0.47813
9.8600 0.47762
9.8700 0.47712
9.8800 0.47661
9.8900 0.47611
9.9000 0.47561
9.9100 0.47511
9.9200 0.47461
9.9300 0.47411
9.9400 0.47361
9.9500 0.47311
9.9600 0.47261
9.9700 0.47212
9.9800 0.47162
9.9900 0.47113
10.000 0.47064
10.100 0.46577
10.110 0.46529
10.120 0.46481
10.130 0.46433
10.140 0.46385
10.150 0.46337
10.160 0.46289
10.170 0.46242
10.180 0.46194
10.190 0.46147
10.200 0.46100
10.210 0.46052
10.220 0.46005
10.230 0.45958
10.240 0.45911
10.250 0.45864
10.260 0.45818
10.270 0.45771
10.280 0.45724
10.290 0.45678
10.300 0.45632
10.310 0.45585
10.320 0.45539
10.330 0.45493
10.340 0.45447
10.350 0.45401
10.360 0.45355
10.370 0.45309
10.380 0.45264
10.390 0.45218
10.400 0.45172
10.410 0.45127
10.420 0.45082
10.430 0.45036
10.440 0.44991
10.450 0.44946
10.460 0.44901
10.470 0.44856
10.480 0.44812
10.490 0.44767
10.500 0.44722
10.510 0.44678
10.520 0.44633
10.530 0.44589
10.540 0.44544
10.550 0.44500
10.560 0.44456
10.570 0.44412
10.580 0.44368
10.590 0.44324
10.600 0.44280
10.610 0.44237
10.620 0.44193
10.630 0.44149
10.640 0.44106
10.650 0.44063
10.660 0.44019
10.670 0.43976
10.680 0.43933
10.690 0.43890
10.700 0.43847
10.710 0.43804
10.720 0.43761
10.730 0.43718
10.740 0.43676
10.750 0.43633
10.760 0.43591
10.770 0.43548
10.780 0.43506
10.790 0.43464
10.800 0.43421
10.810 0.43379
10.820 0.43337
10.830 0.43295
10.840 0.43253
10.850 0.43212
10.860 0.43170
10.870 0.43128
10.880 0.43087
10.890 0.43045
10.900 0.43004
10.910 0.42962
10.920 0.42921
10.930 0.42880
10.940 0.42839
10.950 0.42798
10.960 0.42757
10.970 0.42716
10.980 0.42675
10.990 0.42634
11.000 0.42594
11.010 0.42553
11.020 0.42513
11.030 0.42472
11.040 0.42432
11.050 0.42392
11.060 0.42351
11.070 0.42311
11.080 0.42271
11.090 0.42231
11.100 0.42191
11.110 0.42151
11.120 0.42111
11.130 0.42072
11.140 0.42032
11.150 0.41993
11.160 0.41953
11.170 0.41914
11.180 0.41874
11.190 0.41835
11.200 0.41796
11.210 0.41757
11.220 0.41717
11.230 0.41678
11.240 0.41640
11.250 0.41601
11.260 0.41562
11.270 0.41523
11.280 0.41484
11.290 0.41446
11.300 0.41407
11.310 0.41369
11.320 0.41330
11.330 0.41292
11.340 0.41254
11.350 0.41216
11.360 0.41178
11.370 0.41140
11.380 0.41102
11.390 0.41064
11.400 0.41026
11.410 0.40988
11.420 0.40950
11.430 0.40913
11.440 0.40875
11.450 0.40837
11.460 0.40800
11.470 0.40763
11.480 0.40725
11.490 0.40688
11.500 0.40651
11.510 0.40614
11.520 0.40577
11.530 0.40540
11.540 0.40503
11.550 0.40466
11.560 0.40429
11.570 0.40392
11.580 0.40356
11.590 0.40319
11.600 0.40282
11.610 0.40246
11.620 0.40209
11.630 0.40173
11.640 0.40137
11.650 0.40101
11.660 0.40064
11.670 0.40028
11.680 0.39992
11.690 0.39956
11.700 0.39920
11.710 0.39884
11.720 0.39849
11.730 0.39813
11.740 0.39777
11.750 0.39742
11.760 0.39706
11.770 0.39670
11.780 0.39635
11.790 0.39600
11.800 0.39564
11.810 0.39529
11.820 0.39494
11.830 0.39459
11.840 0.39424
11.850 0.39389
11.860 0.39354
11.870 0.39319
11.880 0.39284
11.890 0.39249
11.900 0.39214
11.910 0.39180
11.920 0.39145
11.930 0.39111
11.940 0.39076
11.950 0.39042
11.960 0.39007
11.970 0.38973
11.980 0.38939
11.990 0.38904
12.000 0.38870
12.010 0.38836
12.020 0.38802
12.030 0.38768
12.040 0.38734
12.050 0.38700
12.060 0.38667
12.070 0.38633
12.080 0.38599
12.090 0.38565
12.100 0.38532
12.110 0.38498
12.120 0.38465
12.130 0.38431
12.140 0.38398
12.150 0.38365
12.160 0.38331
12.170 0.38298
12.180 0.38265
12.190 0.38232
12.200 0.38199
12.210 0.38166
12.220 0.38133
12.230 0.38100
12.240 0.38067
12.250 0.38035
12.260 0.38002
12.270 0.37969
12.280 0.37937
12.290 0.37904
12.300 0.37872
12.310 0.37839
12.320 0.37807
12.330 0.37774
12.340 0.37742
12.350 0.37710
12.360 0.37678
12.370 0.37646
12.380 0.37613
12.390 0.37581
12.400 0.37549
12.410 0.37518
12.420 0.37486
12.430 0.37454
12.440 0.37422
12.450 0.37390
12.460 0.37359
12.470 0.37327
12.480 0.37296
12.490 0.37264
12.500 0.37233
12.510 0.37201
12.520 0.37170
12.530 0.37138
12.540 0.37107
12.550 0.37076
12.560 0.37045
12.570 0.37014
12.580 0.36983
12.590 0.36952
12.600 0.36921
12.610 0.36890
12.620 0.36859
12.630 0.36828
12.640 0.36797
12.650 0.36767
12.660 0.36736
12.670 0.36705
12.680 0.36675
12.690 0.36644
12.700 0.36614
12.710 0.36583
12.720 0.36553
12.730 0.36523
12.740 0.36492
12.750 0.36462
12.760 0.36432
12.770 0.36402
12.780 0.36372
12.790 0.36342
12.800 0.36312
12.800 0.36312
12.800 0.36312
12.810 0.36282
12.820 0.36252
12.830 0.36222
12.840 0.36192
12.850 0.36162
12.860 0.36133
12.870 0.36103
12.880 0.36073
12.890 0.36044
12.900 0.36014
12.910 0.35985
12.920 0.35955
12.930 0.35926
12.940 0.35896
12.950 0.35867
12.960 0.35838
12.970 0.35809
12.980 0.35779
12.990 0.35750
13.000 0.35721
13.010 0.35692
13.020 0.35663
13.030 0.35634
13.040 0.35605
13.050 0.35576
13.060 0.35548
13.070 0.35519
13.080 0.35490
13.090 0.35462
13.100 0.35433
13.110 0.35404
13.120 0.35376
13.130 0.35347
13.140 0.35319
13.150 0.35290
13.160 0.35262
13.170 0.35234
13.180 0.35205
13.190 0.35177
13.200 0.35149
13.210 0.35121
13.220 0.35093
13.230 0.35065
13.240 0.35037
13.250 0.35009
13.260 0.34981
13.270 0.34953
13.280 0.34925
13.290 0.34897
13.300 0.34869
13.310 0.34841
13.320 0.34814
13.330 0.34786
13.340 0.34759
13.350 0.34731
13.360 0.34703
13.370 0.34676
13.380 0.34648
13.390 0.34621
13.400 0.34594
13.410 0.34566
13.420 0.34539
13.430 0.34512
13.440 0.34485
13.450 0.34458
13.460 0.34430
13.470 0.34403
13.480 0.34376
13.490 0.34349
13.500 0.34322
13.510 0.34295
13.520 0.34269
13.530 0.34242
13.540 0.34215
13.550 0.34188
13.560 0.34161
13.570 0.34135
13.580 0.34108
13.590 0.34081
13.600 0.34055
13.610 0.34028
13.620 0.34002
13.630 0.33975
13.640 0.33949
13.650 0.33923
13.660 0.33896
13.670 0.33870
13.680 0.33844
13.690 0.33818
13.700 0.33791
13.710 0.33765
13.720 0.33739
13.730 0.33713
13.740 0.33687
13.750 0.33661
13.760 0.33635
13.770 0.33609
13.780 0.33583
13.790 0.33558
13.800 0.33532
13.810 0.33506
13.820 0.33480
13.830 0.33455
13.840 0.33429
13.850 0.33403
13.860 0.33378
13.870 0.33352
13.880 0.33327
13.890 0.33301
13.900 0.33276
13.910 0.33251
13.920 0.33225
13.930 0.33200
13.940 0.33175
13.950 0.33149
13.960 0.33124
13.970 0.33099
13.980 0.33074
13.990 0.33049
14.000 0.33024
14.010 0.32999
14.020 0.32974
14.030 0.32949
14.040 0.32924
14.050 0.32899
14.060 0.32874
14.070 0.32849
14.080 0.32825
14.090 0.32800
14.100 0.32775
14.110 0.32750
14.120 0.32726
14.130 0.32701
14.140 0.32677
14.150 0.32652
14.160 0.32628
14.170 0.32603
14.180 0.32579
14.190 0.32554
14.200 0.32530
14.210 0.32506
14.220 0.32481
14.230 0.32457
14.240 0.32433
14.250 0.32409
14.260 0.32385
14.270 0.32361
14.280 0.32336
14.290 0.32312
14.300 0.32288
14.310 0.32264
14.320 0.32240
14.330 0.32217
14.340 0.32193
14.350 0.32169
14.360 0.32145
14.370 0.32121
14.380 0.32098
14.390 0.32074
14.400 0.32050
14.410 0.32026
14.420 0.32003
14.430 0.31979
14.440 0.31956
14.450 0.31932
14.460 0.31909
14.470 0.31885
14.480 0.31862
14.490 0.31839
14.500 0.31815
14.510 0.31792
14.520 0.31769
14.530 0.31745
14.540 0.31722
14.550 0.31699
14.560 0.31676
14.570 0.31653
14.580 0.31630
14.590 0.31606
14.600 0.31583
14.610 0.31560
14.620 0.31537
14.630 0.31515
14.640 0.31492
14.650 0.31469
14.660 0.31446
14.670 0.31423
14.680 0.31400
14.690 0.31378
14.700 0.31355
14.710 0.31332
14.720 0.31310
14.730 0.31287
14.740 0.31264
14.750 0.31242
14.760 0.31219
14.770 0.31197
14.780 0.31174
14.790 0.31152
14.800 0.31129
14.810 0.31107
14.820 0.31085
14.830 0.31062
14.840 0.31040
14.850 0.31018
14.860 0.30996
14.870 0.30973
14.880 0.30951
14.890 0.30929
14.900 0.30907
14.910 0.30885
14.920 0.30863
14.930 0.30841
14.940 0.30819
14.950 0.30797
14.960 0.30775
14.970 0.30753
14.980 0.30731
14.990 0.30709
15.000 0.30688
15.100 0.30471
15.110 0.30450
15.120 0.30428
15.130 0.30407
15.140 0.30385
15.150 0.30364
15.160 0.30343
15.170 0.30321
15.180 0.30300
15.190 0.30279
15.200 0.30257
15.210 0.30236
15.220 0.30215
15.230 0.30194
15.240 0.30173
15.250 0.30152
15.260 0.30131
15.270 0.30110
15.280 0.30089
15.290 0.30068
15.300 0.30047
15.310 0.30026
15.320 0.30005
15.330 0.29984
15.340 0.29963
15.350 0.29942
15.360 0.29921
15.370 0.29901
15.380 0.29880
15.390 0.29859
15.400 0.29839
15.410 0.29818
15.420 0.29797
15.430 0.29777
15.440 0.29756
15.450 0.29736
15.460 0.29715
15.470 0.29695
15.480 0.29674
15.490 0.29654
15.500 0.29633
15.510 0.29613
15.520 0.29592
15.530 0.29572
15.540 0.29552
15.550 0.29532
15.560 0.29511
15.570 0.29491
15.580 0.29471
15.590 0.29451
15.600 0.29430
15.610 0.29410
15.620 0.29390
15.630 0.29370
15.640 0.29350
15.650 0.29330
15.660 0.29310
15.670 0.29290
15.680 0.29270
15.690 0.29250
15.700 0.29230
15.710 0.29211
15.720 0.29191
15.730 0.29171
15.740 0.29151
15.750 0.29131
15.760 0.29112
15.770 0.29092
15.780 0.29072
15.790 0.29052
15.800 0.29033
15.810 0.29013
15.820 0.28994
15.830 0.28974
15.840 0.28954
15.850 0.28935
15.860 0.28915
15.870 0.28896
15.880 0.28877
15.890 0.28857
15.900 0.28838
15.910 0.28818
15.920 0.28799
15.930 0.28780
15.940 0.28760
15.950 0.28741
15.960 0.28722
15.970 0.28703
15.980 0.28683
15.990 0.28664
16.000 0.28645
16.010 0.28626
16.020 0.28607
16.030 0.28588
16.040 0.28569
16.050 0.28550
16.060 0.28531
16.070 0.28512
16.080 0.28493
16.090 0.28474
16.100 0.28455
16.110 0.28436
16.120 0.28417
16.130 0.28398
16.140 0.28380
16.150 0.28361
16.160 0.28342
16.170 0.28323
16.180 0.28305
16.190 0.28286
16.200 0.28267
16.210 0.28248
16.220 0.28230
16.230 0.28211
16.240 0.28193
16.250 0.28174
16.260 0.28156
16.270 0.28137
16.280 0.28119
16.290 0.28100
16.300 0.28082
16.310 0.28063
16.320 0.28045
16.330 0.28026
16.340 0.28008
16.350 0.27990
16.360 0.27971
16.370 0.27953
16.380 0.27935
16.390 0.27917
16.400 0.27898
16.410 0.27880
16.420 0.27862
16.430 0.27844
16.440 0.27826
16.450 0.27808
16.460 0.27790
16.470 0.27771
16.480 0.27753
16.490 0.27735
16.500 0.27717
16.510 0.27699
16.520 0.27681
16.530 0.27664
16.540 0.27646
16.550 0.27628
16.560 0.27610
16.570 0.27592
16.580 0.27574
16.590 0.27556
16.600 0.27539
16.610 0.27521
16.620 0.27503
16.630 0.27485
16.640 0.27468
16.650 0.27450
16.660 0.27432
16.670 0.27415
16.680 0.27397
16.690 0.27380
16.700 0.27362
16.710 0.27344
16.720 0.27327
16.730 0.27309
16.740 0.27292
16.750 0.27275
16.760 0.27257
16.770 0.27240
16.780 0.27222
16.790 0.27205
16.800 0.27188
16.810 0.27170
16.820 0.27153
16.830 0.27136
16.840 0.27118
16.850 0.27101
16.860 0.27084
16.870 0.27067
16.880 0.27049
16.890 0.27032
16.900 0.27015
16.910 0.26998
16.920 0.26981
16.930 0.26964
16.940 0.26947
16.950 0.26930
16.960 0.26913
16.970 0.26896
16.980 0.26879
16.990 0.26862
17.000 0.26845
17.010 0.26828
17.020 0.26811
17.030 0.26794
17.040 0.26777
17.050 0.26760
17.060 0.26743
17.070 0.26727
17.080 0.26710
17.090 0.26693
17.100 0.26676
17.110 0.26660
17.120 0.26643
17.130 0.26626
17.140 0.26610
17.150 0.26593
17.160 0.26576
17.170 0.26560
17.180 0.26543
17.190 0.26527
17.200 0.26510
17.210 0.26493
17.220 0.26477
17.230 0.26460
17.240 0.26444
17.250 0.26427
17.260 0.26411
17.270 0.26395
17.280 0.26378
17.290 0.26362
17.300 0.26346
17.310 0.26329
17.320 0.26313
17.330 0.26297
17.340 0.26280
17.350 0.26264
17.360 0.26248
17.370 0.26232
17.380 0.26215
17.390 0.26199
17.400 0.26183
17.410 0.26167
17.420 0.26151
17.430 0.26135
17.440 0.26118
17.450 0.26102
17.460 0.26086
17.470 0.26070
17.480 0.26054
17.490 0.26038
17.500 0.26022
17.510 0.26006
17.520 0.25990
17.530 0.25974
17.540 0.25959
17.550 0.25943
17.560 0.25927
17.570 0.25911
17.580 0.25895
17.590 0.25879
17.600 0.25863
17.610 0.25848
17.620 0.25832
17.630 0.25816
17.640 0.25800
17.650 0.25785
17.660 0.25769
17.670 0.25753
17.680 0.25738
17.690 0.25722
17.700 0.25706
17.710 0.25691
17.720 0.25675
17.730 0.25660
17.740 0.25644
17.750 0.25629
17.760 0.25613
17.770 0.25598
17.780 0.25582
17.790 0.25567
17.800 0.25551
17.810 0.25536
17.820 0.25520
17.830 0.25505
17.840 0.25490
17.850 0.25474
17.860 0.25459
17.870 0.25444
17.880 0.25428
17.890 0.25413
17.900 0.25398
17.910 0.25383
17.920 0.25367
17.930 0.25352
17.940 0.25337
17.950 0.25322
17.960 0.25307
17.970 0.25291
17.980 0.25276
17.990 0.25261
18.000 0.25246
18.010 0.25231
18.020 0.25216
18.030 0.25201
18.040 0.25186
18.050 0.25171
18.060 0.25156
18.070 0.25141
18.080 0.25126
18.090 0.25111
18.100 0.25096
18.110 0.25081
18.120 0.25066
18.130 0.25051
18.140 0.25036
18.150 0.25022
18.160 0.25007
18.170 0.24992
18.180 0.24977
18.190 0.24962
18.200 0.24948
18.210 0.24933
18.220 0.24918
18.230 0.24903
18.240 0.24889
18.250 0.24874
18.260 0.24859
18.270 0.24845
18.280 0.24830
18.290 0.24815
18.300 0.24801
18.310 0.24786
18.320 0.24772
18.330 0.24757
18.340 0.24743
18.350 0.24728
18.360 0.24714
18.370 0.24699
18.380 0.24685
18.390 0.24670
18.400 0.24656
18.410 0.24641
18.420 0.24627
18.430 0.24612
18.440 0.24598
18.450 0.24584
18.460 0.24569
18.470 0.24555
18.480 0.24541
18.490 0.24526
18.500 0.24512
18.510 0.24498
18.520 0.24484
18.530 0.24469
18.540 0.24455
18.550 0.24441
18.560 0.24427
18.570 0.24413
18.580 0.24398
18.590 0.24384
18.600 0.24370
18.610 0.24356
18.620 0.24342
18.630 0.24328
18.640 0.24314
18.650 0.24300
18.660 0.24286
18.670 0.24272
18.680 0.24258
18.690 0.24244
18.700 0.24230
18.710 0.24216
18.720 0.24202
18.730 0.24188
18.740 0.24174
18.750 0.24160
18.760 0.24146
18.770 0.24132
18.780 0.24118
18.790 0.24105
18.800 0.24091
18.810 0.24077
18.820 0.24063
18.830 0.24049
18.840 0.24036
18.850 0.24022
18.860 0.24008
18.870 0.23994
18.880 0.23981
18.890 0.23967
18.900 0.23953
18.910 0.23940
18.920 0.23926
18.930 0.23912
18.940 0.23899
18.950 0.23885
18.960 0.23872
18.970 0.23858
18.980 0.23844
18.990 0.23831
19.000 0.23817
19.010 0.23804
19.020 0.23790
19.030 0.23777
19.040 0.23763
19.050 0.23750
19.060 0.23736
19.070 0.23723
19.080 0.23710
19.090 0.23696
19.100 0.23683
19.110 0.23669
19.120 0.23656
19.130 0.23643
19.140 0.23629
19.150 0.23616
19.160 0.23603
19.170 0.23589
19.180 0.23576
19.190 0.23563
19.200 0.23550
19.210 0.23536
19.220 0.23523
19.230 0.23510
19.240 0.23497
19.250 0.23484
19.260 0.23470
19.270 0.23457
19.280 0.23444
19.290 0.23431
19.300 0.23418
19.310 0.23405
19.320 0.23392
19.330 0.23379
19.340 0.23366
19.350 0.23353
19.360 0.23340
19.370 0.23327
19.380 0.23314
19.390 0.23301
19.400 0.23288
19.410 0.23275
19.420 0.23262
19.430 0.23249
19.440 0.23236
19.450 0.23223
19.460 0.23210
19.470 0.23197
19.480 0.23184
19.490 0.23171
19.500 0.23159
19.510 0.23146
19.520 0.23133
19.530 0.23120
19.540 0.23107
19.550 0.23095
19.560 0.23082
19.570 0.23069
19.580 0.23056
19.590 0.23044
19.600 0.23031
19.610 0.23018
19.620 0.23006
19.630 0.22993
19.640 0.22980
19.650 0.22968
19.660 0.22955
19.670 0.22942
19.680 0.22930
19.690 0.22917
19.700 0.22905
19.710 0.22892
19.720 0.22879
19.730 0.22867
19.740 0.22854
19.750 0.22842
19.760 0.22829
19.770 0.22817
19.780 0.22804
19.790 0.22792
19.800 0.22780
19.810 0.22767
19.820 0.22755
19.830 0.22742
19.840 0.22730
19.850 0.22717
19.860 0.22705
19.870 0.22693
19.880 0.22680
19.890 0.22668
19.900 0.22656
19.910 0.22643
19.920 0.22631
19.930 0.22619
19.940 0.22607
19.950 0.22594
19.960 0.22582
19.970 0.22570
19.980 0.22558
19.990 0.22545
20.000 0.22533
20.100 0.22412
20.110 0.22400
20.120 0.22388
20.130 0.22376
20.140 0.22364
20.150 0.22352
20.160 0.22340
20.170 0.22328
20.180 0.22316
20.190 0.22304
20.200 0.22292
20.210 0.22280
20.220 0.22268
20.230 0.22256
20.240 0.22244
20.250 0.22232
20.260 0.22220
20.270 0.22209
20.280 0.22197
20.290 0.22185
20.300 0.22173
20.310 0.22161
20.320 0.22149
20.330 0.22138
20.340 0.22126
20.350 0.22114
20.360 0.22102
20.370 0.22091
20.380 0.22079
20.390 0.22067
20.400 0.22055
20.410 0.22044
20.420 0.22032
20.430 0.22020
20.440 0.22009
20.450 0.21997
20.460 0.21985
20.470 0.21974
20.480 0.21962
20.490 0.21950
20.500 0.21939
20.510 0.21927
20.520 0.21916
20.530 0.21904
20.540 0.21893
20.550 0.21881
20.560 0.21869
20.570 0.21858
20.580 0.21846
20.590 0.21835
20.600 0.21823
20.610 0.21812
20.620 0.21801
20.630 0.21789
20.640 0.21778
20.650 0.21766
20.660 0.21755
20.670 0.21743
20.680 0.21732
20.690 0.21721
20.700 0.21709
20.710 0.21698
20.720 0.21687
20.730 0.21675
20.740 0.21664
20.750 0.21653
20.760 0.21641
20.770 0.21630
20.780 0.21619
20.790 0.21607
20.800 0.21596
20.810 0.21585
20.820 0.21574
20.830 0.21562
20.840 0.21551
20.850 0.21540
20.860 0.21529
20.870 0.21518
20.880 0.21506
20.890 0.21495
20.900 0.21484
20.910 0.21473
20.920 0.21462
20.930 0.21451
20.940 0.21440
20.950 0.21428
20.960 0.21417
20.970 0.21406
20.980 0.21395
20.990 0.21384
21.000 0.21373
21.010 0.21362
21.020 0.21351
21.030 0.21340
21.040 0.21329
21.050 0.21318
21.060 0.21307
21.070 0.21296
21.080 0.21285
21.090 0.21274
21.100 0.21263
21.110 0.21252
21.120 0.21241
21.130 0.21231
21.140 0.21220
21.150 0.21209
21.160 0.21198
21.170 0.21187
21.180 0.21176
21.190 0.21165
21.200 0.21154
21.210 0.21144
21.220 0.21133
21.230 0.21122
21.240 0.21111
21.250 0.21100
21.260 0.21090
21.270 0.21079
21.280 0.21068
21.290 0.21057
21.300 0.21047
21.310 0.21036
21.320 0.21025
21.330 0.21015
21.340 0.21004
21.350 0.20993
21.360 0.20983
21.370 0.20972
21.380 0.20961
21.390 0.20951
21.400 0.20940
21.410 0.20929
21.420 0.20919
21.430 0.20908
21.440 0.20898
21.450 0.20887
21.460 0.20876
21.470 0.20866
21.480 0.20855
21.490 0.20845
21.500 0.20834
21.510 0.20824
21.520 0.20813
21.530 0.20803
21.540 0.20792
21.550 0.20782
21.560 0.20771
21.570 0.20761
21.580 0.20750
21.590 0.20740
21.600 0.20729
21.610 0.20719
21.620 0.20709
21.630 0.20698
21.640 0.20688
21.650 0.20677
21.660 0.20667
21.670 0.20657
21.680 0.20646
21.690 0.20636
21.700 0.20626
21.710 0.20615
21.720 0.20605
21.730 0.20595
21.740 0.20585
21.750 0.20574
21.760 0.20564
21.770 0.20554
21.780 0.20543
21.790 0.20533
21.800 0.20523
21.810 0.20513
21.820 0.20503
21.830 0.20492
21.840 0.20482
21.850 0.20472
21.860 0.20462
21.870 0.20452
21.880 0.20441
21.890 0.20431
21.900 0.20421
21.910 0.20411
21.920 0.20401
21.930 0.20391
21.940 0.20381
21.950 0.20371
21.960 0.20360
21.970 0.20350
21.980 0.20340
21.990 0.20330
22.000 0.20320
22.010 0.20310
22.020 0.20300
22.030 0.20290
22.040 0.20280
22.050 0.20270
22.060 0.20260
22.070 0.20250
22.080 0.20240
22.090 0.20230
22.100 0.20220
22.110 0.20210
22.120 0.20200
22.130 0.20190
22.140 0.20181
22.150 0.20171
22.160 0.20161
22.170 0.20151
22.180 0.20141
22.190 0.20131
22.200 0.20121
22.210 0.20111
22.220 0.20102
22.230 0.20092
22.240 0.20082
22.250 0.20072
22.260 0.20062
22.270 0.20052
22.280 0.20043
22.290 0.20033
22.300 0.20023
22.310 0.20013
22.320 0.20004
22.330 0.19994
22.340 0.19984
22.350 0.19974
22.360 0.19965
22.370 0.19955
22.380 0.19945
22.390 0.19936
22.400 0.19926
22.410 0.19916
22.420 0.19907
22.430 0.19897
22.440 0.19887
22.450 0.19878
22.460 0.19868
22.470 0.19858
22.480 0.19849
22.490 0.19839
22.500 0.19830
22.510 0.19820
22.520 0.19810
22.530 0.19801
22.540 0.19791
22.550 0.19782
22.560 0.19772
22.570 0.19763
22.580 0.19753
22.590 0.19744
22.600 0.19734
22.610 0.19725
22.620 0.19715
22.630 0.19706
22.640 0.19696
22.650 0.19687
22.660 0.19677
22.670 0.19668
22.680 0.19658
22.690 0.19649
22.700 0.19639
22.710 0.19630
22.720 0.19621
22.730 0.19611
22.740 0.19602
22.750 0.19592
22.760 0.19583
22.770 0.19574
22.780 0.19564
22.790 0.19555
22.800 0.19546
22.810 0.19536
22.820 0.19527
22.830 0.19518
22.840 0.19508
22.850 0.19499
22.860 0.19490
22.870 0.19481
22.880 0.19471
22.890 0.19462
22.900 0.19453
22.910 0.19443
22.920 0.19434
22.930 0.19425
22.940 0.19416
22.950 0.19407
22.960 0.19397
22.970 0.19388
22.980 0.19379
22.990 0.19370
23.000 0.19361
23.010 0.19351
23.020 0.19342
23.030 0.19333
23.040 0.19324
23.050 0.19315
23.060 0.19306
23.070 0.19297
23.080 0.19288
23.090 0.19278
23.100 0.19269
23.110 0.19260
23.120 0.19251
23.130 0.19242
23.140 0.19233
23.150 0.19224
23.160 0.19215
23.170 0.19206
23.180 0.19197
23.190 0.19188
23.200 0.19179
23.210 0.19170
23.220 0.19161
23.230 0.19152
23.240 0.19143
23.250 0.19134
23.260 0.19125
23.270 0.19116
23.280 0.19107
23.290 0.19098
23.300 0.19089
23.310 0.19080
23.320 0.19071
23.330 0.19062
23.340 0.19053
23.350 0.19045
23.360 0.19036
23.370 0.19027
23.380 0.19018
23.390 0.19009
23.400 0.19000
23.410 0.18991
23.420 0.18983
23.430 0.18974
23.440 0.18965
23.450 0.18956
23.460 0.18947
23.470 0.18938
23.480 0.18930
23.490 0.18921
23.500 0.18912
23.510 0.18903
23.520 0.18895
23.530 0.18886
23.540 0.18877
23.550 0.18868
23.560 0.18860
23.570 0.18851
23.580 0.18842
23.590 0.18833
23.600 0.18825
23.610 0.18816
23.620 0.18807
23.630 0.18799
23.640 0.18790
23.650 0.18781
23.660 0.18773
23.670 0.18764
23.680 0.18755
23.690 0.18747
23.700 0.18738
23.710 0.18729
23.720 0.18721
23.730 0.18712
23.740 0.18704
23.750 0.18695
23.760 0.18686
23.770 0.18678
23.780 0.18669
23.790 0.18661
23.800 0.18652
23.810 0.18644
23.820 0.18635
23.830 0.18627
23.840 0.18618
23.850 0.18610
23.860 0.18601
23.870 0.18593
23.880 0.18584
23.890 0.18576
23.900 0.18567
23.910 0.18559
23.920 0.18550
23.930 0.18542
23.940 0.18533
23.950 0.18525
23.960 0.18516
23.970 0.18508
23.980 0.18499
23.990 0.18491
24.000 0.18483
24.010 0.18474
24.020 0.18466
24.030 0.18457
24.040 0.18449
24.050 0.18441
24.060 0.18432
24.070 0.18424
24.080 0.18416
24.090 0.18407
24.100 0.18399
24.110 0.18391
24.120 0.18382
24.130 0.18374
24.140 0.18366
24.150 0.18357
24.160 0.18349
24.170 0.18341
24.180 0.18333
24.190 0.18324
24.200 0.18316
24.210 0.18308
24.220 0.18299
24.230 0.18291
24.240 0.18283
24.250 0.18275
24.260 0.18267
24.270 0.18258
24.280 0.18250
24.290 0.18242
24.300 0.18234
24.310 0.18226
24.320 0.18217
24.330 0.18209
24.340 0.18201
24.350 0.18193
24.360 0.18185
24.370 0.18177
24.380 0.18168
24.390 0.18160
24.400 0.18152
24.410 0.18144
24.420 0.18136
24.430 0.18128
24.440 0.18120
24.450 0.18112
24.460 0.18103
24.470 0.18095
24.480 0.18087
24.490 0.18079
24.500 0.18071
24.510 0.18063
24.520 0.18055
24.530 0.18047
24.540 0.18039
24.550 0.18031
24.560 0.18023
24.570 0.18015
24.580 0.18007
24.590 0.17999
24.600 0.17991
24.610 0.17983
24.620 0.17975
24.630 0.17967
24.640 0.17959
24.650 0.17951
24.660 0.17943
24.670 0.17935
24.680 0.17927
24.690 0.17919
24.700 0.17911
24.710 0.17903
24.720 0.17896
24.730 0.17888
24.740 0.17880
24.750 0.17872
24.760 0.17864
24.770 0.17856
24.780 0.17848
24.790 0.17840
24.800 0.17832
24.810 0.17825
24.820 0.17817
24.830 0.17809
24.840 0.17801
24.850 0.17793
24.860 0.17785
24.870 0.17778
24.880 0.17770
24.890 0.17762
24.900 0.17754
24.910 0.17746
24.920 0.17739
24.930 0.17731
24.940 0.17723
24.950 0.17715
24.960 0.17708
24.970 0.17700
24.980 0.17692
24.990 0.17684
25.000 0.17677
25.100 0.17600
25.110 0.17592
25.120 0.17584
25.130 0.17577
25.140 0.17569
25.150 0.17561
25.160 0.17554
25.170 0.17546
25.180 0.17539
25.190 0.17531
25.200 0.17523
25.210 0.17516
25.220 0.17508
25.230 0.17501
25.240 0.17493
25.250 0.17485
25.260 0.17478
25.270 0.17470
25.280 0.17463
25.290 0.17455
25.300 0.17448
25.310 0.17440
25.320 0.17433
25.330 0.17425
25.340 0.17417
25.350 0.17410
25.360 0.17402
25.370 0.17395
25.380 0.17387
25.390 0.17380
25.400 0.17372
25.410 0.17365
25.420 0.17358
25.430 0.17350
25.440 0.17343
25.450 0.17335
25.460 0.17328
25.470 0.17320
25.480 0.17313
25.490 0.17305
25.500 0.17298
25.510 0.17291
25.520 0.17283
25.530 0.17276
25.540 0.17268
25.550 0.17261
25.560 0.17254
25.570 0.17246
25.580 0.17239
25.590 0.17231
25.600 0.17224
25.610 0.17217
25.620 0.17209
25.630 0.17202
25.640 0.17195
25.650 0.17187
25.660 0.17180
25.670 0.17173
25.680 0.17165
25.690 0.17158
25.700 0.17151
25.710 0.17143
25.720 0.17136
25.730 0.17129
25.740 0.17122
25.750 0.17114
25.760 0.17107
25.770 0.17100
25.780 0.17093
25.790 0.17085
25.800 0.17078
25.810 0.17071
25.820 0.17064
25.830 0.17056
25.840 0.17049
25.850 0.17042
25.860 0.17035
25.870 0.17027
25.880 0.17020
25.890 0.17013
25.900 0.17006
25.910 0.16999
25.920 0.16992
25.930 0.16984
25.940 0.16977
25.950 0.16970
25.960 0.16963
25.970 0.16956
25.980 0.16949
25.990 0.16941
26.000 0.16934
26.010 0.16927
26.020 0.16920
26.030 0.16913
26.040 0.16906
26.050 0.16899
26.060 0.16892
26.070 0.16885
26.080 0.16877
26.090 0.16870
26.100 0.16863
26.110 0.16856
26.120 0.16849
26.130 0.16842
26.140 0.16835
26.150 0.16828
26.160 0.16821
26.170 0.16814
26.180 0.16807
26.190 0.16800
26.200 0.16793
26.210 0.16786
26.220 0.16779
26.230 0.16772
26.240 0.16765
26.250 0.16758
26.260 0.16751
26.270 0.16744
26.280 0.16737
26.290 0.16730
26.300 0.16723
26.310 0.16716
26.320 0.16709
26.330 0.16702
26.340 0.16695
26.350 0.16688
26.360 0.16681
26.370 0.16674
26.380 0.16667
26.390 0.16661
26.400 0.16654
26.410 0.16647
26.420 0.16640
26.430 0.16633
26.440 0.16626
26.450 0.16619
26.460 0.16612
26.470 0.16605
26.480 0.16599
26.490 0.16592
26.500 0.16585
26.510 0.16578
26.520 0.16571
26.530 0.16564
26.540 0.16557
26.550 0.16551
26.560 0.16544
26.570 0.16537
26.580 0.16530
26.590 0.16523
26.600 0.16517
26.610 0.16510
26.620 0.16503
26.630 0.16496
26.640 0.16489
26.650 0.16483
26.660 0.16476
26.670 0.16469
26.680 0.16462
26.690 0.16456
26.700 0.16449
26.710 0.16442
26.720 0.16435
26.730 0.16429
26.740 0.16422
26.750 0.16415
26.760 0.16408
26.770 0.16402
26.780 0.16395
26.790 0.16388
26.800 0.16382
26.810 0.16375
26.820 0.16368
26.830 0.16362
26.840 0.16355
26.850 0.16348
26.860 0.16341
26.870 0.16335
26.880 0.16328
26.890 0.16322
26.900 0.16315
26.910 0.16308
26.920 0.16302
26.930 0.16295
26.940 0.16288
26.950 0.16282
26.960 0.16275
26.970 0.16268
26.980 0.16262
26.990 0.16255
27.000 0.16249
27.010 0.16242
27.020 0.16236
27.030 0.16229
27.040 0.16222
27.050 0.16216
27.060 0.16209
27.070 0.16203
27.080 0.16196
27.090 0.16190
27.100 0.16183
27.110 0.16176
27.120 0.16170
27.130 0.16163
27.140 0.16157
27.150 0.16150
27.160 0.16144
27.170 0.16137
27.180 0.16131
27.190 0.16124
27.200 0.16118
27.210 0.16111
27.220 0.16105
27.230 0.16098
27.240 0.16092
27.250 0.16085
27.260 0.16079
27.270 0.16072
27.280 0.16066
27.290 0.16060
27.300 0.16053
27.310 0.16047
27.320 0.16040
27.330 0.16034
27.340 0.16027
27.350 0.16021
27.360 0.16015
27.370 0.16008
27.380 0.16002
27.390 0.15995
27.400 0.15989
27.410 0.15983
27.420 0.15976
27.430 0.15970
27.440 0.15963
27.450 0.15957
27.460 0.15951
27.470 0.15944
27.480 0.15938
27.490 0.15932
27.500 0.15925
27.510 0.15919
27.520 0.15913
27.530 0.15906
27.540 0.15900
27.550 0.15894
27.560 0.15887
27.570 0.15881
27.580 0.15875
27.590 0.15868
27.600 0.15862
27.610 0.15856
27.620 0.15849
27.630 0.15843
27.640 0.15837
27.650 0.15831
27.660 0.15824
27.670 0.15818
27.680 0.15812
27.690 0.15805
27.700 0.15799
27.710 0.15793
27.720 0.15787
27.730 0.15780
27.740 0.15774
27.750 0.15768
27.760 0.15762
27.770 0.15756
27.780 0.15749
27.790 0.15743
27.800 0.15737
27.810 0.15731
27.820 0.15725
27.830 0.15718
27.840 0.15712
27.850 0.15706
27.860 0.15700
27.870 0.15694
27.880 0.15687
27.890 0.15681
27.900 0.15675
27.910 0.15669
27.920 0.15663
27.930 0.15657
27.940 0.15650
27.950 0.15644
27.960 0.15638
27.970 0.15632
27.980 0.15626
27.990 0.15620
28.000 0.15614
28.010 0.15608
28.020 0.15601
28.030 0.15595
28.040 0.15589
28.050 0.15583
28.060 0.15577
28.070 0.15571
28.080 0.15565
28.090 0.15559
28.100 0.15553
28.110 0.15547
28.120 0.15541
28.130 0.15535
28.140 0.15529
28.150 0.15522
28.160 0.15516
28.170 0.15510
28.180 0.15504
28.190 0.15498
28.200 0.15492
28.210 0.15486
28.220 0.15480
28.230 0.15474
28.240 0.15468
28.250 0.15462
28.260 0.15456
28.270 0.15450
28.280 0.15444
28.290 0.15438
28.300 0.15432
28.310 0.15426
28.320 0.15420
28.330 0.15414
28.340 0.15408
28.350 0.15402
28.360 0.15396
28.370 0.15391
28.380 0.15385
28.390 0.15379
28.400 0.15373
28.410 0.15367
28.420 0.15361
28.430 0.15355
28.440 0.15349
28.450 0.15343
28.460 0.15337
28.470 0.15331
28.480 0.15325
28.490 0.15319
28.500 0.15314
28.510 0.15308
28.520 0.15302
28.530 0.15296
28.540 0.15290
28.550 0.15284
28.560 0.15278
28.570 0.15272
28.580 0.15267
28.590 0.15261
28.600 0.15255
28.610 0.15249
28.620 0.15243
28.630 0.15237
28.640 0.15231
28.650 0.15226
28.660 0.15220
28.670 0.15214
28.680 0.15208
28.690 0.15202
28.700 0.15197
28.710 0.15191
28.720 0.15185
28.730 0.15179
28.740 0.15173
28.750 0.15168
28.760 0.15162
28.770 0.15156
28.780 0.15150
28.790 0.15144
28.800 0.15139
28.810 0.15133
28.820 0.15127
28.830 0.15121
28.840 0.15116
28.850 0.15110
28.860 0.15104
28.870 0.15098
28.880 0.15093
28.890 0.15087
28.900 0.15081
28.910 0.15075
28.920 0.15070
28.930 0.15064
28.940 0.15058
28.950 0.15053
28.960 0.15047
28.970 0.15041
28.980 0.15036
28.990 0.15030
29.000 0.15024
29.010 0.15018
29.020 0.15013
29.030 0.15007
29.040 0.15001
29.050 0.14996
29.060 0.14990
29.070 0.14984
29.080 0.14979
29.090 0.14973
29.100 0.14968
29.110 0.14962
29.120 0.14956
29.130 0.14951
29.140 0.14945
29.150 0.14939
29.160 0.14934
29.170 0.14928
29.180 0.14923
29.190 0.14917
29.200 0.14911
29.210 0.14906
29.220 0.14900
29.230 0.14895
29.240 0.14889
29.250 0.14883
29.260 0.14878
29.270 0.14872
29.280 0.14867
29.290 0.14861
29.300 0.14855
29.310 0.14850
29.320 0.14844
29.330 0.14839
29.340 0.14833
29.350 0.14828
29.360 0.14822
29.370 0.14817
29.380 0.14811
29.390 0.14806
29.400 0.14800
29.410 0.14795
29.420 0.14789
29.430 0.14784
29.440 0.14778
29.450 0.14773
29.460 0.14767
29.470 0.14762
29.480 0.14756
29.490 0.14751
29.500 0.14745
29.510 0.14740
29.520 0.14734
29.530 0.14729
29.540 0.14723
29.550 0.14718
29.560 0.14712
29.570 0.14707
29.580 0.14701
29.590 0.14696
29.600 0.14690
29.610 0.14685
29.620 0.14680
29.630 0.14674
29.640 0.14669
29.650 0.14663
29.660 0.14658
29.670 0.14652
29.680 0.14647
29.690 0.14642
29.700 0.14636
29.710 0.14631
29.720 0.14625
29.730 0.14620
29.740 0.14615
29.750 0.14609
29.760 0.14604
29.770 0.14598
29.780 0.14593
29.790 0.14588
29.800 0.14582
29.810 0.14577
29.820 0.14572
29.830 0.14566
29.840 0.14561
29.850 0.14555
29.860 0.14550
29.870 0.14545
29.880 0.14539
29.890 0.14534
29.900 0.14529
29.910 0.14523
29.920 0.14518
29.930 0.14513
29.940 0.14507
29.950 0.14502
29.960 0.14497
29.970 0.14492
29.980 0.14486
29.990 0.14481
30.000 0.14476
