84.833 0.028160
85.860 0.028282
86.887 0.028405
87.914 0.028530
88.941 0.028657
89.968 0.028786
90.995 0.028916
92.022 0.029049
93.049 0.029184
94.076 0.029321
95.103 0.029460
96.130 0.029602
97.157 0.029746
98.184 0.029893
99.211 0.030042
100.24 0.030195
101.26 0.030350
102.29 0.030508
103.32 0.030670
104.35 0.030835
105.37 0.031004
106.40 0.031176
107.43 0.031352
108.45 0.031533
109.48 0.031717
110.51 0.031906
111.53 0.032101
112.56 0.032300
113.59 0.032504
114.62 0.032715
115.64 0.032931
116.67 0.033154
117.70 0.033383
118.72 0.033621
119.75 0.033866
120.78 0.034119
121.80 0.034382
122.83 0.034654
123.86 0.034937
124.89 0.035232
125.91 0.035540
126.94 0.035862
127.97 0.036199
128.99 0.036554
130.02 0.036928
131.05 0.037323
132.07 0.037744
133.10 0.038193
134.13 0.038675
135.16 0.039197
136.18 0.039766
137.21 0.040393
138.24 0.041093
139.02 0.041692
139.02 0.23622
139.26 0.23822
140.29 0.24625
141.32 0.25366
142.34 0.26060
143.37 0.26717
144.40 0.27344
145.43 0.27945
146.45 0.28525
147.48 0.29086
148.51 0.29631
149.53 0.30161
150.56 0.30679
151.59 0.31185
152.61 0.31680
153.64 0.32166
154.67 0.32643
155.70 0.33113
156.72 0.33575
157.75 0.34030
158.78 0.34478
159.80 0.34921
160.83 0.35359
161.86 0.35791
162.88 0.36218
163.91 0.36641
164.94 0.37060
165.97 0.37474
166.99 0.37885
168.02 0.38291
169.05 0.38695
170.07 0.39095
171.10 0.39492
172.13 0.39886
173.15 0.40277
174.18 0.40666
175.21 0.41052
176.23 0.41435
177.26 0.41816
178.29 0.42195
179.32 0.42572
180.34 0.42946
181.37 0.43318
182.40 0.43689
183.42 0.44057
184.45 0.44424
185.48 0.44789
186.50 0.45152
187.53 0.45514
188.56 0.45874
189.59 0.46233
190.61 0.46590
191.64 0.46945
192.67 0.47300
193.69 0.47653
194.72 0.48004
195.75 0.48355
196.77 0.48704
197.80 0.49052
198.83 0.49399
199.86 0.49744
200.88 0.50089
201.91 0.50433
202.94 0.50775
203.96 0.51117
204.99 0.51457
206.02 0.51797
207.04 0.52136
208.07 0.52473
209.10 0.52810
210.13 0.53146
211.15 0.53482
212.18 0.53816
213.21 0.54150
214.23 0.54483
215.26 0.54815
216.29 0.55146
217.31 0.55477
218.34 0.55807
219.37 0.56136
220.40 0.56465
221.42 0.56792
222.45 0.57120
223.48 0.57446
224.50 0.57773
225.53 0.58098
226.56 0.58423
227.58 0.58747
228.61 0.59071
229.64 0.59394
230.67 0.59717
231.69 0.60039
232.72 0.60360
233.75 0.60681
234.77 0.61002
235.80 0.61322
236.83 0.61642
237.85 0.61961
238.88 0.62280
239.91 0.62598
240.94 0.62916
241.96 0.63233
242.99 0.63550
244.02 0.63866
245.04 0.64182
246.07 0.64498
247.10 0.64813
248.12 0.65128
249.15 0.65443
250.18 0.65757
251.21 0.66071
252.23 0.66384
253.26 0.66697
254.29 0.67010
255.31 0.67322
256.34 0.67634
257.37 0.67946
258.39 0.68257
259.42 0.68568
260.45 0.68879
261.48 0.69189
262.50 0.69500
263.53 0.69809
264.56 0.70119
265.58 0.70428
266.61 0.70737
267.64 0.71046
268.66 0.71354
269.69 0.71662
270.72 0.71970
271.75 0.72277
272.77 0.72585
273.80 0.72892
274.83 0.73198
275.85 0.73505
276.88 0.73811
277.91 0.74117
278.93 0.74423
279.96 0.74729
280.99 0.75034
282.01 0.75339
283.04 0.75644
284.07 0.75948
285.10 0.76253
286.12 0.76557
287.15 0.76861
288.18 0.77165
289.20 0.77468
290.23 0.77772
291.26 0.78075
292.28 0.78378
293.31 0.78681
294.34 0.78983
295.37 0.79286
296.39 0.79588
297.42 0.79890
298.45 0.80192
299.47 0.80493
300.50 0.80795
301.53 0.81096
302.55 0.81397
303.58 0.81698
304.61 0.81999
305.64 0.82299
306.66 0.82600
307.69 0.82900
308.72 0.83200
309.74 0.83500
310.77 0.83800
311.80 0.84099
312.82 0.84399
313.85 0.84698
314.88 0.84997
315.91 0.85297
316.93 0.85595
317.96 0.85894
318.99 0.86193
320.01 0.86491
321.04 0.86790
322.07 0.87088
323.09 0.87386
324.12 0.87684
325.15 0.87981
326.18 0.88279
327.20 0.88577
328.23 0.88874
329.26 0.89171
330.28 0.89468
331.31 0.89765
332.34 0.90062
333.36 0.90359
334.39 0.90656
335.42 0.90952
336.45 0.91249
337.47 0.91545
338.50 0.91841
339.53 0.92137
340.55 0.92433
341.58 0.92729
342.61 0.93025
343.63 0.93320
344.66 0.93616
345.69 0.93911
346.72 0.94207
347.74 0.94502
348.77 0.94797
349.80 0.95092
350.82 0.95387
351.85 0.95682
352.88 0.95976
353.90 0.96271
354.93 0.96565
355.96 0.96860
356.99 0.97154
358.01 0.97448
359.04 0.97742
360.07 0.98037
361.09 0.98330
362.12 0.98624
363.15 0.98918
364.17 0.99212
365.20 0.99505
366.23 0.99799
367.26 1.0009
368.28 1.0039
369.31 1.0068
370.34 1.0097
371.36 1.0127
372.39 1.0156
373.42 1.0185
374.44 1.0214
375.47 1.0244
376.50 1.0273
377.53 1.0302
378.55 1.0331
379.58 1.0361
380.61 1.0390
381.63 1.0419
382.66 1.0448
383.69 1.0478
384.71 1.0507
385.74 1.0536
386.77 1.0565
387.79 1.0594
388.82 1.0624
389.85 1.0653
390.88 1.0682
391.90 1.0711
392.93 1.0740
393.96 1.0769
394.98 1.0799
396.01 1.0828
397.04 1.0857
398.06 1.0886
399.09 1.0915
400.12 1.0944
401.15 1.0973
402.17 1.1002
403.20 1.1031
404.23 1.1061
405.25 1.1090
406.28 1.1119
407.31 1.1148
408.33 1.1177
409.36 1.1206
410.39 1.1235
411.42 1.1264
412.44 1.1293
413.47 1.1322
414.50 1.1351
415.52 1.1380
416.55 1.1409
417.58 1.1438
418.60 1.1467
419.63 1.1496
420.66 1.1525
421.69 1.1554
422.71 1.1583
423.74 1.1612
424.77 1.1641
425.79 1.1670
426.82 1.1699
427.85 1.1728
428.87 1.1757
429.90 1.1786
430.93 1.1815
431.96 1.1844
432.98 1.1873
434.01 1.1902
435.04 1.1930
436.06 1.1959
437.09 1.1988
438.12 1.2017
439.14 1.2046
440.17 1.2075
441.20 1.2104
442.23 1.2133
443.25 1.2162
444.28 1.2191
445.31 1.2219
446.33 1.2248
447.36 1.2277
448.39 1.2306
449.41 1.2335
450.44 1.2364
451.47 1.2393
452.50 1.2422
453.52 1.2450
454.55 1.2479
455.58 1.2508
456.60 1.2537
457.63 1.2566
458.66 1.2595
459.68 1.2623
460.71 1.2652
461.74 1.2681
462.77 1.2710
463.79 1.2739
464.82 1.2767
465.85 1.2796
466.87 1.2825
467.90 1.2854
468.93 1.2883
469.95 1.2911
470.98 1.2940
472.01 1.2969
473.04 1.2998
474.06 1.3026
475.09 1.3055
476.12 1.3084
477.14 1.3113
478.17 1.3142
479.20 1.3170
480.22 1.3199
481.25 1.3228
482.28 1.3257
483.31 1.3285
484.33 1.3314
485.36 1.3343
486.39 1.3371
487.41 1.3400
488.44 1.3429
489.47 1.3458
490.49 1.3486
491.52 1.3515
492.55 1.3544
493.57 1.3572
494.60 1.3601
495.63 1.3630
496.66 1.3659
497.68 1.3687
498.71 1.3716
499.74 1.3745
500.76 1.3773
501.79 1.3802
502.82 1.3831
503.84 1.3859
504.87 1.3888
505.90 1.3917
506.93 1.3945
507.95 1.3974
508.98 1.4003
510.01 1.4031
511.03 1.4060
512.06 1.4089
513.09 1.4117
514.11 1.4146
515.14 1.4175
516.17 1.4203
517.20 1.4232
518.22 1.4261
519.25 1.4289
520.28 1.4318
521.30 1.4347
522.33 1.4375
523.36 1.4404
524.38 1.4432
525.41 1.4461
526.44 1.4490
527.47 1.4518
528.49 1.4547
529.52 1.4575
530.55 1.4604
531.57 1.4633
532.60 1.4661
533.63 1.4690
534.65 1.4719
535.68 1.4747
536.71 1.4776
537.74 1.4804
538.76 1.4833
539.79 1.4861
540.82 1.4890
541.84 1.4919
542.87 1.4947
543.90 1.4976
544.92 1.5004
545.95 1.5033
546.98 1.5062
548.01 1.5090
549.03 1.5119
550.06 1.5147
551.09 1.5176
552.11 1.5204
553.14 1.5233
554.17 1.5262
555.19 1.5290
556.22 1.5319
557.25 1.5347
558.28 1.5376
559.30 1.5404
560.33 1.5433
561.36 1.5461
562.38 1.5490
563.41 1.5518
564.44 1.5547
565.46 1.5576
566.49 1.5604
567.52 1.5633
568.55 1.5661
569.57 1.5690
570.60 1.5718
571.63 1.5747
572.65 1.5775
573.68 1.5804
574.71 1.5832
575.73 1.5861
576.76 1.5889
577.79 1.5918
578.82 1.5946
579.84 1.5975
580.87 1.6003
581.90 1.6032
582.92 1.6060
583.95 1.6089
584.98 1.6117
586.00 1.6146
587.03 1.6174
588.06 1.6203
589.09 1.6231
590.11 1.6260
591.14 1.6288
592.17 1.6317
593.19 1.6345
594.22 1.6374
595.25 1.6402
596.27 1.6431
597.30 1.6459
598.33 1.6488
599.35 1.6516
600.38 1.6545
601.41 1.6573
602.44 1.6602
603.46 1.6630
604.49 1.6659
605.52 1.6687
606.54 1.6716
607.57 1.6744
608.60 1.6773
609.62 1.6801
610.65 1.6829
611.68 1.6858
612.71 1.6886
613.73 1.6915
614.76 1.6943
615.79 1.6972
616.81 1.7000
617.84 1.7029
618.87 1.7057
619.89 1.7086
620.92 1.7114
621.95 1.7142
622.98 1.7171
624.00 1.7199
625.03 1.7228
626.06 1.7256
627.08 1.7285
628.11 1.7313
629.14 1.7342
630.16 1.7370
631.19 1.7398
632.22 1.7427
633.25 1.7455
634.27 1.7484
635.30 1.7512
636.33 1.7541
637.35 1.7569
638.38 1.7597
639.41 1.7626
640.43 1.7654
641.46 1.7683
642.49 1.7711
643.52 1.7740
644.54 1.7768
645.57 1.7796
646.60 1.7825
647.62 1.7853
648.65 1.7882
649.68 1.7910
650.70 1.7938
651.73 1.7967
652.76 1.7995
653.79 1.8024
654.81 1.8052
655.84 1.8080
656.87 1.8109
657.89 1.8137
658.92 1.8166
659.95 1.8194
660.97 1.8222
662.00 1.8251
663.03 1.8279
664.06 1.8308
665.08 1.8336
666.11 1.8364
667.14 1.8393
668.16 1.8421
669.19 1.8450
670.22 1.8478
671.24 1.8506
672.27 1.8535
673.30 1.8563
674.33 1.8592
675.35 1.8620
676.38 1.8648
677.41 1.8677
678.43 1.8705
679.46 1.8733
680.49 1.8762
681.51 1.8790
682.54 1.8819
683.57 1.8847
684.60 1.8875
685.62 1.8904
686.65 1.8932
687.68 1.8960
688.70 1.8989
689.73 1.9017
690.76 1.9046
691.78 1.9074
692.81 1.9102
693.84 1.9131
694.87 1.9159
695.89 1.9187
696.92 1.9216
697.95 1.9244
698.97 1.9272
700.00 1.9301
