91.585 0.035575
92.475 0.035669
93.366 0.035763
94.256 0.035858
95.147 0.035954
96.037 0.036051
96.928 0.036148
97.818 0.036247
98.709 0.036346
99.599 0.036446
100.49 0.036547
101.38 0.036650
102.27 0.036753
103.16 0.036857
104.05 0.036962
104.94 0.037068
105.83 0.037176
106.72 0.037284
107.61 0.037394
108.50 0.037504
109.39 0.037616
110.29 0.037729
111.18 0.037844
112.07 0.037959
112.96 0.038076
113.85 0.038195
114.74 0.038314
115.63 0.038435
116.52 0.038558
117.41 0.038682
118.30 0.038807
119.19 0.038934
120.08 0.039063
120.97 0.039194
121.86 0.039326
122.75 0.039459
123.64 0.039595
124.53 0.039733
125.42 0.039872
126.31 0.040014
127.21 0.040157
128.10 0.040303
128.99 0.040450
129.88 0.040601
130.77 0.040753
131.66 0.040908
132.55 0.041065
133.44 0.041225
134.33 0.041388
135.22 0.041553
136.11 0.041721
137.00 0.041893
137.89 0.042067
138.78 0.042245
139.67 0.042426
140.56 0.042610
141.45 0.042799
142.34 0.042991
143.23 0.043187
144.12 0.043388
145.02 0.043593
145.91 0.043802
146.80 0.044017
147.69 0.044236
148.58 0.044462
149.43 0.044682
149.43 1.0086
149.47 1.0091
150.36 1.0200
151.25 1.0307
152.14 1.0413
153.03 1.0519
153.92 1.0623
154.81 1.0726
155.70 1.0828
156.59 1.0929
157.48 1.1030
158.37 1.1129
159.26 1.1228
160.15 1.1327
161.04 1.1424
161.93 1.1522
162.83 1.1618
163.72 1.1714
164.61 1.1809
165.50 1.1904
166.39 1.1998
167.28 1.2092
168.17 1.2186
169.06 1.2279
169.95 1.2371
170.84 1.2463
171.73 1.2555
172.62 1.2646
173.51 1.2737
174.40 1.2828
175.29 1.2918
176.18 1.3008
177.07 1.3098
177.96 1.3187
178.85 1.3276
179.75 1.3365
180.64 1.3453
181.53 1.3541
182.42 1.3629
183.31 1.3717
184.20 1.3804
185.09 1.3891
185.98 1.3978
186.87 1.4064
187.76 1.4151
188.65 1.4237
189.54 1.4323
190.43 1.4409
191.32 1.4494
192.21 1.4580
193.10 1.4665
193.99 1.4750
194.88 1.4835
195.77 1.4919
196.66 1.5004
197.56 1.5088
198.45 1.5172
199.34 1.5256
200.23 1.5340
201.12 1.5424
202.01 1.5507
202.90 1.5591
203.79 1.5674
204.68 1.5757
205.57 1.5840
206.46 1.5923
207.35 1.6005
208.24 1.6088
209.13 1.6170
210.02 1.6253
210.91 1.6335
211.80 1.6417
212.69 1.6499
213.58 1.6581
214.47 1.6662
215.37 1.6744
216.26 1.6825
217.15 1.6907
218.04 1.6988
218.93 1.7069
219.82 1.7150
220.71 1.7231
221.60 1.7312
222.49 1.7393
223.38 1.7474
224.27 1.7554
225.16 1.7635
226.05 1.7715
226.94 1.7796
227.83 1.7876
228.72 1.7956
229.61 1.8036
230.50 1.8117
231.39 1.8197
232.29 1.8276
233.18 1.8356
234.07 1.8436
234.96 1.8516
235.85 1.8595
236.74 1.8675
237.63 1.8754
238.52 1.8834
239.41 1.8913
240.30 1.8992
241.19 1.9072
242.08 1.9151
242.97 1.9230
243.86 1.9309
244.75 1.9388
245.64 1.9467
246.53 1.9545
247.42 1.9624
248.31 1.9703
249.20 1.9782
250.10 1.9860
250.99 1.9939
251.88 2.0017
252.77 2.0096
253.66 2.0174
254.55 2.0253
255.44 2.0331
256.33 2.0409
257.22 2.0487
258.11 2.0566
259.00 2.0644
259.89 2.0722
260.78 2.0800
261.67 2.0878
262.56 2.0956
263.45 2.1033
264.34 2.1111
265.23 2.1189
266.12 2.1267
267.02 2.1345
267.91 2.1422
268.80 2.1500
269.69 2.1578
270.58 2.1655
271.47 2.1733
272.36 2.1810
273.25 2.1888
274.14 2.1965
275.03 2.2042
275.92 2.2120
276.81 2.2197
277.70 2.2274
278.59 2.2351
279.48 2.2429
280.37 2.2506
281.26 2.2583
282.15 2.2660
283.04 2.2737
283.93 2.2814
284.83 2.2891
285.72 2.2968
286.61 2.3045
287.50 2.3122
288.39 2.3199
289.28 2.3275
290.17 2.3352
291.06 2.3429
291.95 2.3506
292.84 2.3583
293.73 2.3659
294.62 2.3736
295.51 2.3812
296.40 2.3889
297.29 2.3966
298.18 2.4042
299.07 2.4119
299.96 2.4195
300.85 2.4272
301.74 2.4348
302.64 2.4425
303.53 2.4501
304.42 2.4577
305.31 2.4654
306.20 2.4730
307.09 2.4806
307.98 2.4883
308.87 2.4959
309.76 2.5035
310.65 2.5111
311.54 2.5187
312.43 2.5264
313.32 2.5340
314.21 2.5416
315.10 2.5492
315.99 2.5568
316.88 2.5644
317.77 2.5720
318.66 2.5796
319.56 2.5872
320.45 2.5948
321.34 2.6024
322.23 2.6100
323.12 2.6176
324.01 2.6252
324.90 2.6328
325.79 2.6404
326.68 2.6479
327.57 2.6555
328.46 2.6631
329.35 2.6707
330.24 2.6783
331.13 2.6858
332.02 2.6934
332.91 2.7010
333.80 2.7085
334.69 2.7161
335.58 2.7237
336.47 2.7312
337.37 2.7388
338.26 2.7464
339.15 2.7539
340.04 2.7615
340.93 2.7690
341.82 2.7766
342.71 2.7841
343.60 2.7917
344.49 2.7992
345.38 2.8068
346.27 2.8143
347.16 2.8219
348.05 2.8294
348.94 2.8370
349.83 2.8445
350.72 2.8520
351.61 2.8596
352.50 2.8671
353.39 2.8746
354.29 2.8822
355.18 2.8897
356.07 2.8972
356.96 2.9048
357.85 2.9123
358.74 2.9198
359.63 2.9273
360.52 2.9349
361.41 2.9424
362.30 2.9499
363.19 2.9574
364.08 2.9649
364.97 2.9725
365.86 2.9800
366.75 2.9875
367.64 2.9950
368.53 3.0025
369.42 3.0100
370.31 3.0175
371.20 3.0251
372.10 3.0326
372.99 3.0401
373.88 3.0476
374.77 3.0551
375.66 3.0626
376.55 3.0701
377.44 3.0776
378.33 3.0851
379.22 3.0926
380.11 3.1001
381.00 3.1076
381.89 3.1151
382.78 3.1226
383.67 3.1301
384.56 3.1375
385.45 3.1450
386.34 3.1525
387.23 3.1600
388.12 3.1675
389.01 3.1750
389.91 3.1825
390.80 3.1900
391.69 3.1974
392.58 3.2049
393.47 3.2124
394.36 3.2199
395.25 3.2274
396.14 3.2349
397.03 3.2423
397.92 3.2498
398.81 3.2573
399.70 3.2648
400.59 3.2722
401.48 3.2797
402.37 3.2872
403.26 3.2947
404.15 3.3021
405.04 3.3096
405.93 3.3171
406.83 3.3245
407.72 3.3320
408.61 3.3395
409.50 3.3469
410.39 3.3544
411.28 3.3619
412.17 3.3693
413.06 3.3768
413.95 3.3843
414.84 3.3917
415.73 3.3992
416.62 3.4066
417.51 3.4141
418.40 3.4216
419.29 3.4290
420.18 3.4365
421.07 3.4439
421.96 3.4514
422.85 3.4588
423.74 3.4663
424.64 3.4737
425.53 3.4812
426.42 3.4886
427.31 3.4961
428.20 3.5035
429.09 3.5110
429.98 3.5184
430.87 3.5259
431.76 3.5333
432.65 3.5408
433.54 3.5482
434.43 3.5557
435.32 3.5631
436.21 3.5706
437.10 3.5780
437.99 3.5854
438.88 3.5929
439.77 3.6003
440.66 3.6078
441.55 3.6152
442.45 3.6227
443.34 3.6301
444.23 3.6375
445.12 3.6450
446.01 3.6524
446.90 3.6598
447.79 3.6673
448.68 3.6747
449.57 3.6821
450.46 3.6896
451.35 3.6970
452.24 3.7044
453.13 3.7119
454.02 3.7193
454.91 3.7267
455.80 3.7342
456.69 3.7416
457.58 3.7490
458.47 3.7565
459.37 3.7639
460.26 3.7713
461.15 3.7787
462.04 3.7862
462.93 3.7936
463.82 3.8010
464.71 3.8084
465.60 3.8159
466.49 3.8233
467.38 3.8307
468.27 3.8381
469.16 3.8456
470.05 3.8530
470.94 3.8604
471.83 3.8678
472.72 3.8752
473.61 3.8827
474.50 3.8901
475.39 3.8975
476.28 3.9049
477.18 3.9123
478.07 3.9198
478.96 3.9272
479.85 3.9346
480.74 3.9420
481.63 3.9494
482.52 3.9568
483.41 3.9643
484.30 3.9717
485.19 3.9791
486.08 3.9865
486.97 3.9939
487.86 4.0013
488.75 4.0087
489.64 4.0161
490.53 4.0236
491.42 4.0310
492.31 4.0384
493.20 4.0458
494.10 4.0532
494.99 4.0606
495.88 4.0680
496.77 4.0754
497.66 4.0828
498.55 4.0902
499.44 4.0976
500.33 4.1050
501.22 4.1125
502.11 4.1199
503.00 4.1273
503.89 4.1347
504.78 4.1421
505.67 4.1495
506.56 4.1569
507.45 4.1643
508.34 4.1717
509.23 4.1791
510.12 4.1865
511.01 4.1939
511.91 4.2013
512.80 4.2087
513.69 4.2161
514.58 4.2235
515.47 4.2309
516.36 4.2383
517.25 4.2457
518.14 4.2531
519.03 4.2605
519.92 4.2679
520.81 4.2753
521.70 4.2827
522.59 4.2901
523.48 4.2975
524.37 4.3049
525.26 4.3123
526.15 4.3197
527.04 4.3271
527.93 4.3344
528.82 4.3418
529.72 4.3492
530.61 4.3566
531.50 4.3640
532.39 4.3714
533.28 4.3788
534.17 4.3862
535.06 4.3936
535.95 4.4010
536.84 4.4084
537.73 4.4158
538.62 4.4232
539.51 4.4305
540.40 4.4379
541.29 4.4453
542.18 4.4527
543.07 4.4601
543.96 4.4675
544.85 4.4749
545.74 4.4823
546.64 4.4897
547.53 4.4970
548.42 4.5044
549.31 4.5118
550.20 4.5192
551.09 4.5266
551.98 4.5340
552.87 4.5414
553.76 4.5488
554.65 4.5561
555.54 4.5635
556.43 4.5709
557.32 4.5783
558.21 4.5857
559.10 4.5931
559.99 4.6004
560.88 4.6078
561.77 4.6152
562.66 4.6226
563.55 4.6300
564.45 4.6374
565.34 4.6447
566.23 4.6521
567.12 4.6595
568.01 4.6669
568.90 4.6743
569.79 4.6816
570.68 4.6890
571.57 4.6964
572.46 4.7038
573.35 4.7112
574.24 4.7185
575.13 4.7259
576.02 4.7333
576.91 4.7407
577.80 4.7481
578.69 4.7554
579.58 4.7628
580.47 4.7702
581.37 4.7776
582.26 4.7849
583.15 4.7923
584.04 4.7997
584.93 4.8071
585.82 4.8144
586.71 4.8218
587.60 4.8292
588.49 4.8366
589.38 4.8440
590.27 4.8513
591.16 4.8587
592.05 4.8661
592.94 4.8734
593.83 4.8808
594.72 4.8882
595.61 4.8956
596.50 4.9029
597.39 4.9103
598.28 4.9177
599.18 4.9251
600.07 4.9324
600.96 4.9398
601.85 4.9472
602.74 4.9546
603.63 4.9619
604.52 4.9693
605.41 4.9767
606.30 4.9840
607.19 4.9914
608.08 4.9988
608.97 5.0061
609.86 5.0135
610.75 5.0209
611.64 5.0283
612.53 5.0356
613.42 5.0430
614.31 5.0504
615.20 5.0577
616.09 5.0651
616.99 5.0725
617.88 5.0798
618.77 5.0872
619.66 5.0946
620.55 5.1019
621.44 5.1093
622.33 5.1167
623.22 5.1240
624.11 5.1314
