91.585 0.035523
92.475 0.035616
93.366 0.035709
94.256 0.035803
95.147 0.035898
96.037 0.035993
96.928 0.036090
97.818 0.036187
98.709 0.036285
99.599 0.036384
100.49 0.036484
101.38 0.036585
102.27 0.036687
103.16 0.036789
104.05 0.036893
104.94 0.036998
105.83 0.037104
106.72 0.037210
107.61 0.037318
108.50 0.037427
109.39 0.037538
110.29 0.037649
111.18 0.037761
112.07 0.037875
112.96 0.037990
113.85 0.038106
114.74 0.038224
115.63 0.038343
116.52 0.038463
117.41 0.038585
118.30 0.038708
119.19 0.038833
120.08 0.038959
120.97 0.039086
121.86 0.039216
122.75 0.039347
123.64 0.039479
124.53 0.039614
125.42 0.039750
126.31 0.039888
127.21 0.040028
128.10 0.040170
128.99 0.040314
129.88 0.040461
130.77 0.040609
131.66 0.040759
132.55 0.040912
133.44 0.041068
134.33 0.041225
135.22 0.041386
136.11 0.041549
137.00 0.041714
137.89 0.041883
138.78 0.042055
139.67 0.042229
140.56 0.042407
141.45 0.042588
142.34 0.042773
143.23 0.042961
144.12 0.043153
145.02 0.043350
145.91 0.043550
146.80 0.043754
147.69 0.043963
148.58 0.044177
149.47 0.044396
150.36 0.044620
151.25 0.044850
152.14 0.045085
153.03 0.045327
153.92 0.045575
154.81 0.045830
155.70 0.046093
156.59 0.046363
157.48 0.046642
158.37 0.046930
159.26 0.047227
160.15 0.047535
161.04 0.047854
161.93 0.048185
162.83 0.048530
163.72 0.048889
164.61 0.049264
165.50 0.049656
166.22 0.049991
166.22 0.48414
166.39 0.48558
167.28 0.49321
168.17 0.50062
169.06 0.50782
169.95 0.51485
170.84 0.52173
171.73 0.52846
172.62 0.53506
173.51 0.54155
174.40 0.54793
175.29 0.55421
176.18 0.56040
177.07 0.56650
177.96 0.57253
178.85 0.57848
179.75 0.58436
180.64 0.59018
181.53 0.59593
182.42 0.60162
183.31 0.60726
184.20 0.61285
185.09 0.61839
185.98 0.62388
186.87 0.62932
187.76 0.63473
188.65 0.64009
189.54 0.64541
190.43 0.65069
191.32 0.65593
192.21 0.66115
193.10 0.66632
193.99 0.67147
194.88 0.67658
195.77 0.68167
196.66 0.68672
197.56 0.69175
198.45 0.69675
199.34 0.70173
200.23 0.70668
201.12 0.71160
202.01 0.71651
202.90 0.72139
203.79 0.72624
204.68 0.73108
205.57 0.73590
206.46 0.74069
207.35 0.74547
208.24 0.75023
209.13 0.75496
210.02 0.75969
210.91 0.76439
211.80 0.76908
212.69 0.77375
213.58 0.77840
214.47 0.78304
215.37 0.78767
216.26 0.79228
217.15 0.79687
218.04 0.80146
218.93 0.80602
219.82 0.81058
220.71 0.81512
221.60 0.81965
222.49 0.82417
223.38 0.82867
224.27 0.83316
225.16 0.83765
226.05 0.84212
226.94 0.84658
227.83 0.85103
228.72 0.85546
229.61 0.85989
230.50 0.86431
231.39 0.86872
232.29 0.87312
233.18 0.87751
234.07 0.88189
234.96 0.88626
235.85 0.89062
236.74 0.89497
237.63 0.89932
238.52 0.90365
239.41 0.90798
240.30 0.91230
241.19 0.91662
242.08 0.92092
242.97 0.92522
243.86 0.92951
244.75 0.93379
245.64 0.93807
246.53 0.94234
247.42 0.94660
248.31 0.95085
249.20 0.95510
250.10 0.95934
250.99 0.96358
251.88 0.96781
252.77 0.97203
253.66 0.97625
254.55 0.98046
255.44 0.98467
256.33 0.98886
257.22 0.99306
258.11 0.99725
259.00 1.0014
259.89 1.0056
260.78 1.0098
261.67 1.0139
262.56 1.0181
263.45 1.0223
264.34 1.0264
265.23 1.0306
266.12 1.0347
267.02 1.0388
267.91 1.0430
268.80 1.0471
269.69 1.0512
270.58 1.0553
271.47 1.0595
272.36 1.0636
273.25 1.0677
274.14 1.0718
275.03 1.0759
275.92 1.0800
276.81 1.0841
277.70 1.0882
278.59 1.0922
279.48 1.0963
280.37 1.1004
281.26 1.1045
282.15 1.1085
283.04 1.1126
283.93 1.1166
284.83 1.1207
285.72 1.1248
286.61 1.1288
287.50 1.1329
288.39 1.1369
289.28 1.1409
290.17 1.1450
291.06 1.1490
291.95 1.1530
292.84 1.1571
293.73 1.1611
294.62 1.1651
295.51 1.1691
296.40 1.1731
297.29 1.1771
298.18 1.1812
299.07 1.1852
299.96 1.1892
300.85 1.1932
301.74 1.1972
302.64 1.2012
303.53 1.2051
304.42 1.2091
305.31 1.2131
306.20 1.2171
307.09 1.2211
307.98 1.2251
308.87 1.2290
309.76 1.2330
310.65 1.2370
311.54 1.2410
312.43 1.2449
313.32 1.2489
314.21 1.2529
315.10 1.2568
315.99 1.2608
316.88 1.2647
317.77 1.2687
318.66 1.2726
319.56 1.2766
320.45 1.2805
321.34 1.2845
322.23 1.2884
323.12 1.2924
324.01 1.2963
324.90 1.3002
325.79 1.3042
326.68 1.3081
327.57 1.3120
328.46 1.3160
329.35 1.3199
330.24 1.3238
331.13 1.3277
332.02 1.3316
332.91 1.3356
333.80 1.3395
334.69 1.3434
335.58 1.3473
336.47 1.3512
337.37 1.3551
338.26 1.3590
339.15 1.3629
340.04 1.3668
340.93 1.3708
341.82 1.3747
342.71 1.3786
343.60 1.3825
344.49 1.3863
345.38 1.3902
346.27 1.3941
347.16 1.3980
348.05 1.4019
348.94 1.4058
349.83 1.4097
350.72 1.4136
351.61 1.4175
352.50 1.4213
353.39 1.4252
354.29 1.4291
355.18 1.4330
356.07 1.4369
356.96 1.4407
357.85 1.4446
358.74 1.4485
359.63 1.4524
360.52 1.4562
361.41 1.4601
362.30 1.4640
363.19 1.4678
364.08 1.4717
364.97 1.4756
365.86 1.4794
366.75 1.4833
367.64 1.4871
368.53 1.4910
369.42 1.4949
370.31 1.4987
371.20 1.5026
372.10 1.5064
372.99 1.5103
373.88 1.5141
374.77 1.5180
375.66 1.5218
376.55 1.5257
377.44 1.5295
378.33 1.5334
379.22 1.5372
380.11 1.5411
381.00 1.5449
381.89 1.5487
382.78 1.5526
383.67 1.5564
384.56 1.5603
385.45 1.5641
386.34 1.5679
387.23 1.5718
388.12 1.5756
389.01 1.5794
389.91 1.5833
390.80 1.5871
391.69 1.5909
392.58 1.5947
393.47 1.5986
394.36 1.6024
395.25 1.6062
396.14 1.6100
397.03 1.6139
397.92 1.6177
398.81 1.6215
399.70 1.6253
400.59 1.6292
401.48 1.6330
402.37 1.6368
403.26 1.6406
404.15 1.6444
405.04 1.6482
405.93 1.6521
406.83 1.6559
407.72 1.6597
408.61 1.6635
409.50 1.6673
410.39 1.6711
411.28 1.6749
412.17 1.6787
413.06 1.6826
413.95 1.6864
414.84 1.6902
415.73 1.6940
416.62 1.6978
417.51 1.7016
418.40 1.7054
419.29 1.7092
420.18 1.7130
421.07 1.7168
421.96 1.7206
422.85 1.7244
423.74 1.7282
424.64 1.7320
425.53 1.7358
426.42 1.7396
427.31 1.7434
428.20 1.7472
429.09 1.7510
429.98 1.7548
430.87 1.7586
431.76 1.7623
432.65 1.7661
433.54 1.7699
434.43 1.7737
435.32 1.7775
436.21 1.7813
437.10 1.7851
437.99 1.7889
438.88 1.7927
439.77 1.7965
440.66 1.8002
441.55 1.8040
442.45 1.8078
443.34 1.8116
444.23 1.8154
445.12 1.8192
446.01 1.8229
446.90 1.8267
447.79 1.8305
448.68 1.8343
449.57 1.8381
450.46 1.8418
451.35 1.8456
452.24 1.8494
453.13 1.8532
454.02 1.8570
454.91 1.8607
455.80 1.8645
456.69 1.8683
457.58 1.8721
458.47 1.8758
459.37 1.8796
460.26 1.8834
461.15 1.8871
462.04 1.8909
462.93 1.8947
463.82 1.8985
464.71 1.9022
465.60 1.9060
466.49 1.9098
467.38 1.9135
468.27 1.9173
469.16 1.9211
470.05 1.9248
470.94 1.9286
471.83 1.9324
472.72 1.9361
473.61 1.9399
474.50 1.9437
475.39 1.9474
476.28 1.9512
477.18 1.9550
478.07 1.9587
478.96 1.9625
479.85 1.9662
480.74 1.9700
481.63 1.9738
482.52 1.9775
483.41 1.9813
484.30 1.9850
485.19 1.9888
486.08 1.9926
486.97 1.9963
487.86 2.0001
488.75 2.0038
489.64 2.0076
490.53 2.0113
491.42 2.0151
492.31 2.0189
493.20 2.0226
494.10 2.0264
494.99 2.0301
495.88 2.0339
496.77 2.0376
497.66 2.0414
498.55 2.0451
499.44 2.0489
500.33 2.0526
501.22 2.0564
502.11 2.0601
503.00 2.0639
503.89 2.0676
504.78 2.0714
505.67 2.0751
506.56 2.0789
507.45 2.0826
508.34 2.0864
509.23 2.0901
510.12 2.0939
511.01 2.0976
511.91 2.1014
512.80 2.1051
513.69 2.1089
514.58 2.1126
515.47 2.1163
516.36 2.1201
517.25 2.1238
518.14 2.1276
519.03 2.1313
519.92 2.1351
520.81 2.1388
521.70 2.1426
522.59 2.1463
523.48 2.1500
524.37 2.1538
525.26 2.1575
526.15 2.1613
527.04 2.1650
527.93 2.1687
528.82 2.1725
529.72 2.1762
530.61 2.1800
531.50 2.1837
532.39 2.1874
533.28 2.1912
534.17 2.1949
535.06 2.1986
535.95 2.2024
536.84 2.2061
537.73 2.2099
538.62 2.2136
539.51 2.2173
540.40 2.2211
541.29 2.2248
542.18 2.2285
543.07 2.2323
543.96 2.2360
544.85 2.2397
545.74 2.2435
546.64 2.2472
547.53 2.2509
548.42 2.2547
549.31 2.2584
550.20 2.2621
551.09 2.2659
551.98 2.2696
552.87 2.2733
553.76 2.2771
554.65 2.2808
555.54 2.2845
556.43 2.2883
557.32 2.2920
558.21 2.2957
559.10 2.2994
559.99 2.3032
560.88 2.3069
561.77 2.3106
562.66 2.3144
563.55 2.3181
564.45 2.3218
565.34 2.3255
566.23 2.3293
567.12 2.3330
568.01 2.3367
568.90 2.3404
569.79 2.3442
570.68 2.3479
571.57 2.3516
572.46 2.3553
573.35 2.3591
574.24 2.3628
575.13 2.3665
576.02 2.3702
576.91 2.3740
577.80 2.3777
578.69 2.3814
579.58 2.3851
580.47 2.3889
581.37 2.3926
582.26 2.3963
583.15 2.4000
584.04 2.4037
584.93 2.4075
585.82 2.4112
586.71 2.4149
587.60 2.4186
588.49 2.4224
589.38 2.4261
590.27 2.4298
591.16 2.4335
592.05 2.4372
592.94 2.4410
593.83 2.4447
594.72 2.4484
595.61 2.4521
596.50 2.4558
597.39 2.4596
598.28 2.4633
599.18 2.4670
600.07 2.4707
600.96 2.4744
601.85 2.4781
602.74 2.4819
603.63 2.4856
604.52 2.4893
605.41 2.4930
606.30 2.4967
607.19 2.5004
608.08 2.5042
608.97 2.5079
609.86 2.5116
610.75 2.5153
611.64 2.5190
612.53 2.5227
613.42 2.5264
614.31 2.5302
615.20 2.5339
616.09 2.5376
616.99 2.5413
617.88 2.5450
618.77 2.5487
619.66 2.5524
620.55 2.5562
621.44 2.5599
622.33 2.5636
623.22 2.5673
624.11 2.5710
