91.585 0.035472
92.475 0.035563
93.366 0.035655
94.256 0.035748
95.147 0.035842
96.037 0.035937
96.928 0.036032
97.818 0.036128
98.709 0.036225
99.599 0.036323
100.49 0.036421
101.38 0.036521
102.27 0.036621
103.16 0.036723
104.05 0.036825
104.94 0.036929
105.83 0.037033
106.72 0.037138
107.61 0.037245
108.50 0.037352
109.39 0.037461
110.29 0.037570
111.18 0.037681
112.07 0.037793
112.96 0.037906
113.85 0.038020
114.74 0.038136
115.63 0.038253
116.52 0.038371
117.41 0.038490
118.30 0.038611
119.19 0.038733
120.08 0.038857
120.97 0.038982
121.86 0.039109
122.75 0.039237
123.64 0.039367
124.53 0.039499
125.42 0.039632
126.31 0.039767
127.21 0.039904
128.10 0.040043
128.99 0.040183
129.88 0.040326
130.77 0.040470
131.66 0.040617
132.55 0.040766
133.44 0.040917
134.33 0.041070
135.22 0.041226
136.11 0.041384
137.00 0.041544
137.89 0.041708
138.78 0.041874
139.67 0.042042
140.56 0.042214
141.45 0.042389
142.34 0.042567
143.23 0.042748
144.12 0.042933
145.02 0.043121
145.91 0.043313
146.80 0.043508
147.69 0.043708
148.58 0.043912
149.47 0.044120
150.36 0.044333
151.25 0.044551
152.14 0.044774
153.03 0.045002
153.92 0.045236
154.81 0.045476
155.70 0.045722
156.59 0.045974
157.48 0.046234
158.37 0.046501
159.26 0.046776
160.15 0.047059
161.04 0.047351
161.93 0.047653
162.83 0.047966
163.72 0.048289
164.61 0.048625
165.50 0.048973
166.39 0.049336
167.28 0.049714
168.17 0.050109
169.06 0.050524
169.95 0.050959
170.84 0.051417
171.73 0.051902
172.62 0.052416
173.51 0.052965
174.40 0.053554
175.29 0.054190
176.18 0.054883
177.07 0.055644
177.67 0.056197
177.67 0.29237
177.96 0.29513
178.85 0.30291
179.75 0.31015
180.64 0.31696
181.53 0.32342
182.42 0.32960
183.31 0.33553
184.20 0.34126
185.09 0.34680
185.98 0.35219
186.87 0.35743
187.76 0.36254
188.65 0.36754
189.54 0.37243
190.43 0.37722
191.32 0.38193
192.21 0.38655
193.10 0.39110
193.99 0.39558
194.88 0.39999
195.77 0.40434
196.66 0.40863
197.56 0.41287
198.45 0.41705
199.34 0.42119
200.23 0.42528
201.12 0.42933
202.01 0.43333
202.90 0.43730
203.79 0.44123
204.68 0.44512
205.57 0.44898
206.46 0.45280
207.35 0.45660
208.24 0.46036
209.13 0.46410
210.02 0.46781
210.91 0.47149
211.80 0.47514
212.69 0.47878
213.58 0.48238
214.47 0.48597
215.37 0.48953
216.26 0.49307
217.15 0.49659
218.04 0.50010
218.93 0.50358
219.82 0.50704
220.71 0.51049
221.60 0.51391
222.49 0.51732
223.38 0.52072
224.27 0.52410
225.16 0.52746
226.05 0.53081
226.94 0.53414
227.83 0.53746
228.72 0.54077
229.61 0.54406
230.50 0.54734
231.39 0.55061
232.29 0.55386
233.18 0.55710
234.07 0.56033
234.96 0.56355
235.85 0.56676
236.74 0.56996
237.63 0.57314
238.52 0.57632
239.41 0.57949
240.30 0.58264
241.19 0.58579
242.08 0.58893
242.97 0.59205
243.86 0.59517
244.75 0.59828
245.64 0.60138
246.53 0.60448
247.42 0.60756
248.31 0.61064
249.20 0.61371
250.10 0.61677
250.99 0.61982
251.88 0.62287
252.77 0.62591
253.66 0.62894
254.55 0.63196
255.44 0.63498
256.33 0.63799
257.22 0.64100
258.11 0.64399
259.00 0.64699
259.89 0.64997
260.78 0.65295
261.67 0.65592
262.56 0.65889
263.45 0.66185
264.34 0.66481
265.23 0.66776
266.12 0.67071
267.02 0.67365
267.91 0.67658
268.80 0.67951
269.69 0.68243
270.58 0.68535
271.47 0.68827
272.36 0.69118
273.25 0.69408
274.14 0.69698
275.03 0.69988
275.92 0.70277
276.81 0.70565
277.70 0.70854
278.59 0.71141
279.48 0.71429
280.37 0.71716
281.26 0.72002
282.15 0.72288
283.04 0.72574
283.93 0.72859
284.83 0.73144
285.72 0.73429
286.61 0.73713
287.50 0.73997
288.39 0.74280
289.28 0.74563
290.17 0.74846
291.06 0.75128
291.95 0.75410
292.84 0.75692
293.73 0.75973
294.62 0.76254
295.51 0.76535
296.40 0.76815
297.29 0.77095
298.18 0.77375
299.07 0.77654
299.96 0.77934
300.85 0.78212
301.74 0.78491
302.64 0.78769
303.53 0.79047
304.42 0.79325
305.31 0.79602
306.20 0.79879
307.09 0.80156
307.98 0.80433
308.87 0.80709
309.76 0.80985
310.65 0.81261
311.54 0.81536
312.43 0.81812
313.32 0.82087
314.21 0.82362
315.10 0.82636
315.99 0.82910
316.88 0.83184
317.77 0.83458
318.66 0.83732
319.56 0.84005
320.45 0.84278
321.34 0.84551
322.23 0.84824
323.12 0.85096
324.01 0.85369
324.90 0.85641
325.79 0.85913
326.68 0.86184
327.57 0.86456
328.46 0.86727
329.35 0.86998
330.24 0.87269
331.13 0.87539
332.02 0.87810
332.91 0.88080
333.80 0.88350
334.69 0.88620
335.58 0.88890
336.47 0.89159
337.37 0.89428
338.26 0.89698
339.15 0.89966
340.04 0.90235
340.93 0.90504
341.82 0.90772
342.71 0.91041
343.60 0.91309
344.49 0.91577
345.38 0.91844
346.27 0.92112
347.16 0.92379
348.05 0.92647
348.94 0.92914
349.83 0.93181
350.72 0.93448
351.61 0.93714
352.50 0.93981
353.39 0.94247
354.29 0.94513
355.18 0.94779
356.07 0.95045
356.96 0.95311
357.85 0.95577
358.74 0.95842
359.63 0.96107
360.52 0.96373
361.41 0.96638
362.30 0.96903
363.19 0.97167
364.08 0.97432
364.97 0.97697
365.86 0.97961
366.75 0.98225
367.64 0.98489
368.53 0.98753
369.42 0.99017
370.31 0.99281
371.20 0.99545
372.10 0.99808
372.99 1.0007
373.88 1.0033
374.77 1.0060
375.66 1.0086
376.55 1.0112
377.44 1.0139
378.33 1.0165
379.22 1.0191
380.11 1.0217
381.00 1.0244
381.89 1.0270
382.78 1.0296
383.67 1.0322
384.56 1.0349
385.45 1.0375
386.34 1.0401
387.23 1.0427
388.12 1.0453
389.01 1.0479
389.91 1.0505
390.80 1.0532
391.69 1.0558
392.58 1.0584
393.47 1.0610
394.36 1.0636
395.25 1.0662
396.14 1.0688
397.03 1.0714
397.92 1.0740
398.81 1.0766
399.70 1.0792
400.59 1.0818
401.48 1.0844
402.37 1.0870
403.26 1.0896
404.15 1.0922
405.04 1.0948
405.93 1.0974
406.83 1.1000
407.72 1.1026
408.61 1.1052
409.50 1.1078
410.39 1.1104
411.28 1.1130
412.17 1.1156
413.06 1.1181
413.95 1.1207
414.84 1.1233
415.73 1.1259
416.62 1.1285
417.51 1.1311
418.40 1.1337
419.29 1.1362
420.18 1.1388
421.07 1.1414
421.96 1.1440
422.85 1.1466
423.74 1.1492
424.64 1.1517
425.53 1.1543
426.42 1.1569
427.31 1.1595
428.20 1.1620
429.09 1.1646
429.98 1.1672
430.87 1.1698
431.76 1.1723
432.65 1.1749
433.54 1.1775
434.43 1.1801
435.32 1.1826
436.21 1.1852
437.10 1.1878
437.99 1.1903
438.88 1.1929
439.77 1.1955
440.66 1.1980
441.55 1.2006
442.45 1.2032
443.34 1.2057
444.23 1.2083
445.12 1.2109
446.01 1.2134
446.90 1.2160
447.79 1.2186
448.68 1.2211
449.57 1.2237
450.46 1.2262
451.35 1.2288
452.24 1.2314
453.13 1.2339
454.02 1.2365
454.91 1.2390
455.80 1.2416
456.69 1.2441
457.58 1.2467
458.47 1.2492
459.37 1.2518
460.26 1.2544
461.15 1.2569
462.04 1.2595
462.93 1.2620
463.82 1.2646
464.71 1.2671
465.60 1.2697
466.49 1.2722
467.38 1.2748
468.27 1.2773
469.16 1.2799
470.05 1.2824
470.94 1.2850
471.83 1.2875
472.72 1.2901
473.61 1.2926
474.50 1.2951
475.39 1.2977
476.28 1.3002
477.18 1.3028
478.07 1.3053
478.96 1.3079
479.85 1.3104
480.74 1.3129
481.63 1.3155
482.52 1.3180
483.41 1.3206
484.30 1.3231
485.19 1.3256
486.08 1.3282
486.97 1.3307
487.86 1.3333
488.75 1.3358
489.64 1.3383
490.53 1.3409
491.42 1.3434
492.31 1.3460
493.20 1.3485
494.10 1.3510
494.99 1.3536
495.88 1.3561
496.77 1.3586
497.66 1.3612
498.55 1.3637
499.44 1.3662
500.33 1.3688
501.22 1.3713
502.11 1.3738
503.00 1.3764
503.89 1.3789
504.78 1.3814
505.67 1.3839
506.56 1.3865
507.45 1.3890
508.34 1.3915
509.23 1.3941
510.12 1.3966
511.01 1.3991
511.91 1.4016
512.80 1.4042
513.69 1.4067
514.58 1.4092
515.47 1.4117
516.36 1.4143
517.25 1.4168
518.14 1.4193
519.03 1.4218
519.92 1.4244
520.81 1.4269
521.70 1.4294
522.59 1.4319
523.48 1.4345
524.37 1.4370
525.26 1.4395
526.15 1.4420
527.04 1.4446
527.93 1.4471
528.82 1.4496
529.72 1.4521
530.61 1.4546
531.50 1.4572
532.39 1.4597
533.28 1.4622
534.17 1.4647
535.06 1.4672
535.95 1.4697
536.84 1.4723
537.73 1.4748
538.62 1.4773
539.51 1.4798
540.40 1.4823
541.29 1.4848
542.18 1.4874
543.07 1.4899
543.96 1.4924
544.85 1.4949
545.74 1.4974
546.64 1.4999
547.53 1.5025
548.42 1.5050
549.31 1.5075
550.20 1.5100
551.09 1.5125
551.98 1.5150
552.87 1.5175
553.76 1.5200
554.65 1.5226
555.54 1.5251
556.43 1.5276
557.32 1.5301
558.21 1.5326
559.10 1.5351
559.99 1.5376
560.88 1.5401
561.77 1.5426
562.66 1.5451
563.55 1.5477
564.45 1.5502
565.34 1.5527
566.23 1.5552
567.12 1.5577
568.01 1.5602
568.90 1.5627
569.79 1.5652
570.68 1.5677
571.57 1.5702
572.46 1.5727
573.35 1.5752
574.24 1.5777
575.13 1.5803
576.02 1.5828
576.91 1.5853
577.80 1.5878
578.69 1.5903
579.58 1.5928
580.47 1.5953
581.37 1.5978
582.26 1.6003
583.15 1.6028
584.04 1.6053
584.93 1.6078
585.82 1.6103
586.71 1.6128
587.60 1.6153
588.49 1.6178
589.38 1.6203
590.27 1.6228
591.16 1.6253
592.05 1.6278
592.94 1.6303
593.83 1.6328
594.72 1.6353
595.61 1.6378
596.50 1.6403
597.39 1.6428
598.28 1.6453
599.18 1.6478
600.07 1.6503
600.96 1.6528
601.85 1.6553
602.74 1.6578
603.63 1.6603
604.52 1.6628
605.41 1.6653
606.30 1.6678
607.19 1.6703
608.08 1.6728
608.97 1.6753
609.86 1.6778
610.75 1.6803
611.64 1.6828
612.53 1.6853
613.42 1.6878
614.31 1.6903
615.20 1.6928
616.09 1.6953
616.99 1.6978
617.88 1.7002
618.77 1.7027
619.66 1.7052
620.55 1.7077
621.44 1.7102
622.33 1.7127
623.22 1.7152
624.11 1.7177
