218.06 0.037482
219.54 0.037655
221.01 0.037831
222.48 0.038010
223.95 0.038193
225.43 0.038379
226.90 0.038568
228.37 0.038762
229.84 0.038960
231.32 0.039162
232.79 0.039368
233.39 0.039453
233.39 1.6705
234.26 1.6804
235.73 1.6970
237.20 1.7133
238.68 1.7296
240.15 1.7457
241.62 1.7617
243.09 1.7775
244.57 1.7933
246.04 1.8089
247.51 1.8244
248.98 1.8399
250.46 1.8552
251.93 1.8705
253.40 1.8856
254.87 1.9007
256.35 1.9157
257.82 1.9306
259.29 1.9455
260.76 1.9603
262.23 1.9750
263.71 1.9897
265.18 2.0043
266.65 2.0188
268.12 2.0333
269.60 2.0477
271.07 2.0621
272.54 2.0764
274.01 2.0907
275.49 2.1049
276.96 2.1191
278.43 2.1332
279.90 2.1473
281.38 2.1614
282.85 2.1754
284.32 2.1893
285.79 2.2033
287.26 2.2172
288.74 2.2310
290.21 2.2449
291.68 2.2587
293.15 2.2724
294.63 2.2862
296.10 2.2999
297.57 2.3136
299.04 2.3272
300.52 2.3408
301.99 2.3544
303.46 2.3680
304.93 2.3815
306.41 2.3951
307.88 2.4085
309.35 2.4220
310.82 2.4355
312.29 2.4489
313.77 2.4623
315.24 2.4757
316.71 2.4890
318.18 2.5024
319.66 2.5157
321.13 2.5290
322.60 2.5423
324.07 2.5555
325.55 2.5688
327.02 2.5820
328.49 2.5952
329.96 2.6084
331.44 2.6216
332.91 2.6347
334.38 2.6479
335.85 2.6610
337.32 2.6741
338.80 2.6872
340.27 2.7003
341.74 2.7134
343.21 2.7264
344.69 2.7395
346.16 2.7525
347.63 2.7655
349.10 2.7785
350.58 2.7915
352.05 2.8045
353.52 2.8175
354.99 2.8304
356.46 2.8434
357.94 2.8563
359.41 2.8693
360.88 2.8822
362.35 2.8951
363.83 2.9080
365.30 2.9208
366.77 2.9337
368.24 2.9466
369.72 2.9594
371.19 2.9723
372.66 2.9851
374.13 2.9979
375.61 3.0108
377.08 3.0236
378.55 3.0364
380.02 3.0492
381.49 3.0619
382.97 3.0747
384.44 3.0875
385.91 3.1002
387.38 3.1130
388.86 3.1257
390.33 3.1385
391.80 3.1512
393.27 3.1639
394.75 3.1766
396.22 3.1893
397.69 3.2020
399.16 3.2147
400.64 3.2274
402.11 3.2401
403.58 3.2528
405.05 3.2654
406.52 3.2781
408.00 3.2908
409.47 3.3034
410.94 3.3160
412.41 3.3287
413.89 3.3413
415.36 3.3539
416.83 3.3666
418.30 3.3792
419.78 3.3918
421.25 3.4044
422.72 3.4170
424.19 3.4296
425.67 3.4422
427.14 3.4548
428.61 3.4673
430.08 3.4799
431.55 3.4925
433.03 3.5051
434.50 3.5176
435.97 3.5302
437.44 3.5427
438.92 3.5553
440.39 3.5678
441.86 3.5803
443.33 3.5929
444.81 3.6054
446.28 3.6179
447.75 3.6305
449.22 3.6430
450.70 3.6555
452.17 3.6680
453.64 3.6805
455.11 3.6930
456.58 3.7055
458.06 3.7180
459.53 3.7305
461.00 3.7430
462.47 3.7555
463.95 3.7679
465.42 3.7804
466.89 3.7929
468.36 3.8054
469.84 3.8178
471.31 3.8303
472.78 3.8428
474.25 3.8552
475.73 3.8677
477.20 3.8801
478.67 3.8926
480.14 3.9050
481.61 3.9174
483.09 3.9299
484.56 3.9423
486.03 3.9548
487.50 3.9672
488.98 3.9796
490.45 3.9920
491.92 4.0045
493.39 4.0169
494.87 4.0293
496.34 4.0417
497.81 4.0541
499.28 4.0665
500.75 4.0789
502.23 4.0913
503.70 4.1037
505.17 4.1161
506.64 4.1285
508.12 4.1409
509.59 4.1533
511.06 4.1657
512.53 4.1781
514.01 4.1905
515.48 4.2028
516.95 4.2152
518.42 4.2276
519.90 4.2400
521.37 4.2524
522.84 4.2647
524.31 4.2771
525.78 4.2895
527.26 4.3018
528.73 4.3142
530.20 4.3265
531.67 4.3389
533.15 4.3513
534.62 4.3636
536.09 4.3760
537.56 4.3883
539.04 4.4007
540.51 4.4130
541.98 4.4254
543.45 4.4377
544.93 4.4500
546.40 4.4624
547.87 4.4747
549.34 4.4870
550.81 4.4994
552.29 4.5117
553.76 4.5240
555.23 4.5364
556.70 4.5487
558.18 4.5610
559.65 4.5733
561.12 4.5857
562.59 4.5980
564.07 4.6103
565.54 4.6226
567.01 4.6349
568.48 4.6473
569.96 4.6596
571.43 4.6719
572.90 4.6842
574.37 4.6965
575.84 4.7088
577.32 4.7211
578.79 4.7334
580.26 4.7457
581.73 4.7580
583.21 4.7703
584.68 4.7826
586.15 4.7949
587.62 4.8072
589.10 4.8195
590.57 4.8318
592.04 4.8441
593.51 4.8564
594.99 4.8687
596.46 4.8809
597.93 4.8932
599.40 4.9055
600.87 4.9178
602.35 4.9301
603.82 4.9424
605.29 4.9546
606.76 4.9669
608.24 4.9792
609.71 4.9915
611.18 5.0037
612.65 5.0160
614.13 5.0283
615.60 5.0406
617.07 5.0528
618.54 5.0651
620.01 5.0774
621.49 5.0896
622.96 5.1019
624.43 5.1142
625.90 5.1264
627.38 5.1387
628.85 5.1509
630.32 5.1632
631.79 5.1755
633.27 5.1877
634.74 5.2000
636.21 5.2122
637.68 5.2245
639.16 5.2367
640.63 5.2490
642.10 5.2613
643.57 5.2735
645.04 5.2858
646.52 5.2980
647.99 5.3103
649.46 5.3225
650.93 5.3347
652.41 5.3470
653.88 5.3592
655.35 5.3715
656.82 5.3837
658.30 5.3960
659.77 5.4082
661.24 5.4204
662.71 5.4327
664.19 5.4449
665.66 5.4572
667.13 5.4694
668.60 5.4816
670.07 5.4939
671.55 5.5061
673.02 5.5183
674.49 5.5306
675.96 5.5428
677.44 5.5550
678.91 5.5673
680.38 5.5795
681.85 5.5917
683.33 5.6039
684.80 5.6162
686.27 5.6284
687.74 5.6406
689.22 5.6528
690.69 5.6651
692.16 5.6773
693.63 5.6895
695.10 5.7017
696.58 5.7140
698.05 5.7262
699.52 5.7384
700.99 5.7506
702.47 5.7628
703.94 5.7751
705.41 5.7873
706.88 5.7995
708.36 5.8117
709.83 5.8239
711.30 5.8361
712.77 5.8483
714.25 5.8606
715.72 5.8728
717.19 5.8850
718.66 5.8972
720.13 5.9094
721.61 5.9216
723.08 5.9338
724.55 5.9460
726.02 5.9582
727.50 5.9704
728.97 5.9827
730.44 5.9949
731.91 6.0071
733.39 6.0193
734.86 6.0315
736.33 6.0437
737.80 6.0559
739.28 6.0681
740.75 6.0803
742.22 6.0925
743.69 6.1047
745.16 6.1169
746.64 6.1291
748.11 6.1413
749.58 6.1535
751.05 6.1657
752.53 6.1779
754.00 6.1901
755.47 6.2023
756.94 6.2145
758.42 6.2267
759.89 6.2389
761.36 6.2510
762.83 6.2632
764.30 6.2754
765.78 6.2876
767.25 6.2998
768.72 6.3120
770.19 6.3242
771.67 6.3364
773.14 6.3486
774.61 6.3608
776.08 6.3730
777.56 6.3851
779.03 6.3973
780.50 6.4095
781.97 6.4217
783.45 6.4339
784.92 6.4461
786.39 6.4583
787.86 6.4704
789.33 6.4826
790.81 6.4948
792.28 6.5070
793.75 6.5192
795.22 6.5314
796.70 6.5435
798.17 6.5557
799.64 6.5679
801.11 6.5801
802.59 6.5923
804.06 6.6045
805.53 6.6166
807.00 6.6288
808.48 6.6410
809.95 6.6532
811.42 6.6653
812.89 6.6775
814.36 6.6897
815.84 6.7019
817.31 6.7141
818.78 6.7262
820.25 6.7384
821.73 6.7506
823.20 6.7628
824.67 6.7749
826.14 6.7871
827.62 6.7993
829.09 6.8114
830.56 6.8236
832.03 6.8358
833.51 6.8480
834.98 6.8601
836.45 6.8723
837.92 6.8845
839.39 6.8966
840.87 6.9088
842.34 6.9210
843.81 6.9332
845.28 6.9453
846.76 6.9575
848.23 6.9697
849.70 6.9818
851.17 6.9940
852.65 7.0062
854.12 7.0183
855.59 7.0305
857.06 7.0427
858.54 7.0548
860.01 7.0670
861.48 7.0792
862.95 7.0913
864.42 7.1035
865.90 7.1157
867.37 7.1278
868.84 7.1400
870.31 7.1521
871.79 7.1643
873.26 7.1765
874.73 7.1886
876.20 7.2008
877.68 7.2130
879.15 7.2251
880.62 7.2373
882.09 7.2494
883.57 7.2616
885.04 7.2738
886.51 7.2859
887.98 7.2981
889.45 7.3102
890.93 7.3224
892.40 7.3345
893.87 7.3467
895.34 7.3589
896.82 7.3710
898.29 7.3832
899.76 7.3953
901.23 7.4075
902.71 7.4196
904.18 7.4318
905.65 7.4440
907.12 7.4561
908.59 7.4683
910.07 7.4804
911.54 7.4926
913.01 7.5047
914.48 7.5169
915.96 7.5290
917.43 7.5412
918.90 7.5533
920.37 7.5655
921.85 7.5777
923.32 7.5898
924.79 7.6020
926.26 7.6141
927.74 7.6263
929.21 7.6384
930.68 7.6506
932.15 7.6627
933.62 7.6749
935.10 7.6870
936.57 7.6992
938.04 7.7113
939.51 7.7235
940.99 7.7356
942.46 7.7478
943.93 7.7599
945.40 7.7721
946.88 7.7842
948.35 7.7964
949.82 7.8085
951.29 7.8207
952.77 7.8328
954.24 7.8449
955.71 7.8571
957.18 7.8692
958.65 7.8814
960.13 7.8935
961.60 7.9057
963.07 7.9178
964.54 7.9300
966.02 7.9421
967.49 7.9543
968.96 7.9664
970.43 7.9785
971.91 7.9907
973.38 8.0028
974.85 8.0150
976.32 8.0271
977.80 8.0393
979.27 8.0514
980.74 8.0636
982.21 8.0757
983.68 8.0878
985.16 8.1000
986.63 8.1121
988.10 8.1243
989.57 8.1364
991.05 8.1485
992.52 8.1607
993.99 8.1728
995.46 8.1850
996.94 8.1971
998.41 8.2093
999.88 8.2214
1001.4 8.2335
1002.8 8.2457
1004.3 8.2578
1005.8 8.2699
1007.2 8.2821
1008.7 8.2942
1010.2 8.3064
1011.7 8.3185
1013.1 8.3306
1014.6 8.3428
1016.1 8.3549
1017.5 8.3671
1019.0 8.3792
1020.5 8.3913
1022.0 8.4035
1023.4 8.4156
1024.9 8.4277
1026.4 8.4399
1027.9 8.4520
1029.3 8.4642
1030.8 8.4763
1032.3 8.4884
1033.7 8.5006
1035.2 8.5127
1036.7 8.5248
1038.2 8.5370
1039.6 8.5491
1041.1 8.5612
1042.6 8.5734
1044.1 8.5855
1045.5 8.5976
1047.0 8.6098
1048.5 8.6219
1049.9 8.6340
1051.4 8.6462
1052.9 8.6583
1054.4 8.6704
1055.8 8.6826
1057.3 8.6947
1058.8 8.7068
1060.2 8.7190
1061.7 8.7311
1063.2 8.7432
1064.7 8.7554
1066.1 8.7675
1067.6 8.7796
1069.1 8.7918
1070.6 8.8039
1072.0 8.8160
1073.5 8.8282
1075.0 8.8403
1076.4 8.8524
1077.9 8.8646
1079.4 8.8767
1080.9 8.8888
1082.3 8.9009
1083.8 8.9131
1085.3 8.9252
1086.7 8.9373
1088.2 8.9495
1089.7 8.9616
1091.2 8.9737
1092.6 8.9858
1094.1 8.9980
1095.6 9.0101
1097.1 9.0222
1098.5 9.0344
