218.06 0.037413
219.54 0.037584
221.01 0.037757
222.48 0.037934
223.95 0.038113
225.43 0.038296
226.90 0.038483
228.37 0.038673
229.84 0.038867
231.32 0.039065
232.79 0.039267
234.26 0.039474
235.73 0.039686
237.20 0.039902
238.68 0.040123
240.15 0.040350
241.62 0.040583
243.09 0.040822
244.57 0.041067
246.04 0.041319
247.51 0.041578
248.98 0.041845
250.46 0.042121
251.93 0.042405
253.40 0.042699
254.08 0.042838
254.08 0.82607
254.87 0.83174
256.35 0.84207
257.82 0.85222
259.29 0.86220
260.76 0.87202
262.23 0.88169
263.71 0.89123
265.18 0.90064
266.65 0.90994
268.12 0.91913
269.60 0.92821
271.07 0.93720
272.54 0.94609
274.01 0.95490
275.49 0.96363
276.96 0.97228
278.43 0.98086
279.90 0.98937
281.38 0.99781
282.85 1.0062
284.32 1.0145
285.79 1.0228
287.26 1.0310
288.74 1.0391
290.21 1.0472
291.68 1.0553
293.15 1.0633
294.63 1.0713
296.10 1.0792
297.57 1.0871
299.04 1.0949
300.52 1.1027
301.99 1.1105
303.46 1.1182
304.93 1.1259
306.41 1.1335
307.88 1.1412
309.35 1.1488
310.82 1.1563
312.29 1.1639
313.77 1.1714
315.24 1.1789
316.71 1.1863
318.18 1.1938
319.66 1.2012
321.13 1.2085
322.60 1.2159
324.07 1.2232
325.55 1.2305
327.02 1.2378
328.49 1.2451
329.96 1.2523
331.44 1.2596
332.91 1.2668
334.38 1.2740
335.85 1.2811
337.32 1.2883
338.80 1.2954
340.27 1.3026
341.74 1.3097
343.21 1.3167
344.69 1.3238
346.16 1.3309
347.63 1.3379
349.10 1.3449
350.58 1.3519
352.05 1.3589
353.52 1.3659
354.99 1.3729
356.46 1.3798
357.94 1.3868
359.41 1.3937
360.88 1.4006
362.35 1.4075
363.83 1.4144
365.30 1.4213
366.77 1.4282
368.24 1.4350
369.72 1.4419
371.19 1.4487
372.66 1.4556
374.13 1.4624
375.61 1.4692
377.08 1.4760
378.55 1.4828
380.02 1.4896
381.49 1.4963
382.97 1.5031
384.44 1.5098
385.91 1.5166
387.38 1.5233
388.86 1.5300
390.33 1.5368
391.80 1.5435
393.27 1.5502
394.75 1.5569
396.22 1.5635
397.69 1.5702
399.16 1.5769
400.64 1.5836
402.11 1.5902
403.58 1.5969
405.05 1.6035
406.52 1.6102
408.00 1.6168
409.47 1.6234
410.94 1.6300
412.41 1.6366
413.89 1.6432
415.36 1.6498
416.83 1.6564
418.30 1.6630
419.78 1.6696
421.25 1.6762
422.72 1.6827
424.19 1.6893
425.67 1.6959
427.14 1.7024
428.61 1.7090
430.08 1.7155
431.55 1.7221
433.03 1.7286
434.50 1.7351
435.97 1.7416
437.44 1.7482
438.92 1.7547
440.39 1.7612
441.86 1.7677
443.33 1.7742
444.81 1.7807
446.28 1.7872
447.75 1.7937
449.22 1.8001
450.70 1.8066
452.17 1.8131
453.64 1.8196
455.11 1.8260
456.58 1.8325
458.06 1.8390
459.53 1.8454
461.00 1.8519
462.47 1.8583
463.95 1.8648
465.42 1.8712
466.89 1.8776
468.36 1.8841
469.84 1.8905
471.31 1.8969
472.78 1.9033
474.25 1.9098
475.73 1.9162
477.20 1.9226
478.67 1.9290
480.14 1.9354
481.61 1.9418
483.09 1.9482
484.56 1.9546
486.03 1.9610
487.50 1.9674
488.98 1.9738
490.45 1.9802
491.92 1.9865
493.39 1.9929
494.87 1.9993
496.34 2.0057
497.81 2.0120
499.28 2.0184
500.75 2.0248
502.23 2.0311
503.70 2.0375
505.17 2.0439
506.64 2.0502
508.12 2.0566
509.59 2.0629
511.06 2.0693
512.53 2.0756
514.01 2.0820
515.48 2.0883
516.95 2.0946
518.42 2.1010
519.90 2.1073
521.37 2.1136
522.84 2.1200
524.31 2.1263
525.78 2.1326
527.26 2.1390
528.73 2.1453
530.20 2.1516
531.67 2.1579
533.15 2.1642
534.62 2.1705
536.09 2.1769
537.56 2.1832
539.04 2.1895
540.51 2.1958
541.98 2.2021
543.45 2.2084
544.93 2.2147
546.40 2.2210
547.87 2.2273
549.34 2.2336
550.81 2.2399
552.29 2.2462
553.76 2.2524
555.23 2.2587
556.70 2.2650
558.18 2.2713
559.65 2.2776
561.12 2.2839
562.59 2.2901
564.07 2.2964
565.54 2.3027
567.01 2.3090
568.48 2.3152
569.96 2.3215
571.43 2.3278
572.90 2.3340
574.37 2.3403
575.84 2.3466
577.32 2.3528
578.79 2.3591
580.26 2.3654
581.73 2.3716
583.21 2.3779
584.68 2.3841
586.15 2.3904
587.62 2.3966
589.10 2.4029
590.57 2.4091
592.04 2.4154
593.51 2.4216
594.99 2.4279
596.46 2.4341
597.93 2.4404
599.40 2.4466
600.87 2.4529
602.35 2.4591
603.82 2.4653
605.29 2.4716
606.76 2.4778
608.24 2.4840
609.71 2.4903
611.18 2.4965
612.65 2.5027
614.13 2.5090
615.60 2.5152
617.07 2.5214
618.54 2.5277
620.01 2.5339
621.49 2.5401
622.96 2.5463
624.43 2.5526
625.90 2.5588
627.38 2.5650
628.85 2.5712
630.32 2.5774
631.79 2.5837
633.27 2.5899
634.74 2.5961
636.21 2.6023
637.68 2.6085
639.16 2.6147
640.63 2.6209
642.10 2.6271
643.57 2.6334
645.04 2.6396
646.52 2.6458
647.99 2.6520
649.46 2.6582
650.93 2.6644
652.41 2.6706
653.88 2.6768
655.35 2.6830
656.82 2.6892
658.30 2.6954
659.77 2.7016
661.24 2.7078
662.71 2.7140
664.19 2.7202
665.66 2.7264
667.13 2.7326
668.60 2.7388
670.07 2.7450
671.55 2.7512
673.02 2.7573
674.49 2.7635
675.96 2.7697
677.44 2.7759
678.91 2.7821
680.38 2.7883
681.85 2.7945
683.33 2.8007
684.80 2.8069
686.27 2.8130
687.74 2.8192
689.22 2.8254
690.69 2.8316
692.16 2.8378
693.63 2.8439
695.10 2.8501
696.58 2.8563
698.05 2.8625
699.52 2.8687
700.99 2.8748
702.47 2.8810
703.94 2.8872
705.41 2.8934
706.88 2.8995
708.36 2.9057
709.83 2.9119
711.30 2.9181
712.77 2.9242
714.25 2.9304
715.72 2.9366
717.19 2.9427
718.66 2.9489
720.13 2.9551
721.61 2.9612
723.08 2.9674
724.55 2.9736
726.02 2.9797
727.50 2.9859
728.97 2.9921
730.44 2.9982
731.91 3.0044
733.39 3.0106
734.86 3.0167
736.33 3.0229
737.80 3.0290
739.28 3.0352
740.75 3.0414
742.22 3.0475
743.69 3.0537
745.16 3.0598
746.64 3.0660
748.11 3.0722
749.58 3.0783
751.05 3.0845
752.53 3.0906
754.00 3.0968
755.47 3.1029
756.94 3.1091
758.42 3.1152
759.89 3.1214
761.36 3.1275
762.83 3.1337
764.30 3.1398
765.78 3.1460
767.25 3.1521
768.72 3.1583
770.19 3.1644
771.67 3.1706
773.14 3.1767
774.61 3.1829
776.08 3.1890
777.56 3.1952
779.03 3.2013
780.50 3.2075
781.97 3.2136
783.45 3.2198
784.92 3.2259
786.39 3.2320
787.86 3.2382
789.33 3.2443
790.81 3.2505
792.28 3.2566
793.75 3.2628
795.22 3.2689
796.70 3.2750
798.17 3.2812
799.64 3.2873
801.11 3.2935
802.59 3.2996
804.06 3.3057
805.53 3.3119
807.00 3.3180
808.48 3.3241
809.95 3.3303
811.42 3.3364
812.89 3.3426
814.36 3.3487
815.84 3.3548
817.31 3.3610
818.78 3.3671
820.25 3.3732
821.73 3.3794
823.20 3.3855
824.67 3.3916
826.14 3.3978
827.62 3.4039
829.09 3.4100
830.56 3.4161
832.03 3.4223
833.51 3.4284
834.98 3.4345
836.45 3.4407
837.92 3.4468
839.39 3.4529
840.87 3.4591
842.34 3.4652
843.81 3.4713
845.28 3.4774
846.76 3.4836
848.23 3.4897
849.70 3.4958
851.17 3.5019
852.65 3.5081
854.12 3.5142
855.59 3.5203
857.06 3.5264
858.54 3.5326
860.01 3.5387
861.48 3.5448
862.95 3.5509
864.42 3.5571
865.90 3.5632
867.37 3.5693
868.84 3.5754
870.31 3.5815
871.79 3.5877
873.26 3.5938
874.73 3.5999
876.20 3.6060
877.68 3.6121
879.15 3.6183
880.62 3.6244
882.09 3.6305
883.57 3.6366
885.04 3.6427
886.51 3.6489
887.98 3.6550
889.45 3.6611
890.93 3.6672
892.40 3.6733
893.87 3.6794
895.34 3.6856
896.82 3.6917
898.29 3.6978
899.76 3.7039
901.23 3.7100
902.71 3.7161
904.18 3.7222
905.65 3.7284
907.12 3.7345
908.59 3.7406
910.07 3.7467
911.54 3.7528
913.01 3.7589
914.48 3.7650
915.96 3.7712
917.43 3.7773
918.90 3.7834
920.37 3.7895
921.85 3.7956
923.32 3.8017
924.79 3.8078
926.26 3.8139
927.74 3.8200
929.21 3.8261
930.68 3.8323
932.15 3.8384
933.62 3.8445
935.10 3.8506
936.57 3.8567
938.04 3.8628
939.51 3.8689
940.99 3.8750
942.46 3.8811
943.93 3.8872
945.40 3.8933
946.88 3.8994
948.35 3.9056
949.82 3.9117
951.29 3.9178
952.77 3.9239
954.24 3.9300
955.71 3.9361
957.18 3.9422
958.65 3.9483
960.13 3.9544
961.60 3.9605
963.07 3.9666
964.54 3.9727
966.02 3.9788
967.49 3.9849
968.96 3.9910
970.43 3.9971
971.91 4.0032
973.38 4.0093
974.85 4.0154
976.32 4.0215
977.80 4.0276
979.27 4.0337
980.74 4.0398
982.21 4.0459
983.68 4.0520
985.16 4.0581
986.63 4.0642
988.10 4.0703
989.57 4.0764
991.05 4.0825
992.52 4.0886
993.99 4.0947
995.46 4.1008
996.94 4.1069
998.41 4.1130
999.88 4.1191
1001.4 4.1252
1002.8 4.1313
1004.3 4.1374
1005.8 4.1435
1007.2 4.1496
1008.7 4.1557
1010.2 4.1618
1011.7 4.1679
1013.1 4.1740
1014.6 4.1801
1016.1 4.1862
1017.5 4.1923
1019.0 4.1984
1020.5 4.2045
1022.0 4.2106
1023.4 4.2167
1024.9 4.2228
1026.4 4.2289
1027.9 4.2350
1029.3 4.2411
1030.8 4.2472
1032.3 4.2533
1033.7 4.2593
1035.2 4.2654
1036.7 4.2715
1038.2 4.2776
1039.6 4.2837
1041.1 4.2898
1042.6 4.2959
1044.1 4.3020
1045.5 4.3081
1047.0 4.3142
1048.5 4.3203
1049.9 4.3264
1051.4 4.3325
1052.9 4.3386
1054.4 4.3446
1055.8 4.3507
1057.3 4.3568
1058.8 4.3629
1060.2 4.3690
1061.7 4.3751
1063.2 4.3812
1064.7 4.3873
1066.1 4.3934
1067.6 4.3995
1069.1 4.4056
1070.6 4.4116
1072.0 4.4177
1073.5 4.4238
1075.0 4.4299
1076.4 4.4360
1077.9 4.4421
1079.4 4.4482
1080.9 4.4543
1082.3 4.4604
1083.8 4.4665
1085.3 4.4725
1086.7 4.4786
1088.2 4.4847
1089.7 4.4908
1091.2 4.4969
1092.6 4.5030
1094.1 4.5091
1095.6 4.5152
1097.1 4.5212
1098.5 4.5273
