15.600 0.026631
17.244 0.027174
18.887 0.027800
20.369 0.028453
20.369 1.5132
20.531 1.5287
22.174 1.6831
23.817 1.8333
25.461 1.9808
27.104 2.1262
28.748 2.2700
30.391 2.4126
32.034 2.5543
33.678 2.6952
35.321 2.8354
36.965 2.9750
38.608 3.1142
40.251 3.2529
41.895 3.3913
43.538 3.5294
45.182 3.6672
46.825 3.8047
48.469 3.9421
50.112 4.0793
51.755 4.2163
53.399 4.3531
55.042 4.4898
56.686 4.6264
58.329 4.7629
59.972 4.8992
61.616 5.0355
63.259 5.1717
64.903 5.3078
66.546 5.4439
68.189 5.5799
69.833 5.7158
71.476 5.8517
73.120 5.9875
74.763 6.1232
76.406 6.2590
78.050 6.3946
79.693 6.5303
81.337 6.6659
82.980 6.8015
84.623 6.9370
86.267 7.0725
87.910 7.2080
89.554 7.3435
91.197 7.4789
92.840 7.6143
94.484 7.7497
96.127 7.8851
97.771 8.0204
99.414 8.1558
101.06 8.2911
102.70 8.4264
104.34 8.5617
105.99 8.6969
107.63 8.8322
109.27 8.9674
110.92 9.1026
112.56 9.2379
114.20 9.3731
115.85 9.5083
117.49 9.6434
119.13 9.7786
120.78 9.9138
122.42 10.049
124.07 10.184
125.71 10.319
127.35 10.454
129.00 10.589
130.64 10.725
132.28 10.860
133.93 10.995
135.57 11.130
137.21 11.265
138.86 11.400
140.50 11.535
142.14 11.670
143.79 11.805
145.43 11.940
147.07 12.075
148.72 12.210
150.36 12.345
152.00 12.480
153.65 12.615
155.29 12.750
156.93 12.885
158.58 13.020
160.22 13.156
161.86 13.291
163.51 13.426
165.15 13.561
166.79 13.696
168.44 13.831
170.08 13.966
171.72 14.100
173.37 14.235
175.01 14.370
176.65 14.505
178.30 14.640
179.94 14.775
181.58 14.910
183.23 15.045
184.87 15.180
186.51 15.315
188.16 15.450
189.80 15.585
191.44 15.720
193.09 15.855
194.73 15.990
196.37 16.125
198.02 16.260
199.66 16.395
201.31 16.530
202.95 16.665
204.59 16.800
206.24 16.935
207.88 17.070
209.52 17.205
211.17 17.339
212.81 17.474
214.45 17.609
216.10 17.744
217.74 17.879
219.38 18.014
221.03 18.149
222.67 18.284
224.31 18.419
225.96 18.554
227.60 18.689
229.24 18.824
230.89 18.959
232.53 19.094
234.17 19.228
235.82 19.363
237.46 19.498
239.10 19.633
240.75 19.768
242.39 19.903
244.03 20.038
245.68 20.173
247.32 20.308
248.96 20.443
250.61 20.578
252.25 20.712
253.89 20.847
255.54 20.982
257.18 21.117
258.82 21.252
260.47 21.387
262.11 21.522
263.75 21.657
265.40 21.792
267.04 21.927
268.68 22.061
270.33 22.196
271.97 22.331
273.61 22.466
275.26 22.601
276.90 22.736
278.55 22.871
280.19 23.006
281.83 23.141
283.48 23.276
285.12 23.410
286.76 23.545
288.41 23.680
290.05 23.815
291.69 23.950
293.34 24.085
294.98 24.220
296.62 24.355
298.27 24.490
299.91 24.624
301.55 24.759
303.20 24.894
304.84 25.029
306.48 25.164
308.13 25.299
309.77 25.434
311.41 25.569
313.06 25.703
314.70 25.838
316.34 25.973
317.99 26.108
319.63 26.243
321.27 26.378
322.92 26.513
324.56 26.648
326.20 26.782
327.85 26.917
329.49 27.052
331.13 27.187
332.78 27.322
334.42 27.457
336.06 27.592
337.71 27.727
339.35 27.862
340.99 27.996
342.64 28.131
344.28 28.266
345.92 28.401
347.57 28.536
349.21 28.671
350.86 28.806
352.50 28.941
354.14 29.075
355.79 29.210
357.43 29.345
359.07 29.480
360.72 29.615
362.36 29.750
364.00 29.885
365.65 30.019
367.29 30.154
368.93 30.289
370.58 30.424
372.22 30.559
373.86 30.694
375.51 30.829
377.15 30.964
378.79 31.098
380.44 31.233
382.08 31.368
383.72 31.503
385.37 31.638
387.01 31.773
388.65 31.908
390.30 32.043
391.94 32.177
393.58 32.312
395.23 32.447
396.87 32.582
398.51 32.717
400.16 32.852
401.80 32.987
403.44 33.121
405.09 33.256
406.73 33.391
408.37 33.526
410.02 33.661
411.66 33.796
413.30 33.931
414.95 34.066
416.59 34.200
418.23 34.335
419.88 34.470
421.52 34.605
423.16 34.740
424.81 34.875
426.45 35.010
428.10 35.144
429.74 35.279
431.38 35.414
433.03 35.549
434.67 35.684
436.31 35.819
437.96 35.954
439.60 36.088
441.24 36.223
442.89 36.358
444.53 36.493
446.17 36.628
447.82 36.763
449.46 36.898
451.10 37.033
452.75 37.167
454.39 37.302
456.03 37.437
457.68 37.572
459.32 37.707
460.96 37.842
462.61 37.977
464.25 38.111
465.89 38.246
467.54 38.381
469.18 38.516
470.82 38.651
472.47 38.786
474.11 38.921
475.75 39.055
477.40 39.190
479.04 39.325
480.68 39.460
482.33 39.595
483.97 39.730
485.61 39.865
487.26 39.999
488.90 40.134
490.54 40.269
492.19 40.404
493.83 40.539
495.47 40.674
497.12 40.809
498.76 40.943
500.40 41.078
502.05 41.213
503.69 41.348
505.34 41.483
506.98 41.618
508.62 41.753
510.27 41.887
511.91 42.022
513.55 42.157
515.20 42.292
516.84 42.427
518.48 42.562
520.13 42.697
521.77 42.831
523.41 42.966
525.06 43.101
526.70 43.236
528.34 43.371
529.99 43.506
531.63 43.641
533.27 43.775
534.92 43.910
536.56 44.045
538.20 44.180
539.85 44.315
541.49 44.450
543.13 44.585
544.78 44.719
546.42 44.854
548.06 44.989
549.71 45.124
551.35 45.259
552.99 45.394
554.64 45.529
556.28 45.663
557.92 45.798
559.57 45.933
561.21 46.068
562.85 46.203
564.50 46.338
566.14 46.473
567.78 46.607
569.43 46.742
571.07 46.877
572.71 47.012
574.36 47.147
576.00 47.282
577.64 47.417
579.29 47.551
580.93 47.686
582.58 47.821
584.22 47.956
585.86 48.091
587.51 48.226
589.15 48.361
590.79 48.495
592.44 48.630
594.08 48.765
595.72 48.900
597.37 49.035
599.01 49.170
600.65 49.305
602.30 49.439
603.94 49.574
605.58 49.709
607.23 49.844
608.87 49.979
610.51 50.114
612.16 50.249
613.80 50.383
615.44 50.518
617.09 50.653
618.73 50.788
620.37 50.923
622.02 51.058
623.66 51.193
625.30 51.327
626.95 51.462
628.59 51.597
630.23 51.732
631.88 51.867
633.52 52.002
635.16 52.137
636.81 52.271
638.45 52.406
640.09 52.541
641.74 52.676
643.38 52.811
645.02 52.946
646.67 53.080
648.31 53.215
649.95 53.350
651.60 53.485
653.24 53.620
654.88 53.755
656.53 53.890
658.17 54.024
659.82 54.159
661.46 54.294
663.10 54.429
664.75 54.564
666.39 54.699
668.03 54.834
669.68 54.968
671.32 55.103
672.96 55.238
674.61 55.373
676.25 55.508
677.89 55.643
679.54 55.778
681.18 55.912
682.82 56.047
684.47 56.182
686.11 56.317
687.75 56.452
689.40 56.587
691.04 56.722
692.68 56.856
694.33 56.991
695.97 57.126
697.61 57.261
699.26 57.396
700.90 57.531
702.54 57.666
704.19 57.800
705.83 57.935
707.47 58.070
709.12 58.205
710.76 58.340
712.40 58.475
714.05 58.609
715.69 58.744
717.33 58.879
718.98 59.014
720.62 59.149
722.26 59.284
723.91 59.419
725.55 59.553
727.19 59.688
728.84 59.823
730.48 59.958
732.12 60.093
733.77 60.228
735.41 60.363
737.06 60.497
738.70 60.632
740.34 60.767
741.99 60.902
743.63 61.037
745.27 61.172
746.92 61.307
748.56 61.441
750.20 61.576
751.85 61.711
753.49 61.846
755.13 61.981
756.78 62.116
758.42 62.250
760.06 62.385
761.71 62.520
763.35 62.655
764.99 62.790
766.64 62.925
768.28 63.060
769.92 63.194
771.57 63.329
773.21 63.464
774.85 63.599
776.50 63.734
778.14 63.869
779.78 64.004
781.43 64.138
783.07 64.273
784.71 64.408
786.36 64.543
788.00 64.678
789.64 64.813
791.29 64.948
792.93 65.082
794.57 65.217
796.22 65.352
797.86 65.487
799.50 65.622
801.15 65.757
802.79 65.892
804.43 66.026
806.08 66.161
807.72 66.296
809.37 66.431
811.01 66.566
812.65 66.701
814.30 66.835
815.94 66.970
817.58 67.105
819.23 67.240
820.87 67.375
822.51 67.510
824.16 67.645
825.80 67.779
827.44 67.914
829.09 68.049
830.73 68.184
832.37 68.319
834.02 68.454
835.66 68.589
837.30 68.723
838.95 68.858
840.59 68.993
842.23 69.128
843.88 69.263
845.52 69.398
847.16 69.532
848.81 69.667
850.45 69.802
852.09 69.937
853.74 70.072
855.38 70.207
857.02 70.342
858.67 70.476
860.31 70.611
861.95 70.746
863.60 70.881
865.24 71.016
866.88 71.151
868.53 71.286
870.17 71.420
871.81 71.555
873.46 71.690
875.10 71.825
876.74 71.960
878.39 72.095
880.03 72.230
881.67 72.364
883.32 72.499
884.96 72.634
886.61 72.769
888.25 72.904
889.89 73.039
891.54 73.173
893.18 73.308
894.82 73.443
896.47 73.578
898.11 73.713
899.75 73.848
901.40 73.983
903.04 74.117
904.68 74.252
906.33 74.387
907.97 74.522
909.61 74.657
911.26 74.792
912.90 74.927
914.54 75.061
916.19 75.196
917.83 75.331
919.47 75.466
921.12 75.601
922.76 75.736
924.40 75.871
926.05 76.005
927.69 76.140
929.33 76.275
930.98 76.410
932.62 76.545
934.26 76.680
935.91 76.814
937.55 76.949
939.19 77.084
940.84 77.219
942.48 77.354
944.12 77.489
945.77 77.624
947.41 77.758
949.05 77.893
950.70 78.028
952.34 78.163
953.98 78.298
955.63 78.433
957.27 78.568
958.91 78.702
960.56 78.837
962.20 78.972
963.85 79.107
965.49 79.242
967.13 79.377
968.78 79.511
970.42 79.646
972.06 79.781
973.71 79.916
975.35 80.051
976.99 80.186
978.64 80.321
980.28 80.455
981.92 80.590
983.57 80.725
985.21 80.860
986.85 80.995
988.50 81.130
990.14 81.265
991.78 81.399
993.43 81.534
995.07 81.669
996.71 81.804
998.36 81.939
