15.600 0.026057
17.244 0.026513
18.887 0.027024
20.531 0.027601
22.174 0.028259
23.817 0.029016
25.461 0.029900
27.104 0.030954
28.748 0.032248
30.391 0.033905
32.034 0.036183
33.678 0.039732
35.321 0.046929
36.965 0.065084
38.608 0.086928
40.251 0.10400
41.895 0.11812
43.538 0.13055
45.182 0.14192
46.825 0.15256
48.469 0.16265
50.112 0.17233
51.755 0.18169
53.399 0.19077
55.042 0.19963
56.686 0.20831
58.329 0.21682
59.972 0.22519
61.616 0.23344
63.259 0.24159
64.903 0.24964
66.546 0.25760
68.189 0.26549
69.833 0.27330
71.476 0.28106
73.120 0.28876
74.763 0.29640
76.406 0.30400
78.050 0.31155
79.693 0.31907
81.337 0.32654
82.980 0.33398
84.623 0.34139
86.267 0.34877
87.910 0.35612
89.554 0.36344
91.197 0.37074
92.840 0.37802
94.484 0.38527
96.127 0.39251
97.771 0.39972
99.414 0.40692
101.06 0.41410
102.70 0.42126
104.34 0.42841
105.99 0.43555
107.63 0.44267
109.27 0.44977
110.92 0.45687
112.56 0.46395
114.20 0.47102
115.85 0.47809
117.49 0.48514
119.13 0.49218
120.78 0.49921
122.42 0.50623
124.07 0.51325
125.71 0.52025
127.35 0.52725
129.00 0.53424
130.64 0.54123
132.28 0.54821
133.93 0.55518
135.57 0.56214
137.21 0.56910
138.86 0.57605
140.50 0.58300
142.14 0.58994
143.79 0.59688
145.43 0.60381
147.07 0.61073
148.72 0.61766
150.36 0.62457
152.00 0.63149
153.65 0.63839
155.29 0.64530
156.93 0.65220
158.58 0.65910
160.22 0.66599
161.86 0.67288
163.51 0.67976
165.15 0.68665
166.79 0.69353
168.44 0.70040
170.08 0.70728
171.72 0.71415
173.37 0.72102
175.01 0.72788
176.65 0.73474
178.30 0.74160
179.94 0.74846
181.58 0.75531
183.23 0.76217
184.87 0.76902
186.51 0.77586
188.16 0.78271
189.80 0.78955
191.44 0.79639
193.09 0.80323
194.73 0.81007
196.37 0.81691
198.02 0.82374
199.66 0.83057
201.31 0.83740
202.95 0.84423
204.59 0.85106
206.24 0.85788
207.88 0.86470
209.52 0.87153
211.17 0.87835
212.81 0.88517
214.45 0.89198
216.10 0.89880
217.74 0.90561
219.38 0.91243
221.03 0.91924
222.67 0.92605
224.31 0.93286
225.96 0.93967
227.60 0.94647
229.24 0.95328
230.89 0.96009
232.53 0.96689
234.17 0.97369
235.82 0.98049
237.46 0.98729
239.10 0.99409
240.75 1.0009
242.39 1.0077
244.03 1.0145
245.68 1.0213
247.32 1.0281
248.96 1.0349
250.61 1.0417
252.25 1.0485
253.89 1.0552
255.54 1.0620
257.18 1.0688
258.82 1.0756
260.47 1.0824
262.11 1.0892
263.75 1.0960
265.40 1.1028
267.04 1.1095
268.68 1.1163
270.33 1.1231
271.97 1.1299
273.61 1.1367
275.26 1.1435
276.90 1.1502
278.55 1.1570
280.19 1.1638
281.83 1.1706
283.48 1.1774
285.12 1.1841
286.76 1.1909
288.41 1.1977
290.05 1.2045
291.69 1.2113
293.34 1.2180
294.98 1.2248
296.62 1.2316
298.27 1.2384
299.91 1.2451
301.55 1.2519
303.20 1.2587
304.84 1.2654
306.48 1.2722
308.13 1.2790
309.77 1.2858
311.41 1.2925
313.06 1.2993
314.70 1.3061
316.34 1.3128
317.99 1.3196
319.63 1.3264
321.27 1.3331
322.92 1.3399
324.56 1.3467
326.20 1.3534
327.85 1.3602
329.49 1.3670
331.13 1.3737
332.78 1.3805
334.42 1.3873
336.06 1.3940
337.71 1.4008
339.35 1.4076
340.99 1.4143
342.64 1.4211
344.28 1.4279
345.92 1.4346
347.57 1.4414
349.21 1.4481
350.86 1.4549
352.50 1.4617
354.14 1.4684
355.79 1.4752
357.43 1.4820
359.07 1.4887
360.72 1.4955
362.36 1.5022
364.00 1.5090
365.65 1.5158
367.29 1.5225
368.93 1.5293
370.58 1.5360
372.22 1.5428
373.86 1.5496
375.51 1.5563
377.15 1.5631
378.79 1.5698
380.44 1.5766
382.08 1.5833
383.72 1.5901
385.37 1.5969
387.01 1.6036
388.65 1.6104
390.30 1.6171
391.94 1.6239
393.58 1.6306
395.23 1.6374
396.87 1.6441
398.51 1.6509
400.16 1.6577
401.80 1.6644
403.44 1.6712
405.09 1.6779
406.73 1.6847
408.37 1.6914
410.02 1.6982
411.66 1.7049
413.30 1.7117
414.95 1.7184
416.59 1.7252
418.23 1.7320
419.88 1.7387
421.52 1.7455
423.16 1.7522
424.81 1.7590
426.45 1.7657
428.10 1.7725
429.74 1.7792
431.38 1.7860
433.03 1.7927
434.67 1.7995
436.31 1.8062
437.96 1.8130
439.60 1.8197
441.24 1.8265
442.89 1.8332
444.53 1.8400
446.17 1.8467
447.82 1.8535
449.46 1.8602
451.10 1.8670
452.75 1.8737
454.39 1.8805
456.03 1.8872
457.68 1.8940
459.32 1.9007
460.96 1.9075
462.61 1.9142
464.25 1.9210
465.89 1.9277
467.54 1.9345
469.18 1.9412
470.82 1.9480
472.47 1.9547
474.11 1.9615
475.75 1.9682
477.40 1.9750
479.04 1.9817
480.68 1.9885
482.33 1.9952
483.97 2.0020
485.61 2.0087
487.26 2.0155
488.90 2.0222
490.54 2.0290
492.19 2.0357
493.83 2.0425
495.47 2.0492
497.12 2.0560
498.76 2.0627
500.40 2.0695
502.05 2.0762
503.69 2.0830
505.34 2.0897
506.98 2.0964
508.62 2.1032
510.27 2.1099
511.91 2.1167
513.55 2.1234
515.20 2.1302
516.84 2.1369
518.48 2.1437
520.13 2.1504
521.77 2.1572
523.41 2.1639
525.06 2.1707
526.70 2.1774
528.34 2.1842
529.99 2.1909
531.63 2.1976
533.27 2.2044
534.92 2.2111
536.56 2.2179
538.20 2.2246
539.85 2.2314
541.49 2.2381
543.13 2.2449
544.78 2.2516
546.42 2.2584
548.06 2.2651
549.71 2.2719
551.35 2.2786
552.99 2.2853
554.64 2.2921
556.28 2.2988
557.92 2.3056
559.57 2.3123
561.21 2.3191
562.85 2.3258
564.50 2.3326
566.14 2.3393
567.78 2.3460
569.43 2.3528
571.07 2.3595
572.71 2.3663
574.36 2.3730
576.00 2.3798
577.64 2.3865
579.29 2.3933
580.93 2.4000
582.58 2.4067
584.22 2.4135
585.86 2.4202
587.51 2.4270
589.15 2.4337
590.79 2.4405
592.44 2.4472
594.08 2.4540
595.72 2.4607
597.37 2.4674
599.01 2.4742
600.65 2.4809
602.30 2.4877
603.94 2.4944
605.58 2.5012
607.23 2.5079
608.87 2.5147
610.51 2.5214
612.16 2.5281
613.80 2.5349
615.44 2.5416
617.09 2.5484
618.73 2.5551
620.37 2.5619
622.02 2.5686
623.66 2.5753
625.30 2.5821
626.95 2.5888
628.59 2.5956
630.23 2.6023
631.88 2.6091
633.52 2.6158
635.16 2.6225
636.81 2.6293
638.45 2.6360
640.09 2.6428
641.74 2.6495
643.38 2.6563
645.02 2.6630
646.67 2.6697
648.31 2.6765
649.95 2.6832
651.60 2.6900
653.24 2.6967
654.88 2.7035
656.53 2.7102
658.17 2.7169
659.82 2.7237
661.46 2.7304
663.10 2.7372
664.75 2.7439
666.39 2.7507
668.03 2.7574
669.68 2.7641
671.32 2.7709
672.96 2.7776
674.61 2.7844
676.25 2.7911
677.89 2.7979
679.54 2.8046
681.18 2.8113
682.82 2.8181
684.47 2.8248
686.11 2.8316
687.75 2.8383
689.40 2.8451
691.04 2.8518
692.68 2.8585
694.33 2.8653
695.97 2.8720
697.61 2.8788
699.26 2.8855
700.90 2.8922
702.54 2.8990
704.19 2.9057
705.83 2.9125
707.47 2.9192
709.12 2.9260
710.76 2.9327
712.40 2.9394
714.05 2.9462
715.69 2.9529
717.33 2.9597
718.98 2.9664
720.62 2.9731
722.26 2.9799
723.91 2.9866
725.55 2.9934
727.19 3.0001
728.84 3.0069
730.48 3.0136
732.12 3.0203
733.77 3.0271
735.41 3.0338
737.06 3.0406
738.70 3.0473
740.34 3.0540
741.99 3.0608
743.63 3.0675
745.27 3.0743
746.92 3.0810
748.56 3.0878
750.20 3.0945
751.85 3.1012
753.49 3.1080
755.13 3.1147
756.78 3.1215
758.42 3.1282
760.06 3.1349
761.71 3.1417
763.35 3.1484
764.99 3.1552
766.64 3.1619
768.28 3.1686
769.92 3.1754
771.57 3.1821
773.21 3.1889
774.85 3.1956
776.50 3.2024
778.14 3.2091
779.78 3.2158
781.43 3.2226
783.07 3.2293
784.71 3.2361
786.36 3.2428
788.00 3.2495
789.64 3.2563
791.29 3.2630
792.93 3.2698
794.57 3.2765
796.22 3.2832
797.86 3.2900
799.50 3.2967
801.15 3.3035
802.79 3.3102
804.43 3.3170
806.08 3.3237
807.72 3.3304
809.37 3.3372
811.01 3.3439
812.65 3.3507
814.30 3.3574
815.94 3.3641
817.58 3.3709
819.23 3.3776
820.87 3.3844
822.51 3.3911
824.16 3.3978
825.80 3.4046
827.44 3.4113
829.09 3.4181
830.73 3.4248
832.37 3.4315
834.02 3.4383
835.66 3.4450
837.30 3.4518
838.95 3.4585
840.59 3.4652
842.23 3.4720
843.88 3.4787
845.52 3.4855
847.16 3.4922
848.81 3.4990
850.45 3.5057
852.09 3.5124
853.74 3.5192
855.38 3.5259
857.02 3.5327
858.67 3.5394
860.31 3.5461
861.95 3.5529
863.60 3.5596
865.24 3.5664
866.88 3.5731
868.53 3.5798
870.17 3.5866
871.81 3.5933
873.46 3.6001
875.10 3.6068
876.74 3.6135
878.39 3.6203
880.03 3.6270
881.67 3.6338
883.32 3.6405
884.96 3.6472
886.61 3.6540
888.25 3.6607
889.89 3.6675
891.54 3.6742
893.18 3.6809
894.82 3.6877
896.47 3.6944
898.11 3.7012
899.75 3.7079
901.40 3.7146
903.04 3.7214
904.68 3.7281
906.33 3.7349
907.97 3.7416
909.61 3.7483
911.26 3.7551
912.90 3.7618
914.54 3.7686
916.19 3.7753
917.83 3.7821
919.47 3.7888
921.12 3.7955
922.76 3.8023
924.40 3.8090
926.05 3.8158
927.69 3.8225
929.33 3.8292
930.98 3.8360
932.62 3.8427
934.26 3.8495
935.91 3.8562
937.55 3.8629
939.19 3.8697
940.84 3.8764
942.48 3.8832
944.12 3.8899
945.77 3.8966
947.41 3.9034
949.05 3.9101
950.70 3.9169
952.34 3.9236
953.98 3.9303
955.63 3.9371
957.27 3.9438
958.91 3.9506
960.56 3.9573
962.20 3.9640
963.85 3.9708
965.49 3.9775
967.13 3.9843
968.78 3.9910
970.42 3.9977
972.06 4.0045
973.71 4.0112
975.35 4.0180
976.99 4.0247
978.64 4.0314
980.28 4.0382
981.92 4.0449
983.57 4.0517
985.21 4.0584
986.85 4.0651
988.50 4.0719
990.14 4.0786
991.78 4.0854
993.43 4.0921
995.07 4.0988
996.71 4.1056
998.36 4.1123
