15.600 0.026501
17.244 0.027023
18.887 0.027619
20.531 0.028310
22.174 0.029122
23.817 0.030101
25.461 0.031324
27.104 0.032952
27.314 0.033205
27.314 0.32665
28.748 0.36603
30.391 0.40613
32.034 0.44320
33.678 0.47836
35.321 0.51219
36.965 0.54502
38.608 0.57709
40.251 0.60855
41.895 0.63951
43.538 0.67005
45.182 0.70025
46.825 0.73015
48.469 0.75979
50.112 0.78921
51.755 0.81844
53.399 0.84749
55.042 0.87639
56.686 0.90515
58.329 0.93379
59.972 0.96232
61.616 0.99075
63.259 1.0191
64.903 1.0473
66.546 1.0755
68.189 1.1036
69.833 1.1317
71.476 1.1597
73.120 1.1876
74.763 1.2155
76.406 1.2434
78.050 1.2712
79.693 1.2989
81.337 1.3267
82.980 1.3544
84.623 1.3820
86.267 1.4096
87.910 1.4372
89.554 1.4648
91.197 1.4924
92.840 1.5199
94.484 1.5474
96.127 1.5749
97.771 1.6023
99.414 1.6298
101.06 1.6572
102.70 1.6846
104.34 1.7120
105.99 1.7394
107.63 1.7668
109.27 1.7941
110.92 1.8215
112.56 1.8488
114.20 1.8761
115.85 1.9034
117.49 1.9307
119.13 1.9580
120.78 1.9853
122.42 2.0125
124.07 2.0398
125.71 2.0670
127.35 2.0943
129.00 2.1215
130.64 2.1487
132.28 2.1760
133.93 2.2032
135.57 2.2304
137.21 2.2576
138.86 2.2848
140.50 2.3119
142.14 2.3391
143.79 2.3663
145.43 2.3935
147.07 2.4206
148.72 2.4478
150.36 2.4749
152.00 2.5021
153.65 2.5292
155.29 2.5564
156.93 2.5835
158.58 2.6106
160.22 2.6378
161.86 2.6649
163.51 2.6920
165.15 2.7191
166.79 2.7463
168.44 2.7734
170.08 2.8005
171.72 2.8276
173.37 2.8547
175.01 2.8818
176.65 2.9089
178.30 2.9360
179.94 2.9631
181.58 2.9901
183.23 3.0172
184.87 3.0443
186.51 3.0714
188.16 3.0985
189.80 3.1255
191.44 3.1526
193.09 3.1797
194.73 3.2068
196.37 3.2338
198.02 3.2609
199.66 3.2880
201.31 3.3150
202.95 3.3421
204.59 3.3691
206.24 3.3962
207.88 3.4233
209.52 3.4503
211.17 3.4774
212.81 3.5044
214.45 3.5315
216.10 3.5585
217.74 3.5855
219.38 3.6126
221.03 3.6396
222.67 3.6667
224.31 3.6937
225.96 3.7208
227.60 3.7478
229.24 3.7748
230.89 3.8019
232.53 3.8289
234.17 3.8559
235.82 3.8830
237.46 3.9100
239.10 3.9370
240.75 3.9641
242.39 3.9911
244.03 4.0181
245.68 4.0451
247.32 4.0722
248.96 4.0992
250.61 4.1262
252.25 4.1532
253.89 4.1802
255.54 4.2073
257.18 4.2343
258.82 4.2613
260.47 4.2883
262.11 4.3153
263.75 4.3424
265.40 4.3694
267.04 4.3964
268.68 4.4234
270.33 4.4504
271.97 4.4774
273.61 4.5044
275.26 4.5315
276.90 4.5585
278.55 4.5855
280.19 4.6125
281.83 4.6395
283.48 4.6665
285.12 4.6935
286.76 4.7205
288.41 4.7475
290.05 4.7745
291.69 4.8015
293.34 4.8285
294.98 4.8555
296.62 4.8825
298.27 4.9095
299.91 4.9366
301.55 4.9636
303.20 4.9906
304.84 5.0176
306.48 5.0446
308.13 5.0716
309.77 5.0986
311.41 5.1256
313.06 5.1526
314.70 5.1796
316.34 5.2066
317.99 5.2336
319.63 5.2605
321.27 5.2875
322.92 5.3145
324.56 5.3415
326.20 5.3685
327.85 5.3955
329.49 5.4225
331.13 5.4495
332.78 5.4765
334.42 5.5035
336.06 5.5305
337.71 5.5575
339.35 5.5845
340.99 5.6115
342.64 5.6385
344.28 5.6655
345.92 5.6925
347.57 5.7194
349.21 5.7464
350.86 5.7734
352.50 5.8004
354.14 5.8274
355.79 5.8544
357.43 5.8814
359.07 5.9084
360.72 5.9354
362.36 5.9624
364.00 5.9893
365.65 6.0163
367.29 6.0433
368.93 6.0703
370.58 6.0973
372.22 6.1243
373.86 6.1513
375.51 6.1783
377.15 6.2052
378.79 6.2322
380.44 6.2592
382.08 6.2862
383.72 6.3132
385.37 6.3402
387.01 6.3672
388.65 6.3941
390.30 6.4211
391.94 6.4481
393.58 6.4751
395.23 6.5021
396.87 6.5291
398.51 6.5560
400.16 6.5830
401.80 6.6100
403.44 6.6370
405.09 6.6640
406.73 6.6910
408.37 6.7179
410.02 6.7449
411.66 6.7719
413.30 6.7989
414.95 6.8259
416.59 6.8529
418.23 6.8798
419.88 6.9068
421.52 6.9338
423.16 6.9608
424.81 6.9878
426.45 7.0147
428.10 7.0417
429.74 7.0687
431.38 7.0957
433.03 7.1227
434.67 7.1496
436.31 7.1766
437.96 7.2036
439.60 7.2306
441.24 7.2576
442.89 7.2845
444.53 7.3115
446.17 7.3385
447.82 7.3655
449.46 7.3925
451.10 7.4194
452.75 7.4464
454.39 7.4734
456.03 7.5004
457.68 7.5274
459.32 7.5543
460.96 7.5813
462.61 7.6083
464.25 7.6353
465.89 7.6622
467.54 7.6892
469.18 7.7162
470.82 7.7432
472.47 7.7702
474.11 7.7971
475.75 7.8241
477.40 7.8511
479.04 7.8781
480.68 7.9050
482.33 7.9320
483.97 7.9590
485.61 7.9860
487.26 8.0130
488.90 8.0399
490.54 8.0669
492.19 8.0939
493.83 8.1209
495.47 8.1478
497.12 8.1748
498.76 8.2018
500.40 8.2288
502.05 8.2557
503.69 8.2827
505.34 8.3097
506.98 8.3367
508.62 8.3636
510.27 8.3906
511.91 8.4176
513.55 8.4446
515.20 8.4715
516.84 8.4985
518.48 8.5255
520.13 8.5525
521.77 8.5794
523.41 8.6064
525.06 8.6334
526.70 8.6604
528.34 8.6873
529.99 8.7143
531.63 8.7413
533.27 8.7683
534.92 8.7952
536.56 8.8222
538.20 8.8492
539.85 8.8762
541.49 8.9031
543.13 8.9301
544.78 8.9571
546.42 8.9840
548.06 9.0110
549.71 9.0380
551.35 9.0650
552.99 9.0919
554.64 9.1189
556.28 9.1459
557.92 9.1729
559.57 9.1998
561.21 9.2268
562.85 9.2538
564.50 9.2808
566.14 9.3077
567.78 9.3347
569.43 9.3617
571.07 9.3886
572.71 9.4156
574.36 9.4426
576.00 9.4696
577.64 9.4965
579.29 9.5235
580.93 9.5505
582.58 9.5775
584.22 9.6044
585.86 9.6314
587.51 9.6584
589.15 9.6853
590.79 9.7123
592.44 9.7393
594.08 9.7663
595.72 9.7932
597.37 9.8202
599.01 9.8472
600.65 9.8742
602.30 9.9011
603.94 9.9281
605.58 9.9551
607.23 9.9820
608.87 10.009
610.51 10.036
612.16 10.063
613.80 10.090
615.44 10.117
617.09 10.144
618.73 10.171
620.37 10.198
622.02 10.225
623.66 10.252
625.30 10.279
626.95 10.306
628.59 10.333
630.23 10.360
631.88 10.387
633.52 10.414
635.16 10.441
636.81 10.468
638.45 10.494
640.09 10.521
641.74 10.548
643.38 10.575
645.02 10.602
646.67 10.629
648.31 10.656
649.95 10.683
651.60 10.710
653.24 10.737
654.88 10.764
656.53 10.791
658.17 10.818
659.82 10.845
661.46 10.872
663.10 10.899
664.75 10.926
666.39 10.953
668.03 10.980
669.68 11.007
671.32 11.034
672.96 11.061
674.61 11.088
676.25 11.115
677.89 11.142
679.54 11.169
681.18 11.196
682.82 11.223
684.47 11.250
686.11 11.277
687.75 11.304
689.40 11.331
691.04 11.358
692.68 11.385
694.33 11.411
695.97 11.438
697.61 11.465
699.26 11.492
700.90 11.519
702.54 11.546
704.19 11.573
705.83 11.600
707.47 11.627
709.12 11.654
710.76 11.681
712.40 11.708
714.05 11.735
715.69 11.762
717.33 11.789
718.98 11.816
720.62 11.843
722.26 11.870
723.91 11.897
725.55 11.924
727.19 11.951
728.84 11.978
730.48 12.005
732.12 12.032
733.77 12.059
735.41 12.086
737.06 12.113
738.70 12.140
740.34 12.167
741.99 12.194
743.63 12.221
745.27 12.248
746.92 12.275
748.56 12.301
750.20 12.328
751.85 12.355
753.49 12.382
755.13 12.409
756.78 12.436
758.42 12.463
760.06 12.490
761.71 12.517
763.35 12.544
764.99 12.571
766.64 12.598
768.28 12.625
769.92 12.652
771.57 12.679
773.21 12.706
774.85 12.733
776.50 12.760
778.14 12.787
779.78 12.814
781.43 12.841
783.07 12.868
784.71 12.895
786.36 12.922
788.00 12.949
789.64 12.976
791.29 13.003
792.93 13.030
794.57 13.057
796.22 13.084
797.86 13.111
799.50 13.138
801.15 13.165
802.79 13.191
804.43 13.218
806.08 13.245
807.72 13.272
809.37 13.299
811.01 13.326
812.65 13.353
814.30 13.380
815.94 13.407
817.58 13.434
819.23 13.461
820.87 13.488
822.51 13.515
824.16 13.542
825.80 13.569
827.44 13.596
829.09 13.623
830.73 13.650
832.37 13.677
834.02 13.704
835.66 13.731
837.30 13.758
838.95 13.785
840.59 13.812
842.23 13.839
843.88 13.866
845.52 13.893
847.16 13.920
848.81 13.947
850.45 13.974
852.09 14.001
853.74 14.028
855.38 14.054
857.02 14.081
858.67 14.108
860.31 14.135
861.95 14.162
863.60 14.189
865.24 14.216
866.88 14.243
868.53 14.270
870.17 14.297
871.81 14.324
873.46 14.351
875.10 14.378
876.74 14.405
878.39 14.432
880.03 14.459
881.67 14.486
883.32 14.513
884.96 14.540
886.61 14.567
888.25 14.594
889.89 14.621
891.54 14.648
893.18 14.675
894.82 14.702
896.47 14.729
898.11 14.756
899.75 14.783
901.40 14.810
903.04 14.837
904.68 14.864
906.33 14.891
907.97 14.917
909.61 14.944
911.26 14.971
912.90 14.998
914.54 15.025
916.19 15.052
917.83 15.079
919.47 15.106
921.12 15.133
922.76 15.160
924.40 15.187
926.05 15.214
927.69 15.241
929.33 15.268
930.98 15.295
932.62 15.322
934.26 15.349
935.91 15.376
937.55 15.403
939.19 15.430
940.84 15.457
942.48 15.484
944.12 15.511
945.77 15.538
947.41 15.565
949.05 15.592
950.70 15.619
952.34 15.646
953.98 15.673
955.63 15.700
957.27 15.727
958.91 15.753
960.56 15.780
962.20 15.807
963.85 15.834
965.49 15.861
967.13 15.888
968.78 15.915
970.42 15.942
972.06 15.969
973.71 15.996
975.35 16.023
976.99 16.050
978.64 16.077
980.28 16.104
981.92 16.131
983.57 16.158
985.21 16.185
986.85 16.212
988.50 16.239
990.14 16.266
991.78 16.293
993.43 16.320
995.07 16.347
996.71 16.374
998.36 16.401
