116.83 0.034360
117.88 0.034474
118.94 0.034589
119.73 0.034676
119.73 9.5028
120.00 9.5261
121.06 9.6191
122.11 9.7119
123.17 9.8045
124.23 9.8969
125.28 9.9890
126.34 10.081
127.40 10.173
128.45 10.265
129.51 10.356
130.57 10.447
131.63 10.539
132.68 10.630
133.74 10.721
134.80 10.812
135.85 10.902
136.91 10.993
137.97 11.083
139.03 11.174
140.08 11.264
141.14 11.354
142.20 11.445
143.25 11.535
144.31 11.625
145.37 11.714
146.42 11.804
147.48 11.894
148.54 11.984
149.60 12.073
150.65 12.163
151.71 12.252
152.77 12.342
153.82 12.431
154.88 12.520
155.94 12.610
156.99 12.699
158.05 12.788
159.11 12.877
160.17 12.966
161.22 13.055
162.28 13.144
163.34 13.233
164.39 13.322
165.45 13.410
166.51 13.499
167.57 13.588
168.62 13.677
169.68 13.765
170.74 13.854
171.79 13.942
172.85 14.031
173.91 14.120
174.96 14.208
176.02 14.296
177.08 14.385
178.14 14.473
179.19 14.562
180.25 14.650
181.31 14.738
182.36 14.827
183.42 14.915
184.48 15.003
185.54 15.091
186.59 15.179
187.65 15.268
188.71 15.356
189.76 15.444
190.82 15.532
191.88 15.620
192.93 15.708
193.99 15.796
195.05 15.884
196.11 15.972
197.16 16.060
198.22 16.148
199.28 16.236
200.33 16.324
201.39 16.412
202.45 16.500
203.51 16.587
204.56 16.675
205.62 16.763
206.68 16.851
207.73 16.939
208.79 17.026
209.85 17.114
210.90 17.202
211.96 17.290
213.02 17.377
214.08 17.465
215.13 17.553
216.19 17.641
217.25 17.728
218.30 17.816
219.36 17.904
220.42 17.991
221.48 18.079
222.53 18.166
223.59 18.254
224.65 18.342
225.70 18.429
226.76 18.517
227.82 18.604
228.87 18.692
229.93 18.780
230.99 18.867
232.05 18.955
233.10 19.042
234.16 19.130
235.22 19.217
236.27 19.305
237.33 19.392
238.39 19.480
239.44 19.567
240.50 19.654
241.56 19.742
242.62 19.829
243.67 19.917
244.73 20.004
245.79 20.092
246.84 20.179
247.90 20.266
248.96 20.354
250.02 20.441
251.07 20.529
252.13 20.616
253.19 20.703
254.24 20.791
255.30 20.878
256.36 20.965
257.41 21.053
258.47 21.140
259.53 21.227
260.59 21.315
261.64 21.402
262.70 21.489
263.76 21.577
264.81 21.664
265.87 21.751
266.93 21.839
267.99 21.926
269.04 22.013
270.10 22.100
271.16 22.188
272.21 22.275
273.27 22.362
274.33 22.449
275.38 22.537
276.44 22.624
277.50 22.711
278.56 22.798
279.61 22.886
280.67 22.973
281.73 23.060
282.78 23.147
283.84 23.235
284.90 23.322
285.96 23.409
287.01 23.496
288.07 23.583
289.13 23.671
290.18 23.758
291.24 23.845
292.30 23.932
293.35 24.019
294.41 24.106
295.47 24.194
296.53 24.281
297.58 24.368
298.64 24.455
299.70 24.542
300.75 24.629
301.81 24.717
302.87 24.804
303.92 24.891
304.98 24.978
306.04 25.065
307.10 25.152
308.15 25.239
309.21 25.326
310.27 25.414
311.32 25.501
312.38 25.588
313.44 25.675
314.50 25.762
315.55 25.849
316.61 25.936
317.67 26.023
318.72 26.110
319.78 26.198
320.84 26.285
321.89 26.372
322.95 26.459
324.01 26.546
325.07 26.633
326.12 26.720
327.18 26.807
328.24 26.894
329.29 26.981
330.35 27.068
331.41 27.155
332.47 27.242
333.52 27.329
334.58 27.417
335.64 27.504
336.69 27.591
337.75 27.678
338.81 27.765
339.86 27.852
340.92 27.939
341.98 28.026
343.04 28.113
344.09 28.200
345.15 28.287
346.21 28.374
347.26 28.461
348.32 28.548
349.38 28.635
350.44 28.722
351.49 28.809
352.55 28.896
353.61 28.983
354.66 29.070
355.72 29.157
356.78 29.244
357.83 29.331
358.89 29.418
359.95 29.505
361.01 29.592
362.06 29.679
363.12 29.766
364.18 29.853
365.23 29.940
366.29 30.027
367.35 30.114
368.40 30.201
369.46 30.288
370.52 30.375
371.58 30.462
372.63 30.549
373.69 30.636
374.75 30.723
375.80 30.810
376.86 30.897
377.92 30.984
378.98 31.071
380.03 31.158
381.09 31.245
382.15 31.332
383.20 31.419
384.26 31.506
385.32 31.593
386.37 31.680
387.43 31.767
388.49 31.854
389.55 31.941
390.60 32.028
391.66 32.115
392.72 32.202
393.77 32.289
394.83 32.375
395.89 32.462
396.95 32.549
398.00 32.636
399.06 32.723
400.12 32.810
401.17 32.897
402.23 32.984
403.29 33.071
404.34 33.158
405.40 33.245
406.46 33.332
407.52 33.419
408.57 33.506
409.63 33.593
410.69 33.680
411.74 33.767
412.80 33.854
413.86 33.940
414.92 34.027
415.97 34.114
417.03 34.201
418.09 34.288
419.14 34.375
420.20 34.462
421.26 34.549
422.31 34.636
423.37 34.723
424.43 34.810
425.49 34.897
426.54 34.984
427.60 35.070
428.66 35.157
429.71 35.244
430.77 35.331
431.83 35.418
432.89 35.505
433.94 35.592
435.00 35.679
436.06 35.766
437.11 35.853
438.17 35.940
439.23 36.026
440.28 36.113
441.34 36.200
442.40 36.287
443.46 36.374
444.51 36.461
445.57 36.548
446.63 36.635
447.68 36.722
448.74 36.809
449.80 36.895
450.85 36.982
451.91 37.069
452.97 37.156
454.03 37.243
455.08 37.330
456.14 37.417
457.20 37.504
458.25 37.591
459.31 37.678
460.37 37.764
461.43 37.851
462.48 37.938
463.54 38.025
464.60 38.112
465.65 38.199
466.71 38.286
467.77 38.373
468.82 38.460
469.88 38.546
470.94 38.633
472.00 38.720
473.05 38.807
474.11 38.894
475.17 38.981
476.22 39.068
477.28 39.155
478.34 39.241
479.40 39.328
480.45 39.415
481.51 39.502
482.57 39.589
483.62 39.676
484.68 39.763
485.74 39.850
486.79 39.936
487.85 40.023
488.91 40.110
489.97 40.197
491.02 40.284
492.08 40.371
493.14 40.458
494.19 40.544
495.25 40.631
496.31 40.718
497.37 40.805
498.42 40.892
499.48 40.979
500.54 41.066
501.59 41.153
502.65 41.239
503.71 41.326
504.76 41.413
505.82 41.500
506.88 41.587
507.94 41.674
508.99 41.761
510.05 41.847
511.11 41.934
512.16 42.021
513.22 42.108
514.28 42.195
515.33 42.282
516.39 42.369
517.45 42.455
518.51 42.542
519.56 42.629
520.62 42.716
521.68 42.803
522.73 42.890
523.79 42.977
524.85 43.063
525.91 43.150
526.96 43.237
528.02 43.324
529.08 43.411
530.13 43.498
531.19 43.584
532.25 43.671
533.30 43.758
534.36 43.845
535.42 43.932
536.48 44.019
537.53 44.106
538.59 44.192
539.65 44.279
540.70 44.366
541.76 44.453
542.82 44.540
543.88 44.627
544.93 44.713
545.99 44.800
547.05 44.887
548.10 44.974
549.16 45.061
550.22 45.148
551.27 45.234
552.33 45.321
553.39 45.408
554.45 45.495
555.50 45.582
556.56 45.669
557.62 45.755
558.67 45.842
559.73 45.929
560.79 46.016
561.85 46.103
562.90 46.190
563.96 46.276
565.02 46.363
566.07 46.450
567.13 46.537
568.19 46.624
569.24 46.711
570.30 46.797
571.36 46.884
572.42 46.971
573.47 47.058
574.53 47.145
575.59 47.232
576.64 47.318
577.70 47.405
578.76 47.492
579.81 47.579
580.87 47.666
581.93 47.753
582.99 47.839
584.04 47.926
585.10 48.013
586.16 48.100
587.21 48.187
588.27 48.273
589.33 48.360
590.39 48.447
591.44 48.534
592.50 48.621
593.56 48.708
594.61 48.794
595.67 48.881
596.73 48.968
597.78 49.055
598.84 49.142
599.90 49.229
600.96 49.315
602.01 49.402
603.07 49.489
604.13 49.576
605.18 49.663
606.24 49.749
607.30 49.836
608.36 49.923
609.41 50.010
610.47 50.097
611.53 50.184
612.58 50.270
613.64 50.357
614.70 50.444
615.75 50.531
616.81 50.618
617.87 50.704
618.93 50.791
619.98 50.878
621.04 50.965
622.10 51.052
623.15 51.138
624.21 51.225
625.27 51.312
626.33 51.399
627.38 51.486
628.44 51.573
629.50 51.659
630.55 51.746
631.61 51.833
632.67 51.920
633.72 52.007
634.78 52.093
635.84 52.180
636.90 52.267
637.95 52.354
639.01 52.441
640.07 52.527
641.12 52.614
642.18 52.701
643.24 52.788
644.30 52.875
645.35 52.962
646.41 53.048
647.47 53.135
648.52 53.222
649.58 53.309
650.64 53.396
651.69 53.482
652.75 53.569
653.81 53.656
654.87 53.743
655.92 53.830
656.98 53.916
658.04 54.003
659.09 54.090
660.15 54.177
661.21 54.264
662.26 54.350
663.32 54.437
664.38 54.524
665.44 54.611
666.49 54.698
667.55 54.784
668.61 54.871
669.66 54.958
670.72 55.045
671.78 55.132
672.84 55.218
673.89 55.305
674.95 55.392
676.01 55.479
677.06 55.566
678.12 55.652
679.18 55.739
680.23 55.826
681.29 55.913
682.35 56.000
683.41 56.086
684.46 56.173
685.52 56.260
686.58 56.347
687.63 56.434
688.69 56.520
689.75 56.607
690.81 56.694
691.86 56.781
692.92 56.868
693.98 56.954
695.03 57.041
696.09 57.128
697.15 57.215
698.20 57.302
699.26 57.388
700.32 57.475
701.38 57.562
702.43 57.649
703.49 57.736
704.55 57.822
705.60 57.909
706.66 57.996
707.72 58.083
708.78 58.170
709.83 58.256
710.89 58.343
711.95 58.430
713.00 58.517
714.06 58.603
715.12 58.690
716.17 58.777
717.23 58.864
718.29 58.951
719.35 59.037
720.40 59.124
721.46 59.211
722.52 59.298
723.57 59.385
724.63 59.471
725.69 59.558
726.74 59.645
727.80 59.732
728.86 59.819
729.92 59.905
730.97 59.992
732.03 60.079
733.09 60.166
734.14 60.252
735.20 60.339
736.26 60.426
737.32 60.513
738.37 60.600
739.43 60.686
740.49 60.773
741.54 60.860
742.60 60.947
743.66 61.034
744.71 61.120
745.77 61.207
746.83 61.294
747.89 61.381
748.94 61.468
