116.83 0.034247
117.88 0.034358
118.94 0.034470
120.00 0.034583
121.06 0.034697
122.11 0.034813
123.17 0.034930
124.23 0.035048
125.28 0.035168
126.34 0.035289
127.40 0.035412
128.45 0.035536
129.51 0.035662
130.57 0.035789
131.63 0.035918
132.68 0.036049
133.74 0.036182
134.80 0.036316
135.85 0.036452
136.91 0.036591
137.97 0.036731
139.03 0.036873
140.08 0.037017
141.14 0.037164
142.20 0.037313
143.25 0.037464
144.31 0.037618
145.37 0.037775
146.42 0.037934
147.48 0.038096
148.54 0.038260
149.60 0.038428
150.65 0.038599
151.71 0.038773
152.77 0.038950
153.82 0.039131
154.88 0.039316
155.94 0.039504
156.99 0.039697
158.05 0.039893
159.11 0.040094
160.17 0.040300
161.22 0.040511
162.28 0.040727
163.34 0.040948
164.39 0.041175
165.45 0.041408
166.51 0.041647
167.57 0.041894
168.62 0.042147
169.68 0.042409
170.74 0.042678
171.79 0.042957
172.85 0.043245
173.91 0.043544
174.96 0.043854
176.02 0.044176
177.08 0.044511
177.16 0.044536
177.16 0.54050
178.14 0.54808
179.19 0.55605
180.25 0.56384
181.31 0.57146
182.36 0.57893
183.42 0.58626
184.48 0.59347
185.54 0.60056
186.59 0.60755
187.65 0.61445
188.71 0.62125
189.76 0.62797
190.82 0.63461
191.88 0.64117
192.93 0.64767
193.99 0.65411
195.05 0.66048
196.11 0.66679
197.16 0.67305
198.22 0.67926
199.28 0.68542
200.33 0.69153
201.39 0.69760
202.45 0.70363
203.51 0.70961
204.56 0.71556
205.62 0.72147
206.68 0.72734
207.73 0.73318
208.79 0.73898
209.85 0.74476
210.90 0.75050
211.96 0.75622
213.02 0.76191
214.08 0.76757
215.13 0.77320
216.19 0.77881
217.25 0.78439
218.30 0.78996
219.36 0.79549
220.42 0.80101
221.48 0.80650
222.53 0.81198
223.59 0.81743
224.65 0.82287
225.70 0.82828
226.76 0.83368
227.82 0.83906
228.87 0.84442
229.93 0.84976
230.99 0.85509
232.05 0.86040
233.10 0.86570
234.16 0.87098
235.22 0.87625
236.27 0.88150
237.33 0.88674
238.39 0.89197
239.44 0.89718
240.50 0.90238
241.56 0.90756
242.62 0.91274
243.67 0.91790
244.73 0.92305
245.79 0.92819
246.84 0.93332
247.90 0.93843
248.96 0.94354
250.02 0.94864
251.07 0.95372
252.13 0.95880
253.19 0.96386
254.24 0.96892
255.30 0.97397
256.36 0.97900
257.41 0.98403
258.47 0.98905
259.53 0.99406
260.59 0.99906
261.64 1.0041
262.70 1.0090
263.76 1.0140
264.81 1.0190
265.87 1.0240
266.93 1.0289
267.99 1.0339
269.04 1.0388
270.10 1.0437
271.16 1.0487
272.21 1.0536
273.27 1.0585
274.33 1.0634
275.38 1.0683
276.44 1.0732
277.50 1.0781
278.56 1.0830
279.61 1.0878
280.67 1.0927
281.73 1.0976
282.78 1.1024
283.84 1.1073
284.90 1.1121
285.96 1.1170
287.01 1.1218
288.07 1.1266
289.13 1.1315
290.18 1.1363
291.24 1.1411
292.30 1.1459
293.35 1.1507
294.41 1.1555
295.47 1.1603
296.53 1.1651
297.58 1.1699
298.64 1.1747
299.70 1.1795
300.75 1.1842
301.81 1.1890
302.87 1.1938
303.92 1.1985
304.98 1.2033
306.04 1.2081
307.10 1.2128
308.15 1.2176
309.21 1.2223
310.27 1.2270
311.32 1.2318
312.38 1.2365
313.44 1.2412
314.50 1.2460
315.55 1.2507
316.61 1.2554
317.67 1.2601
318.72 1.2648
319.78 1.2695
320.84 1.2742
321.89 1.2789
322.95 1.2836
324.01 1.2883
325.07 1.2930
326.12 1.2977
327.18 1.3024
328.24 1.3071
329.29 1.3118
330.35 1.3164
331.41 1.3211
332.47 1.3258
333.52 1.3305
334.58 1.3351
335.64 1.3398
336.69 1.3444
337.75 1.3491
338.81 1.3538
339.86 1.3584
340.92 1.3631
341.98 1.3677
343.04 1.3724
344.09 1.3770
345.15 1.3816
346.21 1.3863
347.26 1.3909
348.32 1.3955
349.38 1.4002
350.44 1.4048
351.49 1.4094
352.55 1.4141
353.61 1.4187
354.66 1.4233
355.72 1.4279
356.78 1.4325
357.83 1.4371
358.89 1.4418
359.95 1.4464
361.01 1.4510
362.06 1.4556
363.12 1.4602
364.18 1.4648
365.23 1.4694
366.29 1.4740
367.35 1.4786
368.40 1.4832
369.46 1.4878
370.52 1.4924
371.58 1.4969
372.63 1.5015
373.69 1.5061
374.75 1.5107
375.80 1.5153
376.86 1.5199
377.92 1.5244
378.98 1.5290
380.03 1.5336
381.09 1.5382
382.15 1.5427
383.20 1.5473
384.26 1.5519
385.32 1.5564
386.37 1.5610
387.43 1.5656
388.49 1.5701
389.55 1.5747
390.60 1.5792
391.66 1.5838
392.72 1.5884
393.77 1.5929
394.83 1.5975
395.89 1.6020
396.95 1.6066
398.00 1.6111
399.06 1.6157
400.12 1.6202
401.17 1.6248
402.23 1.6293
403.29 1.6338
404.34 1.6384
405.40 1.6429
406.46 1.6475
407.52 1.6520
408.57 1.6565
409.63 1.6611
410.69 1.6656
411.74 1.6701
412.80 1.6747
413.86 1.6792
414.92 1.6837
415.97 1.6882
417.03 1.6928
418.09 1.6973
419.14 1.7018
420.20 1.7063
421.26 1.7109
422.31 1.7154
423.37 1.7199
424.43 1.7244
425.49 1.7289
426.54 1.7334
427.60 1.7380
428.66 1.7425
429.71 1.7470
430.77 1.7515
431.83 1.7560
432.89 1.7605
433.94 1.7650
435.00 1.7695
436.06 1.7740
437.11 1.7785
438.17 1.7831
439.23 1.7876
440.28 1.7921
441.34 1.7966
442.40 1.8011
443.46 1.8056
444.51 1.8101
445.57 1.8146
446.63 1.8191
447.68 1.8236
448.74 1.8280
449.80 1.8325
450.85 1.8370
451.91 1.8415
452.97 1.8460
454.03 1.8505
455.08 1.8550
456.14 1.8595
457.20 1.8640
458.25 1.8685
459.31 1.8730
460.37 1.8774
461.43 1.8819
462.48 1.8864
463.54 1.8909
464.60 1.8954
465.65 1.8999
466.71 1.9043
467.77 1.9088
468.82 1.9133
469.88 1.9178
470.94 1.9222
472.00 1.9267
473.05 1.9312
474.11 1.9357
475.17 1.9402
476.22 1.9446
477.28 1.9491
478.34 1.9536
479.40 1.9580
480.45 1.9625
481.51 1.9670
482.57 1.9715
483.62 1.9759
484.68 1.9804
485.74 1.9849
486.79 1.9893
487.85 1.9938
488.91 1.9983
489.97 2.0027
491.02 2.0072
492.08 2.0117
493.14 2.0161
494.19 2.0206
495.25 2.0250
496.31 2.0295
497.37 2.0340
498.42 2.0384
499.48 2.0429
500.54 2.0473
501.59 2.0518
502.65 2.0563
503.71 2.0607
504.76 2.0652
505.82 2.0696
506.88 2.0741
507.94 2.0785
508.99 2.0830
510.05 2.0874
511.11 2.0919
512.16 2.0964
513.22 2.1008
514.28 2.1053
515.33 2.1097
516.39 2.1142
517.45 2.1186
518.51 2.1231
519.56 2.1275
520.62 2.1319
521.68 2.1364
522.73 2.1408
523.79 2.1453
524.85 2.1497
525.91 2.1542
526.96 2.1586
528.02 2.1631
529.08 2.1675
530.13 2.1720
531.19 2.1764
532.25 2.1808
533.30 2.1853
534.36 2.1897
535.42 2.1942
536.48 2.1986
537.53 2.2030
538.59 2.2075
539.65 2.2119
540.70 2.2164
541.76 2.2208
542.82 2.2252
543.88 2.2297
544.93 2.2341
545.99 2.2385
547.05 2.2430
548.10 2.2474
549.16 2.2519
550.22 2.2563
551.27 2.2607
552.33 2.2652
553.39 2.2696
554.45 2.2740
555.50 2.2785
556.56 2.2829
557.62 2.2873
558.67 2.2917
559.73 2.2962
560.79 2.3006
561.85 2.3050
562.90 2.3095
563.96 2.3139
565.02 2.3183
566.07 2.3228
567.13 2.3272
568.19 2.3316
569.24 2.3360
570.30 2.3405
571.36 2.3449
572.42 2.3493
573.47 2.3537
574.53 2.3582
575.59 2.3626
576.64 2.3670
577.70 2.3714
578.76 2.3759
579.81 2.3803
580.87 2.3847
581.93 2.3891
582.99 2.3935
584.04 2.3980
585.10 2.4024
586.16 2.4068
587.21 2.4112
588.27 2.4156
589.33 2.4201
590.39 2.4245
591.44 2.4289
592.50 2.4333
593.56 2.4377
594.61 2.4422
595.67 2.4466
596.73 2.4510
597.78 2.4554
598.84 2.4598
599.90 2.4642
600.96 2.4687
602.01 2.4731
603.07 2.4775
604.13 2.4819
605.18 2.4863
606.24 2.4907
607.30 2.4952
608.36 2.4996
609.41 2.5040
610.47 2.5084
611.53 2.5128
612.58 2.5172
613.64 2.5216
614.70 2.5260
615.75 2.5305
616.81 2.5349
617.87 2.5393
618.93 2.5437
619.98 2.5481
621.04 2.5525
622.10 2.5569
623.15 2.5613
624.21 2.5657
625.27 2.5701
626.33 2.5746
627.38 2.5790
628.44 2.5834
629.50 2.5878
630.55 2.5922
631.61 2.5966
632.67 2.6010
633.72 2.6054
634.78 2.6098
635.84 2.6142
636.90 2.6186
637.95 2.6230
639.01 2.6274
640.07 2.6318
641.12 2.6362
642.18 2.6406
643.24 2.6451
644.30 2.6495
645.35 2.6539
646.41 2.6583
647.47 2.6627
648.52 2.6671
649.58 2.6715
650.64 2.6759
651.69 2.6803
652.75 2.6847
653.81 2.6891
654.87 2.6935
655.92 2.6979
656.98 2.7023
658.04 2.7067
659.09 2.7111
660.15 2.7155
661.21 2.7199
662.26 2.7243
663.32 2.7287
664.38 2.7331
665.44 2.7375
666.49 2.7419
667.55 2.7463
668.61 2.7507
669.66 2.7551
670.72 2.7595
671.78 2.7639
672.84 2.7683
673.89 2.7727
674.95 2.7771
676.01 2.7815
677.06 2.7859
678.12 2.7903
679.18 2.7946
680.23 2.7990
681.29 2.8034
682.35 2.8078
683.41 2.8122
684.46 2.8166
685.52 2.8210
686.58 2.8254
687.63 2.8298
688.69 2.8342
689.75 2.8386
690.81 2.8430
691.86 2.8474
692.92 2.8518
693.98 2.8562
695.03 2.8606
696.09 2.8650
697.15 2.8693
698.20 2.8737
699.26 2.8781
700.32 2.8825
701.38 2.8869
702.43 2.8913
703.49 2.8957
704.55 2.9001
705.60 2.9045
706.66 2.9089
707.72 2.9133
708.78 2.9177
709.83 2.9220
710.89 2.9264
711.95 2.9308
713.00 2.9352
714.06 2.9396
715.12 2.9440
716.17 2.9484
717.23 2.9528
718.29 2.9572
719.35 2.9615
720.40 2.9659
721.46 2.9703
722.52 2.9747
723.57 2.9791
724.63 2.9835
725.69 2.9879
726.74 2.9923
727.80 2.9966
728.86 3.0010
729.92 3.0054
730.97 3.0098
732.03 3.0142
733.09 3.0186
734.14 3.0230
735.20 3.0274
736.26 3.0317
737.32 3.0361
738.37 3.0405
739.43 3.0449
740.49 3.0493
741.54 3.0537
742.60 3.0580
743.66 3.0624
744.71 3.0668
745.77 3.0712
746.83 3.0756
747.89 3.0800
748.94 3.0844
