116.83 0.034336
117.88 0.034449
118.94 0.034563
120.00 0.034679
121.06 0.034796
122.11 0.034914
123.17 0.035033
124.23 0.035154
125.28 0.035277
126.34 0.035401
127.40 0.035527
128.45 0.035654
129.51 0.035783
130.57 0.035914
131.63 0.036046
132.68 0.036180
133.74 0.036317
134.80 0.036455
135.85 0.036595
136.91 0.036738
137.97 0.036882
139.03 0.037029
140.08 0.037178
141.14 0.037330
142.20 0.037484
143.25 0.037641
144.31 0.037801
144.92 0.037894
144.92 2.1433
145.37 2.1523
146.42 2.1738
147.48 2.1951
148.54 2.2162
149.60 2.2372
150.65 2.2581
151.71 2.2789
152.77 2.2996
153.82 2.3202
154.88 2.3406
155.94 2.3610
156.99 2.3813
158.05 2.4015
159.11 2.4217
160.17 2.4418
161.22 2.4617
162.28 2.4817
163.34 2.5015
164.39 2.5213
165.45 2.5411
166.51 2.5608
167.57 2.5804
168.62 2.6000
169.68 2.6195
170.74 2.6390
171.79 2.6584
172.85 2.6778
173.91 2.6971
174.96 2.7164
176.02 2.7357
177.08 2.7549
178.14 2.7741
179.19 2.7933
180.25 2.8124
181.31 2.8315
182.36 2.8505
183.42 2.8695
184.48 2.8885
185.54 2.9075
186.59 2.9264
187.65 2.9453
188.71 2.9641
189.76 2.9830
190.82 3.0018
191.88 3.0206
192.93 3.0393
193.99 3.0581
195.05 3.0768
196.11 3.0955
197.16 3.1142
198.22 3.1328
199.28 3.1514
200.33 3.1700
201.39 3.1886
202.45 3.2072
203.51 3.2258
204.56 3.2443
205.62 3.2628
206.68 3.2813
207.73 3.2998
208.79 3.3182
209.85 3.3367
210.90 3.3551
211.96 3.3735
213.02 3.3919
214.08 3.4103
215.13 3.4287
216.19 3.4470
217.25 3.4653
218.30 3.4837
219.36 3.5020
220.42 3.5203
221.48 3.5386
222.53 3.5568
223.59 3.5751
224.65 3.5933
225.70 3.6116
226.76 3.6298
227.82 3.6480
228.87 3.6662
229.93 3.6844
230.99 3.7026
232.05 3.7208
233.10 3.7389
234.16 3.7571
235.22 3.7752
236.27 3.7933
237.33 3.8114
238.39 3.8296
239.44 3.8477
240.50 3.8658
241.56 3.8838
242.62 3.9019
243.67 3.9200
244.73 3.9380
245.79 3.9561
246.84 3.9741
247.90 3.9922
248.96 4.0102
250.02 4.0282
251.07 4.0462
252.13 4.0642
253.19 4.0822
254.24 4.1002
255.30 4.1182
256.36 4.1362
257.41 4.1541
258.47 4.1721
259.53 4.1900
260.59 4.2080
261.64 4.2259
262.70 4.2439
263.76 4.2618
264.81 4.2797
265.87 4.2976
266.93 4.3156
267.99 4.3335
269.04 4.3514
270.10 4.3693
271.16 4.3871
272.21 4.4050
273.27 4.4229
274.33 4.4408
275.38 4.4586
276.44 4.4765
277.50 4.4944
278.56 4.5122
279.61 4.5301
280.67 4.5479
281.73 4.5657
282.78 4.5836
283.84 4.6014
284.90 4.6192
285.96 4.6371
287.01 4.6549
288.07 4.6727
289.13 4.6905
290.18 4.7083
291.24 4.7261
292.30 4.7439
293.35 4.7617
294.41 4.7795
295.47 4.7972
296.53 4.8150
297.58 4.8328
298.64 4.8506
299.70 4.8683
300.75 4.8861
301.81 4.9039
302.87 4.9216
303.92 4.9394
304.98 4.9571
306.04 4.9749
307.10 4.9926
308.15 5.0104
309.21 5.0281
310.27 5.0458
311.32 5.0635
312.38 5.0813
313.44 5.0990
314.50 5.1167
315.55 5.1344
316.61 5.1522
317.67 5.1699
318.72 5.1876
319.78 5.2053
320.84 5.2230
321.89 5.2407
322.95 5.2584
324.01 5.2761
325.07 5.2938
326.12 5.3114
327.18 5.3291
328.24 5.3468
329.29 5.3645
330.35 5.3822
331.41 5.3998
332.47 5.4175
333.52 5.4352
334.58 5.4529
335.64 5.4705
336.69 5.4882
337.75 5.5058
338.81 5.5235
339.86 5.5412
340.92 5.5588
341.98 5.5765
343.04 5.5941
344.09 5.6118
345.15 5.6294
346.21 5.6471
347.26 5.6647
348.32 5.6823
349.38 5.7000
350.44 5.7176
351.49 5.7352
352.55 5.7529
353.61 5.7705
354.66 5.7881
355.72 5.8057
356.78 5.8234
357.83 5.8410
358.89 5.8586
359.95 5.8762
361.01 5.8938
362.06 5.9114
363.12 5.9291
364.18 5.9467
365.23 5.9643
366.29 5.9819
367.35 5.9995
368.40 6.0171
369.46 6.0347
370.52 6.0523
371.58 6.0699
372.63 6.0875
373.69 6.1051
374.75 6.1227
375.80 6.1402
376.86 6.1578
377.92 6.1754
378.98 6.1930
380.03 6.2106
381.09 6.2282
382.15 6.2457
383.20 6.2633
384.26 6.2809
385.32 6.2985
386.37 6.3161
387.43 6.3336
388.49 6.3512
389.55 6.3688
390.60 6.3863
391.66 6.4039
392.72 6.4215
393.77 6.4390
394.83 6.4566
395.89 6.4742
396.95 6.4917
398.00 6.5093
399.06 6.5268
400.12 6.5444
401.17 6.5619
402.23 6.5795
403.29 6.5971
404.34 6.6146
405.40 6.6322
406.46 6.6497
407.52 6.6672
408.57 6.6848
409.63 6.7023
410.69 6.7199
411.74 6.7374
412.80 6.7550
413.86 6.7725
414.92 6.7900
415.97 6.8076
417.03 6.8251
418.09 6.8427
419.14 6.8602
420.20 6.8777
421.26 6.8953
422.31 6.9128
423.37 6.9303
424.43 6.9479
425.49 6.9654
426.54 6.9829
427.60 7.0004
428.66 7.0180
429.71 7.0355
430.77 7.0530
431.83 7.0705
432.89 7.0880
433.94 7.1056
435.00 7.1231
436.06 7.1406
437.11 7.1581
438.17 7.1756
439.23 7.1932
440.28 7.2107
441.34 7.2282
442.40 7.2457
443.46 7.2632
444.51 7.2807
445.57 7.2982
446.63 7.3157
447.68 7.3332
448.74 7.3508
449.80 7.3683
450.85 7.3858
451.91 7.4033
452.97 7.4208
454.03 7.4383
455.08 7.4558
456.14 7.4733
457.20 7.4908
458.25 7.5083
459.31 7.5258
460.37 7.5433
461.43 7.5608
462.48 7.5783
463.54 7.5958
464.60 7.6133
465.65 7.6308
466.71 7.6482
467.77 7.6657
468.82 7.6832
469.88 7.7007
470.94 7.7182
472.00 7.7357
473.05 7.7532
474.11 7.7707
475.17 7.7882
476.22 7.8056
477.28 7.8231
478.34 7.8406
479.40 7.8581
480.45 7.8756
481.51 7.8931
482.57 7.9106
483.62 7.9280
484.68 7.9455
485.74 7.9630
486.79 7.9805
487.85 7.9980
488.91 8.0154
489.97 8.0329
491.02 8.0504
492.08 8.0679
493.14 8.0853
494.19 8.1028
495.25 8.1203
496.31 8.1378
497.37 8.1552
498.42 8.1727
499.48 8.1902
500.54 8.2076
501.59 8.2251
502.65 8.2426
503.71 8.2601
504.76 8.2775
505.82 8.2950
506.88 8.3125
507.94 8.3299
508.99 8.3474
510.05 8.3649
511.11 8.3823
512.16 8.3998
513.22 8.4173
514.28 8.4347
515.33 8.4522
516.39 8.4696
517.45 8.4871
518.51 8.5046
519.56 8.5220
520.62 8.5395
521.68 8.5570
522.73 8.5744
523.79 8.5919
524.85 8.6093
525.91 8.6268
526.96 8.6442
528.02 8.6617
529.08 8.6792
530.13 8.6966
531.19 8.7141
532.25 8.7315
533.30 8.7490
534.36 8.7664
535.42 8.7839
536.48 8.8013
537.53 8.8188
538.59 8.8362
539.65 8.8537
540.70 8.8711
541.76 8.8886
542.82 8.9060
543.88 8.9235
544.93 8.9409
545.99 8.9584
547.05 8.9758
548.10 8.9933
549.16 9.0107
550.22 9.0282
551.27 9.0456
552.33 9.0631
553.39 9.0805
554.45 9.0980
555.50 9.1154
556.56 9.1329
557.62 9.1503
558.67 9.1677
559.73 9.1852
560.79 9.2026
561.85 9.2201
562.90 9.2375
563.96 9.2549
565.02 9.2724
566.07 9.2898
567.13 9.3073
568.19 9.3247
569.24 9.3421
570.30 9.3596
571.36 9.3770
572.42 9.3945
573.47 9.4119
574.53 9.4293
575.59 9.4468
576.64 9.4642
577.70 9.4816
578.76 9.4991
579.81 9.5165
580.87 9.5340
581.93 9.5514
582.99 9.5688
584.04 9.5863
585.10 9.6037
586.16 9.6211
587.21 9.6386
588.27 9.6560
589.33 9.6734
590.39 9.6909
591.44 9.7083
592.50 9.7257
593.56 9.7431
594.61 9.7606
595.67 9.7780
596.73 9.7954
597.78 9.8129
598.84 9.8303
599.90 9.8477
600.96 9.8651
602.01 9.8826
603.07 9.9000
604.13 9.9174
605.18 9.9349
606.24 9.9523
607.30 9.9697
608.36 9.9871
609.41 10.005
610.47 10.022
611.53 10.039
612.58 10.057
613.64 10.074
614.70 10.092
615.75 10.109
616.81 10.127
617.87 10.144
618.93 10.161
619.98 10.179
621.04 10.196
622.10 10.214
623.15 10.231
624.21 10.248
625.27 10.266
626.33 10.283
627.38 10.301
628.44 10.318
629.50 10.336
630.55 10.353
631.61 10.370
632.67 10.388
633.72 10.405
634.78 10.423
635.84 10.440
636.90 10.458
637.95 10.475
639.01 10.492
640.07 10.510
641.12 10.527
642.18 10.545
643.24 10.562
644.30 10.579
645.35 10.597
646.41 10.614
647.47 10.632
648.52 10.649
649.58 10.667
650.64 10.684
651.69 10.701
652.75 10.719
653.81 10.736
654.87 10.754
655.92 10.771
656.98 10.788
658.04 10.806
659.09 10.823
660.15 10.841
661.21 10.858
662.26 10.875
663.32 10.893
664.38 10.910
665.44 10.928
666.49 10.945
667.55 10.963
668.61 10.980
669.66 10.997
670.72 11.015
671.78 11.032
672.84 11.050
673.89 11.067
674.95 11.084
676.01 11.102
677.06 11.119
678.12 11.137
679.18 11.154
680.23 11.171
681.29 11.189
682.35 11.206
683.41 11.224
684.46 11.241
685.52 11.258
686.58 11.276
687.63 11.293
688.69 11.311
689.75 11.328
690.81 11.346
691.86 11.363
692.92 11.380
693.98 11.398
695.03 11.415
696.09 11.433
697.15 11.450
698.20 11.467
699.26 11.485
700.32 11.502
701.38 11.520
702.43 11.537
703.49 11.554
704.55 11.572
705.60 11.589
706.66 11.607
707.72 11.624
708.78 11.641
709.83 11.659
710.89 11.676
711.95 11.694
713.00 11.711
714.06 11.728
715.12 11.746
716.17 11.763
717.23 11.781
718.29 11.798
719.35 11.815
720.40 11.833
721.46 11.850
722.52 11.868
723.57 11.885
724.63 11.902
725.69 11.920
726.74 11.937
727.80 11.955
728.86 11.972
729.92 11.989
730.97 12.007
732.03 12.024
733.09 12.042
734.14 12.059
735.20 12.076
736.26 12.094
737.32 12.111
738.37 12.129
739.43 12.146
740.49 12.163
741.54 12.181
742.60 12.198
743.66 12.216
744.71 12.233
745.77 12.250
746.83 12.268
747.89 12.285
748.94 12.303
