25.688 0.016319
26.813 0.016578
27.939 0.016847
29.065 0.017136
30.191 0.017452
31.316 0.017799
32.442 0.018183
33.568 0.018610
34.694 0.019089
35.819 0.019634
36.945 0.020268
37.619 0.020708
37.619 0.22869
38.071 0.23555
39.196 0.25146
40.322 0.26616
41.448 0.28001
42.574 0.29323
43.699 0.30596
44.825 0.31830
45.951 0.33034
47.077 0.34211
48.202 0.35366
49.328 0.36502
50.454 0.37622
51.580 0.38728
52.705 0.39822
53.831 0.40905
54.957 0.41977
56.082 0.43041
57.208 0.44097
58.334 0.45145
59.460 0.46187
60.585 0.47223
61.711 0.48254
62.837 0.49279
63.963 0.50299
65.088 0.51316
66.214 0.52328
67.340 0.53336
68.465 0.54341
69.591 0.55342
70.717 0.56341
71.843 0.57336
72.968 0.58329
74.094 0.59319
75.220 0.60307
76.346 0.61292
77.471 0.62276
78.597 0.63257
79.723 0.64236
80.848 0.65213
81.974 0.66189
83.100 0.67163
84.226 0.68136
85.351 0.69107
86.477 0.70076
87.603 0.71044
88.729 0.72011
89.854 0.72976
90.980 0.73941
92.106 0.74904
93.232 0.75866
94.357 0.76827
95.483 0.77787
96.609 0.78746
97.734 0.79704
98.860 0.80661
99.986 0.81617
101.11 0.82572
102.24 0.83527
103.36 0.84481
104.49 0.85434
105.61 0.86386
106.74 0.87338
107.87 0.88289
108.99 0.89239
110.12 0.90189
111.24 0.91138
112.37 0.92087
113.49 0.93034
114.62 0.93982
115.75 0.94929
116.87 0.95875
118.00 0.96821
119.12 0.97766
120.25 0.98711
121.37 0.99655
122.50 1.0060
123.63 1.0154
124.75 1.0249
125.88 1.0343
127.00 1.0437
128.13 1.0531
129.25 1.0625
130.38 1.0720
131.51 1.0814
132.63 1.0908
133.76 1.1002
134.88 1.1096
136.01 1.1190
137.14 1.1284
138.26 1.1378
139.39 1.1471
140.51 1.1565
141.64 1.1659
142.76 1.1753
143.89 1.1847
145.02 1.1940
146.14 1.2034
147.27 1.2128
148.39 1.2221
149.52 1.2315
150.64 1.2409
151.77 1.2502
152.90 1.2596
154.02 1.2689
155.15 1.2783
156.27 1.2876
157.40 1.2970
158.52 1.3063
159.65 1.3157
160.78 1.3250
161.90 1.3344
163.03 1.3437
164.15 1.3530
165.28 1.3624
166.40 1.3717
167.53 1.3811
168.66 1.3904
169.78 1.3997
170.91 1.4090
172.03 1.4184
173.16 1.4277
174.28 1.4370
175.41 1.4463
176.54 1.4557
177.66 1.4650
178.79 1.4743
179.91 1.4836
181.04 1.4929
182.16 1.5023
183.29 1.5116
184.42 1.5209
185.54 1.5302
186.67 1.5395
187.79 1.5488
188.92 1.5581
190.04 1.5674
191.17 1.5767
192.30 1.5860
193.42 1.5954
194.55 1.6047
195.67 1.6140
196.80 1.6233
197.92 1.6326
199.05 1.6419
200.18 1.6512
201.30 1.6605
202.43 1.6698
203.55 1.6791
204.68 1.6883
205.80 1.6976
206.93 1.7069
208.06 1.7162
209.18 1.7255
210.31 1.7348
211.43 1.7441
212.56 1.7534
213.68 1.7627
214.81 1.7720
215.94 1.7813
217.06 1.7905
218.19 1.7998
219.31 1.8091
220.44 1.8184
221.56 1.8277
222.69 1.8370
223.82 1.8463
224.94 1.8555
226.07 1.8648
227.19 1.8741
228.32 1.8834
229.44 1.8927
230.57 1.9019
231.70 1.9112
232.82 1.9205
233.95 1.9298
235.07 1.9391
236.20 1.9483
237.32 1.9576
238.45 1.9669
239.58 1.9762
240.70 1.9854
241.83 1.9947
242.95 2.0040
244.08 2.0133
245.21 2.0225
246.33 2.0318
247.46 2.0411
248.58 2.0504
249.71 2.0596
250.83 2.0689
251.96 2.0782
253.09 2.0874
254.21 2.0967
255.34 2.1060
256.46 2.1153
257.59 2.1245
258.71 2.1338
259.84 2.1431
260.97 2.1523
262.09 2.1616
263.22 2.1709
264.34 2.1801
265.47 2.1894
266.59 2.1987
267.72 2.2079
268.85 2.2172
269.97 2.2265
271.10 2.2357
272.22 2.2450
273.35 2.2542
274.47 2.2635
275.60 2.2728
276.73 2.2820
277.85 2.2913
278.98 2.3006
280.10 2.3098
281.23 2.3191
282.35 2.3283
283.48 2.3376
284.61 2.3469
285.73 2.3561
286.86 2.3654
287.98 2.3747
289.11 2.3839
290.23 2.3932
291.36 2.4024
292.49 2.4117
293.61 2.4209
294.74 2.4302
295.86 2.4395
296.99 2.4487
298.11 2.4580
299.24 2.4672
300.37 2.4765
301.49 2.4858
302.62 2.4950
303.74 2.5043
304.87 2.5135
305.99 2.5228
307.12 2.5320
308.25 2.5413
309.37 2.5505
310.50 2.5598
311.62 2.5691
312.75 2.5783
313.87 2.5876
315.00 2.5968
316.13 2.6061
317.25 2.6153
318.38 2.6246
319.50 2.6338
320.63 2.6431
321.75 2.6523
322.88 2.6616
324.01 2.6709
325.13 2.6801
326.26 2.6894
327.38 2.6986
328.51 2.7079
329.63 2.7171
330.76 2.7264
331.89 2.7356
333.01 2.7449
334.14 2.7541
335.26 2.7634
336.39 2.7726
337.51 2.7819
338.64 2.7911
339.77 2.8004
340.89 2.8096
342.02 2.8189
343.14 2.8281
344.27 2.8374
345.40 2.8466
346.52 2.8559
347.65 2.8651
348.77 2.8744
349.90 2.8836
351.02 2.8929
352.15 2.9021
353.28 2.9114
354.40 2.9206
355.53 2.9299
356.65 2.9391
357.78 2.9484
358.90 2.9576
360.03 2.9669
361.16 2.9761
362.28 2.9854
363.41 2.9946
364.53 3.0039
365.66 3.0131
366.78 3.0224
367.91 3.0316
369.04 3.0409
370.16 3.0501
371.29 3.0594
372.41 3.0686
373.54 3.0778
374.66 3.0871
375.79 3.0963
376.92 3.1056
378.04 3.1148
379.17 3.1241
380.29 3.1333
381.42 3.1426
382.54 3.1518
383.67 3.1611
384.80 3.1703
385.92 3.1796
387.05 3.1888
388.17 3.1980
389.30 3.2073
390.42 3.2165
391.55 3.2258
392.68 3.2350
393.80 3.2443
394.93 3.2535
396.05 3.2628
397.18 3.2720
398.30 3.2813
399.43 3.2905
400.56 3.2997
401.68 3.3090
402.81 3.3182
403.93 3.3275
405.06 3.3367
406.18 3.3460
407.31 3.3552
408.44 3.3645
409.56 3.3737
410.69 3.3829
411.81 3.3922
412.94 3.4014
414.06 3.4107
415.19 3.4199
416.32 3.4292
417.44 3.4384
418.57 3.4476
419.69 3.4569
420.82 3.4661
421.94 3.4754
423.07 3.4846
424.20 3.4939
425.32 3.5031
426.45 3.5123
427.57 3.5216
428.70 3.5308
429.82 3.5401
430.95 3.5493
432.08 3.5586
433.20 3.5678
434.33 3.5770
435.45 3.5863
436.58 3.5955
437.70 3.6048
438.83 3.6140
439.96 3.6233
441.08 3.6325
442.21 3.6417
443.33 3.6510
444.46 3.6602
445.59 3.6695
446.71 3.6787
447.84 3.6880
448.96 3.6972
450.09 3.7064
451.21 3.7157
452.34 3.7249
453.47 3.7342
454.59 3.7434
455.72 3.7526
456.84 3.7619
457.97 3.7711
459.09 3.7804
460.22 3.7896
461.35 3.7989
462.47 3.8081
463.60 3.8173
464.72 3.8266
465.85 3.8358
466.97 3.8451
468.10 3.8543
469.23 3.8635
470.35 3.8728
471.48 3.8820
472.60 3.8913
473.73 3.9005
474.85 3.9097
475.98 3.9190
477.11 3.9282
478.23 3.9375
479.36 3.9467
480.48 3.9559
481.61 3.9652
482.73 3.9744
483.86 3.9837
484.99 3.9929
486.11 4.0021
487.24 4.0114
488.36 4.0206
489.49 4.0299
490.61 4.0391
491.74 4.0483
492.87 4.0576
493.99 4.0668
495.12 4.0761
496.24 4.0853
497.37 4.0945
498.49 4.1038
499.62 4.1130
500.75 4.1223
501.87 4.1315
503.00 4.1407
504.12 4.1500
505.25 4.1592
506.37 4.1685
507.50 4.1777
508.63 4.1869
509.75 4.1962
510.88 4.2054
512.00 4.2147
513.13 4.2239
514.25 4.2331
515.38 4.2424
516.51 4.2516
517.63 4.2609
518.76 4.2701
519.88 4.2793
521.01 4.2886
522.13 4.2978
523.26 4.3070
524.39 4.3163
525.51 4.3255
526.64 4.3348
527.76 4.3440
528.89 4.3532
530.01 4.3625
531.14 4.3717
532.27 4.3810
533.39 4.3902
534.52 4.3994
535.64 4.4087
536.77 4.4179
537.89 4.4272
539.02 4.4364
540.15 4.4456
541.27 4.4549
542.40 4.4641
543.52 4.4733
544.65 4.4826
545.77 4.4918
546.90 4.5011
548.03 4.5103
549.15 4.5195
550.28 4.5288
551.40 4.5380
552.53 4.5472
553.66 4.5565
554.78 4.5657
555.91 4.5750
557.03 4.5842
558.16 4.5934
559.28 4.6027
560.41 4.6119
561.54 4.6212
562.66 4.6304
563.79 4.6396
564.91 4.6489
566.04 4.6581
567.16 4.6673
568.29 4.6766
569.42 4.6858
570.54 4.6951
571.67 4.7043
572.79 4.7135
573.92 4.7228
575.04 4.7320
576.17 4.7412
577.30 4.7505
578.42 4.7597
579.55 4.7690
580.67 4.7782
581.80 4.7874
582.92 4.7967
584.05 4.8059
585.18 4.8151
586.30 4.8244
587.43 4.8336
588.55 4.8429
589.68 4.8521
590.80 4.8613
591.93 4.8706
593.06 4.8798
594.18 4.8890
595.31 4.8983
596.43 4.9075
597.56 4.9168
598.68 4.9260
599.81 4.9352
600.94 4.9445
602.06 4.9537
603.19 4.9629
604.31 4.9722
605.44 4.9814
606.56 4.9907
607.69 4.9999
608.82 5.0091
609.94 5.0184
611.07 5.0276
612.19 5.0368
613.32 5.0461
614.44 5.0553
615.57 5.0646
616.70 5.0738
617.82 5.0830
618.95 5.0923
620.07 5.1015
621.20 5.1107
622.32 5.1200
623.45 5.1292
624.58 5.1385
625.70 5.1477
626.83 5.1569
627.95 5.1662
629.08 5.1754
630.20 5.1846
631.33 5.1939
632.46 5.2031
633.58 5.2123
634.71 5.2216
635.83 5.2308
636.96 5.2401
638.08 5.2493
639.21 5.2585
640.34 5.2678
641.46 5.2770
642.59 5.2862
643.71 5.2955
644.84 5.3047
645.96 5.3140
647.09 5.3232
648.22 5.3324
649.34 5.3417
650.47 5.3509
651.59 5.3601
652.72 5.3694
653.85 5.3786
654.97 5.3878
656.10 5.3971
657.22 5.4063
658.35 5.4156
659.47 5.4248
660.60 5.4340
661.73 5.4433
662.85 5.4525
663.98 5.4617
665.10 5.4710
666.23 5.4802
667.35 5.4894
668.48 5.4987
669.61 5.5079
670.73 5.5172
671.86 5.5264
672.98 5.5356
674.11 5.5449
675.23 5.5541
676.36 5.5633
677.49 5.5726
678.61 5.5818
679.74 5.5910
680.86 5.6003
681.99 5.6095
683.11 5.6188
684.24 5.6280
685.37 5.6372
686.49 5.6465
687.62 5.6557
688.74 5.6649
689.87 5.6742
690.99 5.6834
692.12 5.6926
693.25 5.7019
694.37 5.7111
695.50 5.7204
696.62 5.7296
697.75 5.7388
698.87 5.7481
700.00 5.7573
