161.40 0.044261
162.38 0.044359
163.36 0.044457
164.34 0.044555
165.05 0.044627
165.05 13.118
165.32 13.142
166.30 13.228
167.29 13.314
168.27 13.400
169.25 13.486
170.23 13.571
171.21 13.657
172.19 13.742
173.17 13.828
174.15 13.913
175.13 13.998
176.11 14.083
177.10 14.168
178.08 14.253
179.06 14.338
180.04 14.422
181.02 14.507
182.00 14.591
182.98 14.676
183.96 14.760
184.94 14.844
185.92 14.928
186.91 15.013
187.89 15.097
188.87 15.181
189.85 15.264
190.83 15.348
191.81 15.432
192.79 15.516
193.77 15.599
194.75 15.683
195.73 15.767
196.72 15.850
197.70 15.934
198.68 16.017
199.66 16.100
200.64 16.184
201.62 16.267
202.60 16.350
203.58 16.433
204.56 16.516
205.54 16.599
206.53 16.682
207.51 16.765
208.49 16.848
209.47 16.931
210.45 17.014
211.43 17.097
212.41 17.180
213.39 17.263
214.37 17.345
215.35 17.428
216.34 17.511
217.32 17.593
218.30 17.676
219.28 17.759
220.26 17.841
221.24 17.924
222.22 18.006
223.20 18.089
224.18 18.171
225.16 18.253
226.15 18.336
227.13 18.418
228.11 18.501
229.09 18.583
230.07 18.665
231.05 18.747
232.03 18.830
233.01 18.912
233.99 18.994
234.97 19.076
235.96 19.158
236.94 19.241
237.92 19.323
238.90 19.405
239.88 19.487
240.86 19.569
241.84 19.651
242.82 19.733
243.80 19.815
244.78 19.897
245.77 19.979
246.75 20.061
247.73 20.143
248.71 20.225
249.69 20.306
250.67 20.388
251.65 20.470
252.63 20.552
253.61 20.634
254.59 20.716
255.58 20.797
256.56 20.879
257.54 20.961
258.52 21.043
259.50 21.125
260.48 21.206
261.46 21.288
262.44 21.370
263.42 21.451
264.40 21.533
265.39 21.615
266.37 21.696
267.35 21.778
268.33 21.860
269.31 21.941
270.29 22.023
271.27 22.104
272.25 22.186
273.23 22.268
274.21 22.349
275.20 22.431
276.18 22.512
277.16 22.594
278.14 22.675
279.12 22.757
280.10 22.838
281.08 22.920
282.06 23.001
283.04 23.083
284.02 23.164
285.01 23.246
285.99 23.327
286.97 23.408
287.95 23.490
288.93 23.571
289.91 23.653
290.89 23.734
291.87 23.815
292.85 23.897
293.83 23.978
294.82 24.060
295.80 24.141
296.78 24.222
297.76 24.304
298.74 24.385
299.72 24.466
300.70 24.548
301.68 24.629
302.66 24.710
303.64 24.792
304.63 24.873
305.61 24.954
306.59 25.035
307.57 25.117
308.55 25.198
309.53 25.279
310.51 25.360
311.49 25.442
312.47 25.523
313.45 25.604
314.44 25.685
315.42 25.767
316.40 25.848
317.38 25.929
318.36 26.010
319.34 26.091
320.32 26.173
321.30 26.254
322.28 26.335
323.26 26.416
324.25 26.497
325.23 26.578
326.21 26.660
327.19 26.741
328.17 26.822
329.15 26.903
330.13 26.984
331.11 27.065
332.09 27.146
333.07 27.228
334.06 27.309
335.04 27.390
336.02 27.471
337.00 27.552
337.98 27.633
338.96 27.714
339.94 27.795
340.92 27.876
341.90 27.957
342.88 28.039
343.87 28.120
344.85 28.201
345.83 28.282
346.81 28.363
347.79 28.444
348.77 28.525
349.75 28.606
350.73 28.687
351.71 28.768
352.69 28.849
353.68 28.930
354.66 29.011
355.64 29.092
356.62 29.173
357.60 29.254
358.58 29.335
359.56 29.416
360.54 29.497
361.52 29.578
362.50 29.659
363.49 29.740
364.47 29.821
365.45 29.902
366.43 29.983
367.41 30.064
368.39 30.145
369.37 30.226
370.35 30.307
371.33 30.388
372.31 30.469
373.30 30.550
374.28 30.631
375.26 30.712
376.24 30.793
377.22 30.874
378.20 30.955
379.18 31.036
380.16 31.117
381.14 31.198
382.12 31.279
383.11 31.359
384.09 31.440
385.07 31.521
386.05 31.602
387.03 31.683
388.01 31.764
388.99 31.845
389.97 31.926
390.95 32.007
391.93 32.088
392.92 32.169
393.90 32.250
394.88 32.330
395.86 32.411
396.84 32.492
397.82 32.573
398.80 32.654
399.78 32.735
400.76 32.816
401.74 32.897
402.73 32.978
403.71 33.058
404.69 33.139
405.67 33.220
406.65 33.301
407.63 33.382
408.61 33.463
409.59 33.544
410.57 33.625
411.55 33.705
412.54 33.786
413.52 33.867
414.50 33.948
415.48 34.029
416.46 34.110
417.44 34.191
418.42 34.271
419.40 34.352
420.38 34.433
421.36 34.514
422.35 34.595
423.33 34.676
424.31 34.756
425.29 34.837
426.27 34.918
427.25 34.999
428.23 35.080
429.21 35.161
430.19 35.241
431.17 35.322
432.16 35.403
433.14 35.484
434.12 35.565
435.10 35.646
436.08 35.726
437.06 35.807
438.04 35.888
439.02 35.969
440.00 36.050
440.98 36.130
441.97 36.211
442.95 36.292
443.93 36.373
444.91 36.454
445.89 36.534
446.87 36.615
447.85 36.696
448.83 36.777
449.81 36.858
450.79 36.938
451.78 37.019
452.76 37.100
453.74 37.181
454.72 37.262
455.70 37.342
456.68 37.423
457.66 37.504
458.64 37.585
459.62 37.665
460.60 37.746
461.59 37.827
462.57 37.908
463.55 37.989
464.53 38.069
465.51 38.150
466.49 38.231
467.47 38.312
468.45 38.392
469.43 38.473
470.41 38.554
471.40 38.635
472.38 38.715
473.36 38.796
474.34 38.877
475.32 38.958
476.30 39.038
477.28 39.119
478.26 39.200
479.24 39.281
480.22 39.362
481.21 39.442
482.19 39.523
483.17 39.604
484.15 39.684
485.13 39.765
486.11 39.846
487.09 39.927
488.07 40.007
489.05 40.088
490.03 40.169
491.02 40.250
492.00 40.330
492.98 40.411
493.96 40.492
494.94 40.573
495.92 40.653
496.90 40.734
497.88 40.815
498.86 40.896
499.84 40.976
500.83 41.057
501.81 41.138
502.79 41.218
503.77 41.299
504.75 41.380
505.73 41.461
506.71 41.541
507.69 41.622
508.67 41.703
509.65 41.783
510.64 41.864
511.62 41.945
512.60 42.026
513.58 42.106
514.56 42.187
515.54 42.268
516.52 42.348
517.50 42.429
518.48 42.510
519.46 42.591
520.45 42.671
521.43 42.752
522.41 42.833
523.39 42.913
524.37 42.994
525.35 43.075
526.33 43.156
527.31 43.236
528.29 43.317
529.27 43.398
530.26 43.478
531.24 43.559
532.22 43.640
533.20 43.720
534.18 43.801
535.16 43.882
536.14 43.962
537.12 44.043
538.10 44.124
539.08 44.205
540.07 44.285
541.05 44.366
542.03 44.447
543.01 44.527
543.99 44.608
544.97 44.689
545.95 44.769
546.93 44.850
547.91 44.931
548.89 45.011
549.88 45.092
550.86 45.173
551.84 45.253
552.82 45.334
553.80 45.415
554.78 45.495
555.76 45.576
556.74 45.657
557.72 45.738
558.70 45.818
559.69 45.899
560.67 45.980
561.65 46.060
562.63 46.141
563.61 46.222
564.59 46.302
565.57 46.383
566.55 46.464
567.53 46.544
568.51 46.625
569.50 46.706
570.48 46.786
571.46 46.867
572.44 46.948
573.42 47.028
574.40 47.109
575.38 47.190
576.36 47.270
577.34 47.351
578.32 47.432
579.31 47.512
580.29 47.593
581.27 47.674
582.25 47.754
583.23 47.835
584.21 47.915
585.19 47.996
586.17 48.077
587.15 48.157
588.13 48.238
589.12 48.319
590.10 48.399
591.08 48.480
592.06 48.561
593.04 48.641
594.02 48.722
595.00 48.803
595.98 48.883
596.96 48.964
597.94 49.045
598.93 49.125
599.91 49.206
600.89 49.287
601.87 49.367
602.85 49.448
603.83 49.529
604.81 49.609
605.79 49.690
606.77 49.770
607.75 49.851
608.74 49.932
609.72 50.012
610.70 50.093
611.68 50.174
612.66 50.254
613.64 50.335
614.62 50.416
615.60 50.496
616.58 50.577
617.56 50.657
618.55 50.738
619.53 50.819
620.51 50.899
621.49 50.980
622.47 51.061
623.45 51.141
624.43 51.222
625.41 51.303
626.39 51.383
627.37 51.464
628.36 51.544
629.34 51.625
630.32 51.706
631.30 51.786
632.28 51.867
633.26 51.948
634.24 52.028
635.22 52.109
636.20 52.190
637.18 52.270
638.17 52.351
639.15 52.431
640.13 52.512
641.11 52.593
642.09 52.673
643.07 52.754
644.05 52.835
645.03 52.915
646.01 52.996
646.99 53.076
647.98 53.157
648.96 53.238
649.94 53.318
650.92 53.399
651.90 53.479
652.88 53.560
653.86 53.641
654.84 53.721
655.82 53.802
656.80 53.883
657.79 53.963
658.77 54.044
659.75 54.124
660.73 54.205
661.71 54.286
662.69 54.366
663.67 54.447
664.65 54.528
665.63 54.608
666.61 54.689
667.60 54.769
668.58 54.850
669.56 54.931
670.54 55.011
671.52 55.092
672.50 55.172
673.48 55.253
674.46 55.334
675.44 55.414
676.42 55.495
677.41 55.576
678.39 55.656
679.37 55.737
680.35 55.817
681.33 55.898
682.31 55.979
683.29 56.059
684.27 56.140
685.25 56.220
686.23 56.301
687.22 56.382
688.20 56.462
689.18 56.543
690.16 56.623
691.14 56.704
692.12 56.785
693.10 56.865
694.08 56.946
695.06 57.026
696.04 57.107
697.03 57.188
698.01 57.268
698.99 57.349
699.97 57.429
700.95 57.510
701.93 57.591
702.91 57.671
703.89 57.752
704.87 57.832
705.85 57.913
706.84 57.994
707.82 58.074
708.80 58.155
709.78 58.235
710.76 58.316
711.74 58.397
712.72 58.477
713.70 58.558
714.68 58.638
715.66 58.719
716.65 58.800
717.63 58.880
718.61 58.961
719.59 59.041
720.57 59.122
721.55 59.203
722.53 59.283
723.51 59.364
724.49 59.444
725.47 59.525
726.46 59.606
727.44 59.686
728.42 59.767
729.40 59.847
730.38 59.928
731.36 60.009
732.34 60.089
733.32 60.170
734.30 60.250
735.28 60.331
736.27 60.412
737.25 60.492
738.23 60.573
739.21 60.653
740.19 60.734
741.17 60.814
742.15 60.895
743.13 60.976
744.11 61.056
745.09 61.137
746.08 61.217
747.06 61.298
748.04 61.379
749.02 61.459
750.00 61.540
