162.38 0.044294
163.36 0.044391
164.34 0.044488
165.32 0.044587
166.30 0.044686
167.29 0.044786
168.27 0.044886
169.25 0.044988
170.23 0.045090
171.21 0.045193
172.19 0.045297
173.17 0.045401
174.15 0.045507
175.13 0.045613
176.11 0.045721
177.10 0.045829
178.08 0.045938
179.06 0.046048
180.04 0.046159
181.02 0.046272
182.00 0.046385
182.98 0.046499
183.96 0.046614
184.94 0.046730
185.92 0.046848
186.91 0.046966
187.89 0.047086
188.87 0.047207
189.85 0.047329
190.83 0.047452
191.81 0.047577
192.79 0.047703
193.77 0.047830
194.75 0.047959
195.73 0.048089
196.72 0.048220
197.70 0.048353
198.68 0.048488
199.66 0.048623
200.64 0.048761
201.62 0.048900
202.60 0.049041
203.58 0.049184
204.56 0.049328
205.54 0.049474
206.53 0.049622
207.51 0.049772
208.49 0.049924
209.47 0.050078
210.45 0.050234
211.43 0.050392
212.41 0.050552
213.39 0.050715
214.37 0.050880
215.35 0.051048
216.34 0.051218
217.32 0.051390
218.30 0.051566
219.02 0.051697
219.02 1.5249
219.28 1.5279
220.26 1.5392
221.24 1.5505
222.22 1.5617
223.20 1.5728
224.18 1.5838
225.16 1.5947
226.15 1.6056
227.13 1.6164
228.11 1.6272
229.09 1.6378
230.07 1.6485
231.05 1.6590
232.03 1.6696
233.01 1.6800
233.99 1.6904
234.97 1.7008
235.96 1.7111
236.94 1.7214
237.92 1.7316
238.90 1.7418
239.88 1.7520
240.86 1.7621
241.84 1.7722
242.82 1.7822
243.80 1.7922
244.78 1.8022
245.77 1.8121
246.75 1.8220
247.73 1.8319
248.71 1.8418
249.69 1.8516
250.67 1.8614
251.65 1.8711
252.63 1.8809
253.61 1.8906
254.59 1.9003
255.58 1.9099
256.56 1.9196
257.54 1.9292
258.52 1.9388
259.50 1.9484
260.48 1.9579
261.46 1.9674
262.44 1.9770
263.42 1.9864
264.40 1.9959
265.39 2.0054
266.37 2.0148
267.35 2.0242
268.33 2.0336
269.31 2.0430
270.29 2.0523
271.27 2.0617
272.25 2.0710
273.23 2.0803
274.21 2.0896
275.20 2.0989
276.18 2.1082
277.16 2.1174
278.14 2.1267
279.12 2.1359
280.10 2.1451
281.08 2.1543
282.06 2.1635
283.04 2.1726
284.02 2.1818
285.01 2.1909
285.99 2.2001
286.97 2.2092
287.95 2.2183
288.93 2.2274
289.91 2.2365
290.89 2.2455
291.87 2.2546
292.85 2.2636
293.83 2.2727
294.82 2.2817
295.80 2.2907
296.78 2.2997
297.76 2.3087
298.74 2.3177
299.72 2.3267
300.70 2.3357
301.68 2.3446
302.66 2.3536
303.64 2.3625
304.63 2.3714
305.61 2.3804
306.59 2.3893
307.57 2.3982
308.55 2.4071
309.53 2.4160
310.51 2.4249
311.49 2.4337
312.47 2.4426
313.45 2.4515
314.44 2.4603
315.42 2.4691
316.40 2.4780
317.38 2.4868
318.36 2.4956
319.34 2.5044
320.32 2.5132
321.30 2.5220
322.28 2.5308
323.26 2.5396
324.25 2.5484
325.23 2.5572
326.21 2.5659
327.19 2.5747
328.17 2.5835
329.15 2.5922
330.13 2.6009
331.11 2.6097
332.09 2.6184
333.07 2.6271
334.06 2.6359
335.04 2.6446
336.02 2.6533
337.00 2.6620
337.98 2.6707
338.96 2.6794
339.94 2.6880
340.92 2.6967
341.90 2.7054
342.88 2.7141
343.87 2.7227
344.85 2.7314
345.83 2.7400
346.81 2.7487
347.79 2.7573
348.77 2.7660
349.75 2.7746
350.73 2.7832
351.71 2.7919
352.69 2.8005
353.68 2.8091
354.66 2.8177
355.64 2.8263
356.62 2.8349
357.60 2.8435
358.58 2.8521
359.56 2.8607
360.54 2.8693
361.52 2.8779
362.50 2.8865
363.49 2.8951
364.47 2.9036
365.45 2.9122
366.43 2.9208
367.41 2.9293
368.39 2.9379
369.37 2.9464
370.35 2.9550
371.33 2.9635
372.31 2.9721
373.30 2.9806
374.28 2.9891
375.26 2.9977
376.24 3.0062
377.22 3.0147
378.20 3.0232
379.18 3.0318
380.16 3.0403
381.14 3.0488
382.12 3.0573
383.11 3.0658
384.09 3.0743
385.07 3.0828
386.05 3.0913
387.03 3.0998
388.01 3.1083
388.99 3.1168
389.97 3.1253
390.95 3.1337
391.93 3.1422
392.92 3.1507
393.90 3.1592
394.88 3.1676
395.86 3.1761
396.84 3.1846
397.82 3.1930
398.80 3.2015
399.78 3.2100
400.76 3.2184
401.74 3.2269
402.73 3.2353
403.71 3.2438
404.69 3.2522
405.67 3.2606
406.65 3.2691
407.63 3.2775
408.61 3.2859
409.59 3.2944
410.57 3.3028
411.55 3.3112
412.54 3.3197
413.52 3.3281
414.50 3.3365
415.48 3.3449
416.46 3.3533
417.44 3.3617
418.42 3.3702
419.40 3.3786
420.38 3.3870
421.36 3.3954
422.35 3.4038
423.33 3.4122
424.31 3.4206
425.29 3.4290
426.27 3.4374
427.25 3.4458
428.23 3.4542
429.21 3.4625
430.19 3.4709
431.17 3.4793
432.16 3.4877
433.14 3.4961
434.12 3.5045
435.10 3.5128
436.08 3.5212
437.06 3.5296
438.04 3.5380
439.02 3.5463
440.00 3.5547
440.98 3.5631
441.97 3.5714
442.95 3.5798
443.93 3.5881
444.91 3.5965
445.89 3.6049
446.87 3.6132
447.85 3.6216
448.83 3.6299
449.81 3.6383
450.79 3.6466
451.78 3.6550
452.76 3.6633
453.74 3.6717
454.72 3.6800
455.70 3.6883
456.68 3.6967
457.66 3.7050
458.64 3.7133
459.62 3.7217
460.60 3.7300
461.59 3.7383
462.57 3.7467
463.55 3.7550
464.53 3.7633
465.51 3.7717
466.49 3.7800
467.47 3.7883
468.45 3.7966
469.43 3.8049
470.41 3.8133
471.40 3.8216
472.38 3.8299
473.36 3.8382
474.34 3.8465
475.32 3.8548
476.30 3.8631
477.28 3.8715
478.26 3.8798
479.24 3.8881
480.22 3.8964
481.21 3.9047
482.19 3.9130
483.17 3.9213
484.15 3.9296
485.13 3.9379
486.11 3.9462
487.09 3.9545
488.07 3.9628
489.05 3.9711
490.03 3.9794
491.02 3.9876
492.00 3.9959
492.98 4.0042
493.96 4.0125
494.94 4.0208
495.92 4.0291
496.90 4.0374
497.88 4.0457
498.86 4.0539
499.84 4.0622
500.83 4.0705
501.81 4.0788
502.79 4.0871
503.77 4.0953
504.75 4.1036
505.73 4.1119
506.71 4.1202
507.69 4.1284
508.67 4.1367
509.65 4.1450
510.64 4.1532
511.62 4.1615
512.60 4.1698
513.58 4.1780
514.56 4.1863
515.54 4.1946
516.52 4.2028
517.50 4.2111
518.48 4.2194
519.46 4.2276
520.45 4.2359
521.43 4.2441
522.41 4.2524
523.39 4.2606
524.37 4.2689
525.35 4.2772
526.33 4.2854
527.31 4.2937
528.29 4.3019
529.27 4.3102
530.26 4.3184
531.24 4.3267
532.22 4.3349
533.20 4.3432
534.18 4.3514
535.16 4.3597
536.14 4.3679
537.12 4.3761
538.10 4.3844
539.08 4.3926
540.07 4.4009
541.05 4.4091
542.03 4.4174
543.01 4.4256
543.99 4.4338
544.97 4.4421
545.95 4.4503
546.93 4.4585
547.91 4.4668
548.89 4.4750
549.88 4.4832
550.86 4.4915
551.84 4.4997
552.82 4.5079
553.80 4.5162
554.78 4.5244
555.76 4.5326
556.74 4.5409
557.72 4.5491
558.70 4.5573
559.69 4.5655
560.67 4.5738
561.65 4.5820
562.63 4.5902
563.61 4.5984
564.59 4.6066
565.57 4.6149
566.55 4.6231
567.53 4.6313
568.51 4.6395
569.50 4.6477
570.48 4.6560
571.46 4.6642
572.44 4.6724
573.42 4.6806
574.40 4.6888
575.38 4.6970
576.36 4.7053
577.34 4.7135
578.32 4.7217
579.31 4.7299
580.29 4.7381
581.27 4.7463
582.25 4.7545
583.23 4.7627
584.21 4.7709
585.19 4.7792
586.17 4.7874
587.15 4.7956
588.13 4.8038
589.12 4.8120
590.10 4.8202
591.08 4.8284
592.06 4.8366
593.04 4.8448
594.02 4.8530
595.00 4.8612
595.98 4.8694
596.96 4.8776
597.94 4.8858
598.93 4.8940
599.91 4.9022
600.89 4.9104
601.87 4.9186
602.85 4.9268
603.83 4.9350
604.81 4.9432
605.79 4.9514
606.77 4.9596
607.75 4.9678
608.74 4.9760
609.72 4.9842
610.70 4.9923
611.68 5.0005
612.66 5.0087
613.64 5.0169
614.62 5.0251
615.60 5.0333
616.58 5.0415
617.56 5.0497
618.55 5.0579
619.53 5.0661
620.51 5.0742
621.49 5.0824
622.47 5.0906
623.45 5.0988
624.43 5.1070
625.41 5.1152
626.39 5.1234
627.37 5.1315
628.36 5.1397
629.34 5.1479
630.32 5.1561
631.30 5.1643
632.28 5.1725
633.26 5.1806
634.24 5.1888
635.22 5.1970
636.20 5.2052
637.18 5.2134
638.17 5.2215
639.15 5.2297
640.13 5.2379
641.11 5.2461
642.09 5.2542
643.07 5.2624
644.05 5.2706
645.03 5.2788
646.01 5.2869
646.99 5.2951
647.98 5.3033
648.96 5.3115
649.94 5.3196
650.92 5.3278
651.90 5.3360
652.88 5.3442
653.86 5.3523
654.84 5.3605
655.82 5.3687
656.80 5.3768
657.79 5.3850
658.77 5.3932
659.75 5.4013
660.73 5.4095
661.71 5.4177
662.69 5.4259
663.67 5.4340
664.65 5.4422
665.63 5.4504
666.61 5.4585
667.60 5.4667
668.58 5.4749
669.56 5.4830
670.54 5.4912
671.52 5.4993
672.50 5.5075
673.48 5.5157
674.46 5.5238
675.44 5.5320
676.42 5.5402
677.41 5.5483
678.39 5.5565
679.37 5.5646
680.35 5.5728
681.33 5.5810
682.31 5.5891
683.29 5.5973
684.27 5.6054
685.25 5.6136
686.23 5.6218
687.22 5.6299
688.20 5.6381
689.18 5.6462
690.16 5.6544
691.14 5.6625
692.12 5.6707
693.10 5.6789
694.08 5.6870
695.06 5.6952
696.04 5.7033
697.03 5.7115
698.01 5.7196
698.99 5.7278
699.97 5.7359
700.95 5.7441
701.93 5.7522
702.91 5.7604
703.89 5.7685
704.87 5.7767
705.85 5.7848
706.84 5.7930
707.82 5.8012
708.80 5.8093
709.78 5.8175
710.76 5.8256
711.74 5.8338
712.72 5.8419
713.70 5.8500
714.68 5.8582
715.66 5.8663
716.65 5.8745
717.63 5.8826
718.61 5.8908
719.59 5.8989
720.57 5.9071
721.55 5.9152
722.53 5.9234
723.51 5.9315
724.49 5.9397
725.47 5.9478
726.46 5.9560
727.44 5.9641
728.42 5.9722
729.40 5.9804
730.38 5.9885
731.36 5.9967
732.34 6.0048
733.32 6.0130
734.30 6.0211
735.28 6.0292
736.27 6.0374
737.25 6.0455
738.23 6.0537
739.21 6.0618
740.19 6.0699
741.17 6.0781
742.15 6.0862
743.13 6.0944
744.11 6.1025
745.09 6.1106
746.08 6.1188
747.06 6.1269
748.04 6.1351
749.02 6.1432
750.00 6.1513
