162.38 0.044330
163.36 0.044427
164.34 0.044526
165.32 0.044624
166.30 0.044724
167.29 0.044825
168.27 0.044926
169.25 0.045028
170.23 0.045131
171.21 0.045235
172.19 0.045339
173.17 0.045445
174.15 0.045551
175.13 0.045658
176.11 0.045766
177.10 0.045875
178.08 0.045985
179.06 0.046096
180.04 0.046208
181.02 0.046321
182.00 0.046436
182.98 0.046551
183.96 0.046667
184.94 0.046784
185.92 0.046903
186.91 0.047022
187.89 0.047143
188.87 0.047265
189.85 0.047388
190.83 0.047513
191.81 0.047639
192.79 0.047766
193.77 0.047895
194.75 0.048025
195.73 0.048156
196.72 0.048289
197.70 0.048423
198.68 0.048559
199.28 0.048643
199.28 2.9607
199.66 2.9685
200.64 2.9883
201.62 3.0080
202.60 3.0276
203.58 3.0472
204.56 3.0666
205.54 3.0860
206.53 3.1053
207.51 3.1246
208.49 3.1437
209.47 3.1628
210.45 3.1819
211.43 3.2009
212.41 3.2198
213.39 3.2386
214.37 3.2574
215.35 3.2762
216.34 3.2949
217.32 3.3136
218.30 3.3322
219.28 3.3507
220.26 3.3692
221.24 3.3877
222.22 3.4062
223.20 3.4245
224.18 3.4429
225.16 3.4612
226.15 3.4795
227.13 3.4977
228.11 3.5160
229.09 3.5341
230.07 3.5523
231.05 3.5704
232.03 3.5885
233.01 3.6065
233.99 3.6245
234.97 3.6425
235.96 3.6605
236.94 3.6784
237.92 3.6963
238.90 3.7142
239.88 3.7321
240.86 3.7499
241.84 3.7677
242.82 3.7855
243.80 3.8033
244.78 3.8210
245.77 3.8387
246.75 3.8564
247.73 3.8741
248.71 3.8917
249.69 3.9094
250.67 3.9270
251.65 3.9446
252.63 3.9621
253.61 3.9797
254.59 3.9972
255.58 4.0147
256.56 4.0322
257.54 4.0497
258.52 4.0672
259.50 4.0846
260.48 4.1021
261.46 4.1195
262.44 4.1369
263.42 4.1543
264.40 4.1716
265.39 4.1890
266.37 4.2063
267.35 4.2237
268.33 4.2410
269.31 4.2583
270.29 4.2756
271.27 4.2928
272.25 4.3101
273.23 4.3273
274.21 4.3446
275.20 4.3618
276.18 4.3790
277.16 4.3962
278.14 4.4134
279.12 4.4306
280.10 4.4477
281.08 4.4649
282.06 4.4820
283.04 4.4991
284.02 4.5163
285.01 4.5334
285.99 4.5505
286.97 4.5675
287.95 4.5846
288.93 4.6017
289.91 4.6187
290.89 4.6358
291.87 4.6528
292.85 4.6699
293.83 4.6869
294.82 4.7039
295.80 4.7209
296.78 4.7379
297.76 4.7549
298.74 4.7719
299.72 4.7888
300.70 4.8058
301.68 4.8227
302.66 4.8397
303.64 4.8566
304.63 4.8735
305.61 4.8905
306.59 4.9074
307.57 4.9243
308.55 4.9412
309.53 4.9581
310.51 4.9750
311.49 4.9918
312.47 5.0087
313.45 5.0256
314.44 5.0424
315.42 5.0593
316.40 5.0761
317.38 5.0930
318.36 5.1098
319.34 5.1266
320.32 5.1434
321.30 5.1602
322.28 5.1770
323.26 5.1938
324.25 5.2106
325.23 5.2274
326.21 5.2442
327.19 5.2610
328.17 5.2778
329.15 5.2945
330.13 5.3113
331.11 5.3280
332.09 5.3448
333.07 5.3615
334.06 5.3783
335.04 5.3950
336.02 5.4117
337.00 5.4285
337.98 5.4452
338.96 5.4619
339.94 5.4786
340.92 5.4953
341.90 5.5120
342.88 5.5287
343.87 5.5454
344.85 5.5621
345.83 5.5788
346.81 5.5954
347.79 5.6121
348.77 5.6288
349.75 5.6454
350.73 5.6621
351.71 5.6788
352.69 5.6954
353.68 5.7121
354.66 5.7287
355.64 5.7453
356.62 5.7620
357.60 5.7786
358.58 5.7952
359.56 5.8119
360.54 5.8285
361.52 5.8451
362.50 5.8617
363.49 5.8783
364.47 5.8949
365.45 5.9115
366.43 5.9281
367.41 5.9447
368.39 5.9613
369.37 5.9779
370.35 5.9945
371.33 6.0111
372.31 6.0277
373.30 6.0442
374.28 6.0608
375.26 6.0774
376.24 6.0939
377.22 6.1105
378.20 6.1271
379.18 6.1436
380.16 6.1602
381.14 6.1767
382.12 6.1933
383.11 6.2098
384.09 6.2264
385.07 6.2429
386.05 6.2594
387.03 6.2760
388.01 6.2925
388.99 6.3090
389.97 6.3255
390.95 6.3421
391.93 6.3586
392.92 6.3751
393.90 6.3916
394.88 6.4081
395.86 6.4246
396.84 6.4411
397.82 6.4576
398.80 6.4741
399.78 6.4906
400.76 6.5071
401.74 6.5236
402.73 6.5401
403.71 6.5566
404.69 6.5731
405.67 6.5896
406.65 6.6061
407.63 6.6225
408.61 6.6390
409.59 6.6555
410.57 6.6720
411.55 6.6884
412.54 6.7049
413.52 6.7214
414.50 6.7378
415.48 6.7543
416.46 6.7708
417.44 6.7872
418.42 6.8037
419.40 6.8201
420.38 6.8366
421.36 6.8530
422.35 6.8695
423.33 6.8859
424.31 6.9024
425.29 6.9188
426.27 6.9352
427.25 6.9517
428.23 6.9681
429.21 6.9845
430.19 7.0010
431.17 7.0174
432.16 7.0338
433.14 7.0503
434.12 7.0667
435.10 7.0831
436.08 7.0995
437.06 7.1159
438.04 7.1324
439.02 7.1488
440.00 7.1652
440.98 7.1816
441.97 7.1980
442.95 7.2144
443.93 7.2308
444.91 7.2472
445.89 7.2636
446.87 7.2800
447.85 7.2964
448.83 7.3128
449.81 7.3292
450.79 7.3456
451.78 7.3620
452.76 7.3784
453.74 7.3948
454.72 7.4112
455.70 7.4276
456.68 7.4440
457.66 7.4603
458.64 7.4767
459.62 7.4931
460.60 7.5095
461.59 7.5259
462.57 7.5422
463.55 7.5586
464.53 7.5750
465.51 7.5914
466.49 7.6077
467.47 7.6241
468.45 7.6405
469.43 7.6569
470.41 7.6732
471.40 7.6896
472.38 7.7059
473.36 7.7223
474.34 7.7387
475.32 7.7550
476.30 7.7714
477.28 7.7877
478.26 7.8041
479.24 7.8205
480.22 7.8368
481.21 7.8532
482.19 7.8695
483.17 7.8859
484.15 7.9022
485.13 7.9186
486.11 7.9349
487.09 7.9512
488.07 7.9676
489.05 7.9839
490.03 8.0003
491.02 8.0166
492.00 8.0329
492.98 8.0493
493.96 8.0656
494.94 8.0820
495.92 8.0983
496.90 8.1146
497.88 8.1310
498.86 8.1473
499.84 8.1636
500.83 8.1799
501.81 8.1963
502.79 8.2126
503.77 8.2289
504.75 8.2452
505.73 8.2616
506.71 8.2779
507.69 8.2942
508.67 8.3105
509.65 8.3269
510.64 8.3432
511.62 8.3595
512.60 8.3758
513.58 8.3921
514.56 8.4084
515.54 8.4247
516.52 8.4411
517.50 8.4574
518.48 8.4737
519.46 8.4900
520.45 8.5063
521.43 8.5226
522.41 8.5389
523.39 8.5552
524.37 8.5715
525.35 8.5878
526.33 8.6041
527.31 8.6204
528.29 8.6367
529.27 8.6530
530.26 8.6693
531.24 8.6856
532.22 8.7019
533.20 8.7182
534.18 8.7345
535.16 8.7508
536.14 8.7671
537.12 8.7834
538.10 8.7997
539.08 8.8160
540.07 8.8323
541.05 8.8486
542.03 8.8649
543.01 8.8811
543.99 8.8974
544.97 8.9137
545.95 8.9300
546.93 8.9463
547.91 8.9626
548.89 8.9789
549.88 8.9951
550.86 9.0114
551.84 9.0277
552.82 9.0440
553.80 9.0603
554.78 9.0765
555.76 9.0928
556.74 9.1091
557.72 9.1254
558.70 9.1417
559.69 9.1579
560.67 9.1742
561.65 9.1905
562.63 9.2068
563.61 9.2230
564.59 9.2393
565.57 9.2556
566.55 9.2718
567.53 9.2881
568.51 9.3044
569.50 9.3206
570.48 9.3369
571.46 9.3532
572.44 9.3694
573.42 9.3857
574.40 9.4020
575.38 9.4182
576.36 9.4345
577.34 9.4508
578.32 9.4670
579.31 9.4833
580.29 9.4995
581.27 9.5158
582.25 9.5321
583.23 9.5483
584.21 9.5646
585.19 9.5808
586.17 9.5971
587.15 9.6134
588.13 9.6296
589.12 9.6459
590.10 9.6621
591.08 9.6784
592.06 9.6946
593.04 9.7109
594.02 9.7271
595.00 9.7434
595.98 9.7596
596.96 9.7759
597.94 9.7921
598.93 9.8084
599.91 9.8246
600.89 9.8409
601.87 9.8571
602.85 9.8734
603.83 9.8896
604.81 9.9059
605.79 9.9221
606.77 9.9384
607.75 9.9546
608.74 9.9709
609.72 9.9871
610.70 10.003
611.68 10.020
612.66 10.036
613.64 10.052
614.62 10.068
615.60 10.085
616.58 10.101
617.56 10.117
618.55 10.133
619.53 10.149
620.51 10.166
621.49 10.182
622.47 10.198
623.45 10.214
624.43 10.231
625.41 10.247
626.39 10.263
627.37 10.279
628.36 10.296
629.34 10.312
630.32 10.328
631.30 10.344
632.28 10.361
633.26 10.377
634.24 10.393
635.22 10.409
636.20 10.425
637.18 10.442
638.17 10.458
639.15 10.474
640.13 10.490
641.11 10.507
642.09 10.523
643.07 10.539
644.05 10.555
645.03 10.572
646.01 10.588
646.99 10.604
647.98 10.620
648.96 10.636
649.94 10.653
650.92 10.669
651.90 10.685
652.88 10.701
653.86 10.718
654.84 10.734
655.82 10.750
656.80 10.766
657.79 10.782
658.77 10.799
659.75 10.815
660.73 10.831
661.71 10.847
662.69 10.863
663.67 10.880
664.65 10.896
665.63 10.912
666.61 10.928
667.60 10.945
668.58 10.961
669.56 10.977
670.54 10.993
671.52 11.009
672.50 11.026
673.48 11.042
674.46 11.058
675.44 11.074
676.42 11.091
677.41 11.107
678.39 11.123
679.37 11.139
680.35 11.155
681.33 11.172
682.31 11.188
683.29 11.204
684.27 11.220
685.25 11.236
686.23 11.253
687.22 11.269
688.20 11.285
689.18 11.301
690.16 11.317
691.14 11.334
692.12 11.350
693.10 11.366
694.08 11.382
695.06 11.398
696.04 11.415
697.03 11.431
698.01 11.447
698.99 11.463
699.97 11.479
700.95 11.496
701.93 11.512
702.91 11.528
703.89 11.544
704.87 11.561
705.85 11.577
706.84 11.593
707.82 11.609
708.80 11.625
709.78 11.642
710.76 11.658
711.74 11.674
712.72 11.690
713.70 11.706
714.68 11.723
715.66 11.739
716.65 11.755
717.63 11.771
718.61 11.787
719.59 11.803
720.57 11.820
721.55 11.836
722.53 11.852
723.51 11.868
724.49 11.884
725.47 11.901
726.46 11.917
727.44 11.933
728.42 11.949
729.40 11.965
730.38 11.982
731.36 11.998
732.34 12.014
733.32 12.030
734.30 12.046
735.28 12.063
736.27 12.079
737.25 12.095
738.23 12.111
739.21 12.127
740.19 12.144
741.17 12.160
742.15 12.176
743.13 12.192
744.11 12.208
745.09 12.225
746.08 12.241
747.06 12.257
748.04 12.273
749.02 12.289
750.00 12.305
