100,0.1,1.01609,0.999824,0.999984,0.0999824,0.099619,0.10378264738
140,0.1,1.01471,0.999955,1.00008,0.0999955,0.101668,0.103271710917
180,0.1,1.01189,1,1.00005,0.1,0.102069,0.103004623729
20,0.1,1.00319,0.990912,0.991014,0.0990983,0.00512053,0.128873028414
220,0.1,1.01206,1.00002,1.00008,0.100002,0.10206,0.102714206096
260,0.1,1.0109,1.00003,1.00005,0.100003,0.101939,0.102442584181
300,0.1,1.01124,1.00003,1.00007,0.100003,0.101793,0.10244197672
340,0.1,1.00899,1.00003,1.00005,0.100003,0.101649,0.10224927902
380,0.1,1.01251,1.00003,1.00004,0.100003,0.101516,0.102972841225
420,0.1,1.0138,1.00003,1.00006,0.100003,0.101398,0.103117853745
60,0.1,1.01234,0.99926,0,0.099926,0,0.101836938416
