100,10,1.00851,0.984036,0.998363,9.83347,9.9619,11.0023131575
140,10,1.017,0.996254,1.00539,9.95899,10.1668,10.9868454439
180,10,1.01757,1.00036,1.00682,10.0018,10.2069,10.9745183851
20,10,0.184768,0.135307,0.169613,0.902382,0.512053,3.01338588797
220,10,1.0184,1.002,1.00678,10.0189,10.206,10.9567671821
260,10,1.01719,1.00268,1.00643,10.0262,10.1939,10.8608636622
300,10,1.01729,1.00296,1.00592,10.0292,10.1793,10.8810283121
340,10,1.01757,1.00303,1.00547,10.0301,10.1649,10.8371592339
380,10,1.01679,1.00301,1.00504,10.0299,10.1516,10.959929448
420,10,1.01563,1.00294,1.00464,10.0293,10.1398,11.028020557
60,10,0.97237,0.929456,0,9.30189,0,10.4129575296
