100,5,1.02029,1.0088,1.00741,5.04417,5.2257,5.46773445698
130,5,1.01854,1.00652,1.00572,5.03269,5.1738,5.42335716757
160,5,1.01773,1.0051,1.00459,5.02553,5.13968,5.45988434571
190,5,1.0183,1.00414,1.00382,5.02071,5.11584,5.39843399625
220,5,1.01461,1.00346,1.00326,5.01728,5.09845,5.38197241998
250,5,1.01426,1.00295,1.00284,5.01474,5.08522,5.42355742805
280,5,1.0167,1.00256,1.00248,5.01278,5.0749,5.38937022814
310,5,1.01498,1.00225,1.00221,5.01124,5.06662,5.44020978096
35,5,1.02542,1.02238,0,5.11234,0,5.4468715909
5,5,0.500718,0.326462,0,1.54274,0,2.67612063258
65,5,1.02339,1.01381,0,5.06955,0,5.46862889964
