100,30,1.05854,1.05297,1.04429,31.6286,31.3542,34.8331870544
130,30,1.05014,1.03941,1.03433,31.2008,31.0428,34.2963292694
160,30,1.04227,1.0309,1.02772,30.9359,30.8381,34.2821174622
190,30,1.03602,1.02514,1.02308,30.7582,30.6951,33.8392869744
220,30,1.03488,1.02101,1.01967,30.632,30.5907,33.6587914138
250,30,1.03122,1.01793,1.01706,30.5383,30.5113,33.7890083078
280,30,1.02684,1.01557,1.01503,30.4665,30.4494,33.5740865297
310,30,1.02695,1.01369,1.01339,30.4099,30.3997,33.760435763
35,30,1.10992,1.14089,0,34.4111,0,36.0594441424
5,30,2.10777,1.45965,0,5.92791,0,18.0432204851
65,30,1.07653,1.08291,0,32.5929,0,35.3996738686
