150.00 123.00
150.00 82.063
150.00 61.560
150.00 49.247
150.00 41.034
150.00 35.165
150.00 30.762
150.00 27.337
150.00 24.597
150.00 22.354
150.00 20.485
150.00 18.903
150.00 17.548
150.00 16.372
150.00 15.344
150.00 14.437
150.00 13.630
150.00 12.909
150.00 12.259
150.00 11.671
150.00 11.137
150.00 10.649
150.00 10.202
150.00 9.7904
150.00 9.4106
150.00 9.0589
150.00 8.7323
150.00 8.4282
150.00 8.1445
150.00 7.8790
150.00 7.6301
150.00 7.3962
150.00 7.1762
150.00 6.9687
150.00 6.7727
150.00 6.5873
150.00 6.4117
150.00 6.2450
150.00 6.0867
150.00 5.9361
150.00 5.7927
150.00 5.6560
150.00 5.5255
150.00 5.4007
150.00 5.2814
150.00 5.1672
150.00 5.0577
150.00 4.9527
150.00 4.8519
150.00 4.7550
150.00 4.6619
150.00 4.5723
150.00 4.4860
150.00 4.4028
150.00 4.3226
150.00 4.2452
150.00 4.1705
150.00 4.0983
150.00 4.0286
150.00 3.9611
150.00 3.8957
150.00 3.8325
150.00 3.7712
150.00 3.7118
150.00 3.6543
150.00 3.5984
150.00 3.5442
150.00 3.4915
150.00 3.4404
150.00 3.3906
150.00 3.3423
150.00 3.2953
150.00 3.2496
150.00 3.2051
150.00 3.1617
150.00 3.1195
150.00 3.0783
150.00 3.0382
150.00 2.9991
150.00 2.9610
150.00 2.9238
150.00 2.8875
150.00 2.8521
150.00 2.8174
150.00 2.7836
150.00 2.7506
150.00 2.7183
150.00 2.6868
150.00 2.6559
150.00 2.6257
150.00 2.5962
150.00 2.5673
150.00 2.5391
150.00 2.5114
150.00 2.4843
150.00 2.4577
150.00 2.4317
150.00 2.4062
150.00 2.3813
150.00 2.3568
150.00 2.3328
150.00 2.3093
150.00 2.2862
150.00 2.2636
150.00 2.2413
150.00 2.2195
150.00 2.1982
150.00 2.1772
150.00 2.1565
150.00 2.1363
150.00 2.1164
150.00 2.0969
150.00 2.0777
150.00 2.0588
150.00 2.0403
150.00 2.0220
150.00 2.0041
150.00 1.9865
150.00 1.9692
150.00 1.9522
150.00 1.9354
150.00 1.9189
150.00 1.9027
150.00 1.8867
150.00 1.8710
150.00 1.8556
150.00 1.8404
150.00 1.8254
150.00 1.8106
150.00 1.7961
150.00 1.7818
150.00 1.7677
150.00 1.7538
150.00 1.7401
150.00 1.7267
150.00 1.7134
150.00 1.7003
150.00 1.6874
150.00 1.6747
150.00 1.6622
150.00 1.6498
150.00 1.6376
150.00 1.6256
150.00 1.6137
150.00 1.6020
150.00 1.5905
150.00 1.5791
150.00 1.5679
150.00 1.5568
150.00 1.5459
150.00 1.5351
150.00 1.5245
150.00 1.5140
150.00 1.5036
150.00 1.4934
150.00 1.4832
150.00 1.4733
150.00 1.4634
150.00 1.4537
150.00 1.4441
150.00 1.4346
150.00 1.4252
150.00 1.4159
150.00 1.4068
150.00 1.3977
150.00 1.3888
150.00 1.3800
150.00 1.3712
150.00 1.3626
150.00 1.3541
150.00 1.3457
150.00 1.3373
150.00 1.3291
150.00 1.3210
150.00 1.3129
150.00 1.3050
150.00 1.2971
150.00 1.2893
150.00 1.2816
150.00 1.2740
150.00 1.2665
150.00 1.2591
150.00 1.2517
150.00 1.2444
150.00 1.2372
150.00 1.2301
150.00 1.2231
150.00 1.2161
150.00 1.2092
150.00 1.2023
150.00 1.1956
150.00 1.1889
150.00 1.1823
150.00 1.1757
150.00 1.1692
150.00 1.1628
150.00 1.1564
150.00 1.1501
150.00 1.1439
150.00 1.1377
150.00 1.1316
150.00 1.1256
150.00 1.1196
150.00 1.1137
150.00 1.1078
150.00 1.1020
150.00 1.0962
150.00 1.0905
150.00 1.0848
150.00 1.0792
150.00 1.0737
150.00 1.0682
150.00 1.0627
150.00 1.0573
150.00 1.0520
150.00 1.0467
150.00 1.0415
150.00 1.0363
150.00 1.0311
150.00 1.0260
150.00 1.0209
150.00 1.0159
150.00 1.0109
150.00 1.0060
150.00 1.0011
150.00 0.99629
150.00 0.99149
150.00 0.98673
150.00 0.98201
150.00 0.97734
150.00 0.97270
150.00 0.96810
150.00 0.96355
150.00 0.95903
150.00 0.95454
150.00 0.95010
150.00 0.94569
150.00 0.94132
150.00 0.93699
150.00 0.93269
150.00 0.92843
150.00 0.92420
150.00 0.92001
150.00 0.91584
150.00 0.91172
150.00 0.90763
150.00 0.90356
150.00 0.89954
150.00 0.89554
150.00 0.89158
150.00 0.88764
150.00 0.88374
150.00 0.87987
150.00 0.87602
150.00 0.87221
150.00 0.86843
150.00 0.86468
150.00 0.86095
150.00 0.85725
150.00 0.85358
150.00 0.84994
150.00 0.84633
150.00 0.84274
150.00 0.83918
150.00 0.83565
150.00 0.83214
150.00 0.82866
150.00 0.82521
150.00 0.82178
150.00 0.81837
150.00 0.81499
150.00 0.81164
150.00 0.80830
150.00 0.80500
150.00 0.80171
150.00 0.79845
150.00 0.79522
150.00 0.79200
150.00 0.78881
150.00 0.78564
150.00 0.78249
150.00 0.77937
150.00 0.77627
150.00 0.77318
150.00 0.77012
150.00 0.76708
150.00 0.76407
150.00 0.76107
150.00 0.75809
150.00 0.75513
150.00 0.75220
150.00 0.74928
150.00 0.74638
150.00 0.74350
150.00 0.74064
150.00 0.73780
150.00 0.73498
150.00 0.73218
150.00 0.72939
150.00 0.72663
150.00 0.72388
150.00 0.72115
150.00 0.71844
150.00 0.71574
150.00 0.71307
150.00 0.71040
150.00 0.70776
150.00 0.70514
150.00 0.70253
150.00 0.69993
150.00 0.69736
150.00 0.69479
150.00 0.69225
150.00 0.68972
150.00 0.68721
150.00 0.68471
150.00 0.68223
150.00 0.67976
150.00 0.67731
150.00 0.67487
150.00 0.67245
150.00 0.67005
150.00 0.66765
150.00 0.66528
150.00 0.66291
150.00 0.66056
150.00 0.65823
150.00 0.65591
150.00 0.65360
150.00 0.65131
150.00 0.64903
150.00 0.64676
150.00 0.64451
150.00 0.64227
150.00 0.64004
150.00 0.63783
150.00 0.63563
150.00 0.63344
150.00 0.63126
150.00 0.62910
150.00 0.62695
150.00 0.62481
150.00 0.62268
150.00 0.62057
150.00 0.61847
150.00 0.61638
150.00 0.61430
150.00 0.61223
150.00 0.61017
150.00 0.60813
150.00 0.60610
150.00 0.60408
150.00 0.60207
150.00 0.60007
150.00 0.59808
150.00 0.59610
150.00 0.59414
150.00 0.59218
150.00 0.59024
150.00 0.58830
150.00 0.58638
150.00 0.58446
150.00 0.58256
150.00 0.58067
150.00 0.57878
150.00 0.57691
150.00 0.57505
150.00 0.57319
150.00 0.57135
150.00 0.56952
150.00 0.56769
150.00 0.56588
150.00 0.56407
150.00 0.56228
150.00 0.56049
150.00 0.55871
150.00 0.55694
150.00 0.55518
150.00 0.55343
150.00 0.55169
150.00 0.54996
150.00 0.54824
150.00 0.54652
150.00 0.54482
150.00 0.54312
150.00 0.54143
150.00 0.53975
150.00 0.53808
150.00 0.53641
150.00 0.53476
150.00 0.53311
150.00 0.53147
150.00 0.52984
150.00 0.52822
150.00 0.52660
150.00 0.52500
150.00 0.52340
150.00 0.52181
150.00 0.52022
150.00 0.51864
150.00 0.51708
150.00 0.51552
150.00 0.51396
150.00 0.51242
150.00 0.51088
150.00 0.50934
150.00 0.50782
150.00 0.50630
150.00 0.50479
150.00 0.50329
150.00 0.50180
150.00 0.50031
150.00 0.49882
150.00 0.49735
150.00 0.49588
150.00 0.49442
150.00 0.49297
150.00 0.49152
150.00 0.49008
150.00 0.48864
150.00 0.48721
150.00 0.48579
150.00 0.48438
150.00 0.48297
150.00 0.48157
150.00 0.48017
150.00 0.47878
150.00 0.47740
150.00 0.47602
150.00 0.47465
150.00 0.47328
150.00 0.47193
150.00 0.47057
150.00 0.46923
150.00 0.46788
150.00 0.46655
150.00 0.46522
150.00 0.46390
150.00 0.46258
150.00 0.46127
150.00 0.45996
150.00 0.45866
150.00 0.45736
150.00 0.45607
150.00 0.45479
150.00 0.45351
150.00 0.45224
150.00 0.45097
150.00 0.44971
150.00 0.44845
150.00 0.44720
150.00 0.44595
150.00 0.44471
150.00 0.44348
150.00 0.44225
150.00 0.44102
150.00 0.43980
150.00 0.43859
150.00 0.43737
150.00 0.43617
150.00 0.43497
150.00 0.43377
150.00 0.43258
150.00 0.43140
150.00 0.43022
150.00 0.42904
150.00 0.42787
150.00 0.42670
150.00 0.42554
150.00 0.42438
150.00 0.42323
150.00 0.42208
150.00 0.42094
150.00 0.41980
150.00 0.41867
150.00 0.41754
150.00 0.41641
150.00 0.41529
150.00 0.41417
150.00 0.41306
150.00 0.41195
150.00 0.41085
150.00 0.40975
150.00 0.40866
150.00 0.40757
150.00 0.40648
150.00 0.40540
150.00 0.40432
150.00 0.40325
150.00 0.40218
150.00 0.40111
150.00 0.40005
150.00 0.39899
150.00 0.39794
150.00 0.39689
150.00 0.39584
150.00 0.39480
150.00 0.39376
150.00 0.39273
150.00 0.39170
150.00 0.39067
150.00 0.38965
150.00 0.38863
150.00 0.38762
150.00 0.38660
150.00 0.38560
150.00 0.38459
150.00 0.38359
150.00 0.38260
150.00 0.38160
150.00 0.38061
150.00 0.37963
150.00 0.37865
150.00 0.37767
150.00 0.37669
150.00 0.37572
150.00 0.37475
150.00 0.37379
150.00 0.37283
150.00 0.37187
150.00 0.37092
150.00 0.36997
150.00 0.36902
150.00 0.36807
150.00 0.36713
150.00 0.36620
150.00 0.36526
150.00 0.36433
150.00 0.36340
150.00 0.36248
150.00 0.36156
150.00 0.36064
150.00 0.35972
150.00 0.35881
150.00 0.35790
150.00 0.35700
150.00 0.35609
150.00 0.35519
150.00 0.35430
150.00 0.35340
150.00 0.35251
150.00 0.35162
150.00 0.35074
150.00 0.34986
150.00 0.34898
150.00 0.34810
150.00 0.34723
150.00 0.34636
150.00 0.34549
150.00 0.34463
150.00 0.34377
150.00 0.34291
150.00 0.34205
150.00 0.34120
150.00 0.34035
150.00 0.33950
150.00 0.33866
150.00 0.33782
150.00 0.33698
150.00 0.33614
150.00 0.33531
150.00 0.33448
150.00 0.33365
150.00 0.33282
150.00 0.33200
150.00 0.33118
150.00 0.33036
150.00 0.32954
150.00 0.32873
150.00 0.32792
150.00 0.32711
150.00 0.32631
150.00 0.32550
150.00 0.32470
150.00 0.32390
150.00 0.32311
150.00 0.32232
150.00 0.32152
150.00 0.32074
150.00 0.31995
150.00 0.31917
150.00 0.31839
150.00 0.31761
150.00 0.31683
150.00 0.31606
150.00 0.31529
150.00 0.31452
150.00 0.31375
150.00 0.31298
150.00 0.31222
150.00 0.31146
150.00 0.31070
150.00 0.30995
150.00 0.30919
150.00 0.30844
150.00 0.30769
150.00 0.30694
150.00 0.30620
150.00 0.30546
150.00 0.30472
150.00 0.30398
