360.00 295.40
360.00 197.15
360.00 147.95
360.00 118.39
360.00 98.683
360.00 84.598
360.00 74.032
360.00 65.811
360.00 59.234
360.00 53.852
360.00 49.366
360.00 45.571
360.00 42.317
360.00 39.496
360.00 37.029
360.00 34.851
360.00 32.915
360.00 31.183
360.00 29.624
360.00 28.214
360.00 26.931
360.00 25.761
360.00 24.687
360.00 23.700
360.00 22.788
360.00 21.944
360.00 21.161
360.00 20.431
360.00 19.750
360.00 19.113
360.00 18.515
360.00 17.954
360.00 17.426
360.00 16.928
360.00 16.458
360.00 16.013
360.00 15.592
360.00 15.192
360.00 14.812
360.00 14.451
360.00 14.106
360.00 13.778
360.00 13.465
360.00 13.166
360.00 12.880
360.00 12.605
360.00 12.343
360.00 12.091
360.00 11.849
360.00 11.616
360.00 11.393
360.00 11.178
360.00 10.971
360.00 10.771
360.00 10.579
360.00 10.393
360.00 10.214
360.00 10.041
360.00 9.8734
360.00 9.7115
360.00 9.5548
360.00 9.4030
360.00 9.2560
360.00 9.1136
360.00 8.9754
360.00 8.8414
360.00 8.7113
360.00 8.5850
360.00 8.4623
360.00 8.3430
360.00 8.2271
360.00 8.1143
360.00 8.0046
360.00 7.8978
360.00 7.7939
360.00 7.6926
360.00 7.5939
360.00 7.4977
360.00 7.4039
360.00 7.3125
360.00 7.2232
360.00 7.1362
360.00 7.0512
360.00 6.9681
360.00 6.8871
360.00 6.8079
360.00 6.7304
360.00 6.6548
360.00 6.5808
360.00 6.5084
360.00 6.4376
360.00 6.3683
360.00 6.3005
360.00 6.2342
360.00 6.1692
360.00 6.1055
360.00 6.0432
360.00 5.9821
360.00 5.9222
360.00 5.8635
360.00 5.8060
360.00 5.7496
360.00 5.6943
360.00 5.6400
360.00 5.5867
360.00 5.5345
360.00 5.4832
360.00 5.4328
360.00 5.3834
360.00 5.3349
360.00 5.2872
360.00 5.2403
360.00 5.1943
360.00 5.1491
360.00 5.1047
360.00 5.0610
360.00 5.0181
360.00 4.9759
360.00 4.9344
360.00 4.8936
360.00 4.8534
360.00 4.8139
360.00 4.7751
360.00 4.7368
360.00 4.6992
360.00 4.6621
360.00 4.6257
360.00 4.5898
360.00 4.5544
360.00 4.5196
360.00 4.4854
360.00 4.4516
360.00 4.4183
360.00 4.3856
360.00 4.3533
360.00 4.3215
360.00 4.2901
360.00 4.2592
360.00 4.2288
360.00 4.1988
360.00 4.1692
360.00 4.1400
360.00 4.1112
360.00 4.0828
360.00 4.0548
360.00 4.0272
360.00 3.9999
360.00 3.9731
360.00 3.9465
360.00 3.9204
360.00 3.8945
360.00 3.8691
360.00 3.8439
360.00 3.8191
360.00 3.7946
360.00 3.7704
360.00 3.7465
360.00 3.7229
360.00 3.6996
360.00 3.6766
360.00 3.6538
360.00 3.6314
360.00 3.6092
360.00 3.5873
360.00 3.5657
360.00 3.5443
360.00 3.5232
360.00 3.5023
360.00 3.4817
360.00 3.4613
360.00 3.4411
360.00 3.4212
360.00 3.4015
360.00 3.3821
360.00 3.3628
360.00 3.3438
360.00 3.3250
360.00 3.3064
360.00 3.2880
360.00 3.2698
360.00 3.2518
360.00 3.2340
360.00 3.2164
360.00 3.1990
360.00 3.1818
360.00 3.1647
360.00 3.1479
360.00 3.1312
360.00 3.1147
360.00 3.0983
360.00 3.0822
360.00 3.0662
360.00 3.0504
360.00 3.0347
360.00 3.0192
360.00 3.0038
360.00 2.9886
360.00 2.9736
360.00 2.9587
360.00 2.9440
360.00 2.9294
360.00 2.9149
360.00 2.9006
360.00 2.8864
360.00 2.8724
360.00 2.8585
360.00 2.8447
360.00 2.8311
360.00 2.8176
360.00 2.8042
360.00 2.7910
360.00 2.7778
360.00 2.7648
360.00 2.7520
360.00 2.7392
360.00 2.7265
360.00 2.7140
360.00 2.7016
360.00 2.6893
360.00 2.6771
360.00 2.6650
360.00 2.6531
360.00 2.6412
360.00 2.6294
360.00 2.6178
360.00 2.6062
360.00 2.5948
360.00 2.5834
360.00 2.5722
360.00 2.5610
360.00 2.5500
360.00 2.5390
360.00 2.5281
360.00 2.5173
360.00 2.5067
360.00 2.4961
360.00 2.4856
360.00 2.4751
360.00 2.4648
360.00 2.4546
360.00 2.4444
360.00 2.4343
360.00 2.4243
360.00 2.4144
360.00 2.4046
360.00 2.3948
360.00 2.3851
360.00 2.3755
360.00 2.3660
360.00 2.3566
360.00 2.3472
360.00 2.3379
360.00 2.3287
360.00 2.3195
360.00 2.3105
360.00 2.3015
360.00 2.2925
360.00 2.2837
360.00 2.2749
360.00 2.2661
360.00 2.2575
360.00 2.2488
360.00 2.2403
360.00 2.2318
360.00 2.2234
360.00 2.2151
360.00 2.2068
360.00 2.1986
360.00 2.1904
360.00 2.1823
360.00 2.1743
360.00 2.1663
360.00 2.1584
360.00 2.1505
360.00 2.1427
360.00 2.1350
360.00 2.1273
360.00 2.1196
360.00 2.1120
360.00 2.1045
360.00 2.0970
360.00 2.0896
360.00 2.0822
360.00 2.0749
360.00 2.0676
360.00 2.0604
360.00 2.0532
360.00 2.0461
360.00 2.0391
360.00 2.0320
360.00 2.0251
360.00 2.0181
360.00 2.0112
360.00 2.0044
360.00 1.9976
360.00 1.9909
360.00 1.9842
360.00 1.9775
360.00 1.9709
360.00 1.9644
360.00 1.9578
360.00 1.9514
360.00 1.9449
360.00 1.9385
360.00 1.9322
360.00 1.9259
360.00 1.9196
360.00 1.9134
360.00 1.9072
360.00 1.9011
360.00 1.8950
360.00 1.8889
360.00 1.8829
360.00 1.8769
360.00 1.8709
360.00 1.8650
360.00 1.8591
360.00 1.8533
360.00 1.8475
360.00 1.8417
360.00 1.8360
360.00 1.8303
360.00 1.8246
360.00 1.8190
360.00 1.8134
360.00 1.8078
360.00 1.8023
360.00 1.7968
360.00 1.7914
360.00 1.7859
360.00 1.7805
360.00 1.7752
360.00 1.7698
360.00 1.7646
360.00 1.7593
360.00 1.7541
360.00 1.7488
360.00 1.7437
360.00 1.7385
360.00 1.7334
360.00 1.7283
360.00 1.7233
360.00 1.7183
360.00 1.7133
360.00 1.7083
360.00 1.7034
360.00 1.6985
360.00 1.6936
360.00 1.6887
360.00 1.6839
360.00 1.6791
360.00 1.6744
360.00 1.6696
360.00 1.6649
360.00 1.6602
360.00 1.6555
360.00 1.6509
360.00 1.6463
360.00 1.6417
360.00 1.6372
360.00 1.6326
360.00 1.6281
360.00 1.6236
360.00 1.6192
360.00 1.6147
360.00 1.6103
360.00 1.6059
360.00 1.6016
360.00 1.5972
360.00 1.5929
360.00 1.5886
360.00 1.5843
360.00 1.5801
360.00 1.5759
360.00 1.5717
360.00 1.5675
360.00 1.5633
360.00 1.5592
360.00 1.5551
360.00 1.5510
360.00 1.5469
360.00 1.5429
360.00 1.5388
360.00 1.5348
360.00 1.5308
360.00 1.5269
360.00 1.5229
360.00 1.5190
360.00 1.5151
360.00 1.5112
360.00 1.5073
360.00 1.5035
360.00 1.4997
360.00 1.4959
360.00 1.4921
360.00 1.4883
360.00 1.4846
360.00 1.4808
360.00 1.4771
360.00 1.4734
360.00 1.4697
360.00 1.4661
360.00 1.4624
360.00 1.4588
360.00 1.4552
360.00 1.4516
360.00 1.4481
360.00 1.4445
360.00 1.4410
360.00 1.4375
360.00 1.4340
360.00 1.4305
360.00 1.4270
360.00 1.4236
360.00 1.4201
360.00 1.4167
360.00 1.4133
360.00 1.4099
360.00 1.4066
360.00 1.4032
360.00 1.3999
360.00 1.3966
360.00 1.3933
360.00 1.3900
360.00 1.3867
360.00 1.3835
360.00 1.3802
360.00 1.3770
360.00 1.3738
360.00 1.3706
360.00 1.3674
360.00 1.3642
360.00 1.3611
360.00 1.3579
360.00 1.3548
360.00 1.3517
360.00 1.3486
360.00 1.3455
360.00 1.3425
360.00 1.3394
360.00 1.3364
360.00 1.3333
360.00 1.3303
360.00 1.3273
360.00 1.3243
360.00 1.3214
360.00 1.3184
360.00 1.3155
360.00 1.3125
360.00 1.3096
360.00 1.3067
360.00 1.3038
360.00 1.3009
360.00 1.2981
360.00 1.2952
360.00 1.2924
360.00 1.2895
360.00 1.2867
360.00 1.2839
360.00 1.2811
360.00 1.2783
360.00 1.2756
360.00 1.2728
360.00 1.2701
360.00 1.2673
360.00 1.2646
360.00 1.2619
360.00 1.2592
360.00 1.2565
360.00 1.2538
360.00 1.2512
360.00 1.2485
360.00 1.2459
360.00 1.2432
360.00 1.2406
360.00 1.2380
360.00 1.2354
360.00 1.2328
360.00 1.2303
360.00 1.2277
360.00 1.2251
360.00 1.2226
360.00 1.2201
360.00 1.2175
360.00 1.2150
360.00 1.2125
360.00 1.2100
360.00 1.2075
360.00 1.2051
360.00 1.2026
360.00 1.2002
360.00 1.1977
360.00 1.1953
360.00 1.1929
360.00 1.1904
360.00 1.1880
360.00 1.1856
360.00 1.1833
360.00 1.1809
360.00 1.1785
360.00 1.1762
360.00 1.1738
360.00 1.1715
360.00 1.1692
360.00 1.1668
360.00 1.1645
360.00 1.1622
360.00 1.1599
360.00 1.1577
360.00 1.1554
360.00 1.1531
360.00 1.1509
360.00 1.1486
360.00 1.1464
360.00 1.1442
360.00 1.1419
360.00 1.1397
360.00 1.1375
360.00 1.1353
360.00 1.1331
360.00 1.1310
360.00 1.1288
360.00 1.1266
360.00 1.1245
360.00 1.1223
360.00 1.1202
360.00 1.1181
360.00 1.1159
360.00 1.1138
360.00 1.1117
360.00 1.1096
360.00 1.1075
360.00 1.1055
360.00 1.1034
360.00 1.1013
360.00 1.0993
360.00 1.0972
360.00 1.0952
360.00 1.0931
360.00 1.0911
360.00 1.0891
360.00 1.0871
360.00 1.0851
360.00 1.0831
360.00 1.0811
360.00 1.0791
360.00 1.0771
360.00 1.0752
360.00 1.0732
360.00 1.0712
360.00 1.0693
360.00 1.0673
360.00 1.0654
360.00 1.0635
360.00 1.0616
360.00 1.0597
360.00 1.0578
360.00 1.0559
360.00 1.0540
360.00 1.0521
360.00 1.0502
360.00 1.0483
360.00 1.0465
360.00 1.0446
360.00 1.0427
360.00 1.0409
360.00 1.0391
360.00 1.0372
360.00 1.0354
360.00 1.0336
360.00 1.0318
360.00 1.0300
360.00 1.0282
360.00 1.0264
360.00 1.0246
360.00 1.0228
360.00 1.0210
360.00 1.0193
360.00 1.0175
360.00 1.0157
360.00 1.0140
360.00 1.0122
360.00 1.0105
360.00 1.0088
360.00 1.0070
360.00 1.0053
360.00 1.0036
360.00 1.0019
360.00 1.0002
360.00 0.99849
360.00 0.99679
360.00 0.99511
360.00 0.99342
360.00 0.99175
360.00 0.99008
360.00 0.98841
360.00 0.98676
360.00 0.98510
360.00 0.98345
360.00 0.98181
360.00 0.98018
