315.00 258.37
315.00 172.40
315.00 129.35
315.00 103.49
315.00 86.244
315.00 73.920
315.00 64.674
315.00 57.481
315.00 51.726
315.00 47.017
315.00 43.092
315.00 39.770
315.00 36.923
315.00 34.456
315.00 32.296
315.00 30.391
315.00 28.697
315.00 27.181
315.00 25.817
315.00 24.583
315.00 23.461
315.00 22.437
315.00 21.498
315.00 20.633
315.00 19.836
315.00 19.097
315.00 18.412
315.00 17.773
315.00 17.177
315.00 16.620
315.00 16.097
315.00 15.606
315.00 15.144
315.00 14.708
315.00 14.297
315.00 13.907
315.00 13.539
315.00 13.189
315.00 12.856
315.00 12.540
315.00 12.239
315.00 11.952
315.00 11.678
315.00 11.416
315.00 11.165
315.00 10.925
315.00 10.696
315.00 10.475
315.00 10.263
315.00 10.060
315.00 9.8645
315.00 9.6763
315.00 9.4951
315.00 9.3205
315.00 9.1521
315.00 8.9897
315.00 8.8328
315.00 8.6812
315.00 8.5347
315.00 8.3930
315.00 8.2559
315.00 8.1231
315.00 7.9945
315.00 7.8698
315.00 7.7489
315.00 7.6316
315.00 7.5178
315.00 7.4072
315.00 7.2999
315.00 7.1955
315.00 7.0940
315.00 6.9954
315.00 6.8993
315.00 6.8059
315.00 6.7149
315.00 6.6263
315.00 6.5399
315.00 6.4557
315.00 6.3736
315.00 6.2936
315.00 6.2155
315.00 6.1393
315.00 6.0649
315.00 5.9922
315.00 5.9213
315.00 5.8519
315.00 5.7842
315.00 5.7180
315.00 5.6532
315.00 5.5899
315.00 5.5279
315.00 5.4673
315.00 5.4079
315.00 5.3498
315.00 5.2930
315.00 5.2373
315.00 5.1827
315.00 5.1292
315.00 5.0768
315.00 5.0254
315.00 4.9751
315.00 4.9257
315.00 4.8773
315.00 4.8298
315.00 4.7832
315.00 4.7374
315.00 4.6925
315.00 4.6484
315.00 4.6052
315.00 4.5627
315.00 4.5210
315.00 4.4800
315.00 4.4397
315.00 4.4001
315.00 4.3612
315.00 4.3230
315.00 4.2854
315.00 4.2485
315.00 4.2121
315.00 4.1764
315.00 4.1412
315.00 4.1067
315.00 4.0726
315.00 4.0392
315.00 4.0062
315.00 3.9738
315.00 3.9419
315.00 3.9105
315.00 3.8795
315.00 3.8490
315.00 3.8190
315.00 3.7895
315.00 3.7604
315.00 3.7317
315.00 3.7034
315.00 3.6756
315.00 3.6481
315.00 3.6211
315.00 3.5944
315.00 3.5681
315.00 3.5422
315.00 3.5166
315.00 3.4914
315.00 3.4666
315.00 3.4421
315.00 3.4179
315.00 3.3940
315.00 3.3705
315.00 3.3473
315.00 3.3244
315.00 3.3017
315.00 3.2794
315.00 3.2574
315.00 3.2356
315.00 3.2142
315.00 3.1930
315.00 3.1721
315.00 3.1514
315.00 3.1310
315.00 3.1109
315.00 3.0910
315.00 3.0713
315.00 3.0519
315.00 3.0327
315.00 3.0137
315.00 2.9950
315.00 2.9765
315.00 2.9582
315.00 2.9402
315.00 2.9223
315.00 2.9047
315.00 2.8872
315.00 2.8700
315.00 2.8529
315.00 2.8361
315.00 2.8194
315.00 2.8029
315.00 2.7866
315.00 2.7705
315.00 2.7546
315.00 2.7388
315.00 2.7232
315.00 2.7078
315.00 2.6926
315.00 2.6775
315.00 2.6625
315.00 2.6478
315.00 2.6332
315.00 2.6187
315.00 2.6044
315.00 2.5902
315.00 2.5762
315.00 2.5624
315.00 2.5486
315.00 2.5350
315.00 2.5216
315.00 2.5083
315.00 2.4951
315.00 2.4821
315.00 2.4691
315.00 2.4564
315.00 2.4437
315.00 2.4311
315.00 2.4187
315.00 2.4064
315.00 2.3943
315.00 2.3822
315.00 2.3702
315.00 2.3584
315.00 2.3467
315.00 2.3351
315.00 2.3236
315.00 2.3122
315.00 2.3009
315.00 2.2897
315.00 2.2786
315.00 2.2676
315.00 2.2568
315.00 2.2460
315.00 2.2353
315.00 2.2247
315.00 2.2142
315.00 2.2038
315.00 2.1935
315.00 2.1833
315.00 2.1732
315.00 2.1631
315.00 2.1532
315.00 2.1433
315.00 2.1335
315.00 2.1238
315.00 2.1142
315.00 2.1047
315.00 2.0953
315.00 2.0859
315.00 2.0766
315.00 2.0674
315.00 2.0583
315.00 2.0492
315.00 2.0402
315.00 2.0313
315.00 2.0225
315.00 2.0137
315.00 2.0050
315.00 1.9964
315.00 1.9878
315.00 1.9794
315.00 1.9709
315.00 1.9626
315.00 1.9543
315.00 1.9461
315.00 1.9379
315.00 1.9298
315.00 1.9218
315.00 1.9139
315.00 1.9060
315.00 1.8981
315.00 1.8903
315.00 1.8826
315.00 1.8750
315.00 1.8674
315.00 1.8598
315.00 1.8523
315.00 1.8449
315.00 1.8375
315.00 1.8302
315.00 1.8229
315.00 1.8157
315.00 1.8086
315.00 1.8015
315.00 1.7944
315.00 1.7874
315.00 1.7805
315.00 1.7736
315.00 1.7667
315.00 1.7599
315.00 1.7532
315.00 1.7465
315.00 1.7398
315.00 1.7332
315.00 1.7266
315.00 1.7201
315.00 1.7136
315.00 1.7072
315.00 1.7008
315.00 1.6945
315.00 1.6882
315.00 1.6820
315.00 1.6758
315.00 1.6696
315.00 1.6635
315.00 1.6574
315.00 1.6514
315.00 1.6454
315.00 1.6394
315.00 1.6335
315.00 1.6276
315.00 1.6218
315.00 1.6160
315.00 1.6102
315.00 1.6045
315.00 1.5988
315.00 1.5932
315.00 1.5875
315.00 1.5820
315.00 1.5764
315.00 1.5709
315.00 1.5655
315.00 1.5600
315.00 1.5546
315.00 1.5493
315.00 1.5439
315.00 1.5386
315.00 1.5334
315.00 1.5282
315.00 1.5230
315.00 1.5178
315.00 1.5127
315.00 1.5076
315.00 1.5025
315.00 1.4975
315.00 1.4925
315.00 1.4875
315.00 1.4826
315.00 1.4776
315.00 1.4728
315.00 1.4679
315.00 1.4631
315.00 1.4583
315.00 1.4535
315.00 1.4488
315.00 1.4441
315.00 1.4394
315.00 1.4347
315.00 1.4301
315.00 1.4255
315.00 1.4209
315.00 1.4164
315.00 1.4119
315.00 1.4074
315.00 1.4029
315.00 1.3985
315.00 1.3941
315.00 1.3897
315.00 1.3853
315.00 1.3810
315.00 1.3767
315.00 1.3724
315.00 1.3681
315.00 1.3639
315.00 1.3597
315.00 1.3555
315.00 1.3513
315.00 1.3472
315.00 1.3430
315.00 1.3389
315.00 1.3349
315.00 1.3308
315.00 1.3268
315.00 1.3228
315.00 1.3188
315.00 1.3148
315.00 1.3109
315.00 1.3070
315.00 1.3031
315.00 1.2992
315.00 1.2953
315.00 1.2915
315.00 1.2877
315.00 1.2839
315.00 1.2801
315.00 1.2763
315.00 1.2726
315.00 1.2689
315.00 1.2652
315.00 1.2615
315.00 1.2578
315.00 1.2542
315.00 1.2506
315.00 1.2470
315.00 1.2434
315.00 1.2398
315.00 1.2363
315.00 1.2328
315.00 1.2293
315.00 1.2258
315.00 1.2223
315.00 1.2188
315.00 1.2154
315.00 1.2120
315.00 1.2086
315.00 1.2052
315.00 1.2018
315.00 1.1985
315.00 1.1952
315.00 1.1918
315.00 1.1885
315.00 1.1852
315.00 1.1820
315.00 1.1787
315.00 1.1755
315.00 1.1723
315.00 1.1691
315.00 1.1659
315.00 1.1627
315.00 1.1596
315.00 1.1564
315.00 1.1533
315.00 1.1502
315.00 1.1471
315.00 1.1440
315.00 1.1409
315.00 1.1379
315.00 1.1348
315.00 1.1318
315.00 1.1288
315.00 1.1258
315.00 1.1228
315.00 1.1199
315.00 1.1169
315.00 1.1140
315.00 1.1111
315.00 1.1081
315.00 1.1052
315.00 1.1024
315.00 1.0995
315.00 1.0966
315.00 1.0938
315.00 1.0910
315.00 1.0881
315.00 1.0853
315.00 1.0825
315.00 1.0798
315.00 1.0770
315.00 1.0742
315.00 1.0715
315.00 1.0688
315.00 1.0661
315.00 1.0634
315.00 1.0607
315.00 1.0580
315.00 1.0553
315.00 1.0527
315.00 1.0500
315.00 1.0474
315.00 1.0448
315.00 1.0422
315.00 1.0396
315.00 1.0370
315.00 1.0344
315.00 1.0318
315.00 1.0293
315.00 1.0267
315.00 1.0242
315.00 1.0217
315.00 1.0192
315.00 1.0167
315.00 1.0142
315.00 1.0117
315.00 1.0093
315.00 1.0068
315.00 1.0044
315.00 1.0019
315.00 0.99951
315.00 0.99709
315.00 0.99469
315.00 0.99230
315.00 0.98992
315.00 0.98754
315.00 0.98518
315.00 0.98283
315.00 0.98049
315.00 0.97815
315.00 0.97583
315.00 0.97352
315.00 0.97121
315.00 0.96892
315.00 0.96664
315.00 0.96436
315.00 0.96209
315.00 0.95984
315.00 0.95759
315.00 0.95535
315.00 0.95312
315.00 0.95090
315.00 0.94869
315.00 0.94649
315.00 0.94430
315.00 0.94211
315.00 0.93994
315.00 0.93777
315.00 0.93561
315.00 0.93346
315.00 0.93132
315.00 0.92919
315.00 0.92707
315.00 0.92495
315.00 0.92284
315.00 0.92075
315.00 0.91866
315.00 0.91657
315.00 0.91450
315.00 0.91243
315.00 0.91038
315.00 0.90833
315.00 0.90629
315.00 0.90425
315.00 0.90223
315.00 0.90021
315.00 0.89820
315.00 0.89620
315.00 0.89420
315.00 0.89221
315.00 0.89023
315.00 0.88826
315.00 0.88630
315.00 0.88434
315.00 0.88239
315.00 0.88045
315.00 0.87852
315.00 0.87659
315.00 0.87467
315.00 0.87276
315.00 0.87085
315.00 0.86895
315.00 0.86706
315.00 0.86518
315.00 0.86330
315.00 0.86143
315.00 0.85957
315.00 0.85771
315.00 0.85586
315.00 0.85402
315.00 0.85218
315.00 0.85035
315.00 0.84853
315.00 0.84672
315.00 0.84491
315.00 0.84311
315.00 0.84131
315.00 0.83952
315.00 0.83774
315.00 0.83596
315.00 0.83419
315.00 0.83243
315.00 0.83067
315.00 0.82892
315.00 0.82718
315.00 0.82544
315.00 0.82371
315.00 0.82198
315.00 0.82026
315.00 0.81855
315.00 0.81684
315.00 0.81514
315.00 0.81344
315.00 0.81175
315.00 0.81007
315.00 0.80839
315.00 0.80672
315.00 0.80505
315.00 0.80339
315.00 0.80174
315.00 0.80009
315.00 0.79845
315.00 0.79681
315.00 0.79518
315.00 0.79355
315.00 0.79193
315.00 0.79032
315.00 0.78871
315.00 0.78711
315.00 0.78551
315.00 0.78392
315.00 0.78233
315.00 0.78075
315.00 0.77917
315.00 0.77760
315.00 0.77604
315.00 0.77448
315.00 0.77292
315.00 0.77137
315.00 0.76983
315.00 0.76829
315.00 0.76675
315.00 0.76523
315.00 0.76370
315.00 0.76218
315.00 0.76067
315.00 0.75916
315.00 0.75766
315.00 0.75616
315.00 0.75466
315.00 0.75318
315.00 0.75169
315.00 0.75021
315.00 0.74874
315.00 0.74727
315.00 0.74581
315.00 0.74435
315.00 0.74289
