395.00 324.07
395.00 216.26
395.00 162.27
395.00 129.85
395.00 108.22
395.00 92.767
395.00 81.173
395.00 72.153
395.00 64.937
395.00 59.031
395.00 54.110
395.00 49.945
395.00 46.374
395.00 43.280
395.00 40.572
395.00 38.183
395.00 36.059
395.00 34.159
395.00 32.448
395.00 30.900
395.00 29.493
395.00 28.209
395.00 27.031
395.00 25.948
395.00 24.948
395.00 24.022
395.00 23.162
395.00 22.361
395.00 21.614
395.00 20.915
395.00 20.259
395.00 19.644
395.00 19.064
395.00 18.518
395.00 18.002
395.00 17.514
395.00 17.051
395.00 16.612
395.00 16.196
395.00 15.799
395.00 15.422
395.00 15.061
395.00 14.718
395.00 14.389
395.00 14.075
395.00 13.775
395.00 13.486
395.00 13.210
395.00 12.944
395.00 12.689
395.00 12.444
395.00 12.208
395.00 11.981
395.00 11.762
395.00 11.551
395.00 11.347
395.00 11.151
395.00 10.961
395.00 10.777
395.00 10.599
395.00 10.427
395.00 10.261
395.00 10.099
395.00 9.9432
395.00 9.7916
395.00 9.6445
395.00 9.5018
395.00 9.3632
395.00 9.2285
395.00 9.0977
395.00 8.9705
395.00 8.8468
395.00 8.7264
395.00 8.6092
395.00 8.4951
395.00 8.3840
395.00 8.2757
395.00 8.1702
395.00 8.0673
395.00 7.9669
395.00 7.8690
395.00 7.7734
395.00 7.6802
395.00 7.5891
395.00 7.5001
395.00 7.4132
395.00 7.3283
395.00 7.2452
395.00 7.1640
395.00 7.0846
395.00 7.0069
395.00 6.9309
395.00 6.8565
395.00 6.7837
395.00 6.7124
395.00 6.6426
395.00 6.5742
395.00 6.5071
395.00 6.4414
395.00 6.3770
395.00 6.3139
395.00 6.2520
395.00 6.1913
395.00 6.1317
395.00 6.0733
395.00 6.0160
395.00 5.9597
395.00 5.9044
395.00 5.8502
395.00 5.7969
395.00 5.7446
395.00 5.6932
395.00 5.6428
395.00 5.5931
395.00 5.5444
395.00 5.4965
395.00 5.4494
395.00 5.4031
395.00 5.3575
395.00 5.3127
395.00 5.2687
395.00 5.2253
395.00 5.1827
395.00 5.1407
395.00 5.0994
395.00 5.0588
395.00 5.0188
395.00 4.9794
395.00 4.9406
395.00 4.9024
395.00 4.8648
395.00 4.8278
395.00 4.7913
395.00 4.7553
395.00 4.7199
395.00 4.6850
395.00 4.6506
395.00 4.6167
395.00 4.5833
395.00 4.5503
395.00 4.5178
395.00 4.4858
395.00 4.4542
395.00 4.4231
395.00 4.3923
395.00 4.3620
395.00 4.3321
395.00 4.3027
395.00 4.2736
395.00 4.2448
395.00 4.2165
395.00 4.1885
395.00 4.1609
395.00 4.1337
395.00 4.1068
395.00 4.0802
395.00 4.0540
395.00 4.0281
395.00 4.0026
395.00 3.9773
395.00 3.9524
395.00 3.9277
395.00 3.9034
395.00 3.8794
395.00 3.8556
395.00 3.8322
395.00 3.8090
395.00 3.7861
395.00 3.7634
395.00 3.7411
395.00 3.7190
395.00 3.6971
395.00 3.6755
395.00 3.6541
395.00 3.6330
395.00 3.6121
395.00 3.5915
395.00 3.5711
395.00 3.5509
395.00 3.5309
395.00 3.5112
395.00 3.4917
395.00 3.4723
395.00 3.4532
395.00 3.4343
395.00 3.4156
395.00 3.3971
395.00 3.3788
395.00 3.3607
395.00 3.3428
395.00 3.3251
395.00 3.3075
395.00 3.2901
395.00 3.2729
395.00 3.2559
395.00 3.2391
395.00 3.2224
395.00 3.2059
395.00 3.1896
395.00 3.1734
395.00 3.1574
395.00 3.1415
395.00 3.1258
395.00 3.1102
395.00 3.0948
395.00 3.0796
395.00 3.0645
395.00 3.0495
395.00 3.0347
395.00 3.0200
395.00 3.0055
395.00 2.9911
395.00 2.9768
395.00 2.9627
395.00 2.9487
395.00 2.9348
395.00 2.9210
395.00 2.9074
395.00 2.8939
395.00 2.8805
395.00 2.8673
395.00 2.8541
395.00 2.8411
395.00 2.8282
395.00 2.8154
395.00 2.8027
395.00 2.7902
395.00 2.7777
395.00 2.7654
395.00 2.7531
395.00 2.7410
395.00 2.7290
395.00 2.7170
395.00 2.7052
395.00 2.6935
395.00 2.6818
395.00 2.6703
395.00 2.6589
395.00 2.6475
395.00 2.6363
395.00 2.6251
395.00 2.6141
395.00 2.6031
395.00 2.5922
395.00 2.5814
395.00 2.5707
395.00 2.5601
395.00 2.5496
395.00 2.5391
395.00 2.5288
395.00 2.5185
395.00 2.5083
395.00 2.4982
395.00 2.4881
395.00 2.4781
395.00 2.4683
395.00 2.4585
395.00 2.4487
395.00 2.4391
395.00 2.4295
395.00 2.4200
395.00 2.4105
395.00 2.4012
395.00 2.3919
395.00 2.3826
395.00 2.3735
395.00 2.3644
395.00 2.3554
395.00 2.3464
395.00 2.3375
395.00 2.3287
395.00 2.3199
395.00 2.3112
395.00 2.3026
395.00 2.2940
395.00 2.2855
395.00 2.2771
395.00 2.2687
395.00 2.2604
395.00 2.2521
395.00 2.2439
395.00 2.2357
395.00 2.2276
395.00 2.2196
395.00 2.2116
395.00 2.2037
395.00 2.1958
395.00 2.1880
395.00 2.1803
395.00 2.1725
395.00 2.1649
395.00 2.1573
395.00 2.1497
395.00 2.1422
395.00 2.1348
395.00 2.1274
395.00 2.1200
395.00 2.1127
395.00 2.1055
395.00 2.0983
395.00 2.0911
395.00 2.0840
395.00 2.0770
395.00 2.0699
395.00 2.0630
395.00 2.0561
395.00 2.0492
395.00 2.0423
395.00 2.0355
395.00 2.0288
395.00 2.0221
395.00 2.0154
395.00 2.0088
395.00 2.0022
395.00 1.9957
395.00 1.9892
395.00 1.9828
395.00 1.9763
395.00 1.9700
395.00 1.9636
395.00 1.9573
395.00 1.9511
395.00 1.9449
395.00 1.9387
395.00 1.9326
395.00 1.9265
395.00 1.9204
395.00 1.9144
395.00 1.9084
395.00 1.9024
395.00 1.8965
395.00 1.8906
395.00 1.8848
395.00 1.8790
395.00 1.8732
395.00 1.8674
395.00 1.8617
395.00 1.8560
395.00 1.8504
395.00 1.8448
395.00 1.8392
395.00 1.8337
395.00 1.8282
395.00 1.8227
395.00 1.8172
395.00 1.8118
395.00 1.8064
395.00 1.8011
395.00 1.7957
395.00 1.7904
395.00 1.7852
395.00 1.7799
395.00 1.7747
395.00 1.7696
395.00 1.7644
395.00 1.7593
395.00 1.7542
395.00 1.7491
395.00 1.7441
395.00 1.7391
395.00 1.7341
395.00 1.7292
395.00 1.7243
395.00 1.7194
395.00 1.7145
395.00 1.7096
395.00 1.7048
395.00 1.7000
395.00 1.6953
395.00 1.6905
395.00 1.6858
395.00 1.6811
395.00 1.6765
395.00 1.6718
395.00 1.6672
395.00 1.6626
395.00 1.6581
395.00 1.6535
395.00 1.6490
395.00 1.6445
395.00 1.6400
395.00 1.6356
395.00 1.6312
395.00 1.6268
395.00 1.6224
395.00 1.6180
395.00 1.6137
395.00 1.6094
395.00 1.6051
395.00 1.6008
395.00 1.5966
395.00 1.5924
395.00 1.5882
395.00 1.5840
395.00 1.5798
395.00 1.5757
395.00 1.5716
395.00 1.5675
395.00 1.5634
395.00 1.5594
395.00 1.5553
395.00 1.5513
395.00 1.5473
395.00 1.5433
395.00 1.5394
395.00 1.5354
395.00 1.5315
395.00 1.5276
395.00 1.5237
395.00 1.5199
395.00 1.5160
395.00 1.5122
395.00 1.5084
395.00 1.5046
395.00 1.5009
395.00 1.4971
395.00 1.4934
395.00 1.4897
395.00 1.4860
395.00 1.4823
395.00 1.4786
395.00 1.4750
395.00 1.4714
395.00 1.4677
395.00 1.4642
395.00 1.4606
395.00 1.4570
395.00 1.4535
395.00 1.4499
395.00 1.4464
395.00 1.4429
395.00 1.4395
395.00 1.4360
395.00 1.4326
395.00 1.4291
395.00 1.4257
395.00 1.4223
395.00 1.4189
395.00 1.4156
395.00 1.4122
395.00 1.4089
395.00 1.4055
395.00 1.4022
395.00 1.3989
395.00 1.3957
395.00 1.3924
395.00 1.3892
395.00 1.3859
395.00 1.3827
395.00 1.3795
395.00 1.3763
395.00 1.3731
395.00 1.3700
395.00 1.3668
395.00 1.3637
395.00 1.3606
395.00 1.3575
395.00 1.3544
395.00 1.3513
395.00 1.3482
395.00 1.3452
395.00 1.3421
395.00 1.3391
395.00 1.3361
395.00 1.3331
395.00 1.3301
395.00 1.3271
395.00 1.3241
395.00 1.3212
395.00 1.3182
395.00 1.3153
395.00 1.3124
395.00 1.3095
395.00 1.3066
395.00 1.3037
395.00 1.3009
395.00 1.2980
395.00 1.2952
395.00 1.2923
395.00 1.2895
395.00 1.2867
395.00 1.2839
395.00 1.2811
395.00 1.2784
395.00 1.2756
395.00 1.2729
395.00 1.2701
395.00 1.2674
395.00 1.2647
395.00 1.2620
395.00 1.2593
395.00 1.2566
395.00 1.2539
395.00 1.2513
395.00 1.2486
395.00 1.2460
395.00 1.2434
395.00 1.2407
395.00 1.2381
395.00 1.2355
395.00 1.2329
395.00 1.2304
395.00 1.2278
395.00 1.2252
395.00 1.2227
395.00 1.2202
395.00 1.2176
395.00 1.2151
395.00 1.2126
395.00 1.2101
395.00 1.2076
395.00 1.2052
395.00 1.2027
395.00 1.2002
395.00 1.1978
395.00 1.1953
395.00 1.1929
395.00 1.1905
395.00 1.1881
395.00 1.1857
395.00 1.1833
395.00 1.1809
395.00 1.1785
395.00 1.1762
395.00 1.1738
395.00 1.1715
395.00 1.1691
395.00 1.1668
395.00 1.1645
395.00 1.1622
395.00 1.1599
395.00 1.1576
395.00 1.1553
395.00 1.1530
395.00 1.1507
395.00 1.1485
395.00 1.1462
395.00 1.1440
395.00 1.1417
395.00 1.1395
395.00 1.1373
395.00 1.1351
395.00 1.1329
395.00 1.1307
395.00 1.1285
395.00 1.1263
395.00 1.1242
395.00 1.1220
395.00 1.1198
395.00 1.1177
395.00 1.1155
395.00 1.1134
395.00 1.1113
395.00 1.1092
395.00 1.1071
395.00 1.1050
395.00 1.1029
395.00 1.1008
395.00 1.0987
395.00 1.0966
395.00 1.0946
395.00 1.0925
395.00 1.0905
395.00 1.0884
395.00 1.0864
395.00 1.0844
395.00 1.0823
395.00 1.0803
395.00 1.0783
395.00 1.0763
395.00 1.0743
395.00 1.0724
395.00 1.0704
395.00 1.0684
395.00 1.0664
395.00 1.0645
395.00 1.0625
395.00 1.0606
395.00 1.0586
395.00 1.0567
395.00 1.0548
395.00 1.0529
395.00 1.0510
395.00 1.0491
395.00 1.0472
395.00 1.0453
395.00 1.0434
395.00 1.0415
395.00 1.0396
395.00 1.0378
395.00 1.0359
395.00 1.0341
395.00 1.0322
395.00 1.0304
395.00 1.0285
395.00 1.0267
395.00 1.0249
395.00 1.0231
395.00 1.0213
395.00 1.0194
395.00 1.0176
