355.00 291.22
355.00 194.34
355.00 145.81
355.00 116.67
355.00 97.236
355.00 83.347
355.00 72.927
355.00 64.821
355.00 58.335
355.00 53.028
355.00 48.605
355.00 44.861
355.00 41.653
355.00 38.872
355.00 36.438
355.00 34.291
355.00 32.382
355.00 30.674
355.00 29.137
355.00 27.746
355.00 26.481
355.00 25.327
355.00 24.268
355.00 23.294
355.00 22.396
355.00 21.563
355.00 20.790
355.00 20.071
355.00 19.399
355.00 18.771
355.00 18.182
355.00 17.629
355.00 17.108
355.00 16.617
355.00 16.153
355.00 15.714
355.00 15.299
355.00 14.904
355.00 14.530
355.00 14.173
355.00 13.834
355.00 13.511
355.00 13.202
355.00 12.907
355.00 12.624
355.00 12.354
355.00 12.095
355.00 11.846
355.00 11.608
355.00 11.379
355.00 11.158
355.00 10.946
355.00 10.742
355.00 10.545
355.00 10.355
355.00 10.172
355.00 9.9956
355.00 9.8248
355.00 9.6597
355.00 9.5000
355.00 9.3455
355.00 9.1959
355.00 9.0509
355.00 8.9104
355.00 8.7742
355.00 8.6420
355.00 8.5137
355.00 8.3892
355.00 8.2682
355.00 8.1506
355.00 8.0362
355.00 7.9250
355.00 7.8168
355.00 7.7115
355.00 7.6090
355.00 7.5091
355.00 7.4118
355.00 7.3169
355.00 7.2244
355.00 7.1342
355.00 7.0462
355.00 6.9604
355.00 6.8765
355.00 6.7947
355.00 6.7147
355.00 6.6366
355.00 6.5602
355.00 6.4856
355.00 6.4126
355.00 6.3413
355.00 6.2714
355.00 6.2031
355.00 6.1363
355.00 6.0708
355.00 6.0067
355.00 5.9440
355.00 5.8825
355.00 5.8222
355.00 5.7632
355.00 5.7053
355.00 5.6486
355.00 5.5929
355.00 5.5383
355.00 5.4848
355.00 5.4323
355.00 5.3808
355.00 5.3302
355.00 5.2805
355.00 5.2318
355.00 5.1839
355.00 5.1369
355.00 5.0907
355.00 5.0453
355.00 5.0007
355.00 4.9569
355.00 4.9138
355.00 4.8715
355.00 4.8299
355.00 4.7889
355.00 4.7487
355.00 4.7091
355.00 4.6701
355.00 4.6318
355.00 4.5941
355.00 4.5569
355.00 4.5204
355.00 4.4845
355.00 4.4491
355.00 4.4142
355.00 4.3799
355.00 4.3461
355.00 4.3128
355.00 4.2800
355.00 4.2476
355.00 4.2158
355.00 4.1844
355.00 4.1535
355.00 4.1230
355.00 4.0930
355.00 4.0634
355.00 4.0342
355.00 4.0054
355.00 3.9770
355.00 3.9490
355.00 3.9214
355.00 3.8941
355.00 3.8673
355.00 3.8408
355.00 3.8146
355.00 3.7888
355.00 3.7633
355.00 3.7382
355.00 3.7134
355.00 3.6889
355.00 3.6647
355.00 3.6408
355.00 3.6173
355.00 3.5940
355.00 3.5710
355.00 3.5483
355.00 3.5259
355.00 3.5038
355.00 3.4819
355.00 3.4603
355.00 3.4389
355.00 3.4178
355.00 3.3970
355.00 3.3764
355.00 3.3561
355.00 3.3360
355.00 3.3161
355.00 3.2964
355.00 3.2770
355.00 3.2578
355.00 3.2388
355.00 3.2200
355.00 3.2015
355.00 3.1831
355.00 3.1650
355.00 3.1470
355.00 3.1293
355.00 3.1117
355.00 3.0944
355.00 3.0772
355.00 3.0602
355.00 3.0434
355.00 3.0268
355.00 3.0103
355.00 2.9940
355.00 2.9779
355.00 2.9620
355.00 2.9462
355.00 2.9306
355.00 2.9151
355.00 2.8998
355.00 2.8847
355.00 2.8697
355.00 2.8549
355.00 2.8402
355.00 2.8256
355.00 2.8112
355.00 2.7970
355.00 2.7828
355.00 2.7689
355.00 2.7550
355.00 2.7413
355.00 2.7277
355.00 2.7143
355.00 2.7009
355.00 2.6877
355.00 2.6747
355.00 2.6617
355.00 2.6489
355.00 2.6362
355.00 2.6236
355.00 2.6111
355.00 2.5988
355.00 2.5865
355.00 2.5744
355.00 2.5623
355.00 2.5504
355.00 2.5386
355.00 2.5269
355.00 2.5153
355.00 2.5038
355.00 2.4924
355.00 2.4811
355.00 2.4699
355.00 2.4588
355.00 2.4478
355.00 2.4369
355.00 2.4261
355.00 2.4153
355.00 2.4047
355.00 2.3942
355.00 2.3837
355.00 2.3733
355.00 2.3630
355.00 2.3529
355.00 2.3427
355.00 2.3327
355.00 2.3228
355.00 2.3129
355.00 2.3031
355.00 2.2934
355.00 2.2838
355.00 2.2742
355.00 2.2648
355.00 2.2554
355.00 2.2461
355.00 2.2368
355.00 2.2276
355.00 2.2185
355.00 2.2095
355.00 2.2005
355.00 2.1917
355.00 2.1828
355.00 2.1741
355.00 2.1654
355.00 2.1568
355.00 2.1482
355.00 2.1397
355.00 2.1313
355.00 2.1230
355.00 2.1147
355.00 2.1064
355.00 2.0982
355.00 2.0901
355.00 2.0821
355.00 2.0741
355.00 2.0661
355.00 2.0583
355.00 2.0505
355.00 2.0427
355.00 2.0350
355.00 2.0273
355.00 2.0197
355.00 2.0122
355.00 2.0047
355.00 1.9973
355.00 1.9899
355.00 1.9826
355.00 1.9753
355.00 1.9681
355.00 1.9609
355.00 1.9538
355.00 1.9467
355.00 1.9396
355.00 1.9327
355.00 1.9257
355.00 1.9189
355.00 1.9120
355.00 1.9052
355.00 1.8985
355.00 1.8918
355.00 1.8851
355.00 1.8785
355.00 1.8719
355.00 1.8654
355.00 1.8589
355.00 1.8525
355.00 1.8461
355.00 1.8398
355.00 1.8335
355.00 1.8272
355.00 1.8210
355.00 1.8148
355.00 1.8086
355.00 1.8025
355.00 1.7965
355.00 1.7904
355.00 1.7844
355.00 1.7785
355.00 1.7726
355.00 1.7667
355.00 1.7608
355.00 1.7550
355.00 1.7493
355.00 1.7435
355.00 1.7378
355.00 1.7322
355.00 1.7266
355.00 1.7210
355.00 1.7154
355.00 1.7099
355.00 1.7044
355.00 1.6989
355.00 1.6935
355.00 1.6881
355.00 1.6828
355.00 1.6775
355.00 1.6722
355.00 1.6669
355.00 1.6617
355.00 1.6565
355.00 1.6513
355.00 1.6462
355.00 1.6411
355.00 1.6360
355.00 1.6309
355.00 1.6259
355.00 1.6209
355.00 1.6160
355.00 1.6110
355.00 1.6061
355.00 1.6013
355.00 1.5964
355.00 1.5916
355.00 1.5868
355.00 1.5820
355.00 1.5773
355.00 1.5726
355.00 1.5679
355.00 1.5633
355.00 1.5586
355.00 1.5540
355.00 1.5494
355.00 1.5449
355.00 1.5404
355.00 1.5359
355.00 1.5314
355.00 1.5269
355.00 1.5225
355.00 1.5181
355.00 1.5137
355.00 1.5094
355.00 1.5050
355.00 1.5007
355.00 1.4964
355.00 1.4922
355.00 1.4879
355.00 1.4837
355.00 1.4795
355.00 1.4753
355.00 1.4712
355.00 1.4671
355.00 1.4629
355.00 1.4589
355.00 1.4548
355.00 1.4508
355.00 1.4467
355.00 1.4427
355.00 1.4388
355.00 1.4348
355.00 1.4309
355.00 1.4269
355.00 1.4230
355.00 1.4192
355.00 1.4153
355.00 1.4115
355.00 1.4076
355.00 1.4038
355.00 1.4001
355.00 1.3963
355.00 1.3926
355.00 1.3888
355.00 1.3851
355.00 1.3814
355.00 1.3778
355.00 1.3741
355.00 1.3705
355.00 1.3669
355.00 1.3633
355.00 1.3597
355.00 1.3561
355.00 1.3526
355.00 1.3491
355.00 1.3456
355.00 1.3421
355.00 1.3386
355.00 1.3351
355.00 1.3317
355.00 1.3283
355.00 1.3249
355.00 1.3215
355.00 1.3181
355.00 1.3147
355.00 1.3114
355.00 1.3081
355.00 1.3048
355.00 1.3015
355.00 1.2982
355.00 1.2949
355.00 1.2917
355.00 1.2884
355.00 1.2852
355.00 1.2820
355.00 1.2788
355.00 1.2757
355.00 1.2725
355.00 1.2694
355.00 1.2662
355.00 1.2631
355.00 1.2600
355.00 1.2569
355.00 1.2538
355.00 1.2508
355.00 1.2477
355.00 1.2447
355.00 1.2417
355.00 1.2387
355.00 1.2357
355.00 1.2327
355.00 1.2298
355.00 1.2268
355.00 1.2239
355.00 1.2209
355.00 1.2180
355.00 1.2151
355.00 1.2122
355.00 1.2094
355.00 1.2065
355.00 1.2037
355.00 1.2008
355.00 1.1980
355.00 1.1952
355.00 1.1924
355.00 1.1896
355.00 1.1868
355.00 1.1841
355.00 1.1813
355.00 1.1786
355.00 1.1759
355.00 1.1731
355.00 1.1704
355.00 1.1677
355.00 1.1651
355.00 1.1624
355.00 1.1597
355.00 1.1571
355.00 1.1545
355.00 1.1518
355.00 1.1492
355.00 1.1466
355.00 1.1440
355.00 1.1415
355.00 1.1389
355.00 1.1363
355.00 1.1338
355.00 1.1312
355.00 1.1287
355.00 1.1262
355.00 1.1237
355.00 1.1212
355.00 1.1187
355.00 1.1162
355.00 1.1138
355.00 1.1113
355.00 1.1089
355.00 1.1064
355.00 1.1040
355.00 1.1016
355.00 1.0992
355.00 1.0968
355.00 1.0944
355.00 1.0920
355.00 1.0897
355.00 1.0873
355.00 1.0850
355.00 1.0826
355.00 1.0803
355.00 1.0780
355.00 1.0757
355.00 1.0733
355.00 1.0711
355.00 1.0688
355.00 1.0665
355.00 1.0642
355.00 1.0620
355.00 1.0597
355.00 1.0575
355.00 1.0553
355.00 1.0530
355.00 1.0508
355.00 1.0486
355.00 1.0464
355.00 1.0442
355.00 1.0420
355.00 1.0399
355.00 1.0377
355.00 1.0356
355.00 1.0334
355.00 1.0313
355.00 1.0291
355.00 1.0270
355.00 1.0249
355.00 1.0228
355.00 1.0207
355.00 1.0186
355.00 1.0165
355.00 1.0145
355.00 1.0124
355.00 1.0103
355.00 1.0083
355.00 1.0062
355.00 1.0042
355.00 1.0022
355.00 1.0001
355.00 0.99813
355.00 0.99612
355.00 0.99412
355.00 0.99213
355.00 0.99015
355.00 0.98817
355.00 0.98620
355.00 0.98424
355.00 0.98228
355.00 0.98033
355.00 0.97839
355.00 0.97646
355.00 0.97453
355.00 0.97261
355.00 0.97069
355.00 0.96879
355.00 0.96689
355.00 0.96499
355.00 0.96311
355.00 0.96123
355.00 0.95935
355.00 0.95749
355.00 0.95563
355.00 0.95378
355.00 0.95193
355.00 0.95009
355.00 0.94826
355.00 0.94643
355.00 0.94461
355.00 0.94279
355.00 0.94099
355.00 0.93918
355.00 0.93739
355.00 0.93560
355.00 0.93382
355.00 0.93204
355.00 0.93027
355.00 0.92850
355.00 0.92675
355.00 0.92499
355.00 0.92325
355.00 0.92151
355.00 0.91977
355.00 0.91804
355.00 0.91632
355.00 0.91460
355.00 0.91289
355.00 0.91119
355.00 0.90949
355.00 0.90780
355.00 0.90611
355.00 0.90443
355.00 0.90275
355.00 0.90108
355.00 0.89941
355.00 0.89775
355.00 0.89610
355.00 0.89445
355.00 0.89281
355.00 0.89117
355.00 0.88954
355.00 0.88791
355.00 0.88629
