100.00 82.056
100.00 54.764
100.00 41.095
100.00 32.887
100.00 27.412
100.00 23.499
100.00 20.564
100.00 18.281
100.00 16.454
100.00 14.959
100.00 13.713
100.00 12.658
100.00 11.754
100.00 10.971
100.00 10.285
100.00 9.6806
100.00 9.1429
100.00 8.6617
100.00 8.2287
100.00 7.8369
100.00 7.4807
100.00 7.1555
100.00 6.8574
100.00 6.5831
100.00 6.3299
100.00 6.0954
100.00 5.8777
100.00 5.6750
100.00 5.4859
100.00 5.3089
100.00 5.1430
100.00 4.9871
100.00 4.8404
100.00 4.7021
100.00 4.5714
100.00 4.4479
100.00 4.3308
100.00 4.2197
100.00 4.1142
100.00 4.0138
100.00 3.9183
100.00 3.8271
100.00 3.7401
100.00 3.6570
100.00 3.5774
100.00 3.5013
100.00 3.4283
100.00 3.3584
100.00 3.2912
100.00 3.2266
100.00 3.1645
100.00 3.1048
100.00 3.0473
100.00 2.9919
100.00 2.9384
100.00 2.8868
100.00 2.8370
100.00 2.7889
100.00 2.7424
100.00 2.6975
100.00 2.6539
100.00 2.6118
100.00 2.5710
100.00 2.5314
100.00 2.4930
100.00 2.4558
100.00 2.4197
100.00 2.3846
100.00 2.3505
100.00 2.3174
100.00 2.2852
100.00 2.2538
100.00 2.2234
100.00 2.1937
100.00 2.1648
100.00 2.1367
100.00 2.1093
100.00 2.0826
100.00 2.0565
100.00 2.0311
100.00 2.0063
100.00 1.9821
100.00 1.9585
100.00 1.9355
100.00 1.9129
100.00 1.8909
100.00 1.8694
100.00 1.8484
100.00 1.8279
100.00 1.8078
100.00 1.7881
100.00 1.7689
100.00 1.7500
100.00 1.7316
100.00 1.7135
100.00 1.6959
100.00 1.6786
100.00 1.6616
100.00 1.6450
100.00 1.6287
100.00 1.6127
100.00 1.5970
100.00 1.5816
100.00 1.5666
100.00 1.5518
100.00 1.5373
100.00 1.5230
100.00 1.5090
100.00 1.4953
100.00 1.4818
100.00 1.4686
100.00 1.4556
100.00 1.4428
100.00 1.4302
100.00 1.4179
100.00 1.4058
100.00 1.3938
100.00 1.3821
100.00 1.3706
100.00 1.3593
100.00 1.3481
100.00 1.3371
100.00 1.3263
100.00 1.3157
100.00 1.3053
100.00 1.2950
100.00 1.2849
100.00 1.2749
100.00 1.2651
100.00 1.2554
100.00 1.2459
100.00 1.2365
100.00 1.2273
100.00 1.2182
100.00 1.2092
100.00 1.2004
100.00 1.1917
100.00 1.1831
100.00 1.1746
100.00 1.1663
100.00 1.1581
100.00 1.1500
100.00 1.1420
100.00 1.1341
100.00 1.1263
100.00 1.1186
100.00 1.1111
100.00 1.1036
100.00 1.0962
100.00 1.0890
100.00 1.0818
100.00 1.0747
100.00 1.0677
100.00 1.0608
100.00 1.0540
100.00 1.0473
100.00 1.0407
100.00 1.0341
100.00 1.0277
100.00 1.0213
100.00 1.0150
100.00 1.0087
100.00 1.0026
100.00 0.99649
100.00 0.99048
100.00 0.98455
100.00 0.97868
100.00 0.97288
100.00 0.96716
100.00 0.96149
100.00 0.95590
100.00 0.95037
100.00 0.94490
100.00 0.93949
100.00 0.93415
100.00 0.92887
100.00 0.92364
100.00 0.91848
100.00 0.91337
100.00 0.90832
100.00 0.90332
100.00 0.89838
100.00 0.89350
100.00 0.88866
100.00 0.88388
100.00 0.87915
100.00 0.87447
100.00 0.86983
100.00 0.86525
100.00 0.86072
100.00 0.85623
100.00 0.85179
100.00 0.84739
100.00 0.84304
100.00 0.83874
100.00 0.83448
100.00 0.83026
100.00 0.82608
100.00 0.82195
100.00 0.81785
100.00 0.81380
100.00 0.80979
100.00 0.80581
100.00 0.80188
100.00 0.79798
100.00 0.79412
100.00 0.79030
100.00 0.78652
100.00 0.78277
100.00 0.77905
100.00 0.77538
100.00 0.77173
100.00 0.76812
100.00 0.76455
100.00 0.76100
100.00 0.75749
100.00 0.75401
100.00 0.75057
100.00 0.74715
100.00 0.74377
100.00 0.74041
100.00 0.73709
100.00 0.73380
100.00 0.73053
100.00 0.72730
100.00 0.72409
100.00 0.72091
100.00 0.71776
100.00 0.71464
100.00 0.71154
100.00 0.70847
100.00 0.70543
100.00 0.70241
100.00 0.69942
100.00 0.69645
100.00 0.69351
100.00 0.69059
100.00 0.68770
100.00 0.68483
100.00 0.68199
100.00 0.67917
100.00 0.67637
100.00 0.67360
100.00 0.67084
100.00 0.66812
100.00 0.66541
100.00 0.66272
100.00 0.66006
100.00 0.65742
100.00 0.65480
100.00 0.65219
100.00 0.64961
100.00 0.64705
100.00 0.64452
100.00 0.64200
100.00 0.63950
100.00 0.63950
100.00 0.63950
100.00 0.63701
100.00 0.63455
100.00 0.63211
100.00 0.62969
100.00 0.62728
100.00 0.62489
100.00 0.62253
100.00 0.62017
100.00 0.61784
100.00 0.61553
100.00 0.61323
100.00 0.61095
100.00 0.60868
100.00 0.60643
100.00 0.60420
100.00 0.60199
100.00 0.59979
100.00 0.59761
100.00 0.59544
100.00 0.59329
100.00 0.59115
100.00 0.58903
100.00 0.58693
100.00 0.58484
100.00 0.58276
100.00 0.58070
100.00 0.57866
100.00 0.57662
100.00 0.57461
100.00 0.57260
100.00 0.57061
100.00 0.56864
100.00 0.56668
100.00 0.56473
100.00 0.56279
100.00 0.56087
100.00 0.55896
100.00 0.55707
100.00 0.55518
100.00 0.55331
100.00 0.55146
100.00 0.54961
100.00 0.54778
100.00 0.54596
100.00 0.54415
100.00 0.54235
100.00 0.54057
100.00 0.53879
100.00 0.53703
100.00 0.53528
100.00 0.53354
100.00 0.53182
100.00 0.53010
100.00 0.52839
100.00 0.52670
100.00 0.52502
100.00 0.52334
100.00 0.52168
100.00 0.52003
100.00 0.51839
100.00 0.51676
100.00 0.51514
100.00 0.51353
100.00 0.51193
100.00 0.51034
100.00 0.50876
100.00 0.50719
100.00 0.50563
100.00 0.50407
100.00 0.50253
100.00 0.50100
100.00 0.49948
100.00 0.49796
100.00 0.49646
100.00 0.49496
100.00 0.49348
100.00 0.49200
100.00 0.49053
100.00 0.48907
100.00 0.48762
100.00 0.48618
100.00 0.48474
100.00 0.48332
100.00 0.48190
100.00 0.48049
100.00 0.47909
100.00 0.47770
100.00 0.47631
100.00 0.47493
100.00 0.47357
100.00 0.47220
100.00 0.47085
100.00 0.46951
100.00 0.46817
100.00 0.46684
100.00 0.46552
100.00 0.46420
100.00 0.46289
100.00 0.46159
100.00 0.46030
100.00 0.45902
100.00 0.45774
100.00 0.45647
100.00 0.45520
100.00 0.45395
100.00 0.45269
100.00 0.45145
100.00 0.45022
100.00 0.44899
100.00 0.44776
100.00 0.44655
100.00 0.44534
100.00 0.44413
100.00 0.44294
100.00 0.44175
100.00 0.44056
100.00 0.43938
100.00 0.43821
100.00 0.43705
100.00 0.43589
100.00 0.43474
100.00 0.43359
100.00 0.43245
100.00 0.43132
100.00 0.43019
100.00 0.42907
100.00 0.42795
100.00 0.42684
100.00 0.42573
100.00 0.42463
100.00 0.42354
100.00 0.42245
100.00 0.42137
100.00 0.42029
100.00 0.41922
100.00 0.41815
100.00 0.41709
100.00 0.41604
100.00 0.41499
100.00 0.41394
100.00 0.41291
100.00 0.41187
100.00 0.41084
100.00 0.40982
100.00 0.40880
100.00 0.40779
100.00 0.40678
100.00 0.40578
100.00 0.40478
100.00 0.40378
100.00 0.40279
100.00 0.40181
100.00 0.40083
100.00 0.39986
100.00 0.39889
100.00 0.39792
100.00 0.39696
100.00 0.39601
100.00 0.39506
100.00 0.39411
100.00 0.39317
100.00 0.39223
100.00 0.39130
100.00 0.39037
100.00 0.38945
100.00 0.38853
100.00 0.38761
100.00 0.38670
100.00 0.38580
100.00 0.38489
100.00 0.38399
100.00 0.38310
100.00 0.38221
100.00 0.38133
100.00 0.38044
100.00 0.37957
100.00 0.37869
100.00 0.37782
100.00 0.37696
100.00 0.37610
100.00 0.37524
100.00 0.37439
100.00 0.37354
100.00 0.37269
100.00 0.37185
100.00 0.37101
100.00 0.37018
100.00 0.36935
100.00 0.36852
100.00 0.36770
100.00 0.36688
100.00 0.36606
100.00 0.36525
100.00 0.36444
100.00 0.36364
100.00 0.36284
100.00 0.36204
100.00 0.36125
100.00 0.36046
100.00 0.35967
100.00 0.35888
100.00 0.35810
100.00 0.35733
100.00 0.35655
100.00 0.35578
100.00 0.35502
100.00 0.35425
100.00 0.35349
100.00 0.35274
100.00 0.35198
100.00 0.35123
100.00 0.35049
100.00 0.34974
100.00 0.34900
100.00 0.34826
100.00 0.34753
100.00 0.34680
100.00 0.34607
100.00 0.34534
100.00 0.34462
100.00 0.34390
100.00 0.34319
100.00 0.34247
100.00 0.34176
100.00 0.34106
100.00 0.34035
100.00 0.33965
100.00 0.33895
100.00 0.33826
100.00 0.33756
100.00 0.33687
100.00 0.33619
100.00 0.33550
100.00 0.33482
100.00 0.33414
100.00 0.33347
100.00 0.33280
100.00 0.33212
100.00 0.33146
100.00 0.33079
100.00 0.33013
100.00 0.32947
100.00 0.32881
100.00 0.32816
100.00 0.32751
100.00 0.32686
100.00 0.32621
100.00 0.32557
100.00 0.32493
100.00 0.32429
100.00 0.32365
100.00 0.32302
100.00 0.32239
100.00 0.32176
100.00 0.32113
100.00 0.32051
100.00 0.31989
100.00 0.31927
100.00 0.31865
100.00 0.31804
100.00 0.31743
100.00 0.31682
100.00 0.31621
100.00 0.31561
100.00 0.31500
100.00 0.31440
100.00 0.31381
100.00 0.31321
100.00 0.31262
100.00 0.31203
100.00 0.31144
100.00 0.31085
100.00 0.31027
100.00 0.30968
100.00 0.30911
100.00 0.30853
100.00 0.30795
100.00 0.30738
100.00 0.30681
100.00 0.30624
100.00 0.30567
100.00 0.30511
100.00 0.30454
100.00 0.30398
100.00 0.30343
100.00 0.30287
100.00 0.30232
100.00 0.30176
100.00 0.30121
100.00 0.30066
100.00 0.30012
100.00 0.29957
100.00 0.29903
100.00 0.29849
100.00 0.29795
100.00 0.29742
100.00 0.29688
100.00 0.29635
100.00 0.29582
100.00 0.29529
100.00 0.29477
100.00 0.29424
100.00 0.29372
100.00 0.29320
100.00 0.29268
100.00 0.29216
100.00 0.29165
100.00 0.29113
100.00 0.29062
100.00 0.29011
100.00 0.28960
100.00 0.28910
100.00 0.28859
100.00 0.28809
100.00 0.28759
100.00 0.28709
100.00 0.28659
100.00 0.28610
100.00 0.28560
100.00 0.28511
100.00 0.28462
100.00 0.28413
100.00 0.28364
100.00 0.28316
100.00 0.28267
100.00 0.28219
100.00 0.28171
100.00 0.28123
100.00 0.28076
100.00 0.28028
100.00 0.27981
100.00 0.27933
100.00 0.27886
100.00 0.27839
100.00 0.27793
100.00 0.27746
100.00 0.27700
100.00 0.27653
100.00 0.27607
100.00 0.27561
100.00 0.27516
100.00 0.27470
100.00 0.27424
100.00 0.27379
100.00 0.27334
