340.00 279.01
340.00 186.22
340.00 139.75
340.00 111.84
340.00 93.221
340.00 79.918
340.00 69.939
340.00 62.175
340.00 55.963
340.00 50.880
340.00 46.644
340.00 43.059
340.00 39.986
340.00 37.322
340.00 34.992
340.00 32.935
340.00 31.107
340.00 29.471
340.00 27.999
340.00 26.667
340.00 25.456
340.00 24.350
340.00 23.336
340.00 22.404
340.00 21.543
340.00 20.746
340.00 20.005
340.00 19.316
340.00 18.673
340.00 18.071
340.00 17.507
340.00 16.977
340.00 16.478
340.00 16.008
340.00 15.564
340.00 15.144
340.00 14.746
340.00 14.368
340.00 14.009
340.00 13.668
340.00 13.343
340.00 13.033
340.00 12.737
340.00 12.455
340.00 12.184
340.00 11.925
340.00 11.677
340.00 11.439
340.00 11.211
340.00 10.991
340.00 10.780
340.00 10.577
340.00 10.382
340.00 10.193
340.00 10.011
340.00 9.8361
340.00 9.6668
340.00 9.5033
340.00 9.3451
340.00 9.1922
340.00 9.0442
340.00 8.9009
340.00 8.7621
340.00 8.6275
340.00 8.4971
340.00 8.3705
340.00 8.2476
340.00 8.1283
340.00 8.0124
340.00 7.8998
340.00 7.7903
340.00 7.6838
340.00 7.5802
340.00 7.4793
340.00 7.3811
340.00 7.2855
340.00 7.1923
340.00 7.1014
340.00 7.0129
340.00 6.9265
340.00 6.8422
340.00 6.7600
340.00 6.6797
340.00 6.6013
340.00 6.5247
340.00 6.4499
340.00 6.3768
340.00 6.3053
340.00 6.2354
340.00 6.1671
340.00 6.1002
340.00 6.0348
340.00 5.9707
340.00 5.9081
340.00 5.8467
340.00 5.7866
340.00 5.7277
340.00 5.6700
340.00 5.6134
340.00 5.5580
340.00 5.5037
340.00 5.4504
340.00 5.3981
340.00 5.3469
340.00 5.2966
340.00 5.2472
340.00 5.1988
340.00 5.1512
340.00 5.1045
340.00 5.0587
340.00 5.0137
340.00 4.9694
340.00 4.9260
340.00 4.8833
340.00 4.8413
340.00 4.8001
340.00 4.7595
340.00 4.7197
340.00 4.6805
340.00 4.6419
340.00 4.6040
340.00 4.5667
340.00 4.5300
340.00 4.4939
340.00 4.4583
340.00 4.4233
340.00 4.3889
340.00 4.3550
340.00 4.3216
340.00 4.2887
340.00 4.2564
340.00 4.2245
340.00 4.1931
340.00 4.1621
340.00 4.1316
340.00 4.1016
340.00 4.0720
340.00 4.0428
340.00 4.0140
340.00 3.9857
340.00 3.9577
340.00 3.9301
340.00 3.9030
340.00 3.8761
340.00 3.8497
340.00 3.8236
340.00 3.7979
340.00 3.7725
340.00 3.7475
340.00 3.7227
340.00 3.6983
340.00 3.6743
340.00 3.6505
340.00 3.6271
340.00 3.6039
340.00 3.5811
340.00 3.5585
340.00 3.5362
340.00 3.5142
340.00 3.4925
340.00 3.4710
340.00 3.4498
340.00 3.4289
340.00 3.4082
340.00 3.3877
340.00 3.3675
340.00 3.3476
340.00 3.3279
340.00 3.3084
340.00 3.2891
340.00 3.2701
340.00 3.2513
340.00 3.2327
340.00 3.2143
340.00 3.1961
340.00 3.1782
340.00 3.1604
340.00 3.1428
340.00 3.1254
340.00 3.1083
340.00 3.0913
340.00 3.0745
340.00 3.0578
340.00 3.0414
340.00 3.0251
340.00 3.0090
340.00 2.9931
340.00 2.9773
340.00 2.9618
340.00 2.9463
340.00 2.9311
340.00 2.9160
340.00 2.9010
340.00 2.8862
340.00 2.8716
340.00 2.8571
340.00 2.8427
340.00 2.8285
340.00 2.8144
340.00 2.8005
340.00 2.7867
340.00 2.7731
340.00 2.7596
340.00 2.7462
340.00 2.7329
340.00 2.7198
340.00 2.7068
340.00 2.6939
340.00 2.6811
340.00 2.6685
340.00 2.6560
340.00 2.6436
340.00 2.6313
340.00 2.6192
340.00 2.6071
340.00 2.5952
340.00 2.5833
340.00 2.5716
340.00 2.5600
340.00 2.5485
340.00 2.5370
340.00 2.5257
340.00 2.5145
340.00 2.5034
340.00 2.4924
340.00 2.4815
340.00 2.4707
340.00 2.4600
340.00 2.4493
340.00 2.4388
340.00 2.4284
340.00 2.4180
340.00 2.4077
340.00 2.3975
340.00 2.3875
340.00 2.3774
340.00 2.3675
340.00 2.3577
340.00 2.3479
340.00 2.3382
340.00 2.3286
340.00 2.3191
340.00 2.3097
340.00 2.3003
340.00 2.2910
340.00 2.2818
340.00 2.2727
340.00 2.2636
340.00 2.2546
340.00 2.2457
340.00 2.2368
340.00 2.2281
340.00 2.2194
340.00 2.2107
340.00 2.2021
340.00 2.1936
340.00 2.1936
340.00 2.1936
340.00 2.1852
340.00 2.1768
340.00 2.1685
340.00 2.1602
340.00 2.1521
340.00 2.1439
340.00 2.1359
340.00 2.1279
340.00 2.1199
340.00 2.1120
340.00 2.1042
340.00 2.0965
340.00 2.0887
340.00 2.0811
340.00 2.0735
340.00 2.0660
340.00 2.0585
340.00 2.0510
340.00 2.0437
340.00 2.0363
340.00 2.0291
340.00 2.0219
340.00 2.0147
340.00 2.0076
340.00 2.0005
340.00 1.9935
340.00 1.9865
340.00 1.9796
340.00 1.9727
340.00 1.9659
340.00 1.9592
340.00 1.9524
340.00 1.9457
340.00 1.9391
340.00 1.9325
340.00 1.9260
340.00 1.9195
340.00 1.9130
340.00 1.9066
340.00 1.9003
340.00 1.8939
340.00 1.8876
340.00 1.8814
340.00 1.8752
340.00 1.8690
340.00 1.8629
340.00 1.8568
340.00 1.8508
340.00 1.8448
340.00 1.8389
340.00 1.8329
340.00 1.8270
340.00 1.8212
340.00 1.8154
340.00 1.8096
340.00 1.8039
340.00 1.7982
340.00 1.7925
340.00 1.7869
340.00 1.7813
340.00 1.7758
340.00 1.7703
340.00 1.7648
340.00 1.7593
340.00 1.7539
340.00 1.7485
340.00 1.7432
340.00 1.7379
340.00 1.7326
340.00 1.7273
340.00 1.7221
340.00 1.7169
340.00 1.7118
340.00 1.7066
340.00 1.7015
340.00 1.6965
340.00 1.6914
340.00 1.6864
340.00 1.6815
340.00 1.6765
340.00 1.6716
340.00 1.6667
340.00 1.6619
340.00 1.6570
340.00 1.6522
340.00 1.6475
340.00 1.6427
340.00 1.6380
340.00 1.6333
340.00 1.6286
340.00 1.6240
340.00 1.6194
340.00 1.6148
340.00 1.6103
340.00 1.6057
340.00 1.6012
340.00 1.5967
340.00 1.5923
340.00 1.5879
340.00 1.5835
340.00 1.5791
340.00 1.5747
340.00 1.5704
340.00 1.5661
340.00 1.5618
340.00 1.5575
340.00 1.5533
340.00 1.5491
340.00 1.5449
340.00 1.5407
340.00 1.5366
340.00 1.5325
340.00 1.5284
340.00 1.5243
340.00 1.5202
340.00 1.5162
340.00 1.5122
340.00 1.5082
340.00 1.5042
340.00 1.5003
340.00 1.4963
340.00 1.4924
340.00 1.4885
340.00 1.4847
340.00 1.4808
340.00 1.4770
340.00 1.4732
340.00 1.4694
340.00 1.4656
340.00 1.4619
340.00 1.4582
340.00 1.4545
340.00 1.4508
340.00 1.4471
340.00 1.4434
340.00 1.4398
340.00 1.4362
340.00 1.4326
340.00 1.4290
340.00 1.4255
340.00 1.4219
340.00 1.4184
340.00 1.4149
340.00 1.4114
340.00 1.4079
340.00 1.4045
340.00 1.4010
340.00 1.3976
340.00 1.3942
340.00 1.3908
340.00 1.3874
340.00 1.3841
340.00 1.3807
340.00 1.3774
340.00 1.3741
340.00 1.3708
340.00 1.3676
340.00 1.3643
340.00 1.3611
340.00 1.3578
340.00 1.3546
340.00 1.3514
340.00 1.3482
340.00 1.3451
340.00 1.3419
340.00 1.3388
340.00 1.3357
340.00 1.3326
340.00 1.3295
340.00 1.3264
340.00 1.3233
340.00 1.3203
340.00 1.3172
340.00 1.3142
340.00 1.3112
340.00 1.3082
340.00 1.3052
340.00 1.3023
340.00 1.2993
340.00 1.2964
340.00 1.2935
340.00 1.2905
340.00 1.2876
340.00 1.2848
340.00 1.2819
340.00 1.2790
340.00 1.2762
340.00 1.2734
340.00 1.2705
340.00 1.2677
340.00 1.2649
340.00 1.2621
340.00 1.2594
340.00 1.2566
340.00 1.2539
340.00 1.2511
340.00 1.2484
340.00 1.2457
340.00 1.2430
340.00 1.2403
340.00 1.2376
340.00 1.2350
340.00 1.2323
340.00 1.2297
340.00 1.2271
340.00 1.2244
340.00 1.2218
340.00 1.2192
340.00 1.2167
340.00 1.2141
340.00 1.2115
340.00 1.2090
340.00 1.2064
340.00 1.2039
340.00 1.2014
340.00 1.1989
340.00 1.1964
340.00 1.1939
340.00 1.1914
340.00 1.1890
340.00 1.1865
340.00 1.1841
340.00 1.1816
340.00 1.1792
340.00 1.1768
340.00 1.1744
340.00 1.1720
340.00 1.1696
340.00 1.1672
340.00 1.1649
340.00 1.1625
340.00 1.1602
340.00 1.1578
340.00 1.1555
340.00 1.1532
340.00 1.1509
340.00 1.1486
340.00 1.1463
340.00 1.1440
340.00 1.1417
340.00 1.1395
340.00 1.1372
340.00 1.1350
340.00 1.1327
340.00 1.1305
340.00 1.1283
340.00 1.1261
340.00 1.1239
340.00 1.1217
340.00 1.1195
340.00 1.1173
340.00 1.1152
340.00 1.1130
340.00 1.1109
340.00 1.1087
340.00 1.1066
340.00 1.1045
340.00 1.1024
340.00 1.1003
340.00 1.0982
340.00 1.0961
340.00 1.0940
340.00 1.0919
340.00 1.0898
340.00 1.0878
340.00 1.0857
340.00 1.0837
340.00 1.0817
340.00 1.0796
340.00 1.0776
340.00 1.0756
340.00 1.0736
340.00 1.0716
340.00 1.0696
340.00 1.0676
340.00 1.0656
340.00 1.0637
340.00 1.0617
340.00 1.0598
340.00 1.0578
340.00 1.0559
340.00 1.0540
340.00 1.0520
340.00 1.0501
340.00 1.0482
340.00 1.0463
340.00 1.0444
340.00 1.0425
340.00 1.0406
340.00 1.0388
340.00 1.0369
340.00 1.0350
340.00 1.0332
340.00 1.0313
340.00 1.0295
340.00 1.0277
340.00 1.0258
340.00 1.0240
340.00 1.0222
340.00 1.0204
340.00 1.0186
340.00 1.0168
340.00 1.0150
340.00 1.0132
340.00 1.0115
340.00 1.0097
340.00 1.0079
340.00 1.0062
340.00 1.0044
340.00 1.0027
340.00 1.0009
340.00 0.99920
340.00 0.99747
340.00 0.99575
340.00 0.99404
340.00 0.99233
340.00 0.99063
340.00 0.98893
340.00 0.98724
340.00 0.98556
340.00 0.98388
340.00 0.98220
340.00 0.98054
340.00 0.97888
340.00 0.97722
340.00 0.97557
340.00 0.97393
340.00 0.97229
340.00 0.97066
340.00 0.96903
340.00 0.96741
340.00 0.96579
340.00 0.96418
340.00 0.96257
340.00 0.96097
340.00 0.95938
340.00 0.95779
340.00 0.95621
340.00 0.95463
340.00 0.95305
340.00 0.95149
340.00 0.94992
340.00 0.94836
340.00 0.94681
340.00 0.94527
