60.000 49.213
60.000 32.838
60.000 24.636
60.000 19.711
60.000 16.426
60.000 14.079
60.000 12.318
60.000 10.948
60.000 9.8513
60.000 8.9543
60.000 8.2067
60.000 7.5740
60.000 7.0317
60.000 6.5617
60.000 6.1504
60.000 5.7875
60.000 5.4648
60.000 5.1762
60.000 4.9163
60.000 4.6813
60.000 4.4675
60.000 4.2724
60.000 4.0935
60.000 3.9290
60.000 3.7770
60.000 3.6364
60.000 3.5057
60.000 3.3841
60.000 3.2706
60.000 3.1644
60.000 3.0649
60.000 2.9714
60.000 2.8833
60.000 2.8003
60.000 2.7220
60.000 2.6478
60.000 2.5776
60.000 2.5109
60.000 2.4476
60.000 2.3874
60.000 2.3300
60.000 2.2754
60.000 2.2232
60.000 2.1733
60.000 2.1256
60.000 2.0799
60.000 2.0361
60.000 1.9941
60.000 1.9538
60.000 1.9150
60.000 1.8778
60.000 1.8420
60.000 1.8075
60.000 1.7742
60.000 1.7421
60.000 1.7112
60.000 1.6813
60.000 1.6524
60.000 1.6245
60.000 1.5975
60.000 1.5714
60.000 1.5461
60.000 1.5216
60.000 1.4979
60.000 1.4749
60.000 1.4525
60.000 1.4309
60.000 1.4098
60.000 1.3894
60.000 1.3695
60.000 1.3502
60.000 1.3314
60.000 1.3131
60.000 1.2953
60.000 1.2780
60.000 1.2611
60.000 1.2446
60.000 1.2286
60.000 1.2130
60.000 1.1977
60.000 1.1829
60.000 1.1683
60.000 1.1542
60.000 1.1403
60.000 1.1268
60.000 1.1136
60.000 1.1007
60.000 1.0881
60.000 1.0758
60.000 1.0637
60.000 1.0519
60.000 1.0404
60.000 1.0291
60.000 1.0180
60.000 1.0072
60.000 0.99657
60.000 0.98618
60.000 0.97600
60.000 0.96603
60.000 0.95625
60.000 0.94666
60.000 0.93726
60.000 0.92804
60.000 0.91899
60.000 0.91012
60.000 0.90141
60.000 0.89286
60.000 0.88447
60.000 0.87623
60.000 0.86814
60.000 0.86020
60.000 0.85239
60.000 0.84473
60.000 0.83719
60.000 0.82979
60.000 0.82251
60.000 0.81536
60.000 0.80832
60.000 0.80141
60.000 0.79460
60.000 0.78791
60.000 0.78133
60.000 0.77485
60.000 0.76848
60.000 0.76221
60.000 0.75604
60.000 0.74996
60.000 0.74398
60.000 0.73809
60.000 0.73229
60.000 0.72658
60.000 0.72096
60.000 0.71542
60.000 0.70996
60.000 0.70458
60.000 0.69928
60.000 0.69405
60.000 0.68891
60.000 0.68383
60.000 0.67883
60.000 0.67390
60.000 0.66903
60.000 0.66424
60.000 0.65951
60.000 0.65484
60.000 0.65024
60.000 0.64570
60.000 0.64122
60.000 0.63681
60.000 0.63245
60.000 0.62814
60.000 0.62390
60.000 0.61971
60.000 0.61557
60.000 0.61149
60.000 0.60745
60.000 0.60347
60.000 0.59954
60.000 0.59566
60.000 0.59183
60.000 0.58804
60.000 0.58430
60.000 0.58061
60.000 0.57696
60.000 0.57336
60.000 0.56980
60.000 0.56628
60.000 0.56280
60.000 0.55936
60.000 0.55597
60.000 0.55261
60.000 0.54929
60.000 0.54601
60.000 0.54277
60.000 0.53957
60.000 0.53640
60.000 0.53326
60.000 0.53017
60.000 0.52710
60.000 0.52407
60.000 0.52107
60.000 0.51811
60.000 0.51518
60.000 0.51228
60.000 0.50941
60.000 0.50657
60.000 0.50377
60.000 0.50099
60.000 0.49824
60.000 0.49552
60.000 0.49283
60.000 0.49016
60.000 0.48753
60.000 0.48492
60.000 0.48234
60.000 0.47978
60.000 0.47725
60.000 0.47475
60.000 0.47227
60.000 0.46981
60.000 0.46738
60.000 0.46498
60.000 0.46259
60.000 0.46023
60.000 0.45790
60.000 0.45558
60.000 0.45329
60.000 0.45102
60.000 0.44877
60.000 0.44655
60.000 0.44434
60.000 0.44216
60.000 0.43999
60.000 0.43785
60.000 0.43572
60.000 0.43362
60.000 0.43153
60.000 0.42947
60.000 0.42742
60.000 0.42539
60.000 0.42338
60.000 0.42139
60.000 0.41941
60.000 0.41745
60.000 0.41552
60.000 0.41359
60.000 0.41169
60.000 0.40980
60.000 0.40793
60.000 0.40607
60.000 0.40423
60.000 0.40240
60.000 0.40060
60.000 0.39880
60.000 0.39702
60.000 0.39526
60.000 0.39351
60.000 0.39178
60.000 0.39006
60.000 0.38836
60.000 0.38667
60.000 0.38499
60.000 0.38333
60.000 0.38168
60.000 0.38004
60.000 0.37842
60.000 0.37681
60.000 0.37521
60.000 0.37363
60.000 0.37206
60.000 0.37050
60.000 0.36895
60.000 0.36742
60.000 0.36590
60.000 0.36439
60.000 0.36289
60.000 0.36289
60.000 0.36289
60.000 0.36140
60.000 0.35993
60.000 0.35847
60.000 0.35701
60.000 0.35557
60.000 0.35414
60.000 0.35272
60.000 0.35132
60.000 0.34992
60.000 0.34853
60.000 0.34715
60.000 0.34579
60.000 0.34443
60.000 0.34308
60.000 0.34175
60.000 0.34042
60.000 0.33910
60.000 0.33780
60.000 0.33650
60.000 0.33521
60.000 0.33393
60.000 0.33266
60.000 0.33140
60.000 0.33015
60.000 0.32891
60.000 0.32767
60.000 0.32645
60.000 0.32523
60.000 0.32402
60.000 0.32282
60.000 0.32163
60.000 0.32045
60.000 0.31928
60.000 0.31811
60.000 0.31695
60.000 0.31580
60.000 0.31466
60.000 0.31352
60.000 0.31240
60.000 0.31128
60.000 0.31016
60.000 0.30906
60.000 0.30796
60.000 0.30687
60.000 0.30579
60.000 0.30471
60.000 0.30365
60.000 0.30259
60.000 0.30153
60.000 0.30048
60.000 0.29944
60.000 0.29841
60.000 0.29738
60.000 0.29636
60.000 0.29535
60.000 0.29434
60.000 0.29334
60.000 0.29235
60.000 0.29136
60.000 0.29038
60.000 0.28940
60.000 0.28843
60.000 0.28747
60.000 0.28651
60.000 0.28556
60.000 0.28462
60.000 0.28368
60.000 0.28274
60.000 0.28182
60.000 0.28089
60.000 0.27998
60.000 0.27907
60.000 0.27816
60.000 0.27726
60.000 0.27637
60.000 0.27548
60.000 0.27459
60.000 0.27372
60.000 0.27284
60.000 0.27198
60.000 0.27111
60.000 0.27026
60.000 0.26940
60.000 0.26856
60.000 0.26772
60.000 0.26688
60.000 0.26605
60.000 0.26522
60.000 0.26440
60.000 0.26358
60.000 0.26276
60.000 0.26196
60.000 0.26115
60.000 0.26035
60.000 0.25956
60.000 0.25877
60.000 0.25798
60.000 0.25720
60.000 0.25643
60.000 0.25565
60.000 0.25489
60.000 0.25412
60.000 0.25336
60.000 0.25261
60.000 0.25186
60.000 0.25111
60.000 0.25037
60.000 0.24963
60.000 0.24890
60.000 0.24817
60.000 0.24744
60.000 0.24672
60.000 0.24600
60.000 0.24529
60.000 0.24458
60.000 0.24387
60.000 0.24317
60.000 0.24247
60.000 0.24177
60.000 0.24108
60.000 0.24039
60.000 0.23971
60.000 0.23903
60.000 0.23835
60.000 0.23768
60.000 0.23701
60.000 0.23634
60.000 0.23568
60.000 0.23502
60.000 0.23437
60.000 0.23371
60.000 0.23306
60.000 0.23242
60.000 0.23178
60.000 0.23114
60.000 0.23050
60.000 0.22987
60.000 0.22924
60.000 0.22862
60.000 0.22799
60.000 0.22737
60.000 0.22676
60.000 0.22614
60.000 0.22553
60.000 0.22493
60.000 0.22432
60.000 0.22372
60.000 0.22312
60.000 0.22253
60.000 0.22194
60.000 0.22135
60.000 0.22076
60.000 0.22018
60.000 0.21960
60.000 0.21902
60.000 0.21845
60.000 0.21788
60.000 0.21731
60.000 0.21674
60.000 0.21618
60.000 0.21562
60.000 0.21506
60.000 0.21450
60.000 0.21395
60.000 0.21340
60.000 0.21285
60.000 0.21231
60.000 0.21177
60.000 0.21123
60.000 0.21069
60.000 0.21016
60.000 0.20962
60.000 0.20910
60.000 0.20857
60.000 0.20804
60.000 0.20752
60.000 0.20700
60.000 0.20649
60.000 0.20597
60.000 0.20546
60.000 0.20495
60.000 0.20444
60.000 0.20394
60.000 0.20344
60.000 0.20293
60.000 0.20244
60.000 0.20194
60.000 0.20145
60.000 0.20096
60.000 0.20047
60.000 0.19998
60.000 0.19950
60.000 0.19901
60.000 0.19853
60.000 0.19806
60.000 0.19758
60.000 0.19711
60.000 0.19663
60.000 0.19617
60.000 0.19570
60.000 0.19523
60.000 0.19477
60.000 0.19431
60.000 0.19385
60.000 0.19339
60.000 0.19294
60.000 0.19248
60.000 0.19203
60.000 0.19158
60.000 0.19114
60.000 0.19069
60.000 0.19025
60.000 0.18981
60.000 0.18937
60.000 0.18893
60.000 0.18850
60.000 0.18806
60.000 0.18763
60.000 0.18720
60.000 0.18677
60.000 0.18635
60.000 0.18592
60.000 0.18550
60.000 0.18508
60.000 0.18466
60.000 0.18424
60.000 0.18383
60.000 0.18341
60.000 0.18300
60.000 0.18259
60.000 0.18218
60.000 0.18177
60.000 0.18137
60.000 0.18097
60.000 0.18056
60.000 0.18016
60.000 0.17977
60.000 0.17937
60.000 0.17897
60.000 0.17858
60.000 0.17819
60.000 0.17780
60.000 0.17741
60.000 0.17702
60.000 0.17664
60.000 0.17625
60.000 0.17587
60.000 0.17549
60.000 0.17511
60.000 0.17473
60.000 0.17436
60.000 0.17398
60.000 0.17361
60.000 0.17324
60.000 0.17287
60.000 0.17250
60.000 0.17213
60.000 0.17177
60.000 0.17140
60.000 0.17104
60.000 0.17068
60.000 0.17032
60.000 0.16996
60.000 0.16960
60.000 0.16925
60.000 0.16889
60.000 0.16854
60.000 0.16819
60.000 0.16784
60.000 0.16749
60.000 0.16714
60.000 0.16680
60.000 0.16645
60.000 0.16611
60.000 0.16577
60.000 0.16543
60.000 0.16509
60.000 0.16475
60.000 0.16441
60.000 0.16408
60.000 0.16374
60.000 0.16341
60.000 0.16308
60.000 0.16275
60.000 0.16242
60.000 0.16209
60.000 0.16177
60.000 0.16144
60.000 0.16112
60.000 0.16079
60.000 0.16047
60.000 0.16015
60.000 0.15983
60.000 0.15952
60.000 0.15920
60.000 0.15888
60.000 0.15857
60.000 0.15826
60.000 0.15794
60.000 0.15763
60.000 0.15732
60.000 0.15702
60.000 0.15671
60.000 0.15640
60.000 0.15610
60.000 0.15579
60.000 0.15549
60.000 0.15519
60.000 0.15489
60.000 0.15459
60.000 0.15429
60.000 0.15399
60.000 0.15370
60.000 0.15340
60.000 0.15311
60.000 0.15281
60.000 0.15252
60.000 0.15223
60.000 0.15194
60.000 0.15165
60.000 0.15136
60.000 0.15108
60.000 0.15079
60.000 0.15051
60.000 0.15022
60.000 0.14994
60.000 0.14966
60.000 0.14938
60.000 0.14910
60.000 0.14882
60.000 0.14854
60.000 0.14827
60.000 0.14799
60.000 0.14771
60.000 0.14744
60.000 0.14717
60.000 0.14690
60.000 0.14663
60.000 0.14636
60.000 0.14609
60.000 0.14582
60.000 0.14555
60.000 0.14529
60.000 0.14502
60.000 0.14476
