0.10000 229.77
0.15000 153.18
0.20000 114.89
0.25000 91.914
0.30000 76.597
0.35000 65.656
0.40000 57.451
0.45000 51.068
0.50000 45.963
0.55000 41.785
0.60000 38.304
0.65000 35.359
0.70000 32.834
0.75000 30.646
0.80000 28.731
0.85000 27.042
0.90000 25.540
0.95000 24.196
1.0000 22.987
1.0500 21.893
1.1000 20.898
1.1500 19.990
1.2000 19.158
1.2500 18.392
1.3000 17.685
1.3500 17.030
1.4000 16.423
1.4500 15.857
1.5000 15.329
1.5500 14.834
1.6000 14.371
1.6500 13.936
1.7000 13.527
1.7500 13.140
1.8000 12.776
1.8500 12.431
1.9000 12.104
1.9500 11.794
2.0000 11.499
2.0500 11.219
2.1000 10.952
2.1500 10.698
2.2000 10.455
2.2500 10.223
2.2500 10.223
2.2500 10.223
2.3000 10.001
2.3500 9.7884
2.4000 9.5847
2.4500 9.3893
2.5000 9.2018
2.5500 9.0216
2.6000 8.8483
2.6500 8.6815
2.7000 8.5210
2.7500 8.3663
2.8000 8.2171
2.8500 8.0731
2.9000 7.9341
2.9500 7.7998
3.0000 7.6700
3.0500 7.5445
3.1000 7.4230
3.1500 7.3054
3.2000 7.1914
3.2500 7.0809
3.3000 6.9738
3.3500 6.8699
3.4000 6.7690
3.4500 6.6711
3.5000 6.5760
3.5500 6.4835
3.6000 6.3936
3.6500 6.3062
3.7000 6.2211
3.7500 6.1383
3.8000 6.0577
3.8500 5.9792
3.9000 5.9027
3.9500 5.8281
4.0000 5.7554
4.0500 5.6845
4.1000 5.6153
4.1500 5.5478
4.2000 5.4819
4.2500 5.4175
4.3000 5.3547
4.3500 5.2933
4.4000 5.2332
4.4500 5.1746
4.5000 5.1172
4.5500 5.0611
4.6000 5.0062
4.6500 4.9525
4.7000 4.8999
4.7500 4.8485
4.8000 4.7981
4.8500 4.7487
4.9000 4.7004
4.9500 4.6530
5.0000 4.6066
5.0500 4.5611
5.1000 4.5165
5.1500 4.4728
5.2000 4.4299
5.2500 4.3878
5.3000 4.3465
5.3500 4.3060
5.4000 4.2662
5.4500 4.2272
5.5000 4.1889
5.5500 4.1513
5.6000 4.1143
5.6500 4.0780
5.7000 4.0423
5.7500 4.0073
5.8000 3.9728
5.8500 3.9390
5.9000 3.9057
5.9500 3.8730
6.0000 3.8408
6.0500 3.8091
6.1000 3.7780
6.1500 3.7474
6.2000 3.7172
6.2500 3.6876
6.3000 3.6584
6.3500 3.6297
6.4000 3.6014
6.4500 3.5736
6.5000 3.5462
6.5500 3.5192
6.6000 3.4927
6.6500 3.4665
6.7000 3.4407
6.7500 3.4153
6.8000 3.3903
6.8500 3.3656
6.9000 3.3413
6.9500 3.3173
7.0000 3.2937
7.0500 3.2705
7.1000 3.2475
7.1500 3.2249
7.2000 3.2026
7.2500 3.1806
7.3000 3.1588
7.3500 3.1374
7.4000 3.1163
7.4500 3.0955
7.5000 3.0749
7.5500 3.0546
7.6000 3.0346
7.6500 3.0149
7.7000 2.9954
7.7500 2.9761
7.8000 2.9571
7.8500 2.9383
7.9000 2.9198
7.9500 2.9015
8.0000 2.8835
8.0500 2.8656
8.1000 2.8480
8.1500 2.8306
8.2000 2.8134
8.2500 2.7964
8.3000 2.7797
8.3500 2.7631
8.4000 2.7467
8.4500 2.7305
8.5000 2.7145
8.5500 2.6987
8.6000 2.6831
8.6500 2.6676
8.7000 2.6524
8.7500 2.6373
8.8000 2.6224
8.8500 2.6076
8.9000 2.5930
8.9500 2.5786
9.0000 2.5644
9.0500 2.5502
9.1000 2.5363
9.1500 2.5225
9.2000 2.5089
9.2500 2.4954
9.3000 2.4820
9.3500 2.4688
9.4000 2.4557
9.4500 2.4428
9.5000 2.4300
9.5500 2.4173
9.6000 2.4048
9.6500 2.3924
9.7000 2.3801
9.7500 2.3680
9.8000 2.3560
9.8500 2.3441
9.9000 2.3323
9.9500 2.3206
10.000 2.3091
10.050 2.2976
10.100 2.2863
10.150 2.2751
10.200 2.2640
10.250 2.2530
10.300 2.2421
10.350 2.2314
10.400 2.2207
10.450 2.2101
10.500 2.1997
10.550 2.1893
10.600 2.1790
10.650 2.1688
10.700 2.1588
10.750 2.1488
10.800 2.1389
10.850 2.1291
10.900 2.1194
10.950 2.1097
11.000 2.1002
11.050 2.0907
11.100 2.0814
11.150 2.0721
11.200 2.0629
11.250 2.0538
11.300 2.0447
11.350 2.0358
11.400 2.0269
11.450 2.0181
11.500 2.0094
11.550 2.0007
11.600 1.9922
11.650 1.9837
11.700 1.9752
11.750 1.9669
11.800 1.9586
11.850 1.9504
11.900 1.9422
11.950 1.9342
12.000 1.9261
12.050 1.9182
12.100 1.9103
12.150 1.9025
12.200 1.8948
12.250 1.8871
12.300 1.8794
12.350 1.8719
12.400 1.8644
12.450 1.8569
12.500 1.8496
12.550 1.8422
12.600 1.8350
12.650 1.8278
12.700 1.8206
12.750 1.8135
12.800 1.8065
12.850 1.7995
12.900 1.7926
12.950 1.7857
13.000 1.7789
13.050 1.7721
13.100 1.7654
13.150 1.7587
13.200 1.7521
13.250 1.7455
13.300 1.7390
13.350 1.7325
13.400 1.7261
13.450 1.7197
13.500 1.7134
13.550 1.7071
13.600 1.7009
13.650 1.6947
13.700 1.6886
13.750 1.6825
13.800 1.6764
13.850 1.6704
13.900 1.6644
13.950 1.6585
14.000 1.6526
14.050 1.6468
14.100 1.6410
14.150 1.6352
14.200 1.6295
14.250 1.6238
14.300 1.6182
14.350 1.6126
14.400 1.6070
14.450 1.6015
14.500 1.5960
14.550 1.5906
14.600 1.5852
14.650 1.5798
14.700 1.5745
14.750 1.5692
14.800 1.5639
14.850 1.5587
14.900 1.5535
14.950 1.5483
15.000 1.5432
15.050 1.5381
15.100 1.5331
15.150 1.5281
15.200 1.5231
15.250 1.5181
15.300 1.5132
15.350 1.5083
15.400 1.5034
15.450 1.4986
15.500 1.4938
15.550 1.4890
15.600 1.4843
15.650 1.4796
15.700 1.4749
15.750 1.4703
15.800 1.4657
15.850 1.4611
15.900 1.4565
15.950 1.4520
16.000 1.4475
16.050 1.4430
16.100 1.4386
16.150 1.4341
16.200 1.4298
16.250 1.4254
16.300 1.4211
16.350 1.4167
16.400 1.4125
16.450 1.4082
16.500 1.4040
16.550 1.3998
16.600 1.3956
16.650 1.3914
16.700 1.3873
16.750 1.3832
16.800 1.3791
16.850 1.3750
16.900 1.3710
16.950 1.3670
17.000 1.3630
17.050 1.3591
17.100 1.3551
17.150 1.3512
17.200 1.3473
17.250 1.3434
17.300 1.3396
17.350 1.3358
17.400 1.3319
17.450 1.3282
17.500 1.3244
17.550 1.3207
17.600 1.3169
17.650 1.3132
17.700 1.3096
17.750 1.3059
17.800 1.3023
17.850 1.2987
17.900 1.2951
17.950 1.2915
18.000 1.2879
18.050 1.2844
18.100 1.2809
18.150 1.2774
18.200 1.2739
18.250 1.2705
18.300 1.2670
18.350 1.2636
18.400 1.2602
18.450 1.2568
18.500 1.2534
18.550 1.2501
18.600 1.2468
18.650 1.2434
18.700 1.2402
18.750 1.2369
18.800 1.2336
18.850 1.2304
18.900 1.2272
18.950 1.2239
19.000 1.2208
19.050 1.2176
19.100 1.2144
19.150 1.2113
19.200 1.2082
19.250 1.2051
19.300 1.2020
19.350 1.1989
19.400 1.1958
19.450 1.1928
19.500 1.1898
19.550 1.1867
19.600 1.1837
19.650 1.1808
19.700 1.1778
19.750 1.1748
19.800 1.1719
19.850 1.1690
19.900 1.1661
19.950 1.1632
20.000 1.1603
20.050 1.1574
20.100 1.1546
20.150 1.1517
20.200 1.1489
20.250 1.1461
20.300 1.1433
20.350 1.1405
20.400 1.1378
20.450 1.1350
20.500 1.1323
20.550 1.1295
20.600 1.1268
20.650 1.1241
20.700 1.1214
20.750 1.1188
20.800 1.1161
20.850 1.1135
20.900 1.1108
20.950 1.1082
21.000 1.1056
21.050 1.1030
21.100 1.1004
21.150 1.0978
21.200 1.0953
21.250 1.0927
21.300 1.0902
21.350 1.0877
21.400 1.0851
21.450 1.0826
21.500 1.0801
21.550 1.0777
21.600 1.0752
21.650 1.0727
21.700 1.0703
21.750 1.0679
21.800 1.0654
21.850 1.0630
21.900 1.0606
21.950 1.0582
22.000 1.0559
22.050 1.0535
22.100 1.0511
22.150 1.0488
22.200 1.0465
22.250 1.0441
22.300 1.0418
22.350 1.0395
22.400 1.0372
22.450 1.0349
22.500 1.0327
22.550 1.0304
22.600 1.0281
22.650 1.0259
22.700 1.0237
22.750 1.0214
22.800 1.0192
22.850 1.0170
22.900 1.0148
22.950 1.0126
23.000 1.0105
23.050 1.0083
23.100 1.0061
23.150 1.0040
23.200 1.0018
23.250 0.99972
23.300 0.99759
23.350 0.99548
23.400 0.99338
23.450 0.99129
23.500 0.98920
23.550 0.98713
23.600 0.98506
23.650 0.98300
23.700 0.98095
23.750 0.97891
23.800 0.97688
23.850 0.97486
23.900 0.97284
23.950 0.97083
24.000 0.96883
24.050 0.96684
24.100 0.96486
24.150 0.96289
24.200 0.96092
24.250 0.95897
24.300 0.95702
24.350 0.95507
24.400 0.95314
24.450 0.95122
24.500 0.94930
24.550 0.94739
24.600 0.94549
24.650 0.94359
24.700 0.94170
24.750 0.93983
24.800 0.93795
24.850 0.93609
24.900 0.93423
24.950 0.93238
25.000 0.93054
25.050 0.92871
25.100 0.92688
25.150 0.92506
25.200 0.92325
25.250 0.92144
25.300 0.91965
25.350 0.91785
25.400 0.91607
25.450 0.91429
25.500 0.91252
25.550 0.91076
25.600 0.90900
25.650 0.90725
25.700 0.90551
25.750 0.90378
25.800 0.90205
25.850 0.90032
25.900 0.89861
25.950 0.89690
26.000 0.89520
26.050 0.89350
26.100 0.89181
26.150 0.89013
26.200 0.88845
26.250 0.88678
26.300 0.88512
26.350 0.88346
26.400 0.88181
26.450 0.88016
26.500 0.87852
26.550 0.87689
26.600 0.87526
26.650 0.87364
26.700 0.87203
26.750 0.87042
26.800 0.86882
26.850 0.86722
26.900 0.86563
26.950 0.86405
27.000 0.86247
27.050 0.86090
27.100 0.85933
27.150 0.85777
27.200 0.85621
27.250 0.85466
27.300 0.85312
27.350 0.85158
27.400 0.85005
27.450 0.84852
27.500 0.84700
27.550 0.84548
27.600 0.84397
27.650 0.84246
27.700 0.84097
27.750 0.83947
27.800 0.83798
27.850 0.83650
27.900 0.83502
27.950 0.83355
28.000 0.83208
28.050 0.83062
28.100 0.82916
28.150 0.82771
28.200 0.82626
28.250 0.82482
28.300 0.82338
28.350 0.82195
28.400 0.82052
28.450 0.81910
28.500 0.81768
28.550 0.81627
28.600 0.81486
28.650 0.81346
28.700 0.81207
28.750 0.81067
28.800 0.80929
28.850 0.80790
28.900 0.80653
28.950 0.80515
29.000 0.80378
29.050 0.80242
29.100 0.80106
29.150 0.79971
29.200 0.79836
29.250 0.79701
29.300 0.79567
29.350 0.79434
29.400 0.79301
29.450 0.79168
29.500 0.79036
29.550 0.78904
29.600 0.78773
29.650 0.78642
29.700 0.78511
29.750 0.78381
29.800 0.78252
29.850 0.78122
29.900 0.77994
29.950 0.77865
30.000 0.77738
