0.10000 4.0352
0.15000 2.6673
0.20000 1.9831
0.25000 1.5725
0.30000 1.2986
0.35000 1.1029
0.40000 0.95593
0.45000 0.84155
0.50000 0.74994
0.55000 0.67490
0.60000 0.61227
0.65000 0.55918
0.70000 0.51359
0.75000 0.47398
0.80000 0.43924
0.85000 0.40849
0.90000 0.38106
0.95000 0.35642
1.0000 0.33415
1.0500 0.31390
1.1000 0.29539
1.1500 0.27837
1.2000 0.26266
1.2500 0.24808
1.3000 0.23449
1.3500 0.22176
1.4000 0.20979
1.4500 0.19847
1.5000 0.18771
1.5500 0.17744
1.6000 0.16755
1.6500 0.15797
1.7000 0.14860
1.7500 0.13932
1.8000 0.12995
1.8500 0.12023
1.9000 0.10956
1.9199 0.10474
1.9199 0.039698
1.9500 0.039235
2.0000 0.038607
2.0500 0.038097
2.1000 0.037664
2.1500 0.037288
2.2000 0.036954
2.2500 0.036654
2.3000 0.036381
2.3500 0.036130
2.4000 0.035899
2.4500 0.035683
2.5000 0.035482
2.5500 0.035292
2.6000 0.035114
2.6500 0.034945
2.7000 0.034784
2.7500 0.034631
2.8000 0.034485
2.8500 0.034346
2.9000 0.034212
2.9500 0.034083
3.0000 0.033960
3.0500 0.033841
3.1000 0.033726
3.1500 0.033615
3.2000 0.033507
3.2500 0.033403
3.3000 0.033303
3.3500 0.033205
3.4000 0.033110
3.4500 0.033017
3.5000 0.032928
3.5500 0.032840
3.6000 0.032755
3.6500 0.032672
3.7000 0.032591
3.7500 0.032511
3.8000 0.032434
3.8500 0.032358
3.9000 0.032284
3.9500 0.032212
4.0000 0.032141
4.0500 0.032072
4.1000 0.032004
4.1500 0.031937
4.2000 0.031872
4.2500 0.031808
4.3000 0.031745
4.3500 0.031683
4.4000 0.031622
4.4500 0.031563
4.5000 0.031504
4.5500 0.031446
4.6000 0.031390
4.6500 0.031334
4.7000 0.031279
4.7500 0.031225
4.8000 0.031172
4.8500 0.031120
4.9000 0.031068
4.9500 0.031017
5.0000 0.030967
5.0500 0.030918
5.1000 0.030869
5.1500 0.030821
5.2000 0.030774
5.2500 0.030727
5.3000 0.030681
5.3500 0.030636
5.4000 0.030591
5.4500 0.030547
5.5000 0.030503
5.5500 0.030460
5.6000 0.030417
5.6500 0.030375
5.7000 0.030334
5.7500 0.030293
5.8000 0.030252
5.8500 0.030212
5.9000 0.030172
5.9500 0.030133
6.0000 0.030094
6.0500 0.030056
6.1000 0.030018
6.1500 0.029980
6.2000 0.029943
6.2500 0.029906
6.3000 0.029870
6.3500 0.029834
6.4000 0.029798
6.4500 0.029763
6.5000 0.029728
6.5500 0.029693
6.6000 0.029659
6.6500 0.029625
6.7000 0.029592
6.7500 0.029558
6.8000 0.029525
6.8500 0.029493
6.9000 0.029460
6.9500 0.029428
7.0000 0.029397
7.0500 0.029365
7.1000 0.029334
7.1500 0.029303
7.2000 0.029272
7.2500 0.029242
7.3000 0.029212
7.3500 0.029182
7.4000 0.029152
7.4500 0.029123
7.5000 0.029094
7.5500 0.029065
7.6000 0.029036
7.6500 0.029008
7.7000 0.028980
7.7500 0.028952
7.8000 0.028924
7.8500 0.028897
7.9000 0.028869
7.9500 0.028842
8.0000 0.028815
8.0500 0.028788
8.1000 0.028762
8.1500 0.028736
8.2000 0.028710
8.2500 0.028684
8.3000 0.028658
8.3500 0.028632
8.4000 0.028607
8.4500 0.028582
8.5000 0.028557
8.5500 0.028532
8.6000 0.028507
8.6500 0.028483
8.7000 0.028459
8.7500 0.028434
8.8000 0.028410
8.8500 0.028387
8.9000 0.028363
8.9500 0.028339
9.0000 0.028316
9.0500 0.028293
9.1000 0.028270
9.1500 0.028247
9.2000 0.028224
9.2500 0.028202
9.3000 0.028179
9.3500 0.028157
9.4000 0.028135
9.4500 0.028113
9.5000 0.028091
9.5500 0.028069
9.6000 0.028047
9.6500 0.028026
9.7000 0.028004
9.7500 0.027983
9.8000 0.027962
9.8500 0.027941
9.9000 0.027920
9.9500 0.027899
10.000 0.027879
10.050 0.027858
10.100 0.027838
10.150 0.027817
10.200 0.027797
10.250 0.027777
10.300 0.027757
10.350 0.027737
10.400 0.027718
10.450 0.027698
10.500 0.027679
10.550 0.027659
10.600 0.027640
10.650 0.027621
10.700 0.027602
10.750 0.027583
10.800 0.027564
10.850 0.027545
10.900 0.027526
10.950 0.027508
11.000 0.027489
11.050 0.027471
11.100 0.027452
11.150 0.027434
11.200 0.027416
11.250 0.027398
11.300 0.027380
11.350 0.027362
11.400 0.027345
11.450 0.027327
11.500 0.027309
11.550 0.027292
11.600 0.027274
11.650 0.027257
11.700 0.027240
11.750 0.027223
11.800 0.027206
11.850 0.027189
11.900 0.027172
11.950 0.027155
12.000 0.027138
12.050 0.027121
12.100 0.027105
12.150 0.027088
12.200 0.027072
12.250 0.027056
12.300 0.027039
12.350 0.027023
12.400 0.027007
12.450 0.026991
12.500 0.026975
12.550 0.026959
12.600 0.026943
12.650 0.026927
12.700 0.026911
12.750 0.026896
12.800 0.026880
12.850 0.026865
12.900 0.026849
12.950 0.026834
13.000 0.026819
13.050 0.026803
13.100 0.026788
13.150 0.026773
13.200 0.026758
13.250 0.026743
13.300 0.026728
13.350 0.026713
13.400 0.026698
13.450 0.026684
13.500 0.026669
13.550 0.026654
13.600 0.026640
13.650 0.026625
13.700 0.026611
13.750 0.026596
13.800 0.026582
13.850 0.026568
13.900 0.026554
13.950 0.026539
14.000 0.026525
14.050 0.026511
14.100 0.026497
14.150 0.026483
14.200 0.026469
14.250 0.026456
14.300 0.026442
14.350 0.026428
14.400 0.026414
14.450 0.026401
14.500 0.026387
14.550 0.026374
14.600 0.026360
14.650 0.026347
14.700 0.026334
14.750 0.026320
14.800 0.026307
14.850 0.026294
14.900 0.026281
14.950 0.026267
15.000 0.026254
15.050 0.026241
15.100 0.026228
15.150 0.026215
15.200 0.026203
15.250 0.026190
15.300 0.026177
15.350 0.026164
15.400 0.026152
15.450 0.026139
15.500 0.026126
15.550 0.026114
15.600 0.026101
15.650 0.026089
15.700 0.026076
15.750 0.026064
15.800 0.026052
15.850 0.026039
15.900 0.026027
15.950 0.026015
16.000 0.026003
16.050 0.025990
16.100 0.025978
16.150 0.025966
16.200 0.025954
16.250 0.025942
16.300 0.025930
16.350 0.025919
16.400 0.025907
16.450 0.025895
16.500 0.025883
16.550 0.025871
16.600 0.025860
16.650 0.025848
16.700 0.025836
16.750 0.025825
16.800 0.025813
16.850 0.025802
16.900 0.025790
16.950 0.025779
17.000 0.025767
17.050 0.025756
17.100 0.025745
17.150 0.025734
17.200 0.025722
17.250 0.025711
17.300 0.025700
17.350 0.025689
17.400 0.025678
17.450 0.025667
17.500 0.025655
17.550 0.025644
17.600 0.025634
17.650 0.025623
17.700 0.025612
17.750 0.025601
17.800 0.025590
17.850 0.025579
17.900 0.025568
17.950 0.025558
18.000 0.025547
18.050 0.025536
18.100 0.025526
18.150 0.025515
18.200 0.025504
18.250 0.025494
18.300 0.025483
18.350 0.025473
18.400 0.025462
18.450 0.025452
18.500 0.025442
18.550 0.025431
18.600 0.025421
18.650 0.025411
18.700 0.025400
18.750 0.025390
18.800 0.025380
18.850 0.025370
18.900 0.025360
18.950 0.025349
19.000 0.025339
19.050 0.025329
19.100 0.025319
19.150 0.025309
19.200 0.025299
19.250 0.025289
19.300 0.025279
19.350 0.025269
19.400 0.025260
19.450 0.025250
19.500 0.025240
19.550 0.025230
19.600 0.025220
19.650 0.025211
19.700 0.025201
19.750 0.025191
19.800 0.025182
19.850 0.025172
19.900 0.025162
19.950 0.025153
20.000 0.025143
20.050 0.025134
20.100 0.025124
20.150 0.025115
20.200 0.025105
20.250 0.025096
20.300 0.025086
20.350 0.025077
20.400 0.025068
20.450 0.025058
20.500 0.025049
20.550 0.025040
20.600 0.025031
20.650 0.025021
20.700 0.025012
20.750 0.025003
20.800 0.024994
20.850 0.024985
20.900 0.024976
20.950 0.024967
21.000 0.024957
21.050 0.024948
21.100 0.024939
21.150 0.024930
21.200 0.024921
21.250 0.024912
21.300 0.024904
21.350 0.024895
21.400 0.024886
21.450 0.024877
21.500 0.024868
21.550 0.024859
21.600 0.024851
21.650 0.024842
21.700 0.024833
21.750 0.024824
21.800 0.024816
21.850 0.024807
21.900 0.024798
21.950 0.024790
22.000 0.024781
22.050 0.024772
22.100 0.024764
22.150 0.024755
22.200 0.024747
22.250 0.024738
22.300 0.024730
22.350 0.024721
22.400 0.024713
22.450 0.024704
22.500 0.024696
22.550 0.024688
22.600 0.024679
22.650 0.024671
22.700 0.024663
22.750 0.024654
22.800 0.024646
22.850 0.024638
22.900 0.024629
22.950 0.024621
23.000 0.024613
23.050 0.024605
23.100 0.024597
23.150 0.024588
23.200 0.024580
23.250 0.024572
23.300 0.024564
23.350 0.024556
23.400 0.024548
23.450 0.024540
23.500 0.024532
23.550 0.024524
23.600 0.024516
23.650 0.024508
23.700 0.024500
23.750 0.024492
23.800 0.024484
23.850 0.024476
23.900 0.024468
23.950 0.024461
24.000 0.024453
24.050 0.024445
24.100 0.024437
24.150 0.024429
24.200 0.024421
24.250 0.024414
24.300 0.024406
24.350 0.024398
24.400 0.024391
24.450 0.024383
24.500 0.024375
24.550 0.024368
24.600 0.024360
24.650 0.024352
24.700 0.024345
24.750 0.024337
24.800 0.024330
24.850 0.024322
24.900 0.024314
24.950 0.024307
25.000 0.024299
25.050 0.024292
25.100 0.024284
25.150 0.024277
25.200 0.024270
25.250 0.024262
25.300 0.024255
25.350 0.024247
25.400 0.024240
25.450 0.024233
25.500 0.024225
25.550 0.024218
25.600 0.024211
25.650 0.024203
25.700 0.024196
25.750 0.024189
25.800 0.024181
25.850 0.024174
25.900 0.024167
25.950 0.024160
26.000 0.024153
26.050 0.024145
26.100 0.024138
26.150 0.024131
26.200 0.024124
26.250 0.024117
26.300 0.024110
26.350 0.024103
26.400 0.024096
26.450 0.024089
26.500 0.024081
26.550 0.024074
26.600 0.024067
26.650 0.024060
26.700 0.024053
26.750 0.024046
26.800 0.024039
26.850 0.024033
26.900 0.024026
26.950 0.024019
27.000 0.024012
27.050 0.024005
27.100 0.023998
27.150 0.023991
27.200 0.023984
27.250 0.023977
27.300 0.023971
27.350 0.023964
27.400 0.023957
27.450 0.023950
27.500 0.023943
27.550 0.023937
27.600 0.023930
27.650 0.023923
27.700 0.023916
27.750 0.023910
27.800 0.023903
27.850 0.023896
27.900 0.023890
27.950 0.023883
28.000 0.023876
28.050 0.023870
28.100 0.023863
28.150 0.023857
28.200 0.023850
28.250 0.023843
28.300 0.023837
28.350 0.023830
28.400 0.023824
28.450 0.023817
28.500 0.023811
28.550 0.023804
28.600 0.023798
28.650 0.023791
28.700 0.023785
28.750 0.023778
28.800 0.023772
28.850 0.023765
28.900 0.023759
28.950 0.023753
29.000 0.023746
29.050 0.023740
29.100 0.023733
29.150 0.023727
29.200 0.023721
29.250 0.023714
29.300 0.023708
29.350 0.023702
29.400 0.023696
29.450 0.023689
29.500 0.023683
29.550 0.023677
29.600 0.023670
29.650 0.023664
29.700 0.023658
29.750 0.023652
29.800 0.023646
29.850 0.023639
29.900 0.023633
29.950 0.023627
30.000 0.023621
