180.00 147.56
180.00 98.438
180.00 73.835
180.00 59.059
180.00 49.204
180.00 42.161
180.00 36.878
180.00 32.768
180.00 29.479
180.00 26.788
180.00 24.545
180.00 22.647
180.00 21.020
180.00 19.610
180.00 18.376
180.00 17.287
180.00 16.319
180.00 15.453
180.00 14.673
180.00 13.968
180.00 13.327
180.00 12.742
180.00 12.205
180.00 11.711
180.00 11.255
180.00 10.833
180.00 10.441
180.00 10.076
180.00 9.7358
180.00 9.4171
180.00 9.1184
180.00 8.8378
180.00 8.5737
180.00 8.3246
180.00 8.0894
180.00 7.8669
180.00 7.6562
180.00 7.4562
180.00 7.2662
180.00 7.0855
180.00 6.9133
180.00 6.7492
180.00 6.5925
180.00 6.4428
180.00 6.2996
180.00 6.1625
180.00 6.0311
180.00 5.9051
180.00 5.7841
180.00 5.6678
180.00 5.5560
180.00 5.4484
180.00 5.3448
180.00 5.2450
180.00 5.1487
180.00 5.0558
180.00 4.9661
180.00 4.8795
180.00 4.7957
180.00 4.7147
180.00 4.6363
180.00 4.5603
180.00 4.4868
180.00 4.4155
180.00 4.3464
180.00 4.2793
180.00 4.2142
180.00 4.1510
180.00 4.0895
180.00 4.0299
180.00 3.9718
180.00 3.9154
180.00 3.8605
180.00 3.8070
180.00 3.7549
180.00 3.7042
180.00 3.6548
180.00 3.6067
180.00 3.5597
180.00 3.5139
180.00 3.4693
180.00 3.4256
180.00 3.3831
180.00 3.3415
180.00 3.3009
180.00 3.2612
180.00 3.2225
180.00 3.1846
180.00 3.1475
180.00 3.1112
180.00 3.0758
180.00 3.0411
180.00 3.0071
180.00 2.9739
180.00 2.9413
180.00 2.9094
180.00 2.8782
180.00 2.8476
180.00 2.8176
180.00 2.7882
180.00 2.7593
180.00 2.7310
180.00 2.7033
180.00 2.6761
180.00 2.6494
180.00 2.6232
180.00 2.5975
180.00 2.5723
180.00 2.5475
180.00 2.5231
180.00 2.4992
180.00 2.4758
180.00 2.4527
180.00 2.4300
180.00 2.4077
180.00 2.3858
180.00 2.3643
180.00 2.3431
180.00 2.3223
180.00 2.3018
180.00 2.2817
180.00 2.2618
180.00 2.2423
180.00 2.2231
180.00 2.2043
180.00 2.1857
180.00 2.1674
180.00 2.1494
180.00 2.1316
180.00 2.1141
180.00 2.0969
180.00 2.0800
180.00 2.0633
180.00 2.0468
180.00 2.0306
180.00 2.0146
180.00 1.9989
180.00 1.9834
180.00 1.9681
180.00 1.9530
180.00 1.9381
180.00 1.9234
180.00 1.9090
180.00 1.8947
180.00 1.8806
180.00 1.8668
180.00 1.8531
180.00 1.8395
180.00 1.8262
180.00 1.8131
180.00 1.8001
180.00 1.7872
180.00 1.7746
180.00 1.7621
180.00 1.7498
180.00 1.7376
180.00 1.7256
180.00 1.7137
180.00 1.7020
180.00 1.6904
180.00 1.6790
180.00 1.6677
180.00 1.6565
180.00 1.6455
180.00 1.6346
180.00 1.6238
180.00 1.6132
180.00 1.6027
180.00 1.5923
180.00 1.5820
180.00 1.5718
180.00 1.5618
180.00 1.5519
180.00 1.5421
180.00 1.5324
180.00 1.5228
180.00 1.5133
180.00 1.5039
180.00 1.4946
180.00 1.4855
180.00 1.4764
180.00 1.4674
180.00 1.4585
180.00 1.4497
180.00 1.4410
180.00 1.4324
180.00 1.4239
180.00 1.4155
180.00 1.4072
180.00 1.3989
180.00 1.3908
180.00 1.3827
180.00 1.3747
180.00 1.3668
180.00 1.3589
180.00 1.3512
180.00 1.3435
180.00 1.3359
180.00 1.3284
180.00 1.3209
180.00 1.3135
180.00 1.3062
180.00 1.2990
180.00 1.2918
180.00 1.2847
180.00 1.2777
180.00 1.2707
180.00 1.2638
180.00 1.2570
180.00 1.2502
180.00 1.2435
180.00 1.2368
180.00 1.2302
180.00 1.2237
180.00 1.2172
180.00 1.2108
180.00 1.2045
180.00 1.1982
180.00 1.1919
180.00 1.1858
180.00 1.1796
180.00 1.1736
180.00 1.1675
180.00 1.1616
180.00 1.1557
180.00 1.1498
180.00 1.1440
180.00 1.1382
180.00 1.1325
180.00 1.1268
180.00 1.1212
180.00 1.1156
180.00 1.1101
180.00 1.1046
180.00 1.0992
180.00 1.0938
180.00 1.0885
180.00 1.0832
180.00 1.0779
180.00 1.0727
180.00 1.0675
180.00 1.0624
180.00 1.0573
180.00 1.0522
180.00 1.0472
180.00 1.0423
180.00 1.0373
180.00 1.0324
180.00 1.0276
180.00 1.0228
180.00 1.0180
180.00 1.0132
180.00 1.0085
180.00 1.0039
180.00 0.99922
180.00 0.99461
180.00 0.99005
180.00 0.98552
180.00 0.98102
180.00 0.97655
180.00 0.97212
180.00 0.96772
180.00 0.96336
180.00 0.95902
180.00 0.95472
180.00 0.95045
180.00 0.94621
180.00 0.94199
180.00 0.93781
180.00 0.93366
180.00 0.92954
180.00 0.92545
180.00 0.92139
180.00 0.91735
180.00 0.91335
180.00 0.90937
180.00 0.90542
180.00 0.90149
180.00 0.89760
180.00 0.89373
180.00 0.88988
180.00 0.88606
180.00 0.88227
180.00 0.87851
180.00 0.87477
180.00 0.87105
180.00 0.86736
180.00 0.86369
180.00 0.86005
180.00 0.85643
180.00 0.85284
180.00 0.84927
180.00 0.84572
180.00 0.84219
180.00 0.83869
180.00 0.83521
180.00 0.83175
180.00 0.82832
180.00 0.82490
180.00 0.82151
180.00 0.81814
180.00 0.81479
180.00 0.81146
180.00 0.80815
180.00 0.80487
180.00 0.80160
180.00 0.79835
180.00 0.79513
180.00 0.79192
180.00 0.78873
180.00 0.78556
180.00 0.78241
180.00 0.77928
180.00 0.77617
180.00 0.77308
180.00 0.77000
180.00 0.76695
180.00 0.76391
180.00 0.76089
180.00 0.75789
180.00 0.75490
180.00 0.75193
180.00 0.74898
180.00 0.74605
180.00 0.74313
180.00 0.74023
180.00 0.73735
180.00 0.73448
180.00 0.73163
180.00 0.72879
180.00 0.72598
180.00 0.72317
180.00 0.72038
180.00 0.71761
180.00 0.71486
180.00 0.71211
180.00 0.70939
180.00 0.70667
180.00 0.70398
180.00 0.70130
180.00 0.69863
180.00 0.69597
180.00 0.69333
180.00 0.69071
180.00 0.68810
180.00 0.68550
180.00 0.68292
180.00 0.68035
180.00 0.67779
180.00 0.67525
180.00 0.67271
180.00 0.67020
180.00 0.66769
180.00 0.66520
180.00 0.66272
180.00 0.66026
180.00 0.65780
180.00 0.65536
180.00 0.65293
180.00 0.65052
180.00 0.64811
180.00 0.64572
180.00 0.64334
180.00 0.64097
180.00 0.63861
180.00 0.63627
180.00 0.63393
180.00 0.63161
180.00 0.62930
180.00 0.62699
180.00 0.62470
180.00 0.62243
180.00 0.62016
180.00 0.61790
180.00 0.61565
180.00 0.61342
180.00 0.61119
180.00 0.60897
180.00 0.60677
180.00 0.60457
180.00 0.60239
180.00 0.60021
180.00 0.59805
180.00 0.59589
180.00 0.59375
180.00 0.59161
180.00 0.58949
180.00 0.58737
180.00 0.58526
180.00 0.58316
180.00 0.58107
180.00 0.57899
180.00 0.57692
180.00 0.57486
180.00 0.57281
180.00 0.57076
180.00 0.56873
180.00 0.56670
180.00 0.56468
180.00 0.56267
180.00 0.56067
180.00 0.55868
180.00 0.55669
180.00 0.55472
180.00 0.55275
180.00 0.55079
180.00 0.54884
180.00 0.54689
180.00 0.54496
180.00 0.54303
180.00 0.54111
180.00 0.53919
180.00 0.53729
180.00 0.53539
180.00 0.53350
180.00 0.53161
180.00 0.52974
180.00 0.52787
180.00 0.52600
180.00 0.52415
180.00 0.52230
180.00 0.52046
180.00 0.51863
180.00 0.51680
180.00 0.51498
180.00 0.51316
180.00 0.51136
180.00 0.50956
180.00 0.50776
180.00 0.50597
180.00 0.50419
180.00 0.50242
180.00 0.50065
180.00 0.49888
180.00 0.49713
180.00 0.49538
180.00 0.49363
180.00 0.49189
180.00 0.49016
180.00 0.48843
180.00 0.48671
180.00 0.48500
180.00 0.48428
180.00 0.045404
180.00 0.045403
180.00 0.045400
180.00 0.045397
180.00 0.045395
180.00 0.045392
180.00 0.045389
180.00 0.045387
180.00 0.045384
180.00 0.045381
180.00 0.045379
180.00 0.045376
180.00 0.045373
180.00 0.045371
180.00 0.045368
180.00 0.045365
180.00 0.045363
180.00 0.045360
180.00 0.045357
180.00 0.045355
180.00 0.045352
180.00 0.045349
180.00 0.045347
180.00 0.045344
180.00 0.045341
180.00 0.045339
180.00 0.045336
180.00 0.045333
180.00 0.045331
180.00 0.045328
180.00 0.045325
180.00 0.045323
180.00 0.045320
180.00 0.045318
180.00 0.045315
180.00 0.045312
180.00 0.045310
180.00 0.045307
180.00 0.045304
180.00 0.045302
180.00 0.045299
180.00 0.045297
180.00 0.045294
180.00 0.045291
180.00 0.045289
180.00 0.045286
180.00 0.045284
180.00 0.045281
180.00 0.045278
180.00 0.045276
180.00 0.045273
180.00 0.045271
180.00 0.045268
180.00 0.045265
180.00 0.045263
180.00 0.045260
180.00 0.045258
180.00 0.045255
180.00 0.045252
180.00 0.045250
180.00 0.045247
180.00 0.045245
180.00 0.045242
180.00 0.045240
180.00 0.045237
180.00 0.045234
180.00 0.045232
180.00 0.045229
180.00 0.045227
180.00 0.045224
180.00 0.045222
180.00 0.045219
180.00 0.045216
180.00 0.045214
180.00 0.045211
180.00 0.045209
180.00 0.045206
180.00 0.045204
180.00 0.045201
180.00 0.045199
180.00 0.045196
180.00 0.045193
180.00 0.045191
180.00 0.045188
180.00 0.045186
180.00 0.045183
180.00 0.045181
180.00 0.045178
180.00 0.045176
180.00 0.045173
180.00 0.045171
180.00 0.045168
180.00 0.045166
180.00 0.045163
180.00 0.045161
180.00 0.045158
180.00 0.045156
180.00 0.045153
180.00 0.045150
180.00 0.045148
180.00 0.045145
180.00 0.045143
180.00 0.045140
180.00 0.045138
180.00 0.045135
180.00 0.045133
180.00 0.045130
180.00 0.045128
180.00 0.045125
180.00 0.045123
180.00 0.045120
180.00 0.045118
180.00 0.045115
180.00 0.045113
180.00 0.045110
180.00 0.045108
180.00 0.045105
180.00 0.045103
180.00 0.045101
180.00 0.045098
180.00 0.045096
180.00 0.045093
180.00 0.045091
180.00 0.045088
180.00 0.045086
180.00 0.045083
180.00 0.045081
180.00 0.045078
180.00 0.045076
180.00 0.045073
180.00 0.045071
180.00 0.045068
180.00 0.045066
180.00 0.045063
180.00 0.045061
180.00 0.045059
180.00 0.045056
180.00 0.045054
180.00 0.045051
180.00 0.045049
180.00 0.045046
180.00 0.045044
180.00 0.045041
180.00 0.045039
180.00 0.045037
180.00 0.045034
180.00 0.045032
180.00 0.045029
180.00 0.045027
180.00 0.045024
180.00 0.045022
180.00 0.045019
180.00 0.045017
180.00 0.045015
180.00 0.045012
180.00 0.045010
180.00 0.045007
180.00 0.045005
180.00 0.045002
180.00 0.045000
