240.00 196.86
240.00 131.36
240.00 98.553
240.00 78.852
240.00 65.711
240.00 56.322
240.00 49.277
240.00 43.797
240.00 39.412
240.00 35.824
240.00 32.834
240.00 30.303
240.00 28.134
240.00 26.254
240.00 24.608
240.00 23.157
240.00 21.866
240.00 20.712
240.00 19.672
240.00 18.732
240.00 17.877
240.00 17.096
240.00 16.381
240.00 15.723
240.00 15.115
240.00 14.552
240.00 14.030
240.00 13.543
240.00 13.089
240.00 12.664
240.00 12.266
240.00 11.892
240.00 11.540
240.00 11.208
240.00 10.895
240.00 10.598
240.00 10.317
240.00 10.050
240.00 9.7972
240.00 9.5563
240.00 9.3268
240.00 9.1081
240.00 8.8992
240.00 8.6997
240.00 8.5088
240.00 8.3261
240.00 8.1510
240.00 7.9830
240.00 7.8217
240.00 7.6668
240.00 7.5178
240.00 7.3744
240.00 7.2363
240.00 7.1033
240.00 6.9750
240.00 6.8512
240.00 6.7317
240.00 6.6162
240.00 6.5046
240.00 6.3967
240.00 6.2922
240.00 6.1910
240.00 6.0930
240.00 5.9980
240.00 5.9059
240.00 5.8165
240.00 5.7298
240.00 5.6456
240.00 5.5638
240.00 5.4843
240.00 5.4070
240.00 5.3318
240.00 5.2586
240.00 5.1874
240.00 5.1181
240.00 5.0506
240.00 4.9848
240.00 4.9206
240.00 4.8581
240.00 4.7971
240.00 4.7376
240.00 4.6796
240.00 4.6229
240.00 4.5675
240.00 4.5135
240.00 4.4606
240.00 4.4090
240.00 4.3586
240.00 4.3092
240.00 4.2610
240.00 4.2138
240.00 4.1676
240.00 4.1224
240.00 4.0781
240.00 4.0348
240.00 3.9923
240.00 3.9507
240.00 3.9100
240.00 3.8701
240.00 3.8309
240.00 3.7926
240.00 3.7550
240.00 3.7181
240.00 3.6819
240.00 3.6464
240.00 3.6115
240.00 3.5773
240.00 3.5437
240.00 3.5108
240.00 3.4784
240.00 3.4466
240.00 3.4154
240.00 3.3847
240.00 3.3545
240.00 3.3249
240.00 3.2958
240.00 3.2671
240.00 3.2390
240.00 3.2113
240.00 3.1841
240.00 3.1573
240.00 3.1310
240.00 3.1050
240.00 3.0795
240.00 3.0544
240.00 3.0297
240.00 3.0054
240.00 2.9815
240.00 2.9579
240.00 2.9347
240.00 2.9118
240.00 2.8893
240.00 2.8671
240.00 2.8453
240.00 2.8237
240.00 2.8025
240.00 2.7816
240.00 2.7610
240.00 2.7407
240.00 2.7207
240.00 2.7009
240.00 2.6814
240.00 2.6622
240.00 2.6433
240.00 2.6246
240.00 2.6062
240.00 2.5880
240.00 2.5701
240.00 2.5524
240.00 2.5350
240.00 2.5177
240.00 2.5007
240.00 2.4840
240.00 2.4674
240.00 2.4510
240.00 2.4349
240.00 2.4189
240.00 2.4032
240.00 2.3877
240.00 2.3723
240.00 2.3572
240.00 2.3422
240.00 2.3274
240.00 2.3128
240.00 2.2983
240.00 2.2841
240.00 2.2700
240.00 2.2560
240.00 2.2423
240.00 2.2287
240.00 2.2152
240.00 2.2019
240.00 2.1888
240.00 2.1758
240.00 2.1630
240.00 2.1503
240.00 2.1377
240.00 2.1253
240.00 2.1130
240.00 2.1009
240.00 2.0889
240.00 2.0770
240.00 2.0653
240.00 2.0537
240.00 2.0422
240.00 2.0308
240.00 2.0195
240.00 2.0084
240.00 1.9974
240.00 1.9865
240.00 1.9757
240.00 1.9650
240.00 1.9545
240.00 1.9440
240.00 1.9337
240.00 1.9234
240.00 1.9133
240.00 1.9032
240.00 1.8933
240.00 1.8835
240.00 1.8737
240.00 1.8641
240.00 1.8545
240.00 1.8451
240.00 1.8357
240.00 1.8264
240.00 1.8172
240.00 1.8081
240.00 1.7991
240.00 1.7902
240.00 1.7813
240.00 1.7726
240.00 1.7639
240.00 1.7553
240.00 1.7468
240.00 1.7383
240.00 1.7300
240.00 1.7217
240.00 1.7135
240.00 1.7053
240.00 1.6973
240.00 1.6893
240.00 1.6814
240.00 1.6735
240.00 1.6657
240.00 1.6580
240.00 1.6504
240.00 1.6428
240.00 1.6353
240.00 1.6278
240.00 1.6204
240.00 1.6131
240.00 1.6059
240.00 1.5987
240.00 1.5915
240.00 1.5845
240.00 1.5774
240.00 1.5705
240.00 1.5636
240.00 1.5567
240.00 1.5500
240.00 1.5432
240.00 1.5365
240.00 1.5299
240.00 1.5234
240.00 1.5168
240.00 1.5104
240.00 1.5040
240.00 1.4976
240.00 1.4913
240.00 1.4850
240.00 1.4788
240.00 1.4727
240.00 1.4666
240.00 1.4605
240.00 1.4545
240.00 1.4485
240.00 1.4426
240.00 1.4367
240.00 1.4309
240.00 1.4251
240.00 1.4193
240.00 1.4136
240.00 1.4080
240.00 1.4024
240.00 1.3968
240.00 1.3913
240.00 1.3858
240.00 1.3803
240.00 1.3749
240.00 1.3695
240.00 1.3642
240.00 1.3589
240.00 1.3536
240.00 1.3484
240.00 1.3433
240.00 1.3381
240.00 1.3330
240.00 1.3279
240.00 1.3229
240.00 1.3179
240.00 1.3129
240.00 1.3080
240.00 1.3031
240.00 1.2983
240.00 1.2934
240.00 1.2886
240.00 1.2839
240.00 1.2792
240.00 1.2745
240.00 1.2698
240.00 1.2652
240.00 1.2606
240.00 1.2560
240.00 1.2515
240.00 1.2470
240.00 1.2425
240.00 1.2380
240.00 1.2336
240.00 1.2292
240.00 1.2249
240.00 1.2206
240.00 1.2163
240.00 1.2120
240.00 1.2077
240.00 1.2035
240.00 1.1993
240.00 1.1952
240.00 1.1910
240.00 1.1869
240.00 1.1828
240.00 1.1788
240.00 1.1747
240.00 1.1707
240.00 1.1668
240.00 1.1628
240.00 1.1589
240.00 1.1550
240.00 1.1511
240.00 1.1472
240.00 1.1434
240.00 1.1396
240.00 1.1358
240.00 1.1320
240.00 1.1283
240.00 1.1246
240.00 1.1209
240.00 1.1172
240.00 1.1136
240.00 1.1099
240.00 1.1063
240.00 1.1027
240.00 1.0992
240.00 1.0956
240.00 1.0921
240.00 1.0886
240.00 1.0851
240.00 1.0817
240.00 1.0782
240.00 1.0748
240.00 1.0714
240.00 1.0680
240.00 1.0647
240.00 1.0613
240.00 1.0580
240.00 1.0547
240.00 1.0514
240.00 1.0481
240.00 1.0449
240.00 1.0417
240.00 1.0385
240.00 1.0353
240.00 1.0321
240.00 1.0289
240.00 1.0258
240.00 1.0227
240.00 1.0196
240.00 1.0165
240.00 1.0134
240.00 1.0104
240.00 1.0073
240.00 1.0043
240.00 1.0013
240.00 0.99833
240.00 0.99536
240.00 0.99241
240.00 0.98947
240.00 0.98655
240.00 0.98365
240.00 0.98076
240.00 0.97788
240.00 0.97502
240.00 0.97218
240.00 0.96935
240.00 0.96654
240.00 0.96374
240.00 0.96095
240.00 0.95818
240.00 0.95543
240.00 0.95269
240.00 0.94996
240.00 0.94725
240.00 0.94455
240.00 0.94186
240.00 0.93919
240.00 0.93654
240.00 0.93389
240.00 0.93126
240.00 0.92865
240.00 0.92605
240.00 0.92346
240.00 0.92088
240.00 0.91832
240.00 0.91577
240.00 0.91323
240.00 0.91070
240.00 0.90819
240.00 0.90569
240.00 0.90320
240.00 0.90073
240.00 0.89826
240.00 0.89581
240.00 0.89338
240.00 0.89095
240.00 0.88853
240.00 0.88613
240.00 0.88374
240.00 0.88136
240.00 0.87899
240.00 0.87664
240.00 0.87429
240.00 0.87196
240.00 0.86963
240.00 0.86732
240.00 0.86502
240.00 0.86273
240.00 0.86045
240.00 0.85819
240.00 0.85593
240.00 0.85368
240.00 0.85145
240.00 0.84922
240.00 0.84701
240.00 0.84480
240.00 0.84261
240.00 0.84042
240.00 0.83825
240.00 0.83609
240.00 0.83393
240.00 0.83179
240.00 0.82965
240.00 0.82753
240.00 0.82541
240.00 0.82331
240.00 0.82121
240.00 0.81913
240.00 0.81705
240.00 0.81499
240.00 0.81293
240.00 0.81088
240.00 0.80884
240.00 0.80681
240.00 0.80479
240.00 0.80278
240.00 0.80078
240.00 0.79878
240.00 0.79680
240.00 0.79482
240.00 0.79285
240.00 0.79089
240.00 0.78894
240.00 0.78700
240.00 0.78507
240.00 0.78314
240.00 0.78123
240.00 0.77932
240.00 0.77742
240.00 0.77553
240.00 0.77364
240.00 0.77177
240.00 0.76990
240.00 0.76804
240.00 0.76619
240.00 0.76435
240.00 0.76251
240.00 0.76069
240.00 0.75887
240.00 0.75705
240.00 0.75525
240.00 0.75345
240.00 0.75166
240.00 0.74988
240.00 0.74811
240.00 0.74634
240.00 0.74458
240.00 0.74283
240.00 0.74108
240.00 0.73934
240.00 0.73761
240.00 0.73589
240.00 0.73417
240.00 0.73246
240.00 0.73076
240.00 0.72907
240.00 0.72738
240.00 0.72570
240.00 0.72402
240.00 0.72235
240.00 0.72069
240.00 0.71904
240.00 0.71739
240.00 0.71575
240.00 0.71411
240.00 0.71249
240.00 0.71086
240.00 0.70925
240.00 0.70764
240.00 0.70604
240.00 0.70444
240.00 0.70285
240.00 0.70127
240.00 0.69969
240.00 0.69812
240.00 0.69656
240.00 0.69500
240.00 0.69345
240.00 0.69190
240.00 0.69036
240.00 0.68882
240.00 0.68730
240.00 0.68577
240.00 0.68426
240.00 0.68275
240.00 0.68124
240.00 0.67974
240.00 0.67825
240.00 0.67676
240.00 0.67528
240.00 0.67380
240.00 0.67233
240.00 0.67087
240.00 0.66941
240.00 0.66795
240.00 0.66650
240.00 0.66506
240.00 0.66362
240.00 0.66219
240.00 0.66076
240.00 0.65934
240.00 0.65793
240.00 0.65651
240.00 0.65511
240.00 0.65371
240.00 0.65231
240.00 0.65092
240.00 0.64954
240.00 0.64816
240.00 0.64678
240.00 0.64541
240.00 0.64405
240.00 0.64269
240.00 0.64133
240.00 0.63998
240.00 0.63864
240.00 0.63730
240.00 0.63596
240.00 0.63463
240.00 0.63330
240.00 0.63198
240.00 0.63067
240.00 0.62936
240.00 0.62805
240.00 0.62675
240.00 0.62545
240.00 0.62416
240.00 0.62287
240.00 0.62158
240.00 0.62030
240.00 0.61903
240.00 0.61776
240.00 0.61649
240.00 0.61523
240.00 0.61397
240.00 0.61272
240.00 0.61147
240.00 0.61023
240.00 0.60899
240.00 0.60776
240.00 0.60652
240.00 0.60530
240.00 0.60408
240.00 0.60286
240.00 0.60164
240.00 0.60043
240.00 0.59923
240.00 0.59803
240.00 0.59683
240.00 0.59564
240.00 0.59445
240.00 0.59326
240.00 0.59208
240.00 0.59090
240.00 0.58973
240.00 0.58856
240.00 0.58740
240.00 0.58623
240.00 0.58508
240.00 0.58392
240.00 0.58277
240.00 0.58163
240.00 0.58048
240.00 0.57935
240.00 0.57821
240.00 0.57708
240.00 0.57595
240.00 0.57483
240.00 0.57371
240.00 0.57260
240.00 0.57148
240.00 0.57037
240.00 0.56927
