420.00 344.62
420.00 230.00
420.00 172.59
420.00 138.11
420.00 115.12
420.00 98.685
420.00 86.358
420.00 76.767
420.00 69.094
420.00 62.815
420.00 57.582
420.00 53.153
420.00 49.357
420.00 46.067
420.00 43.188
420.00 40.647
420.00 38.389
420.00 36.368
420.00 34.549
420.00 32.904
420.00 31.408
420.00 30.042
420.00 28.790
420.00 27.638
420.00 26.574
420.00 25.589
420.00 24.675
420.00 23.824
420.00 23.029
420.00 22.286
420.00 21.589
420.00 20.934
420.00 20.318
420.00 19.737
420.00 19.189
420.00 18.670
420.00 18.178
420.00 17.711
420.00 17.268
420.00 16.847
420.00 16.445
420.00 16.062
420.00 15.697
420.00 15.348
420.00 15.014
420.00 14.694
420.00 14.388
420.00 14.094
420.00 13.811
420.00 13.540
420.00 13.280
420.00 13.029
420.00 12.787
420.00 12.554
420.00 12.330
420.00 12.113
420.00 11.904
420.00 11.702
420.00 11.507
420.00 11.318
420.00 11.135
420.00 10.958
420.00 10.786
420.00 10.620
420.00 10.459
420.00 10.303
420.00 10.151
420.00 10.004
420.00 9.8604
420.00 9.7213
420.00 9.5860
420.00 9.4545
420.00 9.3265
420.00 9.2019
420.00 9.0806
420.00 8.9624
420.00 8.8473
420.00 8.7351
420.00 8.6257
420.00 8.5190
420.00 8.4148
420.00 8.3133
420.00 8.2141
420.00 8.1172
420.00 8.0226
420.00 7.9302
420.00 7.8399
420.00 7.7516
420.00 7.6653
420.00 7.5809
420.00 7.4983
420.00 7.4175
420.00 7.3384
420.00 7.2609
420.00 7.1851
420.00 7.1109
420.00 7.0381
420.00 6.9668
420.00 6.8970
420.00 6.8285
420.00 6.7614
420.00 6.6956
420.00 6.6310
420.00 6.5677
420.00 6.5056
420.00 6.4446
420.00 6.3848
420.00 6.3261
420.00 6.2684
420.00 6.2117
420.00 6.1561
420.00 6.1015
420.00 6.0478
420.00 5.9951
420.00 5.9432
420.00 5.8923
420.00 5.8422
420.00 5.7930
420.00 5.7445
420.00 5.6969
420.00 5.6501
420.00 5.6040
420.00 5.5587
420.00 5.5140
420.00 5.4701
420.00 5.4269
420.00 5.3844
420.00 5.3425
420.00 5.3013
420.00 5.2607
420.00 5.2207
420.00 5.1813
420.00 5.1425
420.00 5.1043
420.00 5.0666
420.00 5.0295
420.00 4.9929
420.00 4.9569
420.00 4.9213
420.00 4.8863
420.00 4.8518
420.00 4.8177
420.00 4.7841
420.00 4.7510
420.00 4.7184
420.00 4.6862
420.00 4.6544
420.00 4.6230
420.00 4.5921
420.00 4.5615
420.00 4.5314
420.00 4.5017
420.00 4.4723
420.00 4.4434
420.00 4.4148
420.00 4.3865
420.00 4.3587
420.00 4.3311
420.00 4.3040
420.00 4.2771
420.00 4.2506
420.00 4.2244
420.00 4.1986
420.00 4.1730
420.00 4.1478
420.00 4.1228
420.00 4.0982
420.00 4.0738
420.00 4.0497
420.00 4.0260
420.00 4.0024
420.00 3.9792
420.00 3.9562
420.00 3.9335
420.00 3.9111
420.00 3.8889
420.00 3.8669
420.00 3.8452
420.00 3.8238
420.00 3.8026
420.00 3.7816
420.00 3.7608
420.00 3.7403
420.00 3.7200
420.00 3.6999
420.00 3.6800
420.00 3.6603
420.00 3.6408
420.00 3.6216
420.00 3.6025
420.00 3.5837
420.00 3.5650
420.00 3.5466
420.00 3.5283
420.00 3.5102
420.00 3.4923
420.00 3.4746
420.00 3.4570
420.00 3.4396
420.00 3.4224
420.00 3.4054
420.00 3.3885
420.00 3.3718
420.00 3.3553
420.00 3.3389
420.00 3.3227
420.00 3.3067
420.00 3.2908
420.00 3.2750
420.00 3.2594
420.00 3.2439
420.00 3.2286
420.00 3.2135
420.00 3.1984
420.00 3.1835
420.00 3.1688
420.00 3.1542
420.00 3.1397
420.00 3.1253
420.00 3.1111
420.00 3.0970
420.00 3.0831
420.00 3.0692
420.00 3.0555
420.00 3.0419
420.00 3.0284
420.00 3.0151
420.00 3.0018
420.00 2.9887
420.00 2.9757
420.00 2.9628
420.00 2.9500
420.00 2.9373
420.00 2.9247
420.00 2.9123
420.00 2.8999
420.00 2.8876
420.00 2.8755
420.00 2.8634
420.00 2.8515
420.00 2.8396
420.00 2.8279
420.00 2.8162
420.00 2.8046
420.00 2.7932
420.00 2.7818
420.00 2.7705
420.00 2.7593
420.00 2.7482
420.00 2.7372
420.00 2.7263
420.00 2.7154
420.00 2.7046
420.00 2.6940
420.00 2.6834
420.00 2.6729
420.00 2.6624
420.00 2.6521
420.00 2.6418
420.00 2.6316
420.00 2.6215
420.00 2.6115
420.00 2.6015
420.00 2.5917
420.00 2.5819
420.00 2.5721
420.00 2.5625
420.00 2.5529
420.00 2.5433
420.00 2.5339
420.00 2.5245
420.00 2.5152
420.00 2.5060
420.00 2.4968
420.00 2.4877
420.00 2.4786
420.00 2.4697
420.00 2.4607
420.00 2.4519
420.00 2.4431
420.00 2.4344
420.00 2.4257
420.00 2.4171
420.00 2.4086
420.00 2.4001
420.00 2.3917
420.00 2.3833
420.00 2.3750
420.00 2.3667
420.00 2.3586
420.00 2.3504
420.00 2.3423
420.00 2.3343
420.00 2.3263
420.00 2.3184
420.00 2.3106
420.00 2.3027
420.00 2.2950
420.00 2.2873
420.00 2.2796
420.00 2.2720
420.00 2.2645
420.00 2.2570
420.00 2.2495
420.00 2.2421
420.00 2.2347
420.00 2.2274
420.00 2.2202
420.00 2.2129
420.00 2.2058
420.00 2.1986
420.00 2.1916
420.00 2.1845
420.00 2.1775
420.00 2.1706
420.00 2.1637
420.00 2.1568
420.00 2.1500
420.00 2.1433
420.00 2.1365
420.00 2.1298
420.00 2.1232
420.00 2.1166
420.00 2.1100
420.00 2.1035
420.00 2.0970
420.00 2.0906
420.00 2.0842
420.00 2.0778
420.00 2.0715
420.00 2.0652
420.00 2.0589
420.00 2.0527
420.00 2.0465
420.00 2.0404
420.00 2.0343
420.00 2.0282
420.00 2.0222
420.00 2.0162
420.00 2.0102
420.00 2.0043
420.00 1.9984
420.00 1.9925
420.00 1.9867
420.00 1.9809
420.00 1.9752
420.00 1.9694
420.00 1.9637
420.00 1.9581
420.00 1.9525
420.00 1.9469
420.00 1.9413
420.00 1.9358
420.00 1.9303
420.00 1.9248
420.00 1.9194
420.00 1.9139
420.00 1.9086
420.00 1.9032
420.00 1.8979
420.00 1.8926
420.00 1.8874
420.00 1.8821
420.00 1.8769
420.00 1.8717
420.00 1.8666
420.00 1.8615
420.00 1.8564
420.00 1.8513
420.00 1.8463
420.00 1.8413
420.00 1.8363
420.00 1.8313
420.00 1.8264
420.00 1.8215
420.00 1.8166
420.00 1.8118
420.00 1.8070
420.00 1.8022
420.00 1.7974
420.00 1.7926
420.00 1.7879
420.00 1.7832
420.00 1.7785
420.00 1.7739
420.00 1.7693
420.00 1.7647
420.00 1.7601
420.00 1.7555
420.00 1.7510
420.00 1.7465
420.00 1.7420
420.00 1.7375
420.00 1.7331
420.00 1.7287
420.00 1.7243
420.00 1.7199
420.00 1.7155
420.00 1.7112
420.00 1.7069
420.00 1.7026
420.00 1.6983
420.00 1.6941
420.00 1.6899
420.00 1.6857
420.00 1.6815
420.00 1.6773
420.00 1.6732
420.00 1.6691
420.00 1.6650
420.00 1.6609
420.00 1.6568
420.00 1.6528
420.00 1.6488
420.00 1.6448
420.00 1.6408
420.00 1.6368
420.00 1.6329
420.00 1.6289
420.00 1.6250
420.00 1.6211
420.00 1.6173
420.00 1.6134
420.00 1.6096
420.00 1.6058
420.00 1.6020
420.00 1.5982
420.00 1.5944
420.00 1.5907
420.00 1.5869
420.00 1.5832
420.00 1.5795
420.00 1.5758
420.00 1.5722
420.00 1.5685
420.00 1.5649
420.00 1.5613
420.00 1.5577
420.00 1.5541
420.00 1.5506
420.00 1.5470
420.00 1.5435
420.00 1.5400
420.00 1.5365
420.00 1.5330
420.00 1.5295
420.00 1.5261
420.00 1.5226
420.00 1.5192
420.00 1.5158
420.00 1.5124
420.00 1.5091
420.00 1.5057
420.00 1.5023
420.00 1.4990
420.00 1.4957
420.00 1.4924
420.00 1.4891
420.00 1.4858
420.00 1.4826
420.00 1.4793
420.00 1.4761
420.00 1.4729
420.00 1.4697
420.00 1.4665
420.00 1.4633
420.00 1.4602
420.00 1.4570
420.00 1.4539
420.00 1.4508
420.00 1.4476
420.00 1.4446
420.00 1.4415
420.00 1.4384
420.00 1.4353
420.00 1.4323
420.00 1.4293
420.00 1.4262
420.00 1.4232
420.00 1.4203
420.00 1.4173
420.00 1.4143
420.00 1.4113
420.00 1.4084
420.00 1.4055
420.00 1.4026
420.00 1.3996
420.00 1.3967
420.00 1.3939
420.00 1.3910
420.00 1.3881
420.00 1.3853
420.00 1.3824
420.00 1.3796
420.00 1.3768
420.00 1.3740
420.00 1.3712
420.00 1.3684
420.00 1.3657
420.00 1.3629
420.00 1.3602
420.00 1.3574
420.00 1.3547
420.00 1.3520
420.00 1.3493
420.00 1.3466
420.00 1.3439
420.00 1.3412
420.00 1.3386
420.00 1.3359
420.00 1.3333
420.00 1.3306
420.00 1.3280
420.00 1.3254
420.00 1.3228
420.00 1.3202
420.00 1.3176
420.00 1.3151
420.00 1.3125
420.00 1.3100
420.00 1.3074
420.00 1.3049
420.00 1.3024
420.00 1.2999
420.00 1.2974
420.00 1.2949
420.00 1.2924
420.00 1.2899
420.00 1.2874
420.00 1.2850
420.00 1.2825
420.00 1.2801
420.00 1.2777
420.00 1.2753
420.00 1.2728
420.00 1.2704
420.00 1.2681
420.00 1.2657
420.00 1.2633
420.00 1.2609
420.00 1.2586
420.00 1.2562
420.00 1.2539
420.00 1.2516
420.00 1.2492
420.00 1.2469
420.00 1.2446
420.00 1.2423
420.00 1.2400
420.00 1.2378
420.00 1.2355
420.00 1.2332
420.00 1.2310
420.00 1.2287
420.00 1.2265
420.00 1.2243
420.00 1.2220
420.00 1.2198
420.00 1.2176
420.00 1.2154
420.00 1.2132
420.00 1.2110
420.00 1.2089
420.00 1.2067
420.00 1.2045
420.00 1.2024
420.00 1.2002
420.00 1.1981
420.00 1.1960
420.00 1.1938
420.00 1.1917
420.00 1.1896
420.00 1.1875
420.00 1.1854
420.00 1.1833
420.00 1.1813
420.00 1.1792
420.00 1.1771
420.00 1.1751
420.00 1.1730
420.00 1.1710
420.00 1.1689
420.00 1.1669
420.00 1.1649
420.00 1.1629
420.00 1.1609
420.00 1.1589
420.00 1.1569
420.00 1.1549
420.00 1.1529
420.00 1.1509
420.00 1.1490
420.00 1.1470
420.00 1.1450
420.00 1.1431
420.00 1.1412
420.00 1.1392
420.00 1.1373
420.00 1.1354
420.00 1.1335
420.00 1.1315
