0.10000 90.130
0.15000 60.042
0.20000 44.998
0.25000 35.971
0.30000 29.954
0.35000 25.655
0.40000 22.432
0.45000 19.924
0.50000 17.918
0.55000 16.277
0.60000 14.909
0.65000 13.752
0.70000 12.760
0.75000 11.900
0.80000 11.148
0.85000 10.484
0.90000 9.8941
0.95000 9.3662
1.0000 8.8910
1.0500 8.4611
1.1000 8.0703
1.1500 7.7134
1.2000 7.3863
1.2500 7.0853
1.3000 6.8075
1.3500 6.5502
1.4000 6.3114
1.4500 6.0889
1.5000 5.8813
1.5500 5.6871
1.6000 5.5051
1.6500 5.3340
1.7000 5.1730
1.7500 5.0212
1.8000 4.8779
1.8500 4.7423
1.9000 4.6138
1.9500 4.4919
2.0000 4.3761
2.0500 4.2659
2.1000 4.1610
2.1500 4.0609
2.2000 3.9654
2.2500 3.8741
2.3000 3.7868
2.3500 3.7032
2.4000 3.6231
2.4500 3.5463
2.5000 3.4725
2.5500 3.4016
2.6000 3.3334
2.6500 3.2678
2.7000 3.2047
2.7500 3.1438
2.8000 3.0851
2.8500 3.0284
2.9000 2.9737
2.9500 2.9209
3.0000 2.8698
3.0500 2.8204
3.1000 2.7725
3.1500 2.7262
3.2000 2.6813
3.2500 2.6379
3.3000 2.5957
3.3500 2.5547
3.4000 2.5150
3.4500 2.4765
3.5000 2.4390
3.5500 2.4026
3.6000 2.3671
3.6500 2.3327
3.7000 2.2992
3.7500 2.2665
3.8000 2.2348
3.8500 2.2038
3.9000 2.1737
3.9500 2.1443
4.0000 2.1156
4.0500 2.0876
4.1000 2.0603
4.1500 2.0337
4.2000 2.0077
4.2500 1.9823
4.3000 1.9575
4.3500 1.9333
4.4000 1.9096
4.4500 1.8865
4.5000 1.8638
4.5500 1.8417
4.6000 1.8200
4.6500 1.7988
4.7000 1.7780
4.7500 1.7577
4.8000 1.7378
4.8500 1.7183
4.9000 1.6992
4.9500 1.6805
5.0000 1.6622
5.0500 1.6442
5.1000 1.6265
5.1500 1.6092
5.2000 1.5923
5.2500 1.5756
5.3000 1.5593
5.3500 1.5433
5.4000 1.5275
5.4500 1.5121
5.5000 1.4969
5.5500 1.4820
5.6000 1.4674
5.6500 1.4530
5.7000 1.4389
5.7500 1.4250
5.8000 1.4113
5.8500 1.3979
5.9000 1.3847
5.9500 1.3718
6.0000 1.3590
6.0500 1.3464
6.1000 1.3341
6.1500 1.3220
6.2000 1.3100
6.2500 1.2982
6.3000 1.2866
6.3500 1.2752
6.4000 1.2640
6.4500 1.2530
6.5000 1.2421
6.5500 1.2314
6.6000 1.2208
6.6500 1.2104
6.7000 1.2001
6.7500 1.1900
6.8000 1.1801
6.8500 1.1703
6.9000 1.1606
6.9500 1.1510
7.0000 1.1416
7.0500 1.1324
7.1000 1.1232
7.1500 1.1142
7.2000 1.1053
7.2500 1.0965
7.3000 1.0879
7.3500 1.0793
7.4000 1.0709
7.4500 1.0626
7.5000 1.0544
7.5500 1.0463
7.6000 1.0383
7.6500 1.0304
7.7000 1.0226
7.7500 1.0149
7.8000 1.0073
7.8500 0.99979
7.9000 0.99238
7.9500 0.98505
8.0000 0.97782
8.0500 0.97067
8.1000 0.96361
8.1500 0.95664
8.2000 0.94975
8.2500 0.94293
8.3000 0.93620
8.3500 0.92955
8.4000 0.92297
8.4500 0.91647
8.5000 0.91004
8.5500 0.90369
8.6000 0.89741
8.6500 0.89120
8.7000 0.88505
8.7500 0.87898
8.8000 0.87297
8.8500 0.86703
8.9000 0.86115
8.9500 0.85533
9.0000 0.84958
9.0500 0.84389
9.1000 0.83826
9.1500 0.83268
9.2000 0.82717
9.2500 0.82171
9.3000 0.81631
9.3500 0.81097
9.4000 0.80568
9.4500 0.80044
9.5000 0.79526
9.5500 0.79012
9.6000 0.78504
9.6500 0.78001
9.7000 0.77503
9.7500 0.77010
9.8000 0.76521
9.8500 0.76037
9.9000 0.75558
9.9500 0.75083
10.000 0.74613
10.050 0.74148
10.100 0.73686
10.150 0.73229
10.200 0.72776
10.250 0.72328
10.300 0.71883
10.350 0.71443
10.400 0.71006
10.450 0.70574
10.500 0.70145
10.550 0.69720
10.600 0.69299
10.650 0.68881
10.700 0.68468
10.750 0.68057
10.800 0.67651
10.850 0.67247
10.900 0.66848
10.950 0.66451
11.000 0.66058
11.050 0.65668
11.100 0.65282
11.150 0.64898
11.200 0.64518
11.250 0.64141
11.300 0.63767
11.350 0.63396
11.400 0.63028
11.450 0.62663
11.500 0.62300
11.550 0.61941
11.600 0.61584
11.650 0.61231
11.700 0.60879
11.750 0.60531
11.800 0.60185
11.850 0.59842
11.900 0.59502
11.950 0.59164
12.000 0.58828
12.050 0.58495
12.100 0.58165
12.150 0.57836
12.200 0.57511
12.250 0.57187
12.300 0.56866
12.350 0.56547
12.400 0.56231
12.450 0.55916
12.500 0.55604
12.550 0.55294
12.600 0.54986
12.650 0.54680
12.700 0.54376
12.750 0.54075
12.800 0.53775
12.850 0.53477
12.900 0.53182
12.950 0.52888
13.000 0.52596
13.050 0.52306
13.100 0.52018
13.150 0.51731
13.200 0.51447
13.250 0.51164
13.300 0.50883
13.350 0.50603
13.400 0.50326
13.450 0.50050
13.500 0.49776
13.550 0.49503
13.600 0.49232
13.650 0.48962
13.700 0.48694
13.750 0.48428
13.800 0.48163
13.850 0.47899
13.900 0.47638
13.950 0.47377
14.000 0.47118
14.050 0.46860
14.100 0.46604
14.150 0.46349
14.200 0.46095
14.250 0.45843
14.300 0.45592
14.350 0.45342
14.400 0.45093
14.450 0.44846
14.466 0.44765
14.466 0.045077
14.500 0.045074
14.550 0.045070
14.600 0.045065
14.650 0.045060
14.700 0.045056
14.750 0.045051
14.800 0.045047
14.850 0.045042
14.900 0.045038
14.950 0.045033
15.000 0.045029
15.050 0.045024
15.100 0.045020
15.150 0.045015
15.200 0.045011
15.250 0.045006
15.300 0.045002
15.350 0.044997
15.400 0.044993
15.450 0.044988
15.500 0.044984
15.550 0.044979
15.600 0.044975
15.650 0.044970
15.700 0.044966
15.750 0.044961
15.800 0.044957
15.850 0.044952
15.900 0.044948
15.950 0.044944
16.000 0.044939
16.050 0.044935
16.100 0.044930
16.150 0.044926
16.200 0.044921
16.250 0.044917
16.300 0.044913
16.350 0.044908
16.400 0.044904
16.450 0.044900
16.500 0.044895
16.550 0.044891
16.600 0.044886
16.650 0.044882
16.700 0.044878
16.750 0.044873
16.800 0.044869
16.850 0.044865
16.900 0.044860
16.950 0.044856
17.000 0.044852
17.050 0.044847
17.100 0.044843
17.150 0.044839
17.200 0.044835
17.250 0.044830
17.300 0.044826
17.350 0.044822
17.400 0.044817
17.450 0.044813
17.500 0.044809
17.550 0.044805
17.600 0.044800
17.650 0.044796
17.700 0.044792
17.750 0.044788
17.800 0.044783
17.850 0.044779
17.900 0.044775
17.950 0.044771
18.000 0.044766
18.050 0.044762
18.100 0.044758
18.150 0.044754
18.200 0.044750
18.250 0.044745
18.300 0.044741
18.350 0.044737
18.400 0.044733
18.450 0.044729
18.500 0.044725
18.550 0.044720
18.600 0.044716
18.650 0.044712
18.700 0.044708
18.750 0.044704
18.800 0.044700
18.850 0.044695
18.900 0.044691
18.950 0.044687
19.000 0.044683
19.050 0.044679
19.100 0.044675
19.150 0.044671
19.200 0.044667
19.250 0.044663
19.300 0.044658
19.350 0.044654
19.400 0.044650
19.450 0.044646
19.500 0.044642
19.550 0.044638
19.600 0.044634
19.650 0.044630
19.700 0.044626
19.750 0.044622
19.800 0.044618
19.850 0.044614
19.900 0.044610
19.950 0.044606
20.000 0.044602
20.050 0.044598
20.100 0.044593
20.150 0.044589
20.200 0.044585
20.250 0.044581
20.300 0.044577
20.350 0.044573
20.400 0.044569
20.450 0.044565
20.500 0.044561
20.550 0.044557
20.600 0.044553
20.650 0.044550
20.700 0.044546
20.750 0.044542
20.800 0.044538
20.850 0.044534
20.900 0.044530
20.950 0.044526
21.000 0.044522
21.050 0.044518
21.100 0.044514
21.150 0.044510
21.200 0.044506
21.250 0.044502
21.300 0.044498
21.350 0.044494
21.400 0.044490
21.450 0.044486
21.500 0.044483
21.550 0.044479
21.600 0.044475
21.650 0.044471
21.700 0.044467
21.750 0.044463
21.800 0.044459
21.850 0.044455
21.900 0.044451
21.950 0.044448
22.000 0.044444
22.050 0.044440
22.100 0.044436
22.150 0.044432
22.200 0.044428
22.250 0.044424
22.300 0.044421
22.350 0.044417
22.400 0.044413
22.450 0.044409
22.500 0.044405
22.550 0.044401
22.600 0.044398
22.650 0.044394
22.700 0.044390
22.750 0.044386
22.800 0.044382
22.850 0.044379
22.900 0.044375
22.950 0.044371
23.000 0.044367
23.050 0.044363
23.100 0.044360
23.150 0.044356
23.200 0.044352
23.250 0.044348
23.300 0.044345
23.350 0.044341
23.400 0.044337
23.450 0.044333
23.500 0.044330
23.550 0.044326
23.600 0.044322
23.650 0.044318
23.700 0.044315
23.750 0.044311
23.800 0.044307
23.850 0.044303
23.900 0.044300
23.950 0.044296
24.000 0.044292
24.050 0.044289
24.100 0.044285
24.150 0.044281
24.200 0.044277
24.250 0.044274
24.300 0.044270
24.350 0.044266
24.400 0.044263
24.450 0.044259
24.500 0.044255
24.550 0.044252
24.600 0.044248
24.650 0.044244
24.700 0.044241
24.750 0.044237
24.800 0.044233
24.850 0.044230
24.900 0.044226
24.950 0.044222
25.000 0.044219
25.050 0.044215
25.100 0.044212
25.150 0.044208
25.200 0.044204
25.250 0.044201
25.300 0.044197
25.350 0.044193
25.400 0.044190
25.450 0.044186
25.500 0.044183
25.550 0.044179
25.600 0.044175
25.650 0.044172
25.700 0.044168
25.750 0.044165
25.800 0.044161
25.850 0.044157
25.900 0.044154
25.950 0.044150
26.000 0.044147
26.050 0.044143
26.100 0.044140
26.150 0.044136
26.200 0.044133
26.250 0.044129
26.300 0.044125
26.350 0.044122
26.400 0.044118
26.450 0.044115
26.500 0.044111
26.550 0.044108
26.600 0.044104
26.650 0.044101
26.700 0.044097
26.750 0.044094
26.800 0.044090
26.850 0.044087
26.900 0.044083
26.950 0.044080
27.000 0.044076
27.050 0.044073
27.100 0.044069
27.150 0.044066
27.200 0.044062
27.250 0.044059
27.300 0.044055
27.350 0.044052
27.400 0.044048
27.450 0.044045
27.500 0.044041
27.550 0.044038
27.600 0.044034
27.650 0.044031
27.700 0.044027
27.750 0.044024
27.800 0.044020
27.850 0.044017
27.900 0.044014
27.950 0.044010
28.000 0.044007
28.050 0.044003
28.100 0.044000
28.150 0.043996
28.200 0.043993
28.250 0.043989
28.300 0.043986
28.350 0.043983
28.400 0.043979
28.450 0.043976
28.500 0.043972
28.550 0.043969
28.600 0.043966
28.650 0.043962
28.700 0.043959
28.750 0.043955
28.800 0.043952
28.850 0.043949
28.900 0.043945
28.950 0.043942
29.000 0.043938
29.050 0.043935
29.100 0.043932
29.150 0.043928
29.200 0.043925
29.250 0.043922
29.300 0.043918
29.350 0.043915
29.400 0.043912
29.450 0.043908
29.500 0.043905
29.550 0.043901
29.600 0.043898
29.650 0.043895
29.700 0.043891
29.750 0.043888
29.800 0.043885
29.850 0.043881
29.900 0.043878
29.950 0.043875
30.000 0.043871
