0.10000 303.62
0.15000 202.42
0.20000 151.81
0.25000 121.45
0.30000 101.21
0.35000 86.753
0.40000 75.909
0.45000 67.476
0.50000 60.729
0.55000 55.208
0.60000 50.608
0.65000 46.716
0.70000 43.379
0.75000 40.488
0.80000 37.958
0.85000 35.725
0.90000 33.741
0.95000 31.965
1.0000 30.367
1.0500 28.922
1.1000 27.607
1.1500 26.407
1.2000 25.307
1.2500 24.295
1.3000 23.361
1.3500 22.496
1.4000 21.693
1.4500 20.945
1.5000 20.247
1.5500 19.594
1.6000 18.982
1.6500 18.407
1.7000 17.866
1.7500 17.355
1.8000 16.873
1.8500 16.418
1.9000 15.986
1.9500 15.576
2.0000 15.187
2.0500 14.816
2.1000 14.464
2.1500 14.128
2.2000 13.807
2.2500 13.500
2.3000 13.207
2.3500 12.926
2.4000 12.657
2.4500 12.398
2.5000 12.151
2.5500 11.912
2.6000 11.683
2.6500 11.463
2.7000 11.251
2.7500 11.047
2.8000 10.849
2.8500 10.659
2.9000 10.475
2.9500 10.298
3.0000 10.127
3.0500 9.9606
3.1000 9.8000
3.1500 9.6446
3.2000 9.4940
3.2500 9.3480
3.3000 9.2065
3.3500 9.0692
3.4000 8.9359
3.4500 8.8065
3.5000 8.6807
3.5500 8.5586
3.6000 8.4398
3.6500 8.3243
3.7000 8.2119
3.7500 8.1024
3.8000 7.9959
3.8500 7.8922
3.9000 7.7911
3.9500 7.6925
4.0000 7.5964
4.0500 7.5027
4.1000 7.4113
4.1500 7.3221
4.2000 7.2350
4.2500 7.1500
4.3000 7.0669
4.3500 6.9857
4.4000 6.9064
4.4500 6.8289
4.5000 6.7531
4.5500 6.6789
4.6000 6.6064
4.6500 6.5354
4.7000 6.4660
4.7500 6.3980
4.8000 6.3314
4.8500 6.2662
4.9000 6.2023
4.9500 6.1397
5.0000 6.0784
5.0500 6.0183
5.1000 5.9593
5.1500 5.9015
5.2000 5.8449
5.2500 5.7893
5.3000 5.7347
5.3500 5.6812
5.4000 5.6286
5.4500 5.5770
5.5000 5.5264
5.5500 5.4767
5.6000 5.4278
5.6500 5.3798
5.7000 5.3327
5.7500 5.2864
5.8000 5.2409
5.8500 5.1961
5.9000 5.1522
5.9500 5.1089
6.0000 5.0664
6.0500 5.0246
6.1000 4.9834
6.1500 4.9430
6.2000 4.9032
6.2500 4.8640
6.3000 4.8254
6.3500 4.7875
6.4000 4.7502
6.4500 4.7134
6.5000 4.6772
6.5500 4.6415
6.6000 4.6064
6.6500 4.5718
6.7000 4.5377
6.7500 4.5042
6.8000 4.4711
6.8500 4.4385
6.9000 4.4064
6.9500 4.3748
7.0000 4.3435
7.0500 4.3128
7.1000 4.2825
7.1500 4.2526
7.2000 4.2231
7.2500 4.1940
7.3000 4.1653
7.3500 4.1370
7.4000 4.1091
7.4500 4.0816
7.5000 4.0544
7.5500 4.0276
7.6000 4.0012
7.6500 3.9750
7.7000 3.9493
7.7500 3.9238
7.8000 3.8987
7.8500 3.8739
7.9000 3.8495
7.9500 3.8253
8.0000 3.8014
8.0500 3.7779
8.1000 3.7546
8.1500 3.7316
8.2000 3.7089
8.2500 3.6864
8.3000 3.6643
8.3500 3.6424
8.4000 3.6207
8.4500 3.5993
8.5000 3.5782
8.5500 3.5573
8.6000 3.5367
8.6500 3.5163
8.7000 3.4961
8.7500 3.4762
8.8000 3.4564
8.8500 3.4370
8.9000 3.4177
8.9500 3.3986
9.0000 3.3798
9.0500 3.3611
9.1000 3.3427
9.1500 3.3245
9.2000 3.3065
9.2500 3.2886
9.3000 3.2710
9.3500 3.2535
9.4000 3.2362
9.4500 3.2192
9.5000 3.2022
9.5500 3.1855
9.6000 3.1690
9.6500 3.1526
9.7000 3.1364
9.7500 3.1203
9.8000 3.1044
9.8500 3.0887
9.9000 3.0731
9.9500 3.0577
10.000 3.0425
10.050 3.0274
10.100 3.0124
10.150 2.9976
10.200 2.9829
10.250 2.9684
10.300 2.9541
10.350 2.9398
10.400 2.9257
10.450 2.9117
10.500 2.8979
10.550 2.8842
10.600 2.8706
10.650 2.8572
10.700 2.8439
10.750 2.8307
10.800 2.8176
10.850 2.8047
10.900 2.7918
10.950 2.7791
11.000 2.7665
11.050 2.7540
11.100 2.7416
11.150 2.7294
11.200 2.7172
11.250 2.7052
11.300 2.6932
11.350 2.6814
11.400 2.6697
11.450 2.6580
11.500 2.6465
11.550 2.6351
11.600 2.6238
11.650 2.6125
11.700 2.6014
11.750 2.5904
11.800 2.5794
11.850 2.5686
11.900 2.5578
11.950 2.5471
12.000 2.5365
12.050 2.5260
12.100 2.5156
12.150 2.5053
12.200 2.4951
12.250 2.4849
12.300 2.4748
12.350 2.4648
12.400 2.4549
12.450 2.4451
12.500 2.4353
12.550 2.4257
12.600 2.4161
12.650 2.4066
12.700 2.3971
12.750 2.3877
12.800 2.3784
12.850 2.3692
12.900 2.3600
12.950 2.3510
13.000 2.3419
13.050 2.3330
13.100 2.3241
13.150 2.3153
13.200 2.3066
13.250 2.2979
13.300 2.2893
13.350 2.2807
13.400 2.2722
13.450 2.2638
13.500 2.2555
13.550 2.2472
13.600 2.2389
13.650 2.2308
13.700 2.2226
13.750 2.2146
13.800 2.2066
13.850 2.1986
13.900 2.1908
13.950 2.1829
14.000 2.1752
14.050 2.1675
14.100 2.1598
14.150 2.1522
14.200 2.1446
14.250 2.1371
14.300 2.1297
14.350 2.1223
14.400 2.1149
14.450 2.1077
14.500 2.1004
14.550 2.0932
14.600 2.0861
14.650 2.0790
14.700 2.0719
14.750 2.0649
14.800 2.0580
14.850 2.0511
14.900 2.0442
14.950 2.0374
15.000 2.0306
15.050 2.0239
15.100 2.0172
15.150 2.0106
15.200 2.0040
15.250 1.9975
15.300 1.9910
15.350 1.9845
15.400 1.9781
15.450 1.9717
15.500 1.9654
15.550 1.9591
15.600 1.9528
15.650 1.9466
15.700 1.9404
15.750 1.9343
15.800 1.9282
15.850 1.9221
15.900 1.9161
15.950 1.9101
16.000 1.9042
16.050 1.8983
16.100 1.8924
16.150 1.8865
16.200 1.8807
16.250 1.8750
16.300 1.8693
16.350 1.8636
16.400 1.8579
16.450 1.8523
16.500 1.8467
16.550 1.8411
16.600 1.8356
16.650 1.8301
16.700 1.8247
16.750 1.8192
16.800 1.8138
16.850 1.8085
16.900 1.8031
16.950 1.7979
17.000 1.7926
17.050 1.7873
17.100 1.7821
17.150 1.7770
17.200 1.7718
17.250 1.7667
17.300 1.7616
17.350 1.7566
17.400 1.7515
17.450 1.7465
17.500 1.7416
17.550 1.7366
17.600 1.7317
17.650 1.7268
17.700 1.7220
17.750 1.7172
17.800 1.7124
17.850 1.7076
17.900 1.7028
17.950 1.6981
18.000 1.6934
18.050 1.6887
18.100 1.6841
18.150 1.6795
18.200 1.6749
18.250 1.6703
18.300 1.6658
18.350 1.6612
18.400 1.6568
18.450 1.6523
18.500 1.6478
18.550 1.6434
18.600 1.6390
18.650 1.6346
18.700 1.6303
18.750 1.6260
18.800 1.6217
18.850 1.6174
18.900 1.6131
18.950 1.6089
19.000 1.6047
19.050 1.6005
19.100 1.5963
19.150 1.5922
19.200 1.5880
19.250 1.5839
19.300 1.5798
19.350 1.5758
19.400 1.5717
19.450 1.5677
19.500 1.5637
19.550 1.5597
19.600 1.5558
19.650 1.5518
19.700 1.5479
19.750 1.5440
19.800 1.5401
19.850 1.5363
19.900 1.5324
19.950 1.5286
20.000 1.5248
20.050 1.5210
20.100 1.5173
20.150 1.5135
20.200 1.5098
20.250 1.5061
20.300 1.5024
20.350 1.4987
20.400 1.4951
20.450 1.4914
20.500 1.4878
20.550 1.4842
20.600 1.4806
20.650 1.4771
20.700 1.4735
20.750 1.4700
20.800 1.4665
20.850 1.4630
20.900 1.4595
20.950 1.4560
21.000 1.4526
21.050 1.4491
21.100 1.4457
21.150 1.4423
21.200 1.4389
21.250 1.4356
21.300 1.4322
21.350 1.4289
21.400 1.4256
21.450 1.4223
21.500 1.4190
21.550 1.4157
21.600 1.4124
21.650 1.4092
21.700 1.4060
21.750 1.4027
21.800 1.3995
21.850 1.3964
21.900 1.3932
21.950 1.3900
22.000 1.3869
22.050 1.3838
22.100 1.3806
22.150 1.3775
22.200 1.3745
22.250 1.3714
22.300 1.3683
22.350 1.3653
22.400 1.3623
22.450 1.3592
22.500 1.3562
22.550 1.3533
22.600 1.3503
22.650 1.3473
22.700 1.3444
22.750 1.3414
22.800 1.3385
22.850 1.3356
22.900 1.3327
22.950 1.3298
23.000 1.3269
23.050 1.3241
23.100 1.3212
23.150 1.3184
23.200 1.3156
23.250 1.3127
23.300 1.3099
23.350 1.3072
23.400 1.3044
23.450 1.3016
23.500 1.2989
23.550 1.2961
23.600 1.2934
23.650 1.2907
23.700 1.2880
23.750 1.2853
23.800 1.2826
23.850 1.2799
23.900 1.2773
23.950 1.2746
24.000 1.2720
24.050 1.2693
24.100 1.2667
24.150 1.2641
24.200 1.2615
24.250 1.2589
24.300 1.2564
24.350 1.2538
24.400 1.2512
24.450 1.2487
24.500 1.2462
24.550 1.2436
24.600 1.2411
24.650 1.2386
24.700 1.2361
24.750 1.2337
24.800 1.2312
24.850 1.2287
24.900 1.2263
24.950 1.2238
25.000 1.2214
25.050 1.2190
25.100 1.2166
25.150 1.2142
25.200 1.2118
25.250 1.2094
25.300 1.2070
25.350 1.2047
25.400 1.2023
25.450 1.1999
25.500 1.1976
25.550 1.1953
25.600 1.1930
25.650 1.1907
25.700 1.1884
25.750 1.1861
25.800 1.1838
25.850 1.1815
25.900 1.1792
25.950 1.1770
26.000 1.1747
26.050 1.1725
26.100 1.1703
26.150 1.1680
26.200 1.1658
26.250 1.1636
26.300 1.1614
26.350 1.1592
26.400 1.1571
26.450 1.1549
26.500 1.1527
26.550 1.1506
26.600 1.1484
26.650 1.1463
26.700 1.1441
26.750 1.1420
26.800 1.1399
26.850 1.1378
26.900 1.1357
26.950 1.1336
27.000 1.1315
27.050 1.1295
27.100 1.1274
27.150 1.1253
27.200 1.1233
27.250 1.1212
27.300 1.1192
27.350 1.1172
27.400 1.1151
27.450 1.1131
27.500 1.1111
27.550 1.1091
27.600 1.1071
27.650 1.1051
27.700 1.1031
27.750 1.1012
27.800 1.0992
27.850 1.0972
27.900 1.0953
27.950 1.0933
28.000 1.0914
28.050 1.0895
28.100 1.0876
28.150 1.0856
28.200 1.0837
28.250 1.0818
28.300 1.0799
28.350 1.0780
28.400 1.0762
28.450 1.0743
28.500 1.0724
28.550 1.0705
28.600 1.0687
28.650 1.0668
28.700 1.0650
28.750 1.0632
28.800 1.0613
28.850 1.0595
28.900 1.0577
28.950 1.0559
29.000 1.0541
29.050 1.0523
29.100 1.0505
29.150 1.0487
29.200 1.0469
29.250 1.0451
29.300 1.0433
29.350 1.0416
29.400 1.0398
29.450 1.0381
29.500 1.0363
29.550 1.0346
29.600 1.0329
29.650 1.0311
29.700 1.0294
29.750 1.0277
29.800 1.0260
29.850 1.0243
29.900 1.0226
29.950 1.0209
30.000 1.0192
