0.10000 336.45
0.15000 224.30
0.20000 168.23
0.25000 134.58
0.30000 112.16
0.35000 96.135
0.40000 84.119
0.45000 74.774
0.50000 67.297
0.55000 61.180
0.60000 56.083
0.65000 51.770
0.70000 48.073
0.75000 44.868
0.80000 42.065
0.85000 39.591
0.90000 37.392
0.95000 35.425
1.0000 33.654
1.0500 32.052
1.1000 30.595
1.1500 29.265
1.2000 28.047
1.2500 26.925
1.3000 25.890
1.3500 24.931
1.4000 24.041
1.4500 23.213
1.5000 22.439
1.5500 21.716
1.6000 21.037
1.6500 20.400
1.7000 19.801
1.7500 19.235
1.8000 18.701
1.8500 18.196
1.9000 17.717
1.9500 17.263
2.0000 16.832
2.0500 16.422
2.1000 16.031
2.1500 15.658
2.2000 15.303
2.2500 14.963
2.3000 14.638
2.3500 14.327
2.4000 14.028
2.4500 13.742
2.5000 13.468
2.5500 13.204
2.6000 12.950
2.6500 12.706
2.7000 12.471
2.7500 12.244
2.8000 12.026
2.8500 11.815
2.9000 11.611
2.9500 11.415
3.0000 11.225
3.0500 11.041
3.1000 10.863
3.1500 10.691
3.2000 10.524
3.2500 10.362
3.3000 10.205
3.3500 10.053
3.4000 9.9054
3.4500 9.7620
3.5000 9.6227
3.5500 9.4873
3.6000 9.3556
3.6500 9.2276
3.7000 9.1031
3.7500 8.9818
3.8000 8.8638
3.8500 8.7488
3.9000 8.6368
3.9500 8.5276
4.0000 8.4211
4.0500 8.3173
4.1000 8.2160
4.1500 8.1171
4.2000 8.0206
4.2500 7.9264
4.3000 7.8343
4.3500 7.7444
4.4000 7.6565
4.4500 7.5706
4.5000 7.4866
4.5500 7.4044
4.6000 7.3241
4.6500 7.2454
4.7000 7.1684
4.7500 7.0931
4.8000 7.0193
4.8500 6.9471
4.9000 6.8763
4.9500 6.8069
5.0000 6.7390
5.0500 6.6723
5.1000 6.6070
5.1500 6.5430
5.2000 6.4802
5.2500 6.4186
5.3000 6.3581
5.3500 6.2988
5.4000 6.2405
5.4500 6.1834
5.5000 6.1273
5.5500 6.0722
5.6000 6.0180
5.6500 5.9649
5.7000 5.9126
5.7500 5.8613
5.8000 5.8109
5.8500 5.7613
5.9000 5.7126
5.9500 5.6647
6.0000 5.6175
6.0500 5.5712
6.1000 5.5256
6.1500 5.4808
6.2000 5.4367
6.2500 5.3933
6.3000 5.3505
6.3500 5.3085
6.4000 5.2671
6.4500 5.2263
6.5000 5.1862
6.5500 5.1467
6.6000 5.1078
6.6500 5.0695
6.7000 5.0317
6.7500 4.9945
6.8000 4.9579
6.8500 4.9218
6.9000 4.8862
6.9500 4.8511
7.0000 4.8165
7.0500 4.7824
7.1000 4.7488
7.1500 4.7157
7.2000 4.6830
7.2500 4.6508
7.3000 4.6190
7.3500 4.5877
7.4000 4.5567
7.4500 4.5262
7.5000 4.4961
7.5500 4.4664
7.6000 4.4371
7.6500 4.4082
7.7000 4.3796
7.7500 4.3514
7.8000 4.3236
7.8500 4.2961
7.9000 4.2690
7.9500 4.2422
8.0000 4.2158
8.0500 4.1897
8.1000 4.1639
8.1500 4.1384
8.2000 4.1132
8.2500 4.0884
8.3000 4.0638
8.3500 4.0395
8.4000 4.0155
8.4500 3.9918
8.5000 3.9684
8.5500 3.9453
8.6000 3.9224
8.6500 3.8998
8.7000 3.8774
8.7500 3.8553
8.8000 3.8335
8.8500 3.8119
8.9000 3.7905
8.9500 3.7694
9.0000 3.7485
9.0500 3.7279
9.1000 3.7075
9.1500 3.6873
9.2000 3.6673
9.2500 3.6475
9.3000 3.6280
9.3500 3.6086
9.4000 3.5895
9.4500 3.5706
9.5000 3.5518
9.5500 3.5333
9.6000 3.5149
9.6500 3.4968
9.7000 3.4788
9.7500 3.4610
9.8000 3.4434
9.8500 3.4260
9.9000 3.4087
9.9500 3.3917
10.000 3.3748
10.050 3.3580
10.100 3.3415
10.150 3.3250
10.200 3.3088
10.250 3.2927
10.300 3.2768
10.350 3.2610
10.400 3.2454
10.450 3.2299
10.500 3.2146
10.550 3.1994
10.600 3.1843
10.650 3.1694
10.700 3.1547
10.750 3.1401
10.800 3.1256
10.850 3.1112
10.900 3.0970
10.950 3.0829
11.000 3.0689
11.050 3.0551
11.100 3.0414
11.150 3.0278
11.200 3.0143
11.250 3.0010
11.300 2.9878
11.350 2.9746
11.400 2.9616
11.450 2.9488
11.500 2.9360
11.550 2.9233
11.600 2.9108
11.650 2.8983
11.700 2.8860
11.750 2.8737
11.800 2.8616
11.850 2.8496
11.900 2.8377
11.950 2.8258
12.000 2.8141
12.050 2.8025
12.100 2.7909
12.150 2.7795
12.200 2.7681
12.250 2.7569
12.300 2.7457
12.350 2.7347
12.400 2.7237
12.450 2.7128
12.500 2.7020
12.550 2.6913
12.600 2.6806
12.650 2.6701
12.700 2.6596
12.750 2.6492
12.800 2.6389
12.850 2.6287
12.900 2.6185
12.950 2.6085
13.000 2.5985
13.050 2.5886
13.100 2.5787
13.150 2.5690
13.200 2.5593
13.250 2.5496
13.300 2.5401
13.350 2.5306
13.400 2.5212
13.450 2.5119
13.500 2.5026
13.550 2.4934
13.600 2.4843
13.650 2.4753
13.700 2.4663
13.750 2.4573
13.800 2.4485
13.850 2.4397
13.900 2.4309
13.950 2.4223
14.000 2.4136
14.050 2.4051
14.100 2.3966
14.150 2.3882
14.200 2.3798
14.250 2.3715
14.300 2.3632
14.350 2.3550
14.400 2.3469
14.450 2.3388
14.500 2.3308
14.550 2.3228
14.600 2.3149
14.650 2.3070
14.700 2.2992
14.750 2.2915
14.800 2.2838
14.850 2.2761
14.900 2.2685
14.950 2.2610
15.000 2.2535
15.050 2.2460
15.100 2.2386
15.150 2.2313
15.200 2.2240
15.250 2.2167
15.300 2.2095
15.350 2.2023
15.400 2.1952
15.450 2.1882
15.500 2.1811
15.550 2.1742
15.600 2.1672
15.650 2.1603
15.700 2.1535
15.750 2.1467
15.800 2.1399
15.850 2.1332
15.900 2.1265
15.950 2.1199
16.000 2.1133
16.050 2.1068
16.100 2.1003
16.150 2.0938
16.200 2.0874
16.250 2.0810
16.300 2.0746
16.350 2.0683
16.400 2.0621
16.450 2.0558
16.500 2.0496
16.550 2.0435
16.600 2.0373
16.650 2.0313
16.700 2.0252
16.750 2.0192
16.800 2.0132
16.850 2.0073
16.900 2.0014
16.950 1.9955
17.000 1.9897
17.050 1.9839
17.100 1.9781
17.150 1.9724
17.200 1.9667
17.250 1.9610
17.300 1.9554
17.350 1.9498
17.400 1.9442
17.450 1.9386
17.500 1.9331
17.550 1.9277
17.600 1.9222
17.650 1.9168
17.700 1.9114
17.750 1.9061
17.800 1.9008
17.850 1.8955
17.900 1.8902
17.950 1.8850
18.000 1.8798
18.050 1.8746
18.100 1.8694
18.150 1.8643
18.200 1.8592
18.250 1.8542
18.300 1.8491
18.350 1.8441
18.400 1.8391
18.450 1.8342
18.500 1.8293
18.550 1.8244
18.600 1.8195
18.650 1.8146
18.700 1.8098
18.750 1.8050
18.800 1.8002
18.850 1.7955
18.900 1.7908
18.950 1.7861
19.000 1.7814
19.050 1.7768
19.100 1.7721
19.150 1.7676
19.200 1.7630
19.250 1.7584
19.300 1.7539
19.350 1.7494
19.400 1.7449
19.450 1.7405
19.500 1.7360
19.550 1.7316
19.600 1.7272
19.650 1.7229
19.700 1.7185
19.750 1.7142
19.800 1.7099
19.850 1.7056
19.900 1.7014
19.950 1.6971
20.000 1.6929
20.050 1.6887
20.100 1.6845
20.150 1.6804
20.200 1.6763
20.250 1.6722
20.300 1.6681
20.350 1.6640
20.400 1.6599
20.450 1.6559
20.500 1.6519
20.550 1.6479
20.600 1.6439
20.650 1.6400
20.700 1.6361
20.750 1.6321
20.800 1.6282
20.850 1.6244
20.900 1.6205
20.950 1.6167
21.000 1.6128
21.050 1.6090
21.100 1.6053
21.150 1.6015
21.200 1.5977
21.250 1.5940
21.300 1.5903
21.350 1.5866
21.400 1.5829
21.450 1.5792
21.500 1.5756
21.550 1.5720
21.600 1.5684
21.650 1.5648
21.700 1.5612
21.750 1.5576
21.800 1.5541
21.850 1.5505
21.900 1.5470
21.950 1.5435
22.000 1.5401
22.050 1.5366
22.100 1.5331
22.150 1.5297
22.200 1.5263
22.250 1.5229
22.300 1.5195
22.350 1.5161
22.400 1.5128
22.450 1.5094
22.500 1.5061
22.550 1.5028
22.600 1.4995
22.650 1.4962
22.700 1.4929
22.750 1.4897
22.800 1.4864
22.850 1.4832
22.900 1.4800
22.950 1.4768
23.000 1.4736
23.050 1.4704
23.100 1.4673
23.150 1.4641
23.200 1.4610
23.250 1.4579
23.300 1.4548
23.350 1.4517
23.400 1.4486
23.450 1.4455
23.500 1.4425
23.550 1.4395
23.600 1.4364
23.650 1.4334
23.700 1.4304
23.750 1.4274
23.800 1.4245
23.850 1.4215
23.900 1.4185
23.950 1.4156
24.000 1.4127
24.050 1.4098
24.100 1.4069
24.150 1.4040
24.200 1.4011
24.250 1.3982
24.300 1.3954
24.350 1.3925
24.400 1.3897
24.450 1.3869
24.500 1.3841
24.550 1.3813
24.600 1.3785
24.650 1.3757
24.700 1.3730
24.750 1.3702
24.800 1.3675
24.850 1.3648
24.900 1.3620
24.950 1.3593
25.000 1.3566
25.050 1.3540
25.100 1.3513
25.150 1.3486
25.200 1.3460
25.250 1.3433
25.300 1.3407
25.350 1.3381
25.400 1.3355
25.450 1.3329
25.500 1.3303
25.550 1.3277
25.600 1.3251
25.650 1.3226
25.700 1.3200
25.750 1.3175
25.800 1.3149
25.850 1.3124
25.900 1.3099
25.950 1.3074
26.000 1.3049
26.050 1.3024
26.100 1.3000
26.150 1.2975
26.200 1.2950
26.250 1.2926
26.300 1.2902
26.350 1.2877
26.400 1.2853
26.450 1.2829
26.500 1.2805
26.550 1.2781
26.600 1.2758
26.650 1.2734
26.700 1.2710
26.750 1.2687
26.800 1.2663
26.850 1.2640
26.900 1.2617
26.950 1.2593
27.000 1.2570
27.050 1.2547
27.100 1.2524
27.150 1.2501
27.200 1.2479
27.250 1.2456
27.300 1.2433
27.350 1.2411
27.400 1.2389
27.450 1.2366
27.500 1.2344
27.550 1.2322
27.600 1.2300
27.650 1.2278
27.700 1.2256
27.750 1.2234
27.800 1.2212
27.850 1.2190
27.900 1.2169
27.950 1.2147
28.000 1.2126
28.050 1.2104
28.100 1.2083
28.150 1.2062
28.200 1.2040
28.250 1.2019
28.300 1.1998
28.350 1.1977
28.400 1.1956
28.450 1.1936
28.500 1.1915
28.550 1.1894
28.600 1.1874
28.650 1.1853
28.700 1.1833
28.750 1.1812
28.800 1.1792
28.850 1.1772
28.900 1.1752
28.950 1.1732
29.000 1.1712
29.050 1.1692
29.100 1.1672
29.150 1.1652
29.200 1.1632
29.250 1.1613
29.300 1.1593
29.350 1.1573
29.400 1.1554
29.450 1.1534
29.500 1.1515
29.550 1.1496
29.600 1.1477
29.650 1.1457
29.700 1.1438
29.750 1.1419
29.800 1.1400
29.850 1.1382
29.900 1.1363
29.950 1.1344
30.000 1.1325
