170.00 139.11
170.00 92.714
170.00 69.477
170.00 55.522
170.00 46.214
170.00 39.562
170.00 34.571
170.00 30.689
170.00 27.583
170.00 25.040
170.00 22.922
170.00 21.128
170.00 19.591
170.00 18.259
170.00 17.093
170.00 16.064
170.00 15.149
170.00 14.330
170.00 13.594
170.00 12.927
170.00 12.320
170.00 11.767
170.00 11.259
170.00 10.792
170.00 10.361
170.00 10.190
170.00 0.045137
170.00 0.045137
170.00 0.045137
170.00 0.045136
170.00 0.045136
170.00 0.045135
170.00 0.045135
170.00 0.045135
170.00 0.045134
170.00 0.045134
170.00 0.045133
170.00 0.045133
170.00 0.045132
170.00 0.045132
170.00 0.045132
170.00 0.045131
170.00 0.045131
170.00 0.045130
170.00 0.045130
170.00 0.045130
170.00 0.045129
170.00 0.045129
170.00 0.045128
170.00 0.045128
170.00 0.045128
170.00 0.045127
170.00 0.045127
170.00 0.045126
170.00 0.045126
170.00 0.045125
170.00 0.045125
170.00 0.045125
170.00 0.045124
170.00 0.045124
170.00 0.045123
170.00 0.045123
170.00 0.045123
170.00 0.045122
170.00 0.045122
170.00 0.045121
170.00 0.045121
170.00 0.045121
170.00 0.045120
170.00 0.045120
170.00 0.045119
170.00 0.045119
170.00 0.045118
170.00 0.045118
170.00 0.045118
170.00 0.045117
170.00 0.045117
170.00 0.045116
170.00 0.045116
170.00 0.045116
170.00 0.045115
170.00 0.045115
170.00 0.045114
170.00 0.045114
170.00 0.045114
170.00 0.045113
170.00 0.045113
170.00 0.045112
170.00 0.045112
170.00 0.045112
170.00 0.045111
170.00 0.045111
170.00 0.045110
170.00 0.045110
170.00 0.045109
170.00 0.045109
170.00 0.045109
170.00 0.045108
170.00 0.045108
170.00 0.045107
170.00 0.045107
170.00 0.045107
170.00 0.045106
170.00 0.045106
170.00 0.045105
170.00 0.045105
170.00 0.045105
170.00 0.045104
170.00 0.045104
170.00 0.045103
170.00 0.045103
170.00 0.045103
170.00 0.045102
170.00 0.045102
170.00 0.045101
170.00 0.045101
170.00 0.045100
170.00 0.045100
170.00 0.045100
170.00 0.045099
170.00 0.045099
170.00 0.045098
170.00 0.045098
170.00 0.045098
170.00 0.045097
170.00 0.045097
170.00 0.045096
170.00 0.045096
170.00 0.045096
170.00 0.045095
170.00 0.045095
170.00 0.045094
170.00 0.045094
170.00 0.045094
170.00 0.045093
170.00 0.045093
170.00 0.045092
170.00 0.045092
170.00 0.045091
170.00 0.045091
170.00 0.045091
170.00 0.045090
170.00 0.045090
170.00 0.045089
170.00 0.045089
170.00 0.045089
170.00 0.045088
170.00 0.045088
170.00 0.045087
170.00 0.045087
170.00 0.045087
170.00 0.045086
170.00 0.045086
170.00 0.045085
170.00 0.045085
170.00 0.045085
170.00 0.045084
170.00 0.045084
170.00 0.045083
170.00 0.045083
170.00 0.045083
170.00 0.045082
170.00 0.045082
170.00 0.045081
170.00 0.045081
170.00 0.045081
170.00 0.045080
170.00 0.045080
170.00 0.045079
170.00 0.045079
170.00 0.045078
170.00 0.045078
170.00 0.045078
170.00 0.045077
170.00 0.045077
170.00 0.045076
170.00 0.045076
170.00 0.045076
170.00 0.045075
170.00 0.045075
170.00 0.045074
170.00 0.045074
170.00 0.045074
170.00 0.045073
170.00 0.045073
170.00 0.045072
170.00 0.045072
170.00 0.045072
170.00 0.045071
170.00 0.045071
170.00 0.045070
170.00 0.045070
170.00 0.045070
170.00 0.045069
170.00 0.045069
170.00 0.045068
170.00 0.045068
170.00 0.045068
170.00 0.045067
170.00 0.045067
170.00 0.045066
170.00 0.045066
170.00 0.045065
170.00 0.045065
170.00 0.045065
170.00 0.045064
170.00 0.045064
170.00 0.045063
170.00 0.045063
170.00 0.045063
170.00 0.045062
170.00 0.045062
170.00 0.045061
170.00 0.045061
170.00 0.045061
170.00 0.045060
170.00 0.045060
170.00 0.045059
170.00 0.045059
170.00 0.045059
170.00 0.045058
170.00 0.045058
170.00 0.045057
170.00 0.045057
170.00 0.045057
170.00 0.045056
170.00 0.045056
170.00 0.045055
170.00 0.045055
170.00 0.045055
170.00 0.045054
170.00 0.045054
170.00 0.045053
170.00 0.045053
170.00 0.045053
170.00 0.045052
170.00 0.045052
170.00 0.045051
170.00 0.045051
170.00 0.045051
170.00 0.045050
170.00 0.045050
170.00 0.045049
170.00 0.045049
170.00 0.045049
170.00 0.045048
170.00 0.045048
170.00 0.045047
170.00 0.045047
170.00 0.045046
170.00 0.045046
170.00 0.045046
170.00 0.045045
170.00 0.045045
170.00 0.045044
170.00 0.045044
170.00 0.045044
170.00 0.045043
170.00 0.045043
170.00 0.045042
170.00 0.045042
170.00 0.045042
170.00 0.045041
170.00 0.045041
170.00 0.045040
170.00 0.045040
170.00 0.045040
170.00 0.045039
170.00 0.045039
170.00 0.045038
170.00 0.045038
170.00 0.045038
170.00 0.045037
170.00 0.045037
170.00 0.045036
170.00 0.045036
170.00 0.045036
170.00 0.045035
170.00 0.045035
170.00 0.045034
170.00 0.045034
170.00 0.045034
170.00 0.045033
170.00 0.045033
170.00 0.045032
170.00 0.045032
170.00 0.045032
170.00 0.045031
170.00 0.045031
170.00 0.045030
170.00 0.045030
170.00 0.045030
170.00 0.045029
170.00 0.045029
170.00 0.045028
170.00 0.045028
170.00 0.045028
170.00 0.045027
170.00 0.045027
170.00 0.045026
170.00 0.045026
170.00 0.045026
170.00 0.045025
170.00 0.045025
170.00 0.045024
170.00 0.045024
170.00 0.045024
170.00 0.045023
170.00 0.045023
170.00 0.045022
170.00 0.045022
170.00 0.045022
170.00 0.045021
170.00 0.045021
170.00 0.045020
170.00 0.045020
170.00 0.045020
170.00 0.045019
170.00 0.045019
170.00 0.045018
170.00 0.045018
170.00 0.045018
170.00 0.045017
170.00 0.045017
170.00 0.045016
170.00 0.045016
170.00 0.045016
170.00 0.045015
170.00 0.045015
170.00 0.045014
170.00 0.045014
170.00 0.045014
170.00 0.045013
170.00 0.045013
170.00 0.045012
170.00 0.045012
170.00 0.045012
170.00 0.045011
170.00 0.045011
170.00 0.045010
170.00 0.045010
170.00 0.045010
170.00 0.045009
170.00 0.045009
170.00 0.045008
170.00 0.045008
170.00 0.045008
170.00 0.045007
170.00 0.045007
170.00 0.045006
170.00 0.045006
170.00 0.045006
170.00 0.045005
170.00 0.045005
170.00 0.045004
170.00 0.045004
170.00 0.045004
170.00 0.045003
170.00 0.045003
170.00 0.045002
170.00 0.045002
170.00 0.045002
170.00 0.045001
170.00 0.045001
170.00 0.045000
170.00 0.045000
170.00 0.045000
170.00 0.044999
170.00 0.044999
170.00 0.044998
170.00 0.044998
170.00 0.044998
170.00 0.044997
170.00 0.044997
170.00 0.044996
170.00 0.044996
170.00 0.044996
170.00 0.044995
170.00 0.044995
170.00 0.044994
170.00 0.044994
170.00 0.044994
170.00 0.044993
170.00 0.044993
170.00 0.044992
170.00 0.044992
170.00 0.044992
170.00 0.044991
170.00 0.044991
170.00 0.044990
170.00 0.044990
170.00 0.044990
170.00 0.044989
170.00 0.044989
170.00 0.044988
170.00 0.044988
170.00 0.044988
170.00 0.044987
170.00 0.044987
170.00 0.044986
170.00 0.044986
170.00 0.044986
170.00 0.044985
170.00 0.044985
170.00 0.044984
170.00 0.044984
170.00 0.044984
170.00 0.044983
170.00 0.044983
170.00 0.044982
170.00 0.044982
170.00 0.044982
170.00 0.044981
170.00 0.044981
170.00 0.044981
170.00 0.044980
170.00 0.044980
170.00 0.044979
170.00 0.044979
170.00 0.044979
170.00 0.044978
170.00 0.044978
170.00 0.044977
170.00 0.044977
170.00 0.044977
170.00 0.044976
170.00 0.044976
170.00 0.044975
170.00 0.044975
170.00 0.044975
170.00 0.044974
170.00 0.044974
170.00 0.044973
170.00 0.044973
170.00 0.044973
170.00 0.044972
170.00 0.044972
170.00 0.044971
170.00 0.044971
170.00 0.044971
170.00 0.044970
170.00 0.044970
170.00 0.044969
170.00 0.044969
170.00 0.044969
170.00 0.044968
170.00 0.044968
170.00 0.044967
170.00 0.044967
170.00 0.044967
170.00 0.044966
170.00 0.044966
170.00 0.044965
170.00 0.044965
170.00 0.044965
170.00 0.044964
170.00 0.044964
170.00 0.044963
170.00 0.044963
170.00 0.044963
170.00 0.044962
170.00 0.044962
170.00 0.044962
170.00 0.044961
170.00 0.044961
170.00 0.044960
170.00 0.044960
170.00 0.044960
170.00 0.044959
170.00 0.044959
170.00 0.044958
170.00 0.044958
170.00 0.044958
170.00 0.044957
170.00 0.044957
170.00 0.044956
170.00 0.044956
170.00 0.044956
170.00 0.044955
170.00 0.044955
170.00 0.044954
170.00 0.044954
170.00 0.044954
170.00 0.044953
170.00 0.044953
170.00 0.044952
170.00 0.044952
170.00 0.044952
170.00 0.044951
170.00 0.044951
170.00 0.044950
170.00 0.044950
170.00 0.044950
170.00 0.044949
170.00 0.044949
170.00 0.044949
170.00 0.044948
170.00 0.044948
170.00 0.044947
170.00 0.044947
170.00 0.044947
170.00 0.044946
170.00 0.044946
170.00 0.044945
170.00 0.044945
170.00 0.044945
170.00 0.044944
170.00 0.044944
170.00 0.044943
170.00 0.044943
170.00 0.044943
170.00 0.044942
170.00 0.044942
170.00 0.044941
170.00 0.044941
170.00 0.044941
170.00 0.044940
170.00 0.044940
170.00 0.044939
170.00 0.044939
170.00 0.044939
170.00 0.044938
170.00 0.044938
170.00 0.044937
170.00 0.044937
170.00 0.044937
170.00 0.044936
170.00 0.044936
170.00 0.044936
170.00 0.044935
170.00 0.044935
170.00 0.044934
170.00 0.044934
170.00 0.044934
170.00 0.044933
170.00 0.044933
170.00 0.044932
170.00 0.044932
170.00 0.044932
170.00 0.044931
170.00 0.044931
170.00 0.044930
170.00 0.044930
170.00 0.044930
170.00 0.044929
170.00 0.044929
170.00 0.044928
170.00 0.044928
170.00 0.044928
170.00 0.044927
170.00 0.044927
170.00 0.044927
170.00 0.044926
170.00 0.044926
170.00 0.044925
170.00 0.044925
170.00 0.044925
170.00 0.044924
170.00 0.044924
170.00 0.044923
170.00 0.044923
170.00 0.044923
170.00 0.044922
170.00 0.044922
170.00 0.044921
170.00 0.044921
170.00 0.044921
170.00 0.044920
170.00 0.044920
170.00 0.044919
170.00 0.044919
170.00 0.044919
170.00 0.044918
170.00 0.044918
170.00 0.044918
170.00 0.044917
170.00 0.044917
170.00 0.044916
170.00 0.044916
170.00 0.044916
170.00 0.044915
170.00 0.044915
170.00 0.044914
170.00 0.044914
170.00 0.044914
170.00 0.044913
170.00 0.044913
170.00 0.044912
170.00 0.044912
170.00 0.044912
170.00 0.044911
170.00 0.044911
170.00 0.044910
170.00 0.044910
170.00 0.044910
170.00 0.044909
170.00 0.044909
170.00 0.044909
170.00 0.044908
170.00 0.044908
170.00 0.044907
170.00 0.044907
170.00 0.044907
