250.00 204.96
250.00 136.73
250.00 102.56
250.00 82.041
250.00 68.352
250.00 58.571
250.00 51.233
250.00 45.525
250.00 40.957
250.00 37.219
250.00 34.104
250.00 31.468
250.00 29.209
250.00 27.250
250.00 25.536
250.00 24.024
250.00 22.680
250.00 21.477
250.00 20.394
250.00 19.415
250.00 18.524
250.00 17.711
250.00 16.965
250.00 16.280
250.00 15.647
250.00 15.060
250.00 14.516
250.00 14.009
250.00 13.536
250.00 13.094
250.00 12.679
250.00 12.289
250.00 11.922
250.00 11.576
250.00 11.250
250.00 10.941
250.00 10.648
250.00 10.370
250.00 10.106
250.00 9.8554
250.00 9.6163
250.00 9.3884
250.00 9.1708
250.00 8.9629
250.00 8.7640
250.00 8.5736
250.00 8.3911
250.00 8.2160
250.00 8.0480
250.00 7.8865
250.00 7.7312
250.00 7.5818
250.00 7.4380
250.00 7.2993
250.00 7.1656
250.00 7.0366
250.00 6.9121
250.00 6.7917
250.00 6.6754
250.00 6.5628
250.00 6.4539
250.00 6.3485
250.00 6.2464
250.00 6.1473
250.00 6.0513
250.00 5.9582
250.00 5.8678
250.00 5.7800
250.00 5.6947
250.00 5.6118
250.00 5.5312
250.00 5.4528
250.00 5.3766
250.00 5.3023
250.00 5.2300
250.00 5.1596
250.00 5.0910
250.00 5.0242
250.00 4.9590
250.00 4.8954
250.00 4.8333
250.00 4.7728
250.00 4.7137
250.00 4.6559
250.00 4.5995
250.00 4.5445
250.00 4.4906
250.00 4.4380
250.00 4.3865
250.00 4.3362
250.00 4.2869
250.00 4.2388
250.00 4.1916
250.00 4.1454
250.00 4.1002
250.00 4.0559
250.00 4.0126
250.00 3.9701
250.00 3.9284
250.00 3.8876
250.00 3.8475
250.00 3.8083
250.00 3.7698
250.00 3.7320
250.00 3.6949
250.00 3.6586
250.00 3.6229
250.00 3.5878
250.00 3.5534
250.00 3.5196
250.00 3.4864
250.00 3.4538
250.00 3.4218
250.00 3.3903
250.00 3.3594
250.00 3.3290
250.00 3.2991
250.00 3.2697
250.00 3.2408
250.00 3.2123
250.00 3.1844
250.00 3.1569
250.00 3.1298
250.00 3.1032
250.00 3.0769
250.00 3.0511
250.00 3.0257
250.00 3.0007
250.00 2.9761
250.00 2.9518
250.00 2.9279
250.00 2.9044
250.00 2.8812
250.00 2.8584
250.00 2.8359
250.00 2.8137
250.00 2.7919
250.00 2.7703
250.00 2.7491
250.00 2.7281
250.00 2.7075
250.00 2.6871
250.00 2.6671
250.00 2.6473
250.00 2.6277
250.00 2.6085
250.00 2.5895
250.00 2.5707
250.00 2.5522
250.00 2.5339
250.00 2.5159
250.00 2.4981
250.00 2.4806
250.00 2.4632
250.00 2.4461
250.00 2.4292
250.00 2.4125
250.00 2.3961
250.00 2.3798
250.00 2.3637
250.00 2.3479
250.00 2.3322
250.00 2.3167
250.00 2.3014
250.00 2.2863
250.00 2.2713
250.00 2.2566
250.00 2.2420
250.00 2.2276
250.00 2.2133
250.00 2.1992
250.00 2.1853
250.00 2.1715
250.00 2.1579
250.00 2.1445
250.00 2.1312
250.00 2.1180
250.00 2.1050
250.00 2.0921
250.00 2.0794
250.00 2.0668
250.00 2.0544
250.00 2.0420
250.00 2.0298
250.00 2.0178
250.00 2.0059
250.00 1.9941
250.00 1.9824
250.00 1.9708
250.00 1.9594
250.00 1.9481
250.00 1.9369
250.00 1.9258
250.00 1.9148
250.00 1.9039
250.00 1.8932
250.00 1.8825
250.00 1.8720
250.00 1.8615
250.00 1.8512
250.00 1.8410
250.00 1.8308
250.00 1.8208
250.00 1.8108
250.00 1.8010
250.00 1.7912
250.00 1.7816
250.00 1.7720
250.00 1.7625
250.00 1.7532
250.00 1.7439
250.00 1.7346
250.00 1.7255
250.00 1.7165
250.00 1.7075
250.00 1.6986
250.00 1.6898
250.00 1.6811
250.00 1.6724
250.00 1.6639
250.00 1.6554
250.00 1.6470
250.00 1.6386
250.00 1.6303
250.00 1.6221
250.00 1.6140
250.00 1.6060
250.00 1.5980
250.00 1.5901
250.00 1.5822
250.00 1.5744
250.00 1.5667
250.00 1.5590
250.00 1.5515
250.00 1.5439
250.00 1.5365
250.00 1.5291
250.00 1.5217
250.00 1.5144
250.00 1.5072
250.00 1.5000
250.00 1.4929
250.00 1.4859
250.00 1.4789
250.00 1.4719
250.00 1.4651
250.00 1.4582
250.00 1.4515
250.00 1.4447
250.00 1.4381
250.00 1.4315
250.00 1.4249
250.00 1.4184
250.00 1.4119
250.00 1.4055
250.00 1.3991
250.00 1.3928
250.00 1.3865
250.00 1.3803
250.00 1.3741
250.00 1.3680
250.00 1.3619
250.00 1.3559
250.00 1.3499
250.00 1.3439
250.00 1.3380
250.00 1.3321
250.00 1.3263
250.00 1.3205
250.00 1.3148
250.00 1.3091
250.00 1.3034
250.00 1.2978
250.00 1.2922
250.00 1.2867
250.00 1.2812
250.00 1.2757
250.00 1.2703
250.00 1.2649
250.00 1.2596
250.00 1.2542
250.00 1.2490
250.00 1.2437
250.00 1.2385
250.00 1.2334
250.00 1.2282
250.00 1.2231
250.00 1.2180
250.00 1.2130
250.00 1.2080
250.00 1.2030
250.00 1.1981
250.00 1.1932
250.00 1.1883
250.00 1.1835
250.00 1.1787
250.00 1.1739
250.00 1.1692
250.00 1.1645
250.00 1.1598
250.00 1.1551
250.00 1.1505
250.00 1.1459
250.00 1.1413
250.00 1.1368
250.00 1.1323
250.00 1.1278
250.00 1.1234
250.00 1.1189
250.00 1.1145
250.00 1.1102
250.00 1.1058
250.00 1.1015
250.00 1.0972
250.00 1.0929
250.00 1.0887
250.00 1.0845
250.00 1.0803
250.00 1.0761
250.00 1.0720
250.00 1.0679
250.00 1.0638
250.00 1.0597
250.00 1.0557
250.00 1.0517
250.00 1.0477
250.00 1.0437
250.00 1.0397
250.00 1.0358
250.00 1.0319
250.00 1.0280
250.00 1.0242
250.00 1.0203
250.00 1.0165
250.00 1.0127
250.00 1.0089
250.00 1.0052
250.00 1.0014
250.00 0.99773
250.00 0.99404
250.00 0.99037
250.00 0.98672
250.00 0.98308
250.00 0.97947
250.00 0.97588
250.00 0.97231
250.00 0.96876
250.00 0.96522
250.00 0.96171
250.00 0.95821
250.00 0.95473
250.00 0.95127
250.00 0.94783
250.00 0.94441
250.00 0.94100
250.00 0.93761
250.00 0.93424
250.00 0.93089
250.00 0.92756
250.00 0.92424
250.00 0.92094
250.00 0.91765
250.00 0.91438
250.00 0.91113
250.00 0.90790
250.00 0.90468
250.00 0.90148
250.00 0.89829
250.00 0.89512
250.00 0.89197
250.00 0.88883
250.00 0.88570
250.00 0.88260
250.00 0.87950
250.00 0.87642
250.00 0.87336
250.00 0.87031
250.00 0.86728
250.00 0.86426
250.00 0.86125
250.00 0.85826
250.00 0.85529
250.00 0.85233
250.00 0.84938
250.00 0.84644
250.00 0.84352
250.00 0.84061
250.00 0.83772
250.00 0.83484
250.00 0.83197
250.00 0.82912
250.00 0.82628
250.00 0.82345
250.00 0.82063
250.00 0.81783
250.00 0.81504
250.00 0.81226
250.00 0.80950
250.00 0.80675
250.00 0.80401
250.00 0.80128
250.00 0.79856
250.00 0.79586
250.00 0.79316
250.00 0.79048
250.00 0.78781
250.00 0.78516
250.00 0.78251
250.00 0.77987
250.00 0.77725
250.00 0.77464
250.00 0.77203
250.00 0.76944
250.00 0.76686
250.00 0.76429
250.00 0.76174
250.00 0.75919
250.00 0.75665
250.00 0.75412
250.00 0.75161
250.00 0.74910
250.00 0.74660
250.00 0.74412
250.00 0.74164
250.00 0.73917
250.00 0.73672
250.00 0.73427
250.00 0.73183
250.00 0.72940
250.00 0.72699
250.00 0.72458
250.00 0.72218
250.00 0.71979
250.00 0.71741
250.00 0.71503
250.00 0.71267
250.00 0.71032
250.00 0.70797
250.00 0.70563
250.00 0.70331
250.00 0.70099
250.00 0.69868
250.00 0.69638
250.00 0.69408
250.00 0.69180
250.00 0.68952
250.00 0.68725
250.00 0.68499
250.00 0.68274
250.00 0.68049
250.00 0.67826
250.00 0.67603
250.00 0.67381
250.00 0.67159
250.00 0.66939
250.00 0.66719
250.00 0.66500
250.00 0.66282
250.00 0.66064
250.00 0.65847
250.00 0.65631
250.00 0.65416
250.00 0.65201
250.00 0.64987
250.00 0.64774
250.00 0.64561
250.00 0.64349
250.00 0.64138
250.00 0.63927
250.00 0.63718
250.00 0.63508
250.00 0.63300
250.00 0.63092
250.00 0.62884
250.00 0.62678
250.00 0.62472
250.00 0.62266
250.00 0.62062
250.00 0.61892
250.00 0.058735
250.00 0.058734
250.00 0.058731
250.00 0.058727
250.00 0.058724
250.00 0.058721
250.00 0.058718
250.00 0.058714
250.00 0.058711
250.00 0.058708
250.00 0.058704
250.00 0.058701
250.00 0.058698
250.00 0.058694
250.00 0.058691
250.00 0.058688
250.00 0.058684
250.00 0.058681
250.00 0.058678
250.00 0.058675
250.00 0.058671
250.00 0.058668
250.00 0.058665
250.00 0.058661
250.00 0.058658
250.00 0.058655
250.00 0.058652
250.00 0.058648
250.00 0.058645
250.00 0.058642
250.00 0.058639
250.00 0.058635
250.00 0.058632
250.00 0.058629
250.00 0.058626
250.00 0.058622
250.00 0.058619
250.00 0.058616
250.00 0.058613
250.00 0.058609
250.00 0.058606
250.00 0.058603
250.00 0.058600
250.00 0.058596
250.00 0.058593
250.00 0.058590
250.00 0.058587
250.00 0.058583
250.00 0.058580
250.00 0.058577
250.00 0.058574
250.00 0.058571
250.00 0.058567
250.00 0.058564
250.00 0.058561
250.00 0.058558
250.00 0.058554
250.00 0.058551
250.00 0.058548
250.00 0.058545
250.00 0.058542
250.00 0.058538
250.00 0.058535
250.00 0.058532
250.00 0.058529
250.00 0.058526
250.00 0.058523
250.00 0.058519
250.00 0.058516
250.00 0.058513
250.00 0.058510
250.00 0.058507
250.00 0.058503
250.00 0.058500
250.00 0.058497
250.00 0.058494
250.00 0.058491
250.00 0.058488
250.00 0.058484
250.00 0.058481
250.00 0.058478
250.00 0.058475
250.00 0.058472
250.00 0.058469
250.00 0.058466
250.00 0.058462
250.00 0.058459
250.00 0.058456
250.00 0.058453
250.00 0.058450
250.00 0.058447
250.00 0.058444
250.00 0.058440
250.00 0.058437
250.00 0.058434
250.00 0.058431
250.00 0.058428
250.00 0.058425
250.00 0.058422
250.00 0.058419
250.00 0.058415
250.00 0.058412
250.00 0.058409
250.00 0.058406
250.00 0.058403
250.00 0.058400
250.00 0.058397
250.00 0.058394
250.00 0.058391
250.00 0.058387
250.00 0.058384
250.00 0.058381
250.00 0.058378
250.00 0.058375
250.00 0.058372
250.00 0.058369
250.00 0.058366
250.00 0.058363
250.00 0.058360
250.00 0.058357
250.00 0.058354
250.00 0.058350
250.00 0.058347
250.00 0.058344
