270.00 221.40
270.00 147.71
270.00 110.81
270.00 88.643
270.00 73.860
270.00 63.296
270.00 55.371
270.00 49.206
270.00 44.273
270.00 40.236
270.00 36.872
270.00 34.025
270.00 31.585
270.00 29.470
270.00 27.619
270.00 25.985
270.00 24.534
270.00 23.235
270.00 22.065
270.00 21.007
270.00 20.046
270.00 19.167
270.00 18.362
270.00 17.622
270.00 16.938
270.00 16.305
270.00 15.717
270.00 15.170
270.00 14.659
270.00 14.181
270.00 13.733
270.00 13.312
270.00 12.916
270.00 12.543
270.00 12.190
270.00 11.856
270.00 11.540
270.00 11.240
270.00 10.955
270.00 10.684
270.00 10.426
270.00 10.180
270.00 9.9449
270.00 9.7203
270.00 9.5056
270.00 9.3000
270.00 9.1029
270.00 8.9139
270.00 8.7324
270.00 8.5581
270.00 8.3904
270.00 8.2291
270.00 8.0737
270.00 7.9240
270.00 7.7797
270.00 7.6404
270.00 7.5059
270.00 7.3759
270.00 7.2503
270.00 7.1288
270.00 7.0113
270.00 6.8974
270.00 6.7871
270.00 6.6802
270.00 6.5766
270.00 6.4760
270.00 6.3784
270.00 6.2836
270.00 6.1915
270.00 6.1020
270.00 6.0150
270.00 5.9304
270.00 5.8481
270.00 5.7679
270.00 5.6899
270.00 5.6139
270.00 5.5398
270.00 5.4677
270.00 5.3973
270.00 5.3286
270.00 5.2616
270.00 5.1963
270.00 5.1325
270.00 5.0702
270.00 5.0093
270.00 4.9499
270.00 4.8917
270.00 4.8349
270.00 4.7794
270.00 4.7251
270.00 4.6719
270.00 4.6199
270.00 4.5690
270.00 4.5192
270.00 4.4704
270.00 4.4226
270.00 4.3758
270.00 4.3299
270.00 4.2850
270.00 4.2409
270.00 4.1977
270.00 4.1554
270.00 4.1138
270.00 4.0730
270.00 4.0331
270.00 3.9938
270.00 3.9553
270.00 3.9175
270.00 3.8804
270.00 3.8439
270.00 3.8081
270.00 3.7729
270.00 3.7384
270.00 3.7044
270.00 3.6710
270.00 3.6382
270.00 3.6060
270.00 3.5743
270.00 3.5431
270.00 3.5124
270.00 3.4822
270.00 3.4526
270.00 3.4234
270.00 3.3946
270.00 3.3664
270.00 3.3385
270.00 3.3111
270.00 3.2842
270.00 3.2576
270.00 3.2314
270.00 3.2057
270.00 3.1803
270.00 3.1553
270.00 3.1307
270.00 3.1064
270.00 3.0825
270.00 3.0590
270.00 3.0357
270.00 3.0128
270.00 2.9903
270.00 2.9680
270.00 2.9461
270.00 2.9244
270.00 2.9031
270.00 2.8820
270.00 2.8613
270.00 2.8408
270.00 2.8206
270.00 2.8006
270.00 2.7809
270.00 2.7615
270.00 2.7423
270.00 2.7234
270.00 2.7047
270.00 2.6863
270.00 2.6681
270.00 2.6501
270.00 2.6324
270.00 2.6148
270.00 2.5975
270.00 2.5804
270.00 2.5636
270.00 2.5469
270.00 2.5304
270.00 2.5141
270.00 2.4980
270.00 2.4821
270.00 2.4664
270.00 2.4509
270.00 2.4355
270.00 2.4204
270.00 2.4054
270.00 2.3905
270.00 2.3759
270.00 2.3614
270.00 2.3471
270.00 2.3329
270.00 2.3189
270.00 2.3050
270.00 2.2913
270.00 2.2778
270.00 2.2644
270.00 2.2511
270.00 2.2380
270.00 2.2250
270.00 2.2122
270.00 2.1995
270.00 2.1869
270.00 2.1745
270.00 2.1622
270.00 2.1500
270.00 2.1380
270.00 2.1260
270.00 2.1142
270.00 2.1025
270.00 2.0910
270.00 2.0795
270.00 2.0682
270.00 2.0569
270.00 2.0458
270.00 2.0348
270.00 2.0239
270.00 2.0131
270.00 2.0024
270.00 1.9919
270.00 1.9814
270.00 1.9710
270.00 1.9607
270.00 1.9505
270.00 1.9404
270.00 1.9304
270.00 1.9205
270.00 1.9107
270.00 1.9010
270.00 1.8914
270.00 1.8818
270.00 1.8724
270.00 1.8630
270.00 1.8537
270.00 1.8445
270.00 1.8354
270.00 1.8264
270.00 1.8174
270.00 1.8085
270.00 1.7997
270.00 1.7910
270.00 1.7823
270.00 1.7738
270.00 1.7653
270.00 1.7568
270.00 1.7485
270.00 1.7402
270.00 1.7320
270.00 1.7238
270.00 1.7158
270.00 1.7078
270.00 1.6998
270.00 1.6919
270.00 1.6841
270.00 1.6764
270.00 1.6687
270.00 1.6611
270.00 1.6535
270.00 1.6460
270.00 1.6386
270.00 1.6312
270.00 1.6239
270.00 1.6166
270.00 1.6094
270.00 1.6023
270.00 1.5952
270.00 1.5882
270.00 1.5812
270.00 1.5743
270.00 1.5674
270.00 1.5606
270.00 1.5538
270.00 1.5471
270.00 1.5404
270.00 1.5338
270.00 1.5272
270.00 1.5207
270.00 1.5143
270.00 1.5078
270.00 1.5015
270.00 1.4952
270.00 1.4889
270.00 1.4826
270.00 1.4765
270.00 1.4703
270.00 1.4642
270.00 1.4582
270.00 1.4522
270.00 1.4462
270.00 1.4403
270.00 1.4344
270.00 1.4286
270.00 1.4228
270.00 1.4170
270.00 1.4113
270.00 1.4056
270.00 1.4000
270.00 1.3944
270.00 1.3888
270.00 1.3833
270.00 1.3778
270.00 1.3724
270.00 1.3670
270.00 1.3616
270.00 1.3563
270.00 1.3510
270.00 1.3457
270.00 1.3405
270.00 1.3353
270.00 1.3302
270.00 1.3250
270.00 1.3199
270.00 1.3149
270.00 1.3099
270.00 1.3049
270.00 1.2999
270.00 1.2950
270.00 1.2901
270.00 1.2852
270.00 1.2804
270.00 1.2756
270.00 1.2708
270.00 1.2661
270.00 1.2614
270.00 1.2567
270.00 1.2521
270.00 1.2474
270.00 1.2429
270.00 1.2383
270.00 1.2338
270.00 1.2292
270.00 1.2248
270.00 1.2203
270.00 1.2159
270.00 1.2115
270.00 1.2071
270.00 1.2028
270.00 1.1985
270.00 1.1942
270.00 1.1899
270.00 1.1857
270.00 1.1815
270.00 1.1773
270.00 1.1731
270.00 1.1690
270.00 1.1648
270.00 1.1608
270.00 1.1567
270.00 1.1526
270.00 1.1486
270.00 1.1446
270.00 1.1407
270.00 1.1367
270.00 1.1328
270.00 1.1289
270.00 1.1250
270.00 1.1211
270.00 1.1173
270.00 1.1135
270.00 1.1097
270.00 1.1059
270.00 1.1021
270.00 1.0984
270.00 1.0947
270.00 1.0910
270.00 1.0873
270.00 1.0837
270.00 1.0800
270.00 1.0764
270.00 1.0728
270.00 1.0693
270.00 1.0657
270.00 1.0622
270.00 1.0587
270.00 1.0552
270.00 1.0517
270.00 1.0482
270.00 1.0448
270.00 1.0414
270.00 1.0380
270.00 1.0346
270.00 1.0312
270.00 1.0279
270.00 1.0246
270.00 1.0212
270.00 1.0179
270.00 1.0147
270.00 1.0114
270.00 1.0082
270.00 1.0049
270.00 1.0017
270.00 0.99852
270.00 0.99534
270.00 0.99217
270.00 0.98903
270.00 0.98589
270.00 0.98278
270.00 0.97968
270.00 0.97659
270.00 0.97353
270.00 0.97047
270.00 0.96743
270.00 0.96441
270.00 0.96140
270.00 0.95841
270.00 0.95543
270.00 0.95246
270.00 0.94951
270.00 0.94658
270.00 0.94366
270.00 0.94075
270.00 0.93786
270.00 0.93498
270.00 0.93211
270.00 0.92926
270.00 0.92642
270.00 0.92360
270.00 0.92079
270.00 0.91799
270.00 0.91520
270.00 0.91243
270.00 0.90967
270.00 0.90693
270.00 0.90420
270.00 0.90148
270.00 0.89877
270.00 0.89607
270.00 0.89339
270.00 0.89072
270.00 0.88806
270.00 0.88542
270.00 0.88278
270.00 0.88016
270.00 0.87755
270.00 0.87496
270.00 0.87237
270.00 0.86980
270.00 0.86723
270.00 0.86468
270.00 0.86214
270.00 0.85961
270.00 0.85710
270.00 0.85459
270.00 0.85210
270.00 0.84961
270.00 0.84714
270.00 0.84468
270.00 0.84222
270.00 0.83978
270.00 0.83735
270.00 0.83493
270.00 0.83253
270.00 0.83013
270.00 0.82774
270.00 0.82536
270.00 0.82299
270.00 0.82063
270.00 0.81829
270.00 0.81595
270.00 0.81362
270.00 0.81130
270.00 0.80899
270.00 0.80669
270.00 0.80441
270.00 0.80213
270.00 0.79986
270.00 0.79760
270.00 0.79534
270.00 0.79310
270.00 0.79087
270.00 0.78865
270.00 0.78643
270.00 0.78423
270.00 0.78203
270.00 0.77984
270.00 0.77766
270.00 0.77549
270.00 0.77333
270.00 0.77118
270.00 0.76904
270.00 0.76690
270.00 0.76477
270.00 0.76266
270.00 0.76055
270.00 0.75845
270.00 0.75635
270.00 0.75427
270.00 0.75219
270.00 0.75012
270.00 0.74806
270.00 0.74601
270.00 0.74396
270.00 0.74193
270.00 0.73990
270.00 0.73788
270.00 0.73586
270.00 0.73386
270.00 0.73186
270.00 0.72987
270.00 0.72789
270.00 0.72591
270.00 0.72395
270.00 0.72199
270.00 0.72003
270.00 0.71809
270.00 0.71615
270.00 0.71422
270.00 0.71229
270.00 0.71038
270.00 0.70847
270.00 0.70656
270.00 0.70467
270.00 0.70278
270.00 0.70090
270.00 0.69902
270.00 0.69715
270.00 0.69529
270.00 0.69344
270.00 0.69159
270.00 0.68975
270.00 0.68791
270.00 0.68609
270.00 0.68426
270.00 0.68245
270.00 0.68064
270.00 0.67884
270.00 0.67704
270.00 0.67525
270.00 0.67347
270.00 0.67169
270.00 0.66992
270.00 0.66816
270.00 0.66640
270.00 0.66465
270.00 0.66290
270.00 0.66116
270.00 0.65942
270.00 0.65770
270.00 0.65597
270.00 0.65426
270.00 0.65254
270.00 0.65084
270.00 0.64914
270.00 0.64745
270.00 0.64576
270.00 0.64408
270.00 0.64240
270.00 0.64073
270.00 0.63906
270.00 0.63740
270.00 0.63575
270.00 0.63410
270.00 0.63245
270.00 0.63081
270.00 0.62918
270.00 0.62755
270.00 0.62593
270.00 0.62431
270.00 0.62270
270.00 0.62109
270.00 0.61949
270.00 0.61789
270.00 0.61630
270.00 0.61472
270.00 0.61313
270.00 0.61156
270.00 0.60999
270.00 0.60842
270.00 0.60686
270.00 0.60530
270.00 0.60375
270.00 0.60220
270.00 0.60066
270.00 0.59912
270.00 0.59759
270.00 0.59606
270.00 0.59453
270.00 0.59301
270.00 0.59150
270.00 0.58999
270.00 0.58848
270.00 0.58698
270.00 0.58549
270.00 0.58399
270.00 0.58251
270.00 0.58102
270.00 0.57954
270.00 0.57807
270.00 0.57660
270.00 0.57513
270.00 0.57367
270.00 0.57221
270.00 0.57076
270.00 0.56931
270.00 0.56787
270.00 0.56643
270.00 0.56499
270.00 0.56356
270.00 0.56213
270.00 0.56070
270.00 0.55928
270.00 0.55787
270.00 0.55645
270.00 0.55505
270.00 0.55364
270.00 0.55224
270.00 0.55084
270.00 0.54945
270.00 0.54806
270.00 0.54667
270.00 0.54529
270.00 0.54391
270.00 0.54254
270.00 0.54117
270.00 0.53980
270.00 0.53844
