330.00 270.68
330.00 180.62
330.00 135.52
330.00 108.43
330.00 90.359
330.00 77.448
330.00 67.762
330.00 60.226
330.00 54.197
330.00 49.264
330.00 45.152
330.00 41.672
330.00 38.689
330.00 36.104
330.00 33.842
330.00 31.846
330.00 30.071
330.00 28.484
330.00 27.055
330.00 25.762
330.00 24.586
330.00 23.513
330.00 22.529
330.00 21.624
330.00 20.788
330.00 20.015
330.00 19.296
330.00 18.627
330.00 18.003
330.00 17.419
330.00 16.872
330.00 16.357
330.00 15.873
330.00 15.417
330.00 14.985
330.00 14.578
330.00 14.191
330.00 13.825
330.00 13.477
330.00 13.145
330.00 12.830
330.00 12.529
330.00 12.242
330.00 11.968
330.00 11.705
330.00 11.454
330.00 11.213
330.00 10.982
330.00 10.760
330.00 10.547
330.00 10.342
330.00 10.145
330.00 9.9554
330.00 9.7725
330.00 9.5961
330.00 9.4259
330.00 9.2615
330.00 9.1027
330.00 8.9493
330.00 8.8008
330.00 8.6572
330.00 8.5181
330.00 8.3833
330.00 8.2527
330.00 8.1260
330.00 8.0032
330.00 7.8839
330.00 7.7681
330.00 7.6556
330.00 7.5463
330.00 7.4400
330.00 7.3366
330.00 7.2360
330.00 7.1381
330.00 7.0428
330.00 6.9499
330.00 6.8595
330.00 6.7713
330.00 6.6853
330.00 6.6015
330.00 6.5196
330.00 6.4398
330.00 6.3619
330.00 6.2858
330.00 6.2114
330.00 6.1388
330.00 6.0678
330.00 5.9984
330.00 5.9306
330.00 5.8642
330.00 5.7993
330.00 5.7358
330.00 5.6737
330.00 5.6128
330.00 5.5532
330.00 5.4949
330.00 5.4377
330.00 5.3817
330.00 5.3268
330.00 5.2730
330.00 5.2202
330.00 5.1685
330.00 5.1178
330.00 5.0680
330.00 5.0192
330.00 4.9712
330.00 4.9242
330.00 4.8780
330.00 4.8327
330.00 4.7882
330.00 4.7445
330.00 4.7015
330.00 4.6594
330.00 4.6179
330.00 4.5772
330.00 4.5371
330.00 4.4977
330.00 4.4590
330.00 4.4210
330.00 4.3835
330.00 4.3467
330.00 4.3105
330.00 4.2749
330.00 4.2398
330.00 4.2053
330.00 4.1713
330.00 4.1379
330.00 4.1050
330.00 4.0726
330.00 4.0406
330.00 4.0092
330.00 3.9782
330.00 3.9477
330.00 3.9177
330.00 3.8881
330.00 3.8589
330.00 3.8302
330.00 3.8018
330.00 3.7739
330.00 3.7463
330.00 3.7192
330.00 3.6924
330.00 3.6660
330.00 3.6400
330.00 3.6143
330.00 3.5890
330.00 3.5640
330.00 3.5393
330.00 3.5150
330.00 3.4910
330.00 3.4673
330.00 3.4439
330.00 3.4209
330.00 3.3981
330.00 3.3756
330.00 3.3534
330.00 3.3315
330.00 3.3099
330.00 3.2885
330.00 3.2674
330.00 3.2465
330.00 3.2259
330.00 3.2056
330.00 3.1855
330.00 3.1657
330.00 3.1460
330.00 3.1267
330.00 3.1075
330.00 3.0886
330.00 3.0699
330.00 3.0514
330.00 3.0331
330.00 3.0151
330.00 2.9972
330.00 2.9795
330.00 2.9621
330.00 2.9448
330.00 2.9278
330.00 2.9109
330.00 2.8942
330.00 2.8777
330.00 2.8614
330.00 2.8452
330.00 2.8292
330.00 2.8134
330.00 2.7978
330.00 2.7823
330.00 2.7670
330.00 2.7519
330.00 2.7369
330.00 2.7221
330.00 2.7074
330.00 2.6929
330.00 2.6785
330.00 2.6642
330.00 2.6502
330.00 2.6362
330.00 2.6224
330.00 2.6087
330.00 2.5952
330.00 2.5818
330.00 2.5686
330.00 2.5554
330.00 2.5424
330.00 2.5295
330.00 2.5168
330.00 2.5041
330.00 2.4916
330.00 2.4792
330.00 2.4670
330.00 2.4548
330.00 2.4427
330.00 2.4308
330.00 2.4190
330.00 2.4073
330.00 2.3957
330.00 2.3842
330.00 2.3728
330.00 2.3615
330.00 2.3503
330.00 2.3392
330.00 2.3282
330.00 2.3173
330.00 2.3065
330.00 2.2958
330.00 2.2852
330.00 2.2747
330.00 2.2643
330.00 2.2540
330.00 2.2437
330.00 2.2336
330.00 2.2235
330.00 2.2135
330.00 2.2036
330.00 2.1938
330.00 2.1841
330.00 2.1744
330.00 2.1649
330.00 2.1554
330.00 2.1460
330.00 2.1366
330.00 2.1274
330.00 2.1182
330.00 2.1091
330.00 2.1001
330.00 2.0911
330.00 2.0822
330.00 2.0734
330.00 2.0647
330.00 2.0560
330.00 2.0474
330.00 2.0389
330.00 2.0304
330.00 2.0220
330.00 2.0137
330.00 2.0054
330.00 1.9972
330.00 1.9890
330.00 1.9809
330.00 1.9729
330.00 1.9650
330.00 1.9571
330.00 1.9492
330.00 1.9414
330.00 1.9337
330.00 1.9261
330.00 1.9184
330.00 1.9109
330.00 1.9034
330.00 1.8960
330.00 1.8886
330.00 1.8812
330.00 1.8740
330.00 1.8667
330.00 1.8596
330.00 1.8524
330.00 1.8454
330.00 1.8384
330.00 1.8314
330.00 1.8245
330.00 1.8176
330.00 1.8108
330.00 1.8040
330.00 1.7973
330.00 1.7906
330.00 1.7839
330.00 1.7774
330.00 1.7708
330.00 1.7643
330.00 1.7579
330.00 1.7515
330.00 1.7451
330.00 1.7388
330.00 1.7325
330.00 1.7263
330.00 1.7201
330.00 1.7139
330.00 1.7078
330.00 1.7017
330.00 1.6957
330.00 1.6897
330.00 1.6837
330.00 1.6778
330.00 1.6720
330.00 1.6661
330.00 1.6603
330.00 1.6546
330.00 1.6488
330.00 1.6431
330.00 1.6375
330.00 1.6319
330.00 1.6263
330.00 1.6208
330.00 1.6152
330.00 1.6098
330.00 1.6043
330.00 1.5989
330.00 1.5936
330.00 1.5882
330.00 1.5829
330.00 1.5776
330.00 1.5724
330.00 1.5672
330.00 1.5620
330.00 1.5569
330.00 1.5518
330.00 1.5467
330.00 1.5416
330.00 1.5366
330.00 1.5316
330.00 1.5267
330.00 1.5217
330.00 1.5168
330.00 1.5120
330.00 1.5071
330.00 1.5023
330.00 1.4975
330.00 1.4928
330.00 1.4880
330.00 1.4833
330.00 1.4787
330.00 1.4740
330.00 1.4694
330.00 1.4648
330.00 1.4602
330.00 1.4557
330.00 1.4512
330.00 1.4467
330.00 1.4422
330.00 1.4378
330.00 1.4334
330.00 1.4290
330.00 1.4246
330.00 1.4203
330.00 1.4160
330.00 1.4117
330.00 1.4074
330.00 1.4032
330.00 1.3990
330.00 1.3948
330.00 1.3906
330.00 1.3864
330.00 1.3823
330.00 1.3782
330.00 1.3741
330.00 1.3701
330.00 1.3660
330.00 1.3620
330.00 1.3580
330.00 1.3540
330.00 1.3501
330.00 1.3462
330.00 1.3422
330.00 1.3384
330.00 1.3345
330.00 1.3306
330.00 1.3268
330.00 1.3230
330.00 1.3192
330.00 1.3154
330.00 1.3117
330.00 1.3080
330.00 1.3043
330.00 1.3006
330.00 1.2969
330.00 1.2932
330.00 1.2896
330.00 1.2860
330.00 1.2824
330.00 1.2788
330.00 1.2753
330.00 1.2717
330.00 1.2682
330.00 1.2647
330.00 1.2612
330.00 1.2577
330.00 1.2543
330.00 1.2508
330.00 1.2474
330.00 1.2440
330.00 1.2406
330.00 1.2373
330.00 1.2339
330.00 1.2306
330.00 1.2272
330.00 1.2239
330.00 1.2207
330.00 1.2174
330.00 1.2141
330.00 1.2109
330.00 1.2077
330.00 1.2045
330.00 1.2013
330.00 1.1981
330.00 1.1949
330.00 1.1918
330.00 1.1886
330.00 1.1855
330.00 1.1824
330.00 1.1793
330.00 1.1763
330.00 1.1732
330.00 1.1702
330.00 1.1671
330.00 1.1641
330.00 1.1611
330.00 1.1581
330.00 1.1551
330.00 1.1522
330.00 1.1492
330.00 1.1463
330.00 1.1434
330.00 1.1405
330.00 1.1376
330.00 1.1347
330.00 1.1318
330.00 1.1290
330.00 1.1261
330.00 1.1233
330.00 1.1205
330.00 1.1177
330.00 1.1149
330.00 1.1121
330.00 1.1093
330.00 1.1066
330.00 1.1039
330.00 1.1011
330.00 1.0984
330.00 1.0957
330.00 1.0930
330.00 1.0903
330.00 1.0877
330.00 1.0850
330.00 1.0824
330.00 1.0797
330.00 1.0771
330.00 1.0745
330.00 1.0719
330.00 1.0693
330.00 1.0667
330.00 1.0641
330.00 1.0616
330.00 1.0590
330.00 1.0565
330.00 1.0540
330.00 1.0515
330.00 1.0490
330.00 1.0465
330.00 1.0440
330.00 1.0415
330.00 1.0391
330.00 1.0366
330.00 1.0342
330.00 1.0318
330.00 1.0293
330.00 1.0269
330.00 1.0245
330.00 1.0221
330.00 1.0198
330.00 1.0174
330.00 1.0150
330.00 1.0127
330.00 1.0103
330.00 1.0080
330.00 1.0057
330.00 1.0034
330.00 1.0011
330.00 0.99878
330.00 0.99649
330.00 0.99422
330.00 0.99195
330.00 0.98970
330.00 0.98745
330.00 0.98521
330.00 0.98298
330.00 0.98076
330.00 0.97855
330.00 0.97635
330.00 0.97415
330.00 0.97197
330.00 0.96979
330.00 0.96762
330.00 0.96546
330.00 0.96331
330.00 0.96117
330.00 0.95904
330.00 0.95691
330.00 0.95479
330.00 0.95268
330.00 0.95058
330.00 0.94849
330.00 0.94640
330.00 0.94433
330.00 0.94226
330.00 0.94020
330.00 0.93814
330.00 0.93610
330.00 0.93406
330.00 0.93203
330.00 0.93001
330.00 0.92799
330.00 0.92599
330.00 0.92399
330.00 0.92200
330.00 0.92001
330.00 0.91804
330.00 0.91607
330.00 0.91411
330.00 0.91215
330.00 0.91020
330.00 0.90826
330.00 0.90633
330.00 0.90441
330.00 0.90249
330.00 0.90058
330.00 0.89867
330.00 0.89678
330.00 0.89488
330.00 0.89300
330.00 0.89113
330.00 0.88926
330.00 0.88739
330.00 0.88554
330.00 0.88369
330.00 0.88184
330.00 0.88001
330.00 0.87818
330.00 0.87636
330.00 0.87454
330.00 0.87273
330.00 0.87093
330.00 0.86913
330.00 0.86734
330.00 0.86556
330.00 0.86378
330.00 0.86201
330.00 0.86024
330.00 0.85849
330.00 0.85673
330.00 0.85499
330.00 0.85325
330.00 0.85151
330.00 0.84979
330.00 0.84806
330.00 0.84635
330.00 0.84464
330.00 0.84293
330.00 0.84124
330.00 0.83954
330.00 0.83786
330.00 0.83618
330.00 0.83450
330.00 0.83283
330.00 0.83117
330.00 0.82951
330.00 0.82786
330.00 0.82622
330.00 0.82457
330.00 0.82294
330.00 0.82131
330.00 0.81969
330.00 0.81807
330.00 0.81646
330.00 0.81485
330.00 0.81325
330.00 0.81165
330.00 0.81006
330.00 0.80847
330.00 0.80689
330.00 0.80532
330.00 0.80375
330.00 0.80218
330.00 0.80062
330.00 0.79907
330.00 0.79752
330.00 0.79598
330.00 0.79444
330.00 0.79290
330.00 0.79137
330.00 0.78985
330.00 0.78833
