100,30,1.02721,0.962182,0.999326,28.6694,29.8857,33.3030599174
140,30,1.03723,0.992977,1.01772,29.696,30.5005,33.4837274343
180,30,1.03756,1.00323,1.02103,30.0487,30.6208,33.6247909983
20,30,0.588053,0.39531,0.494106,1.17842,1.53616,4.82624727101
220,30,1.03363,1.00722,1.02068,30.1895,30.618,34.4274969961
260,30,1.03653,1.00881,1.01939,30.2483,30.5817,33.7266456013
300,30,1.03174,1.00937,1.01789,30.271,30.5379,33.8326773222
340,30,1.02557,1.00945,1.01644,30.2768,30.4946,33.9962402039
380,30,1.02901,1.00929,1.01511,30.2742,30.4549,33.5620329591
420,30,1.02539,1.00902,1.01393,30.2675,30.4195,34.3180119275
60,30,1.11514,0.820851,0,24.4747,0,31.1834753667
