100,1,1.00965,0.998255,0.999789,0.998248,0.99619,1.05401751985
140,1,1.01001,0.99956,1.00052,0.999556,1.01668,1.05451863382
180,1,1.01257,1,1.00066,1,1.02069,1.05321698824
20,1,0.938992,0.902531,0.0172331,0.9106,0.0512053,1.29398288492
220,1,1.0143,1.00018,1.00069,1.00018,1.0206,1.07229403611
260,1,1.01412,1.00026,1.00066,1.00026,1.01939,1.05220113882
300,1,1.01398,1.00029,1.0006,1.00029,1.01793,1.0656413493
340,1,1.0129,1.0003,1.00056,1.0003,1.01649,1.06834371287
380,1,1.01245,1.0003,1.00052,1.0003,1.01516,1.05578953231
420,1,1.0139,1.00029,1.00046,1.00029,1.01398,1.07562792705
60,1,1.01091,0.992629,0,0.992642,0,1.05224349513
