100,5,1.00953,0.991603,0.999058,4.95717,4.98095,5.38308411098
140,5,1.01188,0.997946,1.00265,4.98928,5.08341,5.42273121828
180,5,1.01622,1.00009,1.00336,5.00021,5.10347,5.38288681975
20,5,0.0600006,0.0681971,0.0855347,0.843127,0.256027,0.931133042576
220,5,1.0183,1.00095,1.0034,5.00459,5.103,5.37475553724
260,5,1.01348,1.00131,1.00319,5.00646,5.09696,5.33749109519
300,5,1.01683,1.00146,1.00296,5.00723,5.08964,5.40062244764
340,5,1.01124,1.0015,1.00272,5.00747,5.08243,5.38303945163
380,5,1.01255,1.00149,1.00252,5.00745,5.07582,5.50538077408
420,5,1.01418,1.00146,1.00232,5.0073,5.06992,5.35282019251
60,5,0.987403,0.963793,0,4.82023,0,5.22007405136
