100,30,1.01196,0.962182,0.999326,28.6694,29.8857,32.8515921895
140,30,1.032,0.992977,1.01772,29.696,30.5005,33.6705263618
180,30,1.03472,1.00323,1.02103,30.0487,30.6208,33.7455567162
20,30,0.368528,0.39531,0.494106,1.17842,1.53616,1.20382956222
220,30,1.03643,1.00722,1.02068,30.1895,30.618,33.6065539273
260,30,1.0326,1.00881,1.01939,30.2483,30.5817,33.2363243551
300,30,1.03157,1.00937,1.01789,30.271,30.5379,33.5659865881
340,30,1.02991,1.00945,1.01644,30.2768,30.4946,33.3689555874
380,30,1.02746,1.00929,1.01511,30.2742,30.4549,34.1174365804
420,30,1.02439,1.00902,1.01393,30.2675,30.4195,33.062485125
60,30,1.32766,0.820851,0,24.4747,0,36.0179802273
