100,10,1.009,0.984036,0.998363,9.83347,9.9619,10.8336372091
140,10,1.01752,0.996254,1.00539,9.95899,10.1668,10.9560080231
180,10,1.02323,1.00036,1.00682,10.0018,10.2069,10.9084001821
20,10,0.121889,0.135307,0.169613,0.902382,0.512053,0.94729927821
220,10,1.021,1.002,1.00678,10.0189,10.206,10.8936463081
260,10,1.01723,1.00268,1.00643,10.0262,10.1939,10.7892394392
300,10,1.01497,1.00296,1.00592,10.0292,10.1793,10.9216719474
340,10,1.01684,1.00303,1.00547,10.0301,10.1649,10.8689082736
380,10,1.0174,1.00301,1.00504,10.0299,10.1516,11.1221021669
420,10,1.01202,1.00294,1.00464,10.0293,10.1398,10.8052212747
60,10,0.963654,0.929456,0,9.30189,0,10.234668778
