100,1,1.01074,0.998255,0.999789,0.998248,0.99619,1.05878359016
140,1,1.01474,0.99956,1.00052,0.999556,1.01668,1.06320525593
180,1,1.00957,1,1.00066,1,1.02069,1.05524637152
20,1,0.486152,0.902531,0.0172331,0.9106,0.0512053,0.57406478449
220,1,1.00936,1.00018,1.00069,1.00018,1.0206,1.05113254101
260,1,1.01206,1.00026,1.00066,1.00026,1.01939,1.04676526128
300,1,1.01281,1.00029,1.0006,1.00029,1.01793,1.05406663737
340,1,1.01204,1.0003,1.00056,1.0003,1.01649,1.05784419532
380,1,1.01486,1.0003,1.00052,1.0003,1.01516,1.07797816447
420,1,1.0123,1.00029,1.00046,1.00029,1.01398,1.04760188045
60,1,1.00834,0.992629,0,0.992642,0,1.03605695628
