0.10000 122.89 0.0231076521097
0.11000 111.70 0.0254184173206
0.12000 102.37 0.0277291825316
0.13000 94.483 0.0300399477425
0.14000 87.720 0.0323507129535
0.15000 81.859 0.0346614781645
0.16000 76.730 0.0369722433754
0.17000 72.205 0.0392830085864
0.18000 68.183 0.0415937737974
0.19000 64.584 0.0439045390083
0.20000 61.344 0.0462153042193
0.21000 58.414 0.0485260694303
0.22000 55.750 0.0508368346412
0.23000 53.317 0.0531475998522
0.24000 51.087 0.0554583650632
0.25000 49.036 0.0577691302741
0.26000 47.142 0.0600798954851
0.27000 45.389 0.0623906606961
0.28000 43.760 0.064701425907
0.29000 42.245 0.067012191118
0.30000 40.830 0.069322956329
0.31000 39.506 0.0716337215399
0.32000 38.265 0.0739444867509
0.33000 37.100 0.0762552519618
0.34000 36.003 0.0785660171728
0.35000 34.968 0.0808767823838
0.36000 33.991 0.0831875475947
0.37000 33.067 0.0854983128057
0.38000 32.192 0.0878090780167
0.39000 31.361 0.0901198432276
0.40000 30.572 0.0924306084386
0.41000 29.822 0.0947413736496
0.42000 29.107 0.0970521388605
0.43000 28.425 0.0993629040715
0.44000 27.775 0.101673669282
0.45000 27.153 0.103984434493
0.46000 26.558 0.106295199704
0.47000 25.989 0.108605964915
0.48000 25.443 0.110916730126
0.49000 24.920 0.113227495337
0.50000 24.418 0.115538260548
0.51000 23.935 0.117849025759
0.52000 23.471 0.12015979097
0.53000 23.024 0.122470556181
0.54000 22.594 0.124781321392
0.55000 22.180 0.127092086603
0.56000 21.780 0.129402851814
0.57000 21.394 0.131713617025
0.58000 21.022 0.134024382236
0.59000 20.662 0.136335147447
0.60000 20.315 0.138645912658
0.61000 19.978 0.140956677869
0.62000 19.653 0.14326744308
0.63000 19.338 0.145578208291
0.64000 19.032 0.147888973502
0.65000 18.736 0.150199738713
0.66000 18.449 0.152510503924
0.67000 18.171 0.154821269135
0.68000 17.901 0.157132034346
0.69000 17.638 0.159442799557
0.70000 17.384 0.161753564768
0.71000 17.136 0.164064329979
0.72000 16.895 0.166375095189
0.73000 16.661 0.1686858604
0.74000 16.433 0.170996625611
0.75000 16.211 0.173307390822
0.76000 15.995 0.175618156033
0.77000 15.785 0.177928921244
0.78000 15.580 0.180239686455
0.79000 15.380 0.182550451666
0.80000 15.185 0.184861216877
0.81000 14.995 0.187171982088
0.82000 14.810 0.189482747299
0.83000 14.629 0.19179351251
0.84000 14.453 0.194104277721
0.85000 14.280 0.196415042932
0.86000 14.112 0.198725808143
0.87000 13.947 0.201036573354
0.88000 13.786 0.203347338565
0.89000 13.629 0.205658103776
0.90000 13.475 0.207968868987
0.91000 13.325 0.210279634198
0.92000 13.178 0.212590399409
0.93000 13.034 0.21490116462
0.94000 12.893 0.217211929831
0.95000 12.756 0.219522695042
0.96000 12.621 0.221833460253
0.97000 12.488 0.224144225464
0.98000 12.359 0.226454990675
0.99000 12.232 0.228765755886
1.0000 12.108 0.231076521097
1.0100 11.986 0.233387286307
1.0200 11.866 0.235698051518
1.0300 11.749 0.238008816729
1.0400 11.634 0.24031958194
1.0500 11.521 0.242630347151
1.0600 11.411 0.244941112362
1.0700 11.302 0.247251877573
1.0800 11.196 0.249562642784
1.0900 11.091 0.251873407995
1.1000 10.988 0.254184173206
1.1100 10.887 0.256494938417
1.1200 10.788 0.258805703628
1.1300 10.691 0.261116468839
1.1400 10.596 0.26342723405
1.1500 10.502 0.265737999261
1.1600 10.409 0.268048764472
1.1700 10.319 0.270359529683
1.1800 10.229 0.272670294894
1.1900 10.142 0.274981060105
1.2000 10.055 0.277291825316
1.2100 9.9707 0.279602590527
1.2200 9.8872 0.281913355738
1.2300 9.8052 0.284224120949
1.2400 9.7245 0.28653488616
1.2500 9.6450 0.288845651371
1.2600 9.5668 0.291156416582
1.2700 9.4899 0.293467181793
1.2800 9.4141 0.295777947004
1.2900 9.3396 0.298088712215
1.3000 9.2661 0.300399477425
1.3100 9.1938 0.302710242636
1.3200 9.1226 0.305021007847
1.3300 9.0525 0.307331773058
1.3400 8.9834 0.309642538269
1.3500 8.9153 0.31195330348
1.3600 8.8482 0.314264068691
1.3700 8.7821 0.316574833902
1.3800 8.7170 0.318885599113
1.3900 8.6528 0.321196364324
1.4000 8.5895 0.323507129535
1.4100 8.5271 0.325817894746
1.4200 8.4656 0.328128659957
1.4300 8.4050 0.330439425168
1.4400 8.3452 0.332750190379
1.4500 8.2862 0.33506095559
1.4600 8.2280 0.337371720801
1.4700 8.1706 0.339682486012
1.4800 8.1140 0.341993251223
1.4900 8.0582 0.344304016434
1.5000 8.0031 0.346614781645
1.5100 7.9487 0.348925546856
1.5200 7.8950 0.351236312067
1.5300 7.8421 0.353547077278
1.5400 7.7898 0.355857842489
1.5500 7.7382 0.3581686077
1.5600 7.6872 0.360479372911
1.5700 7.6370 0.362790138122
1.5800 7.5873 0.365100903332
1.5900 7.5383 0.367411668543
1.6000 7.4899 0.369722433754
1.6100 7.4420 0.372033198965
1.6200 7.3948 0.374343964176
1.6300 7.3482 0.376654729387
1.6400 7.3021 0.378965494598
1.6500 7.2566 0.381276259809
1.6600 7.2116 0.38358702502
1.6700 7.1672 0.385897790231
1.6800 7.1233 0.388208555442
1.6900 7.0799 0.390519320653
1.7000 7.0370 0.392830085864
1.7100 6.9946 0.395140851075
1.7200 6.9528 0.397451616286
1.7300 6.9114 0.399762381497
1.7400 6.8704 0.402073146708
1.7500 6.8300 0.404383911919
1.7600 6.7900 0.40669467713
1.7700 6.7504 0.409005442341
1.7800 6.7113 0.411316207552
1.7900 6.6727 0.413626972763
1.8000 6.6344 0.415937737974
1.8100 6.5966 0.418248503185
1.8200 6.5592 0.420559268396
1.8300 6.5222 0.422870033607
1.8400 6.4856 0.425180798818
1.8500 6.4494 0.427491564029
1.8600 6.4136 0.42980232924
1.8700 6.3782 0.43211309445
1.8800 6.3432 0.434423859661
1.8900 6.3085 0.436734624872
1.9000 6.2742 0.439045390083
1.9100 6.2402 0.441356155294
1.9200 6.2066 0.443666920505
1.9300 6.1734 0.445977685716
1.9400 6.1405 0.448288450927
1.9500 6.1079 0.450599216138
1.9600 6.0757 0.452909981349
1.9700 6.0438 0.45522074656
1.9800 6.0122 0.457531511771
1.9900 5.9809 0.459842276982
2.0000 5.9499 0.462153042193
2.0100 5.9193 0.464463807404
2.0200 5.8889 0.466774572615
2.0300 5.8589 0.469085337826
2.0400 5.8291 0.471396103037
2.0500 5.7997 0.473706868248
2.0600 5.7705 0.476017633459
2.0700 5.7416 0.47832839867
2.0800 5.7130 0.480639163881
2.0900 5.6846 0.482949929092
2.1000 5.6565 0.485260694303
2.1100 5.6287 0.487571459514
2.1200 5.6012 0.489882224725
2.1300 5.5739 0.492192989936
2.1400 5.5468 0.494503755147
2.1500 5.5200 0.496814520358
2.1600 5.4935 0.499125285568
2.1700 5.4672 0.501436050779
2.1800 5.4412 0.50374681599
2.1900 5.4153 0.506057581201
2.2000 5.3898 0.508368346412
2.2100 5.3644 0.510679111623
2.2200 5.3393 0.512989876834
2.2300 5.3144 0.515300642045
2.2400 5.2897 0.517611407256
2.2500 5.2653 0.519922172467
2.2600 5.2410 0.522232937678
2.2700 5.2170 0.524543702889
2.2800 5.1932 0.5268544681
2.2900 5.1696 0.529165233311
2.3000 5.1462 0.531475998522
2.3100 5.1229 0.533786763733
2.3200 5.0999 0.536097528944
2.3300 5.0771 0.538408294155
2.3400 5.0545 0.540719059366
2.3500 5.0321 0.543029824577
2.3600 5.0099 0.545340589788
2.3700 4.9878 0.547651354999
2.3800 4.9660 0.54996212021
2.3900 4.9443 0.552272885421
2.4000 4.9228 0.554583650632
2.4100 4.9015 0.556894415843
2.4200 4.8804 0.559205181054
2.4300 4.8594 0.561515946265
2.4400 4.8386 0.563826711475
2.4500 4.8180 0.566137476686
2.4600 4.7975 0.568448241897
2.4700 4.7772 0.570759007108
2.4800 4.7571 0.573069772319
2.4900 4.7371 0.57538053753
2.5000 4.7173 0.577691302741
2.5100 4.6977 0.580002067952
2.5200 4.6782 0.582312833163
2.5300 4.6588 0.584623598374
2.5400 4.6396 0.586934363585
2.5500 4.6206 0.589245128796
2.5600 4.6017 0.591555894007
2.5700 4.5830 0.593866659218
2.5800 4.5644 0.596177424429
2.5900 4.5459 0.59848818964
2.6000 4.5276 0.600798954851
2.6100 4.5094 0.603109720062
2.6200 4.4914 0.605420485273
2.6300 4.4735 0.607731250484
2.6400 4.4557 0.610042015695
2.6500 4.4381 0.612352780906
2.6600 4.4206 0.614663546117
2.6700 4.4032 0.616974311328
2.6800 4.3860 0.619285076539
2.6900 4.3689 0.62159584175
2.7000 4.3519 0.623906606961
2.7100 4.3350 0.626217372172
2.7200 4.3183 0.628528137383
2.7300 4.3017 0.630838902593
2.7400 4.2852 0.633149667804
2.7500 4.2688 0.635460433015
2.7600 4.2526 0.637771198226
2.7700 4.2364 0.640081963437
2.7800 4.2204 0.642392728648
2.7900 4.2045 0.644703493859
2.8000 4.1887 0.64701425907
2.8100 4.1730 0.649325024281
2.8200 4.1574 0.651635789492
2.8300 4.1420 0.653946554703
2.8400 4.1266 0.656257319914
2.8500 4.1114 0.658568085125
2.8600 4.0962 0.660878850336
2.8700 4.0812 0.663189615547
2.8800 4.0663 0.665500380758
2.8900 4.0515 0.667811145969
2.9000 4.0367 0.67012191118
2.9100 4.0221 0.672432676391
2.9200 4.0076 0.674743441602
2.9300 3.9932 0.677054206813
2.9400 3.9788 0.679364972024
2.9500 3.9646 0.681675737235
2.9600 3.9505 0.683986502446
2.9700 3.9364 0.686297267657
2.9800 3.9225 0.688608032868
2.9900 3.9086 0.690918798079
3.0000 3.8949 0.69322956329
3.0100 3.8812 0.695540328501
3.0200 3.8676 0.697851093711
3.0300 3.8541 0.700161858922
3.0400 3.8407 0.702472624133
3.0500 3.8274 0.704783389344
3.0600 3.8142 0.707094154555
3.0700 3.8011 0.709404919766
3.0800 3.7880 0.711715684977
3.0900 3.7750 0.714026450188
3.1000 3.7621 0.716337215399
3.1100 3.7493 0.71864798061
3.1200 3.7366 0.720958745821
3.1300 3.7240 0.723269511032
3.1400 3.7114 0.725580276243
3.1500 3.6989 0.727891041454
3.1600 3.6865 0.730201806665
3.1700 3.6742 0.732512571876
3.1800 3.6620 0.734823337087
3.1900 3.6498 0.737134102298
3.2000 3.6377 0.739444867509
3.2100 3.6257 0.74175563272
3.2200 3.6137 0.744066397931
3.2300 3.6018 0.746377163142
3.2400 3.5900 0.748687928353
3.2500 3.5783 0.750998693564
3.2600 3.5667 0.753309458775
3.2700 3.5551 0.755620223986
3.2800 3.5436 0.757930989197
3.2900 3.5321 0.760241754408
3.3000 3.5207 0.762552519618
3.3100 3.5094 0.764863284829
3.3200 3.4982 0.76717405004
3.3300 3.4870 0.769484815251
3.3400 3.4759 0.771795580462
3.3500 3.4649 0.774106345673
3.3600 3.4539 0.776417110884
3.3700 3.4430 0.778727876095
3.3800 3.4321 0.781038641306
3.3900 3.4214 0.783349406517
3.4000 3.4106 0.785660171728
3.4100 3.4000 0.787970936939
3.4200 3.3894 0.79028170215
3.4300 3.3789 0.792592467361
3.4400 3.3684 0.794903232572
3.4500 3.3580 0.797213997783
3.4600 3.3476 0.799524762994
3.4700 3.3373 0.801835528205
3.4800 3.3271 0.804146293416
3.4900 3.3169 0.806457058627
3.5000 3.3068 0.808767823838
3.5100 3.2967 0.811078589049
3.5200 3.2867 0.81338935426
3.5300 3.2768 0.815700119471
3.5400 3.2669 0.818010884682
3.5500 3.2571 0.820321649893
3.5600 3.2473 0.822632415104
3.5700 3.2376 0.824943180315
3.5800 3.2279 0.827253945526
3.5900 3.2183 0.829564710736
3.6000 3.2087 0.831875475947
3.6100 3.1992 0.834186241158
3.6200 3.1897 0.836497006369
3.6300 3.1803 0.83880777158
3.6400 3.1710 0.841118536791
3.6500 3.1617 0.843429302002
3.6600 3.1524 0.845740067213
3.6700 3.1432 0.848050832424
3.6800 3.1341 0.850361597635
3.6900 3.1250 0.852672362846
3.7000 3.1159 0.854983128057
3.7100 3.1069 0.857293893268
3.7200 3.0979 0.859604658479
3.7300 3.0890 0.86191542369
3.7400 3.0802 0.864226188901
3.7500 3.0713 0.866536954112
3.7600 3.0626 0.868847719323
3.7700 3.0538 0.871158484534
3.7800 3.0452 0.873469249745
3.7900 3.0365 0.875780014956
3.8000 3.0279 0.878090780167
3.8100 3.0194 0.880401545378
3.8200 3.0109 0.882712310589
3.8300 3.0025 0.8850230758
3.8400 2.9940 0.887333841011
3.8500 2.9857 0.889644606222
3.8600 2.9773 0.891955371433
3.8700 2.9691 0.894266136644
3.8800 2.9608 0.896576901854
3.8900 2.9526 0.898887667065
3.9000 2.9445 0.901198432276
3.9100 2.9364 0.903509197487
3.9200 2.9283 0.905819962698
3.9300 2.9203 0.908130727909
3.9400 2.9123 0.91044149312
3.9500 2.9043 0.912752258331
3.9600 2.8964 0.915063023542
3.9700 2.8885 0.917373788753
3.9800 2.8807 0.919684553964
3.9900 2.8729 0.921995319175
4.0000 2.8652 0.924306084386
4.0100 2.8574 0.926616849597
4.0200 2.8498 0.928927614808
4.0300 2.8421 0.931238380019
4.0400 2.8345 0.93354914523
4.0500 2.8270 0.935859910441
4.0600 2.8194 0.938170675652
4.0700 2.8119 0.940481440863
4.0800 2.8045 0.942792206074
4.0900 2.7971 0.945102971285
4.1000 2.7897 0.947413736496
4.1100 2.7823 0.949724501707
4.1200 2.7750 0.952035266918
4.1300 2.7677 0.954346032129
4.1400 2.7605 0.95665679734
4.1500 2.7533 0.958967562551
4.1600 2.7461 0.961278327761
4.1700 2.7390 0.963589092972
4.1800 2.7319 0.965899858183
4.1900 2.7248 0.968210623394
4.2000 2.7178 0.970521388605
4.2100 2.7108 0.972832153816
4.2200 2.7038 0.975142919027
4.2300 2.6969 0.977453684238
4.2400 2.6900 0.979764449449
4.2500 2.6831 0.98207521466
4.2600 2.6762 0.984385979871
4.2700 2.6694 0.986696745082
4.2800 2.6626 0.989007510293
4.2900 2.6559 0.991318275504
4.3000 2.6492 0.993629040715
4.3100 2.6425 0.995939805926
4.3200 2.6358 0.998250571137
4.3300 2.6292 1.00056133635
4.3400 2.6226 1.00287210156
4.3500 2.6161 1.00518286677
4.3600 2.6095 1.00749363198
4.3700 2.6030 1.00980439719
4.3800 2.5965 1.0121151624
4.3900 2.5901 1.01442592761
4.4000 2.5837 1.01673669282
4.4100 2.5773 1.01904745804
4.4200 2.5709 1.02135822325
4.4300 2.5646 1.02366898846
4.4400 2.5583 1.02597975367
4.4500 2.5520 1.02829051888
4.4600 2.5458 1.03060128409
4.4700 2.5396 1.0329120493
4.4800 2.5334 1.03522281451
4.4900 2.5272 1.03753357972
4.5000 2.5211 1.03984434493
4.5100 2.5150 1.04215511015
4.5200 2.5089 1.04446587536
4.5300 2.5028 1.04677664057
4.5400 2.4968 1.04908740578
4.5500 2.4908 1.05139817099
4.5600 2.4848 1.0537089362
4.5700 2.4789 1.05601970141
4.5800 2.4729 1.05833046662
4.5900 2.4670 1.06064123183
4.6000 2.4612 1.06295199704
4.6100 2.4553 1.06526276225
4.6200 2.4495 1.06757352747
4.6300 2.4437 1.06988429268
4.6400 2.4379 1.07219505789
4.6500 2.4322 1.0745058231
4.6600 2.4264 1.07681658831
4.6700 2.4207 1.07912735352
4.6800 2.4151 1.08143811873
4.6900 2.4094 1.08374888394
4.7000 2.4038 1.08605964915
4.7100 2.3982 1.08837041436
4.7200 2.3926 1.09068117958
4.7300 2.3870 1.09299194479
4.7400 2.3815 1.09530271
4.7500 2.3760 1.09761347521
4.7600 2.3705 1.09992424042
4.7700 2.3650 1.10223500563
4.7800 2.3596 1.10454577084
4.7900 2.3542 1.10685653605
4.8000 2.3488 1.10916730126
4.8100 2.3434 1.11147806647
4.8200 2.3380 1.11378883169
4.8300 2.3327 1.1160995969
4.8400 2.3274 1.11841036211
4.8500 2.3221 1.12072112732
4.8600 2.3168 1.12303189253
4.8700 2.3116 1.12534265774
4.8800 2.3064 1.12765342295
4.8900 2.3011 1.12996418816
4.9000 2.2960 1.13227495337
4.9100 2.2908 1.13458571858
4.9200 2.2857 1.13689648379
4.9300 2.2805 1.13920724901
4.9400 2.2754 1.14151801422
4.9500 2.2704 1.14382877943
4.9600 2.2653 1.14613954464
4.9700 2.2603 1.14845030985
4.9800 2.2552 1.15076107506
4.9900 2.2502 1.15307184027
5.0000 2.2453 1.15538260548
5.1000 2.1965 1.17849025759
5.1100 2.1917 1.1808010228
5.1200 2.1870 1.18311178801
5.1300 2.1823 1.18542255323
5.1400 2.1775 1.18773331844
5.1500 2.1728 1.19004408365
5.1600 2.1682 1.19235484886
5.1700 2.1635 1.19466561407
5.1800 2.1589 1.19697637928
5.1900 2.1542 1.19928714449
5.2000 2.1496 1.2015979097
5.2100 2.1450 1.20390867491
5.2200 2.1404 1.20621944012
5.2300 2.1359 1.20853020533
5.2400 2.1314 1.21084097055
5.2500 2.1268 1.21315173576
5.2600 2.1223 1.21546250097
5.2700 2.1178 1.21777326618
5.2800 2.1134 1.22008403139
5.2900 2.1089 1.2223947966
5.3000 2.1045 1.22470556181
5.3100 2.1000 1.22701632702
5.3200 2.0956 1.22932709223
5.3300 2.0912 1.23163785744
5.3400 2.0869 1.23394862266
5.3500 2.0825 1.23625938787
5.3600 2.0782 1.23857015308
5.3700 2.0738 1.24088091829
5.3800 2.0695 1.2431916835
5.3900 2.0652 1.24550244871
5.4000 2.0610 1.24781321392
5.4100 2.0567 1.25012397913
5.4200 2.0525 1.25243474434
5.4300 2.0482 1.25474550955
5.4400 2.0440 1.25705627477
5.4500 2.0398 1.25936703998
5.4600 2.0356 1.26167780519
5.4700 2.0314 1.2639885704
5.4800 2.0273 1.26629933561
5.4900 2.0231 1.26861010082
5.5000 2.0190 1.27092086603
5.5100 2.0149 1.27323163124
5.5200 2.0108 1.27554239645
5.5300 2.0067 1.27785316166
5.5400 2.0027 1.28016392687
5.5500 1.9986 1.28247469209
5.5600 1.9946 1.2847854573
5.5700 1.9905 1.28709622251
5.5800 1.9865 1.28940698772
5.5900 1.9825 1.29171775293
5.6000 1.9786 1.29402851814
5.6100 1.9746 1.29633928335
5.6200 1.9706 1.29865004856
5.6300 1.9667 1.30096081377
5.6400 1.9628 1.30327157898
5.6500 1.9588 1.3055823442
5.6600 1.9549 1.30789310941
5.6700 1.9511 1.31020387462
5.6800 1.9472 1.31251463983
5.6900 1.9433 1.31482540504
5.7000 1.9395 1.31713617025
5.7100 1.9356 1.31944693546
5.7200 1.9318 1.32175770067
5.7300 1.9280 1.32406846588
5.7400 1.9242 1.32637923109
5.7500 1.9204 1.3286899963
5.7600 1.9167 1.33100076152
5.7700 1.9129 1.33331152673
5.7800 1.9092 1.33562229194
5.7900 1.9054 1.33793305715
5.8000 1.9017 1.34024382236
5.8100 1.8980 1.34255458757
5.8200 1.8943 1.34486535278
5.8300 1.8907 1.34717611799
5.8400 1.8870 1.3494868832
5.8500 1.8833 1.35179764841
5.8600 1.8797 1.35410841363
5.8700 1.8761 1.35641917884
5.8800 1.8724 1.35872994405
5.8900 1.8688 1.36104070926
5.9000 1.8652 1.36335147447
5.9100 1.8617 1.36566223968
5.9200 1.8581 1.36797300489
5.9300 1.8545 1.3702837701
5.9400 1.8510 1.37259453531
5.9500 1.8474 1.37490530052
5.9600 1.8439 1.37721606574
5.9700 1.8404 1.37952683095
5.9800 1.8369 1.38183759616
5.9900 1.8334 1.38414836137
6.0000 1.8299 1.38645912658
6.0100 1.8265 1.38876989179
6.0200 1.8230 1.391080657
6.0300 1.8196 1.39339142221
6.0400 1.8161 1.39570218742
6.0500 1.8127 1.39801295263
6.0600 1.8093 1.40032371784
6.0700 1.8059 1.40263448306
6.0800 1.8025 1.40494524827
6.0900 1.7991 1.40725601348
6.1000 1.7958 1.40956677869
6.1100 1.7924 1.4118775439
6.1200 1.7891 1.41418830911
6.1300 1.7857 1.41649907432
6.1400 1.7824 1.41880983953
6.1500 1.7791 1.42112060474
6.1600 1.7758 1.42343136995
6.1700 1.7725 1.42574213517
6.1800 1.7692 1.42805290038
6.1900 1.7659 1.43036366559
6.2000 1.7627 1.4326744308
6.2100 1.7594 1.43498519601
6.2200 1.7562 1.43729596122
6.2300 1.7530 1.43960672643
6.2400 1.7497 1.44191749164
6.2500 1.7465 1.44422825685
6.2600 1.7433 1.44653902206
6.2700 1.7401 1.44884978728
6.2800 1.7369 1.45116055249
6.2900 1.7338 1.4534713177
6.3000 1.7306 1.45578208291
6.3100 1.7275 1.45809284812
6.3200 1.7243 1.46040361333
6.3300 1.7212 1.46271437854
6.3400 1.7181 1.46502514375
6.3500 1.7149 1.46733590896
6.3600 1.7118 1.46964667417
6.3700 1.7087 1.47195743938
6.3800 1.7057 1.4742682046
6.3900 1.7026 1.47657896981
6.4000 1.6995 1.47888973502
6.4100 1.6965 1.48120050023
6.4200 1.6934 1.48351126544
6.4300 1.6904 1.48582203065
6.4400 1.6874 1.48813279586
6.4500 1.6843 1.49044356107
6.4600 1.6813 1.49275432628
6.4656 1.6796 1.4940483548
6.4656 0.038689 1.4940483548
6.4700 0.038689 1.49506509149
6.4800 0.038689 1.49737585671
6.4900 0.038689 1.49968662192
6.5000 0.038689 1.50199738713
6.5100 0.038689 1.50430815234
6.5200 0.038689 1.50661891755
6.5300 0.038688 1.50892968276
6.5400 0.038688 1.51124044797
6.5500 0.038688 1.51355121318
6.5600 0.038688 1.51586197839
6.5700 0.038688 1.5181727436
6.5800 0.038688 1.52048350882
6.5900 0.038688 1.52279427403
6.6000 0.038687 1.52510503924
6.6100 0.038687 1.52741580445
6.6200 0.038687 1.52972656966
6.6300 0.038687 1.53203733487
6.6400 0.038687 1.53434810008
6.6500 0.038687 1.53665886529
6.6600 0.038686 1.5389696305
6.6700 0.038686 1.54128039571
6.6800 0.038686 1.54359116092
6.6900 0.038686 1.54590192614
6.7000 0.038686 1.54821269135
6.7100 0.038686 1.55052345656
6.7200 0.038686 1.55283422177
6.7300 0.038685 1.55514498698
6.7400 0.038685 1.55745575219
6.7500 0.038685 1.5597665174
6.7600 0.038685 1.56207728261
6.7700 0.038685 1.56438804782
6.7800 0.038685 1.56669881303
6.7900 0.038685 1.56900957825
6.8000 0.038684 1.57132034346
6.8100 0.038684 1.57363110867
6.8200 0.038684 1.57594187388
6.8300 0.038684 1.57825263909
6.8400 0.038684 1.5805634043
6.8500 0.038684 1.58287416951
6.8600 0.038683 1.58518493472
6.8700 0.038683 1.58749569993
6.8800 0.038683 1.58980646514
6.8900 0.038683 1.59211723035
6.9000 0.038683 1.59442799557
6.9100 0.038683 1.59673876078
6.9200 0.038683 1.59904952599
6.9300 0.038682 1.6013602912
6.9400 0.038682 1.60367105641
6.9500 0.038682 1.60598182162
6.9600 0.038682 1.60829258683
6.9700 0.038682 1.61060335204
6.9800 0.038682 1.61291411725
6.9900 0.038682 1.61522488246
7.0000 0.038681 1.61753564768
7.0100 0.038681 1.61984641289
7.0200 0.038681 1.6221571781
7.0300 0.038681 1.62446794331
7.0400 0.038681 1.62677870852
7.0500 0.038681 1.62908947373
7.0600 0.038681 1.63140023894
7.0700 0.038680 1.63371100415
7.0800 0.038680 1.63602176936
7.0900 0.038680 1.63833253457
7.1000 0.038680 1.64064329979
7.1100 0.038680 1.642954065
7.1200 0.038680 1.64526483021
7.1300 0.038679 1.64757559542
7.1400 0.038679 1.64988636063
7.1500 0.038679 1.65219712584
7.1600 0.038679 1.65450789105
7.1700 0.038679 1.65681865626
7.1800 0.038679 1.65912942147
7.1900 0.038679 1.66144018668
7.2000 0.038678 1.66375095189
7.2100 0.038678 1.66606171711
7.2200 0.038678 1.66837248232
7.2300 0.038678 1.67068324753
7.2400 0.038678 1.67299401274
7.2500 0.038678 1.67530477795
7.2600 0.038678 1.67761554316
7.2700 0.038677 1.67992630837
7.2800 0.038677 1.68223707358
7.2900 0.038677 1.68454783879
7.3000 0.038677 1.686858604
7.3100 0.038677 1.68916936922
7.3200 0.038677 1.69148013443
7.3300 0.038676 1.69379089964
7.3400 0.038676 1.69610166485
7.3500 0.038676 1.69841243006
7.3600 0.038676 1.70072319527
7.3700 0.038676 1.70303396048
7.3800 0.038676 1.70534472569
7.3900 0.038676 1.7076554909
7.4000 0.038675 1.70996625611
7.4100 0.038675 1.71227702133
7.4200 0.038675 1.71458778654
7.4300 0.038675 1.71689855175
7.4400 0.038675 1.71920931696
7.4500 0.038675 1.72152008217
7.4600 0.038675 1.72383084738
7.4700 0.038674 1.72614161259
7.4800 0.038674 1.7284523778
7.4900 0.038674 1.73076314301
7.5000 0.038674 1.73307390822
7.5100 0.038674 1.73538467343
7.5200 0.038674 1.73769543865
7.5300 0.038674 1.74000620386
7.5400 0.038673 1.74231696907
7.5500 0.038673 1.74462773428
7.5600 0.038673 1.74693849949
7.5700 0.038673 1.7492492647
7.5800 0.038673 1.75156002991
7.5900 0.038673 1.75387079512
7.6000 0.038672 1.75618156033
7.6100 0.038672 1.75849232554
7.6200 0.038672 1.76080309076
7.6300 0.038672 1.76311385597
7.6400 0.038672 1.76542462118
7.6500 0.038672 1.76773538639
7.6600 0.038672 1.7700461516
7.6700 0.038671 1.77235691681
7.6800 0.038671 1.77466768202
7.6900 0.038671 1.77697844723
7.7000 0.038671 1.77928921244
7.7100 0.038671 1.78159997765
7.7200 0.038671 1.78391074287
7.7300 0.038671 1.78622150808
7.7400 0.038670 1.78853227329
7.7500 0.038670 1.7908430385
7.7600 0.038670 1.79315380371
7.7700 0.038670 1.79546456892
7.7800 0.038670 1.79777533413
7.7900 0.038670 1.80008609934
7.8000 0.038670 1.80239686455
7.8100 0.038669 1.80470762976
7.8200 0.038669 1.80701839497
7.8300 0.038669 1.80932916019
7.8400 0.038669 1.8116399254
7.8500 0.038669 1.81395069061
7.8600 0.038669 1.81626145582
7.8700 0.038668 1.81857222103
7.8800 0.038668 1.82088298624
7.8900 0.038668 1.82319375145
7.9000 0.038668 1.82550451666
7.9100 0.038668 1.82781528187
7.9200 0.038668 1.83012604708
7.9300 0.038668 1.8324368123
7.9400 0.038667 1.83474757751
7.9500 0.038667 1.83705834272
7.9600 0.038667 1.83936910793
7.9700 0.038667 1.84167987314
7.9800 0.038667 1.84399063835
7.9900 0.038667 1.84630140356
8.0000 0.038667 1.84861216877
8.0100 0.038666 1.85092293398
8.0200 0.038666 1.85323369919
8.0300 0.038666 1.8555444644
8.0400 0.038666 1.85785522962
8.0500 0.038666 1.86016599483
8.0600 0.038666 1.86247676004
8.0700 0.038666 1.86478752525
8.0800 0.038665 1.86709829046
8.0900 0.038665 1.86940905567
8.1000 0.038665 1.87171982088
8.1100 0.038665 1.87403058609
8.1200 0.038665 1.8763413513
8.1300 0.038665 1.87865211651
8.1400 0.038664 1.88096288173
8.1500 0.038664 1.88327364694
8.1600 0.038664 1.88558441215
8.1700 0.038664 1.88789517736
8.1800 0.038664 1.89020594257
8.1900 0.038664 1.89251670778
8.2000 0.038664 1.89482747299
8.2100 0.038663 1.8971382382
8.2200 0.038663 1.89944900341
8.2300 0.038663 1.90175976862
8.2400 0.038663 1.90407053384
8.2500 0.038663 1.90638129905
8.2600 0.038663 1.90869206426
8.2700 0.038663 1.91100282947
8.2800 0.038662 1.91331359468
8.2900 0.038662 1.91562435989
8.3000 0.038662 1.9179351251
8.3100 0.038662 1.92024589031
8.3200 0.038662 1.92255665552
8.3300 0.038662 1.92486742073
8.3400 0.038662 1.92717818594
8.3500 0.038661 1.92948895116
8.3600 0.038661 1.93179971637
8.3700 0.038661 1.93411048158
8.3800 0.038661 1.93642124679
8.3900 0.038661 1.938732012
8.4000 0.038661 1.94104277721
8.4100 0.038660 1.94335354242
8.4200 0.038660 1.94566430763
8.4300 0.038660 1.94797507284
8.4400 0.038660 1.95028583805
8.4500 0.038660 1.95259660327
8.4600 0.038660 1.95490736848
8.4700 0.038660 1.95721813369
8.4800 0.038659 1.9595288989
8.4900 0.038659 1.96183966411
8.5000 0.038659 1.96415042932
8.5100 0.038659 1.96646119453
8.5200 0.038659 1.96877195974
8.5300 0.038659 1.97108272495
8.5400 0.038659 1.97339349016
8.5500 0.038658 1.97570425538
8.5600 0.038658 1.97801502059
8.5700 0.038658 1.9803257858
8.5800 0.038658 1.98263655101
8.5900 0.038658 1.98494731622
8.6000 0.038658 1.98725808143
8.6100 0.038658 1.98956884664
8.6200 0.038657 1.99187961185
8.6300 0.038657 1.99419037706
8.6400 0.038657 1.99650114227
8.6500 0.038657 1.99881190748
8.6600 0.038657 2.0011226727
8.6700 0.038657 2.00343343791
8.6800 0.038656 2.00574420312
8.6900 0.038656 2.00805496833
8.7000 0.038656 2.01036573354
8.7100 0.038656 2.01267649875
8.7200 0.038656 2.01498726396
8.7300 0.038656 2.01729802917
8.7400 0.038656 2.01960879438
8.7500 0.038655 2.02191955959
8.7600 0.038655 2.02423032481
8.7700 0.038655 2.02654109002
8.7800 0.038655 2.02885185523
8.7900 0.038655 2.03116262044
8.8000 0.038655 2.03347338565
8.8100 0.038655 2.03578415086
8.8200 0.038654 2.03809491607
8.8300 0.038654 2.04040568128
8.8400 0.038654 2.04271644649
8.8500 0.038654 2.0450272117
8.8600 0.038654 2.04733797692
8.8700 0.038654 2.04964874213
8.8800 0.038654 2.05195950734
8.8900 0.038653 2.05427027255
8.9000 0.038653 2.05658103776
8.9100 0.038653 2.05889180297
8.9200 0.038653 2.06120256818
8.9300 0.038653 2.06351333339
8.9400 0.038653 2.0658240986
8.9500 0.038652 2.06813486381
8.9600 0.038652 2.07044562902
8.9700 0.038652 2.07275639424
8.9800 0.038652 2.07506715945
8.9900 0.038652 2.07737792466
9.0000 0.038652 2.07968868987
9.0100 0.038652 2.08199945508
9.0200 0.038651 2.08431022029
9.0300 0.038651 2.0866209855
9.0400 0.038651 2.08893175071
9.0500 0.038651 2.09124251592
9.0600 0.038651 2.09355328113
9.0700 0.038651 2.09586404635
9.0800 0.038651 2.09817481156
9.0900 0.038650 2.10048557677
9.1000 0.038650 2.10279634198
9.1100 0.038650 2.10510710719
9.1200 0.038650 2.1074178724
9.1300 0.038650 2.10972863761
9.1400 0.038650 2.11203940282
9.1500 0.038650 2.11435016803
9.1600 0.038649 2.11666093324
9.1700 0.038649 2.11897169846
9.1800 0.038649 2.12128246367
9.1900 0.038649 2.12359322888
9.2000 0.038649 2.12590399409
9.2100 0.038649 2.1282147593
9.2200 0.038648 2.13052552451
9.2300 0.038648 2.13283628972
9.2400 0.038648 2.13514705493
9.2500 0.038648 2.13745782014
9.2600 0.038648 2.13976858535
9.2700 0.038648 2.14207935056
9.2800 0.038648 2.14439011578
9.2900 0.038647 2.14670088099
9.3000 0.038647 2.1490116462
9.3100 0.038647 2.15132241141
9.3200 0.038647 2.15363317662
9.3300 0.038647 2.15594394183
9.3400 0.038647 2.15825470704
9.3500 0.038647 2.16056547225
9.3600 0.038646 2.16287623746
9.3700 0.038646 2.16518700267
9.3800 0.038646 2.16749776789
9.3900 0.038646 2.1698085331
9.4000 0.038646 2.17211929831
9.4100 0.038646 2.17443006352
9.4200 0.038646 2.17674082873
9.4300 0.038645 2.17905159394
9.4400 0.038645 2.18136235915
9.4500 0.038645 2.18367312436
9.4600 0.038645 2.18598388957
9.4700 0.038645 2.18829465478
9.4800 0.038645 2.19060541999
9.4900 0.038645 2.19291618521
9.5000 0.038644 2.19522695042
9.5100 0.038644 2.19753771563
9.5200 0.038644 2.19984848084
9.5300 0.038644 2.20215924605
9.5400 0.038644 2.20447001126
9.5500 0.038644 2.20678077647
9.5600 0.038643 2.20909154168
9.5700 0.038643 2.21140230689
9.5800 0.038643 2.2137130721
9.5900 0.038643 2.21602383732
9.6000 0.038643 2.21833460253
9.6100 0.038643 2.22064536774
9.6200 0.038643 2.22295613295
9.6300 0.038642 2.22526689816
9.6400 0.038642 2.22757766337
9.6500 0.038642 2.22988842858
9.6600 0.038642 2.23219919379
9.6700 0.038642 2.234509959
9.6800 0.038642 2.23682072421
9.6900 0.038642 2.23913148943
9.7000 0.038641 2.24144225464
9.7100 0.038641 2.24375301985
9.7200 0.038641 2.24606378506
9.7300 0.038641 2.24837455027
9.7400 0.038641 2.25068531548
9.7500 0.038641 2.25299608069
9.7600 0.038641 2.2553068459
9.7700 0.038640 2.25761761111
9.7800 0.038640 2.25992837632
9.7900 0.038640 2.26223914153
9.8000 0.038640 2.26454990675
9.8100 0.038640 2.26686067196
9.8200 0.038640 2.26917143717
9.8300 0.038640 2.27148220238
9.8400 0.038639 2.27379296759
9.8500 0.038639 2.2761037328
9.8600 0.038639 2.27841449801
9.8700 0.038639 2.28072526322
9.8800 0.038639 2.28303602843
9.8900 0.038639 2.28534679364
9.9000 0.038638 2.28765755886
9.9100 0.038638 2.28996832407
9.9200 0.038638 2.29227908928
9.9300 0.038638 2.29458985449
9.9400 0.038638 2.2969006197
9.9500 0.038638 2.29921138491
9.9600 0.038638 2.30152215012
9.9700 0.038637 2.30383291533
9.9800 0.038637 2.30614368054
9.9900 0.038637 2.30845444575
10.000 0.038637 2.31076521097
10.100 0.038636 2.33387286307
10.110 0.038635 2.33618362829
10.120 0.038635 2.3384943935
10.130 0.038635 2.34080515871
10.140 0.038635 2.34311592392
10.150 0.038635 2.34542668913
10.160 0.038635 2.34773745434
10.170 0.038635 2.35004821955
10.180 0.038634 2.35235898476
10.190 0.038634 2.35466974997
10.200 0.038634 2.35698051518
10.210 0.038634 2.3592912804
10.220 0.038634 2.36160204561
10.230 0.038634 2.36391281082
10.240 0.038633 2.36622357603
10.250 0.038633 2.36853434124
10.260 0.038633 2.37084510645
10.270 0.038633 2.37315587166
10.280 0.038633 2.37546663687
10.290 0.038633 2.37777740208
10.300 0.038633 2.38008816729
10.310 0.038632 2.38239893251
10.320 0.038632 2.38470969772
10.330 0.038632 2.38702046293
10.340 0.038632 2.38933122814
10.350 0.038632 2.39164199335
10.360 0.038632 2.39395275856
10.370 0.038632 2.39626352377
10.380 0.038631 2.39857428898
10.390 0.038631 2.40088505419
10.400 0.038631 2.4031958194
10.410 0.038631 2.40550658461
10.420 0.038631 2.40781734983
10.430 0.038631 2.41012811504
10.440 0.038631 2.41243888025
10.450 0.038630 2.41474964546
10.460 0.038630 2.41706041067
10.470 0.038630 2.41937117588
10.480 0.038630 2.42168194109
10.490 0.038630 2.4239927063
10.500 0.038630 2.42630347151
10.510 0.038630 2.42861423672
10.520 0.038629 2.43092500194
10.530 0.038629 2.43323576715
10.540 0.038629 2.43554653236
10.550 0.038629 2.43785729757
10.560 0.038629 2.44016806278
10.570 0.038629 2.44247882799
10.580 0.038628 2.4447895932
10.590 0.038628 2.44710035841
10.600 0.038628 2.44941112362
10.610 0.038628 2.45172188883
10.620 0.038628 2.45403265404
10.630 0.038628 2.45634341926
10.640 0.038628 2.45865418447
10.650 0.038627 2.46096494968
10.660 0.038627 2.46327571489
10.670 0.038627 2.4655864801
10.680 0.038627 2.46789724531
10.690 0.038627 2.47020801052
10.700 0.038627 2.47251877573
10.710 0.038627 2.47482954094
10.720 0.038626 2.47714030615
10.730 0.038626 2.47945107137
10.740 0.038626 2.48176183658
10.750 0.038626 2.48407260179
10.760 0.038626 2.486383367
10.770 0.038626 2.48869413221
10.780 0.038626 2.49100489742
10.790 0.038625 2.49331566263
10.800 0.038625 2.49562642784
10.810 0.038625 2.49793719305
10.820 0.038625 2.50024795826
10.830 0.038625 2.50255872348
10.840 0.038625 2.50486948869
10.850 0.038625 2.5071802539
10.860 0.038624 2.50949101911
10.870 0.038624 2.51180178432
10.880 0.038624 2.51411254953
10.890 0.038624 2.51642331474
10.900 0.038624 2.51873407995
10.910 0.038624 2.52104484516
10.920 0.038624 2.52335561037
10.930 0.038623 2.52566637558
10.940 0.038623 2.5279771408
10.950 0.038623 2.53028790601
10.960 0.038623 2.53259867122
10.970 0.038623 2.53490943643
10.980 0.038623 2.53722020164
10.990 0.038622 2.53953096685
11.000 0.038622 2.54184173206
11.010 0.038622 2.54415249727
11.020 0.038622 2.54646326248
11.030 0.038622 2.54877402769
11.040 0.038622 2.55108479291
11.050 0.038622 2.55339555812
11.060 0.038621 2.55570632333
11.070 0.038621 2.55801708854
11.080 0.038621 2.56032785375
11.090 0.038621 2.56263861896
11.100 0.038621 2.56494938417
11.110 0.038621 2.56726014938
11.120 0.038621 2.56957091459
11.130 0.038620 2.5718816798
11.140 0.038620 2.57419244502
11.150 0.038620 2.57650321023
11.160 0.038620 2.57881397544
11.170 0.038620 2.58112474065
11.180 0.038620 2.58343550586
11.190 0.038620 2.58574627107
11.200 0.038619 2.58805703628
11.210 0.038619 2.59036780149
11.220 0.038619 2.5926785667
11.230 0.038619 2.59498933191
11.240 0.038619 2.59730009712
11.250 0.038619 2.59961086234
11.260 0.038619 2.60192162755
11.270 0.038618 2.60423239276
11.280 0.038618 2.60654315797
11.290 0.038618 2.60885392318
11.300 0.038618 2.61116468839
11.310 0.038618 2.6134754536
11.320 0.038618 2.61578621881
11.330 0.038618 2.61809698402
11.340 0.038617 2.62040774923
11.350 0.038617 2.62271851445
11.360 0.038617 2.62502927966
11.370 0.038617 2.62734004487
11.380 0.038617 2.62965081008
11.390 0.038617 2.63196157529
11.400 0.038616 2.6342723405
11.410 0.038616 2.63658310571
11.420 0.038616 2.63889387092
11.430 0.038616 2.64120463613
11.440 0.038616 2.64351540134
11.450 0.038616 2.64582616656
11.460 0.038616 2.64813693177
11.470 0.038615 2.65044769698
11.480 0.038615 2.65275846219
11.490 0.038615 2.6550692274
11.500 0.038615 2.65737999261
11.510 0.038615 2.65969075782
11.520 0.038615 2.66200152303
11.530 0.038615 2.66431228824
11.540 0.038614 2.66662305345
11.550 0.038614 2.66893381866
11.560 0.038614 2.67124458388
11.570 0.038614 2.67355534909
11.580 0.038614 2.6758661143
11.590 0.038614 2.67817687951
11.600 0.038614 2.68048764472
11.610 0.038613 2.68279840993
11.620 0.038613 2.68510917514
11.630 0.038613 2.68741994035
11.640 0.038613 2.68973070556
11.650 0.038613 2.69204147077
11.660 0.038613 2.69435223599
11.670 0.038613 2.6966630012
11.680 0.038612 2.69897376641
11.690 0.038612 2.70128453162
11.700 0.038612 2.70359529683
11.710 0.038612 2.70590606204
11.720 0.038612 2.70821682725
11.730 0.038612 2.71052759246
11.740 0.038612 2.71283835767
11.750 0.038611 2.71514912288
11.760 0.038611 2.71745988809
11.770 0.038611 2.71977065331
11.780 0.038611 2.72208141852
11.790 0.038611 2.72439218373
11.800 0.038611 2.72670294894
11.810 0.038610 2.72901371415
11.820 0.038610 2.73132447936
11.830 0.038610 2.73363524457
11.840 0.038610 2.73594600978
11.850 0.038610 2.73825677499
11.860 0.038610 2.7405675402
11.870 0.038610 2.74287830542
11.880 0.038609 2.74518907063
11.890 0.038609 2.74749983584
11.900 0.038609 2.74981060105
11.910 0.038609 2.75212136626
11.920 0.038609 2.75443213147
11.930 0.038609 2.75674289668
11.940 0.038609 2.75905366189
11.950 0.038608 2.7613644271
11.960 0.038608 2.76367519231
11.970 0.038608 2.76598595753
11.980 0.038608 2.76829672274
11.990 0.038608 2.77060748795
12.000 0.038608 2.77291825316
12.010 0.038608 2.77522901837
12.020 0.038607 2.77753978358
12.030 0.038607 2.77985054879
12.040 0.038607 2.782161314
12.050 0.038607 2.78447207921
12.060 0.038607 2.78678284442
12.070 0.038607 2.78909360963
12.080 0.038607 2.79140437485
12.090 0.038606 2.79371514006
12.100 0.038606 2.79602590527
12.110 0.038606 2.79833667048
12.120 0.038606 2.80064743569
12.130 0.038606 2.8029582009
12.140 0.038606 2.80526896611
12.150 0.038606 2.80757973132
12.160 0.038605 2.80989049653
12.170 0.038605 2.81220126174
12.180 0.038605 2.81451202696
12.190 0.038605 2.81682279217
12.200 0.038605 2.81913355738
12.210 0.038605 2.82144432259
12.220 0.038605 2.8237550878
12.230 0.038604 2.82606585301
12.240 0.038604 2.82837661822
12.250 0.038604 2.83068738343
12.260 0.038604 2.83299814864
12.270 0.038604 2.83530891385
12.280 0.038604 2.83761967907
12.290 0.038603 2.83993044428
12.300 0.038603 2.84224120949
12.310 0.038603 2.8445519747
12.320 0.038603 2.84686273991
12.330 0.038603 2.84917350512
12.340 0.038603 2.85148427033
12.350 0.038603 2.85379503554
12.360 0.038602 2.85610580075
12.370 0.038602 2.85841656596
12.380 0.038602 2.86072733117
12.390 0.038602 2.86303809639
12.400 0.038602 2.8653488616
12.410 0.038602 2.86765962681
12.420 0.038602 2.86997039202
12.430 0.038601 2.87228115723
12.440 0.038601 2.87459192244
12.450 0.038601 2.87690268765
12.460 0.038601 2.87921345286
12.470 0.038601 2.88152421807
12.480 0.038601 2.88383498328
12.490 0.038601 2.8861457485
12.500 0.038600 2.88845651371
12.510 0.038600 2.89076727892
12.520 0.038600 2.89307804413
12.530 0.038600 2.89538880934
12.540 0.038600 2.89769957455
12.550 0.038600 2.90001033976
12.560 0.038600 2.90232110497
12.570 0.038599 2.90463187018
12.580 0.038599 2.90694263539
12.590 0.038599 2.90925340061
12.600 0.038599 2.91156416582
12.610 0.038599 2.91387493103
12.620 0.038599 2.91618569624
12.630 0.038599 2.91849646145
12.640 0.038598 2.92080722666
12.650 0.038598 2.92311799187
12.660 0.038598 2.92542875708
12.670 0.038598 2.92773952229
12.680 0.038598 2.9300502875
12.690 0.038598 2.93236105271
12.700 0.038598 2.93467181793
12.710 0.038597 2.93698258314
12.720 0.038597 2.93929334835
12.730 0.038597 2.94160411356
12.740 0.038597 2.94391487877
12.750 0.038597 2.94622564398
12.760 0.038597 2.94853640919
12.770 0.038597 2.9508471744
12.780 0.038596 2.95315793961
12.790 0.038596 2.95546870482
12.800 0.038596 2.95777947004
12.810 0.038596 2.96009023525
12.820 0.038596 2.96240100046
12.830 0.038596 2.96471176567
12.840 0.038595 2.96702253088
12.850 0.038595 2.96933329609
12.860 0.038595 2.9716440613
12.870 0.038595 2.97395482651
12.880 0.038595 2.97626559172
12.890 0.038595 2.97857635693
12.900 0.038595 2.98088712215
12.910 0.038594 2.98319788736
12.920 0.038594 2.98550865257
12.930 0.038594 2.98781941778
12.940 0.038594 2.99013018299
12.950 0.038594 2.9924409482
12.960 0.038594 2.99475171341
12.970 0.038594 2.99706247862
12.980 0.038593 2.99937324383
12.990 0.038593 3.00168400904
13.000 0.038593 3.00399477425
13.010 0.038593 3.00630553947
13.020 0.038593 3.00861630468
13.030 0.038593 3.01092706989
13.040 0.038593 3.0132378351
13.050 0.038592 3.01554860031
13.060 0.038592 3.01785936552
13.070 0.038592 3.02017013073
13.080 0.038592 3.02248089594
13.090 0.038592 3.02479166115
13.100 0.038592 3.02710242636
13.110 0.038592 3.02941319158
13.120 0.038591 3.03172395679
13.130 0.038591 3.034034722
13.140 0.038591 3.03634548721
13.150 0.038591 3.03865625242
13.160 0.038591 3.04096701763
13.170 0.038591 3.04327778284
13.180 0.038591 3.04558854805
13.190 0.038590 3.04789931326
13.200 0.038590 3.05021007847
13.210 0.038590 3.05252084368
13.220 0.038590 3.0548316089
13.230 0.038590 3.05714237411
13.240 0.038590 3.05945313932
13.250 0.038590 3.06176390453
13.260 0.038589 3.06407466974
13.270 0.038589 3.06638543495
13.280 0.038589 3.06869620016
13.290 0.038589 3.07100696537
13.300 0.038589 3.07331773058
13.310 0.038589 3.07562849579
13.320 0.038589 3.07793926101
13.330 0.038588 3.08025002622
13.340 0.038588 3.08256079143
13.350 0.038588 3.08487155664
13.360 0.038588 3.08718232185
13.370 0.038588 3.08949308706
13.380 0.038588 3.09180385227
13.390 0.038588 3.09411461748
13.400 0.038587 3.09642538269
13.410 0.038587 3.0987361479
13.420 0.038587 3.10104691312
13.430 0.038587 3.10335767833
13.440 0.038587 3.10566844354
13.450 0.038587 3.10797920875
13.460 0.038587 3.11028997396
13.470 0.038586 3.11260073917
13.480 0.038586 3.11491150438
13.490 0.038586 3.11722226959
13.500 0.038586 3.1195330348
13.510 0.038586 3.12184380001
13.520 0.038586 3.12415456522
13.530 0.038585 3.12646533044
13.540 0.038585 3.12877609565
13.550 0.038585 3.13108686086
13.560 0.038585 3.13339762607
13.570 0.038585 3.13570839128
13.580 0.038585 3.13801915649
13.590 0.038585 3.1403299217
13.600 0.038584 3.14264068691
13.610 0.038584 3.14495145212
13.620 0.038584 3.14726221733
13.630 0.038584 3.14957298255
13.640 0.038584 3.15188374776
13.650 0.038584 3.15419451297
13.660 0.038584 3.15650527818
13.670 0.038583 3.15881604339
13.680 0.038583 3.1611268086
13.690 0.038583 3.16343757381
13.700 0.038583 3.16574833902
13.710 0.038583 3.16805910423
13.720 0.038583 3.17036986944
13.730 0.038583 3.17268063466
13.740 0.038582 3.17499139987
13.750 0.038582 3.17730216508
13.760 0.038582 3.17961293029
13.770 0.038582 3.1819236955
13.780 0.038582 3.18423446071
13.790 0.038582 3.18654522592
13.800 0.038582 3.18885599113
13.810 0.038581 3.19116675634
13.820 0.038581 3.19347752155
13.830 0.038581 3.19578828676
13.840 0.038581 3.19809905198
13.850 0.038581 3.20040981719
13.860 0.038581 3.2027205824
13.870 0.038581 3.20503134761
13.880 0.038580 3.20734211282
13.890 0.038580 3.20965287803
13.900 0.038580 3.21196364324
13.910 0.038580 3.21427440845
13.920 0.038580 3.21658517366
13.930 0.038580 3.21889593887
13.940 0.038580 3.22120670409
13.950 0.038579 3.2235174693
13.960 0.038579 3.22582823451
13.970 0.038579 3.22813899972
13.980 0.038579 3.23044976493
13.990 0.038579 3.23276053014
14.000 0.038579 3.23507129535
14.010 0.038579 3.23738206056
14.020 0.038578 3.23969282577
14.030 0.038578 3.24200359098
14.040 0.038578 3.2443143562
14.050 0.038578 3.24662512141
14.060 0.038578 3.24893588662
14.070 0.038578 3.25124665183
14.080 0.038578 3.25355741704
14.090 0.038577 3.25586818225
14.100 0.038577 3.25817894746
14.110 0.038577 3.26048971267
14.120 0.038577 3.26280047788
14.130 0.038577 3.26511124309
14.140 0.038577 3.2674220083
14.150 0.038577 3.26973277352
14.160 0.038576 3.27204353873
14.170 0.038576 3.27435430394
14.180 0.038576 3.27666506915
14.190 0.038576 3.27897583436
14.200 0.038576 3.28128659957
14.210 0.038576 3.28359736478
14.220 0.038576 3.28590812999
14.230 0.038575 3.2882188952
14.240 0.038575 3.29052966041
14.250 0.038575 3.29284042563
14.260 0.038575 3.29515119084
14.270 0.038575 3.29746195605
14.280 0.038575 3.29977272126
14.290 0.038574 3.30208348647
14.300 0.038574 3.30439425168
14.310 0.038574 3.30670501689
14.320 0.038574 3.3090157821
14.330 0.038574 3.31132654731
14.340 0.038574 3.31363731252
14.350 0.038574 3.31594807773
14.360 0.038573 3.31825884295
14.370 0.038573 3.32056960816
14.380 0.038573 3.32288037337
14.390 0.038573 3.32519113858
14.400 0.038573 3.32750190379
14.410 0.038573 3.329812669
14.420 0.038573 3.33212343421
14.430 0.038572 3.33443419942
14.440 0.038572 3.33674496463
14.450 0.038572 3.33905572984
14.460 0.038572 3.34136649506
14.470 0.038572 3.34367726027
14.480 0.038572 3.34598802548
14.490 0.038572 3.34829879069
14.500 0.038571 3.3506095559
14.510 0.038571 3.35292032111
14.520 0.038571 3.35523108632
14.530 0.038571 3.35754185153
14.540 0.038571 3.35985261674
14.550 0.038571 3.36216338195
14.560 0.038571 3.36447414717
14.570 0.038570 3.36678491238
14.580 0.038570 3.36909567759
14.590 0.038570 3.3714064428
14.600 0.038570 3.37371720801
14.610 0.038570 3.37602797322
14.620 0.038570 3.37833873843
14.630 0.038570 3.38064950364
14.640 0.038569 3.38296026885
14.650 0.038569 3.38527103406
14.660 0.038569 3.38758179927
14.670 0.038569 3.38989256449
14.680 0.038569 3.3922033297
14.690 0.038569 3.39451409491
14.700 0.038569 3.39682486012
14.710 0.038568 3.39913562533
14.720 0.038568 3.40144639054
14.730 0.038568 3.40375715575
14.740 0.038568 3.40606792096
14.750 0.038568 3.40837868617
14.760 0.038568 3.41068945138
14.770 0.038568 3.4130002166
14.780 0.038567 3.41531098181
14.790 0.038567 3.41762174702
14.800 0.038567 3.41993251223
14.810 0.038567 3.42224327744
14.820 0.038567 3.42455404265
14.830 0.038567 3.42686480786
14.840 0.038567 3.42917557307
14.850 0.038566 3.43148633828
14.860 0.038566 3.43379710349
14.870 0.038566 3.43610786871
14.880 0.038566 3.43841863392
14.890 0.038566 3.44072939913
14.900 0.038566 3.44304016434
14.910 0.038566 3.44535092955
14.920 0.038565 3.44766169476
14.930 0.038565 3.44997245997
14.940 0.038565 3.45228322518
14.950 0.038565 3.45459399039
14.960 0.038565 3.4569047556
14.970 0.038565 3.45921552081
14.980 0.038565 3.46152628603
14.990 0.038564 3.46383705124
15.000 0.038564 3.46614781645
15.100 0.038563 3.48925546856
15.110 0.038563 3.49156623377
15.120 0.038563 3.49387699898
15.130 0.038562 3.49618776419
15.140 0.038562 3.4984985294
15.150 0.038562 3.50080929461
15.160 0.038562 3.50312005982
15.170 0.038562 3.50543082503
15.180 0.038562 3.50774159025
15.190 0.038562 3.51005235546
15.200 0.038561 3.51236312067
15.210 0.038561 3.51467388588
15.220 0.038561 3.51698465109
15.230 0.038561 3.5192954163
15.240 0.038561 3.52160618151
15.250 0.038561 3.52391694672
15.260 0.038561 3.52622771193
15.270 0.038560 3.52853847714
15.280 0.038560 3.53084924235
15.290 0.038560 3.53316000757
15.300 0.038560 3.53547077278
15.310 0.038560 3.53778153799
15.320 0.038560 3.5400923032
15.330 0.038560 3.54240306841
15.340 0.038559 3.54471383362
15.350 0.038559 3.54702459883
15.360 0.038559 3.54933536404
15.370 0.038559 3.55164612925
15.380 0.038559 3.55395689446
15.390 0.038559 3.55626765968
15.400 0.038558 3.55857842489
15.410 0.038558 3.5608891901
15.420 0.038558 3.56319995531
15.430 0.038558 3.56551072052
15.440 0.038558 3.56782148573
15.450 0.038558 3.57013225094
15.460 0.038558 3.57244301615
15.470 0.038557 3.57475378136
15.480 0.038557 3.57706454657
15.490 0.038557 3.57937531178
15.500 0.038557 3.581686077
15.510 0.038557 3.58399684221
15.520 0.038557 3.58630760742
15.530 0.038557 3.58861837263
15.540 0.038556 3.59092913784
15.550 0.038556 3.59323990305
15.560 0.038556 3.59555066826
15.570 0.038556 3.59786143347
15.580 0.038556 3.60017219868
15.590 0.038556 3.60248296389
15.600 0.038556 3.60479372911
15.610 0.038555 3.60710449432
15.620 0.038555 3.60941525953
15.630 0.038555 3.61172602474
15.640 0.038555 3.61403678995
15.650 0.038555 3.61634755516
15.660 0.038555 3.61865832037
15.670 0.038555 3.62096908558
15.680 0.038554 3.62327985079
15.690 0.038554 3.625590616
15.700 0.038554 3.62790138122
15.710 0.038554 3.63021214643
15.720 0.038554 3.63252291164
15.730 0.038554 3.63483367685
15.740 0.038554 3.63714444206
15.750 0.038553 3.63945520727
15.760 0.038553 3.64176597248
15.770 0.038553 3.64407673769
15.780 0.038553 3.6463875029
15.790 0.038553 3.64869826811
15.800 0.038553 3.65100903332
15.810 0.038553 3.65331979854
15.820 0.038552 3.65563056375
15.830 0.038552 3.65794132896
15.840 0.038552 3.66025209417
15.850 0.038552 3.66256285938
15.860 0.038552 3.66487362459
15.870 0.038552 3.6671843898
15.880 0.038552 3.66949515501
15.890 0.038551 3.67180592022
15.900 0.038551 3.67411668543
15.910 0.038551 3.67642745065
15.920 0.038551 3.67873821586
15.930 0.038551 3.68104898107
15.940 0.038551 3.68335974628
15.950 0.038551 3.68567051149
15.960 0.038550 3.6879812767
15.970 0.038550 3.69029204191
15.980 0.038550 3.69260280712
15.990 0.038550 3.69491357233
16.000 0.038550 3.69722433754
16.010 0.038550 3.69953510276
16.020 0.038550 3.70184586797
16.030 0.038549 3.70415663318
16.040 0.038549 3.70646739839
16.050 0.038549 3.7087781636
16.060 0.038549 3.71108892881
16.070 0.038549 3.71339969402
16.080 0.038549 3.71571045923
16.090 0.038549 3.71802122444
16.100 0.038548 3.72033198965
16.110 0.038548 3.72264275486
16.120 0.038548 3.72495352008
16.130 0.038548 3.72726428529
16.140 0.038548 3.7295750505
16.150 0.038548 3.73188581571
16.160 0.038548 3.73419658092
16.170 0.038547 3.73650734613
16.180 0.038547 3.73881811134
16.190 0.038547 3.74112887655
16.200 0.038547 3.74343964176
16.210 0.038547 3.74575040697
16.220 0.038547 3.74806117219
16.230 0.038547 3.7503719374
16.240 0.038546 3.75268270261
16.250 0.038546 3.75499346782
16.260 0.038546 3.75730423303
16.270 0.038546 3.75961499824
16.280 0.038546 3.76192576345
16.290 0.038546 3.76423652866
16.300 0.038546 3.76654729387
16.310 0.038545 3.76885805908
16.320 0.038545 3.7711688243
16.330 0.038545 3.77347958951
16.340 0.038545 3.77579035472
16.350 0.038545 3.77810111993
16.360 0.038545 3.78041188514
16.370 0.038545 3.78272265035
16.380 0.038544 3.78503341556
16.390 0.038544 3.78734418077
16.400 0.038544 3.78965494598
16.410 0.038544 3.79196571119
16.420 0.038544 3.7942764764
16.430 0.038544 3.79658724162
16.440 0.038544 3.79889800683
16.450 0.038543 3.80120877204
16.460 0.038543 3.80351953725
16.470 0.038543 3.80583030246
16.480 0.038543 3.80814106767
16.490 0.038543 3.81045183288
16.500 0.038543 3.81276259809
16.510 0.038543 3.8150733633
16.520 0.038542 3.81738412851
16.530 0.038542 3.81969489373
16.540 0.038542 3.82200565894
16.550 0.038542 3.82431642415
16.560 0.038542 3.82662718936
16.570 0.038542 3.82893795457
16.580 0.038542 3.83124871978
16.590 0.038541 3.83355948499
16.600 0.038541 3.8358702502
16.610 0.038541 3.83818101541
16.620 0.038541 3.84049178062
16.630 0.038541 3.84280254584
16.640 0.038541 3.84511331105
16.650 0.038541 3.84742407626
16.660 0.038540 3.84973484147
16.670 0.038540 3.85204560668
16.680 0.038540 3.85435637189
16.690 0.038540 3.8566671371
16.700 0.038540 3.85897790231
16.710 0.038540 3.86128866752
16.720 0.038540 3.86359943273
16.730 0.038539 3.86591019794
16.740 0.038539 3.86822096316
16.750 0.038539 3.87053172837
16.760 0.038539 3.87284249358
16.770 0.038539 3.87515325879
16.780 0.038539 3.877464024
16.790 0.038539 3.87977478921
16.800 0.038538 3.88208555442
16.810 0.038538 3.88439631963
16.820 0.038538 3.88670708484
16.830 0.038538 3.88901785005
16.840 0.038538 3.89132861527
16.850 0.038538 3.89363938048
16.860 0.038538 3.89595014569
16.870 0.038537 3.8982609109
16.880 0.038537 3.90057167611
16.890 0.038537 3.90288244132
16.900 0.038537 3.90519320653
16.910 0.038537 3.90750397174
16.920 0.038537 3.90981473695
16.930 0.038537 3.91212550216
16.940 0.038536 3.91443626737
16.950 0.038536 3.91674703259
16.960 0.038536 3.9190577978
16.970 0.038536 3.92136856301
16.980 0.038536 3.92367932822
16.990 0.038536 3.92599009343
17.000 0.038536 3.92830085864
17.010 0.038535 3.93061162385
17.020 0.038535 3.93292238906
17.030 0.038535 3.93523315427
17.040 0.038535 3.93754391948
17.050 0.038535 3.9398546847
17.060 0.038535 3.94216544991
17.070 0.038535 3.94447621512
17.080 0.038534 3.94678698033
17.090 0.038534 3.94909774554
17.100 0.038534 3.95140851075
17.110 0.038534 3.95371927596
17.120 0.038534 3.95603004117
17.130 0.038534 3.95834080638
17.140 0.038534 3.96065157159
17.150 0.038533 3.96296233681
17.160 0.038533 3.96527310202
17.170 0.038533 3.96758386723
17.180 0.038533 3.96989463244
17.190 0.038533 3.97220539765
17.200 0.038533 3.97451616286
17.210 0.038533 3.97682692807
17.220 0.038532 3.97913769328
17.230 0.038532 3.98144845849
17.240 0.038532 3.9837592237
17.250 0.038532 3.98606998891
17.260 0.038532 3.98838075413
17.270 0.038532 3.99069151934
17.280 0.038532 3.99300228455
17.290 0.038531 3.99531304976
17.300 0.038531 3.99762381497
17.310 0.038531 3.99993458018
17.320 0.038531 4.00224534539
17.330 0.038531 4.0045561106
17.340 0.038531 4.00686687581
17.350 0.038531 4.00917764102
17.360 0.038530 4.01148840624
17.370 0.038530 4.01379917145
17.380 0.038530 4.01610993666
17.390 0.038530 4.01842070187
17.400 0.038530 4.02073146708
17.410 0.038530 4.02304223229
17.420 0.038530 4.0253529975
17.430 0.038529 4.02766376271
17.440 0.038529 4.02997452792
17.450 0.038529 4.03228529313
17.460 0.038529 4.03459605835
17.470 0.038529 4.03690682356
17.480 0.038529 4.03921758877
17.490 0.038529 4.04152835398
17.500 0.038528 4.04383911919
17.510 0.038528 4.0461498844
17.520 0.038528 4.04846064961
17.530 0.038528 4.05077141482
17.540 0.038528 4.05308218003
17.550 0.038528 4.05539294524
17.560 0.038528 4.05770371045
17.570 0.038527 4.06001447567
17.580 0.038527 4.06232524088
17.590 0.038527 4.06463600609
17.600 0.038527 4.0669467713
17.610 0.038527 4.06925753651
17.620 0.038527 4.07156830172
17.630 0.038527 4.07387906693
17.640 0.038526 4.07618983214
17.650 0.038526 4.07850059735
17.660 0.038526 4.08081136256
17.670 0.038526 4.08312212778
17.680 0.038526 4.08543289299
17.690 0.038526 4.0877436582
17.700 0.038526 4.09005442341
17.710 0.038525 4.09236518862
17.720 0.038525 4.09467595383
17.730 0.038525 4.09698671904
17.740 0.038525 4.09929748425
17.750 0.038525 4.10160824946
17.760 0.038525 4.10391901467
17.770 0.038525 4.10622977989
17.780 0.038524 4.1085405451
17.790 0.038524 4.11085131031
17.800 0.038524 4.11316207552
17.810 0.038524 4.11547284073
17.820 0.038524 4.11778360594
17.830 0.038524 4.12009437115
17.840 0.038524 4.12240513636
17.850 0.038523 4.12471590157
17.860 0.038523 4.12702666678
17.870 0.038523 4.12933743199
17.880 0.038523 4.13164819721
17.890 0.038523 4.13395896242
17.900 0.038523 4.13626972763
17.910 0.038523 4.13858049284
17.920 0.038522 4.14089125805
17.930 0.038522 4.14320202326
17.940 0.038522 4.14551278847
17.950 0.038522 4.14782355368
17.960 0.038522 4.15013431889
17.970 0.038522 4.1524450841
17.980 0.038522 4.15475584932
17.990 0.038521 4.15706661453
18.000 0.038521 4.15937737974
18.010 0.038521 4.16168814495
18.020 0.038521 4.16399891016
18.030 0.038521 4.16630967537
18.040 0.038521 4.16862044058
18.050 0.038521 4.17093120579
18.060 0.038520 4.173241971
18.070 0.038520 4.17555273621
18.080 0.038520 4.17786350142
18.090 0.038520 4.18017426664
18.100 0.038520 4.18248503185
18.110 0.038520 4.18479579706
18.120 0.038520 4.18710656227
18.130 0.038519 4.18941732748
18.140 0.038519 4.19172809269
18.150 0.038519 4.1940388579
18.160 0.038519 4.19634962311
18.170 0.038519 4.19866038832
18.180 0.038519 4.20097115353
18.190 0.038519 4.20328191875
18.200 0.038518 4.20559268396
18.210 0.038518 4.20790344917
18.220 0.038518 4.21021421438
18.230 0.038518 4.21252497959
18.240 0.038518 4.2148357448
18.250 0.038518 4.21714651001
18.260 0.038518 4.21945727522
18.270 0.038517 4.22176804043
18.280 0.038517 4.22407880564
18.290 0.038517 4.22638957086
18.300 0.038517 4.22870033607
18.310 0.038517 4.23101110128
18.320 0.038517 4.23332186649
18.330 0.038517 4.2356326317
18.340 0.038516 4.23794339691
18.350 0.038516 4.24025416212
18.360 0.038516 4.24256492733
18.370 0.038516 4.24487569254
18.380 0.038516 4.24718645775
18.390 0.038516 4.24949722296
18.400 0.038516 4.25180798818
18.410 0.038515 4.25411875339
18.420 0.038515 4.2564295186
18.430 0.038515 4.25874028381
18.440 0.038515 4.26105104902
18.450 0.038515 4.26336181423
18.460 0.038515 4.26567257944
18.470 0.038515 4.26798334465
18.480 0.038514 4.27029410986
18.490 0.038514 4.27260487507
18.500 0.038514 4.27491564029
18.510 0.038514 4.2772264055
18.520 0.038514 4.27953717071
18.530 0.038514 4.28184793592
18.540 0.038514 4.28415870113
18.550 0.038513 4.28646946634
18.560 0.038513 4.28878023155
18.570 0.038513 4.29109099676
18.580 0.038513 4.29340176197
18.590 0.038513 4.29571252718
18.600 0.038513 4.2980232924
18.610 0.038513 4.30033405761
18.620 0.038513 4.30264482282
18.630 0.038512 4.30495558803
18.640 0.038512 4.30726635324
18.650 0.038512 4.30957711845
18.660 0.038512 4.31188788366
18.670 0.038512 4.31419864887
18.680 0.038512 4.31650941408
18.690 0.038512 4.31882017929
18.700 0.038511 4.3211309445
18.710 0.038511 4.32344170972
18.720 0.038511 4.32575247493
18.730 0.038511 4.32806324014
18.740 0.038511 4.33037400535
18.750 0.038511 4.33268477056
18.760 0.038511 4.33499553577
18.770 0.038510 4.33730630098
18.780 0.038510 4.33961706619
18.790 0.038510 4.3419278314
18.800 0.038510 4.34423859661
18.810 0.038510 4.34654936183
18.820 0.038510 4.34886012704
18.830 0.038510 4.35117089225
18.840 0.038509 4.35348165746
18.850 0.038509 4.35579242267
18.860 0.038509 4.35810318788
18.870 0.038509 4.36041395309
18.880 0.038509 4.3627247183
18.890 0.038509 4.36503548351
18.900 0.038509 4.36734624872
18.910 0.038508 4.36965701394
18.920 0.038508 4.37196777915
18.930 0.038508 4.37427854436
18.940 0.038508 4.37658930957
18.950 0.038508 4.37890007478
18.960 0.038508 4.38121083999
18.970 0.038508 4.3835216052
18.980 0.038507 4.38583237041
18.990 0.038507 4.38814313562
19.000 0.038507 4.39045390083
19.010 0.038507 4.39276466604
19.020 0.038507 4.39507543126
19.030 0.038507 4.39738619647
19.040 0.038507 4.39969696168
19.050 0.038506 4.40200772689
19.060 0.038506 4.4043184921
19.070 0.038506 4.40662925731
19.080 0.038506 4.40894002252
19.090 0.038506 4.41125078773
19.100 0.038506 4.41356155294
19.110 0.038506 4.41587231815
19.120 0.038505 4.41818308337
19.130 0.038505 4.42049384858
19.140 0.038505 4.42280461379
19.150 0.038505 4.425115379
19.160 0.038505 4.42742614421
19.170 0.038505 4.42973690942
19.180 0.038505 4.43204767463
19.190 0.038504 4.43435843984
19.200 0.038504 4.43666920505
19.210 0.038504 4.43897997026
19.220 0.038504 4.44129073547
19.230 0.038504 4.44360150069
19.240 0.038504 4.4459122659
19.250 0.038504 4.44822303111
19.260 0.038503 4.45053379632
19.270 0.038503 4.45284456153
19.280 0.038503 4.45515532674
19.290 0.038503 4.45746609195
19.300 0.038503 4.45977685716
19.310 0.038503 4.46208762237
19.320 0.038503 4.46439838758
19.330 0.038502 4.4667091528
19.340 0.038502 4.46901991801
19.350 0.038502 4.47133068322
19.360 0.038502 4.47364144843
19.370 0.038502 4.47595221364
19.380 0.038502 4.47826297885
19.390 0.038502 4.48057374406
19.400 0.038501 4.48288450927
19.410 0.038501 4.48519527448
19.420 0.038501 4.48750603969
19.430 0.038501 4.48981680491
19.440 0.038501 4.49212757012
19.450 0.038501 4.49443833533
19.460 0.038501 4.49674910054
19.470 0.038500 4.49905986575
19.480 0.038500 4.50137063096
19.490 0.038500 4.50368139617
19.500 0.038500 4.50599216138
19.510 0.038500 4.50830292659
19.520 0.038500 4.5106136918
19.530 0.038500 4.51292445701
19.540 0.038499 4.51523522223
19.550 0.038499 4.51754598744
19.560 0.038499 4.51985675265
19.570 0.038499 4.52216751786
19.580 0.038499 4.52447828307
19.590 0.038499 4.52678904828
19.600 0.038499 4.52909981349
19.610 0.038498 4.5314105787
19.620 0.038498 4.53372134391
19.630 0.038498 4.53603210912
19.640 0.038498 4.53834287434
19.650 0.038498 4.54065363955
19.660 0.038498 4.54296440476
19.670 0.038498 4.54527516997
19.680 0.038497 4.54758593518
19.690 0.038497 4.54989670039
19.700 0.038497 4.5522074656
19.710 0.038497 4.55451823081
19.720 0.038497 4.55682899602
19.730 0.038497 4.55913976123
19.740 0.038497 4.56145052645
19.750 0.038497 4.56376129166
19.760 0.038496 4.56607205687
19.770 0.038496 4.56838282208
19.780 0.038496 4.57069358729
19.790 0.038496 4.5730043525
19.800 0.038496 4.57531511771
19.810 0.038496 4.57762588292
19.820 0.038496 4.57993664813
19.830 0.038495 4.58224741334
19.840 0.038495 4.58455817855
19.850 0.038495 4.58686894377
19.860 0.038495 4.58917970898
19.870 0.038495 4.59149047419
19.880 0.038495 4.5938012394
19.890 0.038495 4.59611200461
19.900 0.038494 4.59842276982
19.910 0.038494 4.60073353503
19.920 0.038494 4.60304430024
19.930 0.038494 4.60535506545
19.940 0.038494 4.60766583066
19.950 0.038494 4.60997659588
19.960 0.038494 4.61228736109
19.970 0.038493 4.6145981263
19.980 0.038493 4.61690889151
19.990 0.038493 4.61921965672
20.000 0.038493 4.62153042193
20.100 0.038492 4.64463807404
20.110 0.038491 4.64694883925
20.120 0.038491 4.64925960446
20.130 0.038491 4.65157036967
20.140 0.038491 4.65388113488
20.150 0.038491 4.65619190009
20.160 0.038491 4.65850266531
20.170 0.038491 4.66081343052
20.180 0.038490 4.66312419573
20.190 0.038490 4.66543496094
20.200 0.038490 4.66774572615
20.210 0.038490 4.67005649136
20.220 0.038490 4.67236725657
20.230 0.038490 4.67467802178
20.240 0.038490 4.67698878699
20.250 0.038489 4.6792995522
20.260 0.038489 4.68161031742
20.270 0.038489 4.68392108263
20.280 0.038489 4.68623184784
20.290 0.038489 4.68854261305
20.300 0.038489 4.69085337826
20.310 0.038489 4.69316414347
20.320 0.038488 4.69547490868
20.330 0.038488 4.69778567389
20.340 0.038488 4.7000964391
20.350 0.038488 4.70240720431
20.360 0.038488 4.70471796953
20.370 0.038488 4.70702873474
20.380 0.038488 4.70933949995
20.390 0.038487 4.71165026516
20.400 0.038487 4.71396103037
20.410 0.038487 4.71627179558
20.420 0.038487 4.71858256079
20.430 0.038487 4.720893326
20.440 0.038487 4.72320409121
20.450 0.038487 4.72551485642
20.460 0.038486 4.72782562163
20.470 0.038486 4.73013638685
20.480 0.038486 4.73244715206
20.490 0.038486 4.73475791727
20.500 0.038486 4.73706868248
20.510 0.038486 4.73937944769
20.520 0.038486 4.7416902129
20.530 0.038486 4.74400097811
20.540 0.038485 4.74631174332
20.550 0.038485 4.74862250853
20.560 0.038485 4.75093327374
20.570 0.038485 4.75324403896
20.580 0.038485 4.75555480417
20.590 0.038485 4.75786556938
20.600 0.038485 4.76017633459
20.610 0.038484 4.7624870998
20.620 0.038484 4.76479786501
20.630 0.038484 4.76710863022
20.640 0.038484 4.76941939543
20.650 0.038484 4.77173016064
20.660 0.038484 4.77404092585
20.670 0.038484 4.77635169106
20.680 0.038483 4.77866245628
20.690 0.038483 4.78097322149
20.700 0.038483 4.7832839867
20.710 0.038483 4.78559475191
20.720 0.038483 4.78790551712
20.730 0.038483 4.79021628233
20.740 0.038483 4.79252704754
20.750 0.038482 4.79483781275
20.760 0.038482 4.79714857796
20.770 0.038482 4.79945934317
20.780 0.038482 4.80177010839
20.790 0.038482 4.8040808736
20.800 0.038482 4.80639163881
20.810 0.038482 4.80870240402
20.820 0.038481 4.81101316923
20.830 0.038481 4.81332393444
20.840 0.038481 4.81563469965
20.850 0.038481 4.81794546486
20.860 0.038481 4.82025623007
20.870 0.038481 4.82256699528
20.880 0.038481 4.8248777605
20.890 0.038480 4.82718852571
20.900 0.038480 4.82949929092
20.910 0.038480 4.83181005613
20.920 0.038480 4.83412082134
20.930 0.038480 4.83643158655
20.940 0.038480 4.83874235176
20.950 0.038480 4.84105311697
20.960 0.038479 4.84336388218
20.970 0.038479 4.84567464739
20.980 0.038479 4.8479854126
20.990 0.038479 4.85029617782
21.000 0.038479 4.85260694303
21.010 0.038479 4.85491770824
21.020 0.038479 4.85722847345
21.030 0.038478 4.85953923866
21.040 0.038478 4.86185000387
21.050 0.038478 4.86416076908
21.060 0.038478 4.86647153429
21.070 0.038478 4.8687822995
21.080 0.038478 4.87109306471
21.090 0.038478 4.87340382993
21.100 0.038477 4.87571459514
21.110 0.038477 4.87802536035
21.120 0.038477 4.88033612556
21.130 0.038477 4.88264689077
21.140 0.038477 4.88495765598
21.150 0.038477 4.88726842119
21.160 0.038477 4.8895791864
21.170 0.038477 4.89188995161
21.180 0.038476 4.89420071682
21.190 0.038476 4.89651148204
21.200 0.038476 4.89882224725
21.210 0.038476 4.90113301246
21.220 0.038476 4.90344377767
21.230 0.038476 4.90575454288
21.240 0.038476 4.90806530809
21.250 0.038475 4.9103760733
21.260 0.038475 4.91268683851
21.270 0.038475 4.91499760372
21.280 0.038475 4.91730836893
21.290 0.038475 4.91961913414
21.300 0.038475 4.92192989936
21.310 0.038475 4.92424066457
21.320 0.038474 4.92655142978
21.330 0.038474 4.92886219499
21.340 0.038474 4.9311729602
21.350 0.038474 4.93348372541
21.360 0.038474 4.93579449062
21.370 0.038474 4.93810525583
21.380 0.038474 4.94041602104
21.390 0.038473 4.94272678625
21.400 0.038473 4.94503755147
21.410 0.038473 4.94734831668
21.420 0.038473 4.94965908189
21.430 0.038473 4.9519698471
21.440 0.038473 4.95428061231
21.450 0.038473 4.95659137752
21.460 0.038472 4.95890214273
21.470 0.038472 4.96121290794
21.480 0.038472 4.96352367315
21.490 0.038472 4.96583443836
21.500 0.038472 4.96814520358
21.510 0.038472 4.97045596879
21.520 0.038472 4.972766734
21.530 0.038471 4.97507749921
21.540 0.038471 4.97738826442
21.550 0.038471 4.97969902963
21.560 0.038471 4.98200979484
21.570 0.038471 4.98432056005
21.580 0.038471 4.98663132526
21.590 0.038471 4.98894209047
21.600 0.038470 4.99125285568
21.610 0.038470 4.9935636209
21.620 0.038470 4.99587438611
21.630 0.038470 4.99818515132
21.640 0.038470 5.00049591653
21.650 0.038470 5.00280668174
21.660 0.038470 5.00511744695
21.670 0.038469 5.00742821216
21.680 0.038469 5.00973897737
21.690 0.038469 5.01204974258
21.700 0.038469 5.01436050779
21.710 0.038469 5.01667127301
21.720 0.038469 5.01898203822
21.730 0.038469 5.02129280343
21.740 0.038469 5.02360356864
21.750 0.038468 5.02591433385
21.760 0.038468 5.02822509906
21.770 0.038468 5.03053586427
21.780 0.038468 5.03284662948
21.790 0.038468 5.03515739469
21.800 0.038468 5.0374681599
21.810 0.038468 5.03977892511
21.820 0.038467 5.04208969033
21.830 0.038467 5.04440045554
21.840 0.038467 5.04671122075
21.850 0.038467 5.04902198596
21.860 0.038467 5.05133275117
21.870 0.038467 5.05364351638
21.880 0.038467 5.05595428159
21.890 0.038466 5.0582650468
21.900 0.038466 5.06057581201
21.910 0.038466 5.06288657722
21.920 0.038466 5.06519734244
21.930 0.038466 5.06750810765
21.940 0.038466 5.06981887286
21.950 0.038466 5.07212963807
21.960 0.038465 5.07444040328
21.970 0.038465 5.07675116849
21.980 0.038465 5.0790619337
21.990 0.038465 5.08137269891
22.000 0.038465 5.08368346412
22.010 0.038465 5.08599422933
22.020 0.038465 5.08830499455
22.030 0.038464 5.09061575976
22.040 0.038464 5.09292652497
22.050 0.038464 5.09523729018
22.060 0.038464 5.09754805539
22.070 0.038464 5.0998588206
22.080 0.038464 5.10216958581
22.090 0.038464 5.10448035102
22.100 0.038463 5.10679111623
22.110 0.038463 5.10910188144
22.120 0.038463 5.11141264665
22.130 0.038463 5.11372341187
22.140 0.038463 5.11603417708
22.150 0.038463 5.11834494229
22.160 0.038463 5.1206557075
22.170 0.038462 5.12296647271
22.180 0.038462 5.12527723792
22.190 0.038462 5.12758800313
22.200 0.038462 5.12989876834
22.210 0.038462 5.13220953355
22.220 0.038462 5.13452029876
22.230 0.038462 5.13683106398
22.240 0.038462 5.13914182919
22.250 0.038461 5.1414525944
22.260 0.038461 5.14376335961
22.270 0.038461 5.14607412482
22.280 0.038461 5.14838489003
22.290 0.038461 5.15069565524
22.300 0.038461 5.15300642045
22.310 0.038461 5.15531718566
22.320 0.038460 5.15762795087
22.330 0.038460 5.15993871609
22.340 0.038460 5.1622494813
22.350 0.038460 5.16456024651
22.360 0.038460 5.16687101172
22.370 0.038460 5.16918177693
22.380 0.038460 5.17149254214
22.390 0.038459 5.17380330735
22.400 0.038459 5.17611407256
22.410 0.038459 5.17842483777
22.420 0.038459 5.18073560298
22.430 0.038459 5.18304636819
22.440 0.038459 5.18535713341
22.450 0.038459 5.18766789862
22.460 0.038458 5.18997866383
22.470 0.038458 5.19228942904
22.480 0.038458 5.19460019425
22.490 0.038458 5.19691095946
22.500 0.038458 5.19922172467
22.510 0.038458 5.20153248988
22.520 0.038458 5.20384325509
22.530 0.038457 5.2061540203
22.540 0.038457 5.20846478552
22.550 0.038457 5.21077555073
22.560 0.038457 5.21308631594
22.570 0.038457 5.21539708115
22.580 0.038457 5.21770784636
22.590 0.038457 5.22001861157
22.600 0.038456 5.22232937678
22.610 0.038456 5.22464014199
22.620 0.038456 5.2269509072
22.630 0.038456 5.22926167241
22.640 0.038456 5.23157243763
22.650 0.038456 5.23388320284
22.660 0.038456 5.23619396805
22.670 0.038455 5.23850473326
22.680 0.038455 5.24081549847
22.690 0.038455 5.24312626368
22.700 0.038455 5.24543702889
22.710 0.038455 5.2477477941
22.720 0.038455 5.25005855931
22.730 0.038455 5.25236932452
22.740 0.038455 5.25468008973
22.750 0.038454 5.25699085495
22.760 0.038454 5.25930162016
22.770 0.038454 5.26161238537
22.780 0.038454 5.26392315058
22.790 0.038454 5.26623391579
22.800 0.038454 5.268544681
22.810 0.038454 5.27085544621
22.820 0.038453 5.27316621142
22.830 0.038453 5.27547697663
22.840 0.038453 5.27778774184
22.850 0.038453 5.28009850706
22.860 0.038453 5.28240927227
22.870 0.038453 5.28472003748
22.880 0.038453 5.28703080269
22.890 0.038452 5.2893415679
22.900 0.038452 5.29165233311
22.910 0.038452 5.29396309832
22.920 0.038452 5.29627386353
22.930 0.038452 5.29858462874
22.940 0.038452 5.30089539395
22.950 0.038452 5.30320615916
22.960 0.038451 5.30551692438
22.970 0.038451 5.30782768959
22.980 0.038451 5.3101384548
22.990 0.038451 5.31244922001
23.000 0.038451 5.31475998522
23.010 0.038451 5.31707075043
23.020 0.038451 5.31938151564
23.030 0.038450 5.32169228085
23.040 0.038450 5.32400304606
23.050 0.038450 5.32631381127
23.060 0.038450 5.32862457649
23.070 0.038450 5.3309353417
23.080 0.038450 5.33324610691
23.090 0.038450 5.33555687212
23.100 0.038449 5.33786763733
23.110 0.038449 5.34017840254
23.120 0.038449 5.34248916775
23.130 0.038449 5.34479993296
23.140 0.038449 5.34711069817
23.150 0.038449 5.34942146338
23.160 0.038449 5.3517322286
23.170 0.038449 5.35404299381
23.180 0.038448 5.35635375902
23.190 0.038448 5.35866452423
23.200 0.038448 5.36097528944
23.210 0.038448 5.36328605465
23.220 0.038448 5.36559681986
23.230 0.038448 5.36790758507
23.240 0.038448 5.37021835028
23.250 0.038447 5.37252911549
23.260 0.038447 5.3748398807
23.270 0.038447 5.37715064592
23.280 0.038447 5.37946141113
23.290 0.038447 5.38177217634
23.300 0.038447 5.38408294155
23.310 0.038447 5.38639370676
23.320 0.038446 5.38870447197
23.330 0.038446 5.39101523718
23.340 0.038446 5.39332600239
23.350 0.038446 5.3956367676
23.360 0.038446 5.39794753281
23.370 0.038446 5.40025829803
23.380 0.038446 5.40256906324
23.390 0.038445 5.40487982845
23.400 0.038445 5.40719059366
23.410 0.038445 5.40950135887
23.420 0.038445 5.41181212408
23.430 0.038445 5.41412288929
23.440 0.038445 5.4164336545
23.450 0.038445 5.41874441971
23.460 0.038444 5.42105518492
23.470 0.038444 5.42336595014
23.480 0.038444 5.42567671535
23.490 0.038444 5.42798748056
23.500 0.038444 5.43029824577
23.510 0.038444 5.43260901098
23.520 0.038444 5.43491977619
23.530 0.038444 5.4372305414
23.540 0.038443 5.43954130661
23.550 0.038443 5.44185207182
23.560 0.038443 5.44416283703
23.570 0.038443 5.44647360224
23.580 0.038443 5.44878436746
23.590 0.038443 5.45109513267
23.600 0.038443 5.45340589788
23.610 0.038442 5.45571666309
23.620 0.038442 5.4580274283
23.630 0.038442 5.46033819351
23.640 0.038442 5.46264895872
23.650 0.038442 5.46495972393
23.660 0.038442 5.46727048914
23.670 0.038442 5.46958125435
23.680 0.038441 5.47189201957
23.690 0.038441 5.47420278478
23.700 0.038441 5.47651354999
23.710 0.038441 5.4788243152
23.720 0.038441 5.48113508041
23.730 0.038441 5.48344584562
23.740 0.038441 5.48575661083
23.750 0.038440 5.48806737604
23.760 0.038440 5.49037814125
23.770 0.038440 5.49268890646
23.780 0.038440 5.49499967168
23.790 0.038440 5.49731043689
23.800 0.038440 5.4996212021
23.810 0.038440 5.50193196731
23.820 0.038439 5.50424273252
23.830 0.038439 5.50655349773
23.840 0.038439 5.50886426294
23.850 0.038439 5.51117502815
23.860 0.038439 5.51348579336
23.870 0.038439 5.51579655857
23.880 0.038439 5.51810732378
23.890 0.038439 5.520418089
23.900 0.038438 5.52272885421
23.910 0.038438 5.52503961942
23.920 0.038438 5.52735038463
23.930 0.038438 5.52966114984
23.940 0.038438 5.53197191505
23.950 0.038438 5.53428268026
23.960 0.038438 5.53659344547
23.970 0.038437 5.53890421068
23.980 0.038437 5.54121497589
23.990 0.038437 5.54352574111
24.000 0.038437 5.54583650632
24.010 0.038437 5.54814727153
24.020 0.038437 5.55045803674
24.030 0.038437 5.55276880195
24.040 0.038436 5.55507956716
24.050 0.038436 5.55739033237
24.060 0.038436 5.55970109758
24.070 0.038436 5.56201186279
24.080 0.038436 5.564322628
24.090 0.038436 5.56663339322
24.100 0.038436 5.56894415843
24.110 0.038435 5.57125492364
24.120 0.038435 5.57356568885
24.130 0.038435 5.57587645406
24.140 0.038435 5.57818721927
24.150 0.038435 5.58049798448
24.160 0.038435 5.58280874969
24.170 0.038435 5.5851195149
24.180 0.038434 5.58743028011
24.190 0.038434 5.58974104532
24.200 0.038434 5.59205181054
24.210 0.038434 5.59436257575
24.220 0.038434 5.59667334096
24.230 0.038434 5.59898410617
24.240 0.038434 5.60129487138
24.250 0.038434 5.60360563659
24.260 0.038433 5.6059164018
24.270 0.038433 5.60822716701
24.280 0.038433 5.61053793222
24.290 0.038433 5.61284869743
24.300 0.038433 5.61515946265
24.310 0.038433 5.61747022786
24.320 0.038433 5.61978099307
24.330 0.038432 5.62209175828
24.340 0.038432 5.62440252349
24.350 0.038432 5.6267132887
24.360 0.038432 5.62902405391
24.370 0.038432 5.63133481912
24.380 0.038432 5.63364558433
24.390 0.038432 5.63595634954
24.400 0.038431 5.63826711475
24.410 0.038431 5.64057787997
24.420 0.038431 5.64288864518
24.430 0.038431 5.64519941039
24.440 0.038431 5.6475101756
24.450 0.038431 5.64982094081
24.460 0.038431 5.65213170602
24.470 0.038430 5.65444247123
24.480 0.038430 5.65675323644
24.490 0.038430 5.65906400165
24.500 0.038430 5.66137476686
24.510 0.038430 5.66368553208
24.520 0.038430 5.66599629729
24.530 0.038430 5.6683070625
24.540 0.038429 5.67061782771
24.550 0.038429 5.67292859292
24.560 0.038429 5.67523935813
24.570 0.038429 5.67755012334
24.580 0.038429 5.67986088855
24.590 0.038429 5.68217165376
24.600 0.038429 5.68448241897
24.610 0.038429 5.68679318419
24.620 0.038428 5.6891039494
24.630 0.038428 5.69141471461
24.640 0.038428 5.69372547982
24.650 0.038428 5.69603624503
24.660 0.038428 5.69834701024
24.670 0.038428 5.70065777545
24.680 0.038428 5.70296854066
24.690 0.038427 5.70527930587
24.700 0.038427 5.70759007108
24.710 0.038427 5.70990083629
24.720 0.038427 5.71221160151
24.730 0.038427 5.71452236672
24.740 0.038427 5.71683313193
24.750 0.038427 5.71914389714
24.760 0.038426 5.72145466235
24.770 0.038426 5.72376542756
24.780 0.038426 5.72607619277
24.790 0.038426 5.72838695798
24.800 0.038426 5.73069772319
24.810 0.038426 5.7330084884
24.820 0.038426 5.73531925362
24.830 0.038425 5.73763001883
24.840 0.038425 5.73994078404
24.850 0.038425 5.74225154925
24.860 0.038425 5.74456231446
24.870 0.038425 5.74687307967
24.880 0.038425 5.74918384488
24.890 0.038425 5.75149461009
24.900 0.038424 5.7538053753
24.910 0.038424 5.75611614051
24.920 0.038424 5.75842690573
24.930 0.038424 5.76073767094
24.940 0.038424 5.76304843615
24.950 0.038424 5.76535920136
24.960 0.038424 5.76766996657
24.970 0.038424 5.76998073178
24.980 0.038423 5.77229149699
24.990 0.038423 5.7746022622
25.000 0.038423 5.77691302741
25.100 0.038422 5.80002067952
25.110 0.038422 5.80233144473
25.120 0.038421 5.80464220994
25.130 0.038421 5.80695297516
25.140 0.038421 5.80926374037
25.150 0.038421 5.81157450558
25.160 0.038421 5.81388527079
25.170 0.038421 5.816196036
25.180 0.038421 5.81850680121
25.190 0.038420 5.82081756642
25.200 0.038420 5.82312833163
25.210 0.038420 5.82543909684
25.220 0.038420 5.82774986205
25.230 0.038420 5.83006062727
25.240 0.038420 5.83237139248
25.250 0.038420 5.83468215769
25.260 0.038420 5.8369929229
25.270 0.038419 5.83930368811
25.280 0.038419 5.84161445332
25.290 0.038419 5.84392521853
25.300 0.038419 5.84623598374
25.310 0.038419 5.84854674895
25.320 0.038419 5.85085751416
25.330 0.038419 5.85316827937
25.340 0.038418 5.85547904459
25.350 0.038418 5.8577898098
25.360 0.038418 5.86010057501
25.370 0.038418 5.86241134022
25.380 0.038418 5.86472210543
25.390 0.038418 5.86703287064
25.400 0.038418 5.86934363585
25.410 0.038417 5.87165440106
25.420 0.038417 5.87396516627
25.430 0.038417 5.87627593148
25.440 0.038417 5.8785866967
25.450 0.038417 5.88089746191
25.460 0.038417 5.88320822712
25.470 0.038417 5.88551899233
25.480 0.038416 5.88782975754
25.490 0.038416 5.89014052275
25.500 0.038416 5.89245128796
25.510 0.038416 5.89476205317
25.520 0.038416 5.89707281838
25.530 0.038416 5.89938358359
25.540 0.038416 5.9016943488
25.550 0.038416 5.90400511402
25.560 0.038415 5.90631587923
25.570 0.038415 5.90862664444
25.580 0.038415 5.91093740965
25.590 0.038415 5.91324817486
25.600 0.038415 5.91555894007
25.610 0.038415 5.91786970528
25.620 0.038415 5.92018047049
25.630 0.038414 5.9224912357
25.640 0.038414 5.92480200091
25.650 0.038414 5.92711276613
25.660 0.038414 5.92942353134
25.670 0.038414 5.93173429655
25.680 0.038414 5.93404506176
25.690 0.038414 5.93635582697
25.700 0.038413 5.93866659218
25.710 0.038413 5.94097735739
25.720 0.038413 5.9432881226
25.730 0.038413 5.94559888781
25.740 0.038413 5.94790965302
25.750 0.038413 5.95022041824
25.760 0.038413 5.95253118345
25.770 0.038412 5.95484194866
25.780 0.038412 5.95715271387
25.790 0.038412 5.95946347908
25.800 0.038412 5.96177424429
25.810 0.038412 5.9640850095
25.820 0.038412 5.96639577471
25.830 0.038412 5.96870653992
25.840 0.038412 5.97101730513
25.850 0.038411 5.97332807034
25.860 0.038411 5.97563883556
25.870 0.038411 5.97794960077
25.880 0.038411 5.98026036598
25.890 0.038411 5.98257113119
25.900 0.038411 5.9848818964
25.910 0.038411 5.98719266161
25.920 0.038410 5.98950342682
25.930 0.038410 5.99181419203
25.940 0.038410 5.99412495724
25.950 0.038410 5.99643572245
25.960 0.038410 5.99874648767
25.970 0.038410 6.00105725288
25.980 0.038410 6.00336801809
25.990 0.038409 6.0056787833
26.000 0.038409 6.00798954851
26.010 0.038409 6.01030031372
26.020 0.038409 6.01261107893
26.030 0.038409 6.01492184414
26.040 0.038409 6.01723260935
26.050 0.038409 6.01954337456
26.060 0.038408 6.02185413978
26.070 0.038408 6.02416490499
26.080 0.038408 6.0264756702
26.090 0.038408 6.02878643541
26.100 0.038408 6.03109720062
26.110 0.038408 6.03340796583
26.120 0.038408 6.03571873104
26.130 0.038408 6.03802949625
26.140 0.038407 6.04034026146
26.150 0.038407 6.04265102667
26.160 0.038407 6.04496179188
26.170 0.038407 6.0472725571
26.180 0.038407 6.04958332231
26.190 0.038407 6.05189408752
26.200 0.038407 6.05420485273
26.210 0.038406 6.05651561794
26.220 0.038406 6.05882638315
26.230 0.038406 6.06113714836
26.240 0.038406 6.06344791357
26.250 0.038406 6.06575867878
26.260 0.038406 6.06806944399
26.270 0.038406 6.07038020921
26.280 0.038405 6.07269097442
26.290 0.038405 6.07500173963
26.300 0.038405 6.07731250484
26.310 0.038405 6.07962327005
26.320 0.038405 6.08193403526
26.330 0.038405 6.08424480047
26.340 0.038405 6.08655556568
26.350 0.038404 6.08886633089
26.360 0.038404 6.0911770961
26.370 0.038404 6.09348786132
26.380 0.038404 6.09579862653
26.390 0.038404 6.09810939174
26.400 0.038404 6.10042015695
26.410 0.038404 6.10273092216
26.420 0.038404 6.10504168737
26.430 0.038403 6.10735245258
26.440 0.038403 6.10966321779
26.450 0.038403 6.111973983
26.460 0.038403 6.11428474821
26.470 0.038403 6.11659551342
26.480 0.038403 6.11890627864
26.490 0.038403 6.12121704385
26.500 0.038402 6.12352780906
26.510 0.038402 6.12583857427
26.520 0.038402 6.12814933948
26.530 0.038402 6.13046010469
26.540 0.038402 6.1327708699
26.550 0.038402 6.13508163511
26.560 0.038402 6.13739240032
26.570 0.038401 6.13970316553
26.580 0.038401 6.14201393075
26.590 0.038401 6.14432469596
26.600 0.038401 6.14663546117
26.610 0.038401 6.14894622638
26.620 0.038401 6.15125699159
26.630 0.038401 6.1535677568
26.640 0.038401 6.15587852201
26.650 0.038400 6.15818928722
26.660 0.038400 6.16050005243
26.670 0.038400 6.16281081764
26.680 0.038400 6.16512158285
26.690 0.038400 6.16743234807
26.700 0.038400 6.16974311328
26.710 0.038400 6.17205387849
26.720 0.038399 6.1743646437
26.730 0.038399 6.17667540891
26.740 0.038399 6.17898617412
26.750 0.038399 6.18129693933
26.760 0.038399 6.18360770454
26.770 0.038399 6.18591846975
26.780 0.038399 6.18822923496
26.790 0.038398 6.19054000018
26.800 0.038398 6.19285076539
26.810 0.038398 6.1951615306
26.820 0.038398 6.19747229581
26.830 0.038398 6.19978306102
26.840 0.038398 6.20209382623
26.850 0.038398 6.20440459144
26.860 0.038397 6.20671535665
26.870 0.038397 6.20902612186
26.880 0.038397 6.21133688707
26.890 0.038397 6.21364765229
26.900 0.038397 6.2159584175
26.910 0.038397 6.21826918271
26.920 0.038397 6.22057994792
26.930 0.038397 6.22289071313
26.940 0.038396 6.22520147834
26.950 0.038396 6.22751224355
26.960 0.038396 6.22982300876
26.970 0.038396 6.23213377397
26.980 0.038396 6.23444453918
26.990 0.038396 6.23675530439
27.000 0.038396 6.23906606961
27.010 0.038395 6.24137683482
27.020 0.038395 6.24368760003
27.030 0.038395 6.24599836524
27.040 0.038395 6.24830913045
27.050 0.038395 6.25061989566
27.060 0.038395 6.25293066087
27.070 0.038395 6.25524142608
27.080 0.038394 6.25755219129
27.090 0.038394 6.2598629565
27.100 0.038394 6.26217372172
27.110 0.038394 6.26448448693
27.120 0.038394 6.26679525214
27.130 0.038394 6.26910601735
27.140 0.038394 6.27141678256
27.150 0.038393 6.27372754777
27.160 0.038393 6.27603831298
27.170 0.038393 6.27834907819
27.180 0.038393 6.2806598434
27.190 0.038393 6.28297060861
27.200 0.038393 6.28528137383
27.210 0.038393 6.28759213904
27.220 0.038393 6.28990290425
27.230 0.038392 6.29221366946
27.240 0.038392 6.29452443467
27.250 0.038392 6.29683519988
27.260 0.038392 6.29914596509
27.270 0.038392 6.3014567303
27.280 0.038392 6.30376749551
27.290 0.038392 6.30607826072
27.300 0.038391 6.30838902593
27.310 0.038391 6.31069979115
27.320 0.038391 6.31301055636
27.330 0.038391 6.31532132157
27.340 0.038391 6.31763208678
27.350 0.038391 6.31994285199
27.360 0.038391 6.3222536172
27.370 0.038390 6.32456438241
27.380 0.038390 6.32687514762
27.390 0.038390 6.32918591283
27.400 0.038390 6.33149667804
27.410 0.038390 6.33380744326
27.420 0.038390 6.33611820847
27.430 0.038390 6.33842897368
27.440 0.038390 6.34073973889
27.450 0.038389 6.3430505041
27.460 0.038389 6.34536126931
27.470 0.038389 6.34767203452
27.480 0.038389 6.34998279973
27.490 0.038389 6.35229356494
27.500 0.038389 6.35460433015
27.510 0.038389 6.35691509537
27.520 0.038388 6.35922586058
27.530 0.038388 6.36153662579
27.540 0.038388 6.363847391
27.550 0.038388 6.36615815621
27.560 0.038388 6.36846892142
27.570 0.038388 6.37077968663
27.580 0.038388 6.37309045184
27.590 0.038387 6.37540121705
27.600 0.038387 6.37771198226
27.610 0.038387 6.38002274747
27.620 0.038387 6.38233351269
27.630 0.038387 6.3846442779
27.640 0.038387 6.38695504311
27.650 0.038387 6.38926580832
27.660 0.038387 6.39157657353
27.670 0.038386 6.39388733874
27.680 0.038386 6.39619810395
27.690 0.038386 6.39850886916
27.700 0.038386 6.40081963437
27.710 0.038386 6.40313039958
27.720 0.038386 6.4054411648
27.730 0.038386 6.40775193001
27.740 0.038385 6.41006269522
27.750 0.038385 6.41237346043
27.760 0.038385 6.41468422564
27.770 0.038385 6.41699499085
27.780 0.038385 6.41930575606
27.790 0.038385 6.42161652127
27.800 0.038385 6.42392728648
27.810 0.038384 6.42623805169
27.820 0.038384 6.4285488169
27.830 0.038384 6.43085958212
27.840 0.038384 6.43317034733
27.850 0.038384 6.43548111254
27.860 0.038384 6.43779187775
27.870 0.038384 6.44010264296
27.880 0.038383 6.44241340817
27.890 0.038383 6.44472417338
27.900 0.038383 6.44703493859
27.910 0.038383 6.4493457038
27.920 0.038383 6.45165646901
27.930 0.038383 6.45396723423
27.940 0.038383 6.45627799944
27.950 0.038383 6.45858876465
27.960 0.038382 6.46089952986
27.970 0.038382 6.46321029507
27.980 0.038382 6.46552106028
27.990 0.038382 6.46783182549
28.000 0.038382 6.4701425907
28.010 0.038382 6.47245335591
28.020 0.038382 6.47476412112
28.030 0.038381 6.47707488634
28.040 0.038381 6.47938565155
28.050 0.038381 6.48169641676
28.060 0.038381 6.48400718197
28.070 0.038381 6.48631794718
28.080 0.038381 6.48862871239
28.090 0.038381 6.4909394776
28.100 0.038380 6.49325024281
28.110 0.038380 6.49556100802
28.120 0.038380 6.49787177323
28.130 0.038380 6.50018253844
28.140 0.038380 6.50249330366
28.150 0.038380 6.50480406887
28.160 0.038380 6.50711483408
28.170 0.038380 6.50942559929
28.180 0.038379 6.5117363645
28.190 0.038379 6.51404712971
28.200 0.038379 6.51635789492
28.210 0.038379 6.51866866013
28.220 0.038379 6.52097942534
28.230 0.038379 6.52329019055
28.240 0.038379 6.52560095577
28.250 0.038378 6.52791172098
28.260 0.038378 6.53022248619
28.270 0.038378 6.5325332514
28.280 0.038378 6.53484401661
28.290 0.038378 6.53715478182
28.300 0.038378 6.53946554703
28.310 0.038378 6.54177631224
28.320 0.038377 6.54408707745
28.330 0.038377 6.54639784266
28.340 0.038377 6.54870860788
28.350 0.038377 6.55101937309
28.360 0.038377 6.5533301383
28.370 0.038377 6.55564090351
28.380 0.038377 6.55795166872
28.390 0.038377 6.56026243393
28.400 0.038376 6.56257319914
28.410 0.038376 6.56488396435
28.420 0.038376 6.56719472956
28.430 0.038376 6.56950549477
28.440 0.038376 6.57181625998
28.450 0.038376 6.5741270252
28.460 0.038376 6.57643779041
28.470 0.038375 6.57874855562
28.480 0.038375 6.58105932083
28.490 0.038375 6.58337008604
28.500 0.038375 6.58568085125
28.510 0.038375 6.58799161646
28.520 0.038375 6.59030238167
28.530 0.038375 6.59261314688
28.540 0.038374 6.59492391209
28.550 0.038374 6.59723467731
28.560 0.038374 6.59954544252
28.570 0.038374 6.60185620773
28.580 0.038374 6.60416697294
28.590 0.038374 6.60647773815
28.600 0.038374 6.60878850336
28.610 0.038374 6.61109926857
28.620 0.038373 6.61341003378
28.630 0.038373 6.61572079899
28.640 0.038373 6.6180315642
28.650 0.038373 6.62034232942
28.660 0.038373 6.62265309463
28.670 0.038373 6.62496385984
28.680 0.038373 6.62727462505
28.690 0.038372 6.62958539026
28.700 0.038372 6.63189615547
28.710 0.038372 6.63420692068
28.720 0.038372 6.63651768589
28.730 0.038372 6.6388284511
28.740 0.038372 6.64113921631
28.750 0.038372 6.64344998152
28.760 0.038371 6.64576074674
28.770 0.038371 6.64807151195
28.780 0.038371 6.65038227716
28.790 0.038371 6.65269304237
28.800 0.038371 6.65500380758
28.810 0.038371 6.65731457279
28.820 0.038371 6.659625338
28.830 0.038371 6.66193610321
28.840 0.038370 6.66424686842
28.850 0.038370 6.66655763363
28.860 0.038370 6.66886839885
28.870 0.038370 6.67117916406
28.880 0.038370 6.67348992927
28.890 0.038370 6.67580069448
28.900 0.038370 6.67811145969
28.910 0.038369 6.6804222249
28.920 0.038369 6.68273299011
28.930 0.038369 6.68504375532
28.940 0.038369 6.68735452053
28.950 0.038369 6.68966528574
28.960 0.038369 6.69197605096
28.970 0.038369 6.69428681617
28.980 0.038368 6.69659758138
28.990 0.038368 6.69890834659
29.000 0.038368 6.7012191118
29.010 0.038368 6.70352987701
29.020 0.038368 6.70584064222
29.030 0.038368 6.70815140743
29.040 0.038368 6.71046217264
29.050 0.038368 6.71277293785
29.060 0.038367 6.71508370306
29.070 0.038367 6.71739446828
29.080 0.038367 6.71970523349
29.090 0.038367 6.7220159987
29.100 0.038367 6.72432676391
29.110 0.038367 6.72663752912
29.120 0.038367 6.72894829433
29.130 0.038366 6.73125905954
29.140 0.038366 6.73356982475
29.150 0.038366 6.73588058996
29.160 0.038366 6.73819135517
29.170 0.038366 6.74050212039
29.180 0.038366 6.7428128856
29.190 0.038366 6.74512365081
29.200 0.038365 6.74743441602
29.210 0.038365 6.74974518123
29.220 0.038365 6.75205594644
29.230 0.038365 6.75436671165
29.240 0.038365 6.75667747686
29.250 0.038365 6.75898824207
29.260 0.038365 6.76129900728
29.270 0.038365 6.76360977249
29.280 0.038364 6.76592053771
29.290 0.038364 6.76823130292
29.300 0.038364 6.77054206813
29.310 0.038364 6.77285283334
29.320 0.038364 6.77516359855
29.330 0.038364 6.77747436376
29.340 0.038364 6.77978512897
29.350 0.038363 6.78209589418
29.360 0.038363 6.78440665939
29.370 0.038363 6.7867174246
29.380 0.038363 6.78902818982
29.390 0.038363 6.79133895503
29.400 0.038363 6.79364972024
29.410 0.038363 6.79596048545
29.420 0.038362 6.79827125066
29.430 0.038362 6.80058201587
29.440 0.038362 6.80289278108
29.450 0.038362 6.80520354629
29.460 0.038362 6.8075143115
29.470 0.038362 6.80982507671
29.480 0.038362 6.81213584193
29.490 0.038362 6.81444660714
29.500 0.038361 6.81675737235
29.510 0.038361 6.81906813756
29.520 0.038361 6.82137890277
29.530 0.038361 6.82368966798
29.540 0.038361 6.82600043319
29.550 0.038361 6.8283111984
29.560 0.038361 6.83062196361
29.570 0.038360 6.83293272882
29.580 0.038360 6.83524349403
29.590 0.038360 6.83755425925
29.600 0.038360 6.83986502446
29.610 0.038360 6.84217578967
29.620 0.038360 6.84448655488
29.630 0.038360 6.84679732009
29.640 0.038360 6.8491080853
29.650 0.038359 6.85141885051
29.660 0.038359 6.85372961572
29.670 0.038359 6.85604038093
29.680 0.038359 6.85835114614
29.690 0.038359 6.86066191136
29.700 0.038359 6.86297267657
29.710 0.038359 6.86528344178
29.720 0.038358 6.86759420699
29.730 0.038358 6.8699049722
29.740 0.038358 6.87221573741
29.750 0.038358 6.87452650262
29.760 0.038358 6.87683726783
29.770 0.038358 6.87914803304
29.780 0.038358 6.88145879825
29.790 0.038357 6.88376956347
29.800 0.038357 6.88608032868
29.810 0.038357 6.88839109389
29.820 0.038357 6.8907018591
29.830 0.038357 6.89301262431
29.840 0.038357 6.89532338952
29.850 0.038357 6.89763415473
29.860 0.038357 6.89994491994
29.870 0.038356 6.90225568515
29.880 0.038356 6.90456645036
29.890 0.038356 6.90687721557
29.900 0.038356 6.90918798079
29.910 0.038356 6.911498746
29.920 0.038356 6.91380951121
29.930 0.038356 6.91612027642
29.940 0.038355 6.91843104163
29.950 0.038355 6.92074180684
29.960 0.038355 6.92305257205
29.970 0.038355 6.92536333726
29.980 0.038355 6.92767410247
29.990 0.038355 6.92998486768
30.000 0.038355 6.9322956329
