0.10000 172.22 0.0821539871687
0.11000 156.55 0.0903693858856
0.12000 143.50 0.0985847846024
0.13000 132.45 0.106800183319
0.14000 122.98 0.115015582036
0.15000 114.78 0.123230980753
0.16000 107.60 0.13144637947
0.17000 101.26 0.139661778187
0.18000 95.629 0.147877176904
0.19000 90.590 0.15609257562
0.20000 86.056 0.164307974337
0.21000 81.953 0.172523373054
0.22000 78.223 0.180738771771
0.23000 74.817 0.188954170488
0.24000 71.695 0.197169569205
0.25000 68.823 0.205384967922
0.26000 66.172 0.213600366639
0.27000 63.718 0.221815765355
0.28000 61.438 0.230031164072
0.29000 59.316 0.238246562789
0.30000 57.335 0.246461961506
0.31000 55.482 0.254677360223
0.32000 53.745 0.26289275894
0.33000 52.114 0.271108157657
0.34000 50.578 0.279323556374
0.35000 49.130 0.28753895509
0.36000 47.762 0.295754353807
0.37000 46.468 0.303969752524
0.38000 45.243 0.312185151241
0.39000 44.080 0.320400549958
0.40000 42.975 0.328615948675
0.41000 41.925 0.336831347392
0.42000 40.924 0.345046746108
0.43000 39.970 0.353262144825
0.44000 39.059 0.361477543542
0.45000 38.189 0.369692942259
0.46000 37.356 0.377908340976
0.47000 36.559 0.386123739693
0.48000 35.795 0.39433913841
0.49000 35.063 0.402554537127
0.50000 34.359 0.410769935843
0.51000 33.683 0.41898533456
0.52000 33.034 0.427200733277
0.53000 32.408 0.435416131994
0.54000 31.806 0.443631530711
0.55000 31.226 0.451846929428
0.56000 30.667 0.460062328145
0.57000 30.127 0.468277726861
0.58000 29.606 0.476493125578
0.59000 29.102 0.484708524295
0.60000 28.615 0.492923923012
0.61000 28.144 0.501139321729
0.62000 27.689 0.509354720446
0.63000 27.248 0.517570119163
0.64000 26.820 0.52578551788
0.65000 26.406 0.534000916596
0.66000 26.004 0.542216315313
0.67000 25.615 0.55043171403
0.68000 25.236 0.558647112747
0.69000 24.869 0.566862511464
0.70000 24.512 0.575077910181
0.71000 24.165 0.583293308898
0.72000 23.828 0.591508707615
0.73000 23.501 0.599724106331
0.74000 23.182 0.607939505048
0.75000 22.871 0.616154903765
0.76000 22.569 0.624370302482
0.77000 22.274 0.632585701199
0.78000 21.987 0.640801099916
0.79000 21.708 0.649016498633
0.80000 21.435 0.657231897349
0.81000 21.169 0.665447296066
0.82000 20.910 0.673662694783
0.83000 20.656 0.6818780935
0.84000 20.409 0.690093492217
0.85000 20.168 0.698308890934
0.86000 19.932 0.706524289651
0.87000 19.702 0.714739688368
0.88000 19.477 0.722955087084
0.89000 19.257 0.731170485801
0.90000 19.042 0.739385884518
0.91000 18.831 0.747601283235
0.92000 18.625 0.755816681952
0.93000 18.424 0.764032080669
0.94000 18.227 0.772247479386
0.95000 18.034 0.780462878102
0.96000 17.845 0.788678276819
0.97000 17.660 0.796893675536
0.98000 17.479 0.805109074253
0.99000 17.301 0.81332447297
1.0000 17.127 0.821539871687
1.0100 16.956 0.829755270404
1.0200 16.789 0.837970669121
1.0300 16.625 0.846186067837
1.0400 16.464 0.854401466554
1.0500 16.306 0.862616865271
1.0600 16.151 0.870832263988
1.0700 16.000 0.879047662705
1.0800 15.850 0.887263061422
1.0900 15.704 0.895478460139
1.1000 15.560 0.903693858856
1.1100 15.419 0.911909257572
1.1200 15.281 0.920124656289
1.1300 15.144 0.928340055006
1.1400 15.011 0.936555453723
1.1500 14.879 0.94477085244
1.1600 14.750 0.952986251157
1.1700 14.623 0.961201649874
1.1800 14.498 0.96941704859
1.1900 14.375 0.977632447307
1.2000 14.255 0.985847846024
1.2100 14.136 0.994063244741
1.2200 14.019 1.00227864346
1.2300 13.905 1.01049404217
1.2400 13.792 1.01870944089
1.2500 13.680 1.02692483961
1.2600 13.571 1.03514023833
1.2700 13.463 1.04335563704
1.2800 13.357 1.05157103576
1.2900 13.253 1.05978643448
1.3000 13.150 1.06800183319
1.3100 13.049 1.07621723191
1.3200 12.949 1.08443263063
1.3300 12.851 1.09264802934
1.3400 12.754 1.10086342806
1.3500 12.659 1.10907882678
1.3600 12.565 1.11729422549
1.3700 12.473 1.12550962421
1.3800 12.382 1.13372502293
1.3900 12.292 1.14194042164
1.4000 12.203 1.15015582036
1.4100 12.116 1.15837121908
1.4200 12.030 1.1665866178
1.4300 11.945 1.17480201651
1.4400 11.861 1.18301741523
1.4500 11.779 1.19123281395
1.4600 11.697 1.19944821266
1.4700 11.617 1.20766361138
1.4800 11.538 1.2158790101
1.4900 11.460 1.22409440881
1.5000 11.383 1.23230980753
1.5100 11.307 1.24052520625
1.5200 11.231 1.24874060496
1.5300 11.157 1.25695600368
1.5400 11.084 1.2651714024
1.5500 11.012 1.27338680111
1.5600 10.941 1.28160219983
1.5700 10.870 1.28981759855
1.5800 10.801 1.29803299727
1.5900 10.732 1.30624839598
1.6000 10.665 1.3144637947
1.6100 10.598 1.32267919342
1.6200 10.532 1.33089459213
1.6300 10.466 1.33910999085
1.6400 10.402 1.34732538957
1.6500 10.338 1.35554078828
1.6600 10.275 1.363756187
1.6700 10.213 1.37197158572
1.6800 10.152 1.38018698443
1.6900 10.091 1.38840238315
1.7000 10.031 1.39661778187
1.7100 9.9717 1.40483318058
1.7200 9.9132 1.4130485793
1.7300 9.8552 1.42126397802
1.7400 9.7980 1.42947937674
1.7500 9.7414 1.43769477545
1.7600 9.6854 1.44591017417
1.7700 9.6301 1.45412557289
1.7800 9.5754 1.4623409716
1.7900 9.5213 1.47055637032
1.8000 9.4678 1.47877176904
1.8100 9.4149 1.48698716775
1.8200 9.3626 1.49520256647
1.8300 9.3109 1.50341796519
1.8400 9.2597 1.5116333639
1.8500 9.2091 1.51984876262
1.8600 9.1590 1.52806416134
1.8700 9.1094 1.53627956005
1.8800 9.0604 1.54449495877
1.8900 9.0119 1.55271035749
1.9000 8.9639 1.5609257562
1.9100 8.9164 1.56914115492
1.9200 8.8695 1.57735655364
1.9300 8.8229 1.58557195236
1.9400 8.7769 1.59378735107
1.9500 8.7314 1.60200274979
1.9600 8.6863 1.61021814851
1.9700 8.6416 1.61843354722
1.9800 8.5975 1.62664894594
1.9900 8.5537 1.63486434466
2.0000 8.5104 1.64307974337
2.0100 8.4675 1.65129514209
2.0200 8.4251 1.65951054081
2.0300 8.3831 1.66772593952
2.0400 8.3415 1.67594133824
2.0500 8.3002 1.68415673696
2.0600 8.2594 1.69237213567
2.0700 8.2190 1.70058753439
2.0800 8.1790 1.70880293311
2.0900 8.1393 1.71701833183
2.1000 8.1001 1.72523373054
2.1100 8.0612 1.73344912926
2.1200 8.0227 1.74166452798
2.1300 7.9845 1.74987992669
2.1400 7.9467 1.75809532541
2.1500 7.9092 1.76631072413
2.1600 7.8721 1.77452612284
2.1700 7.8353 1.78274152156
2.1800 7.7989 1.79095692028
2.1900 7.7628 1.79917231899
2.2000 7.7270 1.80738771771
2.2100 7.6916 1.81560311643
2.2200 7.6565 1.82381851514
2.2300 7.6217 1.83203391386
2.2400 7.5872 1.84024931258
2.2500 7.5530 1.8484647113
2.2600 7.5191 1.85668011001
2.2700 7.4855 1.86489550873
2.2800 7.4522 1.87311090745
2.2900 7.4192 1.88132630616
2.3000 7.3864 1.88954170488
2.3100 7.3540 1.8977571036
2.3200 7.3218 1.90597250231
2.3300 7.2900 1.91418790103
2.3400 7.2583 1.92240329975
2.3500 7.2270 1.93061869846
2.3600 7.1959 1.93883409718
2.3700 7.1651 1.9470494959
2.3800 7.1346 1.95526489461
2.3900 7.1043 1.96348029333
2.4000 7.0742 1.97169569205
2.4100 7.0444 1.97991109077
2.4200 7.0149 1.98812648948
2.4300 6.9856 1.9963418882
2.4400 6.9565 2.00455728692
2.4500 6.9277 2.01277268563
2.4600 6.8991 2.02098808435
2.4700 6.8707 2.02920348307
2.4800 6.8426 2.03741888178
2.4900 6.8147 2.0456342805
2.5000 6.7870 2.05384967922
2.5100 6.7595 2.06206507793
2.5200 6.7323 2.07028047665
2.5300 6.7052 2.07849587537
2.5400 6.6784 2.08671127408
2.5500 6.6518 2.0949266728
2.5600 6.6254 2.10314207152
2.5700 6.5992 2.11135747024
2.5800 6.5732 2.11957286895
2.5900 6.5474 2.12778826767
2.6000 6.5218 2.13600366639
2.6100 6.4964 2.1442190651
2.6200 6.4712 2.15243446382
2.6300 6.4462 2.16064986254
2.6400 6.4214 2.16886526125
2.6500 6.3967 2.17708065997
2.6600 6.3723 2.18529605869
2.6700 6.3480 2.1935114574
2.6800 6.3239 2.20172685612
2.6900 6.3000 2.20994225484
2.7000 6.2763 2.21815765355
2.7100 6.2527 2.22637305227
2.7200 6.2294 2.23458845099
2.7300 6.2061 2.24280384971
2.7400 6.1831 2.25101924842
2.7500 6.1602 2.25923464714
2.7600 6.1375 2.26745004586
2.7700 6.1150 2.27566544457
2.7800 6.0926 2.28388084329
2.7900 6.0704 2.29209624201
2.8000 6.0483 2.30031164072
2.8100 6.0264 2.30852703944
2.8200 6.0046 2.31674243816
2.8300 5.9831 2.32495783687
2.8400 5.9616 2.33317323559
2.8500 5.9403 2.34138863431
2.8600 5.9192 2.34960403302
2.8700 5.8982 2.35781943174
2.8800 5.8773 2.36603483046
2.8900 5.8566 2.37425022917
2.9000 5.8360 2.38246562789
2.9100 5.8156 2.39068102661
2.9200 5.7953 2.39889642533
2.9300 5.7752 2.40711182404
2.9400 5.7552 2.41532722276
2.9500 5.7353 2.42354262148
2.9600 5.7156 2.43175802019
2.9700 5.6960 2.43997341891
2.9800 5.6765 2.44818881763
2.9900 5.6571 2.45640421634
3.0000 5.6379 2.46461961506
3.0100 5.6188 2.47283501378
3.0200 5.5999 2.48105041249
3.0300 5.5810 2.48926581121
3.0400 5.5623 2.49748120993
3.0500 5.5437 2.50569660864
3.0600 5.5253 2.51391200736
3.0700 5.5069 2.52212740608
3.0800 5.4887 2.5303428048
3.0900 5.4706 2.53855820351
3.1000 5.4526 2.54677360223
3.1100 5.4347 2.55498900095
3.1200 5.4169 2.56320439966
3.1300 5.3993 2.57141979838
3.1400 5.3818 2.5796351971
3.1500 5.3643 2.58785059581
3.1600 5.3470 2.59606599453
3.1700 5.3298 2.60428139325
3.1800 5.3127 2.61249679196
3.1900 5.2957 2.62071219068
3.2000 5.2788 2.6289275894
3.2100 5.2620 2.63714298811
3.2200 5.2454 2.64535838683
3.2300 5.2288 2.65357378555
3.2400 5.2123 2.66178918427
3.2500 5.1960 2.67000458298
3.2600 5.1797 2.6782199817
3.2700 5.1635 2.68643538042
3.2800 5.1474 2.69465077913
3.2900 5.1315 2.70286617785
3.3000 5.1156 2.71108157657
3.3100 5.0998 2.71929697528
3.3200 5.0841 2.727512374
3.3300 5.0685 2.73572777272
3.3400 5.0530 2.74394317143
3.3500 5.0376 2.75215857015
3.3600 5.0223 2.76037396887
3.3700 5.0071 2.76858936758
3.3800 4.9920 2.7768047663
3.3900 4.9769 2.78502016502
3.4000 4.9620 2.79323556374
3.4100 4.9471 2.80145096245
3.4200 4.9323 2.80966636117
3.4300 4.9176 2.81788175989
3.4400 4.9030 2.8260971586
3.4500 4.8885 2.83431255732
3.4600 4.8740 2.84252795604
3.4700 4.8597 2.85074335475
3.4800 4.8454 2.85895875347
3.4900 4.8312 2.86717415219
3.5000 4.8171 2.8753895509
3.5100 4.8031 2.88360494962
3.5200 4.7891 2.89182034834
3.5300 4.7752 2.90003574705
3.5400 4.7615 2.90825114577
3.5500 4.7477 2.91646654449
3.5600 4.7341 2.92468194321
3.5700 4.7205 2.93289734192
3.5800 4.7070 2.94111274064
3.5900 4.6936 2.94932813936
3.6000 4.6803 2.95754353807
3.6100 4.6670 2.96575893679
3.6200 4.6538 2.97397433551
3.6300 4.6407 2.98218973422
3.6400 4.6277 2.99040513294
3.6500 4.6147 2.99862053166
3.6600 4.6018 3.00683593037
3.6700 4.5890 3.01505132909
3.6800 4.5762 3.02326672781
3.6900 4.5635 3.03148212652
3.7000 4.5509 3.03969752524
3.7100 4.5383 3.04791292396
3.7200 4.5258 3.05612832267
3.7300 4.5134 3.06434372139
3.7400 4.5010 3.07255912011
3.7500 4.4888 3.08077451883
3.7600 4.4765 3.08898991754
3.7700 4.4644 3.09720531626
3.7800 4.4523 3.10542071498
3.7900 4.4402 3.11363611369
3.8000 4.4283 3.12185151241
3.8100 4.4164 3.13006691113
3.8200 4.4045 3.13828230984
3.8300 4.3927 3.14649770856
3.8400 4.3810 3.15471310728
3.8500 4.3693 3.16292850599
3.8600 4.3577 3.17114390471
3.8700 4.3462 3.17935930343
3.8800 4.3347 3.18757470214
3.8900 4.3233 3.19579010086
3.9000 4.3119 3.20400549958
3.9100 4.3006 3.2122208983
3.9200 4.2894 3.22043629701
3.9300 4.2782 3.22865169573
3.9400 4.2671 3.23686709445
3.9500 4.2560 3.24508249316
3.9600 4.2450 3.25329789188
3.9700 4.2340 3.2615132906
3.9800 4.2231 3.26972868931
3.9900 4.2122 3.27794408803
4.0000 4.2014 3.28615948675
4.0100 4.1907 3.29437488546
4.0200 4.1800 3.30259028418
4.0300 4.1693 3.3108056829
4.0400 4.1588 3.31902108161
4.0500 4.1482 3.32723648033
4.0600 4.1377 3.33545187905
4.0700 4.1273 3.34366727777
4.0800 4.1169 3.35188267648
4.0900 4.1066 3.3600980752
4.1000 4.0963 3.36831347392
4.1100 4.0861 3.37652887263
4.1200 4.0759 3.38474427135
4.1300 4.0658 3.39295967007
4.1400 4.0557 3.40117506878
4.1500 4.0456 3.4093904675
4.1600 4.0357 3.41760586622
4.1700 4.0257 3.42582126493
4.1800 4.0158 3.43403666365
4.1900 4.0060 3.44225206237
4.2000 3.9962 3.45046746108
4.2100 3.9864 3.4586828598
4.2200 3.9767 3.46689825852
4.2300 3.9671 3.47511365724
4.2400 3.9575 3.48332905595
4.2500 3.9479 3.49154445467
4.2600 3.9384 3.49975985339
4.2700 3.9289 3.5079752521
4.2800 3.9195 3.51619065082
4.2900 3.9101 3.52440604954
4.3000 3.9007 3.53262144825
4.3100 3.8914 3.54083684697
4.3200 3.8822 3.54905224569
4.3300 3.8729 3.5572676444
4.3400 3.8638 3.56548304312
4.3500 3.8546 3.57369844184
4.3600 3.8455 3.58191384055
4.3700 3.8365 3.59012923927
4.3800 3.8275 3.59834463799
4.3900 3.8185 3.60656003671
4.4000 3.8096 3.61477543542
4.4100 3.8007 3.62299083414
4.4200 3.7919 3.63120623286
4.4300 3.7831 3.63942163157
4.4400 3.7743 3.64763703029
4.4500 3.7656 3.65585242901
4.4600 3.7569 3.66406782772
4.4700 3.7482 3.67228322644
4.4800 3.7396 3.68049862516
4.4900 3.7310 3.68871402387
4.5000 3.7225 3.69692942259
4.5100 3.7140 3.70514482131
4.5200 3.7056 3.71336022002
4.5300 3.6971 3.72157561874
4.5400 3.6888 3.72979101746
4.5500 3.6804 3.73800641618
4.5600 3.6721 3.74622181489
4.5700 3.6638 3.75443721361
4.5800 3.6556 3.76265261233
4.5900 3.6474 3.77086801104
4.6000 3.6392 3.77908340976
4.6100 3.6311 3.78729880848
4.6200 3.6230 3.79551420719
4.6300 3.6149 3.80372960591
4.6400 3.6069 3.81194500463
4.6500 3.5989 3.82016040334
4.6600 3.5910 3.82837580206
4.6700 3.5830 3.83659120078
4.6800 3.5751 3.84480659949
4.6900 3.5673 3.85302199821
4.7000 3.5595 3.86123739693
4.7100 3.5517 3.86945279564
4.7200 3.5439 3.87766819436
4.7300 3.5362 3.88588359308
4.7400 3.5285 3.8940989918
4.7500 3.5208 3.90231439051
4.7600 3.5132 3.91052978923
4.7700 3.5056 3.91874518795
4.7800 3.4981 3.92696058666
4.7900 3.4905 3.93517598538
4.8000 3.4830 3.9433913841
4.8100 3.4756 3.95160678281
4.8200 3.4681 3.95982218153
4.8300 3.4607 3.96803758025
4.8400 3.4533 3.97625297896
4.8500 3.4460 3.98446837768
4.8600 3.4387 3.9926837764
4.8700 3.4314 4.00089917511
4.8800 3.4241 4.00911457383
4.8900 3.4169 4.01732997255
4.9000 3.4097 4.02554537127
4.9100 3.4025 4.03376076998
4.9200 3.3954 4.0419761687
4.9300 3.3883 4.05019156742
4.9400 3.3812 4.05840696613
4.9500 3.3742 4.06662236485
4.9600 3.3671 4.07483776357
4.9700 3.3601 4.08305316228
4.9800 3.3532 4.091268561
4.9900 3.3462 4.09948395972
5.0000 3.3393 4.10769935843
5.1000 3.2717 4.1898533456
5.1100 3.2651 4.19806874432
5.1200 3.2585 4.20628414304
5.1300 3.2519 4.21449954175
5.1400 3.2454 4.22271494047
5.1500 3.2389 4.23093033919
5.1600 3.2324 4.2391457379
5.1700 3.2259 4.24736113662
5.1800 3.2195 4.25557653534
5.1900 3.2131 4.26379193405
5.2000 3.2067 4.27200733277
5.2100 3.2003 4.28022273149
5.2200 3.1940 4.28843813021
5.2300 3.1876 4.29665352892
5.2400 3.1814 4.30486892764
5.2500 3.1751 4.31308432636
5.2600 3.1688 4.32129972507
5.2700 3.1626 4.32951512379
5.2800 3.1564 4.33773052251
5.2900 3.1502 4.34594592122
5.3000 3.1441 4.35416131994
5.3100 3.1380 4.36237671866
5.3200 3.1319 4.37059211737
5.3300 3.1258 4.37880751609
5.3400 3.1197 4.38702291481
5.3500 3.1137 4.39523831352
5.3600 3.1077 4.40345371224
5.3700 3.1017 4.41166911096
5.3800 3.0957 4.41988450968
5.3900 3.0898 4.42809990839
5.4000 3.0838 4.43631530711
5.4100 3.0779 4.44453070583
5.4200 3.0721 4.45274610454
5.4300 3.0662 4.46096150326
5.4400 3.0604 4.46917690198
5.4500 3.0545 4.47739230069
5.4600 3.0487 4.48560769941
5.4700 3.0430 4.49382309813
5.4800 3.0372 4.50203849684
5.4900 3.0315 4.51025389556
5.5000 3.0258 4.51846929428
5.5100 3.0201 4.52668469299
5.5200 3.0144 4.53490009171
5.5300 3.0088 4.54311549043
5.5400 3.0031 4.55133088915
5.5500 2.9975 4.55954628786
5.5600 2.9919 4.56776168658
5.5700 2.9864 4.5759770853
5.5800 2.9808 4.58419248401
5.5900 2.9753 4.59240788273
5.6000 2.9698 4.60062328145
5.6100 2.9643 4.60883868016
5.6200 2.9588 4.61705407888
5.6300 2.9534 4.6252694776
5.6400 2.9479 4.63348487631
5.6500 2.9425 4.64170027503
5.6600 2.9371 4.64991567375
5.6700 2.9317 4.65813107246
5.6800 2.9264 4.66634647118
5.6900 2.9210 4.6745618699
5.7000 2.9157 4.68277726861
5.7100 2.9104 4.69099266733
5.7200 2.9051 4.69920806605
5.7300 2.8999 4.70742346477
5.7400 2.8946 4.71563886348
5.7500 2.8894 4.7238542622
5.7600 2.8842 4.73206966092
5.7700 2.8790 4.74028505963
5.7800 2.8738 4.74850045835
5.7900 2.8687 4.75671585707
5.8000 2.8636 4.76493125578
5.8100 2.8584 4.7731466545
5.8200 2.8533 4.78136205322
5.8300 2.8483 4.78957745193
5.8400 2.8432 4.79779285065
5.8500 2.8381 4.80600824937
5.8600 2.8331 4.81422364808
5.8700 2.8281 4.8224390468
5.8800 2.8231 4.83065444552
5.8900 2.8181 4.83886984424
5.9000 2.8131 4.84708524295
5.9100 2.8082 4.85530064167
5.9200 2.8033 4.86351604039
5.9300 2.7984 4.8717314391
5.9400 2.7935 4.87994683782
5.9500 2.7886 4.88816223654
5.9600 2.7837 4.89637763525
5.9700 2.7789 4.90459303397
5.9800 2.7740 4.91280843269
5.9900 2.7692 4.9210238314
6.0000 2.7644 4.92923923012
6.0100 2.7596 4.93745462884
6.0200 2.7549 4.94567002755
6.0300 2.7501 4.95388542627
6.0400 2.7454 4.96210082499
6.0500 2.7407 4.97031622371
6.0600 2.7360 4.97853162242
6.0700 2.7313 4.98674702114
6.0800 2.7266 4.99496241986
6.0900 2.7219 5.00317781857
6.1000 2.7173 5.01139321729
6.1100 2.7127 5.01960861601
6.1200 2.7080 5.02782401472
6.1300 2.7034 5.03603941344
6.1400 2.6989 5.04425481216
6.1500 2.6943 5.05247021087
6.1600 2.6897 5.06068560959
6.1700 2.6852 5.06890100831
6.1800 2.6807 5.07711640702
6.1900 2.6762 5.08533180574
6.2000 2.6717 5.09354720446
6.2100 2.6672 5.10176260318
6.2200 2.6627 5.10997800189
6.2300 2.6583 5.11819340061
6.2400 2.6538 5.12640879933
6.2500 2.6494 5.13462419804
6.2600 2.6450 5.14283959676
6.2700 2.6406 5.15105499548
6.2800 2.6362 5.15927039419
6.2900 2.6319 5.16748579291
6.3000 2.6275 5.17570119163
6.3100 2.6232 5.18391659034
6.3200 2.6188 5.19213198906
6.3300 2.6145 5.20034738778
6.3400 2.6102 5.20856278649
6.3500 2.6059 5.21677818521
6.3600 2.6017 5.22499358393
6.3700 2.5974 5.23320898265
6.3800 2.5932 5.24142438136
6.3900 2.5889 5.24963978008
6.4000 2.5847 5.2578551788
6.4100 2.5805 5.26607057751
6.4200 2.5763 5.27428597623
6.4300 2.5721 5.28250137495
6.4400 2.5680 5.29071677366
6.4500 2.5638 5.29893217238
6.4600 2.5597 5.3071475711
6.4700 2.5555 5.31536296981
6.4800 2.5514 5.32357836853
6.4900 2.5473 5.33179376725
6.5000 2.5432 5.34000916596
6.5100 2.5392 5.34822456468
6.5200 2.5351 5.3564399634
6.5300 2.5310 5.36465536211
6.5400 2.5270 5.37287076083
6.5500 2.5230 5.38108615955
6.5600 2.5190 5.38930155827
6.5700 2.5150 5.39751695698
6.5800 2.5110 5.4057323557
6.5900 2.5070 5.41394775442
6.6000 2.5030 5.42216315313
6.6100 2.4991 5.43037855185
6.6200 2.4951 5.43859395057
6.6300 2.4912 5.44680934928
6.6400 2.4873 5.455024748
6.6500 2.4834 5.46324014672
6.6600 2.4795 5.47145554543
6.6700 2.4756 5.47967094415
6.6800 2.4717 5.48788634287
6.6900 2.4678 5.49610174158
6.7000 2.4640 5.5043171403
6.7100 2.4602 5.51253253902
6.7200 2.4563 5.52074793774
6.7300 2.4525 5.52896333645
6.7400 2.4487 5.53717873517
6.7500 2.4449 5.54539413389
6.7600 2.4411 5.5536095326
6.7700 2.4374 5.56182493132
6.7800 2.4336 5.57004033004
6.7900 2.4299 5.57825572875
6.8000 2.4261 5.58647112747
6.8100 2.4224 5.59468652619
6.8200 2.4187 5.6029019249
6.8300 2.4150 5.61111732362
6.8400 2.4113 5.61933272234
6.8500 2.4076 5.62754812105
6.8600 2.4039 5.63576351977
6.8700 2.4003 5.64397891849
6.8800 2.3966 5.65219431721
6.8900 2.3930 5.66040971592
6.9000 2.3893 5.66862511464
6.9100 2.3857 5.67684051336
6.9200 2.3821 5.68505591207
6.9300 2.3785 5.69327131079
6.9400 2.3749 5.70148670951
6.9500 2.3713 5.70970210822
6.9600 2.3678 5.71791750694
6.9700 2.3642 5.72613290566
6.9800 2.3607 5.73434830437
6.9900 2.3571 5.74256370309
7.0000 2.3536 5.75077910181
7.0100 2.3501 5.75899450052
7.0200 2.3466 5.76720989924
7.0300 2.3431 5.77542529796
7.0400 2.3396 5.78364069668
7.0500 2.3361 5.79185609539
7.0600 2.3327 5.80007149411
7.0700 2.3292 5.80828689283
7.0800 2.3258 5.81650229154
7.0900 2.3223 5.82471769026
7.1000 2.3189 5.83293308898
7.1100 2.3155 5.84114848769
7.1200 2.3121 5.84936388641
7.1300 2.3087 5.85757928513
7.1400 2.3053 5.86579468384
7.1500 2.3019 5.87401008256
7.1600 2.2985 5.88222548128
7.1700 2.2952 5.89044087999
7.1800 2.2918 5.89865627871
7.1900 2.2885 5.90687167743
7.2000 2.2851 5.91508707615
7.2100 2.2818 5.92330247486
7.2200 2.2785 5.93151787358
7.2300 2.2752 5.9397332723
7.2400 2.2719 5.94794867101
7.2500 2.2686 5.95616406973
7.2600 2.2653 5.96437946845
7.2700 2.2620 5.97259486716
7.2800 2.2588 5.98081026588
7.2900 2.2555 5.9890256646
7.3000 2.2523 5.99724106331
7.3100 2.2491 6.00545646203
7.3200 2.2458 6.01367186075
7.3300 2.2426 6.02188725946
7.3400 2.2394 6.03010265818
7.3500 2.2362 6.0383180569
7.3600 2.2330 6.04653345562
7.3700 2.2298 6.05474885433
7.3800 2.2267 6.06296425305
7.3900 2.2235 6.07117965177
7.4000 2.2203 6.07939505048
7.4100 2.2172 6.0876104492
7.4200 2.2140 6.09582584792
7.4300 2.2109 6.10404124663
7.4400 2.2078 6.11225664535
7.4500 2.2047 6.12047204407
7.4600 2.2016 6.12868744278
7.4700 2.1985 6.1369028415
7.4800 2.1954 6.14511824022
7.4900 2.1923 6.15333363893
7.5000 2.1892 6.16154903765
7.5100 2.1862 6.16976443637
7.5200 2.1831 6.17797983508
7.5300 2.1801 6.1861952338
7.5400 2.1770 6.19441063252
7.5500 2.1740 6.20262603124
7.5600 2.1710 6.21084142995
7.5700 2.1680 6.21905682867
7.5800 2.1649 6.22727222739
7.5900 2.1619 6.2354876261
7.6000 2.1590 6.24370302482
7.6100 2.1560 6.25191842354
7.6200 2.1530 6.26013382225
7.6300 2.1500 6.26834922097
7.6400 2.1471 6.27656461969
7.6500 2.1441 6.2847800184
7.6600 2.1412 6.29299541712
7.6700 2.1382 6.30121081584
7.6800 2.1353 6.30942621455
7.6900 2.1324 6.31764161327
7.7000 2.1295 6.32585701199
7.7100 2.1265 6.33407241071
7.7200 2.1236 6.34228780942
7.7300 2.1207 6.35050320814
7.7400 2.1179 6.35871860686
7.7500 2.1150 6.36693400557
7.7600 2.1121 6.37514940429
7.7700 2.1093 6.38336480301
7.7800 2.1064 6.39158020172
7.7900 2.1035 6.39979560044
7.8000 2.1007 6.40801099916
7.8100 2.0979 6.41622639787
7.8200 2.0950 6.42444179659
7.8300 2.0922 6.43265719531
7.8400 2.0894 6.44087259402
7.8500 2.0866 6.44908799274
7.8600 2.0838 6.45730339146
7.8700 2.0810 6.46551879018
7.8800 2.0782 6.47373418889
7.8900 2.0755 6.48194958761
7.9000 2.0727 6.49016498633
7.9100 2.0699 6.49838038504
7.9200 2.0672 6.50659578376
7.9300 2.0644 6.51481118248
7.9400 2.0617 6.52302658119
7.9500 2.0589 6.53124197991
7.9600 2.0562 6.53945737863
7.9700 2.0535 6.54767277734
7.9800 2.0508 6.55588817606
7.9900 2.0481 6.56410357478
8.0000 2.0454 6.57231897349
8.0100 2.0427 6.58053437221
8.0200 2.0400 6.58874977093
8.0300 2.0373 6.59696516965
8.0400 2.0346 6.60518056836
8.0500 2.0320 6.61339596708
8.0600 2.0293 6.6216113658
8.0700 2.0266 6.62982676451
8.0800 2.0240 6.63804216323
8.0900 2.0214 6.64625756195
8.1000 2.0187 6.65447296066
8.1100 2.0161 6.66268835938
8.1200 2.0135 6.6709037581
8.1300 2.0109 6.67911915681
8.1400 2.0082 6.68733455553
8.1500 2.0056 6.69554995425
8.1600 2.0030 6.70376535296
8.1700 2.0005 6.71198075168
8.1800 1.9979 6.7201961504
8.1900 1.9953 6.72841154912
8.2000 1.9927 6.73662694783
8.2100 1.9902 6.74484234655
8.2200 1.9876 6.75305774527
8.2300 1.9850 6.76127314398
8.2400 1.9825 6.7694885427
8.2500 1.9800 6.77770394142
8.2600 1.9774 6.78591934013
8.2700 1.9749 6.79413473885
8.2800 1.9724 6.80235013757
8.2900 1.9699 6.81056553628
8.3000 1.9674 6.818780935
8.3100 1.9648 6.82699633372
8.3200 1.9624 6.83521173243
8.3300 1.9599 6.84342713115
8.3400 1.9574 6.85164252987
8.3500 1.9549 6.85985792858
8.3600 1.9524 6.8680733273
8.3700 1.9500 6.87628872602
8.3800 1.9475 6.88450412474
8.3900 1.9450 6.89271952345
8.4000 1.9426 6.90093492217
8.4100 1.9401 6.90915032089
8.4200 1.9377 6.9173657196
8.4300 1.9353 6.92558111832
8.4400 1.9328 6.93379651704
8.4500 1.9304 6.94201191575
8.4600 1.9280 6.95022731447
8.4700 1.9256 6.95844271319
8.4800 1.9232 6.9666581119
8.4900 1.9208 6.97487351062
8.5000 1.9184 6.98308890934
8.5100 1.9160 6.99130430805
8.5200 1.9136 6.99951970677
8.5300 1.9112 7.00773510549
8.5400 1.9089 7.01595050421
8.5500 1.9065 7.02416590292
8.5600 1.9042 7.03238130164
8.5700 1.9018 7.04059670036
8.5800 1.8994 7.04881209907
8.5900 1.8971 7.05702749779
8.6000 1.8948 7.06524289651
8.6100 1.8924 7.07345829522
8.6200 1.8901 7.08167369394
8.6300 1.8878 7.08988909266
8.6400 1.8855 7.09810449137
8.6500 1.8832 7.10631989009
8.6600 1.8809 7.11453528881
8.6700 1.8786 7.12275068752
8.6800 1.8763 7.13096608624
8.6900 1.8740 7.13918148496
8.7000 1.8717 7.14739688368
8.7100 1.8694 7.15561228239
8.7200 1.8671 7.16382768111
8.7300 1.8649 7.17204307983
8.7400 1.8626 7.18025847854
8.7500 1.8603 7.18847387726
8.7600 1.8581 7.19668927598
8.7700 1.8558 7.20490467469
8.7800 1.8536 7.21312007341
8.7900 1.8514 7.22133547213
8.8000 1.8491 7.22955087084
8.8100 1.8469 7.23776626956
8.8200 1.8447 7.24598166828
8.8300 1.8424 7.25419706699
8.8400 1.8402 7.26241246571
8.8500 1.8380 7.27062786443
8.8600 1.8358 7.27884326315
8.8700 1.8336 7.28705866186
8.8800 1.8314 7.29527406058
8.8900 1.8292 7.3034894593
8.9000 1.8271 7.31170485801
8.9100 1.8249 7.31992025673
8.9200 1.8227 7.32813565545
8.9300 1.8205 7.33635105416
8.9400 1.8184 7.34456645288
8.9500 1.8162 7.3527818516
8.9600 1.8141 7.36099725031
8.9700 1.8119 7.36921264903
8.9800 1.8098 7.37742804775
8.9900 1.8076 7.38564344646
9.0000 1.8055 7.39385884518
9.0100 1.8034 7.4020742439
9.0200 1.8012 7.41028964262
9.0300 1.7991 7.41850504133
9.0400 1.7970 7.42672044005
9.0500 1.7949 7.43493583877
9.0600 1.7928 7.44315123748
9.0700 1.7907 7.4513666362
9.0800 1.7886 7.45958203492
9.0900 1.7865 7.46779743363
9.1000 1.7844 7.47601283235
9.1100 1.7823 7.48422823107
9.1200 1.7802 7.49244362978
9.1300 1.7782 7.5006590285
9.1400 1.7761 7.50887442722
9.1500 1.7740 7.51708982593
9.1600 1.7720 7.52530522465
9.1700 1.7699 7.53352062337
9.1800 1.7679 7.54173602209
9.1900 1.7658 7.5499514208
9.2000 1.7638 7.55816681952
9.2100 1.7617 7.56638221824
9.2200 1.7597 7.57459761695
9.2300 1.7577 7.58281301567
9.2400 1.7556 7.59102841439
9.2500 1.7536 7.5992438131
9.2600 1.7516 7.60745921182
9.2700 1.7496 7.61567461054
9.2800 1.7476 7.62389000925
9.2900 1.7456 7.63210540797
9.3000 1.7436 7.64032080669
9.3100 1.7416 7.6485362054
9.3200 1.7396 7.65675160412
9.3300 1.7376 7.66496700284
9.3400 1.7356 7.67318240155
9.3500 1.7336 7.68139780027
9.3600 1.7317 7.68961319899
9.3700 1.7297 7.69782859771
9.3800 1.7277 7.70604399642
9.3900 1.7258 7.71425939514
9.4000 1.7238 7.72247479386
9.4100 1.7218 7.73069019257
9.4200 1.7199 7.73890559129
9.4300 1.7180 7.74712099001
9.4400 1.7160 7.75533638872
9.4500 1.7141 7.76355178744
9.4600 1.7121 7.77176718616
9.4700 1.7102 7.77998258487
9.4800 1.7083 7.78819798359
9.4900 1.7064 7.79641338231
9.5000 1.7044 7.80462878102
9.5100 1.7025 7.81284417974
9.5200 1.7006 7.82105957846
9.5300 1.6987 7.82927497718
9.5400 1.6968 7.83749037589
9.5500 1.6949 7.84570577461
9.5600 1.6930 7.85392117333
9.5700 1.6911 7.86213657204
9.5800 1.6893 7.87035197076
9.5900 1.6874 7.87856736948
9.6000 1.6855 7.88678276819
9.6100 1.6836 7.89499816691
9.6200 1.6818 7.90321356563
9.6300 1.6799 7.91142896434
9.6400 1.6780 7.91964436306
9.6500 1.6762 7.92785976178
9.6600 1.6743 7.93607516049
9.6700 1.6725 7.94429055921
9.6800 1.6706 7.95250595793
9.6900 1.6688 7.96072135665
9.7000 1.6669 7.96893675536
9.7100 1.6651 7.97715215408
9.7200 1.6633 7.9853675528
9.7300 1.6614 7.99358295151
9.7400 1.6596 8.00179835023
9.7500 1.6578 8.01001374895
9.7600 1.6560 8.01822914766
9.7700 1.6542 8.02644454638
9.7800 1.6524 8.0346599451
9.7900 1.6506 8.04287534381
9.8000 1.6488 8.05109074253
9.8100 1.6470 8.05930614125
9.8200 1.6452 8.06752153996
9.8300 1.6434 8.07573693868
9.8400 1.6416 8.0839523374
9.8500 1.6398 8.09216773612
9.8600 1.6380 8.10038313483
9.8700 1.6362 8.10859853355
9.8800 1.6345 8.11681393227
9.8900 1.6327 8.12502933098
9.9000 1.6309 8.1332447297
9.9100 1.6292 8.14146012842
9.9200 1.6274 8.14967552713
9.9300 1.6257 8.15789092585
9.9400 1.6239 8.16610632457
9.9500 1.6222 8.17432172328
9.9600 1.6204 8.182537122
9.9700 1.6187 8.19075252072
9.9800 1.6169 8.19896791943
9.9900 1.6152 8.20718331815
10.000 1.6135 8.21539871687
10.100 1.5964 8.29755270404
10.110 1.5947 8.30576810275
10.120 1.5930 8.31398350147
10.130 1.5913 8.32219890019
10.140 1.5896 8.3304142989
10.150 1.5879 8.33862969762
10.160 1.5862 8.34684509634
10.170 1.5846 8.35506049505
10.180 1.5829 8.36327589377
10.190 1.5812 8.37149129249
10.200 1.5796 8.37970669121
10.210 1.5779 8.38792208992
10.220 1.5763 8.39613748864
10.230 1.5746 8.40435288736
10.240 1.5730 8.41256828607
10.250 1.5713 8.42078368479
10.260 1.5697 8.42899908351
10.270 1.5680 8.43721448222
10.280 1.5664 8.44542988094
10.290 1.5647 8.45364527966
10.300 1.5631 8.46186067837
10.310 1.5615 8.47007607709
10.320 1.5599 8.47829147581
10.330 1.5582 8.48650687452
10.340 1.5566 8.49472227324
10.350 1.5550 8.50293767196
10.360 1.5534 8.51115307068
10.370 1.5518 8.51936846939
10.380 1.5502 8.52758386811
10.390 1.5486 8.53579926683
10.400 1.5470 8.54401466554
10.410 1.5454 8.55223006426
10.420 1.5438 8.56044546298
10.430 1.5422 8.56866086169
10.440 1.5406 8.57687626041
10.450 1.5390 8.58509165913
10.460 1.5374 8.59330705784
10.470 1.5359 8.60152245656
10.480 1.5343 8.60973785528
10.490 1.5327 8.61795325399
10.500 1.5311 8.62616865271
10.510 1.5296 8.63438405143
10.520 1.5280 8.64259945015
10.530 1.5264 8.65081484886
10.540 1.5249 8.65903024758
10.550 1.5233 8.6672456463
10.560 1.5218 8.67546104501
10.570 1.5202 8.68367644373
10.580 1.5187 8.69189184245
10.590 1.5171 8.70010724116
10.600 1.5156 8.70832263988
10.610 1.5141 8.7165380386
10.620 1.5125 8.72475343731
10.630 1.5110 8.73296883603
10.640 1.5095 8.74118423475
10.650 1.5079 8.74939963346
10.660 1.5064 8.75761503218
10.670 1.5049 8.7658304309
10.680 1.5034 8.77404582962
10.690 1.5019 8.78226122833
10.700 1.5003 8.79047662705
10.710 1.4988 8.79869202577
10.720 1.4973 8.80690742448
10.730 1.4958 8.8151228232
10.740 1.4943 8.82333822192
10.750 1.4928 8.83155362063
10.760 1.4913 8.83976901935
10.770 1.4898 8.84798441807
10.780 1.4884 8.85619981678
10.790 1.4869 8.8644152155
10.800 1.4854 8.87263061422
10.810 1.4839 8.88084601293
10.820 1.4824 8.88906141165
10.830 1.4809 8.89727681037
10.840 1.4795 8.90549220909
10.850 1.4780 8.9137076078
10.860 1.4765 8.92192300652
10.870 1.4751 8.93013840524
10.880 1.4736 8.93835380395
10.890 1.4721 8.94656920267
10.900 1.4707 8.95478460139
10.910 1.4692 8.9630000001
10.920 1.4678 8.97121539882
10.930 1.4663 8.97943079754
10.940 1.4649 8.98764619625
10.950 1.4634 8.99586159497
10.960 1.4620 9.00407699369
10.970 1.4606 9.0122923924
10.980 1.4591 9.02050779112
10.990 1.4577 9.02872318984
11.000 1.4563 9.03693858856
11.010 1.4548 9.04515398727
11.020 1.4534 9.05336938599
11.030 1.4520 9.06158478471
11.040 1.4506 9.06980018342
11.050 1.4491 9.07801558214
11.060 1.4477 9.08623098086
11.070 1.4463 9.09444637957
11.080 1.4449 9.10266177829
11.090 1.4435 9.11087717701
11.100 1.4421 9.11909257572
11.110 1.4407 9.12730797444
11.120 1.4393 9.13552337316
11.130 1.4379 9.14373877187
11.140 1.4365 9.15195417059
11.150 1.4351 9.16016956931
11.160 1.4337 9.16838496802
11.170 1.4323 9.17660036674
11.180 1.4309 9.18481576546
11.190 1.4295 9.19303116418
11.200 1.4282 9.20124656289
11.210 1.4268 9.20946196161
11.220 1.4254 9.21767736033
11.230 1.4240 9.22589275904
11.240 1.4227 9.23410815776
11.250 1.4213 9.24232355648
11.260 1.4199 9.25053895519
11.270 1.4186 9.25875435391
11.280 1.4172 9.26696975263
11.290 1.4159 9.27518515134
11.300 1.4145 9.28340055006
11.310 1.4131 9.29161594878
11.320 1.4118 9.29983134749
11.330 1.4104 9.30804674621
11.340 1.4091 9.31626214493
11.350 1.4077 9.32447754365
11.360 1.4064 9.33269294236
11.370 1.4051 9.34090834108
11.380 1.4037 9.3491237398
11.390 1.4024 9.35733913851
11.400 1.4011 9.36555453723
11.410 1.3997 9.37376993595
11.420 1.3984 9.38198533466
11.430 1.3971 9.39020073338
11.440 1.3958 9.3984161321
11.450 1.3944 9.40663153081
11.460 1.3931 9.41484692953
11.470 1.3918 9.42306232825
11.480 1.3905 9.43127772696
11.490 1.3892 9.43949312568
11.500 1.3879 9.4477085244
11.510 1.3866 9.45592392312
11.520 1.3852 9.46413932183
11.530 1.3839 9.47235472055
11.540 1.3826 9.48057011927
11.550 1.3813 9.48878551798
11.560 1.3800 9.4970009167
11.570 1.3788 9.50521631542
11.580 1.3775 9.51343171413
11.590 1.3762 9.52164711285
11.600 1.3749 9.52986251157
11.610 1.3736 9.53807791028
11.620 1.3723 9.546293309
11.630 1.3710 9.55450870772
11.640 1.3698 9.56272410643
11.650 1.3685 9.57093950515
11.660 1.3672 9.57915490387
11.670 1.3659 9.58737030259
11.680 1.3647 9.5955857013
11.690 1.3634 9.60380110002
11.700 1.3621 9.61201649874
11.710 1.3609 9.62023189745
11.720 1.3596 9.62844729617
11.730 1.3583 9.63666269489
11.740 1.3571 9.6448780936
11.750 1.3558 9.65309349232
11.760 1.3546 9.66130889104
11.770 1.3533 9.66952428975
11.780 1.3521 9.67773968847
11.790 1.3508 9.68595508719
11.800 1.3496 9.6941704859
11.810 1.3483 9.70238588462
11.820 1.3471 9.71060128334
11.830 1.3459 9.71881668206
11.840 1.3446 9.72703208077
11.850 1.3434 9.73524747949
11.860 1.3422 9.74346287821
11.870 1.3409 9.75167827692
11.880 1.3397 9.75989367564
11.890 1.3385 9.76810907436
11.900 1.3373 9.77632447307
11.910 1.3360 9.78453987179
11.920 1.3348 9.79275527051
11.930 1.3336 9.80097066922
11.940 1.3324 9.80918606794
11.950 1.3312 9.81740146666
11.960 1.3300 9.82561686537
11.970 1.3288 9.83383226409
11.980 1.3275 9.84204766281
11.990 1.3263 9.85026306153
12.000 1.3251 9.85847846024
12.010 1.3239 9.86669385896
12.020 1.3227 9.87490925768
12.030 1.3215 9.88312465639
12.040 1.3203 9.89134005511
12.050 1.3191 9.89955545383
12.060 1.3180 9.90777085254
12.070 1.3168 9.91598625126
12.080 1.3156 9.92420164998
12.090 1.3144 9.93241704869
12.100 1.3132 9.94063244741
12.110 1.3120 9.94884784613
12.120 1.3108 9.95706324484
12.130 1.3097 9.96527864356
12.140 1.3085 9.97349404228
12.150 1.3073 9.98170944099
12.160 1.3061 9.98992483971
12.170 1.3050 9.99814023843
12.180 1.3038 10.0063556371
12.190 1.3026 10.0145710359
12.200 1.3015 10.0227864346
12.210 1.3003 10.0310018333
12.220 1.2992 10.039217232
12.230 1.2980 10.0474326307
12.240 1.2968 10.0556480294
12.250 1.2957 10.0638634282
12.260 1.2945 10.0720788269
12.270 1.2934 10.0802942256
12.280 1.2922 10.0885096243
12.290 1.2911 10.096725023
12.300 1.2899 10.1049404217
12.310 1.2888 10.1131558205
12.320 1.2876 10.1213712192
12.330 1.2865 10.1295866179
12.340 1.2854 10.1378020166
12.350 1.2842 10.1460174153
12.360 1.2831 10.154232814
12.370 1.2820 10.1624482128
12.380 1.2808 10.1706636115
12.390 1.2797 10.1788790102
12.400 1.2786 10.1870944089
12.410 1.2775 10.1953098076
12.420 1.2763 10.2035252064
12.430 1.2752 10.2117406051
12.440 1.2741 10.2199560038
12.450 1.2730 10.2281714025
12.460 1.2718 10.2363868012
12.470 1.2707 10.2446021999
12.480 1.2696 10.2528175987
12.490 1.2685 10.2610329974
12.500 1.2674 10.2692483961
12.510 1.2663 10.2774637948
12.520 1.2652 10.2856791935
12.530 1.2641 10.2938945922
12.540 1.2630 10.302109991
12.550 1.2619 10.3103253897
12.560 1.2608 10.3185407884
12.570 1.2597 10.3267561871
12.580 1.2586 10.3349715858
12.590 1.2575 10.3431869845
12.600 1.2564 10.3514023833
12.610 1.2553 10.359617782
12.620 1.2542 10.3678331807
12.630 1.2531 10.3760485794
12.640 1.2520 10.3842639781
12.650 1.2510 10.3924793768
12.660 1.2499 10.4006947756
12.670 1.2488 10.4089101743
12.680 1.2477 10.417125573
12.690 1.2466 10.4253409717
12.700 1.2456 10.4335563704
12.710 1.2445 10.4417717691
12.720 1.2434 10.4499871679
12.730 1.2424 10.4582025666
12.740 1.2413 10.4664179653
12.750 1.2402 10.474633364
12.760 1.2392 10.4828487627
12.770 1.2381 10.4910641614
12.780 1.2370 10.4992795602
12.790 1.2360 10.5074949589
12.800 1.2349 10.5157103576
12.810 1.2339 10.5239257563
12.820 1.2328 10.532141155
12.830 1.2317 10.5403565537
12.840 1.2307 10.5485719525
12.850 1.2296 10.5567873512
12.860 1.2286 10.5650027499
12.870 1.2275 10.5732181486
12.880 1.2265 10.5814335473
12.890 1.2255 10.589648946
12.900 1.2244 10.5978643448
12.910 1.2234 10.6060797435
12.920 1.2223 10.6142951422
12.930 1.2213 10.6225105409
12.940 1.2203 10.6307259396
12.950 1.2192 10.6389413383
12.960 1.2182 10.6471567371
12.970 1.2172 10.6553721358
12.980 1.2161 10.6635875345
12.990 1.2151 10.6718029332
13.000 1.2141 10.6800183319
13.010 1.2131 10.6882337306
13.020 1.2120 10.6964491294
13.030 1.2110 10.7046645281
13.040 1.2100 10.7128799268
13.050 1.2090 10.7210953255
13.060 1.2080 10.7293107242
13.070 1.2069 10.7375261229
13.080 1.2059 10.7457415217
13.090 1.2049 10.7539569204
13.100 1.2039 10.7621723191
13.110 1.2029 10.7703877178
13.120 1.2019 10.7786031165
13.130 1.2009 10.7868185152
13.140 1.1999 10.795033914
13.150 1.1989 10.8032493127
13.160 1.1979 10.8114647114
13.170 1.1969 10.8196801101
13.180 1.1959 10.8278955088
13.190 1.1949 10.8361109075
13.200 1.1939 10.8443263063
13.210 1.1929 10.852541705
13.220 1.1919 10.8607571037
13.230 1.1909 10.8689725024
13.240 1.1899 10.8771879011
13.250 1.1889 10.8854032999
13.260 1.1879 10.8936186986
13.270 1.1869 10.9018340973
13.280 1.1860 10.910049496
13.290 1.1850 10.9182648947
13.300 1.1840 10.9264802934
13.310 1.1830 10.9346956922
13.320 1.1820 10.9429110909
13.330 1.1811 10.9511264896
13.340 1.1801 10.9593418883
13.350 1.1791 10.967557287
13.360 1.1781 10.9757726857
13.370 1.1772 10.9839880845
13.380 1.1762 10.9922034832
13.390 1.1752 11.0004188819
13.400 1.1743 11.0086342806
13.410 1.1733 11.0168496793
13.420 1.1723 11.025065078
13.430 1.1714 11.0332804768
13.440 1.1704 11.0414958755
13.450 1.1695 11.0497112742
13.460 1.1685 11.0579266729
13.470 1.1675 11.0661420716
13.480 1.1666 11.0743574703
13.490 1.1656 11.0825728691
13.500 1.1647 11.0907882678
13.510 1.1637 11.0990036665
13.520 1.1628 11.1072190652
13.530 1.1618 11.1154344639
13.540 1.1609 11.1236498626
13.550 1.1599 11.1318652614
13.560 1.1590 11.1400806601
13.570 1.1581 11.1482960588
13.580 1.1571 11.1565114575
13.590 1.1562 11.1647268562
13.600 1.1552 11.1729422549
13.610 1.1543 11.1811576537
13.620 1.1534 11.1893730524
13.630 1.1524 11.1975884511
13.640 1.1515 11.2058038498
13.650 1.1506 11.2140192485
13.660 1.1496 11.2222346472
13.670 1.1487 11.230450046
13.680 1.1478 11.2386654447
13.690 1.1469 11.2468808434
13.700 1.1459 11.2550962421
13.710 1.1450 11.2633116408
13.720 1.1441 11.2715270395
13.730 1.1432 11.2797424383
13.740 1.1422 11.287957837
13.750 1.1413 11.2961732357
13.760 1.1404 11.3043886344
13.770 1.1395 11.3126040331
13.780 1.1386 11.3208194318
13.790 1.1377 11.3290348306
13.800 1.1368 11.3372502293
13.810 1.1358 11.345465628
13.820 1.1349 11.3536810267
13.830 1.1340 11.3618964254
13.840 1.1331 11.3701118241
13.850 1.1322 11.3783272229
13.860 1.1313 11.3865426216
13.870 1.1304 11.3947580203
13.880 1.1295 11.402973419
13.890 1.1286 11.4111888177
13.900 1.1277 11.4194042164
13.910 1.1268 11.4276196152
13.920 1.1259 11.4358350139
13.930 1.1250 11.4440504126
13.940 1.1241 11.4522658113
13.950 1.1232 11.46048121
13.960 1.1223 11.4686966087
13.970 1.1215 11.4769120075
13.980 1.1206 11.4851274062
13.990 1.1197 11.4933428049
14.000 1.1188 11.5015582036
14.010 1.1179 11.5097736023
14.020 1.1170 11.517989001
14.030 1.1161 11.5262043998
14.040 1.1153 11.5344197985
14.050 1.1144 11.5426351972
14.060 1.1135 11.5508505959
14.070 1.1126 11.5590659946
14.080 1.1118 11.5672813934
14.090 1.1109 11.5754967921
14.100 1.1100 11.5837121908
14.110 1.1091 11.5919275895
14.120 1.1083 11.6001429882
14.130 1.1074 11.6083583869
14.140 1.1065 11.6165737857
14.150 1.1057 11.6247891844
14.160 1.1048 11.6330045831
14.170 1.1039 11.6412199818
14.180 1.1031 11.6494353805
14.190 1.1022 11.6576507792
14.200 1.1013 11.665866178
14.210 1.1005 11.6740815767
14.220 1.0996 11.6822969754
14.230 1.0988 11.6905123741
14.240 1.0979 11.6987277728
14.250 1.0970 11.7069431715
14.260 1.0962 11.7151585703
14.270 1.0953 11.723373969
14.280 1.0945 11.7315893677
14.290 1.0936 11.7398047664
14.300 1.0928 11.7480201651
14.310 1.0919 11.7562355638
14.320 1.0911 11.7644509626
14.330 1.0902 11.7726663613
14.340 1.0894 11.78088176
14.350 1.0886 11.7890971587
14.360 1.0877 11.7973125574
14.370 1.0869 11.8055279561
14.380 1.0860 11.8137433549
14.390 1.0852 11.8219587536
14.400 1.0844 11.8301741523
14.410 1.0835 11.838389551
14.420 1.0827 11.8466049497
14.430 1.0819 11.8548203484
14.440 1.0810 11.8630357472
14.450 1.0802 11.8712511459
14.460 1.0794 11.8794665446
14.470 1.0785 11.8876819433
14.480 1.0777 11.895897342
14.490 1.0769 11.9041127407
14.500 1.0760 11.9123281395
14.510 1.0752 11.9205435382
14.520 1.0744 11.9287589369
14.530 1.0736 11.9369743356
14.540 1.0728 11.9451897343
14.550 1.0719 11.953405133
14.560 1.0711 11.9616205318
14.570 1.0703 11.9698359305
14.580 1.0695 11.9780513292
14.590 1.0687 11.9862667279
14.600 1.0678 11.9944821266
14.610 1.0670 12.0026975253
14.620 1.0662 12.0109129241
14.630 1.0654 12.0191283228
14.640 1.0646 12.0273437215
14.650 1.0638 12.0355591202
14.660 1.0630 12.0437745189
14.670 1.0622 12.0519899176
14.680 1.0614 12.0602053164
14.690 1.0606 12.0684207151
14.700 1.0598 12.0766361138
14.710 1.0590 12.0848515125
14.720 1.0581 12.0930669112
14.730 1.0573 12.1012823099
14.740 1.0565 12.1094977087
14.750 1.0557 12.1177131074
14.760 1.0550 12.1259285061
14.770 1.0542 12.1341439048
14.780 1.0534 12.1423593035
14.790 1.0526 12.1505747022
14.800 1.0518 12.158790101
14.810 1.0510 12.1670054997
14.820 1.0502 12.1752208984
14.830 1.0494 12.1834362971
14.840 1.0486 12.1916516958
14.850 1.0478 12.1998670945
14.860 1.0470 12.2080824933
14.870 1.0462 12.216297892
14.880 1.0455 12.2245132907
14.890 1.0447 12.2327286894
14.900 1.0439 12.2409440881
14.910 1.0431 12.2491594869
14.920 1.0423 12.2573748856
14.930 1.0416 12.2655902843
14.940 1.0408 12.273805683
14.950 1.0400 12.2820210817
14.960 1.0392 12.2902364804
14.970 1.0384 12.2984518792
14.980 1.0377 12.3066672779
14.990 1.0369 12.3148826766
15.000 1.0361 12.3230980753
15.100 1.0285 12.4052520625
15.110 1.0277 12.4134674612
15.120 1.0269 12.4216828599
15.130 1.0262 12.4298982586
15.140 1.0254 12.4381136573
15.150 1.0247 12.4463290561
15.160 1.0239 12.4545444548
15.170 1.0231 12.4627598535
15.180 1.0224 12.4709752522
15.190 1.0216 12.4791906509
15.200 1.0209 12.4874060496
15.210 1.0201 12.4956214484
15.220 1.0194 12.5038368471
15.230 1.0186 12.5120522458
15.240 1.0179 12.5202676445
15.250 1.0171 12.5284830432
15.260 1.0164 12.5366984419
15.270 1.0156 12.5449138407
15.280 1.0149 12.5531292394
15.290 1.0142 12.5613446381
15.300 1.0134 12.5695600368
15.310 1.0127 12.5777754355
15.320 1.0119 12.5859908342
15.330 1.0112 12.594206233
15.340 1.0104 12.6024216317
15.350 1.0097 12.6106370304
15.360 1.0090 12.6188524291
15.370 1.0082 12.6270678278
15.380 1.0075 12.6352832265
15.390 1.0068 12.6434986253
15.400 1.0060 12.651714024
15.410 1.0053 12.6599294227
15.420 1.0046 12.6681448214
15.430 1.0038 12.6763602201
15.440 1.0031 12.6845756188
15.450 1.0024 12.6927910176
15.460 1.0017 12.7010064163
15.470 1.0009 12.709221815
15.480 1.0002 12.7174372137
15.490 0.99947 12.7256526124
15.500 0.99875 12.7338680111
15.510 0.99803 12.7420834099
15.520 0.99730 12.7502988086
15.530 0.99658 12.7585142073
15.540 0.99586 12.766729606
15.550 0.99514 12.7749450047
15.560 0.99442 12.7831604034
15.570 0.99371 12.7913758022
15.580 0.99299 12.7995912009
15.590 0.99227 12.8078065996
15.600 0.99156 12.8160219983
15.610 0.99084 12.824237397
15.620 0.99013 12.8324527957
15.630 0.98942 12.8406681945
15.640 0.98871 12.8488835932
15.650 0.98800 12.8570989919
15.660 0.98729 12.8653143906
15.670 0.98658 12.8735297893
15.680 0.98587 12.881745188
15.690 0.98517 12.8899605868
15.700 0.98446 12.8981759855
15.710 0.98375 12.9063913842
15.720 0.98305 12.9146067829
15.730 0.98235 12.9228221816
15.740 0.98164 12.9310375804
15.750 0.98094 12.9392529791
15.760 0.98024 12.9474683778
15.770 0.97954 12.9556837765
15.780 0.97884 12.9638991752
15.790 0.97815 12.9721145739
15.800 0.97745 12.9803299727
15.810 0.97675 12.9885453714
15.820 0.97606 12.9967607701
15.830 0.97536 13.0049761688
15.840 0.97467 13.0131915675
15.850 0.97398 13.0214069662
15.860 0.97328 13.029622365
15.870 0.97259 13.0378377637
15.880 0.97190 13.0460531624
15.890 0.97121 13.0542685611
15.900 0.97053 13.0624839598
15.910 0.96984 13.0706993585
15.920 0.96915 13.0789147573
15.930 0.96847 13.087130156
15.940 0.96778 13.0953455547
15.950 0.96710 13.1035609534
15.960 0.96641 13.1117763521
15.970 0.96573 13.1199917508
15.980 0.96505 13.1282071496
15.990 0.96437 13.1364225483
16.000 0.96369 13.144637947
16.010 0.96301 13.1528533457
16.020 0.96233 13.1610687444
16.030 0.96165 13.1692841431
16.040 0.96098 13.1774995419
16.050 0.96030 13.1857149406
16.060 0.95963 13.1939303393
16.070 0.95895 13.202145738
16.080 0.95828 13.2103611367
16.090 0.95761 13.2185765354
16.100 0.95693 13.2267919342
16.110 0.95626 13.2350073329
16.120 0.95559 13.2432227316
16.130 0.95492 13.2514381303
16.140 0.95426 13.259653529
16.150 0.95359 13.2678689277
16.160 0.95292 13.2760843265
16.170 0.95226 13.2842997252
16.180 0.95159 13.2925151239
16.190 0.95093 13.3007305226
16.200 0.95026 13.3089459213
16.210 0.94960 13.31716132
16.220 0.94894 13.3253767188
16.230 0.94828 13.3335921175
16.240 0.94762 13.3418075162
16.250 0.94696 13.3500229149
16.260 0.94630 13.3582383136
16.270 0.94564 13.3664537123
16.280 0.94498 13.3746691111
16.290 0.94433 13.3828845098
16.300 0.94367 13.3910999085
16.310 0.94302 13.3993153072
16.320 0.94236 13.4075307059
16.330 0.94171 13.4157461046
16.340 0.94106 13.4239615034
16.350 0.94041 13.4321769021
16.360 0.93976 13.4403923008
16.370 0.93911 13.4486076995
16.380 0.93846 13.4568230982
16.390 0.93781 13.4650384969
16.400 0.93716 13.4732538957
16.410 0.93652 13.4814692944
16.420 0.93587 13.4896846931
16.430 0.93522 13.4979000918
16.440 0.93458 13.5061154905
16.450 0.93394 13.5143308892
16.460 0.93329 13.522546288
16.470 0.93265 13.5307616867
16.480 0.93201 13.5389770854
16.490 0.93137 13.5471924841
16.500 0.93073 13.5554078828
16.510 0.93009 13.5636232815
16.520 0.92945 13.5718386803
16.530 0.92881 13.580054079
16.540 0.92818 13.5882694777
16.550 0.92754 13.5964848764
16.560 0.92691 13.6047002751
16.570 0.92627 13.6129156739
16.580 0.92564 13.6211310726
16.590 0.92501 13.6293464713
16.600 0.92437 13.63756187
16.610 0.92374 13.6457772687
16.620 0.92311 13.6539926674
16.630 0.92248 13.6622080662
16.640 0.92185 13.6704234649
16.650 0.92122 13.6786388636
16.660 0.92060 13.6868542623
16.670 0.91997 13.695069661
16.680 0.91934 13.7032850597
16.690 0.91872 13.7115004585
16.700 0.91809 13.7197158572
16.710 0.91747 13.7279312559
16.720 0.91684 13.7361466546
16.730 0.91622 13.7443620533
16.740 0.91560 13.752577452
16.750 0.91498 13.7607928508
16.760 0.91436 13.7690082495
16.770 0.91374 13.7772236482
16.780 0.91312 13.7854390469
16.790 0.91250 13.7936544456
16.800 0.91188 13.8018698443
16.810 0.91127 13.8100852431
16.820 0.91065 13.8183006418
16.830 0.91004 13.8265160405
16.840 0.90942 13.8347314392
16.850 0.90881 13.8429468379
16.860 0.90820 13.8511622366
16.870 0.90758 13.8593776354
16.880 0.90697 13.8675930341
16.890 0.90636 13.8758084328
16.900 0.90575 13.8840238315
16.910 0.90514 13.8922392302
16.920 0.90453 13.9004546289
16.930 0.90392 13.9086700277
16.940 0.90332 13.9168854264
16.950 0.90271 13.9251008251
16.960 0.90210 13.9333162238
16.970 0.90150 13.9415316225
16.980 0.90089 13.9497470212
16.990 0.90029 13.95796242
17.000 0.89969 13.9661778187
17.010 0.89908 13.9743932174
17.020 0.89848 13.9826086161
17.030 0.89788 13.9908240148
17.040 0.89728 13.9990394135
17.050 0.89668 14.0072548123
17.060 0.89608 14.015470211
17.070 0.89548 14.0236856097
17.080 0.89489 14.0319010084
17.090 0.89429 14.0401164071
17.100 0.89369 14.0483318058
17.110 0.89310 14.0565472046
17.120 0.89250 14.0647626033
17.130 0.89191 14.072978002
17.140 0.89131 14.0811934007
17.150 0.89072 14.0894087994
17.160 0.89013 14.0976241981
17.170 0.88954 14.1058395969
17.180 0.88895 14.1140549956
17.190 0.88836 14.1222703943
17.200 0.88777 14.130485793
17.210 0.88718 14.1387011917
17.220 0.88659 14.1469165904
17.230 0.88600 14.1551319892
17.240 0.88542 14.1633473879
17.250 0.88483 14.1715627866
17.260 0.88425 14.1797781853
17.270 0.88366 14.187993584
17.280 0.88308 14.1962089827
17.290 0.88249 14.2044243815
17.300 0.88191 14.2126397802
17.310 0.88133 14.2208551789
17.320 0.88075 14.2290705776
17.330 0.88017 14.2372859763
17.340 0.87959 14.245501375
17.350 0.87901 14.2537167738
17.360 0.87843 14.2619321725
17.370 0.87785 14.2701475712
17.380 0.87727 14.2783629699
17.390 0.87670 14.2865783686
17.400 0.87612 14.2947937674
17.410 0.87554 14.3030091661
17.420 0.87497 14.3112245648
17.430 0.87440 14.3194399635
17.440 0.87382 14.3276553622
17.450 0.87325 14.3358707609
17.460 0.87268 14.3440861597
17.470 0.87211 14.3523015584
17.480 0.87153 14.3605169571
17.490 0.87096 14.3687323558
17.500 0.87039 14.3769477545
17.510 0.86983 14.3851631532
17.520 0.86926 14.393378552
17.530 0.86869 14.4015939507
17.540 0.86812 14.4098093494
17.550 0.86756 14.4180247481
17.560 0.86699 14.4262401468
17.570 0.86642 14.4344555455
17.580 0.86586 14.4426709443
17.590 0.86530 14.450886343
17.600 0.86473 14.4591017417
17.610 0.86417 14.4673171404
17.620 0.86361 14.4755325391
17.630 0.86305 14.4837479378
17.640 0.86249 14.4919633366
17.650 0.86193 14.5001787353
17.660 0.86137 14.508394134
17.670 0.86081 14.5166095327
17.680 0.86025 14.5248249314
17.690 0.85969 14.5330403301
17.700 0.85913 14.5412557289
17.710 0.85858 14.5494711276
17.720 0.85802 14.5576865263
17.730 0.85747 14.565901925
17.740 0.85691 14.5741173237
17.750 0.85636 14.5823327224
17.760 0.85581 14.5905481212
17.770 0.85525 14.5987635199
17.780 0.85470 14.6069789186
17.790 0.85415 14.6151943173
17.800 0.85360 14.623409716
17.810 0.85305 14.6316251147
17.820 0.85250 14.6398405135
17.830 0.85195 14.6480559122
17.840 0.85140 14.6562713109
17.850 0.85085 14.6644867096
17.860 0.85031 14.6727021083
17.870 0.84976 14.680917507
17.880 0.84921 14.6891329058
17.890 0.84867 14.6973483045
17.900 0.84812 14.7055637032
17.910 0.84758 14.7137791019
17.920 0.84703 14.7219945006
17.930 0.84649 14.7302098993
17.940 0.84595 14.7384252981
17.950 0.84541 14.7466406968
17.960 0.84487 14.7548560955
17.970 0.84433 14.7630714942
17.980 0.84379 14.7712868929
17.990 0.84325 14.7795022916
18.000 0.84271 14.7877176904
18.010 0.84217 14.7959330891
18.020 0.84163 14.8041484878
18.030 0.84109 14.8123638865
18.040 0.84056 14.8205792852
18.050 0.84002 14.8287946839
18.060 0.83949 14.8370100827
18.070 0.83895 14.8452254814
18.080 0.83842 14.8534408801
18.090 0.83788 14.8616562788
18.100 0.83735 14.8698716775
18.110 0.83682 14.8780870762
18.120 0.83629 14.886302475
18.130 0.83576 14.8945178737
18.140 0.83522 14.9027332724
18.150 0.83469 14.9109486711
18.160 0.83416 14.9191640698
18.170 0.83364 14.9273794685
18.180 0.83311 14.9355948673
18.190 0.83258 14.943810266
18.200 0.83205 14.9520256647
18.210 0.83153 14.9602410634
18.220 0.83100 14.9684564621
18.230 0.83047 14.9766718609
18.240 0.82995 14.9848872596
18.250 0.82942 14.9931026583
18.260 0.82890 15.001318057
18.270 0.82838 15.0095334557
18.280 0.82785 15.0177488544
18.290 0.82733 15.0259642532
18.300 0.82681 15.0341796519
18.310 0.82629 15.0423950506
18.320 0.82577 15.0506104493
18.330 0.82525 15.058825848
18.340 0.82473 15.0670412467
18.350 0.82421 15.0752566455
18.360 0.82369 15.0834720442
18.370 0.82317 15.0916874429
18.380 0.82266 15.0999028416
18.390 0.82214 15.1081182403
18.400 0.82162 15.116333639
18.410 0.82111 15.1245490378
18.420 0.82059 15.1327644365
18.430 0.82008 15.1409798352
18.440 0.81957 15.1491952339
18.450 0.81905 15.1574106326
18.460 0.81854 15.1656260313
18.470 0.81803 15.1738414301
18.480 0.81752 15.1820568288
18.490 0.81700 15.1902722275
18.500 0.81649 15.1984876262
18.510 0.81598 15.2067030249
18.520 0.81547 15.2149184236
18.530 0.81497 15.2231338224
18.540 0.81446 15.2313492211
18.550 0.81395 15.2395646198
18.560 0.81344 15.2477800185
18.570 0.81294 15.2559954172
18.580 0.81243 15.2642108159
18.590 0.81192 15.2724262147
18.600 0.81142 15.2806416134
18.610 0.81091 15.2888570121
18.620 0.81041 15.2970724108
18.630 0.80991 15.3052878095
18.640 0.80940 15.3135032082
18.650 0.80890 15.321718607
18.660 0.80840 15.3299340057
18.670 0.80790 15.3381494044
18.680 0.80740 15.3463648031
18.690 0.80690 15.3545802018
18.700 0.80640 15.3627956005
18.710 0.80590 15.3710109993
18.720 0.80540 15.379226398
18.730 0.80490 15.3874417967
18.740 0.80440 15.3956571954
18.750 0.80390 15.4038725941
18.760 0.80341 15.4120879928
18.770 0.80291 15.4203033916
18.780 0.80241 15.4285187903
18.790 0.80192 15.436734189
18.800 0.80143 15.4449495877
18.810 0.80093 15.4531649864
18.820 0.80044 15.4613803851
18.830 0.79994 15.4695957839
18.840 0.79945 15.4778111826
18.850 0.79896 15.4860265813
18.860 0.79847 15.49424198
18.870 0.79798 15.5024573787
18.880 0.79749 15.5106727774
18.890 0.79700 15.5188881762
18.900 0.79651 15.5271035749
18.910 0.79602 15.5353189736
18.920 0.79553 15.5435343723
18.930 0.79504 15.551749771
18.940 0.79455 15.5599651697
18.950 0.79407 15.5681805685
18.960 0.79358 15.5763959672
18.970 0.79309 15.5846113659
18.980 0.79261 15.5928267646
18.990 0.79212 15.6010421633
19.000 0.79164 15.609257562
19.010 0.79115 15.6174729608
19.020 0.79067 15.6256883595
19.030 0.79019 15.6339037582
19.040 0.78971 15.6421191569
19.050 0.78922 15.6503345556
19.060 0.78874 15.6585499544
19.070 0.78826 15.6667653531
19.080 0.78778 15.6749807518
19.090 0.78730 15.6831961505
19.100 0.78682 15.6914115492
19.110 0.78634 15.6996269479
19.120 0.78586 15.7078423467
19.130 0.78539 15.7160577454
19.140 0.78491 15.7242731441
19.150 0.78443 15.7324885428
19.160 0.78395 15.7407039415
19.170 0.78348 15.7489193402
19.180 0.78300 15.757134739
19.190 0.78253 15.7653501377
19.200 0.78205 15.7735655364
19.210 0.78158 15.7817809351
19.220 0.78110 15.7899963338
19.230 0.78063 15.7982117325
19.240 0.78016 15.8064271313
19.250 0.77969 15.81464253
19.260 0.77922 15.8228579287
19.270 0.77874 15.8310733274
19.280 0.77827 15.8392887261
19.290 0.77780 15.8475041248
19.300 0.77733 15.8557195236
19.310 0.77686 15.8639349223
19.320 0.77639 15.872150321
19.330 0.77593 15.8803657197
19.340 0.77546 15.8885811184
19.350 0.77499 15.8967965171
19.360 0.77452 15.9050119159
19.370 0.77406 15.9132273146
19.380 0.77359 15.9214427133
19.390 0.77313 15.929658112
19.400 0.77266 15.9378735107
19.410 0.77220 15.9460889094
19.420 0.77173 15.9543043082
19.430 0.77127 15.9625197069
19.440 0.77081 15.9707351056
19.450 0.77034 15.9789505043
19.460 0.76988 15.987165903
19.470 0.76942 15.9953813017
19.480 0.76896 16.0035967005
19.490 0.76850 16.0118120992
19.500 0.76804 16.0200274979
19.510 0.76758 16.0282428966
19.520 0.76712 16.0364582953
19.530 0.76666 16.044673694
19.540 0.76620 16.0528890928
19.550 0.76574 16.0611044915
19.560 0.76528 16.0693198902
19.570 0.76483 16.0775352889
19.580 0.76437 16.0857506876
19.590 0.76391 16.0939660863
19.600 0.76346 16.1021814851
19.610 0.76300 16.1103968838
19.620 0.76255 16.1186122825
19.630 0.76209 16.1268276812
19.640 0.76164 16.1350430799
19.650 0.76118 16.1432584786
19.660 0.76073 16.1514738774
19.670 0.76028 16.1596892761
19.680 0.75983 16.1679046748
19.690 0.75938 16.1761200735
19.700 0.75892 16.1843354722
19.710 0.75847 16.1925508709
19.720 0.75802 16.2007662697
19.730 0.75757 16.2089816684
19.740 0.75712 16.2171970671
19.750 0.75667 16.2254124658
19.760 0.75623 16.2336278645
19.770 0.75578 16.2418432632
19.780 0.75533 16.250058662
19.790 0.75488 16.2582740607
19.800 0.75444 16.2664894594
19.810 0.75399 16.2747048581
19.820 0.75354 16.2829202568
19.830 0.75310 16.2911356555
19.840 0.75265 16.2993510543
19.850 0.75221 16.307566453
19.860 0.75176 16.3157818517
19.870 0.75132 16.3239972504
19.880 0.75088 16.3322126491
19.890 0.75043 16.3404280479
19.900 0.74999 16.3486434466
19.910 0.74955 16.3568588453
19.920 0.74911 16.365074244
19.930 0.74867 16.3732896427
19.940 0.74823 16.3815050414
19.950 0.74779 16.3897204402
19.960 0.74735 16.3979358389
19.970 0.74691 16.4061512376
19.980 0.74647 16.4143666363
19.990 0.74603 16.422582035
20.000 0.74559 16.4307974337
20.100 0.74123 16.5129514209
20.110 0.74080 16.5211668196
20.120 0.74037 16.5293822183
20.130 0.73993 16.5375976171
20.140 0.73950 16.5458130158
20.150 0.73907 16.5540284145
20.160 0.73864 16.5622438132
20.170 0.73821 16.5704592119
20.180 0.73778 16.5786746106
20.190 0.73735 16.5868900094
20.200 0.73692 16.5951054081
20.210 0.73649 16.6033208068
20.220 0.73606 16.6115362055
20.230 0.73563 16.6197516042
20.240 0.73520 16.6279670029
20.250 0.73478 16.6361824017
20.260 0.73435 16.6443978004
20.270 0.73392 16.6526131991
20.280 0.73350 16.6608285978
20.290 0.73307 16.6690439965
20.300 0.73264 16.6772593952
20.310 0.73222 16.685474794
20.320 0.73179 16.6936901927
20.330 0.73137 16.7019055914
20.340 0.73095 16.7101209901
20.350 0.73052 16.7183363888
20.360 0.73010 16.7265517875
20.370 0.72968 16.7347671863
20.380 0.72925 16.742982585
20.390 0.72883 16.7511979837
20.400 0.72841 16.7594133824
20.410 0.72799 16.7676287811
20.420 0.72757 16.7758441798
20.430 0.72715 16.7840595786
20.440 0.72673 16.7922749773
20.450 0.72631 16.800490376
20.460 0.72589 16.8087057747
20.470 0.72547 16.8169211734
20.480 0.72505 16.8251365721
20.490 0.72464 16.8333519709
20.500 0.72422 16.8415673696
20.510 0.72380 16.8497827683
20.520 0.72339 16.857998167
20.530 0.72297 16.8662135657
20.540 0.72255 16.8744289644
20.550 0.72214 16.8826443632
20.560 0.72172 16.8908597619
20.570 0.72131 16.8990751606
20.580 0.72089 16.9072905593
20.590 0.72048 16.915505958
20.600 0.72007 16.9237213567
20.610 0.71965 16.9319367555
20.620 0.71924 16.9401521542
20.630 0.71883 16.9483675529
20.640 0.71842 16.9565829516
20.650 0.71800 16.9647983503
20.660 0.71759 16.973013749
20.670 0.71718 16.9812291478
20.680 0.71677 16.9894445465
20.690 0.71636 16.9976599452
20.700 0.71595 17.0058753439
20.710 0.71554 17.0140907426
20.720 0.71513 17.0223061414
20.730 0.71473 17.0305215401
20.740 0.71432 17.0387369388
20.750 0.71391 17.0469523375
20.760 0.71350 17.0551677362
20.770 0.71310 17.0633831349
20.780 0.71269 17.0715985337
20.790 0.71228 17.0798139324
20.800 0.71188 17.0880293311
20.810 0.71147 17.0962447298
20.820 0.71107 17.1044601285
20.830 0.71066 17.1126755272
20.840 0.71026 17.120890926
20.850 0.70986 17.1291063247
20.860 0.70945 17.1373217234
20.870 0.70905 17.1455371221
20.880 0.70865 17.1537525208
20.890 0.70824 17.1619679195
20.900 0.70784 17.1701833183
20.910 0.70744 17.178398717
20.920 0.70704 17.1866141157
20.930 0.70664 17.1948295144
20.940 0.70624 17.2030449131
20.950 0.70584 17.2112603118
20.960 0.70544 17.2194757106
20.970 0.70504 17.2276911093
20.980 0.70464 17.235906508
20.990 0.70424 17.2441219067
21.000 0.70384 17.2523373054
21.010 0.70344 17.2605527041
21.020 0.70305 17.2687681029
21.030 0.70265 17.2769835016
21.040 0.70225 17.2851989003
21.050 0.70186 17.293414299
21.060 0.70146 17.3016296977
21.070 0.70107 17.3098450964
21.080 0.70067 17.3180604952
21.090 0.70028 17.3262758939
21.100 0.69988 17.3344912926
21.110 0.69949 17.3427066913
21.120 0.69909 17.35092209
21.130 0.69870 17.3591374887
21.140 0.69831 17.3673528875
21.150 0.69791 17.3755682862
21.160 0.69752 17.3837836849
21.170 0.69713 17.3919990836
21.180 0.69674 17.4002144823
21.190 0.69635 17.408429881
21.200 0.69596 17.4166452798
21.210 0.69556 17.4248606785
21.220 0.69517 17.4330760772
21.230 0.69478 17.4412914759
21.240 0.69439 17.4495068746
21.250 0.69401 17.4577222733
21.260 0.69362 17.4659376721
21.270 0.69323 17.4741530708
21.280 0.69284 17.4823684695
21.290 0.69245 17.4905838682
21.300 0.69207 17.4987992669
21.310 0.69168 17.5070146656
21.320 0.69129 17.5152300644
21.330 0.69091 17.5234454631
21.340 0.69052 17.5316608618
21.350 0.69013 17.5398762605
21.360 0.68975 17.5480916592
21.370 0.68936 17.5563070579
21.380 0.68898 17.5645224567
21.390 0.68860 17.5727378554
21.400 0.68821 17.5809532541
21.410 0.68783 17.5891686528
21.420 0.68744 17.5973840515
21.430 0.68706 17.6055994502
21.440 0.68668 17.613814849
21.450 0.68630 17.6220302477
21.460 0.68592 17.6302456464
21.470 0.68553 17.6384610451
21.480 0.68515 17.6466764438
21.490 0.68477 17.6548918425
21.500 0.68439 17.6631072413
21.510 0.68401 17.67132264
21.520 0.68363 17.6795380387
21.530 0.68325 17.6877534374
21.540 0.68287 17.6959688361
21.550 0.68250 17.7041842349
21.560 0.68212 17.7123996336
21.570 0.68174 17.7206150323
21.580 0.68136 17.728830431
21.590 0.68098 17.7370458297
21.600 0.68061 17.7452612284
21.610 0.68023 17.7534766272
21.620 0.67985 17.7616920259
21.630 0.67948 17.7699074246
21.640 0.67910 17.7781228233
21.650 0.67873 17.786338222
21.660 0.67835 17.7945536207
21.670 0.67798 17.8027690195
21.680 0.67760 17.8109844182
21.690 0.67723 17.8191998169
21.700 0.67686 17.8274152156
21.710 0.67648 17.8356306143
21.720 0.67611 17.843846013
21.730 0.67574 17.8520614118
21.740 0.67537 17.8602768105
21.750 0.67499 17.8684922092
21.760 0.67462 17.8767076079
21.770 0.67425 17.8849230066
21.780 0.67388 17.8931384053
21.790 0.67351 17.9013538041
21.800 0.67314 17.9095692028
21.810 0.67277 17.9177846015
21.820 0.67240 17.9260000002
21.830 0.67203 17.9342153989
21.840 0.67166 17.9424307976
21.850 0.67129 17.9506461964
21.860 0.67093 17.9588615951
21.870 0.67056 17.9670769938
21.880 0.67019 17.9752923925
21.890 0.66982 17.9835077912
21.900 0.66946 17.9917231899
21.910 0.66909 17.9999385887
21.920 0.66872 18.0081539874
21.930 0.66836 18.0163693861
21.940 0.66799 18.0245847848
21.950 0.66763 18.0328001835
21.960 0.66726 18.0410155822
21.970 0.66690 18.049230981
21.980 0.66653 18.0574463797
21.990 0.66617 18.0656617784
22.000 0.66580 18.0738771771
22.010 0.66544 18.0820925758
22.020 0.66508 18.0903079745
22.030 0.66471 18.0985233733
22.040 0.66435 18.106738772
22.050 0.66399 18.1149541707
22.060 0.66363 18.1231695694
22.070 0.66327 18.1313849681
22.080 0.66291 18.1396003668
22.090 0.66255 18.1478157656
22.100 0.66218 18.1560311643
22.110 0.66182 18.164246563
22.120 0.66146 18.1724619617
22.130 0.66111 18.1806773604
22.140 0.66075 18.1888927591
22.150 0.66039 18.1971081579
22.160 0.66003 18.2053235566
22.170 0.65967 18.2135389553
22.180 0.65931 18.221754354
22.190 0.65895 18.2299697527
22.200 0.65860 18.2381851514
22.210 0.65824 18.2464005502
22.220 0.65788 18.2546159489
22.230 0.65753 18.2628313476
22.240 0.65717 18.2710467463
22.250 0.65682 18.279262145
22.260 0.65646 18.2874775437
22.270 0.65610 18.2956929425
22.280 0.65575 18.3039083412
22.290 0.65540 18.3121237399
22.300 0.65504 18.3203391386
22.310 0.65469 18.3285545373
22.320 0.65433 18.336769936
22.330 0.65398 18.3449853348
22.340 0.65363 18.3532007335
22.350 0.65327 18.3614161322
22.360 0.65292 18.3696315309
22.370 0.65257 18.3778469296
22.380 0.65222 18.3860623284
22.390 0.65187 18.3942777271
22.400 0.65152 18.4024931258
22.410 0.65116 18.4107085245
22.420 0.65081 18.4189239232
22.430 0.65046 18.4271393219
22.440 0.65011 18.4353547207
22.450 0.64976 18.4435701194
22.460 0.64941 18.4517855181
22.470 0.64907 18.4600009168
22.480 0.64872 18.4682163155
22.490 0.64837 18.4764317142
22.500 0.64802 18.484647113
22.510 0.64767 18.4928625117
22.520 0.64732 18.5010779104
22.530 0.64698 18.5092933091
22.540 0.64663 18.5175087078
22.550 0.64628 18.5257241065
22.560 0.64594 18.5339395053
22.570 0.64559 18.542154904
22.580 0.64525 18.5503703027
22.590 0.64490 18.5585857014
22.600 0.64456 18.5668011001
22.610 0.64421 18.5750164988
22.620 0.64387 18.5832318976
22.630 0.64352 18.5914472963
22.640 0.64318 18.599662695
22.650 0.64283 18.6078780937
22.660 0.64249 18.6160934924
22.670 0.64215 18.6243088911
22.680 0.64180 18.6325242899
22.690 0.64146 18.6407396886
22.700 0.64112 18.6489550873
22.710 0.64078 18.657170486
22.720 0.64044 18.6653858847
22.730 0.64010 18.6736012834
22.740 0.63975 18.6818166822
22.750 0.63941 18.6900320809
22.760 0.63907 18.6982474796
22.770 0.63873 18.7064628783
22.780 0.63839 18.714678277
22.790 0.63805 18.7228936757
22.800 0.63771 18.7311090745
22.810 0.63737 18.7393244732
22.820 0.63704 18.7475398719
22.830 0.63670 18.7557552706
22.840 0.63636 18.7639706693
22.850 0.63602 18.772186068
22.860 0.63568 18.7804014668
22.870 0.63535 18.7886168655
22.880 0.63501 18.7968322642
22.890 0.63467 18.8050476629
22.900 0.63434 18.8132630616
22.910 0.63400 18.8214784603
22.920 0.63366 18.8296938591
22.930 0.63333 18.8379092578
22.940 0.63299 18.8461246565
22.950 0.63266 18.8543400552
22.960 0.63232 18.8625554539
22.970 0.63199 18.8707708526
22.980 0.63166 18.8789862514
22.990 0.63132 18.8872016501
23.000 0.63099 18.8954170488
23.010 0.63065 18.9036324475
23.020 0.63032 18.9118478462
23.030 0.62999 18.9200632449
23.040 0.62966 18.9282786437
23.050 0.62932 18.9364940424
23.060 0.62899 18.9447094411
23.070 0.62866 18.9529248398
23.080 0.62833 18.9611402385
23.090 0.62800 18.9693556372
23.100 0.62767 18.977571036
23.110 0.62734 18.9857864347
23.120 0.62701 18.9940018334
23.130 0.62668 19.0022172321
23.140 0.62635 19.0104326308
23.150 0.62602 19.0186480295
23.160 0.62569 19.0268634283
23.170 0.62536 19.035078827
23.180 0.62503 19.0432942257
23.190 0.62470 19.0515096244
23.200 0.62437 19.0597250231
23.210 0.62405 19.0679404219
23.220 0.62372 19.0761558206
23.230 0.62339 19.0843712193
23.240 0.62306 19.092586618
23.250 0.62274 19.1008020167
23.260 0.62241 19.1090174154
23.270 0.62209 19.1172328142
23.280 0.62176 19.1254482129
23.290 0.62143 19.1336636116
23.300 0.62111 19.1418790103
23.310 0.62078 19.150094409
23.320 0.62046 19.1583098077
23.330 0.62013 19.1665252065
23.340 0.61981 19.1747406052
23.350 0.61949 19.1829560039
23.360 0.61916 19.1911714026
23.370 0.61884 19.1993868013
23.380 0.61852 19.2076022
23.390 0.61819 19.2158175988
23.400 0.61787 19.2240329975
23.410 0.61755 19.2322483962
23.420 0.61723 19.2404637949
23.430 0.61690 19.2486791936
23.440 0.61658 19.2568945923
23.450 0.61626 19.2651099911
23.460 0.61594 19.2733253898
23.470 0.61562 19.2815407885
23.480 0.61530 19.2897561872
23.490 0.61498 19.2979715859
23.500 0.61466 19.3061869846
23.510 0.61434 19.3144023834
23.520 0.61402 19.3226177821
23.530 0.61370 19.3308331808
23.540 0.61338 19.3390485795
23.550 0.61306 19.3472639782
23.560 0.61274 19.3554793769
23.570 0.61243 19.3636947757
23.580 0.61211 19.3719101744
23.590 0.61179 19.3801255731
23.600 0.61147 19.3883409718
23.610 0.61116 19.3965563705
23.620 0.61084 19.4047717692
23.630 0.61052 19.412987168
23.640 0.61021 19.4212025667
23.650 0.60989 19.4294179654
23.660 0.60957 19.4376333641
23.670 0.60926 19.4458487628
23.680 0.60894 19.4540641615
23.690 0.60863 19.4622795603
23.700 0.60831 19.470494959
23.710 0.60800 19.4787103577
23.720 0.60768 19.4869257564
23.730 0.60737 19.4951411551
23.740 0.60706 19.5033565538
23.750 0.60674 19.5115719526
23.760 0.60643 19.5197873513
23.770 0.60612 19.52800275
23.780 0.60580 19.5362181487
23.790 0.60549 19.5444335474
23.800 0.60518 19.5526489461
23.810 0.60487 19.5608643449
23.820 0.60456 19.5690797436
23.830 0.60424 19.5772951423
23.840 0.60393 19.585510541
23.850 0.60362 19.5937259397
23.860 0.60331 19.6019413384
23.870 0.60300 19.6101567372
23.880 0.60269 19.6183721359
23.890 0.60238 19.6265875346
23.900 0.60207 19.6348029333
23.910 0.60176 19.643018332
23.920 0.60145 19.6512337307
23.930 0.60114 19.6594491295
23.940 0.60083 19.6676645282
23.950 0.60053 19.6758799269
23.960 0.60022 19.6840953256
23.970 0.59991 19.6923107243
23.980 0.59960 19.7005261231
23.990 0.59929 19.7087415218
24.000 0.59899 19.7169569205
24.010 0.59868 19.7251723192
24.020 0.59837 19.7333877179
24.030 0.59807 19.7416031166
24.040 0.59776 19.7498185154
24.050 0.59745 19.7580339141
24.060 0.59715 19.7662493128
24.070 0.59684 19.7744647115
24.080 0.59654 19.7826801102
24.090 0.59623 19.7908955089
24.100 0.59593 19.7991109077
24.110 0.59562 19.8073263064
24.120 0.59532 19.8155417051
24.130 0.59502 19.8237571038
24.140 0.59471 19.8319725025
24.150 0.59441 19.8401879012
24.160 0.59410 19.8484033
24.170 0.59380 19.8566186987
24.180 0.59350 19.8648340974
24.190 0.59320 19.8730494961
24.200 0.59289 19.8812648948
24.210 0.59259 19.8894802935
24.220 0.59229 19.8976956923
24.230 0.59199 19.905911091
24.240 0.59169 19.9141264897
24.250 0.59139 19.9223418884
24.260 0.59108 19.9305572871
24.270 0.59078 19.9387726858
24.280 0.59048 19.9469880846
24.290 0.59018 19.9552034833
24.300 0.58988 19.963418882
24.310 0.58958 19.9716342807
24.320 0.58928 19.9798496794
24.330 0.58899 19.9880650781
24.340 0.58869 19.9962804769
24.350 0.58839 20.0044958756
24.360 0.58809 20.0127112743
24.370 0.58779 20.020926673
24.380 0.58749 20.0291420717
24.390 0.58719 20.0373574704
24.400 0.58690 20.0455728692
24.410 0.58660 20.0537882679
24.420 0.58630 20.0620036666
24.430 0.58601 20.0702190653
24.440 0.58571 20.078434464
24.450 0.58541 20.0866498627
24.460 0.58512 20.0948652615
24.470 0.58482 20.1030806602
24.480 0.58452 20.1112960589
24.490 0.58423 20.1195114576
24.500 0.58393 20.1277268563
24.510 0.58364 20.135942255
24.520 0.58334 20.1441576538
24.530 0.58305 20.1523730525
24.540 0.58276 20.1605884512
24.550 0.58246 20.1688038499
24.560 0.58217 20.1770192486
24.570 0.58187 20.1852346473
24.580 0.58158 20.1934500461
24.590 0.58129 20.2016654448
24.600 0.58099 20.2098808435
24.610 0.58070 20.2180962422
24.620 0.58041 20.2263116409
24.630 0.58012 20.2345270396
24.640 0.57982 20.2427424384
24.650 0.57953 20.2509578371
24.660 0.57924 20.2591732358
24.670 0.57895 20.2673886345
24.680 0.57866 20.2756040332
24.690 0.57837 20.2838194319
24.700 0.57808 20.2920348307
24.710 0.57779 20.3002502294
24.720 0.57750 20.3084656281
24.730 0.57721 20.3166810268
24.740 0.57692 20.3248964255
24.750 0.57663 20.3331118242
24.760 0.57634 20.341327223
24.770 0.57605 20.3495426217
24.780 0.57576 20.3577580204
24.790 0.57547 20.3659734191
24.800 0.57518 20.3741888178
24.810 0.57489 20.3824042166
24.820 0.57461 20.3906196153
24.830 0.57432 20.398835014
24.840 0.57403 20.4070504127
24.850 0.57374 20.4152658114
24.860 0.57346 20.4234812101
24.870 0.57317 20.4316966089
24.880 0.57288 20.4399120076
24.890 0.57260 20.4481274063
24.900 0.57231 20.456342805
24.910 0.57202 20.4645582037
24.920 0.57174 20.4727736024
24.930 0.57145 20.4809890012
24.940 0.57117 20.4892043999
24.950 0.57088 20.4974197986
24.960 0.57060 20.5056351973
24.970 0.57031 20.513850596
24.980 0.57003 20.5220659947
24.990 0.56974 20.5302813935
25.000 0.56946 20.5384967922
25.100 0.56663 20.6206507793
25.110 0.56635 20.6288661781
25.120 0.56607 20.6370815768
25.130 0.56579 20.6452969755
25.140 0.56551 20.6535123742
25.150 0.56523 20.6617277729
25.160 0.56495 20.6699431716
25.170 0.56467 20.6781585704
25.180 0.56439 20.6863739691
25.190 0.56411 20.6945893678
25.200 0.56383 20.7028047665
25.210 0.56355 20.7110201652
25.220 0.56327 20.7192355639
25.230 0.56299 20.7274509627
25.240 0.56271 20.7356663614
25.250 0.56243 20.7438817601
25.260 0.56215 20.7520971588
25.270 0.56187 20.7603125575
25.280 0.56160 20.7685279562
25.290 0.56132 20.776743355
25.300 0.56104 20.7849587537
25.310 0.56076 20.7931741524
25.320 0.56049 20.8013895511
25.330 0.56021 20.8096049498
25.340 0.55993 20.8178203485
25.350 0.55966 20.8260357473
25.360 0.55938 20.834251146
25.370 0.55910 20.8424665447
25.380 0.55883 20.8506819434
25.390 0.55855 20.8588973421
25.400 0.55828 20.8671127408
25.410 0.55800 20.8753281396
25.420 0.55773 20.8835435383
25.430 0.55745 20.891758937
25.440 0.55718 20.8999743357
25.450 0.55690 20.9081897344
25.460 0.55663 20.9164051331
25.470 0.55635 20.9246205319
25.480 0.55608 20.9328359306
25.490 0.55581 20.9410513293
25.500 0.55553 20.949266728
25.510 0.55526 20.9574821267
25.520 0.55499 20.9656975254
25.530 0.55471 20.9739129242
25.540 0.55444 20.9821283229
25.550 0.55417 20.9903437216
25.560 0.55390 20.9985591203
25.570 0.55362 21.006774519
25.580 0.55335 21.0149899177
25.590 0.55308 21.0232053165
25.600 0.55281 21.0314207152
25.610 0.55254 21.0396361139
25.620 0.55227 21.0478515126
25.630 0.55200 21.0560669113
25.640 0.55173 21.0642823101
25.650 0.55146 21.0724977088
25.660 0.55119 21.0807131075
25.670 0.55092 21.0889285062
25.680 0.55065 21.0971439049
25.690 0.55038 21.1053593036
25.700 0.55011 21.1135747024
25.710 0.54984 21.1217901011
25.720 0.54957 21.1300054998
25.730 0.54930 21.1382208985
25.740 0.54903 21.1464362972
25.750 0.54876 21.1546516959
25.760 0.54849 21.1628670947
25.770 0.54823 21.1710824934
25.780 0.54796 21.1792978921
25.790 0.54769 21.1875132908
25.800 0.54742 21.1957286895
25.810 0.54716 21.2039440882
25.820 0.54689 21.212159487
25.830 0.54662 21.2203748857
25.840 0.54636 21.2285902844
25.850 0.54609 21.2368056831
25.860 0.54582 21.2450210818
25.870 0.54556 21.2532364805
25.880 0.54529 21.2614518793
25.890 0.54503 21.269667278
25.900 0.54476 21.2778826767
25.910 0.54450 21.2860980754
25.920 0.54423 21.2943134741
25.930 0.54397 21.3025288728
25.940 0.54370 21.3107442716
25.950 0.54344 21.3189596703
25.960 0.54317 21.327175069
25.970 0.54291 21.3353904677
25.980 0.54264 21.3436058664
25.990 0.54238 21.3518212651
26.000 0.54212 21.3600366639
26.010 0.54185 21.3682520626
26.020 0.54159 21.3764674613
26.030 0.54133 21.38468286
26.040 0.54107 21.3928982587
26.050 0.54080 21.4011136574
26.060 0.54054 21.4093290562
26.070 0.54028 21.4175444549
26.080 0.54002 21.4257598536
26.090 0.53976 21.4339752523
26.100 0.53949 21.442190651
26.110 0.53923 21.4504060497
26.120 0.53897 21.4586214485
26.130 0.53871 21.4668368472
26.140 0.53845 21.4750522459
26.150 0.53819 21.4832676446
26.160 0.53793 21.4914830433
26.170 0.53767 21.499698442
26.180 0.53741 21.5079138408
26.190 0.53715 21.5161292395
26.200 0.53689 21.5243446382
26.210 0.53663 21.5325600369
26.220 0.53637 21.5407754356
26.230 0.53611 21.5489908343
26.240 0.53585 21.5572062331
26.250 0.53559 21.5654216318
26.260 0.53534 21.5736370305
26.270 0.53508 21.5818524292
26.280 0.53482 21.5900678279
26.290 0.53456 21.5982832266
26.300 0.53430 21.6064986254
26.310 0.53405 21.6147140241
26.320 0.53379 21.6229294228
26.330 0.53353 21.6311448215
26.340 0.53327 21.6393602202
26.350 0.53302 21.6475756189
26.360 0.53276 21.6557910177
26.370 0.53250 21.6640064164
26.380 0.53225 21.6722218151
26.390 0.53199 21.6804372138
26.400 0.53174 21.6886526125
26.410 0.53148 21.6968680112
26.420 0.53122 21.70508341
26.430 0.53097 21.7132988087
26.440 0.53071 21.7215142074
26.450 0.53046 21.7297296061
26.460 0.53020 21.7379450048
26.470 0.52995 21.7461604036
26.480 0.52970 21.7543758023
26.490 0.52944 21.762591201
26.500 0.52919 21.7708065997
26.510 0.52893 21.7790219984
26.520 0.52868 21.7872373971
26.530 0.52843 21.7954527959
26.540 0.52817 21.8036681946
26.550 0.52792 21.8118835933
26.560 0.52767 21.820098992
26.570 0.52741 21.8283143907
26.580 0.52716 21.8365297894
26.590 0.52691 21.8447451882
26.600 0.52666 21.8529605869
26.610 0.52640 21.8611759856
26.620 0.52615 21.8693913843
26.630 0.52590 21.877606783
26.640 0.52565 21.8858221817
26.650 0.52540 21.8940375805
26.660 0.52515 21.9022529792
26.670 0.52490 21.9104683779
26.680 0.52464 21.9186837766
26.690 0.52439 21.9268991753
26.700 0.52414 21.935114574
26.710 0.52389 21.9433299728
26.720 0.52364 21.9515453715
26.730 0.52339 21.9597607702
26.740 0.52314 21.9679761689
26.750 0.52289 21.9761915676
26.760 0.52264 21.9844069663
26.770 0.52240 21.9926223651
26.780 0.52215 22.0008377638
26.790 0.52190 22.0090531625
26.800 0.52165 22.0172685612
26.810 0.52140 22.0254839599
26.820 0.52115 22.0336993586
26.830 0.52090 22.0419147574
26.840 0.52066 22.0501301561
26.850 0.52041 22.0583455548
26.860 0.52016 22.0665609535
26.870 0.51991 22.0747763522
26.880 0.51967 22.0829917509
26.890 0.51942 22.0912071497
26.900 0.51917 22.0994225484
26.910 0.51893 22.1076379471
26.920 0.51868 22.1158533458
26.930 0.51843 22.1240687445
26.940 0.51819 22.1322841432
26.950 0.51794 22.140499542
26.960 0.51769 22.1487149407
26.970 0.51745 22.1569303394
26.980 0.51720 22.1651457381
26.990 0.51696 22.1733611368
27.000 0.51671 22.1815765355
27.010 0.51647 22.1897919343
27.020 0.51622 22.198007333
27.030 0.51598 22.2062227317
27.040 0.51573 22.2144381304
27.050 0.51549 22.2226535291
27.060 0.51524 22.2308689278
27.070 0.51500 22.2390843266
27.080 0.51476 22.2472997253
27.090 0.51451 22.255515124
27.100 0.51427 22.2637305227
27.110 0.51403 22.2719459214
27.120 0.51378 22.2801613201
27.130 0.51354 22.2883767189
27.140 0.51330 22.2965921176
27.150 0.51305 22.3048075163
27.160 0.51281 22.313022915
27.170 0.51257 22.3212383137
27.180 0.51233 22.3294537124
27.190 0.51209 22.3376691112
27.200 0.51184 22.3458845099
27.210 0.51160 22.3540999086
27.220 0.51136 22.3623153073
27.230 0.51112 22.370530706
27.240 0.51088 22.3787461047
27.250 0.51064 22.3869615035
27.260 0.51040 22.3951769022
27.270 0.51016 22.4033923009
27.280 0.50992 22.4116076996
27.290 0.50968 22.4198230983
27.300 0.50944 22.4280384971
27.310 0.50920 22.4362538958
27.320 0.50896 22.4444692945
27.330 0.50872 22.4526846932
27.340 0.50848 22.4609000919
27.350 0.50824 22.4691154906
27.360 0.50800 22.4773308894
27.370 0.50776 22.4855462881
27.380 0.50752 22.4937616868
27.390 0.50728 22.5019770855
27.400 0.50704 22.5101924842
27.410 0.50681 22.5184078829
27.420 0.50657 22.5266232817
27.430 0.50633 22.5348386804
27.440 0.50609 22.5430540791
27.450 0.50585 22.5512694778
27.460 0.50562 22.5594848765
27.470 0.50538 22.5677002752
27.480 0.50514 22.575915674
27.490 0.50491 22.5841310727
27.500 0.50467 22.5923464714
27.510 0.50443 22.6005618701
27.520 0.50420 22.6087772688
27.530 0.50396 22.6169926675
27.540 0.50372 22.6252080663
27.550 0.50349 22.633423465
27.560 0.50325 22.6416388637
27.570 0.50302 22.6498542624
27.580 0.50278 22.6580696611
27.590 0.50254 22.6662850598
27.600 0.50231 22.6745004586
27.610 0.50207 22.6827158573
27.620 0.50184 22.690931256
27.630 0.50160 22.6991466547
27.640 0.50137 22.7073620534
27.650 0.50114 22.7155774521
27.660 0.50090 22.7237928509
27.670 0.50067 22.7320082496
27.680 0.50043 22.7402236483
27.690 0.50020 22.748439047
27.700 0.49997 22.7566544457
27.710 0.49973 22.7648698444
27.720 0.49950 22.7730852432
27.730 0.49927 22.7813006419
27.740 0.49903 22.7895160406
27.750 0.49880 22.7977314393
27.760 0.49857 22.805946838
27.770 0.49834 22.8141622367
27.780 0.49810 22.8223776355
27.790 0.49787 22.8305930342
27.800 0.49764 22.8388084329
27.810 0.49741 22.8470238316
27.820 0.49718 22.8552392303
27.830 0.49694 22.863454629
27.840 0.49671 22.8716700278
27.850 0.49648 22.8798854265
27.860 0.49625 22.8881008252
27.870 0.49602 22.8963162239
27.880 0.49579 22.9045316226
27.890 0.49556 22.9127470213
27.900 0.49533 22.9209624201
27.910 0.49510 22.9291778188
27.920 0.49487 22.9373932175
27.930 0.49464 22.9456086162
27.940 0.49441 22.9538240149
27.950 0.49418 22.9620394136
27.960 0.49395 22.9702548124
27.970 0.49372 22.9784702111
27.980 0.49349 22.9866856098
27.990 0.49326 22.9949010085
28.000 0.49303 23.0031164072
28.010 0.49280 23.0113318059
28.020 0.49257 23.0195472047
28.030 0.49235 23.0277626034
28.040 0.49212 23.0359780021
28.050 0.49189 23.0441934008
28.060 0.49166 23.0524087995
28.070 0.49143 23.0606241982
28.080 0.49121 23.068839597
28.090 0.49098 23.0770549957
28.100 0.49075 23.0852703944
28.110 0.49052 23.0934857931
28.120 0.49030 23.1017011918
28.130 0.49007 23.1099165906
28.140 0.48984 23.1181319893
28.150 0.48962 23.126347388
28.160 0.48939 23.1345627867
28.170 0.48916 23.1427781854
28.180 0.48894 23.1509935841
28.190 0.48871 23.1592089829
28.200 0.48849 23.1674243816
28.210 0.48826 23.1756397803
28.220 0.48803 23.183855179
28.230 0.48781 23.1920705777
28.240 0.48758 23.2002859764
28.250 0.48736 23.2085013752
28.260 0.48713 23.2167167739
28.270 0.48691 23.2249321726
28.280 0.48668 23.2331475713
28.290 0.48646 23.24136297
28.300 0.48624 23.2495783687
28.310 0.48601 23.2577937675
28.320 0.48579 23.2660091662
28.330 0.48556 23.2742245649
28.340 0.48534 23.2824399636
28.350 0.48512 23.2906553623
28.360 0.48489 23.298870761
28.370 0.48467 23.3070861598
28.380 0.48445 23.3153015585
28.390 0.48422 23.3235169572
28.400 0.48400 23.3317323559
28.410 0.48378 23.3399477546
28.420 0.48355 23.3481631533
28.430 0.48333 23.3563785521
28.440 0.48311 23.3645939508
28.450 0.48289 23.3728093495
28.460 0.48267 23.3810247482
28.470 0.48244 23.3892401469
28.480 0.48222 23.3974555456
28.490 0.48200 23.4056709444
28.500 0.48178 23.4138863431
28.510 0.48156 23.4221017418
28.520 0.48134 23.4303171405
28.530 0.48112 23.4385325392
28.540 0.48090 23.4467479379
28.550 0.48067 23.4549633367
28.560 0.48045 23.4631787354
28.570 0.48023 23.4713941341
28.580 0.48001 23.4796095328
28.590 0.47979 23.4878249315
28.600 0.47957 23.4960403302
28.610 0.47935 23.504255729
28.620 0.47913 23.5124711277
28.630 0.47891 23.5206865264
28.640 0.47870 23.5289019251
28.650 0.47848 23.5371173238
28.660 0.47826 23.5453327225
28.670 0.47804 23.5535481213
28.680 0.47782 23.56176352
28.690 0.47760 23.5699789187
28.700 0.47738 23.5781943174
28.710 0.47716 23.5864097161
28.720 0.47695 23.5946251148
28.730 0.47673 23.6028405136
28.740 0.47651 23.6110559123
28.750 0.47629 23.619271311
28.760 0.47607 23.6274867097
28.770 0.47586 23.6357021084
28.780 0.47564 23.6439175071
28.790 0.47542 23.6521329059
28.800 0.47520 23.6603483046
28.810 0.47499 23.6685637033
28.820 0.47477 23.676779102
28.830 0.47455 23.6849945007
28.840 0.47434 23.6932098994
28.850 0.47412 23.7014252982
28.860 0.47391 23.7096406969
28.870 0.47369 23.7178560956
28.880 0.47347 23.7260714943
28.890 0.47326 23.734286893
28.900 0.47304 23.7425022917
28.910 0.47283 23.7507176905
28.920 0.47261 23.7589330892
28.930 0.47240 23.7671484879
28.940 0.47218 23.7753638866
28.950 0.47197 23.7835792853
28.960 0.47175 23.7917946841
28.970 0.47154 23.8000100828
28.980 0.47132 23.8082254815
28.990 0.47111 23.8164408802
29.000 0.47089 23.8246562789
29.010 0.47068 23.8328716776
29.020 0.47046 23.8410870764
29.030 0.47025 23.8493024751
29.040 0.47004 23.8575178738
29.050 0.46982 23.8657332725
29.060 0.46961 23.8739486712
29.070 0.46940 23.8821640699
29.080 0.46918 23.8903794687
29.090 0.46897 23.8985948674
29.100 0.46876 23.9068102661
29.110 0.46854 23.9150256648
29.120 0.46833 23.9232410635
29.130 0.46812 23.9314564622
29.140 0.46791 23.939671861
29.150 0.46769 23.9478872597
29.160 0.46748 23.9561026584
29.170 0.46727 23.9643180571
29.180 0.46706 23.9725334558
29.190 0.46685 23.9807488545
29.200 0.46664 23.9889642533
29.210 0.46642 23.997179652
29.220 0.46621 24.0053950507
29.230 0.46600 24.0136104494
29.240 0.46579 24.0218258481
29.250 0.46558 24.0300412468
29.260 0.46537 24.0382566456
29.270 0.46516 24.0464720443
29.280 0.46495 24.054687443
29.290 0.46474 24.0629028417
29.300 0.46453 24.0711182404
29.310 0.46432 24.0793336391
29.320 0.46411 24.0875490379
29.330 0.46390 24.0957644366
29.340 0.46369 24.1039798353
29.350 0.46348 24.112195234
29.360 0.46327 24.1204106327
29.370 0.46306 24.1286260314
29.380 0.46285 24.1368414302
29.390 0.46264 24.1450568289
29.400 0.46243 24.1532722276
29.410 0.46222 24.1614876263
29.420 0.46201 24.169703025
29.430 0.46181 24.1779184237
29.440 0.46160 24.1861338225
29.450 0.46139 24.1943492212
29.460 0.46118 24.2025646199
29.470 0.46097 24.2107800186
29.480 0.46077 24.2189954173
29.490 0.46056 24.227210816
29.500 0.46035 24.2354262148
29.510 0.46014 24.2436416135
29.520 0.45994 24.2518570122
29.530 0.45973 24.2600724109
29.540 0.45952 24.2682878096
29.550 0.45931 24.2765032083
29.560 0.45911 24.2847186071
29.570 0.45890 24.2929340058
29.580 0.45869 24.3011494045
29.590 0.45849 24.3093648032
29.600 0.45828 24.3175802019
29.610 0.45808 24.3257956006
29.620 0.45787 24.3340109994
29.630 0.45766 24.3422263981
29.640 0.45746 24.3504417968
29.650 0.45725 24.3586571955
29.660 0.45705 24.3668725942
29.670 0.45684 24.3750879929
29.680 0.45664 24.3833033917
29.690 0.45643 24.3915187904
29.700 0.45623 24.3997341891
29.710 0.45602 24.4079495878
29.720 0.45582 24.4161649865
29.730 0.45561 24.4243803852
29.740 0.45541 24.432595784
29.750 0.45520 24.4408111827
29.760 0.45500 24.4490265814
29.770 0.45480 24.4572419801
29.780 0.45459 24.4654573788
29.790 0.45439 24.4736727776
29.800 0.45418 24.4818881763
29.810 0.45398 24.490103575
29.820 0.45378 24.4983189737
29.830 0.45357 24.5065343724
29.840 0.45337 24.5147497711
29.850 0.45317 24.5229651699
29.860 0.45296 24.5311805686
29.870 0.45276 24.5393959673
29.880 0.45256 24.547611366
29.890 0.45236 24.5558267647
29.900 0.45215 24.5640421634
29.910 0.45195 24.5722575622
29.920 0.45175 24.5804729609
29.930 0.45155 24.5886883596
29.940 0.45134 24.5969037583
29.950 0.45114 24.605119157
29.960 0.45094 24.6133345557
29.970 0.45074 24.6215499545
29.980 0.45054 24.6297653532
29.990 0.45034 24.6379807519
30.000 0.45014 24.6461961506
