0.10000 196.86
0.11000 178.95
0.12000 164.03
0.13000 151.41
0.14000 140.59
0.15000 131.21
0.16000 123.01
0.17000 115.77
0.18000 109.33
0.19000 103.57
0.20000 98.388
0.21000 93.699
0.22000 89.437
0.23000 85.544
0.24000 81.977
0.25000 78.694
0.26000 75.665
0.27000 72.859
0.28000 70.254
0.29000 67.829
0.30000 65.565
0.31000 63.448
0.32000 61.462
0.33000 59.597
0.34000 57.842
0.35000 56.187
0.36000 54.624
0.37000 53.146
0.38000 51.745
0.39000 50.416
0.40000 49.154
0.41000 47.953
0.42000 46.809
0.43000 45.719
0.44000 44.678
0.45000 43.683
0.46000 42.732
0.47000 41.821
0.48000 40.948
0.49000 40.111
0.50000 39.307
0.51000 38.535
0.52000 37.792
0.53000 37.077
0.54000 36.389
0.55000 35.726
0.56000 35.087
0.57000 34.470
0.58000 33.874
0.59000 33.299
0.60000 32.742
0.61000 32.204
0.62000 31.683
0.63000 31.179
0.64000 30.691
0.65000 30.217
0.66000 29.758
0.67000 29.313
0.68000 28.881
0.69000 28.461
0.70000 28.053
0.71000 27.657
0.72000 27.272
0.73000 26.897
0.74000 26.532
0.75000 26.178
0.76000 25.832
0.77000 25.496
0.78000 25.168
0.79000 24.848
0.80000 24.536
0.81000 24.233
0.82000 23.936
0.83000 23.647
0.84000 23.364
0.85000 23.088
0.86000 22.819
0.87000 22.556
0.88000 22.299
0.89000 22.047
0.90000 21.801
0.91000 21.561
0.92000 21.325
0.93000 21.095
0.94000 20.870
0.95000 20.649
0.96000 20.434
0.97000 20.222
0.98000 20.015
0.99000 19.812
1.0000 19.613
1.0100 19.418
1.0200 19.227
1.0300 19.039
1.0400 18.856
1.0500 18.675
1.0600 18.498
1.0700 18.325
1.0800 18.154
1.0900 17.987
1.1000 17.823
1.1100 17.661
1.1200 17.503
1.1300 17.347
1.1400 17.194
1.1500 17.044
1.1600 16.897
1.1700 16.751
1.1800 16.609
1.1900 16.469
1.2000 16.331
1.2100 16.195
1.2200 16.062
1.2300 15.930
1.2400 15.801
1.2500 15.674
1.2600 15.549
1.2700 15.426
1.2800 15.305
1.2900 15.186
1.3000 15.068
1.3100 14.953
1.3200 14.839
1.3300 14.726
1.3400 14.616
1.3500 14.507
1.3600 14.400
1.3700 14.294
1.3800 14.190
1.3900 14.087
1.4000 13.986
1.4100 13.886
1.4200 13.788
1.4300 13.691
1.4400 13.595
1.4500 13.501
1.4600 13.408
1.4700 13.316
1.4800 13.226
1.4900 13.136
1.5000 13.048
1.5100 12.961
1.5200 12.876
1.5300 12.791
1.5400 12.707
1.5500 12.625
1.5600 12.543
1.5700 12.463
1.5800 12.383
1.5900 12.305
1.6000 12.228
1.6100 12.151
1.6200 12.076
1.6300 12.001
1.6400 11.927
1.6500 11.855
1.6600 11.783
1.6700 11.712
1.6800 11.642
1.6900 11.572
1.7000 11.504
1.7100 11.436
1.7200 11.369
1.7300 11.303
1.7400 11.237
1.7500 11.173
1.7600 11.109
1.7700 11.045
1.7800 10.983
1.7900 10.921
1.8000 10.860
1.8100 10.800
1.8200 10.740
1.8300 10.681
1.8400 10.622
1.8500 10.564
1.8600 10.507
1.8700 10.450
1.8800 10.394
1.8900 10.339
1.9000 10.284
1.9100 10.230
1.9200 10.176
1.9300 10.123
1.9400 10.070
1.9500 10.018
1.9600 9.9668
1.9700 9.9158
1.9800 9.8653
1.9900 9.8154
2.0000 9.7659
2.0100 9.7169
2.0200 9.6684
2.0300 9.6204
2.0400 9.5728
2.0500 9.5257
2.0600 9.4791
2.0700 9.4329
2.0800 9.3871
2.0900 9.3418
2.1000 9.2970
2.1100 9.2525
2.1200 9.2085
2.1300 9.1649
2.1400 9.1217
2.1500 9.0789
2.1600 9.0365
2.1700 8.9944
2.1800 8.9528
2.1900 8.9115
2.2000 8.8707
2.2100 8.8302
2.2200 8.7900
2.2300 8.7502
2.2400 8.7108
2.2500 8.6717
2.2600 8.6330
2.2700 8.5946
2.2800 8.5566
2.2900 8.5188
2.3000 8.4814
2.3100 8.4444
2.3200 8.4076
2.3300 8.3712
2.3400 8.3351
2.3500 8.2993
2.3600 8.2637
2.3700 8.2285
2.3800 8.1936
2.3900 8.1590
2.4000 8.1247
2.4100 8.0906
2.4200 8.0568
2.4300 8.0233
2.4400 7.9901
2.4500 7.9572
2.4600 7.9245
2.4700 7.8921
2.4800 7.8599
2.4900 7.8280
2.5000 7.7964
2.5100 7.7650
2.5200 7.7339
2.5300 7.7030
2.5400 7.6723
2.5500 7.6419
2.5600 7.6118
2.5700 7.5818
2.5800 7.5521
2.5900 7.5227
2.6000 7.4934
2.6100 7.4644
2.6200 7.4356
2.6300 7.4070
2.6400 7.3786
2.6500 7.3505
2.6600 7.3225
2.6700 7.2948
2.6800 7.2673
2.6900 7.2400
2.7000 7.2128
2.7100 7.1859
2.7200 7.1592
2.7300 7.1327
2.7400 7.1064
2.7500 7.0802
2.7600 7.0543
2.7700 7.0285
2.7800 7.0029
2.7900 6.9775
2.8000 6.9523
2.8100 6.9273
2.8200 6.9024
2.8300 6.8778
2.8400 6.8533
2.8500 6.8289
2.8600 6.8048
2.8700 6.7808
2.8800 6.7569
2.8900 6.7333
2.9000 6.7098
2.9100 6.6864
2.9200 6.6633
2.9300 6.6402
2.9400 6.6174
2.9500 6.5947
2.9600 6.5721
2.9700 6.5497
2.9800 6.5275
2.9900 6.5053
3.0000 6.4834
3.0100 6.4616
3.0200 6.4399
3.0300 6.4184
3.0400 6.3970
3.0500 6.3758
3.0600 6.3547
3.0700 6.3337
3.0800 6.3129
3.0900 6.2922
3.1000 6.2716
3.1100 6.2512
3.1200 6.2309
3.1300 6.2107
3.1400 6.1907
3.1500 6.1708
3.1600 6.1510
3.1700 6.1313
3.1800 6.1118
3.1900 6.0924
3.2000 6.0731
3.2100 6.0539
3.2200 6.0348
3.2300 6.0159
3.2400 5.9971
3.2500 5.9784
3.2600 5.9598
3.2700 5.9413
3.2800 5.9229
3.2900 5.9047
3.3000 5.8866
3.3100 5.8685
3.3200 5.8506
3.3300 5.8328
3.3400 5.8151
3.3500 5.7975
3.3600 5.7800
3.3700 5.7626
3.3800 5.7453
3.3900 5.7281
3.4000 5.7110
3.4100 5.6940
3.4200 5.6771
3.4300 5.6603
3.4400 5.6436
3.4500 5.6271
3.4600 5.6106
3.4700 5.5941
3.4800 5.5778
3.4900 5.5616
3.5000 5.5455
3.5100 5.5295
3.5200 5.5135
3.5300 5.4977
3.5400 5.4819
3.5500 5.4662
3.5600 5.4506
3.5700 5.4352
3.5800 5.4197
3.5900 5.4044
3.6000 5.3892
3.6100 5.3740
3.6200 5.3589
3.6300 5.3440
3.6400 5.3291
3.6500 5.3142
3.6600 5.2995
3.6700 5.2848
3.6800 5.2702
3.6900 5.2557
3.7000 5.2413
3.7100 5.2270
3.7200 5.2127
3.7300 5.1985
3.7400 5.1844
3.7500 5.1703
3.7600 5.1564
3.7700 5.1425
3.7800 5.1286
3.7900 5.1149
3.8000 5.1012
3.8100 5.0876
3.8200 5.0741
3.8300 5.0606
3.8400 5.0472
3.8500 5.0339
3.8600 5.0206
3.8700 5.0075
3.8800 4.9943
3.8900 4.9813
3.9000 4.9683
3.9100 4.9554
3.9200 4.9425
3.9300 4.9298
3.9400 4.9170
3.9500 4.9044
3.9600 4.8918
3.9700 4.8793
3.9800 4.8668
3.9900 4.8544
4.0000 4.8420
4.0100 4.8298
4.0200 4.8175
4.0300 4.8054
4.0400 4.7933
4.0500 4.7813
4.0600 4.7693
4.0700 4.7574
4.0800 4.7455
4.0900 4.7337
4.1000 4.7219
4.1100 4.7103
4.1200 4.6986
4.1300 4.6870
4.1400 4.6755
4.1500 4.6641
4.1600 4.6527
4.1700 4.6413
4.1800 4.6300
4.1900 4.6188
4.2000 4.6076
4.2100 4.5964
4.2200 4.5853
4.2300 4.5743
4.2400 4.5633
4.2500 4.5524
4.2600 4.5415
4.2700 4.5307
4.2800 4.5199
4.2900 4.5092
4.3000 4.4985
4.3100 4.4879
4.3200 4.4773
4.3300 4.4668
4.3400 4.4563
4.3500 4.4458
4.3600 4.4355
4.3700 4.4251
4.3800 4.4148
4.3900 4.4046
4.4000 4.3944
4.4100 4.3842
4.4200 4.3741
4.4300 4.3641
4.4400 4.3541
4.4500 4.3441
4.4600 4.3342
4.4700 4.3243
4.4800 4.3144
4.4900 4.3047
4.5000 4.2949
4.5100 4.2852
4.5200 4.2755
4.5300 4.2659
4.5400 4.2563
4.5500 4.2468
4.5600 4.2373
4.5700 4.2279
4.5800 4.2184
4.5900 4.2091
4.6000 4.1997
4.6100 4.1905
4.6200 4.1812
4.6300 4.1720
4.6400 4.1628
4.6500 4.1537
4.6600 4.1446
4.6700 4.1356
4.6800 4.1265
4.6900 4.1176
4.7000 4.1086
4.7100 4.0997
4.7200 4.0909
4.7300 4.0821
4.7400 4.0733
4.7500 4.0645
4.7600 4.0558
4.7700 4.0471
4.7800 4.0385
4.7900 4.0299
4.8000 4.0213
4.8100 4.0128
4.8200 4.0043
4.8300 3.9958
4.8400 3.9874
4.8500 3.9790
4.8600 3.9707
4.8700 3.9623
4.8800 3.9540
4.8900 3.9458
4.9000 3.9376
4.9100 3.9294
4.9200 3.9212
4.9300 3.9131
4.9400 3.9050
4.9500 3.8970
4.9600 3.8889
4.9700 3.8809
4.9800 3.8730
4.9900 3.8651
5.0000 3.8572
5.1000 3.7799
5.1100 3.7724
5.1200 3.7648
5.1300 3.7573
5.1400 3.7499
5.1500 3.7424
5.1600 3.7350
5.1700 3.7276
5.1800 3.7203
5.1900 3.7129
5.2000 3.7056
5.2100 3.6984
5.2200 3.6911
5.2300 3.6839
5.2400 3.6767
5.2500 3.6696
5.2600 3.6624
5.2700 3.6553
5.2800 3.6482
5.2900 3.6412
5.3000 3.6342
5.3100 3.6272
5.3200 3.6202
5.3300 3.6132
5.3400 3.6063
5.3500 3.5994
5.3600 3.5925
5.3700 3.5857
5.3800 3.5789
5.3900 3.5721
5.4000 3.5653
5.4100 3.5586
5.4200 3.5519
5.4300 3.5452
5.4400 3.5385
5.4500 3.5319
5.4600 3.5252
5.4700 3.5186
5.4800 3.5121
5.4900 3.5055
5.5000 3.4990
5.5100 3.4925
5.5200 3.4860
5.5300 3.4796
5.5400 3.4731
5.5500 3.4667
5.5600 3.4603
5.5700 3.4540
5.5800 3.4476
5.5900 3.4413
5.6000 3.4350
5.6100 3.4288
5.6200 3.4225
5.6300 3.4163
5.6400 3.4101
5.6500 3.4039
5.6600 3.3977
5.6700 3.3916
5.6800 3.3855
5.6900 3.3794
5.7000 3.3733
5.7100 3.3673
5.7200 3.3612
5.7300 3.3552
5.7400 3.3492
5.7500 3.3433
5.7600 3.3373
5.7700 3.3314
5.7800 3.3255
5.7900 3.3196
5.8000 3.3137
5.8100 3.3079
5.8200 3.3021
5.8300 3.2963
5.8400 3.2905
5.8500 3.2847
5.8600 3.2790
5.8700 3.2732
5.8800 3.2675
5.8900 3.2618
5.9000 3.2562
5.9100 3.2505
5.9200 3.2449
5.9300 3.2393
5.9400 3.2337
5.9500 3.2281
5.9600 3.2225
5.9700 3.2170
5.9800 3.2115
5.9900 3.2060
6.0000 3.2005
6.0100 3.1950
6.0200 3.1896
6.0300 3.1842
6.0400 3.1788
6.0500 3.1734
6.0600 3.1680
6.0700 3.1626
6.0800 3.1573
6.0900 3.1520
6.1000 3.1467
6.1100 3.1414
6.1200 3.1361
6.1300 3.1309
6.1400 3.1256
6.1500 3.1204
6.1600 3.1152
6.1700 3.1100
6.1800 3.1049
6.1900 3.0997
6.2000 3.0946
6.2100 3.0895
6.2200 3.0844
6.2300 3.0793
6.2400 3.0742
6.2500 3.0692
6.2600 3.0641
6.2700 3.0591
6.2800 3.0541
6.2900 3.0491
6.3000 3.0441
6.3100 3.0392
6.3200 3.0343
6.3300 3.0293
6.3400 3.0244
6.3500 3.0195
6.3600 3.0146
6.3700 3.0098
6.3800 3.0049
6.3900 3.0001
6.4000 2.9953
6.4100 2.9905
6.4200 2.9857
6.4300 2.9809
6.4400 2.9762
6.4500 2.9714
6.4600 2.9667
6.4700 2.9620
6.4800 2.9573
6.4900 2.9526
6.5000 2.9479
6.5100 2.9433
6.5200 2.9386
6.5300 2.9340
6.5400 2.9294
6.5500 2.9248
6.5600 2.9202
6.5700 2.9156
6.5800 2.9111
6.5900 2.9065
6.6000 2.9020
6.6100 2.8975
6.6200 2.8930
6.6300 2.8885
6.6400 2.8840
6.6500 2.8796
6.6600 2.8751
6.6700 2.8707
6.6800 2.8662
6.6900 2.8618
6.7000 2.8574
6.7100 2.8531
6.7200 2.8487
6.7300 2.8443
6.7400 2.8400
6.7500 2.8357
6.7600 2.8313
6.7700 2.8270
6.7800 2.8227
6.7900 2.8185
6.8000 2.8142
6.8100 2.8099
6.8200 2.8057
6.8300 2.8015
6.8400 2.7972
6.8500 2.7930
6.8600 2.7889
6.8700 2.7847
6.8800 2.7805
6.8900 2.7763
6.9000 2.7722
6.9100 2.7681
6.9200 2.7639
6.9300 2.7598
6.9400 2.7557
6.9500 2.7517
6.9600 2.7476
6.9700 2.7435
6.9800 2.7395
6.9900 2.7354
7.0000 2.7314
7.0100 2.7274
7.0200 2.7234
7.0300 2.7194
7.0400 2.7154
7.0500 2.7114
7.0600 2.7075
7.0700 2.7035
7.0800 2.6996
7.0900 2.6957
7.1000 2.6918
7.1100 2.6879
7.1200 2.6840
7.1300 2.6801
7.1400 2.6762
7.1500 2.6724
7.1600 2.6685
7.1700 2.6647
7.1800 2.6608
7.1900 2.6570
7.2000 2.6532
7.2100 2.6494
7.2200 2.6456
7.2300 2.6419
7.2400 2.6381
7.2500 2.6343
7.2600 2.6306
7.2700 2.6269
7.2800 2.6231
7.2900 2.6194
7.3000 2.6157
7.3100 2.6120
7.3200 2.6084
7.3300 2.6047
7.3400 2.6010
7.3500 2.5974
7.3600 2.5937
7.3700 2.5901
7.3800 2.5865
7.3900 2.5829
7.4000 2.5793
7.4100 2.5757
7.4200 2.5721
7.4300 2.5685
7.4400 2.5649
7.4500 2.5614
7.4600 2.5578
7.4700 2.5543
7.4800 2.5508
7.4900 2.5473
7.5000 2.5437
7.5100 2.5402
7.5200 2.5368
7.5300 2.5333
7.5400 2.5298
7.5500 2.5263
7.5600 2.5229
7.5700 2.5195
7.5800 2.5160
7.5900 2.5126
7.6000 2.5092
7.6100 2.5058
7.6200 2.5024
7.6300 2.4990
7.6400 2.4956
7.6500 2.4922
7.6600 2.4889
7.6700 2.4855
7.6800 2.4822
7.6900 2.4788
7.7000 2.4755
7.7100 2.4722
7.7200 2.4689
7.7300 2.4656
7.7400 2.4623
7.7500 2.4590
7.7600 2.4557
7.7700 2.4524
7.7800 2.4492
7.7900 2.4459
7.8000 2.4427
7.8100 2.4395
7.8200 2.4362
7.8300 2.4330
7.8400 2.4298
7.8500 2.4266
7.8600 2.4234
7.8700 2.4202
7.8800 2.4170
7.8900 2.4139
7.9000 2.4107
7.9100 2.4076
7.9200 2.4044
7.9300 2.4013
7.9400 2.3981
7.9500 2.3950
7.9600 2.3919
7.9700 2.3888
7.9800 2.3857
7.9900 2.3826
8.0000 2.3795
8.0100 2.3765
8.0200 2.3734
8.0300 2.3703
8.0400 2.3673
8.0500 2.3642
8.0600 2.3612
8.0700 2.3582
8.0800 2.3551
8.0900 2.3521
8.1000 2.3491
8.1100 2.3461
8.1200 2.3431
8.1300 2.3401
8.1400 2.3372
8.1500 2.3342
8.1600 2.3312
8.1700 2.3283
8.1800 2.3253
8.1900 2.3224
8.2000 2.3194
8.2100 2.3165
8.2200 2.3136
8.2300 2.3107
8.2400 2.3078
8.2500 2.3049
8.2600 2.3020
8.2700 2.2991
8.2800 2.2962
8.2900 2.2934
8.3000 2.2905
8.3100 2.2876
8.3200 2.2848
8.3300 2.2819
8.3400 2.2791
8.3500 2.2763
8.3600 2.2735
8.3700 2.2706
8.3800 2.2678
8.3900 2.2650
8.4000 2.2622
8.4100 2.2594
8.4200 2.2567
8.4300 2.2539
8.4400 2.2511
8.4500 2.2483
8.4600 2.2456
8.4700 2.2428
8.4800 2.2401
8.4900 2.2374
8.5000 2.2346
8.5100 2.2319
8.5200 2.2292
8.5300 2.2265
8.5400 2.2238
8.5500 2.2211
8.5600 2.2184
8.5700 2.2157
8.5800 2.2130
8.5900 2.2103
8.6000 2.2077
8.6100 2.2050
8.6200 2.2023
8.6300 2.1997
8.6400 2.1971
8.6500 2.1944
8.6600 2.1918
8.6700 2.1892
8.6800 2.1865
8.6900 2.1839
8.7000 2.1813
8.7100 2.1787
8.7200 2.1761
8.7300 2.1735
8.7400 2.1710
8.7500 2.1684
8.7600 2.1658
8.7700 2.1632
8.7800 2.1607
8.7900 2.1581
8.8000 2.1556
8.8100 2.1530
8.8200 2.1505
8.8300 2.1480
8.8400 2.1454
8.8500 2.1429
8.8600 2.1404
8.8700 2.1379
8.8800 2.1354
8.8900 2.1329
8.9000 2.1304
8.9100 2.1279
8.9200 2.1254
8.9300 2.1230
8.9400 2.1205
8.9500 2.1180
8.9600 2.1156
8.9700 2.1131
8.9800 2.1107
8.9900 2.1082
9.0000 2.1058
9.0100 2.1034
9.0200 2.1009
9.0300 2.0985
9.0400 2.0961
9.0500 2.0937
9.0600 2.0913
9.0700 2.0889
9.0800 2.0865
9.0900 2.0841
9.1000 2.0817
9.1100 2.0794
9.1200 2.0770
9.1300 2.0746
9.1400 2.0723
9.1500 2.0699
9.1600 2.0675
9.1700 2.0652
9.1800 2.0629
9.1900 2.0605
9.2000 2.0582
9.2100 2.0559
9.2200 2.0535
9.2300 2.0512
9.2400 2.0489
9.2500 2.0466
9.2600 2.0443
9.2700 2.0420
9.2800 2.0397
9.2900 2.0374
9.3000 2.0352
9.3100 2.0329
9.3200 2.0306
9.3300 2.0283
9.3400 2.0261
9.3500 2.0238
9.3600 2.0216
9.3700 2.0193
9.3800 2.0171
9.3900 2.0148
9.4000 2.0126
9.4100 2.0104
9.4200 2.0082
9.4300 2.0059
9.4400 2.0037
9.4500 2.0015
9.4600 1.9993
9.4700 1.9971
9.4800 1.9949
9.4900 1.9927
9.5000 1.9905
9.5100 1.9883
9.5200 1.9862
9.5300 1.9840
9.5400 1.9818
9.5500 1.9797
9.5600 1.9775
9.5700 1.9754
9.5800 1.9732
9.5900 1.9711
9.6000 1.9689
9.6100 1.9668
9.6200 1.9646
9.6300 1.9625
9.6400 1.9604
9.6500 1.9583
9.6600 1.9562
9.6700 1.9541
9.6800 1.9519
9.6900 1.9498
9.7000 1.9477
9.7100 1.9457
9.7200 1.9436
9.7300 1.9415
9.7400 1.9394
9.7500 1.9373
9.7600 1.9353
9.7700 1.9332
9.7800 1.9311
9.7900 1.9291
9.8000 1.9270
9.8100 1.9250
9.8200 1.9229
9.8300 1.9209
9.8400 1.9188
9.8500 1.9168
9.8600 1.9148
9.8700 1.9127
9.8800 1.9107
9.8900 1.9087
9.9000 1.9067
9.9100 1.9047
9.9200 1.9027
9.9300 1.9007
9.9400 1.8987
9.9500 1.8967
9.9600 1.8947
9.9700 1.8927
9.9800 1.8907
9.9900 1.8888
10.000 1.8868
10.100 1.8673
10.110 1.8653
10.120 1.8634
10.130 1.8615
10.140 1.8596
10.150 1.8576
10.160 1.8557
10.170 1.8538
10.180 1.8519
10.190 1.8500
10.200 1.8481
10.210 1.8462
10.220 1.8443
10.230 1.8425
10.240 1.8406
10.250 1.8387
10.260 1.8368
10.270 1.8349
10.280 1.8331
10.290 1.8312
10.300 1.8294
10.310 1.8275
10.320 1.8256
10.330 1.8238
10.340 1.8219
10.350 1.8201
10.360 1.8183
10.370 1.8164
10.380 1.8146
10.390 1.8128
10.400 1.8109
10.410 1.8091
10.420 1.8073
10.430 1.8055
10.440 1.8037
10.450 1.8019
10.460 1.8001
10.470 1.7983
10.480 1.7965
10.490 1.7947
10.500 1.7929
10.510 1.7911
10.520 1.7893
10.530 1.7875
10.540 1.7858
10.550 1.7840
10.560 1.7822
10.570 1.7805
10.580 1.7787
10.590 1.7769
10.600 1.7752
10.610 1.7734
10.620 1.7717
10.630 1.7699
10.640 1.7682
10.650 1.7664
10.660 1.7647
10.670 1.7630
10.680 1.7612
10.690 1.7595
10.700 1.7578
10.710 1.7561
10.720 1.7544
10.730 1.7526
10.740 1.7509
10.750 1.7492
10.760 1.7475
10.770 1.7458
10.780 1.7441
10.790 1.7424
10.800 1.7407
10.810 1.7390
10.820 1.7374
10.830 1.7357
10.840 1.7340
10.850 1.7323
10.860 1.7306
10.870 1.7290
10.880 1.7273
10.890 1.7256
10.900 1.7240
10.910 1.7223
10.920 1.7207
10.930 1.7190
10.940 1.7174
10.950 1.7157
10.960 1.7141
10.970 1.7124
10.980 1.7108
10.990 1.7092
11.000 1.7075
11.010 1.7059
11.020 1.7043
11.030 1.7027
11.040 1.7010
11.050 1.6994
11.060 1.6978
11.070 1.6962
11.080 1.6946
11.090 1.6930
11.100 1.6914
11.110 1.6898
11.120 1.6882
11.130 1.6866
11.140 1.6850
11.150 1.6834
11.160 1.6818
11.170 1.6803
11.180 1.6787
11.190 1.6771
11.200 1.6755
11.210 1.6740
11.220 1.6724
11.230 1.6708
11.240 1.6693
11.250 1.6677
11.260 1.6661
11.270 1.6646
11.280 1.6630
11.290 1.6615
11.300 1.6599
11.310 1.6584
11.320 1.6569
11.330 1.6553
11.340 1.6538
11.350 1.6523
11.360 1.6507
11.370 1.6492
11.380 1.6477
11.390 1.6462
11.400 1.6446
11.410 1.6431
11.420 1.6416
11.430 1.6401
11.440 1.6386
11.450 1.6371
11.460 1.6356
11.470 1.6341
11.480 1.6326
11.490 1.6311
11.500 1.6296
11.510 1.6281
11.520 1.6266
11.530 1.6251
11.540 1.6236
11.550 1.6222
11.560 1.6207
11.570 1.6192
11.580 1.6177
11.590 1.6163
11.600 1.6148
11.610 1.6133
11.620 1.6119
11.630 1.6104
11.640 1.6090
11.650 1.6075
11.660 1.6061
11.670 1.6046
11.680 1.6032
11.690 1.6017
11.700 1.6003
11.710 1.5988
11.720 1.5974
11.730 1.5960
11.740 1.5945
11.750 1.5931
11.760 1.5917
11.770 1.5902
11.780 1.5888
11.790 1.5874
11.800 1.5860
11.810 1.5846
11.820 1.5832
11.830 1.5817
11.840 1.5803
11.850 1.5789
11.860 1.5775
11.870 1.5761
11.880 1.5747
11.890 1.5733
11.900 1.5719
11.910 1.5706
11.920 1.5692
11.930 1.5678
11.940 1.5664
11.950 1.5650
11.960 1.5636
11.970 1.5622
11.980 1.5609
11.990 1.5595
12.000 1.5581
12.010 1.5568
12.020 1.5554
12.030 1.5540
12.040 1.5527
12.050 1.5513
12.060 1.5500
12.070 1.5486
12.080 1.5472
12.090 1.5459
12.100 1.5445
12.110 1.5432
12.120 1.5419
12.130 1.5405
12.140 1.5392
12.150 1.5378
12.160 1.5365
12.170 1.5352
12.180 1.5338
12.190 1.5325
12.200 1.5312
12.210 1.5299
12.220 1.5285
12.230 1.5272
12.240 1.5259
12.250 1.5246
12.260 1.5233
12.270 1.5220
12.280 1.5207
12.290 1.5193
12.300 1.5180
12.310 1.5167
12.320 1.5154
12.330 1.5141
12.340 1.5128
12.350 1.5115
12.360 1.5103
12.370 1.5090
12.380 1.5077
12.390 1.5064
12.400 1.5051
12.410 1.5038
12.420 1.5025
12.430 1.5013
12.440 1.5000
12.450 1.4987
12.460 1.4974
12.470 1.4962
12.480 1.4949
12.490 1.4936
12.500 1.4924
12.510 1.4911
12.520 1.4899
12.530 1.4886
12.540 1.4873
12.550 1.4861
12.560 1.4848
12.570 1.4836
12.580 1.4823
12.590 1.4811
12.600 1.4799
12.610 1.4786
12.620 1.4774
12.630 1.4761
12.640 1.4749
12.650 1.4737
12.660 1.4724
12.670 1.4712
12.680 1.4700
12.690 1.4687
12.700 1.4675
12.710 1.4663
12.720 1.4651
12.730 1.4639
12.740 1.4626
12.750 1.4614
12.760 1.4602
12.770 1.4590
12.780 1.4578
12.790 1.4566
12.800 1.4554
12.810 1.4542
12.820 1.4530
12.830 1.4518
12.840 1.4506
12.850 1.4494
12.860 1.4482
12.870 1.4470
12.880 1.4458
12.890 1.4446
12.900 1.4434
12.910 1.4423
12.920 1.4411
12.930 1.4399
12.940 1.4387
12.950 1.4375
12.960 1.4364
12.970 1.4352
12.980 1.4340
12.990 1.4328
13.000 1.4317
13.010 1.4305
13.020 1.4293
13.030 1.4282
13.040 1.4270
13.050 1.4259
13.060 1.4247
13.070 1.4235
13.080 1.4224
13.090 1.4212
13.100 1.4201
13.110 1.4189
13.120 1.4178
13.130 1.4166
13.140 1.4155
13.150 1.4144
13.160 1.4132
13.170 1.4121
13.180 1.4109
13.190 1.4098
13.200 1.4087
13.210 1.4075
13.220 1.4064
13.230 1.4053
13.240 1.4042
13.250 1.4030
13.260 1.4019
13.270 1.4008
13.280 1.3997
13.290 1.3986
13.300 1.3974
13.310 1.3963
13.320 1.3952
13.330 1.3941
13.340 1.3930
13.350 1.3919
13.360 1.3908
13.370 1.3897
13.380 1.3886
13.390 1.3875
13.400 1.3864
13.410 1.3853
13.420 1.3842
13.430 1.3831
13.440 1.3820
13.450 1.3809
13.460 1.3798
13.470 1.3787
13.480 1.3776
13.490 1.3765
13.500 1.3755
13.510 1.3744
13.520 1.3733
13.530 1.3722
13.540 1.3711
13.550 1.3701
13.560 1.3690
13.570 1.3679
13.580 1.3668
13.590 1.3658
13.600 1.3647
13.610 1.3636
13.620 1.3626
13.630 1.3615
13.640 1.3605
13.650 1.3594
13.660 1.3583
13.670 1.3573
13.680 1.3562
13.690 1.3552
13.700 1.3541
13.710 1.3531
13.720 1.3520
13.730 1.3510
13.740 1.3499
13.750 1.3489
13.760 1.3478
13.770 1.3468
13.780 1.3458
13.790 1.3447
13.800 1.3437
13.810 1.3426
13.820 1.3416
13.830 1.3406
13.840 1.3396
13.850 1.3385
13.860 1.3375
13.870 1.3365
13.880 1.3354
13.890 1.3344
13.900 1.3334
13.910 1.3324
13.920 1.3314
13.930 1.3303
13.940 1.3293
13.950 1.3283
13.960 1.3273
13.970 1.3263
13.980 1.3253
13.990 1.3243
14.000 1.3233
14.010 1.3222
14.020 1.3212
14.030 1.3202
14.040 1.3192
14.050 1.3182
14.060 1.3172
14.070 1.3162
14.080 1.3152
14.090 1.3142
14.100 1.3133
14.110 1.3123
14.120 1.3113
14.130 1.3103
14.140 1.3093
14.150 1.3083
14.160 1.3073
14.170 1.3063
14.180 1.3054
14.190 1.3044
14.200 1.3034
14.210 1.3024
14.220 1.3014
14.230 1.3005
14.240 1.2995
14.250 1.2985
14.260 1.2975
14.270 1.2966
14.280 1.2956
14.290 1.2946
14.300 1.2937
14.310 1.2927
14.320 1.2917
14.330 1.2908
14.340 1.2898
14.350 1.2889
14.360 1.2879
14.370 1.2870
14.380 1.2860
14.390 1.2850
14.400 1.2841
14.410 1.2831
14.420 1.2822
14.430 1.2812
14.440 1.2803
14.450 1.2793
14.460 1.2784
14.470 1.2775
14.480 1.2765
14.490 1.2756
14.500 1.2746
14.510 1.2737
14.520 1.2728
14.530 1.2718
14.540 1.2709
14.550 1.2700
14.560 1.2690
14.570 1.2681
14.580 1.2672
14.590 1.2662
14.600 1.2653
14.610 1.2644
14.620 1.2635
14.630 1.2625
14.640 1.2616
14.650 1.2607
14.660 1.2598
14.670 1.2589
14.680 1.2579
14.690 1.2570
14.700 1.2561
14.710 1.2552
14.720 1.2543
14.730 1.2534
14.740 1.2525
14.750 1.2516
14.760 1.2507
14.770 1.2498
14.780 1.2488
14.790 1.2479
14.800 1.2470
14.810 1.2461
14.820 1.2452
14.830 1.2443
14.840 1.2434
14.850 1.2426
14.860 1.2417
14.870 1.2408
14.880 1.2399
14.890 1.2390
14.900 1.2381
14.910 1.2372
14.920 1.2363
14.930 1.2354
14.940 1.2345
14.950 1.2337
14.960 1.2328
14.970 1.2319
14.980 1.2310
14.990 1.2301
15.000 1.2293
15.100 1.2205
15.110 1.2197
15.120 1.2188
15.130 1.2179
15.140 1.2171
15.150 1.2162
15.160 1.2154
15.170 1.2145
15.180 1.2136
15.190 1.2128
15.200 1.2119
15.210 1.2111
15.220 1.2102
15.230 1.2094
15.240 1.2085
15.250 1.2077
15.260 1.2068
15.270 1.2060
15.280 1.2051
15.290 1.2043
15.300 1.2034
15.310 1.2026
15.320 1.2018
15.330 1.2009
15.340 1.2001
15.350 1.1992
15.360 1.1984
15.370 1.1976
15.380 1.1967
15.390 1.1959
15.400 1.1951
15.410 1.1942
15.420 1.1934
15.430 1.1926
15.440 1.1917
15.450 1.1909
15.460 1.1901
15.470 1.1893
15.480 1.1884
15.490 1.1876
15.500 1.1868
15.510 1.1860
15.520 1.1852
15.530 1.1843
15.540 1.1835
15.550 1.1827
15.560 1.1819
15.570 1.1811
15.580 1.1803
15.590 1.1794
15.600 1.1786
15.610 1.1778
15.620 1.1770
15.630 1.1762
15.640 1.1754
15.650 1.1746
15.660 1.1738
15.670 1.1730
15.680 1.1722
15.690 1.1714
15.700 1.1706
15.710 1.1698
15.720 1.1690
15.730 1.1682
15.740 1.1674
15.750 1.1666
15.760 1.1658
15.770 1.1650
15.780 1.1642
15.790 1.1634
15.800 1.1626
15.810 1.1618
15.820 1.1610
15.830 1.1602
15.840 1.1594
15.850 1.1587
15.860 1.1579
15.870 1.1571
15.880 1.1563
15.890 1.1555
15.900 1.1547
15.910 1.1540
15.920 1.1532
15.930 1.1524
15.940 1.1516
15.950 1.1509
15.960 1.1501
15.970 1.1493
15.980 1.1485
15.990 1.1478
16.000 1.1470
16.010 1.1462
16.020 1.1454
16.030 1.1447
16.040 1.1439
16.050 1.1431
16.060 1.1424
16.070 1.1416
16.080 1.1408
16.090 1.1401
16.100 1.1393
16.110 1.1386
16.120 1.1378
16.130 1.1370
16.140 1.1363
16.150 1.1355
16.160 1.1348
16.170 1.1340
16.180 1.1332
16.190 1.1325
16.200 1.1317
16.210 1.1310
16.220 1.1302
16.230 1.1295
16.240 1.1287
16.250 1.1280
16.260 1.1272
16.270 1.1265
16.280 1.1257
16.290 1.1250
16.300 1.1243
16.310 1.1235
16.320 1.1228
16.330 1.1220
16.340 1.1213
16.350 1.1206
16.360 1.1198
16.370 1.1191
16.380 1.1183
16.390 1.1176
16.400 1.1169
16.410 1.1161
16.420 1.1154
16.430 1.1147
16.440 1.1139
16.450 1.1132
16.460 1.1125
16.470 1.1118
16.480 1.1110
16.490 1.1103
16.500 1.1096
16.510 1.1088
16.520 1.1081
16.530 1.1074
16.540 1.1067
16.550 1.1060
16.560 1.1052
16.570 1.1045
16.580 1.1038
16.590 1.1031
16.600 1.1024
16.610 1.1016
16.620 1.1009
16.630 1.1002
16.640 1.0995
16.650 1.0988
16.660 1.0981
16.670 1.0974
16.680 1.0967
16.690 1.0959
16.700 1.0952
16.710 1.0945
16.720 1.0938
16.730 1.0931
16.740 1.0924
16.750 1.0917
16.760 1.0910
16.770 1.0903
16.780 1.0896
16.790 1.0889
16.800 1.0882
16.810 1.0875
16.820 1.0868
16.830 1.0861
16.840 1.0854
16.850 1.0847
16.860 1.0840
16.870 1.0833
16.880 1.0826
16.890 1.0819
16.900 1.0812
16.910 1.0805
16.920 1.0799
16.930 1.0792
16.940 1.0785
16.950 1.0778
16.960 1.0771
16.970 1.0764
16.980 1.0757
16.990 1.0750
17.000 1.0744
17.010 1.0737
17.020 1.0730
17.030 1.0723
17.040 1.0716
17.050 1.0709
17.060 1.0703
17.070 1.0696
17.080 1.0689
17.090 1.0682
17.100 1.0676
17.110 1.0669
17.120 1.0662
17.130 1.0655
17.140 1.0649
17.150 1.0642
17.160 1.0635
17.170 1.0628
17.180 1.0622
17.190 1.0615
17.200 1.0608
17.210 1.0602
17.220 1.0595
17.230 1.0588
17.240 1.0582
17.250 1.0575
17.260 1.0568
17.270 1.0562
17.280 1.0555
17.290 1.0549
17.300 1.0542
17.310 1.0535
17.320 1.0529
17.330 1.0522
17.340 1.0516
17.350 1.0509
17.360 1.0503
17.370 1.0496
17.380 1.0489
17.390 1.0483
17.400 1.0476
17.410 1.0470
17.420 1.0463
17.430 1.0457
17.440 1.0450
17.450 1.0444
17.460 1.0437
17.470 1.0431
17.480 1.0424
17.490 1.0418
17.500 1.0411
17.510 1.0405
17.520 1.0399
17.530 1.0392
17.540 1.0386
17.550 1.0379
17.560 1.0373
17.570 1.0366
17.580 1.0360
17.590 1.0354
17.600 1.0347
17.610 1.0341
17.620 1.0335
17.630 1.0328
17.640 1.0322
17.650 1.0315
17.660 1.0309
17.670 1.0303
17.680 1.0296
17.690 1.0290
17.700 1.0284
17.710 1.0278
17.720 1.0271
17.730 1.0265
17.740 1.0259
17.750 1.0252
17.760 1.0246
17.770 1.0240
17.780 1.0234
17.790 1.0227
17.800 1.0221
17.810 1.0215
17.820 1.0209
17.830 1.0202
17.840 1.0196
17.850 1.0190
17.860 1.0184
17.870 1.0178
17.880 1.0171
17.890 1.0165
17.900 1.0159
17.910 1.0153
17.920 1.0147
17.930 1.0141
17.940 1.0134
17.950 1.0128
17.960 1.0122
17.970 1.0116
17.980 1.0110
17.990 1.0104
18.000 1.0098
18.010 1.0092
18.020 1.0086
18.030 1.0079
18.040 1.0073
18.050 1.0067
18.060 1.0061
18.070 1.0055
18.080 1.0049
18.090 1.0043
18.100 1.0037
18.110 1.0031
18.120 1.0025
18.130 1.0019
18.140 1.0013
18.150 1.0007
18.160 1.0001
18.170 0.99950
18.180 0.99890
18.190 0.99830
18.200 0.99771
18.210 0.99711
18.220 0.99651
18.230 0.99592
18.240 0.99532
18.250 0.99473
18.260 0.99414
18.270 0.99354
18.280 0.99295
18.290 0.99236
18.300 0.99177
18.310 0.99118
18.320 0.99059
18.330 0.99000
18.340 0.98941
18.350 0.98883
18.360 0.98824
18.370 0.98765
18.380 0.98707
18.390 0.98648
18.400 0.98590
18.410 0.98532
18.420 0.98473
18.430 0.98415
18.440 0.98357
18.450 0.98299
18.460 0.98241
18.470 0.98183
18.480 0.98125
18.490 0.98067
18.500 0.98009
18.510 0.97951
18.520 0.97894
18.530 0.97836
18.540 0.97779
18.550 0.97721
18.560 0.97664
18.570 0.97606
18.580 0.97549
18.590 0.97492
18.600 0.97435
18.610 0.97377
18.620 0.97320
18.630 0.97263
18.640 0.97206
18.650 0.97150
18.660 0.97093
18.670 0.97036
18.680 0.96979
18.690 0.96923
18.700 0.96866
18.710 0.96810
18.720 0.96753
18.730 0.96697
18.740 0.96640
18.750 0.96584
18.760 0.96528
18.770 0.96472
18.780 0.96416
18.790 0.96360
18.800 0.96304
18.810 0.96248
18.820 0.96192
18.830 0.96136
18.840 0.96080
18.850 0.96025
18.860 0.95969
18.870 0.95913
18.880 0.95858
18.890 0.95803
18.900 0.95747
18.910 0.95692
18.920 0.95637
18.930 0.95581
18.940 0.95526
18.950 0.95471
18.960 0.95416
18.970 0.95361
18.980 0.95306
18.990 0.95251
19.000 0.95196
19.010 0.95142
19.020 0.95087
19.030 0.95032
19.040 0.94978
19.050 0.94923
19.060 0.94869
19.070 0.94814
19.080 0.94760
19.090 0.94706
19.100 0.94652
19.110 0.94597
19.120 0.94543
19.130 0.94489
19.140 0.94435
19.150 0.94381
19.160 0.94327
19.170 0.94273
19.180 0.94220
19.190 0.94166
19.200 0.94112
19.210 0.94059
19.220 0.94005
19.230 0.93952
19.240 0.93898
19.250 0.93845
19.260 0.93791
19.270 0.93738
19.280 0.93685
19.290 0.93632
19.300 0.93578
19.310 0.93525
19.320 0.93472
19.330 0.93419
19.340 0.93367
19.350 0.93314
19.360 0.93261
19.370 0.93208
19.380 0.93155
19.390 0.93103
19.400 0.93050
19.410 0.92998
19.420 0.92945
19.430 0.92893
19.440 0.92840
19.450 0.92788
19.460 0.92736
19.470 0.92684
19.480 0.92632
19.490 0.92579
19.500 0.92527
19.510 0.92475
19.520 0.92423
19.530 0.92372
19.540 0.92320
19.550 0.92268
19.560 0.92216
19.570 0.92165
19.580 0.92113
19.590 0.92061
19.600 0.92010
19.610 0.91958
19.620 0.91907
19.630 0.91856
19.640 0.91804
19.650 0.91753
19.660 0.91702
19.670 0.91651
19.680 0.91600
19.690 0.91548
19.700 0.91497
19.710 0.91447
19.720 0.91396
19.730 0.91345
19.740 0.91294
19.750 0.91243
19.760 0.91193
19.770 0.91142
19.780 0.91091
19.790 0.91041
19.800 0.90990
19.810 0.90940
19.820 0.90889
19.830 0.90839
19.840 0.90789
19.850 0.90739
19.860 0.90688
19.870 0.90638
19.880 0.90588
19.890 0.90538
19.900 0.90488
19.910 0.90438
19.920 0.90388
19.930 0.90339
19.940 0.90289
19.950 0.90239
19.960 0.90189
19.970 0.90140
19.980 0.90090
19.990 0.90041
20.000 0.89991
20.100 0.89499
20.110 0.89450
20.120 0.89401
20.130 0.89352
20.140 0.89303
20.150 0.89255
20.160 0.89206
20.170 0.89157
20.180 0.89109
20.190 0.89060
20.200 0.89012
20.210 0.88963
20.220 0.88915
20.230 0.88866
20.240 0.88818
20.250 0.88770
20.260 0.88721
20.270 0.88673
20.280 0.88625
20.290 0.88577
20.300 0.88529
20.310 0.88481
20.320 0.88433
20.330 0.88385
20.340 0.88337
20.350 0.88290
20.360 0.88242
20.370 0.88194
20.380 0.88146
20.390 0.88099
20.400 0.88051
20.410 0.88004
20.420 0.87956
20.430 0.87909
20.440 0.87861
20.450 0.87814
20.460 0.87767
20.470 0.87719
20.480 0.87672
20.490 0.87625
20.500 0.87578
20.510 0.87531
20.520 0.87484
20.530 0.87437
20.540 0.87390
20.550 0.87343
20.560 0.87296
20.570 0.87249
20.580 0.87203
20.590 0.87156
20.600 0.87109
20.610 0.87063
20.620 0.87016
20.630 0.86970
20.640 0.86923
20.650 0.86877
20.660 0.86830
20.670 0.86784
20.680 0.86738
20.690 0.86691
20.700 0.86645
20.710 0.86599
20.720 0.86553
20.730 0.86507
20.740 0.86461
20.750 0.86415
20.760 0.86369
20.770 0.86323
20.780 0.86277
20.790 0.86231
20.800 0.86185
20.810 0.86140
20.820 0.86094
20.830 0.86048
20.840 0.86003
20.850 0.85957
20.860 0.85912
20.870 0.85866
20.880 0.85821
20.890 0.85775
20.900 0.85730
20.910 0.85685
20.920 0.85640
20.930 0.85594
20.940 0.85549
20.950 0.85504
20.960 0.85459
20.970 0.85414
20.980 0.85369
20.990 0.85324
21.000 0.85279
21.010 0.85234
21.020 0.85189
21.030 0.85145
21.040 0.85100
21.050 0.85055
21.060 0.85011
21.070 0.84966
21.080 0.84921
21.090 0.84877
21.100 0.84832
21.110 0.84788
21.120 0.84743
21.130 0.84699
21.140 0.84655
21.150 0.84611
21.160 0.84566
21.170 0.84522
21.180 0.84478
21.190 0.84434
21.200 0.84390
21.210 0.84346
21.220 0.84302
21.230 0.84258
21.240 0.84214
21.250 0.84170
21.260 0.84126
21.270 0.84082
21.280 0.84039
21.290 0.83995
21.300 0.83951
21.310 0.83908
21.320 0.83864
21.330 0.83821
21.340 0.83777
21.350 0.83734
21.360 0.83690
21.370 0.83647
21.380 0.83603
21.390 0.83560
21.400 0.83517
21.410 0.83474
21.420 0.83431
21.430 0.83387
21.440 0.83344
21.450 0.83301
21.460 0.83258
21.470 0.83215
21.480 0.83172
21.490 0.83129
21.500 0.83087
21.510 0.83044
21.520 0.83001
21.530 0.82958
21.540 0.82916
21.550 0.82873
21.560 0.82830
21.570 0.82788
21.580 0.82745
21.590 0.82703
21.600 0.82660
21.610 0.82618
21.620 0.82575
21.630 0.82533
21.640 0.82491
21.650 0.82448
21.660 0.82406
21.670 0.82364
21.680 0.82322
21.690 0.82280
21.700 0.82238
21.710 0.82196
21.720 0.82154
21.730 0.82112
21.740 0.82070
21.750 0.82028
21.760 0.81986
21.770 0.81944
21.780 0.81902
21.790 0.81861
21.800 0.81819
21.810 0.81777
21.820 0.81736
21.830 0.81694
21.840 0.81653
21.850 0.81611
21.860 0.81570
21.870 0.81528
21.880 0.81487
21.890 0.81446
21.900 0.81404
21.910 0.81363
21.920 0.81322
21.930 0.81280
21.940 0.81239
21.950 0.81198
21.960 0.81157
21.970 0.81116
21.980 0.81075
21.990 0.81034
22.000 0.80993
22.010 0.80952
22.020 0.80911
22.030 0.80871
22.040 0.80830
22.050 0.80789
22.060 0.80748
22.070 0.80708
22.080 0.80667
22.090 0.80626
22.100 0.80586
22.110 0.80545
22.120 0.80505
22.130 0.80464
22.140 0.80424
22.150 0.80383
22.160 0.80343
22.170 0.80303
22.180 0.80262
22.190 0.80222
22.200 0.80182
22.210 0.80142
22.220 0.80102
22.230 0.80062
22.240 0.80021
22.250 0.79981
22.260 0.79941
22.270 0.79901
22.280 0.79862
22.290 0.79822
22.300 0.79782
22.310 0.79742
22.320 0.79702
22.330 0.79662
22.340 0.79623
22.350 0.79583
22.360 0.79543
22.370 0.79504
22.380 0.79464
22.390 0.79425
22.400 0.79385
22.410 0.79346
22.420 0.79306
22.430 0.79267
22.440 0.79228
22.450 0.79188
22.460 0.79149
22.470 0.79110
22.480 0.79070
22.490 0.79031
22.500 0.78992
22.510 0.78953
22.520 0.78914
22.530 0.78875
22.540 0.78836
22.550 0.78797
22.560 0.78758
22.570 0.78719
22.580 0.78680
22.590 0.78641
22.600 0.78602
22.610 0.78564
22.620 0.78525
22.630 0.78486
22.640 0.78448
22.650 0.78409
22.660 0.78370
22.670 0.78332
22.680 0.78293
22.690 0.78255
22.700 0.78216
22.710 0.78178
22.720 0.78139
22.730 0.78101
22.740 0.78063
22.750 0.78024
22.760 0.77986
22.770 0.77948
22.780 0.77910
22.790 0.77872
22.800 0.77833
22.810 0.77795
22.820 0.77757
22.830 0.77719
22.840 0.77681
22.850 0.77643
22.860 0.77605
22.870 0.77567
22.880 0.77529
22.890 0.77492
22.900 0.77454
22.910 0.77416
22.920 0.77378
22.930 0.77341
22.940 0.77303
22.950 0.77265
22.960 0.77228
22.970 0.77190
22.980 0.77153
22.990 0.77115
23.000 0.77078
23.010 0.77040
23.020 0.77003
23.030 0.76965
23.040 0.76928
23.050 0.76891
23.060 0.76853
23.070 0.76816
23.080 0.76779
23.090 0.76742
23.100 0.76705
23.110 0.76667
23.120 0.76630
23.130 0.76593
23.140 0.76556
23.150 0.76519
23.160 0.76482
23.170 0.76445
23.180 0.76408
23.190 0.76372
23.200 0.76335
23.210 0.76298
23.220 0.76261
23.230 0.76224
23.240 0.76188
23.250 0.76151
23.260 0.76114
23.270 0.76078
23.280 0.76041
23.290 0.76005
23.300 0.75968
23.310 0.75931
23.320 0.75895
23.330 0.75859
23.340 0.75822
23.350 0.75786
23.360 0.75749
23.370 0.75713
23.380 0.75677
23.390 0.75641
23.400 0.75604
23.410 0.75568
23.420 0.75532
23.430 0.75496
23.440 0.75460
23.450 0.75424
23.460 0.75388
23.470 0.75352
23.480 0.75316
23.490 0.75280
23.500 0.75244
23.510 0.75208
23.520 0.75172
23.530 0.75136
23.540 0.75101
23.550 0.75065
23.560 0.75029
23.570 0.74993
23.580 0.74958
23.590 0.74922
23.600 0.74886
23.610 0.74851
23.620 0.74815
23.630 0.74780
23.640 0.74744
23.650 0.74709
23.660 0.74673
23.670 0.74638
23.680 0.74603
23.690 0.74567
23.700 0.74532
23.710 0.74497
23.720 0.74461
23.730 0.74426
23.740 0.74391
23.750 0.74356
23.760 0.74321
23.770 0.74286
23.780 0.74251
23.790 0.74215
23.800 0.74180
23.810 0.74145
23.820 0.74110
23.830 0.74076
23.840 0.74041
23.850 0.74006
23.860 0.73971
23.870 0.73936
23.880 0.73901
23.890 0.73867
23.900 0.73832
23.910 0.73797
23.920 0.73762
23.930 0.73728
23.940 0.73693
23.950 0.73659
23.960 0.73624
23.970 0.73590
23.980 0.73555
23.990 0.73521
24.000 0.73486
24.010 0.73452
24.020 0.73417
24.030 0.73383
24.040 0.73349
24.050 0.73314
24.060 0.73280
24.070 0.73246
24.080 0.73212
24.090 0.73177
24.100 0.73143
24.110 0.73109
24.120 0.73075
24.130 0.73041
24.140 0.73007
24.150 0.72973
24.160 0.72939
24.170 0.72905
24.180 0.72871
24.190 0.72837
24.200 0.72803
24.210 0.72769
24.220 0.72735
24.230 0.72702
24.240 0.72668
24.250 0.72634
24.260 0.72600
24.270 0.72567
24.280 0.72533
24.290 0.72499
24.300 0.72466
24.310 0.72432
24.320 0.72399
24.330 0.72365
24.340 0.72332
24.350 0.72298
24.360 0.72265
24.370 0.72231
24.380 0.72198
24.390 0.72165
24.400 0.72131
24.410 0.72098
24.420 0.72065
24.430 0.72032
24.440 0.71998
24.450 0.71965
24.460 0.71932
24.470 0.71899
24.480 0.71866
24.490 0.71833
24.500 0.71800
24.510 0.71766
24.520 0.71733
24.530 0.71700
24.540 0.71668
24.550 0.71635
24.560 0.71602
24.570 0.71569
24.580 0.71536
24.590 0.71503
24.600 0.71470
24.610 0.71438
24.620 0.71405
24.630 0.71372
24.640 0.71339
24.650 0.71307
24.660 0.71274
24.670 0.71242
24.680 0.71209
24.690 0.71176
24.700 0.71144
24.710 0.71111
24.720 0.71079
24.730 0.71046
24.740 0.71014
24.750 0.70982
24.760 0.70949
24.770 0.70917
24.780 0.70885
24.790 0.70852
24.800 0.70820
24.810 0.70788
24.820 0.70755
24.830 0.70723
24.840 0.70691
24.850 0.70659
24.860 0.70627
24.870 0.70595
24.880 0.70563
24.890 0.70531
24.900 0.70499
24.910 0.70467
24.920 0.70435
24.930 0.70403
24.940 0.70371
24.950 0.70339
24.960 0.70307
24.970 0.70275
24.980 0.70243
24.990 0.70212
25.000 0.70180
25.100 0.69864
25.110 0.69832
25.120 0.69801
25.130 0.69769
25.140 0.69738
25.150 0.69706
25.160 0.69675
25.170 0.69644
25.180 0.69612
25.190 0.69581
25.200 0.69550
25.210 0.69519
25.220 0.69487
25.230 0.69456
25.240 0.69425
25.250 0.69394
25.260 0.69363
25.270 0.69332
25.280 0.69301
25.290 0.69270
25.300 0.69238
25.310 0.69207
25.320 0.69177
25.330 0.69146
25.340 0.69115
25.350 0.69084
25.360 0.69053
25.370 0.69022
25.380 0.68991
25.390 0.68960
25.400 0.68930
25.410 0.68899
25.420 0.68868
25.430 0.68837
25.440 0.68807
25.450 0.68776
25.460 0.68745
25.470 0.68715
25.480 0.68684
25.490 0.68654
25.500 0.68623
25.510 0.68593
25.520 0.68562
25.530 0.68532
25.540 0.68501
25.550 0.68471
25.560 0.68440
25.570 0.68410
25.580 0.68380
25.590 0.68349
25.600 0.68319
25.610 0.68289
25.620 0.68258
25.630 0.68228
25.640 0.68198
25.650 0.68168
25.660 0.68138
25.670 0.68108
25.680 0.68077
25.690 0.68047
25.700 0.68017
25.710 0.67987
25.720 0.67957
25.730 0.67927
25.740 0.67897
25.750 0.67867
25.760 0.67837
25.770 0.67807
25.780 0.67778
25.790 0.67748
25.800 0.67718
25.810 0.67688
25.820 0.67658
25.830 0.67628
25.840 0.67599
25.850 0.67569
25.860 0.67539
25.870 0.67510
25.880 0.67480
25.890 0.67450
25.900 0.67421
25.910 0.67391
25.920 0.67362
25.930 0.67332
25.940 0.67302
25.950 0.67273
25.960 0.67243
25.970 0.67214
25.980 0.67185
25.990 0.67155
26.000 0.67126
26.010 0.67096
26.020 0.67067
26.030 0.67038
26.040 0.67008
26.050 0.66979
26.060 0.66950
26.070 0.66921
26.080 0.66891
26.090 0.66862
26.100 0.66833
26.110 0.66804
26.120 0.66775
26.130 0.66746
26.140 0.66717
26.150 0.66688
26.160 0.66659
26.170 0.66630
26.180 0.66601
26.190 0.66572
26.200 0.66543
26.210 0.66514
26.220 0.66485
26.230 0.66456
26.240 0.66427
26.250 0.66398
26.260 0.66369
26.270 0.66341
26.280 0.66312
26.290 0.66283
26.300 0.66254
26.310 0.66226
26.320 0.66197
26.330 0.66168
26.340 0.66140
26.350 0.66111
26.360 0.66083
26.370 0.66054
26.380 0.66025
26.390 0.65997
26.400 0.65968
26.410 0.65940
26.420 0.65911
26.430 0.65883
26.440 0.65855
26.450 0.65826
26.460 0.65798
26.470 0.65769
26.480 0.65741
26.490 0.65713
26.500 0.65684
26.510 0.65656
26.520 0.65628
26.530 0.65600
26.540 0.65571
26.550 0.65543
26.560 0.65515
26.570 0.65487
26.580 0.65459
26.590 0.65431
26.600 0.65403
26.610 0.65375
26.620 0.65346
26.630 0.65318
26.640 0.65290
26.650 0.65262
26.660 0.65235
26.670 0.65207
26.680 0.65179
26.690 0.65151
26.700 0.65123
26.710 0.65095
26.720 0.65067
26.730 0.65039
26.740 0.65012
26.750 0.64984
26.760 0.64956
26.770 0.64928
26.780 0.64901
26.790 0.64873
26.800 0.64845
26.810 0.64818
26.820 0.64790
26.830 0.64762
26.840 0.64735
26.850 0.64707
26.860 0.64680
26.870 0.64652
26.880 0.64625
26.890 0.64597
26.900 0.64570
26.910 0.64542
26.920 0.64515
26.930 0.64487
26.940 0.64460
26.950 0.64432
26.960 0.64405
26.970 0.64378
26.980 0.64350
26.990 0.64323
27.000 0.64296
27.010 0.64269
27.020 0.64241
27.030 0.64214
27.040 0.64187
27.050 0.64160
27.060 0.64133
27.070 0.64106
27.080 0.64078
27.090 0.64051
27.100 0.64024
27.110 0.63997
27.120 0.63970
27.130 0.63943
27.140 0.63916
27.150 0.63889
27.160 0.63862
27.170 0.63835
27.180 0.63808
27.190 0.63782
27.200 0.63755
27.210 0.63728
27.220 0.63701
27.230 0.63674
27.240 0.63647
27.250 0.63621
27.260 0.63594
27.270 0.63567
27.280 0.63540
27.290 0.63514
27.300 0.63487
27.310 0.63460
27.320 0.63434
27.330 0.63407
27.340 0.63380
27.350 0.63354
27.360 0.63327
27.370 0.63301
27.380 0.63274
27.390 0.63248
27.400 0.63221
27.410 0.63195
27.420 0.63168
27.430 0.63142
27.440 0.63115
27.450 0.63089
27.460 0.63063
27.470 0.63036
27.480 0.63010
27.490 0.62984
27.500 0.62957
27.510 0.62931
27.520 0.62905
27.530 0.62879
27.540 0.62852
27.550 0.62826
27.560 0.62800
27.570 0.62774
27.580 0.62748
27.590 0.62722
27.600 0.62695
27.610 0.62669
27.620 0.62643
27.630 0.62617
27.640 0.62591
27.650 0.62565
27.660 0.62539
27.670 0.62513
27.680 0.62487
27.690 0.62461
27.700 0.62435
27.710 0.62410
27.720 0.62384
27.730 0.62358
27.740 0.62332
27.750 0.62306
27.760 0.62280
27.770 0.62254
27.780 0.62229
27.790 0.62203
27.800 0.62177
27.810 0.62151
27.820 0.62126
27.830 0.62100
27.840 0.62074
27.850 0.62049
27.860 0.62023
27.870 0.61998
27.880 0.61972
27.890 0.61946
27.900 0.61921
27.910 0.61895
27.920 0.61870
27.930 0.61844
27.940 0.61819
27.950 0.61793
27.960 0.61768
27.970 0.61742
27.980 0.61717
27.990 0.61692
28.000 0.61666
28.010 0.61641
28.020 0.61616
28.030 0.61590
28.040 0.61565
28.050 0.61540
28.060 0.61514
28.070 0.61489
28.080 0.61464
28.090 0.61439
28.100 0.61413
28.110 0.61388
28.120 0.61363
28.130 0.61338
28.140 0.61313
28.150 0.61288
28.160 0.61263
28.170 0.61238
28.180 0.61212
28.190 0.61187
28.200 0.61162
28.210 0.61137
28.220 0.61112
28.230 0.61087
28.240 0.61062
28.250 0.61038
28.260 0.61013
28.270 0.60988
28.280 0.60963
28.290 0.60938
28.300 0.60913
28.310 0.60888
28.320 0.60864
28.330 0.60839
28.340 0.60814
28.350 0.60789
28.360 0.60764
28.370 0.60740
28.380 0.60715
28.390 0.60690
28.400 0.60666
28.410 0.60641
28.420 0.60616
28.430 0.60592
28.440 0.60567
28.450 0.60543
28.460 0.60518
28.470 0.60493
28.480 0.60469
28.490 0.60444
28.500 0.60420
28.510 0.60395
28.520 0.60371
28.530 0.60346
28.540 0.60322
28.550 0.60298
28.560 0.60273
28.570 0.60249
28.580 0.60224
28.590 0.60200
28.600 0.60176
28.610 0.60151
28.620 0.60127
28.630 0.60103
28.640 0.60079
28.650 0.60054
28.660 0.60030
28.670 0.60006
28.680 0.59982
28.690 0.59957
28.700 0.59933
28.710 0.59909
28.720 0.59885
28.730 0.59861
28.740 0.59837
28.750 0.59813
28.760 0.59789
28.770 0.59765
28.780 0.59741
28.790 0.59717
28.800 0.59693
28.810 0.59669
28.820 0.59645
28.830 0.59621
28.840 0.59597
28.850 0.59573
28.860 0.59549
28.870 0.59525
28.880 0.59501
28.890 0.59477
28.900 0.59453
28.910 0.59430
28.920 0.59406
28.930 0.59382
28.940 0.59358
28.950 0.59334
28.960 0.59311
28.970 0.59287
28.980 0.59263
28.990 0.59240
29.000 0.59216
29.010 0.59192
29.020 0.59169
29.030 0.59145
29.040 0.59121
29.050 0.59098
29.060 0.59074
29.070 0.59051
29.080 0.59027
29.090 0.59004
29.100 0.58980
29.110 0.58957
29.120 0.58933
29.130 0.58910
29.140 0.58886
29.150 0.58863
29.160 0.58839
29.170 0.58816
29.180 0.58792
29.190 0.58769
29.200 0.58746
29.210 0.58722
29.220 0.58699
29.230 0.58676
29.240 0.58652
29.250 0.58629
29.260 0.58606
29.270 0.58583
29.280 0.58559
29.290 0.58536
29.300 0.58513
29.310 0.58490
29.320 0.58467
29.330 0.58444
29.340 0.58420
29.350 0.58397
29.360 0.58374
29.370 0.58351
29.380 0.58328
29.390 0.58305
29.400 0.58282
29.410 0.58259
29.420 0.58236
29.430 0.58213
29.440 0.58190
29.450 0.58167
29.460 0.58144
29.470 0.58121
29.480 0.58098
29.490 0.58075
29.500 0.58052
29.510 0.58029
29.520 0.58007
29.530 0.57984
29.540 0.57961
29.550 0.57938
29.560 0.57915
29.570 0.57892
29.580 0.57870
29.590 0.57847
29.600 0.57824
29.610 0.57802
29.620 0.57779
29.630 0.57756
29.640 0.57733
29.650 0.57711
29.660 0.57688
29.670 0.57665
29.680 0.57643
29.690 0.57620
29.700 0.57598
29.710 0.57575
29.720 0.57553
29.730 0.57530
29.740 0.57507
29.750 0.57485
29.760 0.57462
29.770 0.57440
29.780 0.57418
29.790 0.57395
29.800 0.57373
29.810 0.57350
29.820 0.57328
29.830 0.57305
29.840 0.57283
29.850 0.57261
29.860 0.57238
29.870 0.57216
29.880 0.57194
29.890 0.57171
29.900 0.57149
29.910 0.57127
29.920 0.57105
29.930 0.57082
29.940 0.57060
29.950 0.57038
29.960 0.57016
29.970 0.56993
29.980 0.56971
29.990 0.56949
30.000 0.56927
