0.10000 270.75 0.0957649257087
0.11000 246.13 0.10534141828
0.12000 225.62 0.11491791085
0.13000 208.26 0.124494403421
0.14000 193.38 0.134070895992
0.15000 180.49 0.143647388563
0.16000 169.20 0.153223881134
0.17000 159.25 0.162800373705
0.18000 150.40 0.172376866276
0.19000 142.48 0.181953358847
0.20000 135.36 0.191529851417
0.21000 128.91 0.201106343988
0.22000 123.05 0.210682836559
0.23000 117.69 0.22025932913
0.24000 112.79 0.229835821701
0.25000 108.28 0.239412314272
0.26000 104.11 0.248988806843
0.27000 100.25 0.258565299413
0.28000 96.671 0.268141791984
0.29000 93.336 0.277718284555
0.30000 90.224 0.287294777126
0.31000 87.312 0.296871269697
0.32000 84.582 0.306447762268
0.33000 82.018 0.316024254839
0.34000 79.604 0.32560074741
0.35000 77.329 0.33517723998
0.36000 75.180 0.344753732551
0.37000 73.147 0.354330225122
0.38000 71.221 0.363906717693
0.39000 69.394 0.373483210264
0.40000 67.658 0.383059702835
0.41000 66.007 0.392636195406
0.42000 64.434 0.402212687977
0.43000 62.935 0.411789180547
0.44000 61.503 0.421365673118
0.45000 60.136 0.430942165689
0.46000 58.828 0.44051865826
0.47000 57.575 0.450095150831
0.48000 56.375 0.459671643402
0.49000 55.224 0.469248135973
0.50000 54.118 0.478824628543
0.51000 53.056 0.488401121114
0.52000 52.035 0.497977613685
0.53000 51.053 0.507554106256
0.54000 50.107 0.517130598827
0.55000 49.195 0.526707091398
0.56000 48.316 0.536283583969
0.57000 47.467 0.54586007654
0.58000 46.648 0.55543656911
0.59000 45.857 0.565013061681
0.60000 45.092 0.574589554252
0.61000 44.352 0.584166046823
0.62000 43.636 0.593742539394
0.63000 42.943 0.603319031965
0.64000 42.271 0.612895524536
0.65000 41.620 0.622472017107
0.66000 40.989 0.632048509677
0.67000 40.377 0.641625002248
0.68000 39.782 0.651201494819
0.69000 39.205 0.66077798739
0.70000 38.645 0.670354479961
0.71000 38.100 0.679930972532
0.72000 37.570 0.689507465103
0.73000 37.055 0.699083957673
0.74000 36.554 0.708660450244
0.75000 36.066 0.718236942815
0.76000 35.591 0.727813435386
0.77000 35.128 0.737389927957
0.78000 34.677 0.746966420528
0.79000 34.238 0.756542913099
0.80000 33.809 0.76611940567
0.81000 33.391 0.77569589824
0.82000 32.984 0.785272390811
0.83000 32.586 0.794848883382
0.84000 32.197 0.804425375953
0.85000 31.818 0.814001868524
0.86000 31.448 0.823578361095
0.87000 31.086 0.833154853666
0.88000 30.732 0.842731346237
0.89000 30.386 0.852307838807
0.90000 30.048 0.861884331378
0.91000 29.718 0.871460823949
0.92000 29.394 0.88103731652
0.93000 29.078 0.890613809091
0.94000 28.768 0.900190301662
0.95000 28.465 0.909766794233
0.96000 28.168 0.919343286803
0.97000 27.877 0.928919779374
0.98000 27.592 0.938496271945
0.99000 27.313 0.948072764516
1.0000 27.039 0.957649257087
1.0100 26.771 0.967225749658
1.0200 26.508 0.976802242229
1.0300 26.251 0.9863787348
1.0400 25.998 0.99595522737
1.0500 25.750 1.00553171994
1.0600 25.507 1.01510821251
1.0700 25.268 1.02468470508
1.0800 25.034 1.03426119765
1.0900 24.803 1.04383769022
1.1000 24.578 1.0534141828
1.1100 24.356 1.06299067537
1.1200 24.138 1.07256716794
1.1300 23.924 1.08214366051
1.1400 23.714 1.09172015308
1.1500 23.507 1.10129664565
1.1600 23.304 1.11087313822
1.1700 23.105 1.12044963079
1.1800 22.909 1.13002612336
1.1900 22.716 1.13960261593
1.2000 22.526 1.1491791085
1.2100 22.340 1.15875560108
1.2200 22.156 1.16833209365
1.2300 21.976 1.17790858622
1.2400 21.798 1.18748507879
1.2500 21.624 1.19706157136
1.2600 21.452 1.20663806393
1.2700 21.282 1.2162145565
1.2800 21.116 1.22579104907
1.2900 20.952 1.23536754164
1.3000 20.790 1.24494403421
1.3100 20.631 1.25452052678
1.3200 20.475 1.26409701935
1.3300 20.321 1.27367351193
1.3400 20.169 1.2832500045
1.3500 20.019 1.29282649707
1.3600 19.871 1.30240298964
1.3700 19.726 1.31197948221
1.3800 19.583 1.32155597478
1.3900 19.442 1.33113246735
1.4000 19.303 1.34070895992
1.4100 19.165 1.35028545249
1.4200 19.030 1.35986194506
1.4300 18.897 1.36943843763
1.4400 18.765 1.37901493021
1.4500 18.636 1.38859142278
1.4600 18.508 1.39816791535
1.4700 18.381 1.40774440792
1.4800 18.257 1.41732090049
1.4900 18.134 1.42689739306
1.5000 18.013 1.43647388563
1.5100 17.894 1.4460503782
1.5200 17.776 1.45562687077
1.5300 17.659 1.46520336334
1.5400 17.544 1.47477985591
1.5500 17.431 1.48435634848
1.5600 17.319 1.49393284106
1.5700 17.208 1.50350933363
1.5800 17.099 1.5130858262
1.5900 16.991 1.52266231877
1.6000 16.885 1.53223881134
1.6100 16.780 1.54181530391
1.6200 16.676 1.55139179648
1.6300 16.573 1.56096828905
1.6400 16.472 1.57054478162
1.6500 16.372 1.58012127419
1.6600 16.273 1.58969776676
1.6700 16.175 1.59927425934
1.6800 16.079 1.60885075191
1.6900 15.983 1.61842724448
1.7000 15.889 1.62800373705
1.7100 15.796 1.63758022962
1.7200 15.704 1.64715672219
1.7300 15.613 1.65673321476
1.7400 15.523 1.66630970733
1.7500 15.434 1.6758861999
1.7600 15.346 1.68546269247
1.7700 15.259 1.69503918504
1.7800 15.173 1.70461567761
1.7900 15.088 1.71419217019
1.8000 15.004 1.72376866276
1.8100 14.921 1.73334515533
1.8200 14.839 1.7429216479
1.8300 14.758 1.75249814047
1.8400 14.677 1.76207463304
1.8500 14.598 1.77165112561
1.8600 14.519 1.78122761818
1.8700 14.441 1.79080411075
1.8800 14.364 1.80038060332
1.8900 14.288 1.80995709589
1.9000 14.213 1.81953358847
1.9100 14.138 1.82911008104
1.9200 14.064 1.83868657361
1.9300 13.991 1.84826306618
1.9400 13.919 1.85783955875
1.9500 13.847 1.86741605132
1.9600 13.776 1.87699254389
1.9700 13.706 1.88656903646
1.9800 13.637 1.89614552903
1.9900 13.568 1.9057220216
2.0000 13.500 1.91529851417
2.0100 13.433 1.92487500674
2.0200 13.366 1.93445149932
2.0300 13.300 1.94402799189
2.0400 13.234 1.95360448446
2.0500 13.170 1.96318097703
2.0600 13.106 1.9727574696
2.0700 13.042 1.98233396217
2.0800 12.979 1.99191045474
2.0900 12.917 2.00148694731
2.1000 12.855 2.01106343988
2.1100 12.794 2.02063993245
2.1200 12.734 2.03021642502
2.1300 12.674 2.0397929176
2.1400 12.614 2.04936941017
2.1500 12.555 2.05894590274
2.1600 12.497 2.06852239531
2.1700 12.439 2.07809888788
2.1800 12.382 2.08767538045
2.1900 12.325 2.09725187302
2.2000 12.269 2.10682836559
2.2100 12.213 2.11640485816
2.2200 12.158 2.12598135073
2.2300 12.103 2.1355578433
2.2400 12.049 2.14513433587
2.2500 11.996 2.15471082845
2.2600 11.942 2.16428732102
2.2700 11.889 2.17386381359
2.2800 11.837 2.18344030616
2.2900 11.785 2.19301679873
2.3000 11.734 2.2025932913
2.3100 11.683 2.21216978387
2.3200 11.632 2.22174627644
2.3300 11.582 2.23132276901
2.3400 11.533 2.24089926158
2.3500 11.483 2.25047575415
2.3600 11.435 2.26005224673
2.3700 11.386 2.2696287393
2.3800 11.338 2.27920523187
2.3900 11.291 2.28878172444
2.4000 11.243 2.29835821701
2.4100 11.197 2.30793470958
2.4200 11.150 2.31751120215
2.4300 11.104 2.32708769472
2.4400 11.058 2.33666418729
2.4500 11.013 2.34624067986
2.4600 10.968 2.35581717243
2.4700 10.924 2.365393665
2.4800 10.879 2.37497015758
2.4900 10.836 2.38454665015
2.5000 10.792 2.39412314272
2.5100 10.749 2.40369963529
2.5200 10.706 2.41327612786
2.5300 10.664 2.42285262043
2.5400 10.621 2.432429113
2.5500 10.580 2.44200560557
2.5600 10.538 2.45158209814
2.5700 10.497 2.46115859071
2.5800 10.456 2.47073508328
2.5900 10.416 2.48031157586
2.6000 10.375 2.48988806843
2.6100 10.336 2.499464561
2.6200 10.296 2.50904105357
2.6300 10.257 2.51861754614
2.6400 10.218 2.52819403871
2.6500 10.179 2.53777053128
2.6600 10.141 2.54734702385
2.6700 10.102 2.55692351642
2.6800 10.065 2.56650000899
2.6900 10.027 2.57607650156
2.7000 9.9897 2.58565299413
2.7100 9.9527 2.59522948671
2.7200 9.9159 2.60480597928
2.7300 9.8795 2.61438247185
2.7400 9.8433 2.62395896442
2.7500 9.8073 2.63353545699
2.7600 9.7717 2.64311194956
2.7700 9.7362 2.65268844213
2.7800 9.7011 2.6622649347
2.7900 9.6662 2.67184142727
2.8000 9.6315 2.68141791984
2.8100 9.5971 2.69099441241
2.8200 9.5629 2.70057090499
2.8300 9.5290 2.71014739756
2.8400 9.4953 2.71972389013
2.8500 9.4618 2.7293003827
2.8600 9.4286 2.73887687527
2.8700 9.3956 2.74845336784
2.8800 9.3629 2.75802986041
2.8900 9.3303 2.76760635298
2.9000 9.2980 2.77718284555
2.9100 9.2659 2.78675933812
2.9200 9.2341 2.79633583069
2.9300 9.2024 2.80591232326
2.9400 9.1710 2.81548881584
2.9500 9.1398 2.82506530841
2.9600 9.1088 2.83464180098
2.9700 9.0780 2.84421829355
2.9800 9.0474 2.85379478612
2.9900 9.0170 2.86337127869
3.0000 8.9868 2.87294777126
3.0100 8.9568 2.88252426383
3.0200 8.9270 2.8921007564
3.0300 8.8974 2.90167724897
3.0400 8.8680 2.91125374154
3.0500 8.8388 2.92083023412
3.0600 8.8098 2.93040672669
3.0700 8.7810 2.93998321926
3.0800 8.7523 2.94955971183
3.0900 8.7239 2.9591362044
3.1000 8.6956 2.96871269697
3.1100 8.6675 2.97828918954
3.1200 8.6396 2.98786568211
3.1300 8.6119 2.99744217468
3.1400 8.5843 3.00701866725
3.1500 8.5570 3.01659515982
3.1600 8.5298 3.02617165239
3.1700 8.5027 3.03574814497
3.1800 8.4759 3.04532463754
3.1900 8.4492 3.05490113011
3.2000 8.4226 3.06447762268
3.2100 8.3963 3.07405411525
3.2200 8.3701 3.08363060782
3.2300 8.3440 3.09320710039
3.2400 8.3182 3.10278359296
3.2500 8.2925 3.11236008553
3.2600 8.2669 3.1219365781
3.2700 8.2415 3.13151307067
3.2800 8.2162 3.14108956325
3.2900 8.1912 3.15066605582
3.3000 8.1662 3.16024254839
3.3100 8.1414 3.16981904096
3.3200 8.1168 3.17939553353
3.3300 8.0923 3.1889720261
3.3400 8.0679 3.19854851867
3.3500 8.0437 3.20812501124
3.3600 8.0197 3.21770150381
3.3700 7.9958 3.22727799638
3.3800 7.9720 3.23685448895
3.3900 7.9484 3.24643098152
3.4000 7.9249 3.2560074741
3.4100 7.9015 3.26558396667
3.4200 7.8783 3.27516045924
3.4300 7.8552 3.28473695181
3.4400 7.8323 3.29431344438
3.4500 7.8094 3.30388993695
3.4600 7.7868 3.31346642952
3.4700 7.7642 3.32304292209
3.4800 7.7418 3.33261941466
3.4900 7.7195 3.34219590723
3.5000 7.6973 3.3517723998
3.5100 7.6753 3.36134889238
3.5200 7.6534 3.37092538495
3.5300 7.6316 3.38050187752
3.5400 7.6099 3.39007837009
3.5500 7.5883 3.39965486266
3.5600 7.5669 3.40923135523
3.5700 7.5456 3.4188078478
3.5800 7.5244 3.42838434037
3.5900 7.5034 3.43796083294
3.6000 7.4824 3.44753732551
3.6100 7.4616 3.45711381808
3.6200 7.4408 3.46669031065
3.6300 7.4202 3.47626680323
3.6400 7.3997 3.4858432958
3.6500 7.3794 3.49541978837
3.6600 7.3591 3.50499628094
3.6700 7.3389 3.51457277351
3.6800 7.3189 3.52414926608
3.6900 7.2989 3.53372575865
3.7000 7.2791 3.54330225122
3.7100 7.2594 3.55287874379
3.7200 7.2398 3.56245523636
3.7300 7.2203 3.57203172893
3.7400 7.2008 3.58160822151
3.7500 7.1815 3.59118471408
3.7600 7.1623 3.60076120665
3.7700 7.1432 3.61033769922
3.7800 7.1242 3.61991419179
3.7900 7.1053 3.62949068436
3.8000 7.0865 3.63906717693
3.8100 7.0678 3.6486436695
3.8200 7.0492 3.65822016207
3.8300 7.0307 3.66779665464
3.8400 7.0123 3.67737314721
3.8500 6.9940 3.68694963978
3.8600 6.9758 3.69652613236
3.8700 6.9576 3.70610262493
3.8800 6.9396 3.7156791175
3.8900 6.9217 3.72525561007
3.9000 6.9038 3.73483210264
3.9100 6.8860 3.74440859521
3.9200 6.8684 3.75398508778
3.9300 6.8508 3.76356158035
3.9400 6.8333 3.77313807292
3.9500 6.8159 3.78271456549
3.9600 6.7986 3.79229105806
3.9700 6.7814 3.80186755064
3.9800 6.7642 3.81144404321
3.9900 6.7472 3.82102053578
4.0000 6.7302 3.83059702835
4.0100 6.7133 3.84017352092
4.0200 6.6965 3.84975001349
4.0300 6.6798 3.85932650606
4.0400 6.6632 3.86890299863
4.0500 6.6466 3.8784794912
4.0600 6.6302 3.88805598377
4.0700 6.6138 3.89763247634
4.0800 6.5975 3.90720896891
4.0900 6.5813 3.91678546149
4.1000 6.5651 3.92636195406
4.1100 6.5490 3.93593844663
4.1200 6.5330 3.9455149392
4.1300 6.5171 3.95509143177
4.1400 6.5013 3.96466792434
4.1500 6.4855 3.97424441691
4.1600 6.4699 3.98382090948
4.1700 6.4542 3.99339740205
4.1800 6.4387 4.00297389462
4.1900 6.4232 4.01255038719
4.2000 6.4079 4.02212687977
4.2100 6.3925 4.03170337234
4.2200 6.3773 4.04127986491
4.2300 6.3621 4.05085635748
4.2400 6.3470 4.06043285005
4.2500 6.3320 4.07000934262
4.2600 6.3171 4.07958583519
4.2700 6.3022 4.08916232776
4.2800 6.2874 4.09873882033
4.2900 6.2726 4.1083153129
4.3000 6.2579 4.11789180547
4.3100 6.2433 4.12746829804
4.3200 6.2288 4.13704479062
4.3300 6.2143 4.14662128319
4.3400 6.1999 4.15619777576
4.3500 6.1855 4.16577426833
4.3600 6.1713 4.1753507609
4.3700 6.1571 4.18492725347
4.3800 6.1429 4.19450374604
4.3900 6.1288 4.20408023861
4.4000 6.1148 4.21365673118
4.4100 6.1008 4.22323322375
4.4200 6.0870 4.23280971632
4.4300 6.0731 4.2423862089
4.4400 6.0594 4.25196270147
4.4500 6.0457 4.26153919404
4.4600 6.0320 4.27111568661
4.4700 6.0184 4.28069217918
4.4800 6.0049 4.29026867175
4.4900 5.9914 4.29984516432
4.5000 5.9780 4.30942165689
4.5100 5.9647 4.31899814946
4.5200 5.9514 4.32857464203
4.5300 5.9382 4.3381511346
4.5400 5.9250 4.34772762717
4.5500 5.9119 4.35730411975
4.5600 5.8989 4.36688061232
4.5700 5.8859 4.37645710489
4.5800 5.8729 4.38603359746
4.5900 5.8601 4.39561009003
4.6000 5.8472 4.4051865826
4.6100 5.8345 4.41476307517
4.6200 5.8217 4.42433956774
4.6300 5.8091 4.43391606031
4.6400 5.7965 4.44349255288
4.6500 5.7839 4.45306904545
4.6600 5.7714 4.46264553803
4.6700 5.7590 4.4722220306
4.6800 5.7466 4.48179852317
4.6900 5.7343 4.49137501574
4.7000 5.7220 4.50095150831
4.7100 5.7098 4.51052800088
4.7200 5.6976 4.52010449345
4.7300 5.6854 4.52968098602
4.7400 5.6734 4.53925747859
4.7500 5.6613 4.54883397116
4.7600 5.6494 4.55841046373
4.7700 5.6374 4.5679869563
4.7800 5.6256 4.57756344888
4.7900 5.6137 4.58713994145
4.8000 5.6020 4.59671643402
4.8100 5.5902 4.60629292659
4.8200 5.5785 4.61586941916
4.8300 5.5669 4.62544591173
4.8400 5.5553 4.6350224043
4.8500 5.5438 4.64459889687
4.8600 5.5323 4.65417538944
4.8700 5.5209 4.66375188201
4.8800 5.5095 4.67332837458
4.8900 5.4981 4.68290486716
4.9000 5.4868 4.69248135973
4.9100 5.4756 4.7020578523
4.9200 5.4644 4.71163434487
4.9300 5.4532 4.72121083744
4.9400 5.4421 4.73078733001
4.9500 5.4310 4.74036382258
4.9600 5.4200 4.74994031515
4.9700 5.4090 4.75951680772
4.9800 5.3981 4.76909330029
4.9900 5.3872 4.77866979286
5.0000 5.3763 4.78824628543
5.1000 5.2701 4.88401121114
5.1100 5.2597 4.89358770371
5.1200 5.2494 4.90316419629
5.1300 5.2391 4.91274068886
5.1400 5.2288 4.92231718143
5.1500 5.2186 4.931893674
5.1600 5.2084 4.94147016657
5.1700 5.1982 4.95104665914
5.1800 5.1881 4.96062315171
5.1900 5.1780 4.97019964428
5.2000 5.1680 4.97977613685
5.2100 5.1580 4.98935262942
5.2200 5.1481 4.99892912199
5.2300 5.1381 5.00850561456
5.2400 5.1283 5.01808210714
5.2500 5.1184 5.02765859971
5.2600 5.1086 5.03723509228
5.2700 5.0988 5.04681158485
5.2800 5.0891 5.05638807742
5.2900 5.0794 5.06596456999
5.3000 5.0698 5.07554106256
5.3100 5.0601 5.08511755513
5.3200 5.0505 5.0946940477
5.3300 5.0410 5.10427054027
5.3400 5.0315 5.11384703284
5.3500 5.0220 5.12342352542
5.3600 5.0126 5.13300001799
5.3700 5.0032 5.14257651056
5.3800 4.9938 5.15215300313
5.3900 4.9844 5.1617294957
5.4000 4.9751 5.17130598827
5.4100 4.9659 5.18088248084
5.4200 4.9566 5.19045897341
5.4300 4.9474 5.20003546598
5.4400 4.9383 5.20961195855
5.4500 4.9291 5.21918845112
5.4600 4.9200 5.22876494369
5.4700 4.9110 5.23834143627
5.4800 4.9019 5.24791792884
5.4900 4.8929 5.25749442141
5.5000 4.8840 5.26707091398
5.5100 4.8750 5.27664740655
5.5200 4.8661 5.28622389912
5.5300 4.8573 5.29580039169
5.5400 4.8484 5.30537688426
5.5500 4.8396 5.31495337683
5.5600 4.8308 5.3245298694
5.5700 4.8221 5.33410636197
5.5800 4.8134 5.34368285455
5.5900 4.8047 5.35325934712
5.6000 4.7961 5.36283583969
5.6100 4.7874 5.37241233226
5.6200 4.7788 5.38198882483
5.6300 4.7703 5.3915653174
5.6400 4.7618 5.40114180997
5.6500 4.7533 5.41071830254
5.6600 4.7448 5.42029479511
5.6700 4.7364 5.42987128768
5.6800 4.7280 5.43944778025
5.6900 4.7196 5.44902427282
5.7000 4.7112 5.4586007654
5.7100 4.7029 5.46817725797
5.7200 4.6946 5.47775375054
5.7300 4.6864 5.48733024311
5.7400 4.6781 5.49690673568
5.7500 4.6699 5.50648322825
5.7600 4.6617 5.51605972082
5.7700 4.6536 5.52563621339
5.7800 4.6455 5.53521270596
5.7900 4.6374 5.54478919853
5.8000 4.6293 5.5543656911
5.8100 4.6213 5.56394218368
5.8200 4.6133 5.57351867625
5.8300 4.6053 5.58309516882
5.8400 4.5973 5.59267166139
5.8500 4.5894 5.60224815396
5.8600 4.5815 5.61182464653
5.8700 4.5736 5.6214011391
5.8800 4.5658 5.63097763167
5.8900 4.5580 5.64055412424
5.9000 4.5502 5.65013061681
5.9100 4.5424 5.65970710938
5.9200 4.5347 5.66928360195
5.9300 4.5270 5.67886009453
5.9400 4.5193 5.6884365871
5.9500 4.5116 5.69801307967
5.9600 4.5040 5.70758957224
5.9700 4.4964 5.71716606481
5.9800 4.4888 5.72674255738
5.9900 4.4812 5.73631904995
6.0000 4.4737 5.74589554252
6.0100 4.4662 5.75547203509
6.0200 4.4587 5.76504852766
6.0300 4.4512 5.77462502023
6.0400 4.4438 5.78420151281
6.0500 4.4364 5.79377800538
6.0600 4.4290 5.80335449795
6.0700 4.4217 5.81293099052
6.0800 4.4143 5.82250748309
6.0900 4.4070 5.83208397566
6.1000 4.3997 5.84166046823
6.1100 4.3924 5.8512369608
6.1200 4.3852 5.86081345337
6.1300 4.3780 5.87038994594
6.1400 4.3708 5.87996643851
6.1500 4.3636 5.88954293108
6.1600 4.3565 5.89911942366
6.1700 4.3494 5.90869591623
6.1800 4.3423 5.9182724088
6.1900 4.3352 5.92784890137
6.2000 4.3281 5.93742539394
6.2100 4.3211 5.94700188651
6.2200 4.3141 5.95657837908
6.2300 4.3071 5.96615487165
6.2400 4.3001 5.97573136422
6.2500 4.2932 5.98530785679
6.2600 4.2863 5.99488434936
6.2700 4.2794 6.00446084194
6.2800 4.2725 6.01403733451
6.2900 4.2656 6.02361382708
6.3000 4.2588 6.03319031965
6.3100 4.2520 6.04276681222
6.3200 4.2452 6.05234330479
6.3300 4.2384 6.06191979736
6.3400 4.2317 6.07149628993
6.3500 4.2249 6.0810727825
6.3600 4.2182 6.09064927507
6.3700 4.2116 6.10022576764
6.3800 4.2049 6.10980226021
6.3900 4.1983 6.11937875279
6.4000 4.1916 6.12895524536
6.4100 4.1850 6.13853173793
6.4200 4.1785 6.1481082305
6.4300 4.1719 6.15768472307
6.4400 4.1654 6.16726121564
6.4500 4.1588 6.17683770821
6.4600 4.1523 6.18641420078
6.4700 4.1459 6.19599069335
6.4800 4.1394 6.20556718592
6.4900 4.1330 6.21514367849
6.5000 4.1265 6.22472017107
6.5100 4.1201 6.23429666364
6.5200 4.1138 6.24387315621
6.5300 4.1074 6.25344964878
6.5400 4.1011 6.26302614135
6.5500 4.0947 6.27260263392
6.5600 4.0884 6.28217912649
6.5700 4.0822 6.29175561906
6.5800 4.0759 6.30133211163
6.5900 4.0697 6.3109086042
6.6000 4.0634 6.32048509677
6.6100 4.0572 6.33006158934
6.6200 4.0510 6.33963808192
6.6300 4.0449 6.34921457449
6.6400 4.0387 6.35879106706
6.6500 4.0326 6.36836755963
6.6600 4.0265 6.3779440522
6.6700 4.0204 6.38752054477
6.6800 4.0143 6.39709703734
6.6900 4.0082 6.40667352991
6.7000 4.0022 6.41625002248
6.7100 3.9962 6.42582651505
6.7200 3.9902 6.43540300762
6.7300 3.9842 6.4449795002
6.7400 3.9782 6.45455599277
6.7500 3.9723 6.46413248534
6.7600 3.9663 6.47370897791
6.7700 3.9604 6.48328547048
6.7800 3.9545 6.49286196305
6.7900 3.9486 6.50243845562
6.8000 3.9428 6.51201494819
6.8100 3.9369 6.52159144076
6.8200 3.9311 6.53116793333
6.8300 3.9253 6.5407444259
6.8400 3.9195 6.55032091847
6.8500 3.9137 6.55989741105
6.8600 3.9079 6.56947390362
6.8700 3.9022 6.57905039619
6.8800 3.8965 6.58862688876
6.8900 3.8907 6.59820338133
6.9000 3.8850 6.6077798739
6.9100 3.8794 6.61735636647
6.9200 3.8737 6.62693285904
6.9300 3.8681 6.63650935161
6.9400 3.8624 6.64608584418
6.9500 3.8568 6.65566233675
6.9600 3.8512 6.66523882933
6.9700 3.8456 6.6748153219
6.9800 3.8401 6.68439181447
6.9900 3.8345 6.69396830704
7.0000 3.8290 6.70354479961
7.0100 3.8235 6.71312129218
7.0200 3.8180 6.72269778475
7.0300 3.8125 6.73227427732
7.0400 3.8070 6.74185076989
7.0500 3.8016 6.75142726246
7.0600 3.7961 6.76100375503
7.0700 3.7907 6.7705802476
7.0800 3.7853 6.78015674018
7.0900 3.7799 6.78973323275
7.1000 3.7745 6.79930972532
7.1100 3.7691 6.80888621789
7.1200 3.7638 6.81846271046
7.1300 3.7585 6.82803920303
7.1400 3.7531 6.8376156956
7.1500 3.7478 6.84719218817
7.1600 3.7425 6.85676868074
7.1700 3.7373 6.86634517331
7.1800 3.7320 6.87592166588
7.1900 3.7268 6.88549815846
7.2000 3.7215 6.89507465103
7.2100 3.7163 6.9046511436
7.2200 3.7111 6.91422763617
7.2300 3.7059 6.92380412874
7.2400 3.7008 6.93338062131
7.2500 3.6956 6.94295711388
7.2600 3.6905 6.95253360645
7.2700 3.6853 6.96211009902
7.2800 3.6802 6.97168659159
7.2900 3.6751 6.98126308416
7.3000 3.6700 6.99083957673
7.3100 3.6649 7.00041606931
7.3200 3.6599 7.00999256188
7.3300 3.6548 7.01956905445
7.3400 3.6498 7.02914554702
7.3500 3.6448 7.03872203959
7.3600 3.6398 7.04829853216
7.3700 3.6348 7.05787502473
7.3800 3.6298 7.0674515173
7.3900 3.6248 7.07702800987
7.4000 3.6199 7.08660450244
7.4100 3.6150 7.09618099501
7.4200 3.6100 7.10575748759
7.4300 3.6051 7.11533398016
7.4400 3.6002 7.12491047273
7.4500 3.5953 7.1344869653
7.4600 3.5905 7.14406345787
7.4700 3.5856 7.15363995044
7.4800 3.5808 7.16321644301
7.4900 3.5759 7.17279293558
7.5000 3.5711 7.18236942815
7.5100 3.5663 7.19194592072
7.5200 3.5615 7.20152241329
7.5300 3.5567 7.21109890586
7.5400 3.5520 7.22067539844
7.5500 3.5472 7.23025189101
7.5600 3.5425 7.23982838358
7.5700 3.5377 7.24940487615
7.5800 3.5330 7.25898136872
7.5900 3.5283 7.26855786129
7.6000 3.5236 7.27813435386
7.6100 3.5189 7.28771084643
7.6200 3.5143 7.297287339
7.6300 3.5096 7.30686383157
7.6400 3.5049 7.31644032414
7.6500 3.5003 7.32601681672
7.6600 3.4957 7.33559330929
7.6700 3.4911 7.34516980186
7.6800 3.4865 7.35474629443
7.6900 3.4819 7.364322787
7.7000 3.4773 7.37389927957
7.7100 3.4728 7.38347577214
7.7200 3.4682 7.39305226471
7.7300 3.4637 7.40262875728
7.7400 3.4592 7.41220524985
7.7500 3.4546 7.42178174242
7.7600 3.4501 7.43135823499
7.7700 3.4457 7.44093472757
7.7800 3.4412 7.45051122014
7.7900 3.4367 7.46008771271
7.8000 3.4322 7.46966420528
7.8100 3.4278 7.47924069785
7.8200 3.4234 7.48881719042
7.8300 3.4189 7.49839368299
7.8400 3.4145 7.50797017556
7.8500 3.4101 7.51754666813
7.8600 3.4057 7.5271231607
7.8700 3.4014 7.53669965327
7.8800 3.3970 7.54627614585
7.8900 3.3926 7.55585263842
7.9000 3.3883 7.56542913099
7.9100 3.3840 7.57500562356
7.9200 3.3797 7.58458211613
7.9300 3.3753 7.5941586087
7.9400 3.3710 7.60373510127
7.9500 3.3667 7.61331159384
7.9600 3.3625 7.62288808641
7.9700 3.3582 7.63246457898
7.9800 3.3539 7.64204107155
7.9900 3.3497 7.65161756412
8.0000 3.3455 7.6611940567
8.0100 3.3412 7.67077054927
8.0200 3.3370 7.68034704184
8.0300 3.3328 7.68992353441
8.0400 3.3286 7.69950002698
8.0500 3.3244 7.70907651955
8.0600 3.3203 7.71865301212
8.0700 3.3161 7.72822950469
8.0800 3.3120 7.73780599726
8.0900 3.3078 7.74738248983
8.1000 3.3037 7.7569589824
8.1100 3.2996 7.76653547498
8.1200 3.2954 7.77611196755
8.1300 3.2913 7.78568846012
8.1400 3.2872 7.79526495269
8.1500 3.2832 7.80484144526
8.1600 3.2791 7.81441793783
8.1700 3.2750 7.8239944304
8.1800 3.2710 7.83357092297
8.1900 3.2669 7.84314741554
8.2000 3.2629 7.85272390811
8.2100 3.2589 7.86230040068
8.2200 3.2549 7.87187689325
8.2300 3.2509 7.88145338583
8.2400 3.2469 7.8910298784
8.2500 3.2429 7.90060637097
8.2600 3.2389 7.91018286354
8.2700 3.2350 7.91975935611
8.2800 3.2310 7.92933584868
8.2900 3.2271 7.93891234125
8.3000 3.2231 7.94848883382
8.3100 3.2192 7.95806532639
8.3200 3.2153 7.96764181896
8.3300 3.2114 7.97721831153
8.3400 3.2075 7.98679480411
8.3500 3.2036 7.99637129668
8.3600 3.1997 8.00594778925
8.3700 3.1958 8.01552428182
8.3800 3.1920 8.02510077439
8.3900 3.1881 8.03467726696
8.4000 3.1843 8.04425375953
8.4100 3.1805 8.0538302521
8.4200 3.1766 8.06340674467
8.4300 3.1728 8.07298323724
8.4400 3.1690 8.08255972981
8.4500 3.1652 8.09213622238
8.4600 3.1614 8.10171271496
8.4700 3.1576 8.11128920753
8.4800 3.1539 8.1208657001
8.4900 3.1501 8.13044219267
8.5000 3.1464 8.14001868524
8.5100 3.1426 8.14959517781
8.5200 3.1389 8.15917167038
8.5300 3.1352 8.16874816295
8.5400 3.1314 8.17832465552
8.5500 3.1277 8.18790114809
8.5600 3.1240 8.19747764066
8.5700 3.1203 8.20705413324
8.5800 3.1167 8.21663062581
8.5900 3.1130 8.22620711838
8.6000 3.1093 8.23578361095
8.6100 3.1057 8.24536010352
8.6200 3.1020 8.25493659609
8.6300 3.0984 8.26451308866
8.6400 3.0947 8.27408958123
8.6500 3.0911 8.2836660738
8.6600 3.0875 8.29324256637
8.6700 3.0839 8.30281905894
8.6800 3.0803 8.31239555151
8.6900 3.0767 8.32197204409
8.7000 3.0731 8.33154853666
8.7100 3.0696 8.34112502923
8.7200 3.0660 8.3507015218
8.7300 3.0624 8.36027801437
8.7400 3.0589 8.36985450694
8.7500 3.0554 8.37943099951
8.7600 3.0518 8.38900749208
8.7700 3.0483 8.39858398465
8.7800 3.0448 8.40816047722
8.7900 3.0413 8.41773696979
8.8000 3.0378 8.42731346237
8.8100 3.0343 8.43688995494
8.8200 3.0308 8.44646644751
8.8300 3.0273 8.45604294008
8.8400 3.0238 8.46561943265
8.8500 3.0204 8.47519592522
8.8600 3.0169 8.48477241779
8.8700 3.0135 8.49434891036
8.8800 3.0100 8.50392540293
8.8900 3.0066 8.5135018955
8.9000 3.0032 8.52307838807
8.9100 2.9998 8.53265488064
8.9200 2.9964 8.54223137322
8.9300 2.9930 8.55180786579
8.9400 2.9896 8.56138435836
8.9500 2.9862 8.57096085093
8.9600 2.9828 8.5805373435
8.9700 2.9795 8.59011383607
8.9800 2.9761 8.59969032864
8.9900 2.9727 8.60926682121
9.0000 2.9694 8.61884331378
9.0100 2.9661 8.62841980635
9.0200 2.9627 8.63799629892
9.0300 2.9594 8.6475727915
9.0400 2.9561 8.65714928407
9.0500 2.9528 8.66672577664
9.0600 2.9495 8.67630226921
9.0700 2.9462 8.68587876178
9.0800 2.9429 8.69545525435
9.0900 2.9396 8.70503174692
9.1000 2.9363 8.71460823949
9.1100 2.9331 8.72418473206
9.1200 2.9298 8.73376122463
9.1300 2.9266 8.7433377172
9.1400 2.9233 8.75291420977
9.1500 2.9201 8.76249070235
9.1600 2.9168 8.77206719492
9.1700 2.9136 8.78164368749
9.1800 2.9104 8.79122018006
9.1900 2.9072 8.80079667263
9.2000 2.9040 8.8103731652
9.2100 2.9008 8.81994965777
9.2200 2.8976 8.82952615034
9.2300 2.8944 8.83910264291
9.2400 2.8912 8.84867913548
9.2500 2.8881 8.85825562805
9.2600 2.8849 8.86783212063
9.2700 2.8818 8.8774086132
9.2800 2.8786 8.88698510577
9.2900 2.8755 8.89656159834
9.3000 2.8723 8.90613809091
9.3100 2.8692 8.91571458348
9.3200 2.8661 8.92529107605
9.3300 2.8630 8.93486756862
9.3400 2.8599 8.94444406119
9.3500 2.8568 8.95402055376
9.3600 2.8537 8.96359704633
9.3700 2.8506 8.9731735389
9.3800 2.8475 8.98275003148
9.3900 2.8444 8.99232652405
9.4000 2.8414 9.00190301662
9.4100 2.8383 9.01147950919
9.4200 2.8353 9.02105600176
9.4300 2.8322 9.03063249433
9.4400 2.8292 9.0402089869
9.4500 2.8261 9.04978547947
9.4600 2.8231 9.05936197204
9.4700 2.8201 9.06893846461
9.4800 2.8171 9.07851495718
9.4900 2.8141 9.08809144976
9.5000 2.8111 9.09766794233
9.5100 2.8081 9.1072444349
9.5200 2.8051 9.11682092747
9.5300 2.8021 9.12639742004
9.5400 2.7991 9.13597391261
9.5500 2.7961 9.14555040518
9.5600 2.7932 9.15512689775
9.5700 2.7902 9.16470339032
9.5800 2.7872 9.17427988289
9.5900 2.7843 9.18385637546
9.6000 2.7814 9.19343286803
9.6100 2.7784 9.20300936061
9.6200 2.7755 9.21258585318
9.6300 2.7726 9.22216234575
9.6400 2.7697 9.23173883832
9.6500 2.7667 9.24131533089
9.6600 2.7638 9.25089182346
9.6700 2.7609 9.26046831603
9.6800 2.7581 9.2700448086
9.6900 2.7552 9.27962130117
9.7000 2.7523 9.28919779374
9.7100 2.7494 9.29877428631
9.7200 2.7465 9.30835077889
9.7300 2.7437 9.31792727146
9.7400 2.7408 9.32750376403
9.7500 2.7380 9.3370802566
9.7600 2.7351 9.34665674917
9.7700 2.7323 9.35623324174
9.7800 2.7295 9.36580973431
9.7900 2.7266 9.37538622688
9.8000 2.7238 9.38496271945
9.8100 2.7210 9.39453921202
9.8200 2.7182 9.40411570459
9.8300 2.7154 9.41369219716
9.8400 2.7126 9.42326868974
9.8500 2.7098 9.43284518231
9.8600 2.7070 9.44242167488
9.8700 2.7042 9.45199816745
9.8800 2.7014 9.46157466002
9.8900 2.6987 9.47115115259
9.9000 2.6959 9.48072764516
9.9100 2.6931 9.49030413773
9.9200 2.6904 9.4998806303
9.9300 2.6876 9.50945712287
9.9400 2.6849 9.51903361544
9.9500 2.6821 9.52861010802
9.9600 2.6794 9.53818660059
9.9700 2.6767 9.54776309316
9.9800 2.6740 9.55733958573
9.9900 2.6713 9.5669160783
10.000 2.6685 9.57649257087
10.100 2.6417 9.67225749658
10.110 2.6391 9.68183398915
10.120 2.6364 9.69141048172
10.130 2.6338 9.70098697429
10.140 2.6312 9.71056346686
10.150 2.6285 9.72013995943
10.160 2.6259 9.729716452
10.170 2.6233 9.73929294457
10.180 2.6207 9.74886943715
10.190 2.6181 9.75844592972
10.200 2.6155 9.76802242229
10.210 2.6129 9.77759891486
10.220 2.6103 9.78717540743
10.230 2.6077 9.7967519
10.240 2.6051 9.80632839257
10.250 2.6025 9.81590488514
10.260 2.5999 9.82548137771
10.270 2.5974 9.83505787028
10.280 2.5948 9.84463436285
10.290 2.5922 9.85421085542
10.300 2.5897 9.863787348
10.310 2.5871 9.87336384057
10.320 2.5846 9.88294033314
10.330 2.5820 9.89251682571
10.340 2.5795 9.90209331828
10.350 2.5770 9.91166981085
10.360 2.5745 9.92124630342
10.370 2.5719 9.93082279599
10.380 2.5694 9.94039928856
10.390 2.5669 9.94997578113
10.400 2.5644 9.9595522737
10.410 2.5619 9.96912876628
10.420 2.5594 9.97870525885
10.430 2.5569 9.98828175142
10.440 2.5544 9.99785824399
10.450 2.5519 10.0074347366
10.460 2.5495 10.0170112291
10.470 2.5470 10.0265877217
10.480 2.5445 10.0361642143
10.490 2.5421 10.0457407068
10.500 2.5396 10.0553171994
10.510 2.5372 10.064893692
10.520 2.5347 10.0744701846
10.530 2.5323 10.0840466771
10.540 2.5298 10.0936231697
10.550 2.5274 10.1031996623
10.560 2.5250 10.1127761548
10.570 2.5225 10.1223526474
10.580 2.5201 10.13192914
10.590 2.5177 10.1415056326
10.600 2.5153 10.1510821251
10.610 2.5129 10.1606586177
10.620 2.5105 10.1702351103
10.630 2.5081 10.1798116028
10.640 2.5057 10.1893880954
10.650 2.5033 10.198964588
10.660 2.5009 10.2085410805
10.670 2.4985 10.2181175731
10.680 2.4961 10.2276940657
10.690 2.4938 10.2372705583
10.700 2.4914 10.2468470508
10.710 2.4890 10.2564235434
10.720 2.4867 10.266000036
10.730 2.4843 10.2755765285
10.740 2.4820 10.2851530211
10.750 2.4796 10.2947295137
10.760 2.4773 10.3043060063
10.770 2.4750 10.3138824988
10.780 2.4726 10.3234589914
10.790 2.4703 10.333035484
10.800 2.4680 10.3426119765
10.810 2.4657 10.3521884691
10.820 2.4633 10.3617649617
10.830 2.4610 10.3713414543
10.840 2.4587 10.3809179468
10.850 2.4564 10.3904944394
10.860 2.4541 10.400070932
10.870 2.4518 10.4096474245
10.880 2.4495 10.4192239171
10.890 2.4473 10.4288004097
10.900 2.4450 10.4383769022
10.910 2.4427 10.4479533948
10.920 2.4404 10.4575298874
10.930 2.4382 10.46710638
10.940 2.4359 10.4766828725
10.950 2.4336 10.4862593651
10.960 2.4314 10.4958358577
10.970 2.4291 10.5054123502
10.980 2.4269 10.5149888428
10.990 2.4246 10.5245653354
11.000 2.4224 10.534141828
11.010 2.4202 10.5437183205
11.020 2.4179 10.5532948131
11.030 2.4157 10.5628713057
11.040 2.4135 10.5724477982
11.050 2.4113 10.5820242908
11.060 2.4090 10.5916007834
11.070 2.4068 10.601177276
11.080 2.4046 10.6107537685
11.090 2.4024 10.6203302611
11.100 2.4002 10.6299067537
11.110 2.3980 10.6394832462
11.120 2.3958 10.6490597388
11.130 2.3936 10.6586362314
11.140 2.3915 10.6682127239
11.150 2.3893 10.6777892165
11.160 2.3871 10.6873657091
11.170 2.3849 10.6969422017
11.180 2.3828 10.7065186942
11.190 2.3806 10.7160951868
11.200 2.3784 10.7256716794
11.210 2.3763 10.7352481719
11.220 2.3741 10.7448246645
11.230 2.3720 10.7544011571
11.240 2.3698 10.7639776497
11.250 2.3677 10.7735541422
11.260 2.3656 10.7831306348
11.270 2.3634 10.7927071274
11.280 2.3613 10.8022836199
11.290 2.3592 10.8118601125
11.300 2.3571 10.8214366051
11.310 2.3549 10.8310130977
11.320 2.3528 10.8405895902
11.330 2.3507 10.8501660828
11.340 2.3486 10.8597425754
11.350 2.3465 10.8693190679
11.360 2.3444 10.8788955605
11.370 2.3423 10.8884720531
11.380 2.3402 10.8980485456
11.390 2.3381 10.9076250382
11.400 2.3360 10.9172015308
11.410 2.3340 10.9267780234
11.420 2.3319 10.9363545159
11.430 2.3298 10.9459310085
11.440 2.3277 10.9555075011
11.450 2.3257 10.9650839936
11.460 2.3236 10.9746604862
11.470 2.3215 10.9842369788
11.480 2.3195 10.9938134714
11.490 2.3174 11.0033899639
11.500 2.3154 11.0129664565
11.510 2.3133 11.0225429491
11.520 2.3113 11.0321194416
11.530 2.3093 11.0416959342
11.540 2.3072 11.0512724268
11.550 2.3052 11.0608489194
11.560 2.3032 11.0704254119
11.570 2.3011 11.0800019045
11.580 2.2991 11.0895783971
11.590 2.2971 11.0991548896
11.600 2.2951 11.1087313822
11.610 2.2931 11.1183078748
11.620 2.2911 11.1278843674
11.630 2.2891 11.1374608599
11.640 2.2871 11.1470373525
11.650 2.2851 11.1566138451
11.660 2.2831 11.1661903376
11.670 2.2811 11.1757668302
11.680 2.2791 11.1853433228
11.690 2.2771 11.1949198153
11.700 2.2751 11.2044963079
11.710 2.2732 11.2140728005
11.720 2.2712 11.2236492931
11.730 2.2692 11.2332257856
11.740 2.2673 11.2428022782
11.750 2.2653 11.2523787708
11.760 2.2633 11.2619552633
11.770 2.2614 11.2715317559
11.780 2.2594 11.2811082485
11.790 2.2575 11.2906847411
11.800 2.2555 11.3002612336
11.810 2.2536 11.3098377262
11.820 2.2516 11.3194142188
11.830 2.2497 11.3289907113
11.840 2.2478 11.3385672039
11.850 2.2458 11.3481436965
11.860 2.2439 11.3577201891
11.870 2.2420 11.3672966816
11.880 2.2401 11.3768731742
11.890 2.2382 11.3864496668
11.900 2.2362 11.3960261593
11.910 2.2343 11.4056026519
11.920 2.2324 11.4151791445
11.930 2.2305 11.424755637
11.940 2.2286 11.4343321296
11.950 2.2267 11.4439086222
11.960 2.2248 11.4534851148
11.970 2.2229 11.4630616073
11.980 2.2211 11.4726380999
11.990 2.2192 11.4822145925
12.000 2.2173 11.491791085
12.010 2.2154 11.5013675776
12.020 2.2135 11.5109440702
12.030 2.2117 11.5205205628
12.040 2.2098 11.5300970553
12.050 2.2079 11.5396735479
12.060 2.2061 11.5492500405
12.070 2.2042 11.558826533
12.080 2.2023 11.5684030256
12.090 2.2005 11.5779795182
12.100 2.1986 11.5875560108
12.110 2.1968 11.5971325033
12.120 2.1949 11.6067089959
12.130 2.1931 11.6162854885
12.140 2.1913 11.625861981
12.150 2.1894 11.6354384736
12.160 2.1876 11.6450149662
12.170 2.1858 11.6545914587
12.180 2.1839 11.6641679513
12.190 2.1821 11.6737444439
12.200 2.1803 11.6833209365
12.210 2.1785 11.692897429
12.220 2.1767 11.7024739216
12.230 2.1749 11.7120504142
12.240 2.1730 11.7216269067
12.250 2.1712 11.7312033993
12.260 2.1694 11.7407798919
12.270 2.1676 11.7503563845
12.280 2.1658 11.759932877
12.290 2.1640 11.7695093696
12.300 2.1623 11.7790858622
12.310 2.1605 11.7886623547
12.320 2.1587 11.7982388473
12.330 2.1569 11.8078153399
12.340 2.1551 11.8173918325
12.350 2.1533 11.826968325
12.360 2.1516 11.8365448176
12.370 2.1498 11.8461213102
12.380 2.1480 11.8556978027
12.390 2.1463 11.8652742953
12.400 2.1445 11.8748507879
12.410 2.1427 11.8844272804
12.420 2.1410 11.894003773
12.430 2.1392 11.9035802656
12.440 2.1375 11.9131567582
12.450 2.1357 11.9227332507
12.460 2.1340 11.9323097433
12.470 2.1322 11.9418862359
12.480 2.1305 11.9514627284
12.490 2.1288 11.961039221
12.500 2.1270 11.9706157136
12.510 2.1253 11.9801922062
12.520 2.1236 11.9897686987
12.530 2.1218 11.9993451913
12.540 2.1201 12.0089216839
12.550 2.1184 12.0184981764
12.560 2.1167 12.028074669
12.570 2.1150 12.0376511616
12.580 2.1133 12.0472276542
12.590 2.1116 12.0568041467
12.600 2.1098 12.0663806393
12.610 2.1081 12.0759571319
12.620 2.1064 12.0855336244
12.630 2.1047 12.095110117
12.640 2.1030 12.1046866096
12.650 2.1014 12.1142631022
12.660 2.0997 12.1238395947
12.670 2.0980 12.1334160873
12.680 2.0963 12.1429925799
12.690 2.0946 12.1525690724
12.700 2.0929 12.162145565
12.710 2.0912 12.1717220576
12.720 2.0896 12.1812985501
12.730 2.0879 12.1908750427
12.740 2.0862 12.2004515353
12.750 2.0846 12.2100280279
12.760 2.0829 12.2196045204
12.770 2.0812 12.229181013
12.780 2.0796 12.2387575056
12.790 2.0779 12.2483339981
12.800 2.0763 12.2579104907
12.810 2.0746 12.2674869833
12.820 2.0730 12.2770634759
12.830 2.0713 12.2866399684
12.840 2.0697 12.296216461
12.850 2.0680 12.3057929536
12.860 2.0664 12.3153694461
12.870 2.0648 12.3249459387
12.880 2.0631 12.3345224313
12.890 2.0615 12.3440989239
12.900 2.0599 12.3536754164
12.910 2.0582 12.363251909
12.920 2.0566 12.3728284016
12.930 2.0550 12.3824048941
12.940 2.0534 12.3919813867
12.950 2.0518 12.4015578793
12.960 2.0502 12.4111343718
12.970 2.0485 12.4207108644
12.980 2.0469 12.430287357
12.990 2.0453 12.4398638496
13.000 2.0437 12.4494403421
13.010 2.0421 12.4590168347
13.020 2.0405 12.4685933273
13.030 2.0389 12.4781698198
13.040 2.0373 12.4877463124
13.050 2.0358 12.497322805
13.060 2.0342 12.5068992976
13.070 2.0326 12.5164757901
13.080 2.0310 12.5260522827
13.090 2.0294 12.5356287753
13.100 2.0278 12.5452052678
13.110 2.0263 12.5547817604
13.120 2.0247 12.564358253
13.130 2.0231 12.5739347456
13.140 2.0215 12.5835112381
13.150 2.0200 12.5930877307
13.160 2.0184 12.6026642233
13.170 2.0168 12.6122407158
13.180 2.0153 12.6218172084
13.190 2.0137 12.631393701
13.200 2.0122 12.6409701935
13.210 2.0106 12.6505466861
13.220 2.0091 12.6601231787
13.230 2.0075 12.6696996713
13.240 2.0060 12.6792761638
13.250 2.0044 12.6888526564
13.260 2.0029 12.698429149
13.270 2.0014 12.7080056415
13.280 1.9998 12.7175821341
13.290 1.9983 12.7271586267
13.300 1.9968 12.7367351193
13.310 1.9952 12.7463116118
13.320 1.9937 12.7558881044
13.330 1.9922 12.765464597
13.340 1.9906 12.7750410895
13.350 1.9891 12.7846175821
13.360 1.9876 12.7941940747
13.370 1.9861 12.8037705673
13.380 1.9846 12.8133470598
13.390 1.9831 12.8229235524
13.400 1.9816 12.832500045
13.410 1.9801 12.8420765375
13.420 1.9786 12.8516530301
13.430 1.9770 12.8612295227
13.440 1.9755 12.8708060152
13.450 1.9741 12.8803825078
13.460 1.9726 12.8899590004
13.470 1.9711 12.899535493
13.480 1.9696 12.9091119855
13.490 1.9681 12.9186884781
13.500 1.9666 12.9282649707
13.510 1.9651 12.9378414632
13.520 1.9636 12.9474179558
13.530 1.9621 12.9569944484
13.540 1.9607 12.966570941
13.550 1.9592 12.9761474335
13.560 1.9577 12.9857239261
13.570 1.9563 12.9953004187
13.580 1.9548 13.0048769112
13.590 1.9533 13.0144534038
13.600 1.9518 13.0240298964
13.610 1.9504 13.033606389
13.620 1.9489 13.0431828815
13.630 1.9475 13.0527593741
13.640 1.9460 13.0623358667
13.650 1.9446 13.0719123592
13.660 1.9431 13.0814888518
13.670 1.9417 13.0910653444
13.680 1.9402 13.1006418369
13.690 1.9388 13.1102183295
13.700 1.9373 13.1197948221
13.710 1.9359 13.1293713147
13.720 1.9344 13.1389478072
13.730 1.9330 13.1485242998
13.740 1.9316 13.1581007924
13.750 1.9301 13.1676772849
13.760 1.9287 13.1772537775
13.770 1.9273 13.1868302701
13.780 1.9258 13.1964067627
13.790 1.9244 13.2059832552
13.800 1.9230 13.2155597478
13.810 1.9216 13.2251362404
13.820 1.9202 13.2347127329
13.830 1.9187 13.2442892255
13.840 1.9173 13.2538657181
13.850 1.9159 13.2634422107
13.860 1.9145 13.2730187032
13.870 1.9131 13.2825951958
13.880 1.9117 13.2921716884
13.890 1.9103 13.3017481809
13.900 1.9089 13.3113246735
13.910 1.9075 13.3209011661
13.920 1.9061 13.3304776587
13.930 1.9047 13.3400541512
13.940 1.9033 13.3496306438
13.950 1.9019 13.3592071364
13.960 1.9005 13.3687836289
13.970 1.8991 13.3783601215
13.980 1.8977 13.3879366141
13.990 1.8964 13.3975131066
14.000 1.8950 13.4070895992
14.010 1.8936 13.4166660918
14.020 1.8922 13.4262425844
14.030 1.8908 13.4358190769
14.040 1.8895 13.4453955695
14.050 1.8881 13.4549720621
14.060 1.8867 13.4645485546
14.070 1.8854 13.4741250472
14.080 1.8840 13.4837015398
14.090 1.8826 13.4932780324
14.100 1.8813 13.5028545249
14.110 1.8799 13.5124310175
14.120 1.8785 13.5220075101
14.130 1.8772 13.5315840026
14.140 1.8758 13.5411604952
14.150 1.8745 13.5507369878
14.160 1.8731 13.5603134804
14.170 1.8718 13.5698899729
14.180 1.8704 13.5794664655
14.190 1.8691 13.5890429581
14.200 1.8677 13.5986194506
14.210 1.8664 13.6081959432
14.220 1.8651 13.6177724358
14.230 1.8637 13.6273489283
14.240 1.8624 13.6369254209
14.250 1.8610 13.6465019135
14.260 1.8597 13.6560784061
14.270 1.8584 13.6656548986
14.280 1.8571 13.6752313912
14.290 1.8557 13.6848078838
14.300 1.8544 13.6943843763
14.310 1.8531 13.7039608689
14.320 1.8518 13.7135373615
14.330 1.8504 13.7231138541
14.340 1.8491 13.7326903466
14.350 1.8478 13.7422668392
14.360 1.8465 13.7518433318
14.370 1.8452 13.7614198243
14.380 1.8439 13.7709963169
14.390 1.8426 13.7805728095
14.400 1.8413 13.7901493021
14.410 1.8400 13.7997257946
14.420 1.8386 13.8093022872
14.430 1.8373 13.8188787798
14.440 1.8360 13.8284552723
14.450 1.8348 13.8380317649
14.460 1.8335 13.8476082575
14.470 1.8322 13.85718475
14.480 1.8309 13.8667612426
14.490 1.8296 13.8763377352
14.500 1.8283 13.8859142278
14.510 1.8270 13.8954907203
14.520 1.8257 13.9050672129
14.530 1.8244 13.9146437055
14.540 1.8232 13.924220198
14.550 1.8219 13.9337966906
14.560 1.8206 13.9433731832
14.570 1.8193 13.9529496758
14.580 1.8180 13.9625261683
14.590 1.8168 13.9721026609
14.600 1.8155 13.9816791535
14.610 1.8142 13.991255646
14.620 1.8130 14.0008321386
14.630 1.8117 14.0104086312
14.640 1.8104 14.0199851238
14.650 1.8092 14.0295616163
14.660 1.8079 14.0391381089
14.670 1.8067 14.0487146015
14.680 1.8054 14.058291094
14.690 1.8041 14.0678675866
14.700 1.8029 14.0774440792
14.710 1.8016 14.0870205717
14.720 1.8004 14.0965970643
14.730 1.7991 14.1061735569
14.740 1.7979 14.1157500495
14.750 1.7966 14.125326542
14.760 1.7954 14.1349030346
14.770 1.7942 14.1444795272
14.780 1.7929 14.1540560197
14.790 1.7917 14.1636325123
14.800 1.7904 14.1732090049
14.810 1.7892 14.1827854975
14.820 1.7880 14.19236199
14.830 1.7867 14.2019384826
14.840 1.7855 14.2115149752
14.850 1.7843 14.2210914677
14.860 1.7831 14.2306679603
14.870 1.7818 14.2402444529
14.880 1.7806 14.2498209455
14.890 1.7794 14.259397438
14.900 1.7782 14.2689739306
14.910 1.7769 14.2785504232
14.920 1.7757 14.2881269157
14.930 1.7745 14.2977034083
14.940 1.7733 14.3072799009
14.950 1.7721 14.3168563935
14.960 1.7709 14.326432886
14.970 1.7697 14.3360093786
14.980 1.7685 14.3455858712
14.990 1.7673 14.3551623637
15.000 1.7661 14.3647388563
15.100 1.7541 14.460503782
15.110 1.7529 14.4700802746
15.120 1.7517 14.4796567672
15.130 1.7505 14.4892332597
15.140 1.7494 14.4988097523
15.150 1.7482 14.5083862449
15.160 1.7470 14.5179627374
15.170 1.7458 14.52753923
15.180 1.7447 14.5371157226
15.190 1.7435 14.5466922152
15.200 1.7423 14.5562687077
15.210 1.7411 14.5658452003
15.220 1.7400 14.5754216929
15.230 1.7388 14.5849981854
15.240 1.7376 14.594574678
15.250 1.7365 14.6041511706
15.260 1.7353 14.6137276631
15.270 1.7341 14.6233041557
15.280 1.7330 14.6328806483
15.290 1.7318 14.6424571409
15.300 1.7307 14.6520336334
15.310 1.7295 14.661610126
15.320 1.7284 14.6711866186
15.330 1.7272 14.6807631111
15.340 1.7261 14.6903396037
15.350 1.7249 14.6999160963
15.360 1.7238 14.7094925889
15.370 1.7226 14.7190690814
15.380 1.7215 14.728645574
15.390 1.7203 14.7382220666
15.400 1.7192 14.7477985591
15.410 1.7180 14.7573750517
15.420 1.7169 14.7669515443
15.430 1.7158 14.7765280369
15.440 1.7146 14.7861045294
15.450 1.7135 14.795681022
15.460 1.7124 14.8052575146
15.470 1.7112 14.8148340071
15.480 1.7101 14.8244104997
15.490 1.7090 14.8339869923
15.500 1.7078 14.8435634848
15.510 1.7067 14.8531399774
15.520 1.7056 14.86271647
15.530 1.7045 14.8722929626
15.540 1.7033 14.8818694551
15.550 1.7022 14.8914459477
15.560 1.7011 14.9010224403
15.570 1.7000 14.9105989328
15.580 1.6989 14.9201754254
15.590 1.6978 14.929751918
15.600 1.6966 14.9393284106
15.610 1.6955 14.9489049031
15.620 1.6944 14.9584813957
15.630 1.6933 14.9680578883
15.640 1.6922 14.9776343808
15.650 1.6911 14.9872108734
15.660 1.6900 14.996787366
15.670 1.6889 15.0063638586
15.680 1.6878 15.0159403511
15.690 1.6867 15.0255168437
15.700 1.6856 15.0350933363
15.710 1.6845 15.0446698288
15.720 1.6834 15.0542463214
15.730 1.6823 15.063822814
15.740 1.6812 15.0733993065
15.750 1.6801 15.0829757991
15.760 1.6790 15.0925522917
15.770 1.6779 15.1021287843
15.780 1.6768 15.1117052768
15.790 1.6758 15.1212817694
15.800 1.6747 15.130858262
15.810 1.6736 15.1404347545
15.820 1.6725 15.1500112471
15.830 1.6714 15.1595877397
15.840 1.6703 15.1691642323
15.850 1.6693 15.1787407248
15.860 1.6682 15.1883172174
15.870 1.6671 15.19789371
15.880 1.6660 15.2074702025
15.890 1.6650 15.2170466951
15.900 1.6639 15.2266231877
15.910 1.6628 15.2361996803
15.920 1.6618 15.2457761728
15.930 1.6607 15.2553526654
15.940 1.6596 15.264929158
15.950 1.6586 15.2745056505
15.960 1.6575 15.2840821431
15.970 1.6564 15.2936586357
15.980 1.6554 15.3032351282
15.990 1.6543 15.3128116208
16.000 1.6533 15.3223881134
16.010 1.6522 15.331964606
16.020 1.6511 15.3415410985
16.030 1.6501 15.3511175911
16.040 1.6490 15.3606940837
16.050 1.6480 15.3702705762
16.060 1.6469 15.3798470688
16.070 1.6459 15.3894235614
16.080 1.6448 15.399000054
16.090 1.6438 15.4085765465
16.100 1.6427 15.4181530391
16.110 1.6417 15.4277295317
16.120 1.6407 15.4373060242
16.130 1.6396 15.4468825168
16.140 1.6386 15.4564590094
16.150 1.6375 15.466035502
16.160 1.6365 15.4756119945
16.170 1.6355 15.4851884871
16.180 1.6344 15.4947649797
16.190 1.6334 15.5043414722
16.200 1.6324 15.5139179648
16.210 1.6313 15.5234944574
16.220 1.6303 15.53307095
16.230 1.6293 15.5426474425
16.240 1.6283 15.5522239351
16.250 1.6272 15.5618004277
16.260 1.6262 15.5713769202
16.270 1.6252 15.5809534128
16.280 1.6242 15.5905299054
16.290 1.6231 15.6001063979
16.300 1.6221 15.6096828905
16.310 1.6211 15.6192593831
16.320 1.6201 15.6288358757
16.330 1.6191 15.6384123682
16.340 1.6180 15.6479888608
16.350 1.6170 15.6575653534
16.360 1.6160 15.6671418459
16.370 1.6150 15.6767183385
16.380 1.6140 15.6862948311
16.390 1.6130 15.6958713237
16.400 1.6120 15.7054478162
16.410 1.6110 15.7150243088
16.420 1.6100 15.7246008014
16.430 1.6090 15.7341772939
16.440 1.6080 15.7437537865
16.450 1.6070 15.7533302791
16.460 1.6060 15.7629067717
16.470 1.6050 15.7724832642
16.480 1.6040 15.7820597568
16.490 1.6030 15.7916362494
16.500 1.6020 15.8012127419
16.510 1.6010 15.8107892345
16.520 1.6000 15.8203657271
16.530 1.5990 15.8299422196
16.540 1.5980 15.8395187122
16.550 1.5970 15.8490952048
16.560 1.5960 15.8586716974
16.570 1.5951 15.8682481899
16.580 1.5941 15.8778246825
16.590 1.5931 15.8874011751
16.600 1.5921 15.8969776676
16.610 1.5911 15.9065541602
16.620 1.5901 15.9161306528
16.630 1.5892 15.9257071454
16.640 1.5882 15.9352836379
16.650 1.5872 15.9448601305
16.660 1.5862 15.9544366231
16.670 1.5853 15.9640131156
16.680 1.5843 15.9735896082
16.690 1.5833 15.9831661008
16.700 1.5823 15.9927425934
16.710 1.5814 16.0023190859
16.720 1.5804 16.0118955785
16.730 1.5794 16.0214720711
16.740 1.5785 16.0310485636
16.750 1.5775 16.0406250562
16.760 1.5765 16.0502015488
16.770 1.5756 16.0597780413
16.780 1.5746 16.0693545339
16.790 1.5736 16.0789310265
16.800 1.5727 16.0885075191
16.810 1.5717 16.0980840116
16.820 1.5708 16.1076605042
16.830 1.5698 16.1172369968
16.840 1.5689 16.1268134893
16.850 1.5679 16.1363899819
16.860 1.5670 16.1459664745
16.870 1.5660 16.1555429671
16.880 1.5650 16.1651194596
16.890 1.5641 16.1746959522
16.900 1.5632 16.1842724448
16.910 1.5622 16.1938489373
16.920 1.5613 16.2034254299
16.930 1.5603 16.2130019225
16.940 1.5594 16.2225784151
16.950 1.5584 16.2321549076
16.960 1.5575 16.2417314002
16.970 1.5565 16.2513078928
16.980 1.5556 16.2608843853
16.990 1.5547 16.2704608779
17.000 1.5537 16.2800373705
17.010 1.5528 16.289613863
17.020 1.5519 16.2991903556
17.030 1.5509 16.3087668482
17.040 1.5500 16.3183433408
17.050 1.5491 16.3279198333
17.060 1.5481 16.3374963259
17.070 1.5472 16.3470728185
17.080 1.5463 16.356649311
17.090 1.5453 16.3662258036
17.100 1.5444 16.3758022962
17.110 1.5435 16.3853787888
17.120 1.5426 16.3949552813
17.130 1.5416 16.4045317739
17.140 1.5407 16.4141082665
17.150 1.5398 16.423684759
17.160 1.5389 16.4332612516
17.170 1.5380 16.4428377442
17.180 1.5370 16.4524142368
17.190 1.5361 16.4619907293
17.200 1.5352 16.4715672219
17.210 1.5343 16.4811437145
17.220 1.5334 16.490720207
17.230 1.5325 16.5002966996
17.240 1.5316 16.5098731922
17.250 1.5307 16.5194496848
17.260 1.5297 16.5290261773
17.270 1.5288 16.5386026699
17.280 1.5279 16.5481791625
17.290 1.5270 16.557755655
17.300 1.5261 16.5673321476
17.310 1.5252 16.5769086402
17.320 1.5243 16.5864851327
17.330 1.5234 16.5960616253
17.340 1.5225 16.6056381179
17.350 1.5216 16.6152146105
17.360 1.5207 16.624791103
17.370 1.5198 16.6343675956
17.380 1.5189 16.6439440882
17.390 1.5180 16.6535205807
17.400 1.5171 16.6630970733
17.410 1.5162 16.6726735659
17.420 1.5153 16.6822500585
17.430 1.5144 16.691826551
17.440 1.5136 16.7014030436
17.450 1.5127 16.7109795362
17.460 1.5118 16.7205560287
17.470 1.5109 16.7301325213
17.480 1.5100 16.7397090139
17.490 1.5091 16.7492855065
17.500 1.5082 16.758861999
17.510 1.5073 16.7684384916
17.520 1.5065 16.7780149842
17.530 1.5056 16.7875914767
17.540 1.5047 16.7971679693
17.550 1.5038 16.8067444619
17.560 1.5029 16.8163209544
17.570 1.5021 16.825897447
17.580 1.5012 16.8354739396
17.590 1.5003 16.8450504322
17.600 1.4994 16.8546269247
17.610 1.4986 16.8642034173
17.620 1.4977 16.8737799099
17.630 1.4968 16.8833564024
17.640 1.4960 16.892932895
17.650 1.4951 16.9025093876
17.660 1.4942 16.9120858802
17.670 1.4934 16.9216623727
17.680 1.4925 16.9312388653
17.690 1.4916 16.9408153579
17.700 1.4908 16.9503918504
17.710 1.4899 16.959968343
17.720 1.4890 16.9695448356
17.730 1.4882 16.9791213282
17.740 1.4873 16.9886978207
17.750 1.4864 16.9982743133
17.760 1.4856 17.0078508059
17.770 1.4847 17.0174272984
17.780 1.4839 17.027003791
17.790 1.4830 17.0365802836
17.800 1.4822 17.0461567761
17.810 1.4813 17.0557332687
17.820 1.4805 17.0653097613
17.830 1.4796 17.0748862539
17.840 1.4788 17.0844627464
17.850 1.4779 17.094039239
17.860 1.4771 17.1036157316
17.870 1.4762 17.1131922241
17.880 1.4754 17.1227687167
17.890 1.4745 17.1323452093
17.900 1.4737 17.1419217019
17.910 1.4728 17.1514981944
17.920 1.4720 17.161074687
17.930 1.4711 17.1706511796
17.940 1.4703 17.1802276721
17.950 1.4695 17.1898041647
17.960 1.4686 17.1993806573
17.970 1.4678 17.2089571499
17.980 1.4669 17.2185336424
17.990 1.4661 17.228110135
18.000 1.4653 17.2376866276
18.010 1.4644 17.2472631201
18.020 1.4636 17.2568396127
18.030 1.4628 17.2664161053
18.040 1.4619 17.2759925978
18.050 1.4611 17.2855690904
18.060 1.4603 17.295145583
18.070 1.4594 17.3047220756
18.080 1.4586 17.3142985681
18.090 1.4578 17.3238750607
18.100 1.4570 17.3334515533
18.110 1.4561 17.3430280458
18.120 1.4553 17.3526045384
18.130 1.4545 17.362181031
18.140 1.4537 17.3717575236
18.150 1.4528 17.3813340161
18.160 1.4520 17.3909105087
18.170 1.4512 17.4004870013
18.180 1.4504 17.4100634938
18.190 1.4496 17.4196399864
18.200 1.4487 17.429216479
18.210 1.4479 17.4387929716
18.220 1.4471 17.4483694641
18.230 1.4463 17.4579459567
18.240 1.4455 17.4675224493
18.250 1.4447 17.4770989418
18.260 1.4439 17.4866754344
18.270 1.4430 17.496251927
18.280 1.4422 17.5058284195
18.290 1.4414 17.5154049121
18.300 1.4406 17.5249814047
18.310 1.4398 17.5345578973
18.320 1.4390 17.5441343898
18.330 1.4382 17.5537108824
18.340 1.4374 17.563287375
18.350 1.4366 17.5728638675
18.360 1.4358 17.5824403601
18.370 1.4350 17.5920168527
18.380 1.4342 17.6015933453
18.390 1.4334 17.6111698378
18.400 1.4326 17.6207463304
18.410 1.4318 17.630322823
18.420 1.4310 17.6398993155
18.430 1.4302 17.6494758081
18.440 1.4294 17.6590523007
18.450 1.4286 17.6686287933
18.460 1.4278 17.6782052858
18.470 1.4270 17.6877817784
18.480 1.4262 17.697358271
18.490 1.4254 17.7069347635
18.500 1.4246 17.7165112561
18.510 1.4238 17.7260877487
18.520 1.4230 17.7356642413
18.530 1.4223 17.7452407338
18.540 1.4215 17.7548172264
18.550 1.4207 17.764393719
18.560 1.4199 17.7739702115
18.570 1.4191 17.7835467041
18.580 1.4183 17.7931231967
18.590 1.4175 17.8026996892
18.600 1.4168 17.8122761818
18.610 1.4160 17.8218526744
18.620 1.4152 17.831429167
18.630 1.4144 17.8410056595
18.640 1.4136 17.8505821521
18.650 1.4129 17.8601586447
18.660 1.4121 17.8697351372
18.670 1.4113 17.8793116298
18.680 1.4105 17.8888881224
18.690 1.4097 17.898464615
18.700 1.4090 17.9080411075
18.710 1.4082 17.9176176001
18.720 1.4074 17.9271940927
18.730 1.4067 17.9367705852
18.740 1.4059 17.9463470778
18.750 1.4051 17.9559235704
18.760 1.4043 17.965500063
18.770 1.4036 17.9750765555
18.780 1.4028 17.9846530481
18.790 1.4020 17.9942295407
18.800 1.4013 18.0038060332
18.810 1.4005 18.0133825258
18.820 1.3997 18.0229590184
18.830 1.3990 18.0325355109
18.840 1.3982 18.0421120035
18.850 1.3975 18.0516884961
18.860 1.3967 18.0612649887
18.870 1.3959 18.0708414812
18.880 1.3952 18.0804179738
18.890 1.3944 18.0899944664
18.900 1.3937 18.0995709589
18.910 1.3929 18.1091474515
18.920 1.3921 18.1187239441
18.930 1.3914 18.1283004367
18.940 1.3906 18.1378769292
18.950 1.3899 18.1474534218
18.960 1.3891 18.1570299144
18.970 1.3884 18.1666064069
18.980 1.3876 18.1761828995
18.990 1.3869 18.1857593921
19.000 1.3861 18.1953358847
19.010 1.3854 18.2049123772
19.020 1.3846 18.2144888698
19.030 1.3839 18.2240653624
19.040 1.3831 18.2336418549
19.050 1.3824 18.2432183475
19.060 1.3816 18.2527948401
19.070 1.3809 18.2623713326
19.080 1.3801 18.2719478252
19.090 1.3794 18.2815243178
19.100 1.3787 18.2911008104
19.110 1.3779 18.3006773029
19.120 1.3772 18.3102537955
19.130 1.3764 18.3198302881
19.140 1.3757 18.3294067806
19.150 1.3750 18.3389832732
19.160 1.3742 18.3485597658
19.170 1.3735 18.3581362584
19.180 1.3727 18.3677127509
19.190 1.3720 18.3772892435
19.200 1.3713 18.3868657361
19.210 1.3705 18.3964422286
19.220 1.3698 18.4060187212
19.230 1.3691 18.4155952138
19.240 1.3683 18.4251717064
19.250 1.3676 18.4347481989
19.260 1.3669 18.4443246915
19.270 1.3662 18.4539011841
19.280 1.3654 18.4634776766
19.290 1.3647 18.4730541692
19.300 1.3640 18.4826306618
19.310 1.3632 18.4922071543
19.320 1.3625 18.5017836469
19.330 1.3618 18.5113601395
19.340 1.3611 18.5209366321
19.350 1.3603 18.5305131246
19.360 1.3596 18.5400896172
19.370 1.3589 18.5496661098
19.380 1.3582 18.5592426023
19.390 1.3575 18.5688190949
19.400 1.3567 18.5783955875
19.410 1.3560 18.5879720801
19.420 1.3553 18.5975485726
19.430 1.3546 18.6071250652
19.440 1.3539 18.6167015578
19.450 1.3532 18.6262780503
19.460 1.3524 18.6358545429
19.470 1.3517 18.6454310355
19.480 1.3510 18.6550075281
19.490 1.3503 18.6645840206
19.500 1.3496 18.6741605132
19.510 1.3489 18.6837370058
19.520 1.3482 18.6933134983
19.530 1.3475 18.7028899909
19.540 1.3467 18.7124664835
19.550 1.3460 18.7220429761
19.560 1.3453 18.7316194686
19.570 1.3446 18.7411959612
19.580 1.3439 18.7507724538
19.590 1.3432 18.7603489463
19.600 1.3425 18.7699254389
19.610 1.3418 18.7795019315
19.620 1.3411 18.789078424
19.630 1.3404 18.7986549166
19.640 1.3397 18.8082314092
19.650 1.3390 18.8178079018
19.660 1.3383 18.8273843943
19.670 1.3376 18.8369608869
19.680 1.3369 18.8465373795
19.690 1.3362 18.856113872
19.700 1.3355 18.8656903646
19.710 1.3348 18.8752668572
19.720 1.3341 18.8848433498
19.730 1.3334 18.8944198423
19.740 1.3327 18.9039963349
19.750 1.3320 18.9135728275
19.760 1.3313 18.92314932
19.770 1.3306 18.9327258126
19.780 1.3299 18.9423023052
19.790 1.3292 18.9518787978
19.800 1.3286 18.9614552903
19.810 1.3279 18.9710317829
19.820 1.3272 18.9806082755
19.830 1.3265 18.990184768
19.840 1.3258 18.9997612606
19.850 1.3251 19.0093377532
19.860 1.3244 19.0189142457
19.870 1.3237 19.0284907383
19.880 1.3231 19.0380672309
19.890 1.3224 19.0476437235
19.900 1.3217 19.057220216
19.910 1.3210 19.0667967086
19.920 1.3203 19.0763732012
19.930 1.3196 19.0859496937
19.940 1.3190 19.0955261863
19.950 1.3183 19.1051026789
19.960 1.3176 19.1146791715
19.970 1.3169 19.124255664
19.980 1.3162 19.1338321566
19.990 1.3156 19.1434086492
20.000 1.3149 19.1529851417
20.100 1.3082 19.2487500674
20.110 1.3075 19.25832656
20.120 1.3068 19.2679030526
20.130 1.3061 19.2774795452
20.140 1.3055 19.2870560377
20.150 1.3048 19.2966325303
20.160 1.3041 19.3062090229
20.170 1.3035 19.3157855154
20.180 1.3028 19.325362008
20.190 1.3022 19.3349385006
20.200 1.3015 19.3445149932
20.210 1.3008 19.3540914857
20.220 1.3002 19.3636679783
20.230 1.2995 19.3732444709
20.240 1.2988 19.3828209634
20.250 1.2982 19.392397456
20.260 1.2975 19.4019739486
20.270 1.2969 19.4115504412
20.280 1.2962 19.4211269337
20.290 1.2955 19.4307034263
20.300 1.2949 19.4402799189
20.310 1.2942 19.4498564114
20.320 1.2936 19.459432904
20.330 1.2929 19.4690093966
20.340 1.2923 19.4785858891
20.350 1.2916 19.4881623817
20.360 1.2910 19.4977388743
20.370 1.2903 19.5073153669
20.380 1.2897 19.5168918594
20.390 1.2890 19.526468352
20.400 1.2884 19.5360448446
20.410 1.2877 19.5456213371
20.420 1.2871 19.5551978297
20.430 1.2864 19.5647743223
20.440 1.2858 19.5743508149
20.450 1.2851 19.5839273074
20.460 1.2845 19.5935038
20.470 1.2838 19.6030802926
20.480 1.2832 19.6126567851
20.490 1.2825 19.6222332777
20.500 1.2819 19.6318097703
20.510 1.2812 19.6413862629
20.520 1.2806 19.6509627554
20.530 1.2800 19.660539248
20.540 1.2793 19.6701157406
20.550 1.2787 19.6796922331
20.560 1.2780 19.6892687257
20.570 1.2774 19.6988452183
20.580 1.2767 19.7084217108
20.590 1.2761 19.7179982034
20.600 1.2755 19.727574696
20.610 1.2748 19.7371511886
20.620 1.2742 19.7467276811
20.630 1.2736 19.7563041737
20.640 1.2729 19.7658806663
20.650 1.2723 19.7754571588
20.660 1.2717 19.7850336514
20.670 1.2710 19.794610144
20.680 1.2704 19.8041866366
20.690 1.2698 19.8137631291
20.700 1.2691 19.8233396217
20.710 1.2685 19.8329161143
20.720 1.2679 19.8424926068
20.730 1.2672 19.8520690994
20.740 1.2666 19.861645592
20.750 1.2660 19.8712220846
20.760 1.2653 19.8807985771
20.770 1.2647 19.8903750697
20.780 1.2641 19.8999515623
20.790 1.2635 19.9095280548
20.800 1.2628 19.9191045474
20.810 1.2622 19.92868104
20.820 1.2616 19.9382575326
20.830 1.2610 19.9478340251
20.840 1.2603 19.9574105177
20.850 1.2597 19.9669870103
20.860 1.2591 19.9765635028
20.870 1.2585 19.9861399954
20.880 1.2579 19.995716488
20.890 1.2572 20.0052929805
20.900 1.2566 20.0148694731
20.910 1.2560 20.0244459657
20.920 1.2554 20.0340224583
20.930 1.2548 20.0435989508
20.940 1.2541 20.0531754434
20.950 1.2535 20.062751936
20.960 1.2529 20.0723284285
20.970 1.2523 20.0819049211
20.980 1.2517 20.0914814137
20.990 1.2511 20.1010579063
21.000 1.2504 20.1106343988
21.010 1.2498 20.1202108914
21.020 1.2492 20.129787384
21.030 1.2486 20.1393638765
21.040 1.2480 20.1489403691
21.050 1.2474 20.1585168617
21.060 1.2468 20.1680933543
21.070 1.2462 20.1776698468
21.080 1.2456 20.1872463394
21.090 1.2449 20.196822832
21.100 1.2443 20.2063993245
21.110 1.2437 20.2159758171
21.120 1.2431 20.2255523097
21.130 1.2425 20.2351288022
21.140 1.2419 20.2447052948
21.150 1.2413 20.2542817874
21.160 1.2407 20.26385828
21.170 1.2401 20.2734347725
21.180 1.2395 20.2830112651
21.190 1.2389 20.2925877577
21.200 1.2383 20.3021642502
21.210 1.2377 20.3117407428
21.220 1.2371 20.3213172354
21.230 1.2365 20.330893728
21.240 1.2359 20.3404702205
21.250 1.2353 20.3500467131
21.260 1.2347 20.3596232057
21.270 1.2341 20.3691996982
21.280 1.2335 20.3787761908
21.290 1.2329 20.3883526834
21.300 1.2323 20.397929176
21.310 1.2317 20.4075056685
21.320 1.2311 20.4170821611
21.330 1.2305 20.4266586537
21.340 1.2299 20.4362351462
21.350 1.2293 20.4458116388
21.360 1.2287 20.4553881314
21.370 1.2281 20.4649646239
21.380 1.2275 20.4745411165
21.390 1.2269 20.4841176091
21.400 1.2264 20.4936941017
21.410 1.2258 20.5032705942
21.420 1.2252 20.5128470868
21.430 1.2246 20.5224235794
21.440 1.2240 20.5320000719
21.450 1.2234 20.5415765645
21.460 1.2228 20.5511530571
21.470 1.2222 20.5607295497
21.480 1.2216 20.5703060422
21.490 1.2211 20.5798825348
21.500 1.2205 20.5894590274
21.510 1.2199 20.5990355199
21.520 1.2193 20.6086120125
21.530 1.2187 20.6181885051
21.540 1.2181 20.6277649977
21.550 1.2176 20.6373414902
21.560 1.2170 20.6469179828
21.570 1.2164 20.6564944754
21.580 1.2158 20.6660709679
21.590 1.2152 20.6756474605
21.600 1.2146 20.6852239531
21.610 1.2141 20.6948004456
21.620 1.2135 20.7043769382
21.630 1.2129 20.7139534308
21.640 1.2123 20.7235299234
21.650 1.2117 20.7331064159
21.660 1.2112 20.7426829085
21.670 1.2106 20.7522594011
21.680 1.2100 20.7618358936
21.690 1.2094 20.7714123862
21.700 1.2089 20.7809888788
21.710 1.2083 20.7905653714
21.720 1.2077 20.8001418639
21.730 1.2071 20.8097183565
21.740 1.2066 20.8192948491
21.750 1.2060 20.8288713416
21.760 1.2054 20.8384478342
21.770 1.2049 20.8480243268
21.780 1.2043 20.8576008194
21.790 1.2037 20.8671773119
21.800 1.2031 20.8767538045
21.810 1.2026 20.8863302971
21.820 1.2020 20.8959067896
21.830 1.2014 20.9054832822
21.840 1.2009 20.9150597748
21.850 1.2003 20.9246362674
21.860 1.1997 20.9342127599
21.870 1.1992 20.9437892525
21.880 1.1986 20.9533657451
21.890 1.1980 20.9629422376
21.900 1.1975 20.9725187302
21.910 1.1969 20.9820952228
21.920 1.1964 20.9916717153
21.930 1.1958 21.0012482079
21.940 1.1952 21.0108247005
21.950 1.1947 21.0204011931
21.960 1.1941 21.0299776856
21.970 1.1935 21.0395541782
21.980 1.1930 21.0491306708
21.990 1.1924 21.0587071633
22.000 1.1919 21.0682836559
22.010 1.1913 21.0778601485
22.020 1.1907 21.0874366411
22.030 1.1902 21.0970131336
22.040 1.1896 21.1065896262
22.050 1.1891 21.1161661188
22.060 1.1885 21.1257426113
22.070 1.1880 21.1353191039
22.080 1.1874 21.1448955965
22.090 1.1869 21.1544720891
22.100 1.1863 21.1640485816
22.110 1.1857 21.1736250742
22.120 1.1852 21.1832015668
22.130 1.1846 21.1927780593
22.140 1.1841 21.2023545519
22.150 1.1835 21.2119310445
22.160 1.1830 21.221507537
22.170 1.1824 21.2310840296
22.180 1.1819 21.2406605222
22.190 1.1813 21.2502370148
22.200 1.1808 21.2598135073
22.210 1.1802 21.2693899999
22.220 1.1797 21.2789664925
22.230 1.1791 21.288542985
22.240 1.1786 21.2981194776
22.250 1.1780 21.3076959702
22.260 1.1775 21.3172724628
22.270 1.1769 21.3268489553
22.280 1.1764 21.3364254479
22.290 1.1759 21.3460019405
22.300 1.1753 21.355578433
22.310 1.1748 21.3651549256
22.320 1.1742 21.3747314182
22.330 1.1737 21.3843079108
22.340 1.1731 21.3938844033
22.350 1.1726 21.4034608959
22.360 1.1721 21.4130373885
22.370 1.1715 21.422613881
22.380 1.1710 21.4321903736
22.390 1.1704 21.4417668662
22.400 1.1699 21.4513433587
22.410 1.1694 21.4609198513
22.420 1.1688 21.4704963439
22.430 1.1683 21.4800728365
22.440 1.1677 21.489649329
22.450 1.1672 21.4992258216
22.460 1.1667 21.5088023142
22.470 1.1661 21.5183788067
22.480 1.1656 21.5279552993
22.490 1.1651 21.5375317919
22.500 1.1645 21.5471082845
22.510 1.1640 21.556684777
22.520 1.1635 21.5662612696
22.530 1.1629 21.5758377622
22.540 1.1624 21.5854142547
22.550 1.1619 21.5949907473
22.560 1.1613 21.6045672399
22.570 1.1608 21.6141437325
22.580 1.1603 21.623720225
22.590 1.1597 21.6332967176
22.600 1.1592 21.6428732102
22.610 1.1587 21.6524497027
22.620 1.1581 21.6620261953
22.630 1.1576 21.6716026879
22.640 1.1571 21.6811791804
22.650 1.1566 21.690755673
22.660 1.1560 21.7003321656
22.670 1.1555 21.7099086582
22.680 1.1550 21.7194851507
22.690 1.1545 21.7290616433
22.700 1.1539 21.7386381359
22.710 1.1534 21.7482146284
22.720 1.1529 21.757791121
22.730 1.1524 21.7673676136
22.740 1.1518 21.7769441062
22.750 1.1513 21.7865205987
22.760 1.1508 21.7960970913
22.770 1.1503 21.8056735839
22.780 1.1497 21.8152500764
22.790 1.1492 21.824826569
22.800 1.1487 21.8344030616
22.810 1.1482 21.8439795542
22.820 1.1477 21.8535560467
22.830 1.1471 21.8631325393
22.840 1.1466 21.8727090319
22.850 1.1461 21.8822855244
22.860 1.1456 21.891862017
22.870 1.1451 21.9014385096
22.880 1.1445 21.9110150022
22.890 1.1440 21.9205914947
22.900 1.1435 21.9301679873
22.910 1.1430 21.9397444799
22.920 1.1425 21.9493209724
22.930 1.1420 21.958897465
22.940 1.1415 21.9684739576
22.950 1.1409 21.9780504501
22.960 1.1404 21.9876269427
22.970 1.1399 21.9972034353
22.980 1.1394 22.0067799279
22.990 1.1389 22.0163564204
23.000 1.1384 22.025932913
23.010 1.1379 22.0355094056
23.020 1.1374 22.0450858981
23.030 1.1368 22.0546623907
23.040 1.1363 22.0642388833
23.050 1.1358 22.0738153759
23.060 1.1353 22.0833918684
23.070 1.1348 22.092968361
23.080 1.1343 22.1025448536
23.090 1.1338 22.1121213461
23.100 1.1333 22.1216978387
23.110 1.1328 22.1312743313
23.120 1.1323 22.1408508239
23.130 1.1318 22.1504273164
23.140 1.1313 22.160003809
23.150 1.1308 22.1695803016
23.160 1.1302 22.1791567941
23.170 1.1297 22.1887332867
23.180 1.1292 22.1983097793
23.190 1.1287 22.2078862718
23.200 1.1282 22.2174627644
23.210 1.1277 22.227039257
23.220 1.1272 22.2366157496
23.230 1.1267 22.2461922421
23.240 1.1262 22.2557687347
23.250 1.1257 22.2653452273
23.260 1.1252 22.2749217198
23.270 1.1247 22.2844982124
23.280 1.1242 22.294074705
23.290 1.1237 22.3036511976
23.300 1.1232 22.3132276901
23.310 1.1227 22.3228041827
23.320 1.1222 22.3323806753
23.330 1.1217 22.3419571678
23.340 1.1212 22.3515336604
23.350 1.1207 22.361110153
23.360 1.1202 22.3706866456
23.370 1.1197 22.3802631381
23.380 1.1193 22.3898396307
23.390 1.1188 22.3994161233
23.400 1.1183 22.4089926158
23.410 1.1178 22.4185691084
23.420 1.1173 22.428145601
23.430 1.1168 22.4377220935
23.440 1.1163 22.4472985861
23.450 1.1158 22.4568750787
23.460 1.1153 22.4664515713
23.470 1.1148 22.4760280638
23.480 1.1143 22.4856045564
23.490 1.1138 22.495181049
23.500 1.1133 22.5047575415
23.510 1.1129 22.5143340341
23.520 1.1124 22.5239105267
23.530 1.1119 22.5334870193
23.540 1.1114 22.5430635118
23.550 1.1109 22.5526400044
23.560 1.1104 22.562216497
23.570 1.1099 22.5717929895
23.580 1.1094 22.5813694821
23.590 1.1089 22.5909459747
23.600 1.1085 22.6005224673
23.610 1.1080 22.6100989598
23.620 1.1075 22.6196754524
23.630 1.1070 22.629251945
23.640 1.1065 22.6388284375
23.650 1.1060 22.6484049301
23.660 1.1056 22.6579814227
23.670 1.1051 22.6675579152
23.680 1.1046 22.6771344078
23.690 1.1041 22.6867109004
23.700 1.1036 22.696287393
23.710 1.1031 22.7058638855
23.720 1.1027 22.7154403781
23.730 1.1022 22.7250168707
23.740 1.1017 22.7345933632
23.750 1.1012 22.7441698558
23.760 1.1007 22.7537463484
23.770 1.1003 22.763322841
23.780 1.0998 22.7728993335
23.790 1.0993 22.7824758261
23.800 1.0988 22.7920523187
23.810 1.0984 22.8016288112
23.820 1.0979 22.8112053038
23.830 1.0974 22.8207817964
23.840 1.0969 22.830358289
23.850 1.0964 22.8399347815
23.860 1.0960 22.8495112741
23.870 1.0955 22.8590877667
23.880 1.0950 22.8686642592
23.890 1.0945 22.8782407518
23.900 1.0941 22.8878172444
23.910 1.0936 22.8973937369
23.920 1.0931 22.9069702295
23.930 1.0927 22.9165467221
23.940 1.0922 22.9261232147
23.950 1.0917 22.9356997072
23.960 1.0912 22.9452761998
23.970 1.0908 22.9548526924
23.980 1.0903 22.9644291849
23.990 1.0898 22.9740056775
24.000 1.0894 22.9835821701
24.010 1.0889 22.9931586627
24.020 1.0884 23.0027351552
24.030 1.0879 23.0123116478
24.040 1.0875 23.0218881404
24.050 1.0870 23.0314646329
24.060 1.0865 23.0410411255
24.070 1.0861 23.0506176181
24.080 1.0856 23.0601941107
24.090 1.0851 23.0697706032
24.100 1.0847 23.0793470958
24.110 1.0842 23.0889235884
24.120 1.0837 23.0985000809
24.130 1.0833 23.1080765735
24.140 1.0828 23.1176530661
24.150 1.0823 23.1272295587
24.160 1.0819 23.1368060512
24.170 1.0814 23.1463825438
24.180 1.0810 23.1559590364
24.190 1.0805 23.1655355289
24.200 1.0800 23.1751120215
24.210 1.0796 23.1846885141
24.220 1.0791 23.1942650066
24.230 1.0786 23.2038414992
24.240 1.0782 23.2134179918
24.250 1.0777 23.2229944844
24.260 1.0773 23.2325709769
24.270 1.0768 23.2421474695
24.280 1.0764 23.2517239621
24.290 1.0759 23.2613004546
24.300 1.0754 23.2708769472
24.310 1.0750 23.2804534398
24.320 1.0745 23.2900299324
24.330 1.0741 23.2996064249
24.340 1.0736 23.3091829175
24.350 1.0731 23.3187594101
24.360 1.0727 23.3283359026
24.370 1.0722 23.3379123952
24.380 1.0718 23.3474888878
24.390 1.0713 23.3570653804
24.400 1.0709 23.3666418729
24.410 1.0704 23.3762183655
24.420 1.0700 23.3857948581
24.430 1.0695 23.3953713506
24.440 1.0691 23.4049478432
24.450 1.0686 23.4145243358
24.460 1.0681 23.4241008283
24.470 1.0677 23.4336773209
24.480 1.0672 23.4432538135
24.490 1.0668 23.4528303061
24.500 1.0663 23.4624067986
24.510 1.0659 23.4719832912
24.520 1.0654 23.4815597838
24.530 1.0650 23.4911362763
24.540 1.0645 23.5007127689
24.550 1.0641 23.5102892615
24.560 1.0636 23.5198657541
24.570 1.0632 23.5294422466
24.580 1.0627 23.5390187392
24.590 1.0623 23.5485952318
24.600 1.0619 23.5581717243
24.610 1.0614 23.5677482169
24.620 1.0610 23.5773247095
24.630 1.0605 23.5869012021
24.640 1.0601 23.5964776946
24.650 1.0596 23.6060541872
24.660 1.0592 23.6156306798
24.670 1.0587 23.6252071723
24.680 1.0583 23.6347836649
24.690 1.0578 23.6443601575
24.700 1.0574 23.65393665
24.710 1.0570 23.6635131426
24.720 1.0565 23.6730896352
24.730 1.0561 23.6826661278
24.740 1.0556 23.6922426203
24.750 1.0552 23.7018191129
24.760 1.0547 23.7113956055
24.770 1.0543 23.720972098
24.780 1.0539 23.7305485906
24.790 1.0534 23.7401250832
24.800 1.0530 23.7497015758
24.810 1.0525 23.7592780683
24.820 1.0521 23.7688545609
24.830 1.0517 23.7784310535
24.840 1.0512 23.788007546
24.850 1.0508 23.7975840386
24.860 1.0503 23.8071605312
24.870 1.0499 23.8167370238
24.880 1.0495 23.8263135163
24.890 1.0490 23.8358900089
24.900 1.0486 23.8454665015
24.910 1.0482 23.855042994
24.920 1.0477 23.8646194866
24.930 1.0473 23.8741959792
24.940 1.0469 23.8837724717
24.950 1.0464 23.8933489643
24.960 1.0460 23.9029254569
24.970 1.0456 23.9125019495
24.980 1.0451 23.922078442
24.990 1.0447 23.9316549346
25.000 1.0443 23.9412314272
25.100 1.0399 24.0369963529
25.110 1.0395 24.0465728455
25.120 1.0391 24.056149338
25.130 1.0387 24.0657258306
25.140 1.0382 24.0753023232
25.150 1.0378 24.0848788157
25.160 1.0374 24.0944553083
25.170 1.0369 24.1040318009
25.180 1.0365 24.1136082935
25.190 1.0361 24.123184786
25.200 1.0357 24.1327612786
25.210 1.0352 24.1423377712
25.220 1.0348 24.1519142637
25.230 1.0344 24.1614907563
25.240 1.0340 24.1710672489
25.250 1.0335 24.1806437414
25.260 1.0331 24.190220234
25.270 1.0327 24.1997967266
25.280 1.0323 24.2093732192
25.290 1.0318 24.2189497117
25.300 1.0314 24.2285262043
25.310 1.0310 24.2381026969
25.320 1.0306 24.2476791894
25.330 1.0302 24.257255682
25.340 1.0297 24.2668321746
25.350 1.0293 24.2764086672
25.360 1.0289 24.2859851597
25.370 1.0285 24.2955616523
25.380 1.0280 24.3051381449
25.390 1.0276 24.3147146374
25.400 1.0272 24.32429113
25.410 1.0268 24.3338676226
25.420 1.0264 24.3434441152
25.430 1.0260 24.3530206077
25.440 1.0255 24.3625971003
25.450 1.0251 24.3721735929
25.460 1.0247 24.3817500854
25.470 1.0243 24.391326578
25.480 1.0239 24.4009030706
25.490 1.0234 24.4104795631
25.500 1.0230 24.4200560557
25.510 1.0226 24.4296325483
25.520 1.0222 24.4392090409
25.530 1.0218 24.4487855334
25.540 1.0214 24.458362026
25.550 1.0210 24.4679385186
25.560 1.0205 24.4775150111
25.570 1.0201 24.4870915037
25.580 1.0197 24.4966679963
25.590 1.0193 24.5062444889
25.600 1.0189 24.5158209814
25.610 1.0185 24.525397474
25.620 1.0181 24.5349739666
25.630 1.0176 24.5445504591
25.640 1.0172 24.5541269517
25.650 1.0168 24.5637034443
25.660 1.0164 24.5732799369
25.670 1.0160 24.5828564294
25.680 1.0156 24.592432922
25.690 1.0152 24.6020094146
25.700 1.0148 24.6115859071
25.710 1.0144 24.6211623997
25.720 1.0140 24.6307388923
25.730 1.0135 24.6403153848
25.740 1.0131 24.6498918774
25.750 1.0127 24.65946837
25.760 1.0123 24.6690448626
25.770 1.0119 24.6786213551
25.780 1.0115 24.6881978477
25.790 1.0111 24.6977743403
25.800 1.0107 24.7073508328
25.810 1.0103 24.7169273254
25.820 1.0099 24.726503818
25.830 1.0095 24.7360803106
25.840 1.0091 24.7456568031
25.850 1.0087 24.7552332957
25.860 1.0083 24.7648097883
25.870 1.0079 24.7743862808
25.880 1.0075 24.7839627734
25.890 1.0070 24.793539266
25.900 1.0066 24.8031157586
25.910 1.0062 24.8126922511
25.920 1.0058 24.8222687437
25.930 1.0054 24.8318452363
25.940 1.0050 24.8414217288
25.950 1.0046 24.8509982214
25.960 1.0042 24.860574714
25.970 1.0038 24.8701512065
25.980 1.0034 24.8797276991
25.990 1.0030 24.8893041917
26.000 1.0026 24.8988806843
26.010 1.0022 24.9084571768
26.020 1.0018 24.9180336694
26.030 1.0014 24.927610162
26.040 1.0010 24.9371866545
26.050 1.0006 24.9467631471
26.060 1.0002 24.9563396397
26.070 0.99983 24.9659161323
26.080 0.99943 24.9754926248
26.090 0.99903 24.9850691174
26.100 0.99864 24.99464561
26.110 0.99824 25.0042221025
26.120 0.99784 25.0137985951
26.130 0.99745 25.0233750877
26.140 0.99705 25.0329515803
26.150 0.99666 25.0425280728
26.160 0.99626 25.0521045654
26.170 0.99586 25.061681058
26.180 0.99547 25.0712575505
26.190 0.99508 25.0808340431
26.200 0.99468 25.0904105357
26.210 0.99429 25.0999870282
26.220 0.99389 25.1095635208
26.230 0.99350 25.1191400134
26.240 0.99311 25.128716506
26.250 0.99271 25.1382929985
26.260 0.99232 25.1478694911
26.270 0.99193 25.1574459837
26.280 0.99154 25.1670224762
26.290 0.99115 25.1765989688
26.300 0.99075 25.1861754614
26.310 0.99036 25.195751954
26.320 0.98997 25.2053284465
26.330 0.98958 25.2149049391
26.340 0.98919 25.2244814317
26.350 0.98880 25.2340579242
26.360 0.98841 25.2436344168
26.370 0.98802 25.2532109094
26.380 0.98763 25.262787402
26.390 0.98725 25.2723638945
26.400 0.98686 25.2819403871
26.410 0.98647 25.2915168797
26.420 0.98608 25.3010933722
26.430 0.98569 25.3106698648
26.440 0.98531 25.3202463574
26.450 0.98492 25.32982285
26.460 0.98453 25.3393993425
26.470 0.98415 25.3489758351
26.480 0.98376 25.3585523277
26.490 0.98338 25.3681288202
26.500 0.98299 25.3777053128
26.510 0.98260 25.3872818054
26.520 0.98222 25.3968582979
26.530 0.98184 25.4064347905
26.540 0.98145 25.4160112831
26.550 0.98107 25.4255877757
26.560 0.98068 25.4351642682
26.570 0.98030 25.4447407608
26.580 0.97992 25.4543172534
26.590 0.97953 25.4638937459
26.600 0.97915 25.4734702385
26.610 0.97877 25.4830467311
26.620 0.97839 25.4926232237
26.630 0.97801 25.5021997162
26.640 0.97762 25.5117762088
26.650 0.97724 25.5213527014
26.660 0.97686 25.5309291939
26.670 0.97648 25.5405056865
26.680 0.97610 25.5500821791
26.690 0.97572 25.5596586717
26.700 0.97534 25.5692351642
26.710 0.97496 25.5788116568
26.720 0.97458 25.5883881494
26.730 0.97420 25.5979646419
26.740 0.97383 25.6075411345
26.750 0.97345 25.6171176271
26.760 0.97307 25.6266941196
26.770 0.97269 25.6362706122
26.780 0.97231 25.6458471048
26.790 0.97194 25.6554235974
26.800 0.97156 25.6650000899
26.810 0.97118 25.6745765825
26.820 0.97081 25.6841530751
26.830 0.97043 25.6937295676
26.840 0.97006 25.7033060602
26.850 0.96968 25.7128825528
26.860 0.96931 25.7224590454
26.870 0.96893 25.7320355379
26.880 0.96856 25.7416120305
26.890 0.96818 25.7511885231
26.900 0.96781 25.7607650156
26.910 0.96743 25.7703415082
26.920 0.96706 25.7799180008
26.930 0.96669 25.7894944934
26.940 0.96631 25.7990709859
26.950 0.96594 25.8086474785
26.960 0.96557 25.8182239711
26.970 0.96520 25.8278004636
26.980 0.96483 25.8373769562
26.990 0.96445 25.8469534488
27.000 0.96408 25.8565299413
27.010 0.96371 25.8661064339
27.020 0.96334 25.8756829265
27.030 0.96297 25.8852594191
27.040 0.96260 25.8948359116
27.050 0.96223 25.9044124042
27.060 0.96186 25.9139888968
27.070 0.96149 25.9235653893
27.080 0.96112 25.9331418819
27.090 0.96075 25.9427183745
27.100 0.96039 25.9522948671
27.110 0.96002 25.9618713596
27.120 0.95965 25.9714478522
27.130 0.95928 25.9810243448
27.140 0.95891 25.9906008373
27.150 0.95855 26.0001773299
27.160 0.95818 26.0097538225
27.170 0.95781 26.0193303151
27.180 0.95745 26.0289068076
27.190 0.95708 26.0384833002
27.200 0.95672 26.0480597928
27.210 0.95635 26.0576362853
27.220 0.95598 26.0672127779
27.230 0.95562 26.0767892705
27.240 0.95525 26.086365763
27.250 0.95489 26.0959422556
27.260 0.95453 26.1055187482
27.270 0.95416 26.1150952408
27.280 0.95380 26.1246717333
27.290 0.95343 26.1342482259
27.300 0.95307 26.1438247185
27.310 0.95271 26.153401211
27.320 0.95235 26.1629777036
27.330 0.95198 26.1725541962
27.340 0.95162 26.1821306888
27.350 0.95126 26.1917071813
27.360 0.95090 26.2012836739
27.370 0.95054 26.2108601665
27.380 0.95018 26.220436659
27.390 0.94982 26.2300131516
27.400 0.94945 26.2395896442
27.410 0.94909 26.2491661368
27.420 0.94873 26.2587426293
27.430 0.94837 26.2683191219
27.440 0.94802 26.2778956145
27.450 0.94766 26.287472107
27.460 0.94730 26.2970485996
27.470 0.94694 26.3066250922
27.480 0.94658 26.3162015848
27.490 0.94622 26.3257780773
27.500 0.94586 26.3353545699
27.510 0.94551 26.3449310625
27.520 0.94515 26.354507555
27.530 0.94479 26.3640840476
27.540 0.94444 26.3736605402
27.550 0.94408 26.3832370327
27.560 0.94372 26.3928135253
27.570 0.94337 26.4023900179
27.580 0.94301 26.4119665105
27.590 0.94266 26.421543003
27.600 0.94230 26.4311194956
27.610 0.94194 26.4406959882
27.620 0.94159 26.4502724807
27.630 0.94124 26.4598489733
27.640 0.94088 26.4694254659
27.650 0.94053 26.4790019585
27.660 0.94017 26.488578451
27.670 0.93982 26.4981549436
27.680 0.93947 26.5077314362
27.690 0.93911 26.5173079287
27.700 0.93876 26.5268844213
27.710 0.93841 26.5364609139
27.720 0.93806 26.5460374065
27.730 0.93770 26.555613899
27.740 0.93735 26.5651903916
27.750 0.93700 26.5747668842
27.760 0.93665 26.5843433767
27.770 0.93630 26.5939198693
27.780 0.93595 26.6034963619
27.790 0.93560 26.6130728544
27.800 0.93525 26.622649347
27.810 0.93490 26.6322258396
27.820 0.93455 26.6418023322
27.830 0.93420 26.6513788247
27.840 0.93385 26.6609553173
27.850 0.93350 26.6705318099
27.860 0.93315 26.6801083024
27.870 0.93280 26.689684795
27.880 0.93246 26.6992612876
27.890 0.93211 26.7088377802
27.900 0.93176 26.7184142727
27.910 0.93141 26.7279907653
27.920 0.93107 26.7375672579
27.930 0.93072 26.7471437504
27.940 0.93037 26.756720243
27.950 0.93003 26.7662967356
27.960 0.92968 26.7758732282
27.970 0.92933 26.7854497207
27.980 0.92899 26.7950262133
27.990 0.92864 26.8046027059
28.000 0.92830 26.8141791984
28.010 0.92795 26.823755691
28.020 0.92761 26.8333321836
28.030 0.92726 26.8429086761
28.040 0.92692 26.8524851687
28.050 0.92657 26.8620616613
28.060 0.92623 26.8716381539
28.070 0.92589 26.8812146464
28.080 0.92554 26.890791139
28.090 0.92520 26.9003676316
28.100 0.92486 26.9099441241
28.110 0.92452 26.9195206167
28.120 0.92417 26.9290971093
28.130 0.92383 26.9386736019
28.140 0.92349 26.9482500944
28.150 0.92315 26.957826587
28.160 0.92281 26.9674030796
28.170 0.92247 26.9769795721
28.180 0.92213 26.9865560647
28.190 0.92178 26.9961325573
28.200 0.92144 27.0057090499
28.210 0.92110 27.0152855424
28.220 0.92076 27.024862035
28.230 0.92042 27.0344385276
28.240 0.92009 27.0440150201
28.250 0.91975 27.0535915127
28.260 0.91941 27.0631680053
28.270 0.91907 27.0727444978
28.280 0.91873 27.0823209904
28.290 0.91839 27.091897483
28.300 0.91805 27.1014739756
28.310 0.91772 27.1110504681
28.320 0.91738 27.1206269607
28.330 0.91704 27.1302034533
28.340 0.91671 27.1397799458
28.350 0.91637 27.1493564384
28.360 0.91603 27.158932931
28.370 0.91570 27.1685094236
28.380 0.91536 27.1780859161
28.390 0.91502 27.1876624087
28.400 0.91469 27.1972389013
28.410 0.91435 27.2068153938
28.420 0.91402 27.2163918864
28.430 0.91368 27.225968379
28.440 0.91335 27.2355448716
28.450 0.91301 27.2451213641
28.460 0.91268 27.2546978567
28.470 0.91235 27.2642743493
28.480 0.91201 27.2738508418
28.490 0.91168 27.2834273344
28.500 0.91135 27.293003827
28.510 0.91101 27.3025803195
28.520 0.91068 27.3121568121
28.530 0.91035 27.3217333047
28.540 0.91002 27.3313097973
28.550 0.90968 27.3408862898
28.560 0.90935 27.3504627824
28.570 0.90902 27.360039275
28.580 0.90869 27.3696157675
28.590 0.90836 27.3791922601
28.600 0.90803 27.3887687527
28.610 0.90770 27.3983452453
28.620 0.90737 27.4079217378
28.630 0.90704 27.4174982304
28.640 0.90671 27.427074723
28.650 0.90638 27.4366512155
28.660 0.90605 27.4462277081
28.670 0.90572 27.4558042007
28.680 0.90539 27.4653806933
28.690 0.90506 27.4749571858
28.700 0.90473 27.4845336784
28.710 0.90440 27.494110171
28.720 0.90408 27.5036866635
28.730 0.90375 27.5132631561
28.740 0.90342 27.5228396487
28.750 0.90309 27.5324161413
28.760 0.90277 27.5419926338
28.770 0.90244 27.5515691264
28.780 0.90211 27.561145619
28.790 0.90179 27.5707221115
28.800 0.90146 27.5802986041
28.810 0.90113 27.5898750967
28.820 0.90081 27.5994515892
28.830 0.90048 27.6090280818
28.840 0.90016 27.6186045744
28.850 0.89983 27.628181067
28.860 0.89951 27.6377575595
28.870 0.89918 27.6473340521
28.880 0.89886 27.6569105447
28.890 0.89853 27.6664870372
28.900 0.89821 27.6760635298
28.910 0.89788 27.6856400224
28.920 0.89756 27.695216515
28.930 0.89724 27.7047930075
28.940 0.89691 27.7143695001
28.950 0.89659 27.7239459927
28.960 0.89627 27.7335224852
28.970 0.89595 27.7430989778
28.980 0.89562 27.7526754704
28.990 0.89530 27.762251963
29.000 0.89498 27.7718284555
29.010 0.89466 27.7814049481
29.020 0.89434 27.7909814407
29.030 0.89402 27.8005579332
29.040 0.89370 27.8101344258
29.050 0.89338 27.8197109184
29.060 0.89306 27.8292874109
29.070 0.89273 27.8388639035
29.080 0.89241 27.8484403961
29.090 0.89210 27.8580168887
29.100 0.89178 27.8675933812
29.110 0.89146 27.8771698738
29.120 0.89114 27.8867463664
29.130 0.89082 27.8963228589
29.140 0.89050 27.9058993515
29.150 0.89018 27.9154758441
29.160 0.88986 27.9250523367
29.170 0.88954 27.9346288292
29.180 0.88923 27.9442053218
29.190 0.88891 27.9537818144
29.200 0.88859 27.9633583069
29.210 0.88827 27.9729347995
29.220 0.88796 27.9825112921
29.230 0.88764 27.9920877847
29.240 0.88732 28.0016642772
29.250 0.88701 28.0112407698
29.260 0.88669 28.0208172624
29.270 0.88638 28.0303937549
29.280 0.88606 28.0399702475
29.290 0.88575 28.0495467401
29.300 0.88543 28.0591232326
29.310 0.88512 28.0686997252
29.320 0.88480 28.0782762178
29.330 0.88449 28.0878527104
29.340 0.88417 28.0974292029
29.350 0.88386 28.1070056955
29.360 0.88354 28.1165821881
29.370 0.88323 28.1261586806
29.380 0.88292 28.1357351732
29.390 0.88260 28.1453116658
29.400 0.88229 28.1548881584
29.410 0.88198 28.1644646509
29.420 0.88166 28.1740411435
29.430 0.88135 28.1836176361
29.440 0.88104 28.1931941286
29.450 0.88073 28.2027706212
29.460 0.88042 28.2123471138
29.470 0.88010 28.2219236064
29.480 0.87979 28.2315000989
29.490 0.87948 28.2410765915
29.500 0.87917 28.2506530841
29.510 0.87886 28.2602295766
29.520 0.87855 28.2698060692
29.530 0.87824 28.2793825618
29.540 0.87793 28.2889590543
29.550 0.87762 28.2985355469
29.560 0.87731 28.3081120395
29.570 0.87700 28.3176885321
29.580 0.87669 28.3272650246
29.590 0.87638 28.3368415172
29.600 0.87607 28.3464180098
29.610 0.87576 28.3559945023
29.620 0.87546 28.3655709949
29.630 0.87515 28.3751474875
29.640 0.87484 28.3847239801
29.650 0.87453 28.3943004726
29.660 0.87422 28.4038769652
29.670 0.87392 28.4134534578
29.680 0.87361 28.4230299503
29.690 0.87330 28.4326064429
29.700 0.87300 28.4421829355
29.710 0.87269 28.4517594281
29.720 0.87238 28.4613359206
29.730 0.87208 28.4709124132
29.740 0.87177 28.4804889058
29.750 0.87147 28.4900653983
29.760 0.87116 28.4996418909
29.770 0.87085 28.5092183835
29.780 0.87055 28.5187948761
29.790 0.87024 28.5283713686
29.800 0.86994 28.5379478612
29.810 0.86964 28.5475243538
29.820 0.86933 28.5571008463
29.830 0.86903 28.5666773389
29.840 0.86872 28.5762538315
29.850 0.86842 28.585830324
29.860 0.86812 28.5954068166
29.870 0.86781 28.6049833092
29.880 0.86751 28.6145598018
29.890 0.86721 28.6241362943
29.900 0.86690 28.6337127869
29.910 0.86660 28.6432892795
29.920 0.86630 28.652865772
29.930 0.86600 28.6624422646
29.940 0.86570 28.6720187572
29.950 0.86539 28.6815952498
29.960 0.86509 28.6911717423
29.970 0.86479 28.7007482349
29.980 0.86449 28.7103247275
29.990 0.86419 28.71990122
30.000 0.86389 28.7294777126
