0.10000 295.38 0.0969454817483
0.11000 268.52 0.106640029923
0.12000 246.14 0.116334578098
0.13000 227.20 0.126029126273
0.14000 210.97 0.135723674448
0.15000 196.91 0.145418222622
0.16000 184.60 0.155112770797
0.17000 173.74 0.164807318972
0.18000 164.08 0.174501867147
0.19000 155.45 0.184196415322
0.20000 147.67 0.193890963497
0.21000 140.64 0.203585511671
0.22000 134.24 0.213280059846
0.23000 128.41 0.222974608021
0.24000 123.05 0.232669156196
0.25000 118.13 0.242363704371
0.26000 113.59 0.252058252546
0.27000 109.38 0.26175280072
0.28000 105.47 0.271447348895
0.29000 101.83 0.28114189707
0.30000 98.438 0.290836445245
0.31000 95.261 0.30053099342
0.32000 92.283 0.310225541595
0.33000 89.486 0.319920089769
0.34000 86.853 0.329614637944
0.35000 84.371 0.339309186119
0.36000 82.026 0.349003734294
0.37000 79.808 0.358698282469
0.38000 77.707 0.368392830644
0.39000 75.714 0.378087378818
0.40000 73.820 0.387781926993
0.41000 72.019 0.397476475168
0.42000 70.304 0.407171023343
0.43000 68.668 0.416865571518
0.44000 67.107 0.426560119693
0.45000 65.615 0.436254667867
0.46000 64.188 0.445949216042
0.47000 62.821 0.455643764217
0.48000 61.512 0.465338312392
0.49000 60.256 0.475032860567
0.50000 59.050 0.484727408742
0.51000 57.892 0.494421956916
0.52000 56.778 0.504116505091
0.53000 55.706 0.513811053266
0.54000 54.674 0.523505601441
0.55000 53.679 0.533200149616
0.56000 52.720 0.542894697791
0.57000 51.795 0.552589245965
0.58000 50.901 0.56228379414
0.59000 50.038 0.571978342315
0.60000 49.203 0.58167289049
0.61000 48.396 0.591367438665
0.62000 47.615 0.60106198684
0.63000 46.859 0.610756535014
0.64000 46.126 0.620451083189
0.65000 45.416 0.630145631364
0.66000 44.727 0.639840179539
0.67000 44.059 0.649534727714
0.68000 43.411 0.659229275889
0.69000 42.781 0.668923824063
0.70000 42.170 0.678618372238
0.71000 41.575 0.688312920413
0.72000 40.997 0.698007468588
0.73000 40.435 0.707702016763
0.74000 39.889 0.717396564938
0.75000 39.356 0.727091113112
0.76000 38.838 0.736785661287
0.77000 38.333 0.746480209462
0.78000 37.841 0.756174757637
0.79000 37.362 0.765869305812
0.80000 36.895 0.775563853987
0.81000 36.439 0.785258402161
0.82000 35.994 0.794952950336
0.83000 35.560 0.804647498511
0.84000 35.136 0.814342046686
0.85000 34.723 0.824036594861
0.86000 34.318 0.833731143036
0.87000 33.924 0.84342569121
0.88000 33.538 0.853120239385
0.89000 33.161 0.86281478756
0.90000 32.792 0.872509335735
0.91000 32.431 0.88220388391
0.92000 32.078 0.891898432085
0.93000 31.733 0.901592980259
0.94000 31.395 0.911287528434
0.95000 31.064 0.920982076609
0.96000 30.740 0.930676624784
0.97000 30.423 0.940371172959
0.98000 30.112 0.950065721134
0.99000 29.808 0.959760269308
1.0000 29.509 0.969454817483
1.0100 29.217 0.979149365658
1.0200 28.930 0.988843913833
1.0300 28.649 0.998538462008
1.0400 28.373 1.00823301018
1.0500 28.103 1.01792755836
1.0600 27.837 1.02762210653
1.0700 27.577 1.03731665471
1.0800 27.321 1.04701120288
1.0900 27.070 1.05670575106
1.1000 26.824 1.06640029923
1.1100 26.582 1.07609484741
1.1200 26.344 1.08578939558
1.1300 26.111 1.09548394376
1.1400 25.882 1.10517849193
1.1500 25.656 1.11487304011
1.1600 25.435 1.12456758828
1.1700 25.217 1.13426213646
1.1800 25.003 1.14395668463
1.1900 24.793 1.15365123281
1.2000 24.586 1.16334578098
1.2100 24.383 1.17304032915
1.2200 24.182 1.18273487733
1.2300 23.986 1.1924294255
1.2400 23.792 1.20212397368
1.2500 23.601 1.21181852185
1.2600 23.414 1.22151307003
1.2700 23.229 1.2312076182
1.2800 23.047 1.24090216638
1.2900 22.869 1.25059671455
1.3000 22.692 1.26029126273
1.3100 22.519 1.2699858109
1.3200 22.348 1.27968035908
1.3300 22.180 1.28937490725
1.3400 22.014 1.29906945543
1.3500 21.851 1.3087640036
1.3600 21.690 1.31845855178
1.3700 21.531 1.32815309995
1.3800 21.375 1.33784764813
1.3900 21.221 1.3475421963
1.4000 21.069 1.35723674448
1.4100 20.920 1.36693129265
1.4200 20.772 1.37662584083
1.4300 20.627 1.386320389
1.4400 20.483 1.39601493718
1.4500 20.342 1.40570948535
1.4600 20.202 1.41540403353
1.4700 20.064 1.4250985817
1.4800 19.929 1.43479312988
1.4900 19.795 1.44448767805
1.5000 19.663 1.45418222622
1.5100 19.532 1.4638767744
1.5200 19.403 1.47357132257
1.5300 19.276 1.48326587075
1.5400 19.151 1.49296041892
1.5500 19.027 1.5026549671
1.5600 18.905 1.51234951527
1.5700 18.785 1.52204406345
1.5800 18.665 1.53173861162
1.5900 18.548 1.5414331598
1.6000 18.432 1.55112770797
1.6100 18.317 1.56082225615
1.6200 18.204 1.57051680432
1.6300 18.092 1.5802113525
1.6400 17.981 1.58990590067
1.6500 17.872 1.59960044885
1.6600 17.764 1.60929499702
1.6700 17.658 1.6189895452
1.6800 17.553 1.62868409337
1.6900 17.448 1.63837864155
1.7000 17.346 1.64807318972
1.7100 17.244 1.6577677379
1.7200 17.144 1.66746228607
1.7300 17.044 1.67715683425
1.7400 16.946 1.68685138242
1.7500 16.849 1.6965459306
1.7600 16.753 1.70624047877
1.7700 16.658 1.71593502695
1.7800 16.565 1.72562957512
1.7900 16.472 1.7353241233
1.8000 16.380 1.74501867147
1.8100 16.290 1.75471321964
1.8200 16.200 1.76440776782
1.8300 16.111 1.77410231599
1.8400 16.024 1.78379686417
1.8500 15.937 1.79349141234
1.8600 15.851 1.80318596052
1.8700 15.766 1.81288050869
1.8800 15.682 1.82257505687
1.8900 15.599 1.83226960504
1.9000 15.517 1.84196415322
1.9100 15.435 1.85165870139
1.9200 15.355 1.86135324957
1.9300 15.275 1.87104779774
1.9400 15.196 1.88074234592
1.9500 15.118 1.89043689409
1.9600 15.041 1.90013144227
1.9700 14.964 1.90982599044
1.9800 14.888 1.91952053862
1.9900 14.813 1.92921508679
2.0000 14.739 1.93890963497
2.0100 14.666 1.94860418314
2.0200 14.593 1.95829873132
2.0300 14.521 1.96799327949
2.0400 14.450 1.97768782767
2.0500 14.379 1.98738237584
2.0600 14.309 1.99707692402
2.0700 14.240 2.00677147219
2.0800 14.171 2.01646602037
2.0900 14.103 2.02616056854
2.1000 14.036 2.03585511671
2.1100 13.969 2.04554966489
2.1200 13.903 2.05524421306
2.1300 13.838 2.06493876124
2.1400 13.773 2.07463330941
2.1500 13.709 2.08432785759
2.1600 13.645 2.09402240576
2.1700 13.582 2.10371695394
2.1800 13.520 2.11341150211
2.1900 13.458 2.12310605029
2.2000 13.396 2.13280059846
2.2100 13.336 2.14249514664
2.2200 13.275 2.15218969481
2.2300 13.216 2.16188424299
2.2400 13.157 2.17157879116
2.2500 13.098 2.18127333934
2.2600 13.040 2.19096788751
2.2700 12.982 2.20066243569
2.2800 12.925 2.21035698386
2.2900 12.869 2.22005153204
2.3000 12.813 2.22974608021
2.3100 12.757 2.23944062839
2.3200 12.702 2.24913517656
2.3300 12.647 2.25882972474
2.3400 12.593 2.26852427291
2.3500 12.539 2.27821882109
2.3600 12.486 2.28791336926
2.3700 12.433 2.29760791744
2.3800 12.381 2.30730246561
2.3900 12.329 2.31699701379
2.4000 12.277 2.32669156196
2.4100 12.226 2.33638611013
2.4200 12.176 2.34608065831
2.4300 12.125 2.35577520648
2.4400 12.076 2.36546975466
2.4500 12.026 2.37516430283
2.4600 11.977 2.38485885101
2.4700 11.929 2.39455339918
2.4800 11.880 2.40424794736
2.4900 11.833 2.41394249553
2.5000 11.785 2.42363704371
2.5100 11.738 2.43333159188
2.5200 11.691 2.44302614006
2.5300 11.645 2.45272068823
2.5400 11.599 2.46241523641
2.5500 11.553 2.47210978458
2.5600 11.508 2.48180433276
2.5700 11.463 2.49149888093
2.5800 11.419 2.50119342911
2.5900 11.375 2.51088797728
2.6000 11.331 2.52058252546
2.6100 11.287 2.53027707363
2.6200 11.244 2.53997162181
2.6300 11.201 2.54966616998
2.6400 11.158 2.55936071816
2.6500 11.116 2.56905526633
2.6600 11.074 2.57874981451
2.6700 11.033 2.58844436268
2.6800 10.991 2.59813891086
2.6900 10.951 2.60783345903
2.7000 10.910 2.6175280072
2.7100 10.869 2.62722255538
2.7200 10.829 2.63691710355
2.7300 10.790 2.64661165173
2.7400 10.750 2.6563061999
2.7500 10.711 2.66600074808
2.7600 10.672 2.67569529625
2.7700 10.633 2.68538984443
2.7800 10.595 2.6950843926
2.7900 10.557 2.70477894078
2.8000 10.519 2.71447348895
2.8100 10.482 2.72416803713
2.8200 10.444 2.7338625853
2.8300 10.407 2.74355713348
2.8400 10.370 2.75325168165
2.8500 10.334 2.76294622983
2.8600 10.298 2.772640778
2.8700 10.262 2.78233532618
2.8800 10.226 2.79202987435
2.8900 10.191 2.80172442253
2.9000 10.155 2.8114189707
2.9100 10.120 2.82111351888
2.9200 10.086 2.83080806705
2.9300 10.051 2.84050261523
2.9400 10.017 2.8501971634
2.9500 9.9826 2.85989171158
2.9600 9.9488 2.86958625975
2.9700 9.9152 2.87928080793
2.9800 9.8818 2.8889753561
2.9900 9.8487 2.89866990428
3.0000 9.8157 2.90836445245
3.0100 9.7830 2.91805900062
3.0200 9.7505 2.9277535488
3.0300 9.7183 2.93744809697
3.0400 9.6862 2.94714264515
3.0500 9.6543 2.95683719332
3.0600 9.6227 2.9665317415
3.0700 9.5912 2.97622628967
3.0800 9.5600 2.98592083785
3.0900 9.5289 2.99561538602
3.1000 9.4981 3.0053099342
3.1100 9.4675 3.01500448237
3.1200 9.4370 3.02469903055
3.1300 9.4068 3.03439357872
3.1400 9.3767 3.0440881269
3.1500 9.3469 3.05378267507
3.1600 9.3172 3.06347722325
3.1700 9.2877 3.07317177142
3.1800 9.2584 3.0828663196
3.1900 9.2293 3.09256086777
3.2000 9.2003 3.10225541595
3.2100 9.1716 3.11194996412
3.2200 9.1430 3.1216445123
3.2300 9.1146 3.13133906047
3.2400 9.0864 3.14103360865
3.2500 9.0583 3.15072815682
3.2600 9.0304 3.160422705
3.2700 9.0027 3.17011725317
3.2800 8.9752 3.17981180135
3.2900 8.9478 3.18950634952
3.3000 8.9206 3.19920089769
3.3100 8.8935 3.20889544587
3.3200 8.8667 3.21858999404
3.3300 8.8399 3.22828454222
3.3400 8.8134 3.23797909039
3.3500 8.7870 3.24767363857
3.3600 8.7607 3.25736818674
3.3700 8.7347 3.26706273492
3.3800 8.7087 3.27675728309
3.3900 8.6829 3.28645183127
3.4000 8.6573 3.29614637944
3.4100 8.6318 3.30584092762
3.4200 8.6065 3.31553547579
3.4300 8.5813 3.32523002397
3.4400 8.5563 3.33492457214
3.4500 8.5314 3.34461912032
3.4600 8.5066 3.35431366849
3.4700 8.4820 3.36400821667
3.4800 8.4576 3.37370276484
3.4900 8.4333 3.38339731302
3.5000 8.4091 3.39309186119
3.5100 8.3850 3.40278640937
3.5200 8.3611 3.41248095754
3.5300 8.3373 3.42217550572
3.5400 8.3137 3.43187005389
3.5500 8.2902 3.44156460207
3.5600 8.2668 3.45125915024
3.5700 8.2436 3.46095369842
3.5800 8.2205 3.47064824659
3.5900 8.1975 3.48034279477
3.6000 8.1746 3.49003734294
3.6100 8.1519 3.49973189111
3.6200 8.1293 3.50942643929
3.6300 8.1068 3.51912098746
3.6400 8.0845 3.52881553564
3.6500 8.0622 3.53851008381
3.6600 8.0401 3.54820463199
3.6700 8.0181 3.55789918016
3.6800 7.9962 3.56759372834
3.6900 7.9745 3.57728827651
3.7000 7.9529 3.58698282469
3.7100 7.9313 3.59667737286
3.7200 7.9099 3.60637192104
3.7300 7.8886 3.61606646921
3.7400 7.8675 3.62576101739
3.7500 7.8464 3.63545556556
3.7600 7.8254 3.64515011374
3.7700 7.8046 3.65484466191
3.7800 7.7839 3.66453921009
3.7900 7.7633 3.67423375826
3.8000 7.7428 3.68392830644
3.8100 7.7223 3.69362285461
3.8200 7.7021 3.70331740279
3.8300 7.6819 3.71301195096
3.8400 7.6618 3.72270649914
3.8500 7.6418 3.73240104731
3.8600 7.6219 3.74209559549
3.8700 7.6021 3.75179014366
3.8800 7.5825 3.76148469184
3.8900 7.5629 3.77117924001
3.9000 7.5434 3.78087378818
3.9100 7.5241 3.79056833636
3.9200 7.5048 3.80026288453
3.9300 7.4856 3.80995743271
3.9400 7.4665 3.81965198088
3.9500 7.4475 3.82934652906
3.9600 7.4287 3.83904107723
3.9700 7.4099 3.84873562541
3.9800 7.3912 3.85843017358
3.9900 7.3726 3.86812472176
4.0000 7.3541 3.87781926993
4.0100 7.3356 3.88751381811
4.0200 7.3173 3.89720836628
4.0300 7.2991 3.90690291446
4.0400 7.2809 3.91659746263
4.0500 7.2629 3.92629201081
4.0600 7.2449 3.93598655898
4.0700 7.2271 3.94568110716
4.0800 7.2093 3.95537565533
4.0900 7.1916 3.96507020351
4.1000 7.1739 3.97476475168
4.1100 7.1564 3.98445929986
4.1200 7.1390 3.99415384803
4.1300 7.1216 4.00384839621
4.1400 7.1043 4.01354294438
4.1500 7.0871 4.02323749256
4.1600 7.0700 4.03293204073
4.1700 7.0530 4.04262658891
4.1800 7.0361 4.05232113708
4.1900 7.0192 4.06201568526
4.2000 7.0024 4.07171023343
4.2100 6.9857 4.0814047816
4.2200 6.9691 4.09109932978
4.2300 6.9525 4.10079387795
4.2400 6.9360 4.11048842613
4.2500 6.9197 4.1201829743
4.2600 6.9033 4.12987752248
4.2700 6.8871 4.13957207065
4.2800 6.8709 4.14926661883
4.2900 6.8548 4.158961167
4.3000 6.8388 4.16865571518
4.3100 6.8229 4.17835026335
4.3200 6.8070 4.18804481153
4.3300 6.7912 4.1977393597
4.3400 6.7755 4.20743390788
4.3500 6.7599 4.21712845605
4.3600 6.7443 4.22682300423
4.3700 6.7288 4.2365175524
4.3800 6.7134 4.24621210058
4.3900 6.6980 4.25590664875
4.4000 6.6827 4.26560119693
4.4100 6.6675 4.2752957451
4.4200 6.6523 4.28499029328
4.4300 6.6372 4.29468484145
4.4400 6.6222 4.30437938963
4.4500 6.6073 4.3140739378
4.4600 6.5924 4.32376848598
4.4700 6.5776 4.33346303415
4.4800 6.5628 4.34315758233
4.4900 6.5481 4.3528521305
4.5000 6.5335 4.36254667867
4.5100 6.5190 4.37224122685
4.5200 6.5045 4.38193577502
4.5300 6.4900 4.3916303232
4.5400 6.4757 4.40132487137
4.5500 6.4614 4.41101941955
4.5600 6.4471 4.42071396772
4.5700 6.4330 4.4304085159
4.5800 6.4188 4.44010306407
4.5900 6.4048 4.44979761225
4.6000 6.3908 4.45949216042
4.6100 6.3769 4.4691867086
4.6200 6.3630 4.47888125677
4.6300 6.3492 4.48857580495
4.6400 6.3354 4.49827035312
4.6500 6.3218 4.5079649013
4.6600 6.3081 4.51765944947
4.6700 6.2945 4.52735399765
4.6800 6.2810 4.53704854582
4.6900 6.2676 4.546743094
4.7000 6.2542 4.55643764217
4.7100 6.2408 4.56613219035
4.7200 6.2275 4.57582673852
4.7300 6.2143 4.5855212867
4.7400 6.2011 4.59521583487
4.7500 6.1880 4.60491038305
4.7600 6.1750 4.61460493122
4.7700 6.1619 4.6242994794
4.7800 6.1490 4.63399402757
4.7900 6.1361 4.64368857575
4.8000 6.1232 4.65338312392
4.8100 6.1104 4.66307767209
4.8200 6.0977 4.67277222027
4.8300 6.0850 4.68246676844
4.8400 6.0724 4.69216131662
4.8500 6.0598 4.70185586479
4.8600 6.0473 4.71155041297
4.8700 6.0348 4.72124496114
4.8800 6.0223 4.73093950932
4.8900 6.0100 4.74063405749
4.9000 5.9976 4.75032860567
4.9100 5.9854 4.76002315384
4.9200 5.9731 4.76971770202
4.9300 5.9610 4.77941225019
4.9400 5.9488 4.78910679837
4.9500 5.9367 4.79880134654
4.9600 5.9247 4.80849589472
4.9700 5.9127 4.81819044289
4.9800 5.9008 4.82788499107
4.9900 5.8889 4.83757953924
5.0000 5.8771 4.84727408742
5.1000 5.7612 4.94421956916
5.1100 5.7499 4.95391411734
5.1200 5.7386 4.96360866551
5.1300 5.7274 4.97330321369
5.1400 5.7162 4.98299776186
5.1500 5.7050 4.99269231004
5.1600 5.6939 5.00238685821
5.1700 5.6828 5.01208140639
5.1800 5.6718 5.02177595456
5.1900 5.6608 5.03147050274
5.2000 5.6498 5.04116505091
5.2100 5.6389 5.05085959909
5.2200 5.6281 5.06055414726
5.2300 5.6173 5.07024869544
5.2400 5.6065 5.07994324361
5.2500 5.5957 5.08963779179
5.2600 5.5850 5.09933233996
5.2700 5.5744 5.10902688814
5.2800 5.5638 5.11872143631
5.2900 5.5532 5.12841598449
5.3000 5.5427 5.13811053266
5.3100 5.5322 5.14780508084
5.3200 5.5217 5.15749962901
5.3300 5.5113 5.16719417719
5.3400 5.5009 5.17688872536
5.3500 5.4906 5.18658327354
5.3600 5.4803 5.19627782171
5.3700 5.4700 5.20597236989
5.3800 5.4598 5.21566691806
5.3900 5.4496 5.22536146624
5.4000 5.4394 5.23505601441
5.4100 5.4293 5.24475056258
5.4200 5.4193 5.25444511076
5.4300 5.4092 5.26413965893
5.4400 5.3992 5.27383420711
5.4500 5.3893 5.28352875528
5.4600 5.3793 5.29322330346
5.4700 5.3694 5.30291785163
5.4800 5.3596 5.31261239981
5.4900 5.3498 5.32230694798
5.5000 5.3400 5.33200149616
5.5100 5.3302 5.34169604433
5.5200 5.3205 5.35139059251
5.5300 5.3109 5.36108514068
5.5400 5.3012 5.37077968886
5.5500 5.2916 5.38047423703
5.5600 5.2820 5.39016878521
5.5700 5.2725 5.39986333338
5.5800 5.2630 5.40955788156
5.5900 5.2535 5.41925242973
5.6000 5.2441 5.42894697791
5.6100 5.2347 5.43864152608
5.6200 5.2253 5.44833607426
5.6300 5.2160 5.45803062243
5.6400 5.2067 5.46772517061
5.6500 5.1974 5.47741971878
5.6600 5.1882 5.48711426696
5.6700 5.1790 5.49680881513
5.6800 5.1698 5.50650336331
5.6900 5.1606 5.51619791148
5.7000 5.1515 5.52589245965
5.7100 5.1425 5.53558700783
5.7200 5.1334 5.545281556
5.7300 5.1244 5.55497610418
5.7400 5.1154 5.56467065235
5.7500 5.1065 5.57436520053
5.7600 5.0976 5.5840597487
5.7700 5.0887 5.59375429688
5.7800 5.0798 5.60344884505
5.7900 5.0710 5.61314339323
5.8000 5.0622 5.6228379414
5.8100 5.0534 5.63253248958
5.8200 5.0447 5.64222703775
5.8300 5.0360 5.65192158593
5.8400 5.0273 5.6616161341
5.8500 5.0187 5.67131068228
5.8600 5.0100 5.68100523045
5.8700 5.0015 5.69069977863
5.8800 4.9929 5.7003943268
5.8900 4.9844 5.71008887498
5.9000 4.9759 5.71978342315
5.9100 4.9674 5.72947797133
5.9200 4.9590 5.7391725195
5.9300 4.9505 5.74886706768
5.9400 4.9422 5.75856161585
5.9500 4.9338 5.76825616403
5.9600 4.9255 5.7779507122
5.9700 4.9172 5.78764526038
5.9800 4.9089 5.79733980855
5.9900 4.9006 5.80703435673
6.0000 4.8924 5.8167289049
6.0100 4.8842 5.82642345307
6.0200 4.8761 5.83611800125
6.0300 4.8679 5.84581254942
6.0400 4.8598 5.8555070976
6.0500 4.8517 5.86520164577
6.0600 4.8437 5.87489619395
6.0700 4.8356 5.88459074212
6.0800 4.8276 5.8942852903
6.0900 4.8197 5.90397983847
6.1000 4.8117 5.91367438665
6.1100 4.8038 5.92336893482
6.1200 4.7959 5.933063483
6.1300 4.7880 5.94275803117
6.1400 4.7802 5.95245257935
6.1500 4.7723 5.96214712752
6.1600 4.7645 5.9718416757
6.1700 4.7568 5.98153622387
6.1800 4.7490 5.99123077205
6.1900 4.7413 6.00092532022
6.2000 4.7336 6.0106198684
6.2100 4.7259 6.02031441657
6.2200 4.7183 6.03000896475
6.2300 4.7107 6.03970351292
6.2400 4.7031 6.0493980611
6.2500 4.6955 6.05909260927
6.2600 4.6879 6.06878715745
6.2700 4.6804 6.07848170562
6.2800 4.6729 6.0881762538
6.2900 4.6654 6.09787080197
6.3000 4.6580 6.10756535014
6.3100 4.6506 6.11725989832
6.3200 4.6431 6.12695444649
6.3300 4.6358 6.13664899467
6.3400 4.6284 6.14634354284
6.3500 4.6211 6.15603809102
6.3600 4.6138 6.16573263919
6.3700 4.6065 6.17542718737
6.3800 4.5992 6.18512173554
6.3900 4.5919 6.19481628372
6.4000 4.5847 6.20451083189
6.4100 4.5775 6.21420538007
6.4200 4.5703 6.22389992824
6.4300 4.5632 6.23359447642
6.4400 4.5561 6.24328902459
6.4500 4.5489 6.25298357277
6.4600 4.5419 6.26267812094
6.4700 4.5348 6.27237266912
6.4800 4.5277 6.28206721729
6.4900 4.5207 6.29176176547
6.5000 4.5137 6.30145631364
6.5100 4.5067 6.31115086182
6.5200 4.4998 6.32084540999
6.5300 4.4928 6.33053995817
6.5400 4.4859 6.34023450634
6.5500 4.4790 6.34992905452
6.5600 4.4722 6.35962360269
6.5700 4.4653 6.36931815087
6.5800 4.4585 6.37901269904
6.5900 4.4517 6.38870724722
6.6000 4.4449 6.39840179539
6.6100 4.4381 6.40809634356
6.6200 4.4313 6.41779089174
6.6300 4.4246 6.42748543991
6.6400 4.4179 6.43717998809
6.6500 4.4112 6.44687453626
6.6600 4.4045 6.45656908444
6.6700 4.3979 6.46626363261
6.6800 4.3913 6.47595818079
6.6900 4.3847 6.48565272896
6.7000 4.3781 6.49534727714
6.7100 4.3715 6.50504182531
6.7200 4.3649 6.51473637349
6.7300 4.3584 6.52443092166
6.7400 4.3519 6.53412546984
6.7500 4.3454 6.54382001801
6.7600 4.3389 6.55351456619
6.7700 4.3325 6.56320911436
6.7800 4.3260 6.57290366254
6.7900 4.3196 6.58259821071
6.8000 4.3132 6.59229275889
6.8100 4.3068 6.60198730706
6.8200 4.3005 6.61168185524
6.8300 4.2941 6.62137640341
6.8400 4.2878 6.63107095159
6.8500 4.2815 6.64076549976
6.8600 4.2752 6.65046004794
6.8700 4.2690 6.66015459611
6.8800 4.2627 6.66984914429
6.8900 4.2565 6.67954369246
6.9000 4.2503 6.68923824063
6.9100 4.2441 6.69893278881
6.9200 4.2379 6.70862733698
6.9300 4.2317 6.71832188516
6.9400 4.2256 6.72801643333
6.9500 4.2195 6.73771098151
6.9600 4.2134 6.74740552968
6.9700 4.2073 6.75710007786
6.9800 4.2012 6.76679462603
6.9900 4.1951 6.77648917421
7.0000 4.1891 6.78618372238
7.0100 4.1831 6.79587827056
7.0200 4.1771 6.80557281873
7.0300 4.1711 6.81526736691
7.0400 4.1651 6.82496191508
7.0500 4.1592 6.83465646326
7.0600 4.1533 6.84435101143
7.0700 4.1473 6.85404555961
7.0800 4.1414 6.86374010778
7.0900 4.1355 6.87343465596
7.1000 4.1297 6.88312920413
7.1100 4.1238 6.89282375231
7.1200 4.1180 6.90251830048
7.1300 4.1122 6.91221284866
7.1400 4.1064 6.92190739683
7.1500 4.1006 6.93160194501
7.1600 4.0948 6.94129649318
7.1700 4.0891 6.95099104136
7.1800 4.0833 6.96068558953
7.1900 4.0776 6.97038013771
7.2000 4.0719 6.98007468588
7.2100 4.0662 6.98976923405
7.2200 4.0605 6.99946378223
7.2300 4.0549 7.0091583304
7.2400 4.0492 7.01885287858
7.2500 4.0436 7.02854742675
7.2600 4.0380 7.03824197493
7.2700 4.0324 7.0479365231
7.2800 4.0268 7.05763107128
7.2900 4.0212 7.06732561945
7.3000 4.0157 7.07702016763
7.3100 4.0102 7.0867147158
7.3200 4.0046 7.09640926398
7.3300 3.9991 7.10610381215
7.3400 3.9936 7.11579836033
7.3500 3.9882 7.1254929085
7.3600 3.9827 7.13518745668
7.3700 3.9773 7.14488200485
7.3800 3.9718 7.15457655303
7.3900 3.9664 7.1642711012
7.4000 3.9610 7.17396564938
7.4100 3.9556 7.18366019755
7.4200 3.9503 7.19335474573
7.4300 3.9449 7.2030492939
7.4400 3.9396 7.21274384208
7.4500 3.9342 7.22243839025
7.4600 3.9289 7.23213293843
7.4700 3.9236 7.2418274866
7.4800 3.9183 7.25152203478
7.4900 3.9131 7.26121658295
7.5000 3.9078 7.27091113112
7.5100 3.9025 7.2806056793
7.5200 3.8973 7.29030022747
7.5300 3.8921 7.29999477565
7.5400 3.8869 7.30968932382
7.5500 3.8817 7.319383872
7.5600 3.8765 7.32907842017
7.5700 3.8714 7.33877296835
7.5800 3.8662 7.34846751652
7.5900 3.8611 7.3581620647
7.6000 3.8560 7.36785661287
7.6100 3.8509 7.37755116105
7.6200 3.8458 7.38724570922
7.6300 3.8407 7.3969402574
7.6400 3.8356 7.40663480557
7.6500 3.8306 7.41632935375
7.6600 3.8255 7.42602390192
7.6700 3.8205 7.4357184501
7.6800 3.8155 7.44541299827
7.6900 3.8105 7.45510754645
7.7000 3.8055 7.46480209462
7.7100 3.8005 7.4744966428
7.7200 3.7956 7.48419119097
7.7300 3.7906 7.49388573915
7.7400 3.7857 7.50358028732
7.7500 3.7807 7.5132748355
7.7600 3.7758 7.52296938367
7.7700 3.7709 7.53266393185
7.7800 3.7660 7.54235848002
7.7900 3.7612 7.5520530282
7.8000 3.7563 7.56174757637
7.8100 3.7515 7.57144212454
7.8200 3.7466 7.58113667272
7.8300 3.7418 7.59083122089
7.8400 3.7370 7.60052576907
7.8500 3.7322 7.61022031724
7.8600 3.7274 7.61991486542
7.8700 3.7226 7.62960941359
7.8800 3.7179 7.63930396177
7.8900 3.7131 7.64899850994
7.9000 3.7084 7.65869305812
7.9100 3.7037 7.66838760629
7.9200 3.6989 7.67808215447
7.9300 3.6942 7.68777670264
7.9400 3.6895 7.69747125082
7.9500 3.6849 7.70716579899
7.9600 3.6802 7.71686034717
7.9700 3.6755 7.72655489534
7.9800 3.6709 7.73624944352
7.9900 3.6663 7.74594399169
8.0000 3.6616 7.75563853987
8.0100 3.6570 7.76533308804
8.0200 3.6524 7.77502763622
8.0300 3.6478 7.78472218439
8.0400 3.6433 7.79441673257
8.0500 3.6387 7.80411128074
8.0600 3.6342 7.81380582892
8.0700 3.6296 7.82350037709
8.0800 3.6251 7.83319492527
8.0900 3.6206 7.84288947344
8.1000 3.6161 7.85258402161
8.1100 3.6116 7.86227856979
8.1200 3.6071 7.87197311796
8.1300 3.6026 7.88166766614
8.1400 3.5981 7.89136221431
8.1500 3.5937 7.90105676249
8.1600 3.5892 7.91075131066
8.1700 3.5848 7.92044585884
8.1800 3.5804 7.93014040701
8.1900 3.5760 7.93983495519
8.2000 3.5716 7.94952950336
8.2100 3.5672 7.95922405154
8.2200 3.5628 7.96891859971
8.2300 3.5585 7.97861314789
8.2400 3.5541 7.98830769606
8.2500 3.5498 7.99800224424
8.2600 3.5454 8.00769679241
8.2700 3.5411 8.01739134059
8.2800 3.5368 8.02708588876
8.2900 3.5325 8.03678043694
8.3000 3.5282 8.04647498511
8.3100 3.5239 8.05616953329
8.3200 3.5196 8.06586408146
8.3300 3.5154 8.07555862964
8.3400 3.5111 8.08525317781
8.3500 3.5069 8.09494772599
8.3600 3.5026 8.10464227416
8.3700 3.4984 8.11433682234
8.3800 3.4942 8.12403137051
8.3900 3.4900 8.13372591869
8.4000 3.4858 8.14342046686
8.4100 3.4816 8.15311501503
8.4200 3.4775 8.16280956321
8.4300 3.4733 8.17250411138
8.4400 3.4692 8.18219865956
8.4500 3.4650 8.19189320773
8.4600 3.4609 8.20158775591
8.4700 3.4568 8.21128230408
8.4800 3.4526 8.22097685226
8.4900 3.4485 8.23067140043
8.5000 3.4445 8.24036594861
8.5100 3.4404 8.25006049678
8.5200 3.4363 8.25975504496
8.5300 3.4322 8.26944959313
8.5400 3.4282 8.27914414131
8.5500 3.4241 8.28883868948
8.5600 3.4201 8.29853323766
8.5700 3.4161 8.30822778583
8.5800 3.4120 8.31792233401
8.5900 3.4080 8.32761688218
8.6000 3.4040 8.33731143036
8.6100 3.4001 8.34700597853
8.6200 3.3961 8.35670052671
8.6300 3.3921 8.36639507488
8.6400 3.3881 8.37608962306
8.6500 3.3842 8.38578417123
8.6600 3.3802 8.39547871941
8.6700 3.3763 8.40517326758
8.6800 3.3724 8.41486781576
8.6900 3.3685 8.42456236393
8.7000 3.3646 8.4342569121
8.7100 3.3607 8.44395146028
8.7200 3.3568 8.45364600845
8.7300 3.3529 8.46334055663
8.7400 3.3490 8.4730351048
8.7500 3.3452 8.48272965298
8.7600 3.3413 8.49242420115
8.7700 3.3375 8.50211874933
8.7800 3.3336 8.5118132975
8.7900 3.3298 8.52150784568
8.8000 3.3260 8.53120239385
8.8100 3.3222 8.54089694203
8.8200 3.3184 8.5505914902
8.8300 3.3146 8.56028603838
8.8400 3.3108 8.56998058655
8.8500 3.3070 8.57967513473
8.8600 3.3033 8.5893696829
8.8700 3.2995 8.59906423108
8.8800 3.2957 8.60875877925
8.8900 3.2920 8.61845332743
8.9000 3.2883 8.6281478756
8.9100 3.2845 8.63784242378
8.9200 3.2808 8.64753697195
8.9300 3.2771 8.65723152013
8.9400 3.2734 8.6669260683
8.9500 3.2697 8.67662061648
8.9600 3.2660 8.68631516465
8.9700 3.2624 8.69600971283
8.9800 3.2587 8.705704261
8.9900 3.2550 8.71539880918
9.0000 3.2514 8.72509335735
9.0100 3.2478 8.73478790552
9.0200 3.2441 8.7444824537
9.0300 3.2405 8.75417700187
9.0400 3.2369 8.76387155005
9.0500 3.2333 8.77356609822
9.0600 3.2297 8.7832606464
9.0700 3.2261 8.79295519457
9.0800 3.2225 8.80264974275
9.0900 3.2189 8.81234429092
9.1000 3.2153 8.8220388391
9.1100 3.2118 8.83173338727
9.1200 3.2082 8.84142793545
9.1300 3.2047 8.85112248362
9.1400 3.2011 8.8608170318
9.1500 3.1976 8.87051157997
9.1600 3.1941 8.88020612815
9.1700 3.1906 8.88990067632
9.1800 3.1870 8.8995952245
9.1900 3.1835 8.90928977267
9.2000 3.1800 8.91898432085
9.2100 3.1766 8.92867886902
9.2200 3.1731 8.9383734172
9.2300 3.1696 8.94806796537
9.2400 3.1662 8.95776251355
9.2500 3.1627 8.96745706172
9.2600 3.1592 8.9771516099
9.2700 3.1558 8.98684615807
9.2800 3.1524 8.99654070625
9.2900 3.1489 9.00623525442
9.3000 3.1455 9.01592980259
9.3100 3.1421 9.02562435077
9.3200 3.1387 9.03531889894
9.3300 3.1353 9.04501344712
9.3400 3.1319 9.05470799529
9.3500 3.1285 9.06440254347
9.3600 3.1252 9.07409709164
9.3700 3.1218 9.08379163982
9.3800 3.1184 9.09348618799
9.3900 3.1151 9.10318073617
9.4000 3.1117 9.11287528434
9.4100 3.1084 9.12256983252
9.4200 3.1051 9.13226438069
9.4300 3.1017 9.14195892887
9.4400 3.0984 9.15165347704
9.4500 3.0951 9.16134802522
9.4600 3.0918 9.17104257339
9.4700 3.0885 9.18073712157
9.4800 3.0852 9.19043166974
9.4900 3.0819 9.20012621792
9.5000 3.0787 9.20982076609
9.5100 3.0754 9.21951531427
9.5200 3.0721 9.22920986244
9.5300 3.0689 9.23890441062
9.5400 3.0656 9.24859895879
9.5500 3.0624 9.25829350697
9.5600 3.0591 9.26798805514
9.5700 3.0559 9.27768260332
9.5800 3.0527 9.28737715149
9.5900 3.0495 9.29707169967
9.6000 3.0463 9.30676624784
9.6100 3.0431 9.31646079601
9.6200 3.0399 9.32615534419
9.6300 3.0367 9.33584989236
9.6400 3.0335 9.34554444054
9.6500 3.0303 9.35523898871
9.6600 3.0272 9.36493353689
9.6700 3.0240 9.37462808506
9.6800 3.0208 9.38432263324
9.6900 3.0177 9.39401718141
9.7000 3.0146 9.40371172959
9.7100 3.0114 9.41340627776
9.7200 3.0083 9.42310082594
9.7300 3.0052 9.43279537411
9.7400 3.0021 9.44248992229
9.7500 2.9989 9.45218447046
9.7600 2.9958 9.46187901864
9.7700 2.9927 9.47157356681
9.7800 2.9896 9.48126811499
9.7900 2.9866 9.49096266316
9.8000 2.9835 9.50065721134
9.8100 2.9804 9.51035175951
9.8200 2.9773 9.52004630769
9.8300 2.9743 9.52974085586
9.8400 2.9712 9.53943540404
9.8500 2.9682 9.54912995221
9.8600 2.9651 9.55882450039
9.8700 2.9621 9.56851904856
9.8800 2.9591 9.57821359674
9.8900 2.9561 9.58790814491
9.9000 2.9530 9.59760269308
9.9100 2.9500 9.60729724126
9.9200 2.9470 9.61699178943
9.9300 2.9440 9.62668633761
9.9400 2.9410 9.63638088578
9.9500 2.9380 9.64607543396
9.9600 2.9351 9.65576998213
9.9700 2.9321 9.66546453031
9.9800 2.9291 9.67515907848
9.9900 2.9262 9.68485362666
10.000 2.9232 9.69454817483
10.100 2.8940 9.79149365658
10.110 2.8911 9.80118820476
10.120 2.8882 9.81088275293
10.130 2.8853 9.82057730111
10.140 2.8824 9.83027184928
10.150 2.8796 9.83996639746
10.160 2.8767 9.84966094563
10.170 2.8738 9.85935549381
10.180 2.8710 9.86905004198
10.190 2.8681 9.87874459016
10.200 2.8653 9.88843913833
10.210 2.8625 9.8981336865
10.220 2.8596 9.90782823468
10.230 2.8568 9.91752278285
10.240 2.8540 9.92721733103
10.250 2.8512 9.9369118792
10.260 2.8484 9.94660642738
10.270 2.8456 9.95630097555
10.280 2.8428 9.96599552373
10.290 2.8400 9.9756900719
10.300 2.8372 9.98538462008
10.310 2.8344 9.99507916825
10.320 2.8316 10.0047737164
10.330 2.8288 10.0144682646
10.340 2.8261 10.0241628128
10.350 2.8233 10.033857361
10.360 2.8206 10.0435519091
10.370 2.8178 10.0532464573
10.380 2.8151 10.0629410055
10.390 2.8123 10.0726355537
10.400 2.8096 10.0823301018
10.410 2.8069 10.09202465
10.420 2.8042 10.1017191982
10.430 2.8014 10.1114137464
10.440 2.7987 10.1211082945
10.450 2.7960 10.1308028427
10.460 2.7933 10.1404973909
10.470 2.7906 10.1501919391
10.480 2.7879 10.1598864872
10.490 2.7852 10.1695810354
10.500 2.7826 10.1792755836
10.510 2.7799 10.1889701317
10.520 2.7772 10.1986646799
10.530 2.7745 10.2083592281
10.540 2.7719 10.2180537763
10.550 2.7692 10.2277483244
10.560 2.7666 10.2374428726
10.570 2.7639 10.2471374208
10.580 2.7613 10.256831969
10.590 2.7587 10.2665265171
10.600 2.7560 10.2762210653
10.610 2.7534 10.2859156135
10.620 2.7508 10.2956101617
10.630 2.7482 10.3053047098
10.640 2.7455 10.314999258
10.650 2.7429 10.3246938062
10.660 2.7403 10.3343883544
10.670 2.7377 10.3440829025
10.680 2.7351 10.3537774507
10.690 2.7326 10.3634719989
10.700 2.7300 10.3731665471
10.710 2.7274 10.3828610952
10.720 2.7248 10.3925556434
10.730 2.7223 10.4022501916
10.740 2.7197 10.4119447398
10.750 2.7171 10.4216392879
10.760 2.7146 10.4313338361
10.770 2.7120 10.4410283843
10.780 2.7095 10.4507229325
10.790 2.7070 10.4604174806
10.800 2.7044 10.4701120288
10.810 2.7019 10.479806577
10.820 2.6994 10.4895011252
10.830 2.6968 10.4991956733
10.840 2.6943 10.5088902215
10.850 2.6918 10.5185847697
10.860 2.6893 10.5282793179
10.870 2.6868 10.537973866
10.880 2.6843 10.5476684142
10.890 2.6818 10.5573629624
10.900 2.6793 10.5670575106
10.910 2.6768 10.5767520587
10.920 2.6744 10.5864466069
10.930 2.6719 10.5961411551
10.940 2.6694 10.6058357033
10.950 2.6670 10.6155302514
10.960 2.6645 10.6252247996
10.970 2.6620 10.6349193478
10.980 2.6596 10.644613896
10.990 2.6571 10.6543084441
11.000 2.6547 10.6640029923
11.010 2.6523 10.6736975405
11.020 2.6498 10.6833920887
11.030 2.6474 10.6930866368
11.040 2.6450 10.702781185
11.050 2.6425 10.7124757332
11.060 2.6401 10.7221702814
11.070 2.6377 10.7318648295
11.080 2.6353 10.7415593777
11.090 2.6329 10.7512539259
11.100 2.6305 10.7609484741
11.110 2.6281 10.7706430222
11.120 2.6257 10.7803375704
11.130 2.6233 10.7900321186
11.140 2.6210 10.7997266668
11.150 2.6186 10.8094212149
11.160 2.6162 10.8191157631
11.170 2.6138 10.8288103113
11.180 2.6115 10.8385048595
11.190 2.6091 10.8481994076
11.200 2.6067 10.8578939558
11.210 2.6044 10.867588504
11.220 2.6020 10.8772830522
11.230 2.5997 10.8869776003
11.240 2.5974 10.8966721485
11.250 2.5950 10.9063666967
11.260 2.5927 10.9160612449
11.270 2.5904 10.925755793
11.280 2.5880 10.9354503412
11.290 2.5857 10.9451448894
11.300 2.5834 10.9548394376
11.310 2.5811 10.9645339857
11.320 2.5788 10.9742285339
11.330 2.5765 10.9839230821
11.340 2.5742 10.9936176303
11.350 2.5719 11.0033121784
11.360 2.5696 11.0130067266
11.370 2.5673 11.0227012748
11.380 2.5650 11.032395823
11.390 2.5628 11.0420903711
11.400 2.5605 11.0517849193
11.410 2.5582 11.0614794675
11.420 2.5559 11.0711740157
11.430 2.5537 11.0808685638
11.440 2.5514 11.090563112
11.450 2.5492 11.1002576602
11.460 2.5469 11.1099522084
11.470 2.5447 11.1196467565
11.480 2.5424 11.1293413047
11.490 2.5402 11.1390358529
11.500 2.5380 11.1487304011
11.510 2.5357 11.1584249492
11.520 2.5335 11.1681194974
11.530 2.5313 11.1778140456
11.540 2.5291 11.1875085938
11.550 2.5268 11.1972031419
11.560 2.5246 11.2068976901
11.570 2.5224 11.2165922383
11.580 2.5202 11.2262867865
11.590 2.5180 11.2359813346
11.600 2.5158 11.2456758828
11.610 2.5136 11.255370431
11.620 2.5114 11.2650649792
11.630 2.5092 11.2747595273
11.640 2.5071 11.2844540755
11.650 2.5049 11.2941486237
11.660 2.5027 11.3038431719
11.670 2.5005 11.31353772
11.680 2.4984 11.3232322682
11.690 2.4962 11.3329268164
11.700 2.4941 11.3426213646
11.710 2.4919 11.3523159127
11.720 2.4897 11.3620104609
11.730 2.4876 11.3717050091
11.740 2.4855 11.3813995573
11.750 2.4833 11.3910941054
11.760 2.4812 11.4007886536
11.770 2.4790 11.4104832018
11.780 2.4769 11.42017775
11.790 2.4748 11.4298722981
11.800 2.4727 11.4395668463
11.810 2.4705 11.4492613945
11.820 2.4684 11.4589559427
11.830 2.4663 11.4686504908
11.840 2.4642 11.478345039
11.850 2.4621 11.4880395872
11.860 2.4600 11.4977341354
11.870 2.4579 11.5074286835
11.880 2.4558 11.5171232317
11.890 2.4537 11.5268177799
11.900 2.4516 11.5365123281
11.910 2.4495 11.5462068762
11.920 2.4475 11.5559014244
11.930 2.4454 11.5655959726
11.940 2.4433 11.5752905208
11.950 2.4412 11.5849850689
11.960 2.4392 11.5946796171
11.970 2.4371 11.6043741653
11.980 2.4351 11.6140687135
11.990 2.4330 11.6237632616
12.000 2.4309 11.6334578098
12.010 2.4289 11.643152358
12.020 2.4268 11.6528469061
12.030 2.4248 11.6625414543
12.040 2.4228 11.6722360025
12.050 2.4207 11.6819305507
12.060 2.4187 11.6916250988
12.070 2.4167 11.701319647
12.080 2.4146 11.7110141952
12.090 2.4126 11.7207087434
12.100 2.4106 11.7304032915
12.110 2.4086 11.7400978397
12.120 2.4066 11.7497923879
12.130 2.4046 11.7594869361
12.140 2.4026 11.7691814842
12.150 2.4006 11.7788760324
12.160 2.3986 11.7885705806
12.170 2.3966 11.7982651288
12.180 2.3946 11.8079596769
12.190 2.3926 11.8176542251
12.200 2.3906 11.8273487733
12.210 2.3886 11.8370433215
12.220 2.3866 11.8467378696
12.230 2.3847 11.8564324178
12.240 2.3827 11.866126966
12.250 2.3807 11.8758215142
12.260 2.3787 11.8855160623
12.270 2.3768 11.8952106105
12.280 2.3748 11.9049051587
12.290 2.3729 11.9145997069
12.300 2.3709 11.924294255
12.310 2.3690 11.9339888032
12.320 2.3670 11.9436833514
12.330 2.3651 11.9533778996
12.340 2.3631 11.9630724477
12.350 2.3612 11.9727669959
12.360 2.3593 11.9824615441
12.370 2.3573 11.9921560923
12.380 2.3554 12.0018506404
12.390 2.3535 12.0115451886
12.400 2.3515 12.0212397368
12.410 2.3496 12.030934285
12.420 2.3477 12.0406288331
12.430 2.3458 12.0503233813
12.440 2.3439 12.0600179295
12.450 2.3420 12.0697124777
12.460 2.3401 12.0794070258
12.470 2.3382 12.089101574
12.480 2.3363 12.0987961222
12.490 2.3344 12.1084906704
12.500 2.3325 12.1181852185
12.510 2.3306 12.1278797667
12.520 2.3287 12.1375743149
12.530 2.3268 12.1472688631
12.540 2.3250 12.1569634112
12.550 2.3231 12.1666579594
12.560 2.3212 12.1763525076
12.570 2.3193 12.1860470558
12.580 2.3175 12.1957416039
12.590 2.3156 12.2054361521
12.600 2.3137 12.2151307003
12.610 2.3119 12.2248252485
12.620 2.3100 12.2345197966
12.630 2.3082 12.2442143448
12.640 2.3063 12.253908893
12.650 2.3045 12.2636034412
12.660 2.3026 12.2732979893
12.670 2.3008 12.2829925375
12.680 2.2990 12.2926870857
12.690 2.2971 12.3023816339
12.700 2.2953 12.312076182
12.710 2.2935 12.3217707302
12.720 2.2916 12.3314652784
12.730 2.2898 12.3411598266
12.740 2.2880 12.3508543747
12.750 2.2862 12.3605489229
12.760 2.2844 12.3702434711
12.770 2.2825 12.3799380193
12.780 2.2807 12.3896325674
12.790 2.2789 12.3993271156
12.800 2.2771 12.4090216638
12.810 2.2753 12.418716212
12.820 2.2735 12.4284107601
12.830 2.2717 12.4381053083
12.840 2.2699 12.4477998565
12.850 2.2681 12.4574944047
12.860 2.2664 12.4671889528
12.870 2.2646 12.476883501
12.880 2.2628 12.4865780492
12.890 2.2610 12.4962725974
12.900 2.2592 12.5059671455
12.910 2.2575 12.5156616937
12.920 2.2557 12.5253562419
12.930 2.2539 12.5350507901
12.940 2.2522 12.5447453382
12.950 2.2504 12.5544398864
12.960 2.2486 12.5641344346
12.970 2.2469 12.5738289828
12.980 2.2451 12.5835235309
12.990 2.2434 12.5932180791
13.000 2.2416 12.6029126273
13.010 2.2399 12.6126071755
13.020 2.2381 12.6223017236
13.030 2.2364 12.6319962718
13.040 2.2347 12.64169082
13.050 2.2329 12.6513853682
13.060 2.2312 12.6610799163
13.070 2.2295 12.6707744645
13.080 2.2277 12.6804690127
13.090 2.2260 12.6901635609
13.100 2.2243 12.699858109
13.110 2.2226 12.7095526572
13.120 2.2208 12.7192472054
13.130 2.2191 12.7289417536
13.140 2.2174 12.7386363017
13.150 2.2157 12.7483308499
13.160 2.2140 12.7580253981
13.170 2.2123 12.7677199463
13.180 2.2106 12.7774144944
13.190 2.2089 12.7871090426
13.200 2.2072 12.7968035908
13.210 2.2055 12.806498139
13.220 2.2038 12.8161926871
13.230 2.2021 12.8258872353
13.240 2.2004 12.8355817835
13.250 2.1988 12.8452763317
13.260 2.1971 12.8549708798
13.270 2.1954 12.864665428
13.280 2.1937 12.8743599762
13.290 2.1920 12.8840545244
13.300 2.1904 12.8937490725
13.310 2.1887 12.9034436207
13.320 2.1870 12.9131381689
13.330 2.1854 12.9228327171
13.340 2.1837 12.9325272652
13.350 2.1821 12.9422218134
13.360 2.1804 12.9519163616
13.370 2.1788 12.9616109098
13.380 2.1771 12.9713054579
13.390 2.1755 12.9810000061
13.400 2.1738 12.9906945543
13.410 2.1722 13.0003891025
13.420 2.1705 13.0100836506
13.430 2.1689 13.0197781988
13.440 2.1672 13.029472747
13.450 2.1656 13.0391672952
13.460 2.1640 13.0488618433
13.470 2.1624 13.0585563915
13.480 2.1607 13.0682509397
13.490 2.1591 13.0779454879
13.500 2.1575 13.087640036
13.510 2.1559 13.0973345842
13.520 2.1542 13.1070291324
13.530 2.1526 13.1167236805
13.540 2.1510 13.1264182287
13.550 2.1494 13.1361127769
13.560 2.1478 13.1458073251
13.570 2.1462 13.1555018732
13.580 2.1446 13.1651964214
13.590 2.1430 13.1748909696
13.600 2.1414 13.1845855178
13.610 2.1398 13.1942800659
13.620 2.1382 13.2039746141
13.630 2.1366 13.2136691623
13.640 2.1350 13.2233637105
13.650 2.1334 13.2330582586
13.660 2.1319 13.2427528068
13.670 2.1303 13.252447355
13.680 2.1287 13.2621419032
13.690 2.1271 13.2718364513
13.700 2.1255 13.2815309995
13.710 2.1240 13.2912255477
13.720 2.1224 13.3009200959
13.730 2.1208 13.310614644
13.740 2.1193 13.3203091922
13.750 2.1177 13.3300037404
13.760 2.1161 13.3396982886
13.770 2.1146 13.3493928367
13.780 2.1130 13.3590873849
13.790 2.1115 13.3687819331
13.800 2.1099 13.3784764813
13.810 2.1084 13.3881710294
13.820 2.1068 13.3978655776
13.830 2.1053 13.4075601258
13.840 2.1037 13.417254674
13.850 2.1022 13.4269492221
13.860 2.1007 13.4366437703
13.870 2.0991 13.4463383185
13.880 2.0976 13.4560328667
13.890 2.0961 13.4657274148
13.900 2.0945 13.475421963
13.910 2.0930 13.4851165112
13.920 2.0915 13.4948110594
13.930 2.0900 13.5045056075
13.940 2.0884 13.5142001557
13.950 2.0869 13.5238947039
13.960 2.0854 13.5335892521
13.970 2.0839 13.5432838002
13.980 2.0824 13.5529783484
13.990 2.0809 13.5626728966
14.000 2.0794 13.5723674448
14.010 2.0778 13.5820619929
14.020 2.0763 13.5917565411
14.030 2.0748 13.6014510893
14.040 2.0733 13.6111456375
14.050 2.0718 13.6208401856
14.060 2.0703 13.6305347338
14.070 2.0689 13.640229282
14.080 2.0674 13.6499238302
14.090 2.0659 13.6596183783
14.100 2.0644 13.6693129265
14.110 2.0629 13.6790074747
14.120 2.0614 13.6887020229
14.130 2.0599 13.698396571
14.140 2.0585 13.7080911192
14.150 2.0570 13.7177856674
14.160 2.0555 13.7274802156
14.170 2.0540 13.7371747637
14.180 2.0526 13.7468693119
14.190 2.0511 13.7565638601
14.200 2.0496 13.7662584083
14.210 2.0482 13.7759529564
14.220 2.0467 13.7856475046
14.230 2.0453 13.7953420528
14.240 2.0438 13.805036601
14.250 2.0423 13.8147311491
14.260 2.0409 13.8244256973
14.270 2.0394 13.8341202455
14.280 2.0380 13.8438147937
14.290 2.0365 13.8535093418
14.300 2.0351 13.86320389
14.310 2.0337 13.8728984382
14.320 2.0322 13.8825929864
14.330 2.0308 13.8922875345
14.340 2.0293 13.9019820827
14.350 2.0279 13.9116766309
14.360 2.0265 13.9213711791
14.370 2.0250 13.9310657272
14.380 2.0236 13.9407602754
14.390 2.0222 13.9504548236
14.400 2.0208 13.9601493718
14.410 2.0193 13.9698439199
14.420 2.0179 13.9795384681
14.430 2.0165 13.9892330163
14.440 2.0151 13.9989275645
14.450 2.0137 14.0086221126
14.460 2.0122 14.0183166608
14.470 2.0108 14.028011209
14.480 2.0094 14.0377057572
14.490 2.0080 14.0474003053
14.500 2.0066 14.0570948535
14.510 2.0052 14.0667894017
14.520 2.0038 14.0764839499
14.530 2.0024 14.086178498
14.540 2.0010 14.0958730462
14.550 1.9996 14.1055675944
14.560 1.9982 14.1152621426
14.570 1.9968 14.1249566907
14.580 1.9954 14.1346512389
14.590 1.9940 14.1443457871
14.600 1.9927 14.1540403353
14.610 1.9913 14.1637348834
14.620 1.9899 14.1734294316
14.630 1.9885 14.1831239798
14.640 1.9871 14.192818528
14.650 1.9858 14.2025130761
14.660 1.9844 14.2122076243
14.670 1.9830 14.2219021725
14.680 1.9816 14.2315967207
14.690 1.9803 14.2412912688
14.700 1.9789 14.250985817
14.710 1.9775 14.2606803652
14.720 1.9762 14.2703749134
14.730 1.9748 14.2800694615
14.740 1.9734 14.2897640097
14.750 1.9721 14.2994585579
14.760 1.9707 14.3091531061
14.770 1.9694 14.3188476542
14.780 1.9680 14.3285422024
14.790 1.9667 14.3382367506
14.800 1.9653 14.3479312988
14.810 1.9640 14.3576258469
14.820 1.9626 14.3673203951
14.830 1.9613 14.3770149433
14.840 1.9599 14.3867094915
14.850 1.9586 14.3964040396
14.860 1.9573 14.4060985878
14.870 1.9559 14.415793136
14.880 1.9546 14.4254876842
14.890 1.9533 14.4351822323
14.900 1.9519 14.4448767805
14.910 1.9506 14.4545713287
14.920 1.9493 14.4642658769
14.930 1.9480 14.473960425
14.940 1.9466 14.4836549732
14.950 1.9453 14.4933495214
14.960 1.9440 14.5030440696
14.970 1.9427 14.5127386177
14.980 1.9414 14.5224331659
14.990 1.9400 14.5321277141
15.000 1.9387 14.5418222622
15.100 1.9257 14.638767744
15.110 1.9244 14.6484622922
15.120 1.9231 14.6581568403
15.130 1.9218 14.6678513885
15.140 1.9205 14.6775459367
15.150 1.9192 14.6872404849
15.160 1.9179 14.696935033
15.170 1.9167 14.7066295812
15.180 1.9154 14.7163241294
15.190 1.9141 14.7260186776
15.200 1.9128 14.7357132257
15.210 1.9115 14.7454077739
15.220 1.9103 14.7551023221
15.230 1.9090 14.7647968703
15.240 1.9077 14.7744914184
15.250 1.9064 14.7841859666
15.260 1.9052 14.7938805148
15.270 1.9039 14.803575063
15.280 1.9026 14.8132696111
15.290 1.9014 14.8229641593
15.300 1.9001 14.8326587075
15.310 1.8989 14.8423532557
15.320 1.8976 14.8520478038
15.330 1.8963 14.861742352
15.340 1.8951 14.8714369002
15.350 1.8938 14.8811314484
15.360 1.8926 14.8908259965
15.370 1.8913 14.9005205447
15.380 1.8901 14.9102150929
15.390 1.8888 14.9199096411
15.400 1.8876 14.9296041892
15.410 1.8863 14.9392987374
15.420 1.8851 14.9489932856
15.430 1.8839 14.9586878338
15.440 1.8826 14.9683823819
15.450 1.8814 14.9780769301
15.460 1.8801 14.9877714783
15.470 1.8789 14.9974660265
15.480 1.8777 15.0071605746
15.490 1.8764 15.0168551228
15.500 1.8752 15.026549671
15.510 1.8740 15.0362442192
15.520 1.8728 15.0459387673
15.530 1.8715 15.0556333155
15.540 1.8703 15.0653278637
15.550 1.8691 15.0750224119
15.560 1.8679 15.08471696
15.570 1.8666 15.0944115082
15.580 1.8654 15.1041060564
15.590 1.8642 15.1138006046
15.600 1.8630 15.1234951527
15.610 1.8618 15.1331897009
15.620 1.8606 15.1428842491
15.630 1.8594 15.1525787973
15.640 1.8582 15.1622733454
15.650 1.8570 15.1719678936
15.660 1.8557 15.1816624418
15.670 1.8545 15.19135699
15.680 1.8533 15.2010515381
15.690 1.8521 15.2107460863
15.700 1.8509 15.2204406345
15.710 1.8497 15.2301351827
15.720 1.8486 15.2398297308
15.730 1.8474 15.249524279
15.740 1.8462 15.2592188272
15.750 1.8450 15.2689133754
15.760 1.8438 15.2786079235
15.770 1.8426 15.2883024717
15.780 1.8414 15.2979970199
15.790 1.8402 15.3076915681
15.800 1.8390 15.3173861162
15.810 1.8379 15.3270806644
15.820 1.8367 15.3367752126
15.830 1.8355 15.3464697608
15.840 1.8343 15.3561643089
15.850 1.8331 15.3658588571
15.860 1.8320 15.3755534053
15.870 1.8308 15.3852479535
15.880 1.8296 15.3949425016
15.890 1.8285 15.4046370498
15.900 1.8273 15.414331598
15.910 1.8261 15.4240261462
15.920 1.8250 15.4337206943
15.930 1.8238 15.4434152425
15.940 1.8226 15.4531097907
15.950 1.8215 15.4628043389
15.960 1.8203 15.472498887
15.970 1.8191 15.4821934352
15.980 1.8180 15.4918879834
15.990 1.8168 15.5015825316
16.000 1.8157 15.5112770797
16.010 1.8145 15.5209716279
16.020 1.8134 15.5306661761
16.030 1.8122 15.5403607243
16.040 1.8111 15.5500552724
16.050 1.8099 15.5597498206
16.060 1.8088 15.5694443688
16.070 1.8076 15.579138917
16.080 1.8065 15.5888334651
16.090 1.8054 15.5985280133
16.100 1.8042 15.6082225615
16.110 1.8031 15.6179171097
16.120 1.8019 15.6276116578
16.130 1.8008 15.637306206
16.140 1.7997 15.6470007542
16.150 1.7985 15.6566953024
16.160 1.7974 15.6663898505
16.170 1.7963 15.6760843987
16.180 1.7951 15.6857789469
16.190 1.7940 15.6954734951
16.200 1.7929 15.7051680432
16.210 1.7918 15.7148625914
16.220 1.7906 15.7245571396
16.230 1.7895 15.7342516878
16.240 1.7884 15.7439462359
16.250 1.7873 15.7536407841
16.260 1.7862 15.7633353323
16.270 1.7851 15.7730298805
16.280 1.7839 15.7827244286
16.290 1.7828 15.7924189768
16.300 1.7817 15.802113525
16.310 1.7806 15.8118080732
16.320 1.7795 15.8215026213
16.330 1.7784 15.8311971695
16.340 1.7773 15.8408917177
16.350 1.7762 15.8505862659
16.360 1.7751 15.860280814
16.370 1.7740 15.8699753622
16.380 1.7729 15.8796699104
16.390 1.7718 15.8893644586
16.400 1.7707 15.8990590067
16.410 1.7696 15.9087535549
16.420 1.7685 15.9184481031
16.430 1.7674 15.9281426513
16.440 1.7663 15.9378371994
16.450 1.7652 15.9475317476
16.460 1.7641 15.9572262958
16.470 1.7630 15.966920844
16.480 1.7619 15.9766153921
16.490 1.7608 15.9863099403
16.500 1.7598 15.9960044885
16.510 1.7587 16.0056990366
16.520 1.7576 16.0153935848
16.530 1.7565 16.025088133
16.540 1.7554 16.0347826812
16.550 1.7543 16.0444772293
16.560 1.7533 16.0541717775
16.570 1.7522 16.0638663257
16.580 1.7511 16.0735608739
16.590 1.7500 16.083255422
16.600 1.7490 16.0929499702
16.610 1.7479 16.1026445184
16.620 1.7468 16.1123390666
16.630 1.7458 16.1220336147
16.640 1.7447 16.1317281629
16.650 1.7436 16.1414227111
16.660 1.7426 16.1511172593
16.670 1.7415 16.1608118074
16.680 1.7404 16.1705063556
16.690 1.7394 16.1802009038
16.700 1.7383 16.189895452
16.710 1.7373 16.1995900001
16.720 1.7362 16.2092845483
16.730 1.7351 16.2189790965
16.740 1.7341 16.2286736447
16.750 1.7330 16.2383681928
16.760 1.7320 16.248062741
16.770 1.7309 16.2577572892
16.780 1.7299 16.2674518374
16.790 1.7288 16.2771463855
16.800 1.7278 16.2868409337
16.810 1.7267 16.2965354819
16.820 1.7257 16.3062300301
16.830 1.7247 16.3159245782
16.840 1.7236 16.3256191264
16.850 1.7226 16.3353136746
16.860 1.7215 16.3450082228
16.870 1.7205 16.3547027709
16.880 1.7195 16.3643973191
16.890 1.7184 16.3740918673
16.900 1.7174 16.3837864155
16.910 1.7164 16.3934809636
16.920 1.7153 16.4031755118
16.930 1.7143 16.41287006
16.940 1.7133 16.4225646082
16.950 1.7122 16.4322591563
16.960 1.7112 16.4419537045
16.970 1.7102 16.4516482527
16.980 1.7092 16.4613428009
16.990 1.7081 16.471037349
17.000 1.7071 16.4807318972
17.010 1.7061 16.4904264454
17.020 1.7051 16.5001209936
17.030 1.7041 16.5098155417
17.040 1.7030 16.5195100899
17.050 1.7020 16.5292046381
17.060 1.7010 16.5388991863
17.070 1.7000 16.5485937344
17.080 1.6990 16.5582882826
17.090 1.6980 16.5679828308
17.100 1.6970 16.577677379
17.110 1.6959 16.5873719271
17.120 1.6949 16.5970664753
17.130 1.6939 16.6067610235
17.140 1.6929 16.6164555717
17.150 1.6919 16.6261501198
17.160 1.6909 16.635844668
17.170 1.6899 16.6455392162
17.180 1.6889 16.6552337644
17.190 1.6879 16.6649283125
17.200 1.6869 16.6746228607
17.210 1.6859 16.6843174089
17.220 1.6849 16.6940119571
17.230 1.6839 16.7037065052
17.240 1.6829 16.7134010534
17.250 1.6819 16.7230956016
17.260 1.6809 16.7327901498
17.270 1.6800 16.7424846979
17.280 1.6790 16.7521792461
17.290 1.6780 16.7618737943
17.300 1.6770 16.7715683425
17.310 1.6760 16.7812628906
17.320 1.6750 16.7909574388
17.330 1.6740 16.800651987
17.340 1.6731 16.8103465352
17.350 1.6721 16.8200410833
17.360 1.6711 16.8297356315
17.370 1.6701 16.8394301797
17.380 1.6691 16.8491247279
17.390 1.6682 16.858819276
17.400 1.6672 16.8685138242
17.410 1.6662 16.8782083724
17.420 1.6652 16.8879029206
17.430 1.6643 16.8975974687
17.440 1.6633 16.9072920169
17.450 1.6623 16.9169865651
17.460 1.6614 16.9266811133
17.470 1.6604 16.9363756614
17.480 1.6594 16.9460702096
17.490 1.6585 16.9557647578
17.500 1.6575 16.965459306
17.510 1.6565 16.9751538541
17.520 1.6556 16.9848484023
17.530 1.6546 16.9945429505
17.540 1.6536 17.0042374987
17.550 1.6527 17.0139320468
17.560 1.6517 17.023626595
17.570 1.6508 17.0333211432
17.580 1.6498 17.0430156914
17.590 1.6489 17.0527102395
17.600 1.6479 17.0624047877
17.610 1.6469 17.0720993359
17.620 1.6460 17.0817938841
17.630 1.6450 17.0914884322
17.640 1.6441 17.1011829804
17.650 1.6431 17.1108775286
17.660 1.6422 17.1205720768
17.670 1.6413 17.1302666249
17.680 1.6403 17.1399611731
17.690 1.6394 17.1496557213
17.700 1.6384 17.1593502695
17.710 1.6375 17.1690448176
17.720 1.6365 17.1787393658
17.730 1.6356 17.188433914
17.740 1.6347 17.1981284622
17.750 1.6337 17.2078230103
17.760 1.6328 17.2175175585
17.770 1.6319 17.2272121067
17.780 1.6309 17.2369066549
17.790 1.6300 17.246601203
17.800 1.6290 17.2562957512
17.810 1.6281 17.2659902994
17.820 1.6272 17.2756848476
17.830 1.6263 17.2853793957
17.840 1.6253 17.2950739439
17.850 1.6244 17.3047684921
17.860 1.6235 17.3144630403
17.870 1.6226 17.3241575884
17.880 1.6216 17.3338521366
17.890 1.6207 17.3435466848
17.900 1.6198 17.353241233
17.910 1.6189 17.3629357811
17.920 1.6179 17.3726303293
17.930 1.6170 17.3823248775
17.940 1.6161 17.3920194257
17.950 1.6152 17.4017139738
17.960 1.6143 17.411408522
17.970 1.6134 17.4211030702
17.980 1.6124 17.4307976184
17.990 1.6115 17.4404921665
18.000 1.6106 17.4501867147
18.010 1.6097 17.4598812629
18.020 1.6088 17.469575811
18.030 1.6079 17.4792703592
18.040 1.6070 17.4889649074
18.050 1.6061 17.4986594556
18.060 1.6052 17.5083540037
18.070 1.6043 17.5180485519
18.080 1.6034 17.5277431001
18.090 1.6025 17.5374376483
18.100 1.6016 17.5471321964
18.110 1.6007 17.5568267446
18.120 1.5998 17.5665212928
18.130 1.5989 17.576215841
18.140 1.5980 17.5859103891
18.150 1.5971 17.5956049373
18.160 1.5962 17.6052994855
18.170 1.5953 17.6149940337
18.180 1.5944 17.6246885818
18.190 1.5935 17.63438313
18.200 1.5926 17.6440776782
18.210 1.5917 17.6537722264
18.220 1.5908 17.6634667745
18.230 1.5899 17.6731613227
18.240 1.5890 17.6828558709
18.250 1.5881 17.6925504191
18.260 1.5873 17.7022449672
18.270 1.5864 17.7119395154
18.280 1.5855 17.7216340636
18.290 1.5846 17.7313286118
18.300 1.5837 17.7410231599
18.310 1.5828 17.7507177081
18.320 1.5820 17.7604122563
18.330 1.5811 17.7701068045
18.340 1.5802 17.7798013526
18.350 1.5793 17.7894959008
18.360 1.5785 17.799190449
18.370 1.5776 17.8088849972
18.380 1.5767 17.8185795453
18.390 1.5758 17.8282740935
18.400 1.5750 17.8379686417
18.410 1.5741 17.8476631899
18.420 1.5732 17.857357738
18.430 1.5723 17.8670522862
18.440 1.5715 17.8767468344
18.450 1.5706 17.8864413826
18.460 1.5697 17.8961359307
18.470 1.5689 17.9058304789
18.480 1.5680 17.9155250271
18.490 1.5671 17.9252195753
18.500 1.5663 17.9349141234
18.510 1.5654 17.9446086716
18.520 1.5646 17.9543032198
18.530 1.5637 17.963997768
18.540 1.5628 17.9736923161
18.550 1.5620 17.9833868643
18.560 1.5611 17.9930814125
18.570 1.5603 18.0027759607
18.580 1.5594 18.0124705088
18.590 1.5586 18.022165057
18.600 1.5577 18.0318596052
18.610 1.5569 18.0415541534
18.620 1.5560 18.0512487015
18.630 1.5551 18.0609432497
18.640 1.5543 18.0706377979
18.650 1.5534 18.0803323461
18.660 1.5526 18.0900268942
18.670 1.5518 18.0997214424
18.680 1.5509 18.1094159906
18.690 1.5501 18.1191105388
18.700 1.5492 18.1288050869
18.710 1.5484 18.1384996351
18.720 1.5475 18.1481941833
18.730 1.5467 18.1578887315
18.740 1.5458 18.1675832796
18.750 1.5450 18.1772778278
18.760 1.5442 18.186972376
18.770 1.5433 18.1966669242
18.780 1.5425 18.2063614723
18.790 1.5417 18.2160560205
18.800 1.5408 18.2257505687
18.810 1.5400 18.2354451169
18.820 1.5391 18.245139665
18.830 1.5383 18.2548342132
18.840 1.5375 18.2645287614
18.850 1.5367 18.2742233096
18.860 1.5358 18.2839178577
18.870 1.5350 18.2936124059
18.880 1.5342 18.3033069541
18.890 1.5333 18.3130015023
18.900 1.5325 18.3226960504
18.910 1.5317 18.3323905986
18.920 1.5309 18.3420851468
18.930 1.5300 18.351779695
18.940 1.5292 18.3614742431
18.950 1.5284 18.3711687913
18.960 1.5276 18.3808633395
18.970 1.5267 18.3905578877
18.980 1.5259 18.4002524358
18.990 1.5251 18.409946984
19.000 1.5243 18.4196415322
19.010 1.5235 18.4293360804
19.020 1.5227 18.4390306285
19.030 1.5218 18.4487251767
19.040 1.5210 18.4584197249
19.050 1.5202 18.4681142731
19.060 1.5194 18.4778088212
19.070 1.5186 18.4875033694
19.080 1.5178 18.4971979176
19.090 1.5170 18.5068924658
19.100 1.5161 18.5165870139
19.110 1.5153 18.5262815621
19.120 1.5145 18.5359761103
19.130 1.5137 18.5456706585
19.140 1.5129 18.5553652066
19.150 1.5121 18.5650597548
19.160 1.5113 18.574754303
19.170 1.5105 18.5844488512
19.180 1.5097 18.5941433993
19.190 1.5089 18.6038379475
19.200 1.5081 18.6135324957
19.210 1.5073 18.6232270439
19.220 1.5065 18.632921592
19.230 1.5057 18.6426161402
19.240 1.5049 18.6523106884
19.250 1.5041 18.6620052366
19.260 1.5033 18.6716997847
19.270 1.5025 18.6813943329
19.280 1.5017 18.6910888811
19.290 1.5009 18.7007834293
19.300 1.5001 18.7104779774
19.310 1.4993 18.7201725256
19.320 1.4985 18.7298670738
19.330 1.4978 18.739561622
19.340 1.4970 18.7492561701
19.350 1.4962 18.7589507183
19.360 1.4954 18.7686452665
19.370 1.4946 18.7783398147
19.380 1.4938 18.7880343628
19.390 1.4930 18.797728911
19.400 1.4922 18.8074234592
19.410 1.4915 18.8171180074
19.420 1.4907 18.8268125555
19.430 1.4899 18.8365071037
19.440 1.4891 18.8462016519
19.450 1.4883 18.8558962001
19.460 1.4876 18.8655907482
19.470 1.4868 18.8752852964
19.480 1.4860 18.8849798446
19.490 1.4852 18.8946743928
19.500 1.4844 18.9043689409
19.510 1.4837 18.9140634891
19.520 1.4829 18.9237580373
19.530 1.4821 18.9334525854
19.540 1.4813 18.9431471336
19.550 1.4806 18.9528416818
19.560 1.4798 18.96253623
19.570 1.4790 18.9722307781
19.580 1.4783 18.9819253263
19.590 1.4775 18.9916198745
19.600 1.4767 19.0013144227
19.610 1.4759 19.0110089708
19.620 1.4752 19.020703519
19.630 1.4744 19.0303980672
19.640 1.4736 19.0400926154
19.650 1.4729 19.0497871635
19.660 1.4721 19.0594817117
19.670 1.4714 19.0691762599
19.680 1.4706 19.0788708081
19.690 1.4698 19.0885653562
19.700 1.4691 19.0982599044
19.710 1.4683 19.1079544526
19.720 1.4675 19.1176490008
19.730 1.4668 19.1273435489
19.740 1.4660 19.1370380971
19.750 1.4653 19.1467326453
19.760 1.4645 19.1564271935
19.770 1.4638 19.1661217416
19.780 1.4630 19.1758162898
19.790 1.4623 19.185510838
19.800 1.4615 19.1952053862
19.810 1.4607 19.2048999343
19.820 1.4600 19.2145944825
19.830 1.4592 19.2242890307
19.840 1.4585 19.2339835789
19.850 1.4577 19.243678127
19.860 1.4570 19.2533726752
19.870 1.4562 19.2630672234
19.880 1.4555 19.2727617716
19.890 1.4548 19.2824563197
19.900 1.4540 19.2921508679
19.910 1.4533 19.3018454161
19.920 1.4525 19.3115399643
19.930 1.4518 19.3212345124
19.940 1.4510 19.3309290606
19.950 1.4503 19.3406236088
19.960 1.4495 19.350318157
19.970 1.4488 19.3600127051
19.980 1.4481 19.3697072533
19.990 1.4473 19.3794018015
20.000 1.4466 19.3890963497
20.100 1.4392 19.4860418314
20.110 1.4385 19.4957363796
20.120 1.4378 19.5054309278
20.130 1.4371 19.5151254759
20.140 1.4363 19.5248200241
20.150 1.4356 19.5345145723
20.160 1.4349 19.5442091205
20.170 1.4341 19.5539036686
20.180 1.4334 19.5635982168
20.190 1.4327 19.573292765
20.200 1.4320 19.5829873132
20.210 1.4312 19.5926818613
20.220 1.4305 19.6023764095
20.230 1.4298 19.6120709577
20.240 1.4291 19.6217655059
20.250 1.4284 19.631460054
20.260 1.4276 19.6411546022
20.270 1.4269 19.6508491504
20.280 1.4262 19.6605436986
20.290 1.4255 19.6702382467
20.300 1.4248 19.6799327949
20.310 1.4241 19.6896273431
20.320 1.4233 19.6993218913
20.330 1.4226 19.7090164394
20.340 1.4219 19.7187109876
20.350 1.4212 19.7284055358
20.360 1.4205 19.738100084
20.370 1.4198 19.7477946321
20.380 1.4191 19.7574891803
20.390 1.4184 19.7671837285
20.400 1.4176 19.7768782767
20.410 1.4169 19.7865728248
20.420 1.4162 19.796267373
20.430 1.4155 19.8059619212
20.440 1.4148 19.8156564694
20.450 1.4141 19.8253510175
20.460 1.4134 19.8350455657
20.470 1.4127 19.8447401139
20.480 1.4120 19.8544346621
20.490 1.4113 19.8641292102
20.500 1.4106 19.8738237584
20.510 1.4099 19.8835183066
20.520 1.4092 19.8932128548
20.530 1.4085 19.9029074029
20.540 1.4078 19.9126019511
20.550 1.4071 19.9222964993
20.560 1.4064 19.9319910475
20.570 1.4057 19.9416855956
20.580 1.4050 19.9513801438
20.590 1.4043 19.961074692
20.600 1.4036 19.9707692402
20.610 1.4029 19.9804637883
20.620 1.4022 19.9901583365
20.630 1.4015 19.9998528847
20.640 1.4008 20.0095474329
20.650 1.4001 20.019241981
20.660 1.3994 20.0289365292
20.670 1.3987 20.0386310774
20.680 1.3980 20.0483256256
20.690 1.3974 20.0580201737
20.700 1.3967 20.0677147219
20.710 1.3960 20.0774092701
20.720 1.3953 20.0871038183
20.730 1.3946 20.0967983664
20.740 1.3939 20.1064929146
20.750 1.3932 20.1161874628
20.760 1.3925 20.125882011
20.770 1.3919 20.1355765591
20.780 1.3912 20.1452711073
20.790 1.3905 20.1549656555
20.800 1.3898 20.1646602037
20.810 1.3891 20.1743547518
20.820 1.3884 20.1840493
20.830 1.3878 20.1937438482
20.840 1.3871 20.2034383964
20.850 1.3864 20.2131329445
20.860 1.3857 20.2228274927
20.870 1.3851 20.2325220409
20.880 1.3844 20.2422165891
20.890 1.3837 20.2519111372
20.900 1.3830 20.2616056854
20.910 1.3823 20.2713002336
20.920 1.3817 20.2809947818
20.930 1.3810 20.2906893299
20.940 1.3803 20.3003838781
20.950 1.3797 20.3100784263
20.960 1.3790 20.3197729745
20.970 1.3783 20.3294675226
20.980 1.3776 20.3391620708
20.990 1.3770 20.348856619
21.000 1.3763 20.3585511671
21.010 1.3756 20.3682457153
21.020 1.3750 20.3779402635
21.030 1.3743 20.3876348117
21.040 1.3736 20.3973293598
21.050 1.3730 20.407023908
21.060 1.3723 20.4167184562
21.070 1.3716 20.4264130044
21.080 1.3710 20.4361075525
21.090 1.3703 20.4458021007
21.100 1.3696 20.4554966489
21.110 1.3690 20.4651911971
21.120 1.3683 20.4748857452
21.130 1.3676 20.4845802934
21.140 1.3670 20.4942748416
21.150 1.3663 20.5039693898
21.160 1.3657 20.5136639379
21.170 1.3650 20.5233584861
21.180 1.3643 20.5330530343
21.190 1.3637 20.5427475825
21.200 1.3630 20.5524421306
21.210 1.3624 20.5621366788
21.220 1.3617 20.571831227
21.230 1.3611 20.5815257752
21.240 1.3604 20.5912203233
21.250 1.3598 20.6009148715
21.260 1.3591 20.6106094197
21.270 1.3585 20.6203039679
21.280 1.3578 20.629998516
21.290 1.3571 20.6396930642
21.300 1.3565 20.6493876124
21.310 1.3558 20.6590821606
21.320 1.3552 20.6687767087
21.330 1.3545 20.6784712569
21.340 1.3539 20.6881658051
21.350 1.3532 20.6978603533
21.360 1.3526 20.7075549014
21.370 1.3520 20.7172494496
21.380 1.3513 20.7269439978
21.390 1.3507 20.736638546
21.400 1.3500 20.7463330941
21.410 1.3494 20.7560276423
21.420 1.3487 20.7657221905
21.430 1.3481 20.7754167387
21.440 1.3474 20.7851112868
21.450 1.3468 20.794805835
21.460 1.3462 20.8045003832
21.470 1.3455 20.8141949314
21.480 1.3449 20.8238894795
21.490 1.3442 20.8335840277
21.500 1.3436 20.8432785759
21.510 1.3430 20.8529731241
21.520 1.3423 20.8626676722
21.530 1.3417 20.8723622204
21.540 1.3411 20.8820567686
21.550 1.3404 20.8917513168
21.560 1.3398 20.9014458649
21.570 1.3391 20.9111404131
21.580 1.3385 20.9208349613
21.590 1.3379 20.9305295095
21.600 1.3372 20.9402240576
21.610 1.3366 20.9499186058
21.620 1.3360 20.959613154
21.630 1.3354 20.9693077022
21.640 1.3347 20.9790022503
21.650 1.3341 20.9886967985
21.660 1.3335 20.9983913467
21.670 1.3328 21.0080858949
21.680 1.3322 21.017780443
21.690 1.3316 21.0274749912
21.700 1.3309 21.0371695394
21.710 1.3303 21.0468640876
21.720 1.3297 21.0565586357
21.730 1.3291 21.0662531839
21.740 1.3284 21.0759477321
21.750 1.3278 21.0856422803
21.760 1.3272 21.0953368284
21.770 1.3266 21.1050313766
21.780 1.3260 21.1147259248
21.790 1.3253 21.124420473
21.800 1.3247 21.1341150211
21.810 1.3241 21.1438095693
21.820 1.3235 21.1535041175
21.830 1.3228 21.1631986657
21.840 1.3222 21.1728932138
21.850 1.3216 21.182587762
21.860 1.3210 21.1922823102
21.870 1.3204 21.2019768584
21.880 1.3198 21.2116714065
21.890 1.3191 21.2213659547
21.900 1.3185 21.2310605029
21.910 1.3179 21.2407550511
21.920 1.3173 21.2504495992
21.930 1.3167 21.2601441474
21.940 1.3161 21.2698386956
21.950 1.3155 21.2795332438
21.960 1.3148 21.2892277919
21.970 1.3142 21.2989223401
21.980 1.3136 21.3086168883
21.990 1.3130 21.3183114365
22.000 1.3124 21.3280059846
22.010 1.3118 21.3377005328
22.020 1.3112 21.347395081
22.030 1.3106 21.3570896292
22.040 1.3100 21.3667841773
22.050 1.3094 21.3764787255
22.060 1.3087 21.3861732737
22.070 1.3081 21.3958678219
22.080 1.3075 21.40556237
22.090 1.3069 21.4152569182
22.100 1.3063 21.4249514664
22.110 1.3057 21.4346460146
22.120 1.3051 21.4443405627
22.130 1.3045 21.4540351109
22.140 1.3039 21.4637296591
22.150 1.3033 21.4734242073
22.160 1.3027 21.4831187554
22.170 1.3021 21.4928133036
22.180 1.3015 21.5025078518
22.190 1.3009 21.5122024
22.200 1.3003 21.5218969481
22.210 1.2997 21.5315914963
22.220 1.2991 21.5412860445
22.230 1.2985 21.5509805927
22.240 1.2979 21.5606751408
22.250 1.2973 21.570369689
22.260 1.2967 21.5800642372
22.270 1.2961 21.5897587854
22.280 1.2955 21.5994533335
22.290 1.2949 21.6091478817
22.300 1.2943 21.6188424299
22.310 1.2938 21.6285369781
22.320 1.2932 21.6382315262
22.330 1.2926 21.6479260744
22.340 1.2920 21.6576206226
22.350 1.2914 21.6673151708
22.360 1.2908 21.6770097189
22.370 1.2902 21.6867042671
22.380 1.2896 21.6963988153
22.390 1.2890 21.7060933635
22.400 1.2884 21.7157879116
22.410 1.2878 21.7254824598
22.420 1.2873 21.735177008
22.430 1.2867 21.7448715562
22.440 1.2861 21.7545661043
22.450 1.2855 21.7642606525
22.460 1.2849 21.7739552007
22.470 1.2843 21.7836497489
22.480 1.2837 21.793344297
22.490 1.2832 21.8030388452
22.500 1.2826 21.8127333934
22.510 1.2820 21.8224279415
22.520 1.2814 21.8321224897
22.530 1.2808 21.8418170379
22.540 1.2803 21.8515115861
22.550 1.2797 21.8612061342
22.560 1.2791 21.8709006824
22.570 1.2785 21.8805952306
22.580 1.2779 21.8902897788
22.590 1.2774 21.8999843269
22.600 1.2768 21.9096788751
22.610 1.2762 21.9193734233
22.620 1.2756 21.9290679715
22.630 1.2750 21.9387625196
22.640 1.2745 21.9484570678
22.650 1.2739 21.958151616
22.660 1.2733 21.9678461642
22.670 1.2727 21.9775407123
22.680 1.2722 21.9872352605
22.690 1.2716 21.9969298087
22.700 1.2710 22.0066243569
22.710 1.2704 22.016318905
22.720 1.2699 22.0260134532
22.730 1.2693 22.0357080014
22.740 1.2687 22.0454025496
22.750 1.2682 22.0550970977
22.760 1.2676 22.0647916459
22.770 1.2670 22.0744861941
22.780 1.2665 22.0841807423
22.790 1.2659 22.0938752904
22.800 1.2653 22.1035698386
22.810 1.2647 22.1132643868
22.820 1.2642 22.122958935
22.830 1.2636 22.1326534831
22.840 1.2630 22.1423480313
22.850 1.2625 22.1520425795
22.860 1.2619 22.1617371277
22.870 1.2614 22.1714316758
22.880 1.2608 22.181126224
22.890 1.2602 22.1908207722
22.900 1.2597 22.2005153204
22.910 1.2591 22.2102098685
22.920 1.2585 22.2199044167
22.930 1.2580 22.2295989649
22.940 1.2574 22.2392935131
22.950 1.2569 22.2489880612
22.960 1.2563 22.2586826094
22.970 1.2557 22.2683771576
22.980 1.2552 22.2780717058
22.990 1.2546 22.2877662539
23.000 1.2541 22.2974608021
23.010 1.2535 22.3071553503
23.020 1.2529 22.3168498985
23.030 1.2524 22.3265444466
23.040 1.2518 22.3362389948
23.050 1.2513 22.345933543
23.060 1.2507 22.3556280912
23.070 1.2502 22.3653226393
23.080 1.2496 22.3750171875
23.090 1.2491 22.3847117357
23.100 1.2485 22.3944062839
23.110 1.2480 22.404100832
23.120 1.2474 22.4137953802
23.130 1.2468 22.4234899284
23.140 1.2463 22.4331844766
23.150 1.2457 22.4428790247
23.160 1.2452 22.4525735729
23.170 1.2446 22.4622681211
23.180 1.2441 22.4719626693
23.190 1.2435 22.4816572174
23.200 1.2430 22.4913517656
23.210 1.2424 22.5010463138
23.220 1.2419 22.510740862
23.230 1.2414 22.5204354101
23.240 1.2408 22.5301299583
23.250 1.2403 22.5398245065
23.260 1.2397 22.5495190547
23.270 1.2392 22.5592136028
23.280 1.2386 22.568908151
23.290 1.2381 22.5786026992
23.300 1.2375 22.5882972474
23.310 1.2370 22.5979917955
23.320 1.2364 22.6076863437
23.330 1.2359 22.6173808919
23.340 1.2354 22.6270754401
23.350 1.2348 22.6367699882
23.360 1.2343 22.6464645364
23.370 1.2337 22.6561590846
23.380 1.2332 22.6658536328
23.390 1.2327 22.6755481809
23.400 1.2321 22.6852427291
23.410 1.2316 22.6949372773
23.420 1.2310 22.7046318255
23.430 1.2305 22.7143263736
23.440 1.2300 22.7240209218
23.450 1.2294 22.73371547
23.460 1.2289 22.7434100182
23.470 1.2284 22.7531045663
23.480 1.2278 22.7627991145
23.490 1.2273 22.7724936627
23.500 1.2268 22.7821882109
23.510 1.2262 22.791882759
23.520 1.2257 22.8015773072
23.530 1.2252 22.8112718554
23.540 1.2246 22.8209664036
23.550 1.2241 22.8306609517
23.560 1.2236 22.8403554999
23.570 1.2230 22.8500500481
23.580 1.2225 22.8597445963
23.590 1.2220 22.8694391444
23.600 1.2214 22.8791336926
23.610 1.2209 22.8888282408
23.620 1.2204 22.898522789
23.630 1.2198 22.9082173371
23.640 1.2193 22.9179118853
23.650 1.2188 22.9276064335
23.660 1.2183 22.9373009817
23.670 1.2177 22.9469955298
23.680 1.2172 22.956690078
23.690 1.2167 22.9663846262
23.700 1.2162 22.9760791744
23.710 1.2156 22.9857737225
23.720 1.2151 22.9954682707
23.730 1.2146 23.0051628189
23.740 1.2141 23.0148573671
23.750 1.2135 23.0245519152
23.760 1.2130 23.0342464634
23.770 1.2125 23.0439410116
23.780 1.2120 23.0536355598
23.790 1.2114 23.0633301079
23.800 1.2109 23.0730246561
23.810 1.2104 23.0827192043
23.820 1.2099 23.0924137525
23.830 1.2094 23.1021083006
23.840 1.2088 23.1118028488
23.850 1.2083 23.121497397
23.860 1.2078 23.1311919452
23.870 1.2073 23.1408864933
23.880 1.2068 23.1505810415
23.890 1.2062 23.1602755897
23.900 1.2057 23.1699701379
23.910 1.2052 23.179664686
23.920 1.2047 23.1893592342
23.930 1.2042 23.1990537824
23.940 1.2037 23.2087483306
23.950 1.2032 23.2184428787
23.960 1.2026 23.2281374269
23.970 1.2021 23.2378319751
23.980 1.2016 23.2475265233
23.990 1.2011 23.2572210714
24.000 1.2006 23.2669156196
24.010 1.2001 23.2766101678
24.020 1.1996 23.2863047159
24.030 1.1991 23.2959992641
24.040 1.1985 23.3056938123
24.050 1.1980 23.3153883605
24.060 1.1975 23.3250829086
24.070 1.1970 23.3347774568
24.080 1.1965 23.344472005
24.090 1.1960 23.3541665532
24.100 1.1955 23.3638611013
24.110 1.1950 23.3735556495
24.120 1.1945 23.3832501977
24.130 1.1940 23.3929447459
24.140 1.1935 23.402639294
24.150 1.1929 23.4123338422
24.160 1.1924 23.4220283904
24.170 1.1919 23.4317229386
24.180 1.1914 23.4414174867
24.190 1.1909 23.4511120349
24.200 1.1904 23.4608065831
24.210 1.1899 23.4705011313
24.220 1.1894 23.4801956794
24.230 1.1889 23.4898902276
24.240 1.1884 23.4995847758
24.250 1.1879 23.509279324
24.260 1.1874 23.5189738721
24.270 1.1869 23.5286684203
24.280 1.1864 23.5383629685
24.290 1.1859 23.5480575167
24.300 1.1854 23.5577520648
24.310 1.1849 23.567446613
24.320 1.1844 23.5771411612
24.330 1.1839 23.5868357094
24.340 1.1834 23.5965302575
24.350 1.1829 23.6062248057
24.360 1.1824 23.6159193539
24.370 1.1819 23.6256139021
24.380 1.1814 23.6353084502
24.390 1.1809 23.6450029984
24.400 1.1804 23.6546975466
24.410 1.1799 23.6643920948
24.420 1.1794 23.6740866429
24.430 1.1789 23.6837811911
24.440 1.1784 23.6934757393
24.450 1.1780 23.7031702875
24.460 1.1775 23.7128648356
24.470 1.1770 23.7225593838
24.480 1.1765 23.732253932
24.490 1.1760 23.7419484802
24.500 1.1755 23.7516430283
24.510 1.1750 23.7613375765
24.520 1.1745 23.7710321247
24.530 1.1740 23.7807266729
24.540 1.1735 23.790421221
24.550 1.1730 23.8001157692
24.560 1.1725 23.8098103174
24.570 1.1721 23.8195048656
24.580 1.1716 23.8291994137
24.590 1.1711 23.8388939619
24.600 1.1706 23.8485885101
24.610 1.1701 23.8582830583
24.620 1.1696 23.8679776064
24.630 1.1691 23.8776721546
24.640 1.1686 23.8873667028
24.650 1.1682 23.897061251
24.660 1.1677 23.9067557991
24.670 1.1672 23.9164503473
24.680 1.1667 23.9261448955
24.690 1.1662 23.9358394437
24.700 1.1657 23.9455339918
24.710 1.1653 23.95522854
24.720 1.1648 23.9649230882
24.730 1.1643 23.9746176364
24.740 1.1638 23.9843121845
24.750 1.1633 23.9940067327
24.760 1.1628 24.0037012809
24.770 1.1624 24.0133958291
24.780 1.1619 24.0230903772
24.790 1.1614 24.0327849254
24.800 1.1609 24.0424794736
24.810 1.1604 24.0521740218
24.820 1.1600 24.0618685699
24.830 1.1595 24.0715631181
24.840 1.1590 24.0812576663
24.850 1.1585 24.0909522145
24.860 1.1580 24.1006467626
24.870 1.1576 24.1103413108
24.880 1.1571 24.120035859
24.890 1.1566 24.1297304072
24.900 1.1561 24.1394249553
24.910 1.1557 24.1491195035
24.920 1.1552 24.1588140517
24.930 1.1547 24.1685085999
24.940 1.1542 24.178203148
24.950 1.1538 24.1878976962
24.960 1.1533 24.1975922444
24.970 1.1528 24.2072867926
24.980 1.1523 24.2169813407
24.990 1.1519 24.2266758889
25.000 1.1514 24.2363704371
25.100 1.1467 24.3333159188
25.110 1.1462 24.343010467
25.120 1.1458 24.3527050152
25.130 1.1453 24.3623995634
25.140 1.1448 24.3720941115
25.150 1.1444 24.3817886597
25.160 1.1439 24.3914832079
25.170 1.1434 24.4011777561
25.180 1.1430 24.4108723042
25.190 1.1425 24.4205668524
25.200 1.1420 24.4302614006
25.210 1.1416 24.4399559488
25.220 1.1411 24.4496504969
25.230 1.1406 24.4593450451
25.240 1.1402 24.4690395933
25.250 1.1397 24.4787341415
25.260 1.1392 24.4884286896
25.270 1.1388 24.4981232378
25.280 1.1383 24.507817786
25.290 1.1379 24.5175123342
25.300 1.1374 24.5272068823
25.310 1.1369 24.5369014305
25.320 1.1365 24.5465959787
25.330 1.1360 24.5562905269
25.340 1.1356 24.565985075
25.350 1.1351 24.5756796232
25.360 1.1346 24.5853741714
25.370 1.1342 24.5950687196
25.380 1.1337 24.6047632677
25.390 1.1333 24.6144578159
25.400 1.1328 24.6241523641
25.410 1.1323 24.6338469123
25.420 1.1319 24.6435414604
25.430 1.1314 24.6532360086
25.440 1.1310 24.6629305568
25.450 1.1305 24.672625105
25.460 1.1301 24.6823196531
25.470 1.1296 24.6920142013
25.480 1.1292 24.7017087495
25.490 1.1287 24.7114032977
25.500 1.1282 24.7210978458
25.510 1.1278 24.730792394
25.520 1.1273 24.7404869422
25.530 1.1269 24.7501814903
25.540 1.1264 24.7598760385
25.550 1.1260 24.7695705867
25.560 1.1255 24.7792651349
25.570 1.1251 24.788959683
25.580 1.1246 24.7986542312
25.590 1.1242 24.8083487794
25.600 1.1237 24.8180433276
25.610 1.1233 24.8277378757
25.620 1.1228 24.8374324239
25.630 1.1224 24.8471269721
25.640 1.1219 24.8568215203
25.650 1.1215 24.8665160684
25.660 1.1210 24.8762106166
25.670 1.1206 24.8859051648
25.680 1.1201 24.895599713
25.690 1.1197 24.9052942611
25.700 1.1192 24.9149888093
25.710 1.1188 24.9246833575
25.720 1.1183 24.9343779057
25.730 1.1179 24.9440724538
25.740 1.1175 24.953767002
25.750 1.1170 24.9634615502
25.760 1.1166 24.9731560984
25.770 1.1161 24.9828506465
25.780 1.1157 24.9925451947
25.790 1.1152 25.0022397429
25.800 1.1148 25.0119342911
25.810 1.1143 25.0216288392
25.820 1.1139 25.0313233874
25.830 1.1135 25.0410179356
25.840 1.1130 25.0507124838
25.850 1.1126 25.0604070319
25.860 1.1121 25.0701015801
25.870 1.1117 25.0797961283
25.880 1.1113 25.0894906765
25.890 1.1108 25.0991852246
25.900 1.1104 25.1088797728
25.910 1.1099 25.118574321
25.920 1.1095 25.1282688692
25.930 1.1091 25.1379634173
25.940 1.1086 25.1476579655
25.950 1.1082 25.1573525137
25.960 1.1077 25.1670470619
25.970 1.1073 25.17674161
25.980 1.1069 25.1864361582
25.990 1.1064 25.1961307064
26.000 1.1060 25.2058252546
26.010 1.1056 25.2155198027
26.020 1.1051 25.2252143509
26.030 1.1047 25.2349088991
26.040 1.1042 25.2446034473
26.050 1.1038 25.2542979954
26.060 1.1034 25.2639925436
26.070 1.1029 25.2736870918
26.080 1.1025 25.28338164
26.090 1.1021 25.2930761881
26.100 1.1016 25.3027707363
26.110 1.1012 25.3124652845
26.120 1.1008 25.3221598327
26.130 1.1003 25.3318543808
26.140 1.0999 25.341548929
26.150 1.0995 25.3512434772
26.160 1.0990 25.3609380254
26.170 1.0986 25.3706325735
26.180 1.0982 25.3803271217
26.190 1.0978 25.3900216699
26.200 1.0973 25.3997162181
26.210 1.0969 25.4094107662
26.220 1.0965 25.4191053144
26.230 1.0960 25.4287998626
26.240 1.0956 25.4384944108
26.250 1.0952 25.4481889589
26.260 1.0948 25.4578835071
26.270 1.0943 25.4675780553
26.280 1.0939 25.4772726035
26.290 1.0935 25.4869671516
26.300 1.0930 25.4966616998
26.310 1.0926 25.506356248
26.320 1.0922 25.5160507962
26.330 1.0918 25.5257453443
26.340 1.0913 25.5354398925
26.350 1.0909 25.5451344407
26.360 1.0905 25.5548289889
26.370 1.0901 25.564523537
26.380 1.0896 25.5742180852
26.390 1.0892 25.5839126334
26.400 1.0888 25.5936071816
26.410 1.0884 25.6033017297
26.420 1.0879 25.6129962779
26.430 1.0875 25.6226908261
26.440 1.0871 25.6323853743
26.450 1.0867 25.6420799224
26.460 1.0863 25.6517744706
26.470 1.0858 25.6614690188
26.480 1.0854 25.671163567
26.490 1.0850 25.6808581151
26.500 1.0846 25.6905526633
26.510 1.0842 25.7002472115
26.520 1.0837 25.7099417597
26.530 1.0833 25.7196363078
26.540 1.0829 25.729330856
26.550 1.0825 25.7390254042
26.560 1.0821 25.7487199524
26.570 1.0816 25.7584145005
26.580 1.0812 25.7681090487
26.590 1.0808 25.7778035969
26.600 1.0804 25.7874981451
26.610 1.0800 25.7971926932
26.620 1.0796 25.8068872414
26.630 1.0791 25.8165817896
26.640 1.0787 25.8262763378
26.650 1.0783 25.8359708859
26.660 1.0779 25.8456654341
26.670 1.0775 25.8553599823
26.680 1.0771 25.8650545305
26.690 1.0766 25.8747490786
26.700 1.0762 25.8844436268
26.710 1.0758 25.894138175
26.720 1.0754 25.9038327232
26.730 1.0750 25.9135272713
26.740 1.0746 25.9232218195
26.750 1.0742 25.9329163677
26.760 1.0738 25.9426109159
26.770 1.0733 25.952305464
26.780 1.0729 25.9620000122
26.790 1.0725 25.9716945604
26.800 1.0721 25.9813891086
26.810 1.0717 25.9910836567
26.820 1.0713 26.0007782049
26.830 1.0709 26.0104727531
26.840 1.0705 26.0201673013
26.850 1.0701 26.0298618494
26.860 1.0697 26.0395563976
26.870 1.0692 26.0492509458
26.880 1.0688 26.058945494
26.890 1.0684 26.0686400421
26.900 1.0680 26.0783345903
26.910 1.0676 26.0880291385
26.920 1.0672 26.0977236867
26.930 1.0668 26.1074182348
26.940 1.0664 26.117112783
26.950 1.0660 26.1268073312
26.960 1.0656 26.1365018794
26.970 1.0652 26.1461964275
26.980 1.0648 26.1558909757
26.990 1.0644 26.1655855239
27.000 1.0640 26.175280072
27.010 1.0635 26.1849746202
27.020 1.0631 26.1946691684
27.030 1.0627 26.2043637166
27.040 1.0623 26.2140582647
27.050 1.0619 26.2237528129
27.060 1.0615 26.2334473611
27.070 1.0611 26.2431419093
27.080 1.0607 26.2528364574
27.090 1.0603 26.2625310056
27.100 1.0599 26.2722255538
27.110 1.0595 26.281920102
27.120 1.0591 26.2916146501
27.130 1.0587 26.3013091983
27.140 1.0583 26.3110037465
27.150 1.0579 26.3206982947
27.160 1.0575 26.3303928428
27.170 1.0571 26.340087391
27.180 1.0567 26.3497819392
27.190 1.0563 26.3594764874
27.200 1.0559 26.3691710355
27.210 1.0555 26.3788655837
27.220 1.0551 26.3885601319
27.230 1.0547 26.3982546801
27.240 1.0543 26.4079492282
27.250 1.0539 26.4176437764
27.260 1.0535 26.4273383246
27.270 1.0531 26.4370328728
27.280 1.0527 26.4467274209
27.290 1.0523 26.4564219691
27.300 1.0519 26.4661165173
27.310 1.0515 26.4758110655
27.320 1.0512 26.4855056136
27.330 1.0508 26.4952001618
27.340 1.0504 26.50489471
27.350 1.0500 26.5145892582
27.360 1.0496 26.5242838063
27.370 1.0492 26.5339783545
27.380 1.0488 26.5436729027
27.390 1.0484 26.5533674509
27.400 1.0480 26.563061999
27.410 1.0476 26.5727565472
27.420 1.0472 26.5824510954
27.430 1.0468 26.5921456436
27.440 1.0464 26.6018401917
27.450 1.0460 26.6115347399
27.460 1.0456 26.6212292881
27.470 1.0453 26.6309238363
27.480 1.0449 26.6406183844
27.490 1.0445 26.6503129326
27.500 1.0441 26.6600074808
27.510 1.0437 26.669702029
27.520 1.0433 26.6793965771
27.530 1.0429 26.6890911253
27.540 1.0425 26.6987856735
27.550 1.0421 26.7084802217
27.560 1.0417 26.7181747698
27.570 1.0414 26.727869318
27.580 1.0410 26.7375638662
27.590 1.0406 26.7472584144
27.600 1.0402 26.7569529625
27.610 1.0398 26.7666475107
27.620 1.0394 26.7763420589
27.630 1.0390 26.7860366071
27.640 1.0386 26.7957311552
27.650 1.0383 26.8054257034
27.660 1.0379 26.8151202516
27.670 1.0375 26.8248147998
27.680 1.0371 26.8345093479
27.690 1.0367 26.8442038961
27.700 1.0363 26.8538984443
27.710 1.0360 26.8635929925
27.720 1.0356 26.8732875406
27.730 1.0352 26.8829820888
27.740 1.0348 26.892676637
27.750 1.0344 26.9023711852
27.760 1.0340 26.9120657333
27.770 1.0337 26.9217602815
27.780 1.0333 26.9314548297
27.790 1.0329 26.9411493779
27.800 1.0325 26.950843926
27.810 1.0321 26.9605384742
27.820 1.0317 26.9702330224
27.830 1.0314 26.9799275706
27.840 1.0310 26.9896221187
27.850 1.0306 26.9993166669
27.860 1.0302 27.0090112151
27.870 1.0298 27.0187057633
27.880 1.0295 27.0284003114
27.890 1.0291 27.0380948596
27.900 1.0287 27.0477894078
27.910 1.0283 27.057483956
27.920 1.0279 27.0671785041
27.930 1.0276 27.0768730523
27.940 1.0272 27.0865676005
27.950 1.0268 27.0962621487
27.960 1.0264 27.1059566968
27.970 1.0261 27.115651245
27.980 1.0257 27.1253457932
27.990 1.0253 27.1350403414
28.000 1.0249 27.1447348895
28.010 1.0245 27.1544294377
28.020 1.0242 27.1641239859
28.030 1.0238 27.1738185341
28.040 1.0234 27.1835130822
28.050 1.0230 27.1932076304
28.060 1.0227 27.2029021786
28.070 1.0223 27.2125967268
28.080 1.0219 27.2222912749
28.090 1.0215 27.2319858231
28.100 1.0212 27.2416803713
28.110 1.0208 27.2513749195
28.120 1.0204 27.2610694676
28.130 1.0201 27.2707640158
28.140 1.0197 27.280458564
28.150 1.0193 27.2901531122
28.160 1.0189 27.2998476603
28.170 1.0186 27.3095422085
28.180 1.0182 27.3192367567
28.190 1.0178 27.3289313049
28.200 1.0174 27.338625853
28.210 1.0171 27.3483204012
28.220 1.0167 27.3580149494
28.230 1.0163 27.3677094976
28.240 1.0160 27.3774040457
28.250 1.0156 27.3870985939
28.260 1.0152 27.3967931421
28.270 1.0149 27.4064876903
28.280 1.0145 27.4161822384
28.290 1.0141 27.4258767866
28.300 1.0138 27.4355713348
28.310 1.0134 27.445265883
28.320 1.0130 27.4549604311
28.330 1.0126 27.4646549793
28.340 1.0123 27.4743495275
28.350 1.0119 27.4840440757
28.360 1.0115 27.4937386238
28.370 1.0112 27.503433172
28.380 1.0108 27.5131277202
28.390 1.0104 27.5228222684
28.400 1.0101 27.5325168165
28.410 1.0097 27.5422113647
28.420 1.0093 27.5519059129
28.430 1.0090 27.5616004611
28.440 1.0086 27.5712950092
28.450 1.0083 27.5809895574
28.460 1.0079 27.5906841056
28.470 1.0075 27.6003786538
28.480 1.0072 27.6100732019
28.490 1.0068 27.6197677501
28.500 1.0064 27.6294622983
28.510 1.0061 27.6391568464
28.520 1.0057 27.6488513946
28.530 1.0053 27.6585459428
28.540 1.0050 27.668240491
28.550 1.0046 27.6779350391
28.560 1.0043 27.6876295873
28.570 1.0039 27.6973241355
28.580 1.0035 27.7070186837
28.590 1.0032 27.7167132318
28.600 1.0028 27.72640778
28.610 1.0025 27.7361023282
28.620 1.0021 27.7457968764
28.630 1.0017 27.7554914245
28.640 1.0014 27.7651859727
28.650 1.0010 27.7748805209
28.660 1.0007 27.7845750691
28.670 1.0003 27.7942696172
28.680 0.99994 27.8039641654
28.690 0.99958 27.8136587136
28.700 0.99922 27.8233532618
28.710 0.99886 27.8330478099
28.720 0.99851 27.8427423581
28.730 0.99815 27.8524369063
28.740 0.99779 27.8621314545
28.750 0.99743 27.8718260026
28.760 0.99708 27.8815205508
28.770 0.99672 27.891215099
28.780 0.99636 27.9009096472
28.790 0.99601 27.9106041953
28.800 0.99565 27.9202987435
28.810 0.99530 27.9299932917
28.820 0.99494 27.9396878399
28.830 0.99459 27.949382388
28.840 0.99423 27.9590769362
28.850 0.99388 27.9687714844
28.860 0.99352 27.9784660326
28.870 0.99317 27.9881605807
28.880 0.99281 27.9978551289
28.890 0.99246 28.0075496771
28.900 0.99211 28.0172442253
28.910 0.99175 28.0269387734
28.920 0.99140 28.0366333216
28.930 0.99105 28.0463278698
28.940 0.99070 28.056022418
28.950 0.99034 28.0657169661
28.960 0.98999 28.0754115143
28.970 0.98964 28.0851060625
28.980 0.98929 28.0948006107
28.990 0.98894 28.1044951588
29.000 0.98859 28.114189707
29.010 0.98824 28.1238842552
29.020 0.98789 28.1335788034
29.030 0.98754 28.1432733515
29.040 0.98719 28.1529678997
29.050 0.98684 28.1626624479
29.060 0.98649 28.1723569961
29.070 0.98614 28.1820515442
29.080 0.98579 28.1917460924
29.090 0.98544 28.2014406406
29.100 0.98509 28.2111351888
29.110 0.98474 28.2208297369
29.120 0.98439 28.2305242851
29.130 0.98405 28.2402188333
29.140 0.98370 28.2499133815
29.150 0.98335 28.2596079296
29.160 0.98300 28.2693024778
29.170 0.98266 28.278997026
29.180 0.98231 28.2886915742
29.190 0.98196 28.2983861223
29.200 0.98162 28.3080806705
29.210 0.98127 28.3177752187
29.220 0.98093 28.3274697669
29.230 0.98058 28.337164315
29.240 0.98024 28.3468588632
29.250 0.97989 28.3565534114
29.260 0.97955 28.3662479596
29.270 0.97920 28.3759425077
29.280 0.97886 28.3856370559
29.290 0.97851 28.3953316041
29.300 0.97817 28.4050261523
29.310 0.97783 28.4147207004
29.320 0.97748 28.4244152486
29.330 0.97714 28.4341097968
29.340 0.97680 28.443804345
29.350 0.97645 28.4534988931
29.360 0.97611 28.4631934413
29.370 0.97577 28.4728879895
29.380 0.97543 28.4825825377
29.390 0.97509 28.4922770858
29.400 0.97474 28.501971634
29.410 0.97440 28.5116661822
29.420 0.97406 28.5213607304
29.430 0.97372 28.5310552785
29.440 0.97338 28.5407498267
29.450 0.97304 28.5504443749
29.460 0.97270 28.5601389231
29.470 0.97236 28.5698334712
29.480 0.97202 28.5795280194
29.490 0.97168 28.5892225676
29.500 0.97134 28.5989171158
29.510 0.97100 28.6086116639
29.520 0.97067 28.6183062121
29.530 0.97033 28.6280007603
29.540 0.96999 28.6376953085
29.550 0.96965 28.6473898566
29.560 0.96931 28.6570844048
29.570 0.96898 28.666778953
29.580 0.96864 28.6764735012
29.590 0.96830 28.6861680493
29.600 0.96796 28.6958625975
29.610 0.96763 28.7055571457
29.620 0.96729 28.7152516939
29.630 0.96696 28.724946242
29.640 0.96662 28.7346407902
29.650 0.96628 28.7443353384
29.660 0.96595 28.7540298866
29.670 0.96561 28.7637244347
29.680 0.96528 28.7734189829
29.690 0.96494 28.7831135311
29.700 0.96461 28.7928080793
29.710 0.96427 28.8025026274
29.720 0.96394 28.8121971756
29.730 0.96361 28.8218917238
29.740 0.96327 28.831586272
29.750 0.96294 28.8412808201
29.760 0.96261 28.8509753683
29.770 0.96227 28.8606699165
29.780 0.96194 28.8703644647
29.790 0.96161 28.8800590128
29.800 0.96128 28.889753561
29.810 0.96094 28.8994481092
29.820 0.96061 28.9091426574
29.830 0.96028 28.9188372055
29.840 0.95995 28.9285317537
29.850 0.95962 28.9382263019
29.860 0.95929 28.9479208501
29.870 0.95896 28.9576153982
29.880 0.95863 28.9673099464
29.890 0.95829 28.9770044946
29.900 0.95796 28.9866990428
29.910 0.95763 28.9963935909
29.920 0.95731 29.0060881391
29.930 0.95698 29.0157826873
29.940 0.95665 29.0254772355
29.950 0.95632 29.0351717836
29.960 0.95599 29.0448663318
29.970 0.95566 29.05456088
29.980 0.95533 29.0642554282
29.990 0.95500 29.0739499763
30.000 0.95468 29.0836445245
