0.10000 344.62 0.0984551902073
0.11000 313.29 0.108300709228
0.12000 287.18 0.118146228249
0.13000 265.09 0.127991747269
0.14000 246.15 0.13783726629
0.15000 229.74 0.147682785311
0.16000 215.38 0.157528304332
0.17000 202.71 0.167373823352
0.18000 191.45 0.177219342373
0.19000 181.37 0.187064861394
0.20000 172.30 0.196910380415
0.21000 164.10 0.206755899435
0.22000 156.64 0.216601418456
0.23000 149.83 0.226446937477
0.24000 143.58 0.236292456497
0.25000 137.84 0.246137975518
0.26000 132.54 0.255983494539
0.27000 127.63 0.26582901356
0.28000 123.07 0.27567453258
0.29000 118.82 0.285520051601
0.30000 114.86 0.295365570622
0.31000 111.16 0.305211089642
0.32000 107.68 0.315056608663
0.33000 104.42 0.324902127684
0.34000 101.35 0.334747646705
0.35000 98.450 0.344593165725
0.36000 95.715 0.354438684746
0.37000 93.128 0.364284203767
0.38000 90.676 0.374129722788
0.39000 88.351 0.383975241808
0.40000 86.142 0.393820760829
0.41000 84.040 0.40366627985
0.42000 82.039 0.41351179887
0.43000 80.131 0.423357317891
0.44000 78.309 0.433202836912
0.45000 76.568 0.443048355933
0.46000 74.903 0.452893874953
0.47000 73.309 0.462739393974
0.48000 71.782 0.472584912995
0.49000 70.316 0.482430432016
0.50000 68.910 0.492275951036
0.51000 67.558 0.502121470057
0.52000 66.259 0.511966989078
0.53000 65.008 0.521812508098
0.54000 63.804 0.531658027119
0.55000 62.643 0.54150354614
0.56000 61.524 0.551349065161
0.57000 60.445 0.561194584181
0.58000 59.402 0.571040103202
0.59000 58.395 0.580885622223
0.60000 57.422 0.590731141244
0.61000 56.480 0.600576660264
0.62000 55.569 0.610422179285
0.63000 54.686 0.620267698306
0.64000 53.832 0.630113217326
0.65000 53.003 0.639958736347
0.66000 52.200 0.649804255368
0.67000 51.420 0.659649774389
0.68000 50.664 0.669495293409
0.69000 49.929 0.67934081243
0.70000 49.216 0.689186331451
0.71000 48.522 0.699031850472
0.72000 47.848 0.708877369492
0.73000 47.193 0.718722888513
0.74000 46.555 0.728568407534
0.75000 45.934 0.738413926554
0.76000 45.329 0.748259445575
0.77000 44.740 0.758104964596
0.78000 44.166 0.767950483617
0.79000 43.607 0.777796002637
0.80000 43.062 0.787641521658
0.81000 42.530 0.797487040679
0.82000 42.011 0.8073325597
0.83000 41.504 0.81717807872
0.84000 41.010 0.827023597741
0.85000 40.527 0.836869116762
0.86000 40.056 0.846714635782
0.87000 39.595 0.856560154803
0.88000 39.145 0.866405673824
0.89000 38.705 0.876251192845
0.90000 38.275 0.886096711865
0.91000 37.854 0.895942230886
0.92000 37.442 0.905787749907
0.93000 37.040 0.915633268927
0.94000 36.645 0.925478787948
0.95000 36.259 0.935324306969
0.96000 35.882 0.94516982599
0.97000 35.511 0.95501534501
0.98000 35.149 0.964860864031
0.99000 34.794 0.974706383052
1.0000 34.446 0.984551902073
1.0100 34.104 0.994397421093
1.0200 33.770 1.00424294011
1.0300 33.442 1.01408845913
1.0400 33.120 1.02393397816
1.0500 32.804 1.03377949718
1.0600 32.495 1.0436250162
1.0700 32.191 1.05347053522
1.0800 31.893 1.06331605424
1.0900 31.600 1.07316157326
1.1000 31.312 1.08300709228
1.1100 31.030 1.0928526113
1.1200 30.753 1.10269813032
1.1300 30.481 1.11254364934
1.1400 30.213 1.12238916836
1.1500 29.950 1.13223468738
1.1600 29.692 1.1420802064
1.1700 29.438 1.15192572542
1.1800 29.188 1.16177124445
1.1900 28.943 1.17161676347
1.2000 28.702 1.18146228249
1.2100 28.464 1.19130780151
1.2200 28.231 1.20115332053
1.2300 28.001 1.21099883955
1.2400 27.775 1.22084435857
1.2500 27.553 1.23068987759
1.2600 27.334 1.24053539661
1.2700 27.119 1.25038091563
1.2800 26.907 1.26022643465
1.2900 26.698 1.27007195367
1.3000 26.492 1.27991747269
1.3100 26.290 1.28976299172
1.3200 26.091 1.29960851074
1.3300 25.894 1.30945402976
1.3400 25.701 1.31929954878
1.3500 25.510 1.3291450678
1.3600 25.323 1.33899058682
1.3700 25.138 1.34883610584
1.3800 24.955 1.35868162486
1.3900 24.776 1.36852714388
1.4000 24.599 1.3783726629
1.4100 24.424 1.38821818192
1.4200 24.252 1.39806370094
1.4300 24.082 1.40790921996
1.4400 23.915 1.41775473898
1.4500 23.750 1.42760025801
1.4600 23.587 1.43744577703
1.4700 23.426 1.44729129605
1.4800 23.268 1.45713681507
1.4900 23.112 1.46698233409
1.5000 22.958 1.47682785311
1.5100 22.805 1.48667337213
1.5200 22.655 1.49651889115
1.5300 22.507 1.50636441017
1.5400 22.361 1.51620992919
1.5500 22.216 1.52605544821
1.5600 22.074 1.53590096723
1.5700 21.933 1.54574648625
1.5800 21.794 1.55559200527
1.5900 21.657 1.5654375243
1.6000 21.522 1.57528304332
1.6100 21.388 1.58512856234
1.6200 21.256 1.59497408136
1.6300 21.125 1.60481960038
1.6400 20.996 1.6146651194
1.6500 20.869 1.62451063842
1.6600 20.743 1.63435615744
1.6700 20.619 1.64420167646
1.6800 20.496 1.65404719548
1.6900 20.374 1.6638927145
1.7000 20.254 1.67373823352
1.7100 20.136 1.68358375254
1.7200 20.019 1.69342927156
1.7300 19.903 1.70327479059
1.7400 19.788 1.71312030961
1.7500 19.675 1.72296582863
1.7600 19.563 1.73281134765
1.7700 19.453 1.74265686667
1.7800 19.343 1.75250238569
1.7900 19.235 1.76234790471
1.8000 19.128 1.77219342373
1.8100 19.022 1.78203894275
1.8200 18.918 1.79188446177
1.8300 18.814 1.80172998079
1.8400 18.712 1.81157549981
1.8500 18.611 1.82142101883
1.8600 18.511 1.83126653785
1.8700 18.411 1.84111205688
1.8800 18.313 1.8509575759
1.8900 18.216 1.86080309492
1.9000 18.120 1.87064861394
1.9100 18.025 1.88049413296
1.9200 17.932 1.89033965198
1.9300 17.838 1.900185171
1.9400 17.746 1.91003069002
1.9500 17.655 1.91987620904
1.9600 17.565 1.92972172806
1.9700 17.476 1.93956724708
1.9800 17.388 1.9494127661
1.9900 17.300 1.95925828512
2.0000 17.214 1.96910380415
2.0100 17.128 1.97894932317
2.0200 17.043 1.98879484219
2.0300 16.959 1.99864036121
2.0400 16.876 2.00848588023
2.0500 16.793 2.01833139925
2.0600 16.712 2.02817691827
2.0700 16.631 2.03802243729
2.0800 16.551 2.04786795631
2.0900 16.471 2.05771347533
2.1000 16.393 2.06755899435
2.1100 16.315 2.07740451337
2.1200 16.238 2.08725003239
2.1300 16.162 2.09709555141
2.1400 16.086 2.10694107044
2.1500 16.011 2.11678658946
2.1600 15.937 2.12663210848
2.1700 15.864 2.1364776275
2.1800 15.791 2.14632314652
2.1900 15.718 2.15616866554
2.2000 15.647 2.16601418456
2.2100 15.576 2.17585970358
2.2200 15.506 2.1857052226
2.2300 15.436 2.19555074162
2.2400 15.367 2.20539626064
2.2500 15.299 2.21524177966
2.2600 15.231 2.22508729868
2.2700 15.164 2.2349328177
2.2800 15.097 2.24477833673
2.2900 15.031 2.25462385575
2.3000 14.966 2.26446937477
2.3100 14.901 2.27431489379
2.3200 14.837 2.28416041281
2.3300 14.773 2.29400593183
2.3400 14.710 2.30385145085
2.3500 14.647 2.31369696987
2.3600 14.585 2.32354248889
2.3700 14.523 2.33338800791
2.3800 14.462 2.34323352693
2.3900 14.402 2.35307904595
2.4000 14.342 2.36292456497
2.4100 14.282 2.37277008399
2.4200 14.223 2.38261560302
2.4300 14.164 2.39246112204
2.4400 14.106 2.40230664106
2.4500 14.048 2.41215216008
2.4600 13.991 2.4219976791
2.4700 13.935 2.43184319812
2.4800 13.878 2.44168871714
2.4900 13.822 2.45153423616
2.5000 13.767 2.46137975518
2.5100 13.712 2.4712252742
2.5200 13.658 2.48107079322
2.5300 13.604 2.49091631224
2.5400 13.550 2.50076183126
2.5500 13.497 2.51060735029
2.5600 13.444 2.52045286931
2.5700 13.392 2.53029838833
2.5800 13.340 2.54014390735
2.5900 13.288 2.54998942637
2.6000 13.237 2.55983494539
2.6100 13.186 2.56968046441
2.6200 13.136 2.57952598343
2.6300 13.086 2.58937150245
2.6400 13.036 2.59921702147
2.6500 12.987 2.60906254049
2.6600 12.938 2.61890805951
2.6700 12.889 2.62875357853
2.6800 12.841 2.63859909755
2.6900 12.793 2.64844461658
2.7000 12.746 2.6582901356
2.7100 12.699 2.66813565462
2.7200 12.652 2.67798117364
2.7300 12.606 2.68782669266
2.7400 12.560 2.69767221168
2.7500 12.514 2.7075177307
2.7600 12.468 2.71736324972
2.7700 12.423 2.72720876874
2.7800 12.379 2.73705428776
2.7900 12.334 2.74689980678
2.8000 12.290 2.7567453258
2.8100 12.246 2.76659084482
2.8200 12.203 2.77643636384
2.8300 12.160 2.78628188287
2.8400 12.117 2.79612740189
2.8500 12.074 2.80597292091
2.8600 12.032 2.81581843993
2.8700 11.990 2.82566395895
2.8800 11.948 2.83550947797
2.8900 11.907 2.84535499699
2.9000 11.866 2.85520051601
2.9100 11.825 2.86504603503
2.9200 11.784 2.87489155405
2.9300 11.744 2.88473707307
2.9400 11.704 2.89458259209
2.9500 11.664 2.90442811111
2.9600 11.625 2.91427363013
2.9700 11.586 2.92411914916
2.9800 11.547 2.93396466818
2.9900 11.508 2.9438101872
3.0000 11.470 2.95365570622
3.0100 11.431 2.96350122524
3.0200 11.393 2.97334674426
3.0300 11.356 2.98319226328
3.0400 11.318 2.9930377823
3.0500 11.281 3.00288330132
3.0600 11.244 3.01272882034
3.0700 11.208 3.02257433936
3.0800 11.171 3.03241985838
3.0900 11.135 3.0422653774
3.1000 11.099 3.05211089642
3.1100 11.063 3.06195641545
3.1200 11.028 3.07180193447
3.1300 10.992 3.08164745349
3.1400 10.957 3.09149297251
3.1500 10.922 3.10133849153
3.1600 10.888 3.11118401055
3.1700 10.853 3.12102952957
3.1800 10.819 3.13087504859
3.1900 10.785 3.14072056761
3.2000 10.752 3.15056608663
3.2100 10.718 3.16041160565
3.2200 10.685 3.17025712467
3.2300 10.652 3.18010264369
3.2400 10.619 3.18994816272
3.2500 10.586 3.19979368174
3.2600 10.553 3.20963920076
3.2700 10.521 3.21948471978
3.2800 10.489 3.2293302388
3.2900 10.457 3.23917575782
3.3000 10.425 3.24902127684
3.3100 10.394 3.25886679586
3.3200 10.362 3.26871231488
3.3300 10.331 3.2785578339
3.3400 10.300 3.28840335292
3.3500 10.269 3.29824887194
3.3600 10.239 3.30809439096
3.3700 10.208 3.31793990998
3.3800 10.178 3.32778542901
3.3900 10.148 3.33763094803
3.4000 10.118 3.34747646705
3.4100 10.088 3.35732198607
3.4200 10.059 3.36716750509
3.4300 10.029 3.37701302411
3.4400 10.000 3.38685854313
3.4500 9.9711 3.39670406215
3.4600 9.9422 3.40654958117
3.4700 9.9135 3.41639510019
3.4800 9.8850 3.42624061921
3.4900 9.8566 3.43608613823
3.5000 9.8284 3.44593165725
3.5100 9.8004 3.45577717627
3.5200 9.7725 3.4656226953
3.5300 9.7447 3.47546821432
3.5400 9.7171 3.48531373334
3.5500 9.6897 3.49515925236
3.5600 9.6624 3.50500477138
3.5700 9.6353 3.5148502904
3.5800 9.6084 3.52469580942
3.5900 9.5815 3.53454132844
3.6000 9.5549 3.54438684746
3.6100 9.5284 3.55423236648
3.6200 9.5020 3.5640778855
3.6300 9.4758 3.57392340452
3.6400 9.4497 3.58376892354
3.6500 9.4237 3.59361444256
3.6600 9.3979 3.60345996159
3.6700 9.3723 3.61330548061
3.6800 9.3468 3.62315099963
3.6900 9.3214 3.63299651865
3.7000 9.2961 3.64284203767
3.7100 9.2710 3.65268755669
3.7200 9.2461 3.66253307571
3.7300 9.2212 3.67237859473
3.7400 9.1965 3.68222411375
3.7500 9.1720 3.69206963277
3.7600 9.1475 3.70191515179
3.7700 9.1232 3.71176067081
3.7800 9.0990 3.72160618983
3.7900 9.0750 3.73145170886
3.8000 9.0510 3.74129722788
3.8100 9.0272 3.7511427469
3.8200 9.0035 3.76098826592
3.8300 8.9800 3.77083378494
3.8400 8.9566 3.78067930396
3.8500 8.9332 3.79052482298
3.8600 8.9101 3.800370342
3.8700 8.8870 3.81021586102
3.8800 8.8640 3.82006138004
3.8900 8.8412 3.82990689906
3.9000 8.8185 3.83975241808
3.9100 8.7959 3.8495979371
3.9200 8.7734 3.85944345612
3.9300 8.7510 3.86928897515
3.9400 8.7288 3.87913449417
3.9500 8.7066 3.88898001319
3.9600 8.6846 3.89882553221
3.9700 8.6627 3.90867105123
3.9800 8.6409 3.91851657025
3.9900 8.6192 3.92836208927
4.0000 8.5976 3.93820760829
4.0100 8.5761 3.94805312731
4.0200 8.5547 3.95789864633
4.0300 8.5334 3.96774416535
4.0400 8.5123 3.97758968437
4.0500 8.4912 3.98743520339
4.0600 8.4702 3.99728072241
4.0700 8.4494 4.00712624144
4.0800 8.4286 4.01697176046
4.0900 8.4080 4.02681727948
4.1000 8.3874 4.0366627985
4.1100 8.3670 4.04650831752
4.1200 8.3466 4.05635383654
4.1300 8.3264 4.06619935556
4.1400 8.3062 4.07604487458
4.1500 8.2861 4.0858903936
4.1600 8.2662 4.09573591262
4.1700 8.2463 4.10558143164
4.1800 8.2265 4.11542695066
4.1900 8.2069 4.12527246968
4.2000 8.1873 4.1351179887
4.2100 8.1678 4.14496350773
4.2200 8.1484 4.15480902675
4.2300 8.1291 4.16465454577
4.2400 8.1099 4.17450006479
4.2500 8.0908 4.18434558381
4.2600 8.0717 4.19419110283
4.2700 8.0528 4.20403662185
4.2800 8.0339 4.21388214087
4.2900 8.0151 4.22372765989
4.3000 7.9965 4.23357317891
4.3100 7.9779 4.24341869793
4.3200 7.9594 4.25326421695
4.3300 7.9409 4.26310973597
4.3400 7.9226 4.27295525499
4.3500 7.9043 4.28280077402
4.3600 7.8862 4.29264629304
4.3700 7.8681 4.30249181206
4.3800 7.8501 4.31233733108
4.3900 7.8321 4.3221828501
4.4000 7.8143 4.33202836912
4.4100 7.7965 4.34187388814
4.4200 7.7789 4.35171940716
4.4300 7.7613 4.36156492618
4.4400 7.7437 4.3714104452
4.4500 7.7263 4.38125596422
4.4600 7.7089 4.39110148324
4.4700 7.6917 4.40094700226
4.4800 7.6744 4.41079252129
4.4900 7.6573 4.42063804031
4.5000 7.6403 4.43048355933
4.5100 7.6233 4.44032907835
4.5200 7.6064 4.45017459737
4.5300 7.5895 4.46002011639
4.5400 7.5728 4.46986563541
4.5500 7.5561 4.47971115443
4.5600 7.5395 4.48955667345
4.5700 7.5229 4.49940219247
4.5800 7.5065 4.50924771149
4.5900 7.4901 4.51909323051
4.6000 7.4738 4.52893874953
4.6100 7.4575 4.53878426855
4.6200 7.4413 4.54862978758
4.6300 7.4252 4.5584753066
4.6400 7.4092 4.56832082562
4.6500 7.3932 4.57816634464
4.6600 7.3773 4.58801186366
4.6700 7.3615 4.59785738268
4.6800 7.3457 4.6077029017
4.6900 7.3300 4.61754842072
4.7000 7.3144 4.62739393974
4.7100 7.2988 4.63723945876
4.7200 7.2833 4.64708497778
4.7300 7.2679 4.6569304968
4.7400 7.2525 4.66677601582
4.7500 7.2372 4.67662153484
4.7600 7.2219 4.68646705387
4.7700 7.2068 4.69631257289
4.7800 7.1916 4.70615809191
4.7900 7.1766 4.71600361093
4.8000 7.1616 4.72584912995
4.8100 7.1467 4.73569464897
4.8200 7.1318 4.74554016799
4.8300 7.1170 4.75538568701
4.8400 7.1023 4.76523120603
4.8500 7.0876 4.77507672505
4.8600 7.0730 4.78492224407
4.8700 7.0584 4.79476776309
4.8800 7.0439 4.80461328211
4.8900 7.0295 4.81445880113
4.9000 7.0151 4.82430432016
4.9100 7.0007 4.83414983918
4.9200 6.9865 4.8439953582
4.9300 6.9723 4.85384087722
4.9400 6.9581 4.86368639624
4.9500 6.9440 4.87353191526
4.9600 6.9300 4.88337743428
4.9700 6.9160 4.8932229533
4.9800 6.9021 4.90306847232
4.9900 6.8882 4.91291399134
5.0000 6.8744 4.92275951036
5.1000 6.7393 5.02121470057
5.1100 6.7260 5.03106021959
5.1200 6.7129 5.04090573861
5.1300 6.6997 5.05075125763
5.1400 6.6867 5.06059677665
5.1500 6.6736 5.07044229567
5.1600 6.6607 5.08028781469
5.1700 6.6478 5.09013333372
5.1800 6.6349 5.09997885274
5.1900 6.6221 5.10982437176
5.2000 6.6093 5.11966989078
5.2100 6.5966 5.1295154098
5.2200 6.5839 5.13936092882
5.2300 6.5713 5.14920644784
5.2400 6.5587 5.15905196686
5.2500 6.5462 5.16889748588
5.2600 6.5337 5.1787430049
5.2700 6.5213 5.18858852392
5.2800 6.5089 5.19843404294
5.2900 6.4966 5.20827956196
5.3000 6.4843 5.21812508098
5.3100 6.4720 5.22797060001
5.3200 6.4598 5.23781611903
5.3300 6.4477 5.24766163805
5.3400 6.4356 5.25750715707
5.3500 6.4235 5.26735267609
5.3600 6.4115 5.27719819511
5.3700 6.3995 5.28704371413
5.3800 6.3876 5.29688923315
5.3900 6.3757 5.30673475217
5.4000 6.3638 5.31658027119
5.4100 6.3520 5.32642579021
5.4200 6.3403 5.33627130923
5.4300 6.3286 5.34611682825
5.4400 6.3169 5.35596234727
5.4500 6.3053 5.3658078663
5.4600 6.2937 5.37565338532
5.4700 6.2822 5.38549890434
5.4800 6.2707 5.39534442336
5.4900 6.2592 5.40518994238
5.5000 6.2478 5.4150354614
5.5100 6.2364 5.42488098042
5.5200 6.2251 5.43472649944
5.5300 6.2138 5.44457201846
5.5400 6.2026 5.45441753748
5.5500 6.1914 5.4642630565
5.5600 6.1802 5.47410857552
5.5700 6.1691 5.48395409454
5.5800 6.1580 5.49379961356
5.5900 6.1469 5.50364513259
5.6000 6.1359 5.51349065161
5.6100 6.1249 5.52333617063
5.6200 6.1140 5.53318168965
5.6300 6.1031 5.54302720867
5.6400 6.0923 5.55287272769
5.6500 6.0815 5.56271824671
5.6600 6.0707 5.57256376573
5.6700 6.0599 5.58240928475
5.6800 6.0492 5.59225480377
5.6900 6.0386 5.60210032279
5.7000 6.0279 5.61194584181
5.7100 6.0174 5.62179136083
5.7200 6.0068 5.63163687986
5.7300 5.9963 5.64148239888
5.7400 5.9858 5.6513279179
5.7500 5.9754 5.66117343692
5.7600 5.9650 5.67101895594
5.7700 5.9546 5.68086447496
5.7800 5.9443 5.69070999398
5.7900 5.9340 5.700555513
5.8000 5.9237 5.71040103202
5.8100 5.9135 5.72024655104
5.8200 5.9033 5.73009207006
5.8300 5.8931 5.73993758908
5.8400 5.8830 5.7497831081
5.8500 5.8729 5.75962862712
5.8600 5.8629 5.76947414615
5.8700 5.8529 5.77931966517
5.8800 5.8429 5.78916518419
5.8900 5.8329 5.79901070321
5.9000 5.8230 5.80885622223
5.9100 5.8131 5.81870174125
5.9200 5.8033 5.82854726027
5.9300 5.7934 5.83839277929
5.9400 5.7837 5.84823829831
5.9500 5.7739 5.85808381733
5.9600 5.7642 5.86792933635
5.9700 5.7545 5.87777485537
5.9800 5.7449 5.88762037439
5.9900 5.7352 5.89746589341
6.0000 5.7256 5.90731141244
6.0100 5.7161 5.91715693146
6.0200 5.7066 5.92700245048
6.0300 5.6971 5.9368479695
6.0400 5.6876 5.94669348852
6.0500 5.6782 5.95653900754
6.0600 5.6688 5.96638452656
6.0700 5.6594 5.97623004558
6.0800 5.6501 5.9860755646
6.0900 5.6408 5.99592108362
6.1000 5.6315 6.00576660264
6.1100 5.6222 6.01561212166
6.1200 5.6130 6.02545764068
6.1300 5.6038 6.0353031597
6.1400 5.5947 6.04514867873
6.1500 5.5856 6.05499419775
6.1600 5.5765 6.06483971677
6.1700 5.5674 6.07468523579
6.1800 5.5584 6.08453075481
6.1900 5.5493 6.09437627383
6.2000 5.5404 6.10422179285
6.2100 5.5314 6.11406731187
6.2200 5.5225 6.12391283089
6.2300 5.5136 6.13375834991
6.2400 5.5047 6.14360386893
6.2500 5.4959 6.15344938795
6.2600 5.4871 6.16329490697
6.2700 5.4783 6.173140426
6.2800 5.4696 6.18298594502
6.2900 5.4608 6.19283146404
6.3000 5.4521 6.20267698306
6.3100 5.4435 6.21252250208
6.3200 5.4348 6.2223680211
6.3300 5.4262 6.23221354012
6.3400 5.4176 6.24205905914
6.3500 5.4091 6.25190457816
6.3600 5.4005 6.26175009718
6.3700 5.3920 6.2715956162
6.3800 5.3835 6.28144113522
6.3900 5.3751 6.29128665424
6.4000 5.3667 6.30113217326
6.4100 5.3583 6.31097769229
6.4200 5.3499 6.32082321131
6.4300 5.3415 6.33066873033
6.4400 5.3332 6.34051424935
6.4500 5.3249 6.35035976837
6.4600 5.3167 6.36020528739
6.4700 5.3084 6.37005080641
6.4800 5.3002 6.37989632543
6.4900 5.2920 6.38974184445
6.5000 5.2838 6.39958736347
6.5100 5.2757 6.40943288249
6.5200 5.2676 6.41927840151
6.5300 5.2595 6.42912392053
6.5400 5.2514 6.43896943955
6.5500 5.2433 6.44881495858
6.5600 5.2353 6.4586604776
6.5700 5.2273 6.46850599662
6.5800 5.2194 6.47835151564
6.5900 5.2114 6.48819703466
6.6000 5.2035 6.49804255368
6.6100 5.1956 6.5078880727
6.6200 5.1877 6.51773359172
6.6300 5.1799 6.52757911074
6.6400 5.1720 6.53742462976
6.6500 5.1642 6.54727014878
6.6600 5.1564 6.5571156678
6.6700 5.1487 6.56696118682
6.6800 5.1410 6.57680670584
6.6900 5.1332 6.58665222487
6.7000 5.1256 6.59649774389
6.7100 5.1179 6.60634326291
6.7200 5.1102 6.61618878193
6.7300 5.1026 6.62603430095
6.7400 5.0950 6.63587981997
6.7500 5.0875 6.64572533899
6.7600 5.0799 6.65557085801
6.7700 5.0724 6.66541637703
6.7800 5.0649 6.67526189605
6.7900 5.0574 6.68510741507
6.8000 5.0499 6.69495293409
6.8100 5.0425 6.70479845311
6.8200 5.0351 6.71464397213
6.8300 5.0277 6.72448949116
6.8400 5.0203 6.73433501018
6.8500 5.0129 6.7441805292
6.8600 5.0056 6.75402604822
6.8700 4.9983 6.76387156724
6.8800 4.9910 6.77371708626
6.8900 4.9837 6.78356260528
6.9000 4.9765 6.7934081243
6.9100 4.9692 6.80325364332
6.9200 4.9620 6.81309916234
6.9300 4.9548 6.82294468136
6.9400 4.9477 6.83279020038
6.9500 4.9405 6.8426357194
6.9600 4.9334 6.85248123843
6.9700 4.9263 6.86232675745
6.9800 4.9192 6.87217227647
6.9900 4.9122 6.88201779549
7.0000 4.9051 6.89186331451
7.0100 4.8981 6.90170883353
7.0200 4.8911 6.91155435255
7.0300 4.8841 6.92139987157
7.0400 4.8771 6.93124539059
7.0500 4.8702 6.94109090961
7.0600 4.8633 6.95093642863
7.0700 4.8564 6.96078194765
7.0800 4.8495 6.97062746667
7.0900 4.8426 6.98047298569
7.1000 4.8358 6.99031850472
7.1100 4.8290 7.00016402374
7.1200 4.8221 7.01000954276
7.1300 4.8154 7.01985506178
7.1400 4.8086 7.0297005808
7.1500 4.8018 7.03954609982
7.1600 4.7951 7.04939161884
7.1700 4.7884 7.05923713786
7.1800 4.7817 7.06908265688
7.1900 4.7750 7.0789281759
7.2000 4.7684 7.08877369492
7.2100 4.7617 7.09861921394
7.2200 4.7551 7.10846473296
7.2300 4.7485 7.11831025198
7.2400 4.7419 7.12815577101
7.2500 4.7354 7.13800129003
7.2600 4.7288 7.14784680905
7.2700 4.7223 7.15769232807
7.2800 4.7158 7.16753784709
7.2900 4.7093 7.17738336611
7.3000 4.7028 7.18722888513
7.3100 4.6963 7.19707440415
7.3200 4.6899 7.20691992317
7.3300 4.6835 7.21676544219
7.3400 4.6771 7.22661096121
7.3500 4.6707 7.23645648023
7.3600 4.6643 7.24630199925
7.3700 4.6580 7.25614751827
7.3800 4.6516 7.2659930373
7.3900 4.6453 7.27583855632
7.4000 4.6390 7.28568407534
7.4100 4.6327 7.29552959436
7.4200 4.6265 7.30537511338
7.4300 4.6202 7.3152206324
7.4400 4.6140 7.32506615142
7.4500 4.6077 7.33491167044
7.4600 4.6015 7.34475718946
7.4700 4.5954 7.35460270848
7.4800 4.5892 7.3644482275
7.4900 4.5830 7.37429374652
7.5000 4.5769 7.38413926554
7.5100 4.5708 7.39398478456
7.5200 4.5647 7.40383030359
7.5300 4.5586 7.41367582261
7.5400 4.5525 7.42352134163
7.5500 4.5465 7.43336686065
7.5600 4.5404 7.44321237967
7.5700 4.5344 7.45305789869
7.5800 4.5284 7.46290341771
7.5900 4.5224 7.47274893673
7.6000 4.5165 7.48259445575
7.6100 4.5105 7.49243997477
7.6200 4.5046 7.50228549379
7.6300 4.4986 7.51213101281
7.6400 4.4927 7.52197653183
7.6500 4.4868 7.53182205086
7.6600 4.4809 7.54166756988
7.6700 4.4751 7.5515130889
7.6800 4.4692 7.56135860792
7.6900 4.4634 7.57120412694
7.7000 4.4576 7.58104964596
7.7100 4.4518 7.59089516498
7.7200 4.4460 7.600740684
7.7300 4.4402 7.61058620302
7.7400 4.4344 7.62043172204
7.7500 4.4287 7.63027724106
7.7600 4.4230 7.64012276008
7.7700 4.4172 7.6499682791
7.7800 4.4115 7.65981379812
7.7900 4.4059 7.66965931715
7.8000 4.4002 7.67950483617
7.8100 4.3945 7.68935035519
7.8200 4.3889 7.69919587421
7.8300 4.3833 7.70904139323
7.8400 4.3776 7.71888691225
7.8500 4.3720 7.72873243127
7.8600 4.3665 7.73857795029
7.8700 4.3609 7.74842346931
7.8800 4.3553 7.75826898833
7.8900 4.3498 7.76811450735
7.9000 4.3443 7.77796002637
7.9100 4.3387 7.78780554539
7.9200 4.3332 7.79765106441
7.9300 4.3278 7.80749658344
7.9400 4.3223 7.81734210246
7.9500 4.3168 7.82718762148
7.9600 4.3114 7.8370331405
7.9700 4.3059 7.84687865952
7.9800 4.3005 7.85672417854
7.9900 4.2951 7.86656969756
8.0000 4.2897 7.87641521658
8.0100 4.2844 7.8862607356
8.0200 4.2790 7.89610625462
8.0300 4.2736 7.90595177364
8.0400 4.2683 7.91579729266
8.0500 4.2630 7.92564281168
8.0600 4.2577 7.9354883307
8.0700 4.2524 7.94533384973
8.0800 4.2471 7.95517936875
8.0900 4.2418 7.96502488777
8.1000 4.2366 7.97487040679
8.1100 4.2313 7.98471592581
8.1200 4.2261 7.99456144483
8.1300 4.2209 8.00440696385
8.1400 4.2156 8.01425248287
8.1500 4.2105 8.02409800189
8.1600 4.2053 8.03394352091
8.1700 4.2001 8.04378903993
8.1800 4.1949 8.05363455895
8.1900 4.1898 8.06348007797
8.2000 4.1847 8.073325597
8.2100 4.1796 8.08317111602
8.2200 4.1744 8.09301663504
8.2300 4.1694 8.10286215406
8.2400 4.1643 8.11270767308
8.2500 4.1592 8.1225531921
8.2600 4.1541 8.13239871112
8.2700 4.1491 8.14224423014
8.2800 4.1441 8.15208974916
8.2900 4.1390 8.16193526818
8.3000 4.1340 8.1717807872
8.3100 4.1290 8.18162630622
8.3200 4.1241 8.19147182524
8.3300 4.1191 8.20131734426
8.3400 4.1141 8.21116286329
8.3500 4.1092 8.22100838231
8.3600 4.1042 8.23085390133
8.3700 4.0993 8.24069942035
8.3800 4.0944 8.25054493937
8.3900 4.0895 8.26039045839
8.4000 4.0846 8.27023597741
8.4100 4.0797 8.28008149643
8.4200 4.0749 8.28992701545
8.4300 4.0700 8.29977253447
8.4400 4.0652 8.30961805349
8.4500 4.0603 8.31946357251
8.4600 4.0555 8.32930909153
8.4700 4.0507 8.33915461055
8.4800 4.0459 8.34900012958
8.4900 4.0411 8.3588456486
8.5000 4.0363 8.36869116762
8.5100 4.0316 8.37853668664
8.5200 4.0268 8.38838220566
8.5300 4.0221 8.39822772468
8.5400 4.0174 8.4080732437
8.5500 4.0126 8.41791876272
8.5600 4.0079 8.42776428174
8.5700 4.0032 8.43760980076
8.5800 3.9985 8.44745531978
8.5900 3.9939 8.4573008388
8.6000 3.9892 8.46714635782
8.6100 3.9845 8.47699187684
8.6200 3.9799 8.48683739587
8.6300 3.9753 8.49668291489
8.6400 3.9707 8.50652843391
8.6500 3.9660 8.51637395293
8.6600 3.9614 8.52621947195
8.6700 3.9568 8.53606499097
8.6800 3.9523 8.54591050999
8.6900 3.9477 8.55575602901
8.7000 3.9431 8.56560154803
8.7100 3.9386 8.57544706705
8.7200 3.9341 8.58529258607
8.7300 3.9295 8.59513810509
8.7400 3.9250 8.60498362411
8.7500 3.9205 8.61482914313
8.7600 3.9160 8.62467466216
8.7700 3.9115 8.63452018118
8.7800 3.9071 8.6443657002
8.7900 3.9026 8.65421121922
8.8000 3.8981 8.66405673824
8.8100 3.8937 8.67390225726
8.8200 3.8893 8.68374777628
8.8300 3.8848 8.6935932953
8.8400 3.8804 8.70343881432
8.8500 3.8760 8.71328433334
8.8600 3.8716 8.72312985236
8.8700 3.8672 8.73297537138
8.8800 3.8629 8.7428208904
8.8900 3.8585 8.75266640943
8.9000 3.8541 8.76251192845
8.9100 3.8498 8.77235744747
8.9200 3.8455 8.78220296649
8.9300 3.8411 8.79204848551
8.9400 3.8368 8.80189400453
8.9500 3.8325 8.81173952355
8.9600 3.8282 8.82158504257
8.9700 3.8239 8.83143056159
8.9800 3.8196 8.84127608061
8.9900 3.8154 8.85112159963
9.0000 3.8111 8.86096711865
9.0100 3.8069 8.87081263767
9.0200 3.8026 8.88065815669
9.0300 3.7984 8.89050367572
9.0400 3.7942 8.90034919474
9.0500 3.7900 8.91019471376
9.0600 3.7858 8.92004023278
9.0700 3.7816 8.9298857518
9.0800 3.7774 8.93973127082
9.0900 3.7732 8.94957678984
9.1000 3.7690 8.95942230886
9.1100 3.7649 8.96926782788
9.1200 3.7607 8.9791133469
9.1300 3.7566 8.98895886592
9.1400 3.7525 8.99880438494
9.1500 3.7483 9.00864990396
9.1600 3.7442 9.01849542298
9.1700 3.7401 9.02834094201
9.1800 3.7360 9.03818646103
9.1900 3.7319 9.04803198005
9.2000 3.7279 9.05787749907
9.2100 3.7238 9.06772301809
9.2200 3.7197 9.07756853711
9.2300 3.7157 9.08741405613
9.2400 3.7117 9.09725957515
9.2500 3.7076 9.10710509417
9.2600 3.7036 9.11695061319
9.2700 3.6996 9.12679613221
9.2800 3.6956 9.13664165123
9.2900 3.6916 9.14648717025
9.3000 3.6876 9.15633268927
9.3100 3.6836 9.1661782083
9.3200 3.6796 9.17602372732
9.3300 3.6757 9.18586924634
9.3400 3.6717 9.19571476536
9.3500 3.6678 9.20556028438
9.3600 3.6638 9.2154058034
9.3700 3.6599 9.22525132242
9.3800 3.6560 9.23509684144
9.3900 3.6521 9.24494236046
9.4000 3.6482 9.25478787948
9.4100 3.6443 9.2646333985
9.4200 3.6404 9.27447891752
9.4300 3.6365 9.28432443654
9.4400 3.6326 9.29416995557
9.4500 3.6288 9.30401547459
9.4600 3.6249 9.31386099361
9.4700 3.6211 9.32370651263
9.4800 3.6172 9.33355203165
9.4900 3.6134 9.34339755067
9.5000 3.6096 9.35324306969
9.5100 3.6058 9.36308858871
9.5200 3.6020 9.37293410773
9.5300 3.5982 9.38277962675
9.5400 3.5944 9.39262514577
9.5500 3.5906 9.40247066479
9.5600 3.5868 9.41231618381
9.5700 3.5831 9.42216170283
9.5800 3.5793 9.43200722186
9.5900 3.5755 9.44185274088
9.6000 3.5718 9.4516982599
9.6100 3.5681 9.46154377892
9.6200 3.5643 9.47138929794
9.6300 3.5606 9.48123481696
9.6400 3.5569 9.49108033598
9.6500 3.5532 9.500925855
9.6600 3.5495 9.51077137402
9.6700 3.5458 9.52061689304
9.6800 3.5421 9.53046241206
9.6900 3.5385 9.54030793108
9.7000 3.5348 9.5501534501
9.7100 3.5311 9.55999896912
9.7200 3.5275 9.56984448815
9.7300 3.5238 9.57969000717
9.7400 3.5202 9.58953552619
9.7500 3.5166 9.59938104521
9.7600 3.5130 9.60922656423
9.7700 3.5093 9.61907208325
9.7800 3.5057 9.62891760227
9.7900 3.5021 9.63876312129
9.8000 3.4985 9.64860864031
9.8100 3.4950 9.65845415933
9.8200 3.4914 9.66829967835
9.8300 3.4878 9.67814519737
9.8400 3.4843 9.68799071639
9.8500 3.4807 9.69783623541
9.8600 3.4772 9.70768175444
9.8700 3.4736 9.71752727346
9.8800 3.4701 9.72737279248
9.8900 3.4666 9.7372183115
9.9000 3.4630 9.74706383052
9.9100 3.4595 9.75690934954
9.9200 3.4560 9.76675486856
9.9300 3.4525 9.77660038758
9.9400 3.4490 9.7864459066
9.9500 3.4455 9.79629142562
9.9600 3.4421 9.80613694464
9.9700 3.4386 9.81598246366
9.9800 3.4351 9.82582798268
9.9900 3.4317 9.8356735017
10.000 3.4282 9.84551902073
10.100 3.3941 9.94397421093
10.110 3.3907 9.95381972995
10.120 3.3874 9.96366524897
10.130 3.3840 9.973510768
10.140 3.3806 9.98335628702
10.150 3.3773 9.99320180604
10.160 3.3740 10.0030473251
10.170 3.3706 10.0128928441
10.180 3.3673 10.0227383631
10.190 3.3640 10.0325838821
10.200 3.3607 10.0424294011
10.210 3.3573 10.0522749202
10.220 3.3540 10.0621204392
10.230 3.3507 10.0719659582
10.240 3.3475 10.0818114772
10.250 3.3442 10.0916569962
10.260 3.3409 10.1015025153
10.270 3.3376 10.1113480343
10.280 3.3344 10.1211935533
10.290 3.3311 10.1310390723
10.300 3.3279 10.1408845913
10.310 3.3246 10.1507301104
10.320 3.3214 10.1605756294
10.330 3.3181 10.1704211484
10.340 3.3149 10.1802666674
10.350 3.3117 10.1901121865
10.360 3.3085 10.1999577055
10.370 3.3053 10.2098032245
10.380 3.3021 10.2196487435
10.390 3.2989 10.2294942625
10.400 3.2957 10.2393397816
10.410 3.2925 10.2491853006
10.420 3.2893 10.2590308196
10.430 3.2862 10.2688763386
10.440 3.2830 10.2787218576
10.450 3.2798 10.2885673767
10.460 3.2767 10.2984128957
10.470 3.2735 10.3082584147
10.480 3.2704 10.3181039337
10.490 3.2673 10.3279494527
10.500 3.2641 10.3377949718
10.510 3.2610 10.3476404908
10.520 3.2579 10.3574860098
10.530 3.2548 10.3673315288
10.540 3.2517 10.3771770478
10.550 3.2486 10.3870225669
10.560 3.2455 10.3968680859
10.570 3.2424 10.4067136049
10.580 3.2393 10.4165591239
10.590 3.2362 10.4264046429
10.600 3.2332 10.436250162
10.610 3.2301 10.446095681
10.620 3.2270 10.4559412
10.630 3.2240 10.465786719
10.640 3.2209 10.4756322381
10.650 3.2179 10.4854777571
10.660 3.2149 10.4953232761
10.670 3.2118 10.5051687951
10.680 3.2088 10.5150143141
10.690 3.2058 10.5248598332
10.700 3.2028 10.5347053522
10.710 3.1998 10.5445508712
10.720 3.1968 10.5543963902
10.730 3.1938 10.5642419092
10.740 3.1908 10.5740874283
10.750 3.1878 10.5839329473
10.760 3.1848 10.5937784663
10.770 3.1819 10.6036239853
10.780 3.1789 10.6134695043
10.790 3.1759 10.6233150234
10.800 3.1730 10.6331605424
10.810 3.1700 10.6430060614
10.820 3.1671 10.6528515804
10.830 3.1641 10.6626970994
10.840 3.1612 10.6725426185
10.850 3.1583 10.6823881375
10.860 3.1553 10.6922336565
10.870 3.1524 10.7020791755
10.880 3.1495 10.7119246945
10.890 3.1466 10.7217702136
10.900 3.1437 10.7316157326
10.910 3.1408 10.7414612516
10.920 3.1379 10.7513067706
10.930 3.1350 10.7611522897
10.940 3.1321 10.7709978087
10.950 3.1293 10.7808433277
10.960 3.1264 10.7906888467
10.970 3.1235 10.8005343657
10.980 3.1207 10.8103798848
10.990 3.1178 10.8202254038
11.000 3.1150 10.8300709228
11.010 3.1121 10.8399164418
11.020 3.1093 10.8497619608
11.030 3.1064 10.8596074799
11.040 3.1036 10.8694529989
11.050 3.1008 10.8792985179
11.060 3.0980 10.8891440369
11.070 3.0952 10.8989895559
11.080 3.0923 10.908835075
11.090 3.0895 10.918680594
11.100 3.0867 10.928526113
11.110 3.0839 10.938371632
11.120 3.0812 10.948217151
11.130 3.0784 10.9580626701
11.140 3.0756 10.9679081891
11.150 3.0728 10.9777537081
11.160 3.0700 10.9875992271
11.170 3.0673 10.9974447462
11.180 3.0645 11.0072902652
11.190 3.0618 11.0171357842
11.200 3.0590 11.0269813032
11.210 3.0563 11.0368268222
11.220 3.0535 11.0466723413
11.230 3.0508 11.0565178603
11.240 3.0481 11.0663633793
11.250 3.0453 11.0762088983
11.260 3.0426 11.0860544173
11.270 3.0399 11.0958999364
11.280 3.0372 11.1057454554
11.290 3.0345 11.1155909744
11.300 3.0318 11.1254364934
11.310 3.0291 11.1352820124
11.320 3.0264 11.1451275315
11.330 3.0237 11.1549730505
11.340 3.0210 11.1648185695
11.350 3.0184 11.1746640885
11.360 3.0157 11.1845096075
11.370 3.0130 11.1943551266
11.380 3.0104 11.2042006456
11.390 3.0077 11.2140461646
11.400 3.0050 11.2238916836
11.410 3.0024 11.2337372026
11.420 2.9998 11.2435827217
11.430 2.9971 11.2534282407
11.440 2.9945 11.2632737597
11.450 2.9918 11.2731192787
11.460 2.9892 11.2829647978
11.470 2.9866 11.2928103168
11.480 2.9840 11.3026558358
11.490 2.9814 11.3125013548
11.500 2.9788 11.3223468738
11.510 2.9762 11.3321923929
11.520 2.9736 11.3420379119
11.530 2.9710 11.3518834309
11.540 2.9684 11.3617289499
11.550 2.9658 11.3715744689
11.560 2.9632 11.381419988
11.570 2.9606 11.391265507
11.580 2.9581 11.401111026
11.590 2.9555 11.410956545
11.600 2.9529 11.420802064
11.610 2.9504 11.4306475831
11.620 2.9478 11.4404931021
11.630 2.9453 11.4503386211
11.640 2.9427 11.4601841401
11.650 2.9402 11.4700296591
11.660 2.9376 11.4798751782
11.670 2.9351 11.4897206972
11.680 2.9326 11.4995662162
11.690 2.9301 11.5094117352
11.700 2.9275 11.5192572542
11.710 2.9250 11.5291027733
11.720 2.9225 11.5389482923
11.730 2.9200 11.5487938113
11.740 2.9175 11.5586393303
11.750 2.9150 11.5684848494
11.760 2.9125 11.5783303684
11.770 2.9100 11.5881758874
11.780 2.9075 11.5980214064
11.790 2.9051 11.6078669254
11.800 2.9026 11.6177124445
11.810 2.9001 11.6275579635
11.820 2.8976 11.6374034825
11.830 2.8952 11.6472490015
11.840 2.8927 11.6570945205
11.850 2.8903 11.6669400396
11.860 2.8878 11.6767855586
11.870 2.8854 11.6866310776
11.880 2.8829 11.6964765966
11.890 2.8805 11.7063221156
11.900 2.8780 11.7161676347
11.910 2.8756 11.7260131537
11.920 2.8732 11.7358586727
11.930 2.8708 11.7457041917
11.940 2.8683 11.7555497107
11.950 2.8659 11.7653952298
11.960 2.8635 11.7752407488
11.970 2.8611 11.7850862678
11.980 2.8587 11.7949317868
11.990 2.8563 11.8047773059
12.000 2.8539 11.8146228249
12.010 2.8515 11.8244683439
12.020 2.8491 11.8343138629
12.030 2.8468 11.8441593819
12.040 2.8444 11.854004901
12.050 2.8420 11.86385042
12.060 2.8396 11.873695939
12.070 2.8373 11.883541458
12.080 2.8349 11.893386977
12.090 2.8325 11.9032324961
12.100 2.8302 11.9130780151
12.110 2.8278 11.9229235341
12.120 2.8255 11.9327690531
12.130 2.8231 11.9426145721
12.140 2.8208 11.9524600912
12.150 2.8185 11.9623056102
12.160 2.8161 11.9721511292
12.170 2.8138 11.9819966482
12.180 2.8115 11.9918421672
12.190 2.8092 12.0016876863
12.200 2.8068 12.0115332053
12.210 2.8045 12.0213787243
12.220 2.8022 12.0312242433
12.230 2.7999 12.0410697623
12.240 2.7976 12.0509152814
12.250 2.7953 12.0607608004
12.260 2.7930 12.0706063194
12.270 2.7907 12.0804518384
12.280 2.7884 12.0902973575
12.290 2.7862 12.1001428765
12.300 2.7839 12.1099883955
12.310 2.7816 12.1198339145
12.320 2.7793 12.1296794335
12.330 2.7771 12.1395249526
12.340 2.7748 12.1493704716
12.350 2.7725 12.1592159906
12.360 2.7703 12.1690615096
12.370 2.7680 12.1789070286
12.380 2.7658 12.1887525477
12.390 2.7635 12.1985980667
12.400 2.7613 12.2084435857
12.410 2.7590 12.2182891047
12.420 2.7568 12.2281346237
12.430 2.7546 12.2379801428
12.440 2.7524 12.2478256618
12.450 2.7501 12.2576711808
12.460 2.7479 12.2675166998
12.470 2.7457 12.2773622188
12.480 2.7435 12.2872077379
12.490 2.7413 12.2970532569
12.500 2.7391 12.3068987759
12.510 2.7369 12.3167442949
12.520 2.7347 12.3265898139
12.530 2.7325 12.336435333
12.540 2.7303 12.346280852
12.550 2.7281 12.356126371
12.560 2.7259 12.36597189
12.570 2.7237 12.3758174091
12.580 2.7215 12.3856629281
12.590 2.7194 12.3955084471
12.600 2.7172 12.4053539661
12.610 2.7150 12.4151994851
12.620 2.7128 12.4250450042
12.630 2.7107 12.4348905232
12.640 2.7085 12.4447360422
12.650 2.7064 12.4545815612
12.660 2.7042 12.4644270802
12.670 2.7021 12.4742725993
12.680 2.6999 12.4841181183
12.690 2.6978 12.4939636373
12.700 2.6956 12.5038091563
12.710 2.6935 12.5136546753
12.720 2.6914 12.5235001944
12.730 2.6893 12.5333457134
12.740 2.6871 12.5431912324
12.750 2.6850 12.5530367514
12.760 2.6829 12.5628822704
12.770 2.6808 12.5727277895
12.780 2.6787 12.5825733085
12.790 2.6766 12.5924188275
12.800 2.6744 12.6022643465
12.810 2.6723 12.6121098655
12.820 2.6703 12.6219553846
12.830 2.6682 12.6318009036
12.840 2.6661 12.6416464226
12.850 2.6640 12.6514919416
12.860 2.6619 12.6613374607
12.870 2.6598 12.6711829797
12.880 2.6577 12.6810284987
12.890 2.6557 12.6908740177
12.900 2.6536 12.7007195367
12.910 2.6515 12.7105650558
12.920 2.6494 12.7204105748
12.930 2.6474 12.7302560938
12.940 2.6453 12.7401016128
12.950 2.6433 12.7499471318
12.960 2.6412 12.7597926509
12.970 2.6392 12.7696381699
12.980 2.6371 12.7794836889
12.990 2.6351 12.7893292079
13.000 2.6330 12.7991747269
13.010 2.6310 12.809020246
13.020 2.6290 12.818865765
13.030 2.6269 12.828711284
13.040 2.6249 12.838556803
13.050 2.6229 12.848402322
13.060 2.6209 12.8582478411
13.070 2.6188 12.8680933601
13.080 2.6168 12.8779388791
13.090 2.6148 12.8877843981
13.100 2.6128 12.8976299172
13.110 2.6108 12.9074754362
13.120 2.6088 12.9173209552
13.130 2.6068 12.9271664742
13.140 2.6048 12.9370119932
13.150 2.6028 12.9468575123
13.160 2.6008 12.9567030313
13.170 2.5988 12.9665485503
13.180 2.5968 12.9763940693
13.190 2.5949 12.9862395883
13.200 2.5929 12.9960851074
13.210 2.5909 13.0059306264
13.220 2.5889 13.0157761454
13.230 2.5870 13.0256216644
13.240 2.5850 13.0354671834
13.250 2.5830 13.0453127025
13.260 2.5811 13.0551582215
13.270 2.5791 13.0650037405
13.280 2.5772 13.0748492595
13.290 2.5752 13.0846947785
13.300 2.5733 13.0945402976
13.310 2.5713 13.1043858166
13.320 2.5694 13.1142313356
13.330 2.5674 13.1240768546
13.340 2.5655 13.1339223736
13.350 2.5635 13.1437678927
13.360 2.5616 13.1536134117
13.370 2.5597 13.1634589307
13.380 2.5578 13.1733044497
13.390 2.5558 13.1831499688
13.400 2.5539 13.1929954878
13.410 2.5520 13.2028410068
13.420 2.5501 13.2126865258
13.430 2.5482 13.2225320448
13.440 2.5463 13.2323775639
13.450 2.5444 13.2422230829
13.460 2.5425 13.2520686019
13.470 2.5406 13.2619141209
13.480 2.5387 13.2717596399
13.490 2.5368 13.281605159
13.500 2.5349 13.291450678
13.510 2.5330 13.301296197
13.520 2.5311 13.311141716
13.530 2.5292 13.320987235
13.540 2.5273 13.3308327541
13.550 2.5255 13.3406782731
13.560 2.5236 13.3505237921
13.570 2.5217 13.3603693111
13.580 2.5198 13.3702148301
13.590 2.5180 13.3800603492
13.600 2.5161 13.3899058682
13.610 2.5142 13.3997513872
13.620 2.5124 13.4095969062
13.630 2.5105 13.4194424252
13.640 2.5087 13.4292879443
13.650 2.5068 13.4391334633
13.660 2.5050 13.4489789823
13.670 2.5031 13.4588245013
13.680 2.5013 13.4686700204
13.690 2.4994 13.4785155394
13.700 2.4976 13.4883610584
13.710 2.4958 13.4982065774
13.720 2.4939 13.5080520964
13.730 2.4921 13.5178976155
13.740 2.4903 13.5277431345
13.750 2.4885 13.5375886535
13.760 2.4866 13.5474341725
13.770 2.4848 13.5572796915
13.780 2.4830 13.5671252106
13.790 2.4812 13.5769707296
13.800 2.4794 13.5868162486
13.810 2.4776 13.5966617676
13.820 2.4758 13.6065072866
13.830 2.4740 13.6163528057
13.840 2.4722 13.6261983247
13.850 2.4704 13.6360438437
13.860 2.4686 13.6458893627
13.870 2.4668 13.6557348817
13.880 2.4650 13.6655804008
13.890 2.4632 13.6754259198
13.900 2.4614 13.6852714388
13.910 2.4596 13.6951169578
13.920 2.4579 13.7049624769
13.930 2.4561 13.7148079959
13.940 2.4543 13.7246535149
13.950 2.4525 13.7344990339
13.960 2.4508 13.7443445529
13.970 2.4490 13.754190072
13.980 2.4472 13.764035591
13.990 2.4455 13.77388111
14.000 2.4437 13.783726629
14.010 2.4420 13.793572148
14.020 2.4402 13.8034176671
14.030 2.4385 13.8132631861
14.040 2.4367 13.8231087051
14.050 2.4350 13.8329542241
14.060 2.4332 13.8427997431
14.070 2.4315 13.8526452622
14.080 2.4297 13.8624907812
14.090 2.4280 13.8723363002
14.100 2.4263 13.8821818192
14.110 2.4245 13.8920273382
14.120 2.4228 13.9018728573
14.130 2.4211 13.9117183763
14.140 2.4194 13.9215638953
14.150 2.4176 13.9314094143
14.160 2.4159 13.9412549333
14.170 2.4142 13.9511004524
14.180 2.4125 13.9609459714
14.190 2.4108 13.9707914904
14.200 2.4091 13.9806370094
14.210 2.4073 13.9904825285
14.220 2.4056 14.0003280475
14.230 2.4039 14.0101735665
14.240 2.4022 14.0200190855
14.250 2.4005 14.0298646045
14.260 2.3988 14.0397101236
14.270 2.3972 14.0495556426
14.280 2.3955 14.0594011616
14.290 2.3938 14.0692466806
14.300 2.3921 14.0790921996
14.310 2.3904 14.0889377187
14.320 2.3887 14.0987832377
14.330 2.3870 14.1086287567
14.340 2.3854 14.1184742757
14.350 2.3837 14.1283197947
14.360 2.3820 14.1381653138
14.370 2.3804 14.1480108328
14.380 2.3787 14.1578563518
14.390 2.3770 14.1677018708
14.400 2.3754 14.1775473898
14.410 2.3737 14.1873929089
14.420 2.3720 14.1972384279
14.430 2.3704 14.2070839469
14.440 2.3687 14.2169294659
14.450 2.3671 14.2267749849
14.460 2.3654 14.236620504
14.470 2.3638 14.246466023
14.480 2.3621 14.256311542
14.490 2.3605 14.266157061
14.500 2.3589 14.2760025801
14.510 2.3572 14.2858480991
14.520 2.3556 14.2956936181
14.530 2.3539 14.3055391371
14.540 2.3523 14.3153846561
14.550 2.3507 14.3252301752
14.560 2.3491 14.3350756942
14.570 2.3474 14.3449212132
14.580 2.3458 14.3547667322
14.590 2.3442 14.3646122512
14.600 2.3426 14.3744577703
14.610 2.3410 14.3843032893
14.620 2.3394 14.3941488083
14.630 2.3377 14.4039943273
14.640 2.3361 14.4138398463
14.650 2.3345 14.4236853654
14.660 2.3329 14.4335308844
14.670 2.3313 14.4433764034
14.680 2.3297 14.4532219224
14.690 2.3281 14.4630674414
14.700 2.3265 14.4729129605
14.710 2.3249 14.4827584795
14.720 2.3233 14.4926039985
14.730 2.3218 14.5024495175
14.740 2.3202 14.5122950365
14.750 2.3186 14.5221405556
14.760 2.3170 14.5319860746
14.770 2.3154 14.5418315936
14.780 2.3138 14.5516771126
14.790 2.3123 14.5615226317
14.800 2.3107 14.5713681507
14.810 2.3091 14.5812136697
14.820 2.3075 14.5910591887
14.830 2.3060 14.6009047077
14.840 2.3044 14.6107502268
14.850 2.3029 14.6205957458
14.860 2.3013 14.6304412648
14.870 2.2997 14.6402867838
14.880 2.2982 14.6501323028
14.890 2.2966 14.6599778219
14.900 2.2951 14.6698233409
14.910 2.2935 14.6796688599
14.920 2.2920 14.6895143789
14.930 2.2904 14.6993598979
14.940 2.2889 14.709205417
14.950 2.2873 14.719050936
14.960 2.2858 14.728896455
14.970 2.2843 14.738741974
14.980 2.2827 14.748587493
14.990 2.2812 14.7584330121
15.000 2.2797 14.7682785311
15.100 2.2644 14.8667337213
15.110 2.2629 14.8765792403
15.120 2.2614 14.8864247593
15.130 2.2599 14.8962702784
15.140 2.2584 14.9061157974
15.150 2.2569 14.9159613164
15.160 2.2554 14.9258068354
15.170 2.2539 14.9356523544
15.180 2.2524 14.9454978735
15.190 2.2509 14.9553433925
15.200 2.2494 14.9651889115
15.210 2.2479 14.9750344305
15.220 2.2464 14.9848799495
15.230 2.2450 14.9947254686
15.240 2.2435 15.0045709876
15.250 2.2420 15.0144165066
15.260 2.2405 15.0242620256
15.270 2.2390 15.0341075446
15.280 2.2376 15.0439530637
15.290 2.2361 15.0537985827
15.300 2.2346 15.0636441017
15.310 2.2331 15.0734896207
15.320 2.2317 15.0833351398
15.330 2.2302 15.0931806588
15.340 2.2287 15.1030261778
15.350 2.2273 15.1128716968
15.360 2.2258 15.1227172158
15.370 2.2244 15.1325627349
15.380 2.2229 15.1424082539
15.390 2.2214 15.1522537729
15.400 2.2200 15.1620992919
15.410 2.2185 15.1719448109
15.420 2.2171 15.18179033
15.430 2.2156 15.191635849
15.440 2.2142 15.201481368
15.450 2.2128 15.211326887
15.460 2.2113 15.221172406
15.470 2.2099 15.2310179251
15.480 2.2084 15.2408634441
15.490 2.2070 15.2507089631
15.500 2.2056 15.2605544821
15.510 2.2041 15.2704000011
15.520 2.2027 15.2802455202
15.530 2.2013 15.2900910392
15.540 2.1998 15.2999365582
15.550 2.1984 15.3097820772
15.560 2.1970 15.3196275962
15.570 2.1956 15.3294731153
15.580 2.1941 15.3393186343
15.590 2.1927 15.3491641533
15.600 2.1913 15.3590096723
15.610 2.1899 15.3688551914
15.620 2.1885 15.3787007104
15.630 2.1871 15.3885462294
15.640 2.1857 15.3983917484
15.650 2.1843 15.4082372674
15.660 2.1828 15.4180827865
15.670 2.1814 15.4279283055
15.680 2.1800 15.4377738245
15.690 2.1786 15.4476193435
15.700 2.1772 15.4574648625
15.710 2.1758 15.4673103816
15.720 2.1744 15.4771559006
15.730 2.1731 15.4870014196
15.740 2.1717 15.4968469386
15.750 2.1703 15.5066924576
15.760 2.1689 15.5165379767
15.770 2.1675 15.5263834957
15.780 2.1661 15.5362290147
15.790 2.1647 15.5460745337
15.800 2.1634 15.5559200527
15.810 2.1620 15.5657655718
15.820 2.1606 15.5756110908
15.830 2.1592 15.5854566098
15.840 2.1578 15.5953021288
15.850 2.1565 15.6051476479
15.860 2.1551 15.6149931669
15.870 2.1537 15.6248386859
15.880 2.1524 15.6346842049
15.890 2.1510 15.6445297239
15.900 2.1496 15.654375243
15.910 2.1483 15.664220762
15.920 2.1469 15.674066281
15.930 2.1456 15.6839118
15.940 2.1442 15.693757319
15.950 2.1428 15.7036028381
15.960 2.1415 15.7134483571
15.970 2.1401 15.7232938761
15.980 2.1388 15.7331393951
15.990 2.1374 15.7429849141
16.000 2.1361 15.7528304332
16.010 2.1348 15.7626759522
16.020 2.1334 15.7725214712
16.030 2.1321 15.7823669902
16.040 2.1307 15.7922125092
16.050 2.1294 15.8020580283
16.060 2.1281 15.8119035473
16.070 2.1267 15.8217490663
16.080 2.1254 15.8315945853
16.090 2.1241 15.8414401043
16.100 2.1227 15.8512856234
16.110 2.1214 15.8611311424
16.120 2.1201 15.8709766614
16.130 2.1187 15.8808221804
16.140 2.1174 15.8906676995
16.150 2.1161 15.9005132185
16.160 2.1148 15.9103587375
16.170 2.1135 15.9202042565
16.180 2.1121 15.9300497755
16.190 2.1108 15.9398952946
16.200 2.1095 15.9497408136
16.210 2.1082 15.9595863326
16.220 2.1069 15.9694318516
16.230 2.1056 15.9792773706
16.240 2.1043 15.9891228897
16.250 2.1030 15.9989684087
16.260 2.1017 16.0088139277
16.270 2.1004 16.0186594467
16.280 2.0991 16.0285049657
16.290 2.0978 16.0383504848
16.300 2.0965 16.0481960038
16.310 2.0952 16.0580415228
16.320 2.0939 16.0678870418
16.330 2.0926 16.0777325608
16.340 2.0913 16.0875780799
16.350 2.0900 16.0974235989
16.360 2.0887 16.1072691179
16.370 2.0874 16.1171146369
16.380 2.0861 16.1269601559
16.390 2.0849 16.136805675
16.400 2.0836 16.146651194
16.410 2.0823 16.156496713
16.420 2.0810 16.166342232
16.430 2.0797 16.1761877511
16.440 2.0785 16.1860332701
16.450 2.0772 16.1958787891
16.460 2.0759 16.2057243081
16.470 2.0746 16.2155698271
16.480 2.0734 16.2254153462
16.490 2.0721 16.2352608652
16.500 2.0708 16.2451063842
16.510 2.0696 16.2549519032
16.520 2.0683 16.2647974222
16.530 2.0671 16.2746429413
16.540 2.0658 16.2844884603
16.550 2.0645 16.2943339793
16.560 2.0633 16.3041794983
16.570 2.0620 16.3140250173
16.580 2.0608 16.3238705364
16.590 2.0595 16.3337160554
16.600 2.0583 16.3435615744
16.610 2.0570 16.3534070934
16.620 2.0558 16.3632526124
16.630 2.0545 16.3730981315
16.640 2.0533 16.3829436505
16.650 2.0520 16.3927891695
16.660 2.0508 16.4026346885
16.670 2.0496 16.4124802075
16.680 2.0483 16.4223257266
16.690 2.0471 16.4321712456
16.700 2.0458 16.4420167646
16.710 2.0446 16.4518622836
16.720 2.0434 16.4617078027
16.730 2.0421 16.4715533217
16.740 2.0409 16.4813988407
16.750 2.0397 16.4912443597
16.760 2.0385 16.5010898787
16.770 2.0372 16.5109353978
16.780 2.0360 16.5207809168
16.790 2.0348 16.5306264358
16.800 2.0336 16.5404719548
16.810 2.0323 16.5503174738
16.820 2.0311 16.5601629929
16.830 2.0299 16.5700085119
16.840 2.0287 16.5798540309
16.850 2.0275 16.5896995499
16.860 2.0263 16.5995450689
16.870 2.0251 16.609390588
16.880 2.0238 16.619236107
16.890 2.0226 16.629081626
16.900 2.0214 16.638927145
16.910 2.0202 16.648772664
16.920 2.0190 16.6586181831
16.930 2.0178 16.6684637021
16.940 2.0166 16.6783092211
16.950 2.0154 16.6881547401
16.960 2.0142 16.6980002592
16.970 2.0130 16.7078457782
16.980 2.0118 16.7176912972
16.990 2.0106 16.7275368162
17.000 2.0094 16.7373823352
17.010 2.0082 16.7472278543
17.020 2.0071 16.7570733733
17.030 2.0059 16.7669188923
17.040 2.0047 16.7767644113
17.050 2.0035 16.7866099303
17.060 2.0023 16.7964554494
17.070 2.0011 16.8063009684
17.080 1.9999 16.8161464874
17.090 1.9988 16.8259920064
17.100 1.9976 16.8358375254
17.110 1.9964 16.8456830445
17.120 1.9952 16.8555285635
17.130 1.9941 16.8653740825
17.140 1.9929 16.8752196015
17.150 1.9917 16.8850651205
17.160 1.9905 16.8949106396
17.170 1.9894 16.9047561586
17.180 1.9882 16.9146016776
17.190 1.9870 16.9244471966
17.200 1.9859 16.9342927156
17.210 1.9847 16.9441382347
17.220 1.9835 16.9539837537
17.230 1.9824 16.9638292727
17.240 1.9812 16.9736747917
17.250 1.9801 16.9835203108
17.260 1.9789 16.9933658298
17.270 1.9778 17.0032113488
17.280 1.9766 17.0130568678
17.290 1.9754 17.0229023868
17.300 1.9743 17.0327479059
17.310 1.9731 17.0425934249
17.320 1.9720 17.0524389439
17.330 1.9708 17.0622844629
17.340 1.9697 17.0721299819
17.350 1.9686 17.081975501
17.360 1.9674 17.09182102
17.370 1.9663 17.101666539
17.380 1.9651 17.111512058
17.390 1.9640 17.121357577
17.400 1.9629 17.1312030961
17.410 1.9617 17.1410486151
17.420 1.9606 17.1508941341
17.430 1.9594 17.1607396531
17.440 1.9583 17.1705851721
17.450 1.9572 17.1804306912
17.460 1.9560 17.1902762102
17.470 1.9549 17.2001217292
17.480 1.9538 17.2099672482
17.490 1.9527 17.2198127672
17.500 1.9515 17.2296582863
17.510 1.9504 17.2395038053
17.520 1.9493 17.2493493243
17.530 1.9482 17.2591948433
17.540 1.9470 17.2690403624
17.550 1.9459 17.2788858814
17.560 1.9448 17.2887314004
17.570 1.9437 17.2985769194
17.580 1.9426 17.3084224384
17.590 1.9415 17.3182679575
17.600 1.9404 17.3281134765
17.610 1.9392 17.3379589955
17.620 1.9381 17.3478045145
17.630 1.9370 17.3576500335
17.640 1.9359 17.3674955526
17.650 1.9348 17.3773410716
17.660 1.9337 17.3871865906
17.670 1.9326 17.3970321096
17.680 1.9315 17.4068776286
17.690 1.9304 17.4167231477
17.700 1.9293 17.4265686667
17.710 1.9282 17.4364141857
17.720 1.9271 17.4462597047
17.730 1.9260 17.4561052237
17.740 1.9249 17.4659507428
17.750 1.9238 17.4757962618
17.760 1.9227 17.4856417808
17.770 1.9216 17.4954872998
17.780 1.9205 17.5053328189
17.790 1.9194 17.5151783379
17.800 1.9184 17.5250238569
17.810 1.9173 17.5348693759
17.820 1.9162 17.5447148949
17.830 1.9151 17.554560414
17.840 1.9140 17.564405933
17.850 1.9129 17.574251452
17.860 1.9119 17.584096971
17.870 1.9108 17.59394249
17.880 1.9097 17.6037880091
17.890 1.9086 17.6136335281
17.900 1.9075 17.6234790471
17.910 1.9065 17.6333245661
17.920 1.9054 17.6431700851
17.930 1.9043 17.6530156042
17.940 1.9033 17.6628611232
17.950 1.9022 17.6727066422
17.960 1.9011 17.6825521612
17.970 1.9000 17.6923976802
17.980 1.8990 17.7022431993
17.990 1.8979 17.7120887183
18.000 1.8969 17.7219342373
18.010 1.8958 17.7317797563
18.020 1.8947 17.7416252753
18.030 1.8937 17.7514707944
18.040 1.8926 17.7613163134
18.050 1.8916 17.7711618324
18.060 1.8905 17.7810073514
18.070 1.8894 17.7908528705
18.080 1.8884 17.8006983895
18.090 1.8873 17.8105439085
18.100 1.8863 17.8203894275
18.110 1.8852 17.8302349465
18.120 1.8842 17.8400804656
18.130 1.8831 17.8499259846
18.140 1.8821 17.8597715036
18.150 1.8810 17.8696170226
18.160 1.8800 17.8794625416
18.170 1.8789 17.8893080607
18.180 1.8779 17.8991535797
18.190 1.8769 17.9089990987
18.200 1.8758 17.9188446177
18.210 1.8748 17.9286901367
18.220 1.8737 17.9385356558
18.230 1.8727 17.9483811748
18.240 1.8717 17.9582266938
18.250 1.8706 17.9680722128
18.260 1.8696 17.9779177318
18.270 1.8686 17.9877632509
18.280 1.8675 17.9976087699
18.290 1.8665 18.0074542889
18.300 1.8655 18.0172998079
18.310 1.8645 18.0271453269
18.320 1.8634 18.036990846
18.330 1.8624 18.046836365
18.340 1.8614 18.056681884
18.350 1.8604 18.066527403
18.360 1.8593 18.0763729221
18.370 1.8583 18.0862184411
18.380 1.8573 18.0960639601
18.390 1.8563 18.1059094791
18.400 1.8553 18.1157549981
18.410 1.8542 18.1256005172
18.420 1.8532 18.1354460362
18.430 1.8522 18.1452915552
18.440 1.8512 18.1551370742
18.450 1.8502 18.1649825932
18.460 1.8492 18.1748281123
18.470 1.8482 18.1846736313
18.480 1.8471 18.1945191503
18.490 1.8461 18.2043646693
18.500 1.8451 18.2142101883
18.510 1.8441 18.2240557074
18.520 1.8431 18.2339012264
18.530 1.8421 18.2437467454
18.540 1.8411 18.2535922644
18.550 1.8401 18.2634377834
18.560 1.8391 18.2732833025
18.570 1.8381 18.2831288215
18.580 1.8371 18.2929743405
18.590 1.8361 18.3028198595
18.600 1.8351 18.3126653785
18.610 1.8341 18.3225108976
18.620 1.8331 18.3323564166
18.630 1.8321 18.3422019356
18.640 1.8311 18.3520474546
18.650 1.8302 18.3618929737
18.660 1.8292 18.3717384927
18.670 1.8282 18.3815840117
18.680 1.8272 18.3914295307
18.690 1.8262 18.4012750497
18.700 1.8252 18.4111205688
18.710 1.8242 18.4209660878
18.720 1.8232 18.4308116068
18.730 1.8223 18.4406571258
18.740 1.8213 18.4505026448
18.750 1.8203 18.4603481639
18.760 1.8193 18.4701936829
18.770 1.8183 18.4800392019
18.780 1.8174 18.4898847209
18.790 1.8164 18.4997302399
18.800 1.8154 18.509575759
18.810 1.8144 18.519421278
18.820 1.8135 18.529266797
18.830 1.8125 18.539112316
18.840 1.8115 18.548957835
18.850 1.8106 18.5588033541
18.860 1.8096 18.5686488731
18.870 1.8086 18.5784943921
18.880 1.8077 18.5883399111
18.890 1.8067 18.5981854302
18.900 1.8057 18.6080309492
18.910 1.8048 18.6178764682
18.920 1.8038 18.6277219872
18.930 1.8028 18.6375675062
18.940 1.8019 18.6474130253
18.950 1.8009 18.6572585443
18.960 1.8000 18.6671040633
18.970 1.7990 18.6769495823
18.980 1.7980 18.6867951013
18.990 1.7971 18.6966406204
19.000 1.7961 18.7064861394
19.010 1.7952 18.7163316584
19.020 1.7942 18.7261771774
19.030 1.7933 18.7360226964
19.040 1.7923 18.7458682155
19.050 1.7914 18.7557137345
19.060 1.7904 18.7655592535
19.070 1.7895 18.7754047725
19.080 1.7885 18.7852502915
19.090 1.7876 18.7950958106
19.100 1.7866 18.8049413296
19.110 1.7857 18.8147868486
19.120 1.7848 18.8246323676
19.130 1.7838 18.8344778866
19.140 1.7829 18.8443234057
19.150 1.7819 18.8541689247
19.160 1.7810 18.8640144437
19.170 1.7801 18.8738599627
19.180 1.7791 18.8837054818
19.190 1.7782 18.8935510008
19.200 1.7772 18.9033965198
19.210 1.7763 18.9132420388
19.220 1.7754 18.9230875578
19.230 1.7744 18.9329330769
19.240 1.7735 18.9427785959
19.250 1.7726 18.9526241149
19.260 1.7717 18.9624696339
19.270 1.7707 18.9723151529
19.280 1.7698 18.982160672
19.290 1.7689 18.992006191
19.300 1.7679 19.00185171
19.310 1.7670 19.011697229
19.320 1.7661 19.021542748
19.330 1.7652 19.0313882671
19.340 1.7643 19.0412337861
19.350 1.7633 19.0510793051
19.360 1.7624 19.0609248241
19.370 1.7615 19.0707703431
19.380 1.7606 19.0806158622
19.390 1.7597 19.0904613812
19.400 1.7587 19.1003069002
19.410 1.7578 19.1101524192
19.420 1.7569 19.1199979382
19.430 1.7560 19.1298434573
19.440 1.7551 19.1396889763
19.450 1.7542 19.1495344953
19.460 1.7533 19.1593800143
19.470 1.7524 19.1692255334
19.480 1.7515 19.1790710524
19.490 1.7505 19.1889165714
19.500 1.7496 19.1987620904
19.510 1.7487 19.2086076094
19.520 1.7478 19.2184531285
19.530 1.7469 19.2282986475
19.540 1.7460 19.2381441665
19.550 1.7451 19.2479896855
19.560 1.7442 19.2578352045
19.570 1.7433 19.2676807236
19.580 1.7424 19.2775262426
19.590 1.7415 19.2873717616
19.600 1.7406 19.2972172806
19.610 1.7397 19.3070627996
19.620 1.7388 19.3169083187
19.630 1.7379 19.3267538377
19.640 1.7370 19.3365993567
19.650 1.7362 19.3464448757
19.660 1.7353 19.3562903947
19.670 1.7344 19.3661359138
19.680 1.7335 19.3759814328
19.690 1.7326 19.3858269518
19.700 1.7317 19.3956724708
19.710 1.7308 19.4055179899
19.720 1.7299 19.4153635089
19.730 1.7290 19.4252090279
19.740 1.7282 19.4350545469
19.750 1.7273 19.4449000659
19.760 1.7264 19.454745585
19.770 1.7255 19.464591104
19.780 1.7246 19.474436623
19.790 1.7238 19.484282142
19.800 1.7229 19.494127661
19.810 1.7220 19.5039731801
19.820 1.7211 19.5138186991
19.830 1.7202 19.5236642181
19.840 1.7194 19.5335097371
19.850 1.7185 19.5433552561
19.860 1.7176 19.5532007752
19.870 1.7167 19.5630462942
19.880 1.7159 19.5728918132
19.890 1.7150 19.5827373322
19.900 1.7141 19.5925828512
19.910 1.7133 19.6024283703
19.920 1.7124 19.6122738893
19.930 1.7115 19.6221194083
19.940 1.7107 19.6319649273
19.950 1.7098 19.6418104463
19.960 1.7089 19.6516559654
19.970 1.7081 19.6615014844
19.980 1.7072 19.6713470034
19.990 1.7063 19.6811925224
20.000 1.7055 19.6910380415
20.100 1.6969 19.7894932317
20.110 1.6961 19.7993387507
20.120 1.6952 19.8091842697
20.130 1.6944 19.8190297887
20.140 1.6935 19.8288753077
20.150 1.6927 19.8387208268
20.160 1.6918 19.8485663458
20.170 1.6910 19.8584118648
20.180 1.6901 19.8682573838
20.190 1.6893 19.8781029028
20.200 1.6884 19.8879484219
20.210 1.6876 19.8977939409
20.220 1.6867 19.9076394599
20.230 1.6859 19.9174849789
20.240 1.6851 19.9273304979
20.250 1.6842 19.937176017
20.260 1.6834 19.947021536
20.270 1.6825 19.956867055
20.280 1.6817 19.966712574
20.290 1.6809 19.9765580931
20.300 1.6800 19.9864036121
20.310 1.6792 19.9962491311
20.320 1.6784 20.0060946501
20.330 1.6775 20.0159401691
20.340 1.6767 20.0257856882
20.350 1.6759 20.0356312072
20.360 1.6750 20.0454767262
20.370 1.6742 20.0553222452
20.380 1.6734 20.0651677642
20.390 1.6725 20.0750132833
20.400 1.6717 20.0848588023
20.410 1.6709 20.0947043213
20.420 1.6701 20.1045498403
20.430 1.6692 20.1143953593
20.440 1.6684 20.1242408784
20.450 1.6676 20.1340863974
20.460 1.6668 20.1439319164
20.470 1.6659 20.1537774354
20.480 1.6651 20.1636229544
20.490 1.6643 20.1734684735
20.500 1.6635 20.1833139925
20.510 1.6627 20.1931595115
20.520 1.6618 20.2030050305
20.530 1.6610 20.2128505495
20.540 1.6602 20.2226960686
20.550 1.6594 20.2325415876
20.560 1.6586 20.2423871066
20.570 1.6578 20.2522326256
20.580 1.6569 20.2620781447
20.590 1.6561 20.2719236637
20.600 1.6553 20.2817691827
20.610 1.6545 20.2916147017
20.620 1.6537 20.3014602207
20.630 1.6529 20.3113057398
20.640 1.6521 20.3211512588
20.650 1.6513 20.3309967778
20.660 1.6505 20.3408422968
20.670 1.6497 20.3506878158
20.680 1.6488 20.3605333349
20.690 1.6480 20.3703788539
20.700 1.6472 20.3802243729
20.710 1.6464 20.3900698919
20.720 1.6456 20.3999154109
20.730 1.6448 20.40976093
20.740 1.6440 20.419606449
20.750 1.6432 20.429451968
20.760 1.6424 20.439297487
20.770 1.6416 20.449143006
20.780 1.6408 20.4589885251
20.790 1.6400 20.4688340441
20.800 1.6392 20.4786795631
20.810 1.6384 20.4885250821
20.820 1.6376 20.4983706012
20.830 1.6369 20.5082161202
20.840 1.6361 20.5180616392
20.850 1.6353 20.5279071582
20.860 1.6345 20.5377526772
20.870 1.6337 20.5475981963
20.880 1.6329 20.5574437153
20.890 1.6321 20.5672892343
20.900 1.6313 20.5771347533
20.910 1.6305 20.5869802723
20.920 1.6297 20.5968257914
20.930 1.6290 20.6066713104
20.940 1.6282 20.6165168294
20.950 1.6274 20.6263623484
20.960 1.6266 20.6362078674
20.970 1.6258 20.6460533865
20.980 1.6250 20.6558989055
20.990 1.6243 20.6657444245
21.000 1.6235 20.6755899435
21.010 1.6227 20.6854354625
21.020 1.6219 20.6952809816
21.030 1.6211 20.7051265006
21.040 1.6204 20.7149720196
21.050 1.6196 20.7248175386
21.060 1.6188 20.7346630576
21.070 1.6180 20.7445085767
21.080 1.6172 20.7543540957
21.090 1.6165 20.7641996147
21.100 1.6157 20.7740451337
21.110 1.6149 20.7838906528
21.120 1.6142 20.7937361718
21.130 1.6134 20.8035816908
21.140 1.6126 20.8134272098
21.150 1.6118 20.8232727288
21.160 1.6111 20.8331182479
21.170 1.6103 20.8429637669
21.180 1.6095 20.8528092859
21.190 1.6088 20.8626548049
21.200 1.6080 20.8725003239
21.210 1.6072 20.882345843
21.220 1.6065 20.892191362
21.230 1.6057 20.902036881
21.240 1.6049 20.9118824
21.250 1.6042 20.921727919
21.260 1.6034 20.9315734381
21.270 1.6026 20.9414189571
21.280 1.6019 20.9512644761
21.290 1.6011 20.9611099951
21.300 1.6004 20.9709555141
21.310 1.5996 20.9808010332
21.320 1.5989 20.9906465522
21.330 1.5981 21.0004920712
21.340 1.5973 21.0103375902
21.350 1.5966 21.0201831092
21.360 1.5958 21.0300286283
21.370 1.5951 21.0398741473
21.380 1.5943 21.0497196663
21.390 1.5936 21.0595651853
21.400 1.5928 21.0694107044
21.410 1.5921 21.0792562234
21.420 1.5913 21.0891017424
21.430 1.5906 21.0989472614
21.440 1.5898 21.1087927804
21.450 1.5891 21.1186382995
21.460 1.5883 21.1284838185
21.470 1.5876 21.1383293375
21.480 1.5868 21.1481748565
21.490 1.5861 21.1580203755
21.500 1.5853 21.1678658946
21.510 1.5846 21.1777114136
21.520 1.5838 21.1875569326
21.530 1.5831 21.1974024516
21.540 1.5824 21.2072479706
21.550 1.5816 21.2170934897
21.560 1.5809 21.2269390087
21.570 1.5801 21.2367845277
21.580 1.5794 21.2466300467
21.590 1.5786 21.2564755657
21.600 1.5779 21.2663210848
21.610 1.5772 21.2761666038
21.620 1.5764 21.2860121228
21.630 1.5757 21.2958576418
21.640 1.5750 21.3057031609
21.650 1.5742 21.3155486799
21.660 1.5735 21.3253941989
21.670 1.5728 21.3352397179
21.680 1.5720 21.3450852369
21.690 1.5713 21.354930756
21.700 1.5706 21.364776275
21.710 1.5698 21.374621794
21.720 1.5691 21.384467313
21.730 1.5684 21.394312832
21.740 1.5676 21.4041583511
21.750 1.5669 21.4140038701
21.760 1.5662 21.4238493891
21.770 1.5655 21.4336949081
21.780 1.5647 21.4435404271
21.790 1.5640 21.4533859462
21.800 1.5633 21.4632314652
21.810 1.5626 21.4730769842
21.820 1.5618 21.4829225032
21.830 1.5611 21.4927680222
21.840 1.5604 21.5026135413
21.850 1.5597 21.5124590603
21.860 1.5589 21.5223045793
21.870 1.5582 21.5321500983
21.880 1.5575 21.5419956173
21.890 1.5568 21.5518411364
21.900 1.5561 21.5616866554
21.910 1.5553 21.5715321744
21.920 1.5546 21.5813776934
21.930 1.5539 21.5912232125
21.940 1.5532 21.6010687315
21.950 1.5525 21.6109142505
21.960 1.5518 21.6207597695
21.970 1.5511 21.6306052885
21.980 1.5503 21.6404508076
21.990 1.5496 21.6502963266
22.000 1.5489 21.6601418456
22.010 1.5482 21.6699873646
22.020 1.5475 21.6798328836
22.030 1.5468 21.6896784027
22.040 1.5461 21.6995239217
22.050 1.5454 21.7093694407
22.060 1.5447 21.7192149597
22.070 1.5440 21.7290604787
22.080 1.5432 21.7389059978
22.090 1.5425 21.7487515168
22.100 1.5418 21.7585970358
22.110 1.5411 21.7684425548
22.120 1.5404 21.7782880738
22.130 1.5397 21.7881335929
22.140 1.5390 21.7979791119
22.150 1.5383 21.8078246309
22.160 1.5376 21.8176701499
22.170 1.5369 21.8275156689
22.180 1.5362 21.837361188
22.190 1.5355 21.847206707
22.200 1.5348 21.857052226
22.210 1.5341 21.866897745
22.220 1.5334 21.8767432641
22.230 1.5327 21.8865887831
22.240 1.5320 21.8964343021
22.250 1.5313 21.9062798211
22.260 1.5306 21.9161253401
22.270 1.5299 21.9259708592
22.280 1.5292 21.9358163782
22.290 1.5286 21.9456618972
22.300 1.5279 21.9555074162
22.310 1.5272 21.9653529352
22.320 1.5265 21.9751984543
22.330 1.5258 21.9850439733
22.340 1.5251 21.9948894923
22.350 1.5244 22.0047350113
22.360 1.5237 22.0145805303
22.370 1.5230 22.0244260494
22.380 1.5223 22.0342715684
22.390 1.5216 22.0441170874
22.400 1.5210 22.0539626064
22.410 1.5203 22.0638081254
22.420 1.5196 22.0736536445
22.430 1.5189 22.0834991635
22.440 1.5182 22.0933446825
22.450 1.5175 22.1031902015
22.460 1.5169 22.1130357205
22.470 1.5162 22.1228812396
22.480 1.5155 22.1327267586
22.490 1.5148 22.1425722776
22.500 1.5141 22.1524177966
22.510 1.5134 22.1622633157
22.520 1.5128 22.1721088347
22.530 1.5121 22.1819543537
22.540 1.5114 22.1917998727
22.550 1.5107 22.2016453917
22.560 1.5101 22.2114909108
22.570 1.5094 22.2213364298
22.580 1.5087 22.2311819488
22.590 1.5080 22.2410274678
22.600 1.5074 22.2508729868
22.610 1.5067 22.2607185059
22.620 1.5060 22.2705640249
22.630 1.5053 22.2804095439
22.640 1.5047 22.2902550629
22.650 1.5040 22.3001005819
22.660 1.5033 22.309946101
22.670 1.5027 22.31979162
22.680 1.5020 22.329637139
22.690 1.5013 22.339482658
22.700 1.5006 22.349328177
22.710 1.5000 22.3591736961
22.720 1.4993 22.3690192151
22.730 1.4986 22.3788647341
22.740 1.4980 22.3887102531
22.750 1.4973 22.3985557722
22.760 1.4966 22.4084012912
22.770 1.4960 22.4182468102
22.780 1.4953 22.4280923292
22.790 1.4947 22.4379378482
22.800 1.4940 22.4477833673
22.810 1.4933 22.4576288863
22.820 1.4927 22.4674744053
22.830 1.4920 22.4773199243
22.840 1.4913 22.4871654433
22.850 1.4907 22.4970109624
22.860 1.4900 22.5068564814
22.870 1.4894 22.5167020004
22.880 1.4887 22.5265475194
22.890 1.4880 22.5363930384
22.900 1.4874 22.5462385575
22.910 1.4867 22.5560840765
22.920 1.4861 22.5659295955
22.930 1.4854 22.5757751145
22.940 1.4848 22.5856206335
22.950 1.4841 22.5954661526
22.960 1.4835 22.6053116716
22.970 1.4828 22.6151571906
22.980 1.4822 22.6250027096
22.990 1.4815 22.6348482286
23.000 1.4809 22.6446937477
23.010 1.4802 22.6545392667
23.020 1.4796 22.6643847857
23.030 1.4789 22.6742303047
23.040 1.4783 22.6840758238
23.050 1.4776 22.6939213428
23.060 1.4770 22.7037668618
23.070 1.4763 22.7136123808
23.080 1.4757 22.7234578998
23.090 1.4750 22.7333034189
23.100 1.4744 22.7431489379
23.110 1.4737 22.7529944569
23.120 1.4731 22.7628399759
23.130 1.4724 22.7726854949
23.140 1.4718 22.782531014
23.150 1.4712 22.792376533
23.160 1.4705 22.802222052
23.170 1.4699 22.812067571
23.180 1.4692 22.82191309
23.190 1.4686 22.8317586091
23.200 1.4679 22.8416041281
23.210 1.4673 22.8514496471
23.220 1.4667 22.8612951661
23.230 1.4660 22.8711406851
23.240 1.4654 22.8809862042
23.250 1.4648 22.8908317232
23.260 1.4641 22.9006772422
23.270 1.4635 22.9105227612
23.280 1.4628 22.9203682802
23.290 1.4622 22.9302137993
23.300 1.4616 22.9400593183
23.310 1.4609 22.9499048373
23.320 1.4603 22.9597503563
23.330 1.4597 22.9695958754
23.340 1.4590 22.9794413944
23.350 1.4584 22.9892869134
23.360 1.4578 22.9991324324
23.370 1.4571 23.0089779514
23.380 1.4565 23.0188234705
23.390 1.4559 23.0286689895
23.400 1.4553 23.0385145085
23.410 1.4546 23.0483600275
23.420 1.4540 23.0582055465
23.430 1.4534 23.0680510656
23.440 1.4527 23.0778965846
23.450 1.4521 23.0877421036
23.460 1.4515 23.0975876226
23.470 1.4509 23.1074331416
23.480 1.4502 23.1172786607
23.490 1.4496 23.1271241797
23.500 1.4490 23.1369696987
23.510 1.4484 23.1468152177
23.520 1.4477 23.1566607367
23.530 1.4471 23.1665062558
23.540 1.4465 23.1763517748
23.550 1.4459 23.1861972938
23.560 1.4453 23.1960428128
23.570 1.4446 23.2058883319
23.580 1.4440 23.2157338509
23.590 1.4434 23.2255793699
23.600 1.4428 23.2354248889
23.610 1.4422 23.2452704079
23.620 1.4416 23.255115927
23.630 1.4409 23.264961446
23.640 1.4403 23.274806965
23.650 1.4397 23.284652484
23.660 1.4391 23.294498003
23.670 1.4385 23.3043435221
23.680 1.4379 23.3141890411
23.690 1.4372 23.3240345601
23.700 1.4366 23.3338800791
23.710 1.4360 23.3437255981
23.720 1.4354 23.3535711172
23.730 1.4348 23.3634166362
23.740 1.4342 23.3732621552
23.750 1.4336 23.3831076742
23.760 1.4330 23.3929531932
23.770 1.4323 23.4027987123
23.780 1.4317 23.4126442313
23.790 1.4311 23.4224897503
23.800 1.4305 23.4323352693
23.810 1.4299 23.4421807883
23.820 1.4293 23.4520263074
23.830 1.4287 23.4618718264
23.840 1.4281 23.4717173454
23.850 1.4275 23.4815628644
23.860 1.4269 23.4914083835
23.870 1.4263 23.5012539025
23.880 1.4257 23.5110994215
23.890 1.4251 23.5209449405
23.900 1.4245 23.5307904595
23.910 1.4239 23.5406359786
23.920 1.4233 23.5504814976
23.930 1.4227 23.5603270166
23.940 1.4221 23.5701725356
23.950 1.4215 23.5800180546
23.960 1.4209 23.5898635737
23.970 1.4203 23.5997090927
23.980 1.4197 23.6095546117
23.990 1.4191 23.6194001307
24.000 1.4185 23.6292456497
24.010 1.4179 23.6390911688
24.020 1.4173 23.6489366878
24.030 1.4167 23.6587822068
24.040 1.4161 23.6686277258
24.050 1.4155 23.6784732448
24.060 1.4149 23.6883187639
24.070 1.4143 23.6981642829
24.080 1.4137 23.7080098019
24.090 1.4131 23.7178553209
24.100 1.4125 23.7277008399
24.110 1.4119 23.737546359
24.120 1.4113 23.747391878
24.130 1.4107 23.757237397
24.140 1.4101 23.767082916
24.150 1.4096 23.7769284351
24.160 1.4090 23.7867739541
24.170 1.4084 23.7966194731
24.180 1.4078 23.8064649921
24.190 1.4072 23.8163105111
24.200 1.4066 23.8261560302
24.210 1.4060 23.8360015492
24.220 1.4054 23.8458470682
24.230 1.4048 23.8556925872
24.240 1.4043 23.8655381062
24.250 1.4037 23.8753836253
24.260 1.4031 23.8852291443
24.270 1.4025 23.8950746633
24.280 1.4019 23.9049201823
24.290 1.4013 23.9147657013
24.300 1.4008 23.9246112204
24.310 1.4002 23.9344567394
24.320 1.3996 23.9443022584
24.330 1.3990 23.9541477774
24.340 1.3984 23.9639932964
24.350 1.3978 23.9738388155
24.360 1.3973 23.9836843345
24.370 1.3967 23.9935298535
24.380 1.3961 24.0033753725
24.390 1.3955 24.0132208915
24.400 1.3949 24.0230664106
24.410 1.3944 24.0329119296
24.420 1.3938 24.0427574486
24.430 1.3932 24.0526029676
24.440 1.3926 24.0624484867
24.450 1.3921 24.0722940057
24.460 1.3915 24.0821395247
24.470 1.3909 24.0919850437
24.480 1.3903 24.1018305627
24.490 1.3898 24.1116760818
24.500 1.3892 24.1215216008
24.510 1.3886 24.1313671198
24.520 1.3880 24.1412126388
24.530 1.3875 24.1510581578
24.540 1.3869 24.1609036769
24.550 1.3863 24.1707491959
24.560 1.3857 24.1805947149
24.570 1.3852 24.1904402339
24.580 1.3846 24.2002857529
24.590 1.3840 24.210131272
24.600 1.3835 24.219976791
24.610 1.3829 24.22982231
24.620 1.3823 24.239667829
24.630 1.3818 24.249513348
24.640 1.3812 24.2593588671
24.650 1.3806 24.2692043861
24.660 1.3801 24.2790499051
24.670 1.3795 24.2888954241
24.680 1.3789 24.2987409432
24.690 1.3784 24.3085864622
24.700 1.3778 24.3184319812
24.710 1.3772 24.3282775002
24.720 1.3767 24.3381230192
24.730 1.3761 24.3479685383
24.740 1.3755 24.3578140573
24.750 1.3750 24.3676595763
24.760 1.3744 24.3775050953
24.770 1.3739 24.3873506143
24.780 1.3733 24.3971961334
24.790 1.3727 24.4070416524
24.800 1.3722 24.4168871714
24.810 1.3716 24.4267326904
24.820 1.3711 24.4365782094
24.830 1.3705 24.4464237285
24.840 1.3699 24.4562692475
24.850 1.3694 24.4661147665
24.860 1.3688 24.4759602855
24.870 1.3683 24.4858058045
24.880 1.3677 24.4956513236
24.890 1.3672 24.5054968426
24.900 1.3666 24.5153423616
24.910 1.3660 24.5251878806
24.920 1.3655 24.5350333996
24.930 1.3649 24.5448789187
24.940 1.3644 24.5547244377
24.950 1.3638 24.5645699567
24.960 1.3633 24.5744154757
24.970 1.3627 24.5842609948
24.980 1.3622 24.5941065138
24.990 1.3616 24.6039520328
25.000 1.3611 24.6137975518
25.100 1.3556 24.712252742
25.110 1.3550 24.722098261
25.120 1.3545 24.7319437801
25.130 1.3539 24.7417892991
25.140 1.3534 24.7516348181
25.150 1.3529 24.7614803371
25.160 1.3523 24.7713258561
25.170 1.3518 24.7811713752
25.180 1.3512 24.7910168942
25.190 1.3507 24.8008624132
25.200 1.3501 24.8107079322
25.210 1.3496 24.8205534512
25.220 1.3491 24.8303989703
25.230 1.3485 24.8402444893
25.240 1.3480 24.8500900083
25.250 1.3474 24.8599355273
25.260 1.3469 24.8697810464
25.270 1.3464 24.8796265654
25.280 1.3458 24.8894720844
25.290 1.3453 24.8993176034
25.300 1.3447 24.9091631224
25.310 1.3442 24.9190086415
25.320 1.3437 24.9288541605
25.330 1.3431 24.9386996795
25.340 1.3426 24.9485451985
25.350 1.3421 24.9583907175
25.360 1.3415 24.9682362366
25.370 1.3410 24.9780817556
25.380 1.3404 24.9879272746
25.390 1.3399 24.9977727936
25.400 1.3394 25.0076183126
25.410 1.3388 25.0174638317
25.420 1.3383 25.0273093507
25.430 1.3378 25.0371548697
25.440 1.3372 25.0470003887
25.450 1.3367 25.0568459077
25.460 1.3362 25.0666914268
25.470 1.3357 25.0765369458
25.480 1.3351 25.0863824648
25.490 1.3346 25.0962279838
25.500 1.3341 25.1060735029
25.510 1.3335 25.1159190219
25.520 1.3330 25.1257645409
25.530 1.3325 25.1356100599
25.540 1.3319 25.1454555789
25.550 1.3314 25.155301098
25.560 1.3309 25.165146617
25.570 1.3304 25.174992136
25.580 1.3298 25.184837655
25.590 1.3293 25.194683174
25.600 1.3288 25.2045286931
25.610 1.3283 25.2143742121
25.620 1.3277 25.2242197311
25.630 1.3272 25.2340652501
25.640 1.3267 25.2439107691
25.650 1.3262 25.2537562882
25.660 1.3256 25.2636018072
25.670 1.3251 25.2734473262
25.680 1.3246 25.2832928452
25.690 1.3241 25.2931383642
25.700 1.3236 25.3029838833
25.710 1.3230 25.3128294023
25.720 1.3225 25.3226749213
25.730 1.3220 25.3325204403
25.740 1.3215 25.3423659593
25.750 1.3210 25.3522114784
25.760 1.3204 25.3620569974
25.770 1.3199 25.3719025164
25.780 1.3194 25.3817480354
25.790 1.3189 25.3915935545
25.800 1.3184 25.4014390735
25.810 1.3178 25.4112845925
25.820 1.3173 25.4211301115
25.830 1.3168 25.4309756305
25.840 1.3163 25.4408211496
25.850 1.3158 25.4506666686
25.860 1.3153 25.4605121876
25.870 1.3148 25.4703577066
25.880 1.3142 25.4802032256
25.890 1.3137 25.4900487447
25.900 1.3132 25.4998942637
25.910 1.3127 25.5097397827
25.920 1.3122 25.5195853017
25.930 1.3117 25.5294308207
25.940 1.3112 25.5392763398
25.950 1.3106 25.5491218588
25.960 1.3101 25.5589673778
25.970 1.3096 25.5688128968
25.980 1.3091 25.5786584158
25.990 1.3086 25.5885039349
26.000 1.3081 25.5983494539
26.010 1.3076 25.6081949729
26.020 1.3071 25.6180404919
26.030 1.3066 25.6278860109
26.040 1.3061 25.63773153
26.050 1.3056 25.647577049
26.060 1.3050 25.657422568
26.070 1.3045 25.667268087
26.080 1.3040 25.6771136061
26.090 1.3035 25.6869591251
26.100 1.3030 25.6968046441
26.110 1.3025 25.7066501631
26.120 1.3020 25.7164956821
26.130 1.3015 25.7263412012
26.140 1.3010 25.7361867202
26.150 1.3005 25.7460322392
26.160 1.3000 25.7558777582
26.170 1.2995 25.7657232772
26.180 1.2990 25.7755687963
26.190 1.2985 25.7854143153
26.200 1.2980 25.7952598343
26.210 1.2975 25.8051053533
26.220 1.2970 25.8149508723
26.230 1.2965 25.8247963914
26.240 1.2960 25.8346419104
26.250 1.2955 25.8444874294
26.260 1.2950 25.8543329484
26.270 1.2945 25.8641784674
26.280 1.2940 25.8740239865
26.290 1.2935 25.8838695055
26.300 1.2930 25.8937150245
26.310 1.2925 25.9035605435
26.320 1.2920 25.9134060625
26.330 1.2915 25.9232515816
26.340 1.2910 25.9330971006
26.350 1.2905 25.9429426196
26.360 1.2900 25.9527881386
26.370 1.2895 25.9626336577
26.380 1.2890 25.9724791767
26.390 1.2885 25.9823246957
26.400 1.2880 25.9921702147
26.410 1.2875 26.0020157337
26.420 1.2870 26.0118612528
26.430 1.2866 26.0217067718
26.440 1.2861 26.0315522908
26.450 1.2856 26.0413978098
26.460 1.2851 26.0512433288
26.470 1.2846 26.0610888479
26.480 1.2841 26.0709343669
26.490 1.2836 26.0807798859
26.500 1.2831 26.0906254049
26.510 1.2826 26.1004709239
26.520 1.2821 26.110316443
26.530 1.2816 26.120161962
26.540 1.2812 26.130007481
26.550 1.2807 26.139853
26.560 1.2802 26.149698519
26.570 1.2797 26.1595440381
26.580 1.2792 26.1693895571
26.590 1.2787 26.1792350761
26.600 1.2782 26.1890805951
26.610 1.2777 26.1989261142
26.620 1.2773 26.2087716332
26.630 1.2768 26.2186171522
26.640 1.2763 26.2284626712
26.650 1.2758 26.2383081902
26.660 1.2753 26.2481537093
26.670 1.2748 26.2579992283
26.680 1.2743 26.2678447473
26.690 1.2739 26.2776902663
26.700 1.2734 26.2875357853
26.710 1.2729 26.2973813044
26.720 1.2724 26.3072268234
26.730 1.2719 26.3170723424
26.740 1.2714 26.3269178614
26.750 1.2710 26.3367633804
26.760 1.2705 26.3466088995
26.770 1.2700 26.3564544185
26.780 1.2695 26.3662999375
26.790 1.2690 26.3761454565
26.800 1.2686 26.3859909755
26.810 1.2681 26.3958364946
26.820 1.2676 26.4056820136
26.830 1.2671 26.4155275326
26.840 1.2667 26.4253730516
26.850 1.2662 26.4352185706
26.860 1.2657 26.4450640897
26.870 1.2652 26.4549096087
26.880 1.2647 26.4647551277
26.890 1.2643 26.4746006467
26.900 1.2638 26.4844461658
26.910 1.2633 26.4942916848
26.920 1.2628 26.5041372038
26.930 1.2624 26.5139827228
26.940 1.2619 26.5238282418
26.950 1.2614 26.5336737609
26.960 1.2609 26.5435192799
26.970 1.2605 26.5533647989
26.980 1.2600 26.5632103179
26.990 1.2595 26.5730558369
27.000 1.2590 26.582901356
27.010 1.2586 26.592746875
27.020 1.2581 26.602592394
27.030 1.2576 26.612437913
27.040 1.2572 26.622283432
27.050 1.2567 26.6321289511
27.060 1.2562 26.6419744701
27.070 1.2558 26.6518199891
27.080 1.2553 26.6616655081
27.090 1.2548 26.6715110271
27.100 1.2543 26.6813565462
27.110 1.2539 26.6912020652
27.120 1.2534 26.7010475842
27.130 1.2529 26.7108931032
27.140 1.2525 26.7207386222
27.150 1.2520 26.7305841413
27.160 1.2515 26.7404296603
27.170 1.2511 26.7502751793
27.180 1.2506 26.7601206983
27.190 1.2501 26.7699662174
27.200 1.2497 26.7798117364
27.210 1.2492 26.7896572554
27.220 1.2487 26.7995027744
27.230 1.2483 26.8093482934
27.240 1.2478 26.8191938125
27.250 1.2474 26.8290393315
27.260 1.2469 26.8388848505
27.270 1.2464 26.8487303695
27.280 1.2460 26.8585758885
27.290 1.2455 26.8684214076
27.300 1.2450 26.8782669266
27.310 1.2446 26.8881124456
27.320 1.2441 26.8979579646
27.330 1.2437 26.9078034836
27.340 1.2432 26.9176490027
27.350 1.2427 26.9274945217
27.360 1.2423 26.9373400407
27.370 1.2418 26.9471855597
27.380 1.2414 26.9570310787
27.390 1.2409 26.9668765978
27.400 1.2404 26.9767221168
27.410 1.2400 26.9865676358
27.420 1.2395 26.9964131548
27.430 1.2391 27.0062586739
27.440 1.2386 27.0161041929
27.450 1.2381 27.0259497119
27.460 1.2377 27.0357952309
27.470 1.2372 27.0456407499
27.480 1.2368 27.055486269
27.490 1.2363 27.065331788
27.500 1.2359 27.075177307
27.510 1.2354 27.085022826
27.520 1.2350 27.094868345
27.530 1.2345 27.1047138641
27.540 1.2340 27.1145593831
27.550 1.2336 27.1244049021
27.560 1.2331 27.1342504211
27.570 1.2327 27.1440959401
27.580 1.2322 27.1539414592
27.590 1.2318 27.1637869782
27.600 1.2313 27.1736324972
27.610 1.2309 27.1834780162
27.620 1.2304 27.1933235352
27.630 1.2300 27.2031690543
27.640 1.2295 27.2130145733
27.650 1.2291 27.2228600923
27.660 1.2286 27.2327056113
27.670 1.2282 27.2425511303
27.680 1.2277 27.2523966494
27.690 1.2273 27.2622421684
27.700 1.2268 27.2720876874
27.710 1.2264 27.2819332064
27.720 1.2259 27.2917787255
27.730 1.2255 27.3016242445
27.740 1.2250 27.3114697635
27.750 1.2246 27.3213152825
27.760 1.2241 27.3311608015
27.770 1.2237 27.3410063206
27.780 1.2232 27.3508518396
27.790 1.2228 27.3606973586
27.800 1.2224 27.3705428776
27.810 1.2219 27.3803883966
27.820 1.2215 27.3902339157
27.830 1.2210 27.4000794347
27.840 1.2206 27.4099249537
27.850 1.2201 27.4197704727
27.860 1.2197 27.4296159917
27.870 1.2192 27.4394615108
27.880 1.2188 27.4493070298
27.890 1.2184 27.4591525488
27.900 1.2179 27.4689980678
27.910 1.2175 27.4788435868
27.920 1.2170 27.4886891059
27.930 1.2166 27.4985346249
27.940 1.2161 27.5083801439
27.950 1.2157 27.5182256629
27.960 1.2153 27.5280711819
27.970 1.2148 27.537916701
27.980 1.2144 27.54776222
27.990 1.2139 27.557607739
28.000 1.2135 27.567453258
28.010 1.2131 27.5772987771
28.020 1.2126 27.5871442961
28.030 1.2122 27.5969898151
28.040 1.2118 27.6068353341
28.050 1.2113 27.6166808531
28.060 1.2109 27.6265263722
28.070 1.2104 27.6363718912
28.080 1.2100 27.6462174102
28.090 1.2096 27.6560629292
28.100 1.2091 27.6659084482
28.110 1.2087 27.6757539673
28.120 1.2083 27.6855994863
28.130 1.2078 27.6954450053
28.140 1.2074 27.7052905243
28.150 1.2070 27.7151360433
28.160 1.2065 27.7249815624
28.170 1.2061 27.7348270814
28.180 1.2057 27.7446726004
28.190 1.2052 27.7545181194
28.200 1.2048 27.7643636384
28.210 1.2044 27.7742091575
28.220 1.2039 27.7840546765
28.230 1.2035 27.7939001955
28.240 1.2031 27.8037457145
28.250 1.2026 27.8135912336
28.260 1.2022 27.8234367526
28.270 1.2018 27.8332822716
28.280 1.2013 27.8431277906
28.290 1.2009 27.8529733096
28.300 1.2005 27.8628188287
28.310 1.2000 27.8726643477
28.320 1.1996 27.8825098667
28.330 1.1992 27.8923553857
28.340 1.1988 27.9022009047
28.350 1.1983 27.9120464238
28.360 1.1979 27.9218919428
28.370 1.1975 27.9317374618
28.380 1.1970 27.9415829808
28.390 1.1966 27.9514284998
28.400 1.1962 27.9612740189
28.410 1.1958 27.9711195379
28.420 1.1953 27.9809650569
28.430 1.1949 27.9908105759
28.440 1.1945 28.0006560949
28.450 1.1941 28.010501614
28.460 1.1936 28.020347133
28.470 1.1932 28.030192652
28.480 1.1928 28.040038171
28.490 1.1924 28.04988369
28.500 1.1919 28.0597292091
28.510 1.1915 28.0695747281
28.520 1.1911 28.0794202471
28.530 1.1907 28.0892657661
28.540 1.1902 28.0991112852
28.550 1.1898 28.1089568042
28.560 1.1894 28.1188023232
28.570 1.1890 28.1286478422
28.580 1.1886 28.1384933612
28.590 1.1881 28.1483388803
28.600 1.1877 28.1581843993
28.610 1.1873 28.1680299183
28.620 1.1869 28.1778754373
28.630 1.1865 28.1877209563
28.640 1.1860 28.1975664754
28.650 1.1856 28.2074119944
28.660 1.1852 28.2172575134
28.670 1.1848 28.2271030324
28.680 1.1844 28.2369485514
28.690 1.1839 28.2467940705
28.700 1.1835 28.2566395895
28.710 1.1831 28.2664851085
28.720 1.1827 28.2763306275
28.730 1.1823 28.2861761465
28.740 1.1819 28.2960216656
28.750 1.1814 28.3058671846
28.760 1.1810 28.3157127036
28.770 1.1806 28.3255582226
28.780 1.1802 28.3354037416
28.790 1.1798 28.3452492607
28.800 1.1794 28.3550947797
28.810 1.1789 28.3649402987
28.820 1.1785 28.3747858177
28.830 1.1781 28.3846313368
28.840 1.1777 28.3944768558
28.850 1.1773 28.4043223748
28.860 1.1769 28.4141678938
28.870 1.1765 28.4240134128
28.880 1.1760 28.4338589319
28.890 1.1756 28.4437044509
28.900 1.1752 28.4535499699
28.910 1.1748 28.4633954889
28.920 1.1744 28.4732410079
28.930 1.1740 28.483086527
28.940 1.1736 28.492932046
28.950 1.1732 28.502777565
28.960 1.1728 28.512623084
28.970 1.1723 28.522468603
28.980 1.1719 28.5323141221
28.990 1.1715 28.5421596411
29.000 1.1711 28.5520051601
29.010 1.1707 28.5618506791
29.020 1.1703 28.5716961981
29.030 1.1699 28.5815417172
29.040 1.1695 28.5913872362
29.050 1.1691 28.6012327552
29.060 1.1687 28.6110782742
29.070 1.1683 28.6209237932
29.080 1.1678 28.6307693123
29.090 1.1674 28.6406148313
29.100 1.1670 28.6504603503
29.110 1.1666 28.6603058693
29.120 1.1662 28.6701513884
29.130 1.1658 28.6799969074
29.140 1.1654 28.6898424264
29.150 1.1650 28.6996879454
29.160 1.1646 28.7095334644
29.170 1.1642 28.7193789835
29.180 1.1638 28.7292245025
29.190 1.1634 28.7390700215
29.200 1.1630 28.7489155405
29.210 1.1626 28.7587610595
29.220 1.1622 28.7686065786
29.230 1.1618 28.7784520976
29.240 1.1614 28.7882976166
29.250 1.1610 28.7981431356
29.260 1.1606 28.8079886546
29.270 1.1602 28.8178341737
29.280 1.1598 28.8276796927
29.290 1.1594 28.8375252117
29.300 1.1590 28.8473707307
29.310 1.1586 28.8572162497
29.320 1.1582 28.8670617688
29.330 1.1578 28.8769072878
29.340 1.1574 28.8867528068
29.350 1.1570 28.8965983258
29.360 1.1566 28.9064438449
29.370 1.1562 28.9162893639
29.380 1.1558 28.9261348829
29.390 1.1554 28.9359804019
29.400 1.1550 28.9458259209
29.410 1.1546 28.95567144
29.420 1.1542 28.965516959
29.430 1.1538 28.975362478
29.440 1.1534 28.985207997
29.450 1.1530 28.995053516
29.460 1.1526 29.0048990351
29.470 1.1522 29.0147445541
29.480 1.1518 29.0245900731
29.490 1.1514 29.0344355921
29.500 1.1510 29.0442811111
29.510 1.1506 29.0541266302
29.520 1.1502 29.0639721492
29.530 1.1498 29.0738176682
29.540 1.1494 29.0836631872
29.550 1.1490 29.0935087062
29.560 1.1486 29.1033542253
29.570 1.1482 29.1131997443
29.580 1.1478 29.1230452633
29.590 1.1474 29.1328907823
29.600 1.1470 29.1427363013
29.610 1.1467 29.1525818204
29.620 1.1463 29.1624273394
29.630 1.1459 29.1722728584
29.640 1.1455 29.1821183774
29.650 1.1451 29.1919638965
29.660 1.1447 29.2018094155
29.670 1.1443 29.2116549345
29.680 1.1439 29.2215004535
29.690 1.1435 29.2313459725
29.700 1.1431 29.2411914916
29.710 1.1427 29.2510370106
29.720 1.1424 29.2608825296
29.730 1.1420 29.2707280486
29.740 1.1416 29.2805735676
29.750 1.1412 29.2904190867
29.760 1.1408 29.3002646057
29.770 1.1404 29.3101101247
29.780 1.1400 29.3199556437
29.790 1.1396 29.3298011627
29.800 1.1392 29.3396466818
29.810 1.1389 29.3494922008
29.820 1.1385 29.3593377198
29.830 1.1381 29.3691832388
29.840 1.1377 29.3790287578
29.850 1.1373 29.3888742769
29.860 1.1369 29.3987197959
29.870 1.1365 29.4085653149
29.880 1.1362 29.4184108339
29.890 1.1358 29.4282563529
29.900 1.1354 29.438101872
29.910 1.1350 29.447947391
29.920 1.1346 29.45779291
29.930 1.1342 29.467638429
29.940 1.1338 29.4774839481
29.950 1.1335 29.4873294671
29.960 1.1331 29.4971749861
29.970 1.1327 29.5070205051
29.980 1.1323 29.5168660241
29.990 1.1319 29.5267115432
30.000 1.1315 29.5365570622
