120,0.1,1.00892,0.997189,0.996854,0.0997197,0.00434758,0.139137588062
150,0.1,1.01083,0.998362,0.998408,0.0998364,0.0231077,0.104039858416
180,0.1,1.00954,0.998963,0.99903,0.0998964,0.0624627,0.102373237755
210,0.1,1.01154,0.999306,0.999417,0.0999307,0.082154,0.102804425897
240,0.1,1.01201,0.999518,0.999606,0.0999518,0.0880595,0.102806741352
270,0.1,1.01168,0.999655,0.999707,0.0999655,0.0917022,0.102741541269
300,0.1,1.01408,0.999748,0.999789,0.0999748,0.0941064,0.103304953991
330,0.1,1.01183,0.999814,0.999855,0.0999814,0.0957649,0.10283970705
360,0.1,1.01183,0.999861,0.999911,0.0999861,0.0969455,0.102782338191
390,0.1,1.01368,0.999896,0.999926,0.0999896,0.0978103,0.102884552387
420,0.1,1.01084,0.999923,0.99994,0.0999923,0.0984552,0.102726414491
