120,5,0.0170243,0.838184,0.0176091,4.30434,0.217379,3.15748399756
150,5,0.918068,0.912627,0.912086,4.59512,1.15538,4.95168152812
180,5,0.957022,0.946429,0.950521,4.74349,3.12313,5.09434299212
210,5,0.976986,0.964744,0.968922,4.82822,4.1077,5.20739007393
240,5,0.988895,0.975712,0.979295,4.88043,4.40297,5.26724821813
270,5,0.9965,0.982736,0.98567,4.91445,4.58511,5.30576099851
300,5,0.999868,0.987459,0.989836,4.93757,4.70532,5.3748100942
330,5,1.00277,0.990755,0.992709,4.95384,4.78825,5.34237823346
360,5,1.00659,0.993124,0.994748,4.96558,4.84727,5.36315142663
390,5,1.0093,0.994869,0.996223,4.97427,4.89051,5.3850283071
420,5,1.01046,0.996178,0.997328,4.9808,4.92276,5.3868405023
