115,5,0.847835,0.826172,0.0203442,4.26044,0.280223,4.69231411689
145,5,0.935508,0.909682,0.91181,4.58199,1.2766,5.06116766251
175,5,0.969757,0.946036,0.951007,4.74131,3.459,5.19891979197
205,5,0.986243,0.965261,0.969845,4.83041,4.14034,5.25152223226
235,5,0.997105,0.976569,0.980347,4.88439,4.43689,5.34978209126
265,5,1.00021,0.983703,0.98677,4.91905,4.61868,5.3042523095
295,5,1.00471,0.988438,0.990915,4.9423,4.73751,5.32529341749
325,5,1.00658,0.991703,0.993733,4.95846,4.81859,5.37215541575
355,5,1.00864,0.994023,0.995697,4.97,4.87571,5.40632815442
385,5,1.01066,0.995711,0.997117,4.97842,4.91693,5.37345840216
415,5,1.0097,0.996965,0.998156,4.98469,4.94736,5.40428772956
