100,5,1.0113,0.991603,0.999058,4.95717,4.98095,5.34027358009
140,5,1.0141,0.997946,1.00265,4.98928,5.08341,5.3855212767
180,5,1.01574,1.00009,1.00336,5.00021,5.10347,5.40554295083
20,5,0.104966,0.0681971,0.0855347,0.843127,0.256027,2.9200304925
220,5,1.0168,1.00095,1.0034,5.00459,5.103,5.4385666555
260,5,1.01478,1.00131,1.00319,5.00646,5.09696,5.39998742692
300,5,1.01678,1.00146,1.00296,5.00723,5.08964,5.43507407845
340,5,1.01528,1.0015,1.00272,5.00747,5.08243,5.4465353754
380,5,1.01425,1.00149,1.00252,5.00745,5.07582,5.40893099567
420,5,1.01584,1.00146,1.00232,5.0073,5.06992,5.4095660289
60,5,0.996055,0.963793,0,4.82023,0,5.30434584367
