100,10,1.01332,0.984036,0.998363,9.83347,9.9619,10.7724078438
140,10,1.02024,0.996254,1.00539,9.95899,10.1668,10.8974616429
180,10,1.02054,1.00036,1.00682,10.0018,10.2069,10.9430681633
20,10,0.206305,0.135307,0.169613,0.902382,0.512053,3.19904139602
220,10,1.02128,1.002,1.00678,10.0189,10.206,11.0181906583
260,10,1.02048,1.00268,1.00643,10.0262,10.1939,10.9300648714
300,10,1.01841,1.00296,1.00592,10.0292,10.1793,11.0044970468
340,10,1.01791,1.00303,1.00547,10.0301,10.1649,11.0179934309
380,10,1.01842,1.00301,1.00504,10.0299,10.1516,10.9364859201
420,10,1.01746,1.00294,1.00464,10.0293,10.1398,10.9421771836
60,10,0.980768,0.929456,0,9.30189,0,10.5266126906
