100,20,1.01526,0.971425,0.998034,19.3717,19.9238,21.7573116294
140,20,1.02786,0.993932,1.0113,19.8506,20.3336,22.1653824228
180,20,1.02921,1.00145,1.0138,20.0144,20.4139,22.2717934857
20,20,0.388289,0.266799,0.333998,1.03211,1.02411,4.01977221573
220,20,1.02714,1.00441,1.01369,20.08,20.412,22.4163305623
260,20,1.02359,1.00563,1.01289,20.1076,20.3878,22.2127439474
300,20,1.02467,1.00608,1.01189,20.1186,20.3586,22.3213110224
340,20,1.0235,1.00618,1.01091,20.1216,20.3297,22.3482974931
380,20,1.02159,1.00611,1.01008,20.1208,20.3033,22.1973146354
420,20,1.01932,1.00595,1.00928,20.1181,20.2797,22.1724674781
60,20,0.953226,0.868338,0,17.3755,0,20.6049496437
