115,30,0.239744,0.10778,0.121347,1.40139,1.68134,10.7539968985
145,30,0.112309,0.098707,0.108716,7.59757,7.65957,12.7512183105
175,30,0.0916362,0.5486,0.112763,20.9535,20.754,24.8961129676
205,30,0.821072,0.773063,0.796308,24.1905,24.842,26.7494393965
235,30,0.89352,0.857408,0.876984,26.0434,26.6213,29.8437824822
265,30,0.935506,0.904344,0.92019,27.2267,27.7121,31.5566199104
295,30,0.971606,0.933654,0.946515,28.022,28.4251,31.9136235646
325,30,0.980476,0.953174,0.963739,28.5762,28.9115,32.3761595816
355,30,0.991683,0.966747,0.975549,28.9731,29.2542,33.5588062037
385,30,0.962747,0.976486,0.983886,29.2637,29.5016,32.7294710607
415,30,1.00434,0.983642,0.990022,29.4804,29.6842,32.0708647659
