115,10,0.568376,0.611632,0.0406397,6.97243,0.560445,7.31634044103
145,10,0.810921,0.802479,0.0366346,8.34002,2.55319,9.29905848878
175,10,1.06554,0.888148,0.897491,8.97595,6.918,10.3435427551
205,10,0.952343,0.929524,0.938487,9.32869,8.28067,9.9898992124
235,10,0.970981,0.952989,0.960408,9.54219,8.87377,10.5912579114
265,10,0.987238,0.967519,0.973502,9.67933,9.23736,10.9511248683
295,10,0.995746,0.977058,0.981868,9.77142,9.47502,10.767541527
325,10,1.00388,0.983592,0.987527,9.83543,9.63718,10.8534288226
355,10,1.00153,0.988214,0.991474,9.88117,9.75142,11.1569210305
385,10,1.00501,0.991569,0.9943,9.9146,9.83387,10.9089030873
415,10,1.00757,0.994053,0.996394,9.93948,9.89472,10.6040774722
