115,5,0.815791,0.826172,0.0203442,4.26044,0.280223,4.48864420018
145,5,0.928529,0.909682,0.91181,4.58199,1.2766,5.01693707131
175,5,0.963326,0.946036,0.951007,4.74131,3.459,5.12716752184
205,5,0.989372,0.965261,0.969845,4.83041,4.14034,5.09099721353
235,5,0.996143,0.976569,0.980347,4.88439,4.43689,5.35693966469
265,5,1.00474,0.983703,0.98677,4.91905,4.61868,5.48706371505
295,5,1.01222,0.988438,0.990915,4.9423,4.73751,5.36708292919
325,5,1.01463,0.991703,0.993733,4.95846,4.81859,5.38907371788
355,5,1.00555,0.994023,0.995697,4.97,4.87571,5.56183629287
385,5,1.00553,0.995711,0.997117,4.97842,4.91693,5.43789462882
415,5,1.01068,0.996965,0.998156,4.98469,4.94736,5.26470265227
