115,20,0.272263,0.0720392,0.0810865,1.35187,1.12089,9.70430493907
145,20,0.0691614,0.570362,0.0728607,13.2565,5.10638,13.3541330757
175,20,0.789832,0.753635,0.769023,15.9698,13.836,20.8640834782
205,20,0.882803,0.854437,0.871277,17.3684,16.5613,18.9221645351
235,20,0.938002,0.905416,0.919409,18.2054,17.7475,20.5592027715
265,20,0.956972,0.935571,0.946876,18.7424,18.4747,21.4969007817
295,20,0.988631,0.954904,0.964022,19.1033,18.95,21.3811695774
325,20,0.992924,0.967963,0.975453,19.3545,19.2744,21.6633600629
355,20,1.00531,0.97712,0.983304,19.5342,19.5028,22.3251736022
385,20,1.00399,0.983726,0.988919,19.6656,19.6677,21.9202264933
415,20,1.00801,0.988599,0.993076,19.7635,19.7894,21.2839880772
