0.10000 147.71 0.102069438247
0.11000 134.29 0.112276382071
0.12000 123.10 0.122483325896
0.13000 113.63 0.132690269721
0.14000 105.51 0.142897213545
0.15000 98.479 0.15310415737
0.16000 92.325 0.163311101195
0.17000 86.894 0.173518045019
0.18000 82.067 0.183724988844
0.19000 77.749 0.193931932669
0.20000 73.862 0.204138876493
0.21000 70.345 0.214345820318
0.22000 67.148 0.224552764143
0.23000 64.229 0.234759707967
0.24000 61.553 0.244966651792
0.25000 59.091 0.255173595617
0.26000 56.819 0.265380539441
0.27000 54.715 0.275587483266
0.28000 52.761 0.285794427091
0.29000 50.942 0.296001370915
0.30000 49.244 0.30620831474
0.31000 47.656 0.316415258565
0.32000 46.167 0.326622202389
0.33000 44.769 0.336829146214
0.34000 43.452 0.347036090039
0.35000 42.211 0.357243033863
0.36000 41.039 0.367449977688
0.37000 39.930 0.377656921513
0.38000 38.879 0.387863865337
0.39000 37.883 0.398070809162
0.40000 36.936 0.408277752987
0.41000 36.035 0.418484696811
0.42000 35.177 0.428691640636
0.43000 34.360 0.438898584461
0.44000 33.579 0.449105528285
0.45000 32.833 0.45931247211
0.46000 32.119 0.469519415935
0.47000 31.436 0.479726359759
0.48000 30.781 0.489933303584
0.49000 30.153 0.500140247409
0.50000 29.551 0.510347191233
0.51000 28.971 0.520554135058
0.52000 28.414 0.530761078883
0.53000 27.878 0.540968022707
0.54000 27.362 0.551174966532
0.55000 26.865 0.561381910357
0.56000 26.386 0.571588854181
0.57000 25.923 0.581795798006
0.58000 25.476 0.592002741831
0.59000 25.044 0.602209685655
0.60000 24.627 0.61241662948
0.61000 24.224 0.622623573305
0.62000 23.833 0.632830517129
0.63000 23.455 0.643037460954
0.64000 23.089 0.653244404779
0.65000 22.734 0.663451348603
0.66000 22.389 0.673658292428
0.67000 22.055 0.683865236252
0.68000 21.731 0.694072180077
0.69000 21.416 0.704279123902
0.70000 21.110 0.714486067726
0.71000 20.813 0.724693011551
0.72000 20.524 0.734899955376
0.73000 20.243 0.7451068992
0.74000 19.970 0.755313843025
0.75000 19.704 0.76552078685
0.76000 19.445 0.775727730674
0.77000 19.192 0.785934674499
0.78000 18.946 0.796141618324
0.79000 18.707 0.806348562148
0.80000 18.473 0.816555505973
0.81000 18.245 0.826762449798
0.82000 18.023 0.836969393622
0.83000 17.805 0.847176337447
0.84000 17.594 0.857383281272
0.85000 17.387 0.867590225096
0.86000 17.185 0.877797168921
0.87000 16.987 0.888004112746
0.88000 16.794 0.89821105657
0.89000 16.606 0.908418000395
0.90000 16.421 0.91862494422
0.91000 16.241 0.928831888044
0.92000 16.065 0.939038831869
0.93000 15.892 0.949245775694
0.94000 15.723 0.959452719518
0.95000 15.558 0.969659663343
0.96000 15.396 0.979866607168
0.97000 15.237 0.990073550992
0.98000 15.082 1.00028049482
0.99000 14.929 1.01048743864
1.0000 14.780 1.02069438247
1.0100 14.634 1.03090132629
1.0200 14.491 1.04110827012
1.0300 14.350 1.05131521394
1.0400 14.212 1.06152215777
1.0500 14.077 1.07172910159
1.0600 13.944 1.08193604541
1.0700 13.814 1.09214298924
1.0800 13.686 1.10234993306
1.0900 13.561 1.11255687689
1.1000 13.437 1.12276382071
1.1100 13.317 1.13297076454
1.1200 13.198 1.14317770836
1.1300 13.081 1.15338465219
1.1400 12.966 1.16359159601
1.1500 12.854 1.17379853984
1.1600 12.743 1.18400548366
1.1700 12.634 1.19421242749
1.1800 12.527 1.20441937131
1.1900 12.422 1.21462631514
1.2000 12.319 1.22483325896
1.2100 12.217 1.23504020278
1.2200 12.117 1.24524714661
1.2300 12.018 1.25545409043
1.2400 11.921 1.26566103426
1.2500 11.826 1.27586797808
1.2600 11.732 1.28607492191
1.2700 11.640 1.29628186573
1.2800 11.549 1.30648880956
1.2900 11.460 1.31669575338
1.3000 11.372 1.32690269721
1.3100 11.285 1.33710964103
1.3200 11.200 1.34731658486
1.3300 11.115 1.35752352868
1.3400 11.033 1.3677304725
1.3500 10.951 1.37793741633
1.3600 10.870 1.38814436015
1.3700 10.791 1.39835130398
1.3800 10.713 1.4085582478
1.3900 10.636 1.41876519163
1.4000 10.560 1.42897213545
1.4100 10.485 1.43917907928
1.4200 10.412 1.4493860231
1.4300 10.339 1.45959296693
1.4400 10.267 1.46979991075
1.4500 10.196 1.48000685458
1.4600 10.127 1.4902137984
1.4700 10.058 1.50042074223
1.4800 9.9899 1.51062768605
1.4900 9.9229 1.52083462987
1.5000 9.8568 1.5310415737
1.5100 9.7916 1.54124851752
1.5200 9.7272 1.55145546135
1.5300 9.6637 1.56166240517
1.5400 9.6010 1.571869349
1.5500 9.5392 1.58207629282
1.5600 9.4781 1.59228323665
1.5700 9.4178 1.60249018047
1.5800 9.3582 1.6126971243
1.5900 9.2994 1.62290406812
1.6000 9.2414 1.63311101195
1.6100 9.1840 1.64331795577
1.6200 9.1274 1.6535248996
1.6300 9.0715 1.66373184342
1.6400 9.0162 1.67393878724
1.6500 8.9616 1.68414573107
1.6600 8.9077 1.69435267489
1.6700 8.8544 1.70455961872
1.6800 8.8018 1.71476656254
1.6900 8.7498 1.72497350637
1.7000 8.6984 1.73518045019
1.7100 8.6475 1.74538739402
1.7200 8.5973 1.75559433784
1.7300 8.5477 1.76580128167
1.7400 8.4986 1.77600822549
1.7500 8.4501 1.78621516932
1.7600 8.4022 1.79642211314
1.7700 8.3547 1.80662905697
1.7800 8.3079 1.81683600079
1.7900 8.2615 1.82704294461
1.8000 8.2157 1.83724988844
1.8100 8.1703 1.84745683226
1.8200 8.1255 1.85766377609
1.8300 8.0811 1.86787071991
1.8400 8.0373 1.87807766374
1.8500 7.9939 1.88828460756
1.8600 7.9510 1.89849155139
1.8700 7.9085 1.90869849521
1.8800 7.8665 1.91890543904
1.8900 7.8249 1.92911238286
1.9000 7.7838 1.93931932669
1.9100 7.7431 1.94952627051
1.9200 7.7028 1.95973321434
1.9300 7.6629 1.96994015816
1.9400 7.6235 1.98014710198
1.9500 7.5845 1.99035404581
1.9600 7.5458 2.00056098963
1.9700 7.5076 2.01076793346
1.9800 7.4697 2.02097487728
1.9900 7.4322 2.03118182111
2.0000 7.3951 2.04138876493
2.0100 7.3584 2.05159570876
2.0200 7.3220 2.06180265258
2.0300 7.2860 2.07200959641
2.0400 7.2503 2.08221654023
2.0500 7.2150 2.09242348406
2.0600 7.1800 2.10263042788
2.0700 7.1454 2.11283737171
2.0800 7.1110 2.12304431553
2.0900 7.0771 2.13325125935
2.1000 7.0434 2.14345820318
2.1100 7.0101 2.153665147
2.1200 6.9771 2.16387209083
2.1300 6.9444 2.17407903465
2.1400 6.9120 2.18428597848
2.1500 6.8799 2.1944929223
2.1600 6.8480 2.20469986613
2.1700 6.8165 2.21490680995
2.1800 6.7853 2.22511375378
2.1900 6.7544 2.2353206976
2.2000 6.7237 2.24552764143
2.2100 6.6933 2.25573458525
2.2200 6.6632 2.26594152908
2.2300 6.6334 2.2761484729
2.2400 6.6038 2.28635541672
2.2500 6.5745 2.29656236055
2.2600 6.5455 2.30676930437
2.2700 6.5167 2.3169762482
2.2800 6.4881 2.32718319202
2.2900 6.4599 2.33739013585
2.3000 6.4318 2.34759707967
2.3100 6.4040 2.3578040235
2.3200 6.3765 2.36801096732
2.3300 6.3491 2.37821791115
2.3400 6.3220 2.38842485497
2.3500 6.2952 2.3986317988
2.3600 6.2685 2.40883874262
2.3700 6.2421 2.41904568645
2.3800 6.2160 2.42925263027
2.3900 6.1900 2.43945957409
2.4000 6.1642 2.44966651792
2.4100 6.1387 2.45987346174
2.4200 6.1134 2.47008040557
2.4300 6.0883 2.48028734939
2.4400 6.0633 2.49049429322
2.4500 6.0386 2.50070123704
2.4600 6.0141 2.51090818087
2.4700 5.9898 2.52111512469
2.4800 5.9657 2.53132206852
2.4900 5.9418 2.54152901234
2.5000 5.9181 2.55173595617
2.5100 5.8945 2.56194289999
2.5200 5.8712 2.57214984382
2.5300 5.8480 2.58235678764
2.5400 5.8250 2.59256373146
2.5500 5.8022 2.60277067529
2.5600 5.7796 2.61297761911
2.5700 5.7571 2.62318456294
2.5800 5.7349 2.63339150676
2.5900 5.7128 2.64359845059
2.6000 5.6908 2.65380539441
2.6100 5.6691 2.66401233824
2.6200 5.6475 2.67421928206
2.6300 5.6260 2.68442622589
2.6400 5.6048 2.69463316971
2.6500 5.5836 2.70484011354
2.6600 5.5627 2.71504705736
2.6700 5.5419 2.72525400119
2.6800 5.5213 2.73546094501
2.6900 5.5008 2.74566788883
2.7000 5.4804 2.75587483266
2.7100 5.4602 2.76608177648
2.7200 5.4402 2.77628872031
2.7300 5.4203 2.78649566413
2.7400 5.4006 2.79670260796
2.7500 5.3810 2.80690955178
2.7600 5.3615 2.81711649561
2.7700 5.3422 2.82732343943
2.7800 5.3230 2.83753038326
2.7900 5.3040 2.84773732708
2.8000 5.2851 2.85794427091
2.8100 5.2663 2.86815121473
2.8200 5.2476 2.87835815856
2.8300 5.2291 2.88856510238
2.8400 5.2108 2.8987720462
2.8500 5.1925 2.90897899003
2.8600 5.1744 2.91918593385
2.8700 5.1564 2.92939287768
2.8800 5.1385 2.9395998215
2.8900 5.1208 2.94980676533
2.9000 5.1032 2.96001370915
2.9100 5.0857 2.97022065298
2.9200 5.0683 2.9804275968
2.9300 5.0510 2.99063454063
2.9400 5.0339 3.00084148445
2.9500 5.0168 3.01104842828
2.9600 4.9999 3.0212553721
2.9700 4.9831 3.03146231593
2.9800 4.9664 3.04166925975
2.9900 4.9498 3.05187620357
3.0000 4.9334 3.0620831474
3.0100 4.9170 3.07229009122
3.0200 4.9008 3.08249703505
3.0300 4.8846 3.09270397887
3.0400 4.8686 3.1029109227
3.0500 4.8527 3.11311786652
3.0600 4.8368 3.12332481035
3.0700 4.8211 3.13353175417
3.0800 4.8055 3.143738698
3.0900 4.7900 3.15394564182
3.1000 4.7746 3.16415258565
3.1100 4.7592 3.17435952947
3.1200 4.7440 3.1845664733
3.1300 4.7289 3.19477341712
3.1400 4.7139 3.20498036094
3.1500 4.6989 3.21518730477
3.1600 4.6841 3.22539424859
3.1700 4.6694 3.23560119242
3.1800 4.6547 3.24580813624
3.1900 4.6401 3.25601508007
3.2000 4.6257 3.26622202389
3.2100 4.6113 3.27642896772
3.2200 4.5970 3.28663591154
3.2300 4.5828 3.29684285537
3.2400 4.5687 3.30704979919
3.2500 4.5547 3.31725674302
3.2600 4.5407 3.32746368684
3.2700 4.5269 3.33767063067
3.2800 4.5131 3.34787757449
3.2900 4.4994 3.35808451831
3.3000 4.4858 3.36829146214
3.3100 4.4723 3.37849840596
3.3200 4.4588 3.38870534979
3.3300 4.4455 3.39891229361
3.3400 4.4322 3.40911923744
3.3500 4.4190 3.41932618126
3.3600 4.4059 3.42953312509
3.3700 4.3928 3.43974006891
3.3800 4.3799 3.44994701274
3.3900 4.3670 3.46015395656
3.4000 4.3542 3.47036090039
3.4100 4.3414 3.48056784421
3.4200 4.3288 3.49077478804
3.4300 4.3162 3.50098173186
3.4400 4.3036 3.51118867568
3.4500 4.2912 3.52139561951
3.4600 4.2788 3.53160256333
3.4700 4.2665 3.54180950716
3.4800 4.2543 3.55201645098
3.4900 4.2421 3.56222339481
3.5000 4.2300 3.57243033863
3.5100 4.2180 3.58263728246
3.5200 4.2061 3.59284422628
3.5300 4.1942 3.60305117011
3.5400 4.1824 3.61325811393
3.5500 4.1706 3.62346505776
3.5600 4.1589 3.63367200158
3.5700 4.1473 3.64387894541
3.5800 4.1357 3.65408588923
3.5900 4.1242 3.66429283305
3.6000 4.1128 3.67449977688
3.6100 4.1015 3.6847067207
3.6200 4.0901 3.69491366453
3.6300 4.0789 3.70512060835
3.6400 4.0677 3.71532755218
3.6500 4.0566 3.725534496
3.6600 4.0456 3.73574143983
3.6700 4.0346 3.74594838365
3.6800 4.0236 3.75615532748
3.6900 4.0127 3.7663622713
3.7000 4.0019 3.77656921513
3.7100 3.9912 3.78677615895
3.7200 3.9805 3.79698310278
3.7300 3.9698 3.8071900466
3.7400 3.9592 3.81739699042
3.7500 3.9487 3.82760393425
3.7600 3.9382 3.83781087807
3.7700 3.9278 3.8480178219
3.7800 3.9174 3.85822476572
3.7900 3.9071 3.86843170955
3.8000 3.8969 3.87863865337
3.8100 3.8867 3.8888455972
3.8200 3.8765 3.89905254102
3.8300 3.8664 3.90925948485
3.8400 3.8564 3.91946642867
3.8500 3.8464 3.9296733725
3.8600 3.8365 3.93988031632
3.8700 3.8266 3.95008726015
3.8800 3.8167 3.96029420397
3.8900 3.8070 3.97050114779
3.9000 3.7972 3.98070809162
3.9100 3.7875 3.99091503544
3.9200 3.7779 4.00112197927
3.9300 3.7683 4.01132892309
3.9400 3.7588 4.02153586692
3.9500 3.7493 4.03174281074
3.9600 3.7398 4.04194975457
3.9700 3.7304 4.05215669839
3.9800 3.7211 4.06236364222
3.9900 3.7118 4.07257058604
4.0000 3.7025 4.08277752987
4.0100 3.6933 4.09298447369
4.0200 3.6842 4.10319141751
4.0300 3.6750 4.11339836134
4.0400 3.6660 4.12360530516
4.0500 3.6569 4.13381224899
4.0600 3.6480 4.14401919281
4.0700 3.6390 4.15422613664
4.0800 3.6301 4.16443308046
4.0900 3.6213 4.17464002429
4.1000 3.6125 4.18484696811
4.1100 3.6037 4.19505391194
4.1200 3.5950 4.20526085576
4.1300 3.5863 4.21546779959
4.1400 3.5777 4.22567474341
4.1500 3.5691 4.23588168724
4.1600 3.5605 4.24608863106
4.1700 3.5520 4.25629557488
4.1800 3.5435 4.26650251871
4.1900 3.5351 4.27670946253
4.2000 3.5267 4.28691640636
4.2100 3.5183 4.29712335018
4.2200 3.5100 4.30733029401
4.2300 3.5018 4.31753723783
4.2400 3.4935 4.32774418166
4.2500 3.4853 4.33795112548
4.2600 3.4772 4.34815806931
4.2700 3.4690 4.35836501313
4.2800 3.4610 4.36857195696
4.2900 3.4529 4.37877890078
4.3000 3.4449 4.38898584461
4.3100 3.4369 4.39919278843
4.3200 3.4290 4.40939973225
4.3300 3.4211 4.41960667608
4.3400 3.4133 4.4298136199
4.3500 3.4054 4.44002056373
4.3600 3.3976 4.45022750755
4.3700 3.3899 4.46043445138
4.3800 3.3822 4.4706413952
4.3900 3.3745 4.48084833903
4.4000 3.3669 4.49105528285
4.4100 3.3592 4.50126222668
4.4200 3.3517 4.5114691705
4.4300 3.3441 4.52167611433
4.4400 3.3366 4.53188305815
4.4500 3.3291 4.54209000198
4.4600 3.3217 4.5522969458
4.4700 3.3143 4.56250388962
4.4800 3.3069 4.57271083345
4.4900 3.2996 4.58291777727
4.5000 3.2923 4.5931247211
4.5100 3.2850 4.60333166492
4.5200 3.2777 4.61353860875
4.5300 3.2705 4.62374555257
4.5400 3.2633 4.6339524964
4.5500 3.2562 4.64415944022
4.5600 3.2491 4.65436638405
4.5700 3.2420 4.66457332787
4.5800 3.2349 4.6747802717
4.5900 3.2279 4.68498721552
4.6000 3.2209 4.69519415935
4.6100 3.2139 4.70540110317
4.6200 3.2070 4.71560804699
4.6300 3.2001 4.72581499082
4.6400 3.1932 4.73602193464
4.6500 3.1864 4.74622887847
4.6600 3.1796 4.75643582229
4.6700 3.1728 4.76664276612
4.6800 3.1660 4.77684970994
4.6900 3.1593 4.78705665377
4.7000 3.1526 4.79726359759
4.7100 3.1459 4.80747054142
4.7200 3.1393 4.81767748524
4.7300 3.1327 4.82788442907
4.7400 3.1261 4.83809137289
4.7500 3.1195 4.84829831672
4.7600 3.1130 4.85850526054
4.7700 3.1065 4.86871220436
4.7800 3.1000 4.87891914819
4.7900 3.0935 4.88912609201
4.8000 3.0871 4.89933303584
4.8100 3.0807 4.90953997966
4.8200 3.0743 4.91974692349
4.8300 3.0680 4.92995386731
4.8400 3.0617 4.94016081114
4.8500 3.0554 4.95036775496
4.8600 3.0491 4.96057469879
4.8700 3.0429 4.97078164261
4.8800 3.0367 4.98098858644
4.8900 3.0305 4.99119553026
4.9000 3.0243 5.00140247409
4.9100 3.0182 5.01160941791
4.9200 3.0121 5.02181636173
4.9300 3.0060 5.03202330556
4.9400 2.9999 5.04223024938
4.9500 2.9939 5.05243719321
4.9600 2.9879 5.06264413703
4.9700 2.9819 5.07285108086
4.9800 2.9759 5.08305802468
4.9900 2.9700 5.09326496851
5.0000 2.9640 5.10347191233
5.1000 2.9061 5.20554135058
5.1100 2.9004 5.2157482944
5.1200 2.8948 5.22595523823
5.1300 2.8892 5.23616218205
5.1400 2.8836 5.24636912588
5.1500 2.8780 5.2565760697
5.1600 2.8724 5.26678301353
5.1700 2.8669 5.27698995735
5.1800 2.8614 5.28719690118
5.1900 2.8559 5.297403845
5.2000 2.8504 5.30761078883
5.2100 2.8450 5.31781773265
5.2200 2.8395 5.32802467647
5.2300 2.8341 5.3382316203
5.2400 2.8287 5.34843856412
5.2500 2.8234 5.35864550795
5.2600 2.8180 5.36885245177
5.2700 2.8127 5.3790593956
5.2800 2.8074 5.38926633942
5.2900 2.8021 5.39947328325
5.3000 2.7968 5.40968022707
5.3100 2.7916 5.4198871709
5.3200 2.7863 5.43009411472
5.3300 2.7811 5.44030105855
5.3400 2.7759 5.45050800237
5.3500 2.7708 5.4607149462
5.3600 2.7656 5.47092189002
5.3700 2.7605 5.48112883384
5.3800 2.7554 5.49133577767
5.3900 2.7503 5.50154272149
5.4000 2.7452 5.51174966532
5.4100 2.7402 5.52195660914
5.4200 2.7351 5.53216355297
5.4300 2.7301 5.54237049679
5.4400 2.7251 5.55257744062
5.4500 2.7201 5.56278438444
5.4600 2.7152 5.57299132827
5.4700 2.7102 5.58319827209
5.4800 2.7053 5.59340521592
5.4900 2.7004 5.60361215974
5.5000 2.6955 5.61381910357
5.5100 2.6906 5.62402604739
5.5200 2.6858 5.63423299121
5.5300 2.6809 5.64443993504
5.5400 2.6761 5.65464687886
5.5500 2.6713 5.66485382269
5.5600 2.6665 5.67506076651
5.5700 2.6617 5.68526771034
5.5800 2.6570 5.69547465416
5.5900 2.6523 5.70568159799
5.6000 2.6475 5.71588854181
5.6100 2.6428 5.72609548564
5.6200 2.6381 5.73630242946
5.6300 2.6335 5.74650937329
5.6400 2.6288 5.75671631711
5.6500 2.6242 5.76692326094
5.6600 2.6196 5.77713020476
5.6700 2.6150 5.78733714858
5.6800 2.6104 5.79754409241
5.6900 2.6058 5.80775103623
5.7000 2.6013 5.81795798006
5.7100 2.5967 5.82816492388
5.7200 2.5922 5.83837186771
5.7300 2.5877 5.84857881153
5.7400 2.5832 5.85878575536
5.7500 2.5787 5.86899269918
5.7600 2.5743 5.87919964301
5.7700 2.5698 5.88940658683
5.7800 2.5654 5.89961353066
5.7900 2.5610 5.90982047448
5.8000 2.5566 5.92002741831
5.8100 2.5522 5.93023436213
5.8200 2.5478 5.94044130595
5.8300 2.5435 5.95064824978
5.8400 2.5391 5.9608551936
5.8500 2.5348 5.97106213743
5.8600 2.5305 5.98126908125
5.8700 2.5262 5.99147602508
5.8800 2.5219 6.0016829689
5.8900 2.5177 6.01188991273
5.9000 2.5134 6.02209685655
5.9100 2.5092 6.03230380038
5.9200 2.5050 6.0425107442
5.9300 2.5008 6.05271768803
5.9400 2.4966 6.06292463185
5.9500 2.4924 6.07313157568
5.9600 2.4882 6.0833385195
5.9700 2.4841 6.09354546332
5.9800 2.4799 6.10375240715
5.9900 2.4758 6.11395935097
6.0000 2.4717 6.1241662948
6.0100 2.4676 6.13437323862
6.0200 2.4635 6.14458018245
6.0300 2.4595 6.15478712627
6.0400 2.4554 6.1649940701
6.0500 2.4514 6.17520101392
6.0600 2.4473 6.18540795775
6.0700 2.4433 6.19561490157
6.0800 2.4393 6.2058218454
6.0900 2.4353 6.21602878922
6.1000 2.4313 6.22623573305
6.1100 2.4274 6.23644267687
6.1200 2.4234 6.24664962069
6.1300 2.4195 6.25685656452
6.1400 2.4156 6.26706350834
6.1500 2.4117 6.27727045217
6.1600 2.4078 6.28747739599
6.1700 2.4039 6.29768433982
6.1800 2.4000 6.30789128364
6.1900 2.3961 6.31809822747
6.2000 2.3923 6.32830517129
6.2100 2.3885 6.33851211512
6.2200 2.3846 6.34871905894
6.2300 2.3808 6.35892600277
6.2400 2.3770 6.36913294659
6.2500 2.3732 6.37933989042
6.2600 2.3695 6.38954683424
6.2700 2.3657 6.39975377806
6.2800 2.3619 6.40996072189
6.2900 2.3582 6.42016766571
6.3000 2.3545 6.43037460954
6.3100 2.3508 6.44058155336
6.3200 2.3471 6.45078849719
6.3300 2.3434 6.46099544101
6.3400 2.3397 6.47120238484
6.3500 2.3360 6.48140932866
6.3600 2.3324 6.49161627249
6.3700 2.3287 6.50182321631
6.3800 2.3251 6.51203016014
6.3900 2.3215 6.52223710396
6.4000 2.3178 6.53244404779
6.4100 2.3142 6.54265099161
6.4200 2.3107 6.55285793543
6.4300 2.3071 6.56306487926
6.4400 2.3035 6.57327182308
6.4500 2.3000 6.58347876691
6.4600 2.2964 6.59368571073
6.4700 2.2929 6.60389265456
6.4800 2.2894 6.61409959838
6.4900 2.2858 6.62430654221
6.5000 2.2823 6.63451348603
6.5100 2.2789 6.64472042986
6.5200 2.2754 6.65492737368
6.5300 2.2719 6.66513431751
6.5400 2.2684 6.67534126133
6.5500 2.2650 6.68554820515
6.5600 2.2616 6.69575514898
6.5700 2.2581 6.7059620928
6.5800 2.2547 6.71616903663
6.5900 2.2513 6.72637598045
6.6000 2.2479 6.73658292428
6.6100 2.2445 6.7467898681
6.6200 2.2412 6.75699681193
6.6300 2.2378 6.76720375575
6.6400 2.2344 6.77741069958
6.6500 2.2311 6.7876176434
6.6600 2.2278 6.79782458723
6.6700 2.2244 6.80803153105
6.6800 2.2211 6.81823847488
6.6900 2.2178 6.8284454187
6.7000 2.2145 6.83865236252
6.7100 2.2112 6.84885930635
6.7200 2.2080 6.85906625017
6.7300 2.2047 6.869273194
6.7400 2.2014 6.87948013782
6.7500 2.1982 6.88968708165
6.7600 2.1949 6.89989402547
6.7700 2.1917 6.9101009693
6.7800 2.1885 6.92030791312
6.7900 2.1853 6.93051485695
6.8000 2.1821 6.94072180077
6.8100 2.1789 6.9509287446
6.8200 2.1757 6.96113568842
6.8300 2.1726 6.97134263225
6.8400 2.1694 6.98154957607
6.8500 2.1662 6.99175651989
6.8600 2.1631 7.00196346372
6.8700 2.1600 7.01217040754
6.8800 2.1568 7.02237735137
6.8900 2.1537 7.03258429519
6.9000 2.1506 7.04279123902
6.9100 2.1475 7.05299818284
6.9200 2.1444 7.06320512667
6.9300 2.1414 7.07341207049
6.9400 2.1383 7.08361901432
6.9500 2.1352 7.09382595814
6.9600 2.1322 7.10403290197
6.9700 2.1291 7.11423984579
6.9800 2.1261 7.12444678962
6.9900 2.1231 7.13465373344
7.0000 2.1200 7.14486067726
7.0100 2.1170 7.15506762109
7.0200 2.1140 7.16527456491
7.0300 2.1110 7.17548150874
7.0400 2.1081 7.18568845256
7.0500 2.1051 7.19589539639
7.0600 2.1021 7.20610234021
7.0700 2.0991 7.21630928404
7.0800 2.0962 7.22651622786
7.0900 2.0933 7.23672317169
7.1000 2.0903 7.24693011551
7.1100 2.0874 7.25713705934
7.1200 2.0845 7.26734400316
7.1300 2.0816 7.27755094699
7.1400 2.0787 7.28775789081
7.1500 2.0758 7.29796483463
7.1600 2.0729 7.30817177846
7.1700 2.0700 7.31837872228
7.1800 2.0671 7.32858566611
7.1900 2.0643 7.33879260993
7.2000 2.0614 7.34899955376
7.2100 2.0586 7.35920649758
7.2200 2.0557 7.36941344141
7.2300 2.0529 7.37962038523
7.2400 2.0501 7.38982732906
7.2500 2.0473 7.40003427288
7.2600 2.0445 7.41024121671
7.2700 2.0417 7.42044816053
7.2800 2.0389 7.43065510436
7.2900 2.0361 7.44086204818
7.3000 2.0333 7.451068992
7.3100 2.0306 7.46127593583
7.3200 2.0278 7.47148287965
7.3300 2.0250 7.48168982348
7.3400 2.0223 7.4918967673
7.3500 2.0196 7.50210371113
7.3600 2.0168 7.51231065495
7.3700 2.0141 7.52251759878
7.3800 2.0114 7.5327245426
7.3900 2.0087 7.54293148643
7.4000 2.0060 7.55313843025
7.4100 2.0033 7.56334537408
7.4200 2.0006 7.5735523179
7.4300 1.9979 7.58375926173
7.4400 1.9953 7.59396620555
7.4500 1.9926 7.60417314937
7.4600 1.9899 7.6143800932
7.4700 1.9873 7.62458703702
7.4800 1.9846 7.63479398085
7.4900 1.9820 7.64500092467
7.5000 1.9794 7.6552078685
7.5100 1.9768 7.66541481232
7.5200 1.9741 7.67562175615
7.5300 1.9715 7.68582869997
7.5400 1.9689 7.6960356438
7.5500 1.9663 7.70624258762
7.5600 1.9637 7.71644953145
7.5700 1.9612 7.72665647527
7.5800 1.9586 7.7368634191
7.5900 1.9560 7.74707036292
7.6000 1.9535 7.75727730674
7.6100 1.9509 7.76748425057
7.6200 1.9484 7.77769119439
7.6300 1.9458 7.78789813822
7.6400 1.9433 7.79810508204
7.6500 1.9408 7.80831202587
7.6600 1.9382 7.81851896969
7.6700 1.9357 7.82872591352
7.6800 1.9332 7.83893285734
7.6900 1.9307 7.84913980117
7.7000 1.9282 7.85934674499
7.7100 1.9257 7.86955368882
7.7200 1.9233 7.87976063264
7.7300 1.9208 7.88996757647
7.7400 1.9183 7.90017452029
7.7500 1.9159 7.91038146411
7.7600 1.9134 7.92058840794
7.7700 1.9109 7.93079535176
7.7800 1.9085 7.94100229559
7.7900 1.9061 7.95120923941
7.8000 1.9036 7.96141618324
7.8100 1.9012 7.97162312706
7.8200 1.8988 7.98183007089
7.8300 1.8964 7.99203701471
7.8400 1.8940 8.00224395854
7.8500 1.8916 8.01245090236
7.8600 1.8892 8.02265784619
7.8700 1.8868 8.03286479001
7.8800 1.8844 8.04307173384
7.8900 1.8820 8.05327867766
7.9000 1.8797 8.06348562148
7.9100 1.8773 8.07369256531
7.9200 1.8749 8.08389950913
7.9300 1.8726 8.09410645296
7.9400 1.8702 8.10431339678
7.9500 1.8679 8.11452034061
7.9600 1.8656 8.12472728443
7.9700 1.8632 8.13493422826
7.9800 1.8609 8.14514117208
7.9900 1.8586 8.15534811591
8.0000 1.8563 8.16555505973
8.0100 1.8540 8.17576200356
8.0200 1.8517 8.18596894738
8.0300 1.8494 8.19617589121
8.0400 1.8471 8.20638283503
8.0500 1.8448 8.21658977885
8.0600 1.8426 8.22679672268
8.0700 1.8403 8.2370036665
8.0800 1.8380 8.24721061033
8.0900 1.8358 8.25741755415
8.1000 1.8335 8.26762449798
8.1100 1.8313 8.2778314418
8.1200 1.8290 8.28803838563
8.1300 1.8268 8.29824532945
8.1400 1.8245 8.30845227328
8.1500 1.8223 8.3186592171
8.1600 1.8201 8.32886616093
8.1700 1.8179 8.33907310475
8.1800 1.8157 8.34928004858
8.1900 1.8135 8.3594869924
8.2000 1.8113 8.36969393622
8.2100 1.8091 8.37990088005
8.2200 1.8069 8.39010782387
8.2300 1.8047 8.4003147677
8.2400 1.8025 8.41052171152
8.2500 1.8004 8.42072865535
8.2600 1.7982 8.43093559917
8.2700 1.7960 8.441142543
8.2800 1.7939 8.45134948682
8.2900 1.7917 8.46155643065
8.3000 1.7896 8.47176337447
8.3100 1.7874 8.4819703183
8.3200 1.7853 8.49217726212
8.3300 1.7832 8.50238420595
8.3400 1.7810 8.51259114977
8.3500 1.7789 8.52279809359
8.3600 1.7768 8.53300503742
8.3700 1.7747 8.54321198124
8.3800 1.7726 8.55341892507
8.3900 1.7705 8.56362586889
8.4000 1.7684 8.57383281272
8.4100 1.7663 8.58403975654
8.4200 1.7642 8.59424670037
8.4300 1.7621 8.60445364419
8.4400 1.7601 8.61466058802
8.4500 1.7580 8.62486753184
8.4600 1.7559 8.63507447567
8.4700 1.7539 8.64528141949
8.4800 1.7518 8.65548836332
8.4900 1.7497 8.66569530714
8.5000 1.7477 8.67590225096
8.5100 1.7457 8.68610919479
8.5200 1.7436 8.69631613861
8.5300 1.7416 8.70652308244
8.5400 1.7396 8.71673002626
8.5500 1.7375 8.72693697009
8.5600 1.7355 8.73714391391
8.5700 1.7335 8.74735085774
8.5800 1.7315 8.75755780156
8.5900 1.7295 8.76776474539
8.6000 1.7275 8.77797168921
8.6100 1.7255 8.78817863304
8.6200 1.7235 8.79838557686
8.6300 1.7215 8.80859252069
8.6400 1.7195 8.81879946451
8.6500 1.7176 8.82900640833
8.6600 1.7156 8.83921335216
8.6700 1.7136 8.84942029598
8.6800 1.7117 8.85962723981
8.6900 1.7097 8.86983418363
8.7000 1.7078 8.88004112746
8.7100 1.7058 8.89024807128
8.7200 1.7039 8.90045501511
8.7300 1.7019 8.91066195893
8.7400 1.7000 8.92086890276
8.7500 1.6981 8.93107584658
8.7600 1.6961 8.94128279041
8.7700 1.6942 8.95148973423
8.7800 1.6923 8.96169667806
8.7900 1.6904 8.97190362188
8.8000 1.6885 8.9821105657
8.8100 1.6866 8.99231750953
8.8200 1.6847 9.00252445335
8.8300 1.6828 9.01273139718
8.8400 1.6809 9.022938341
8.8500 1.6790 9.03314528483
8.8600 1.6771 9.04335222865
8.8700 1.6752 9.05355917248
8.8800 1.6733 9.0637661163
8.8900 1.6715 9.07397306013
8.9000 1.6696 9.08418000395
8.9100 1.6677 9.09438694778
8.9200 1.6659 9.1045938916
8.9300 1.6640 9.11480083543
8.9400 1.6622 9.12500777925
8.9500 1.6603 9.13521472307
8.9600 1.6585 9.1454216669
8.9700 1.6567 9.15562861072
8.9800 1.6548 9.16583555455
8.9900 1.6530 9.17604249837
9.0000 1.6512 9.1862494422
9.0100 1.6493 9.19645638602
9.0200 1.6475 9.20666332985
9.0300 1.6457 9.21687027367
9.0400 1.6439 9.2270772175
9.0500 1.6421 9.23728416132
9.0600 1.6403 9.24749110515
9.0700 1.6385 9.25769804897
9.0800 1.6367 9.26790499279
9.0900 1.6349 9.27811193662
9.1000 1.6331 9.28831888044
9.1100 1.6314 9.29852582427
9.1200 1.6296 9.30873276809
9.1300 1.6278 9.31893971192
9.1400 1.6260 9.32914665574
9.1500 1.6243 9.33935359957
9.1600 1.6225 9.34956054339
9.1700 1.6207 9.35976748722
9.1800 1.6190 9.36997443104
9.1900 1.6172 9.38018137487
9.2000 1.6155 9.39038831869
9.2100 1.6138 9.40059526252
9.2200 1.6120 9.41080220634
9.2300 1.6103 9.42100915016
9.2400 1.6085 9.43121609399
9.2500 1.6068 9.44142303781
9.2600 1.6051 9.45162998164
9.2700 1.6034 9.46183692546
9.2800 1.6017 9.47204386929
9.2900 1.5999 9.48225081311
9.3000 1.5982 9.49245775694
9.3100 1.5965 9.50266470076
9.3200 1.5948 9.51287164459
9.3300 1.5931 9.52307858841
9.3400 1.5914 9.53328553224
9.3500 1.5897 9.54349247606
9.3600 1.5881 9.55369941989
9.3700 1.5864 9.56390636371
9.3800 1.5847 9.57411330753
9.3900 1.5830 9.58432025136
9.4000 1.5813 9.59452719518
9.4100 1.5797 9.60473413901
9.4200 1.5780 9.61494108283
9.4300 1.5763 9.62514802666
9.4400 1.5747 9.63535497048
9.4500 1.5730 9.64556191431
9.4600 1.5714 9.65576885813
9.4700 1.5697 9.66597580196
9.4800 1.5681 9.67618274578
9.4900 1.5664 9.68638968961
9.5000 1.5648 9.69659663343
9.5100 1.5632 9.70680357726
9.5200 1.5615 9.71701052108
9.5300 1.5599 9.7272174649
9.5400 1.5583 9.73742440873
9.5500 1.5567 9.74763135255
9.5600 1.5550 9.75783829638
9.5700 1.5534 9.7680452402
9.5800 1.5518 9.77825218403
9.5900 1.5502 9.78845912785
9.6000 1.5486 9.79866607168
9.6100 1.5470 9.8088730155
9.6200 1.5454 9.81907995933
9.6300 1.5438 9.82928690315
9.6400 1.5422 9.83949384698
9.6500 1.5406 9.8497007908
9.6600 1.5391 9.85990773463
9.6700 1.5375 9.87011467845
9.6800 1.5359 9.88032162227
9.6900 1.5343 9.8905285661
9.7000 1.5327 9.90073550992
9.7100 1.5312 9.91094245375
9.7200 1.5296 9.92114939757
9.7300 1.5281 9.9313563414
9.7400 1.5265 9.94156328522
9.7500 1.5249 9.95177022905
9.7600 1.5234 9.96197717287
9.7700 1.5218 9.9721841167
9.7800 1.5203 9.98239106052
9.7900 1.5187 9.99259800435
9.8000 1.5172 10.0028049482
9.8100 1.5157 10.013011892
9.8200 1.5141 10.0232188358
9.8300 1.5126 10.0334257796
9.8400 1.5111 10.0436327235
9.8500 1.5096 10.0538396673
9.8600 1.5080 10.0640466111
9.8700 1.5065 10.0742535549
9.8800 1.5050 10.0844604988
9.8900 1.5035 10.0946674426
9.9000 1.5020 10.1048743864
9.9100 1.5005 10.1150813302
9.9200 1.4990 10.1252882741
9.9300 1.4975 10.1354952179
9.9400 1.4960 10.1457021617
9.9500 1.4945 10.1559091055
9.9600 1.4930 10.1661160494
9.9700 1.4915 10.1763229932
9.9800 1.4900 10.186529937
9.9900 1.4885 10.1967368808
10.000 1.4871 10.2069438247
10.100 1.4724 10.3090132629
10.110 1.4710 10.3192202067
10.120 1.4696 10.3294271506
10.130 1.4681 10.3396340944
10.140 1.4667 10.3498410382
10.150 1.4652 10.360047982
10.160 1.4638 10.3702549259
10.170 1.4624 10.3804618697
10.180 1.4610 10.3906688135
10.190 1.4595 10.4008757573
10.200 1.4581 10.4110827012
10.210 1.4567 10.421289645
10.220 1.4553 10.4314965888
10.230 1.4539 10.4417035326
10.240 1.4525 10.4519104765
10.250 1.4510 10.4621174203
10.260 1.4496 10.4723243641
10.270 1.4482 10.4825313079
10.280 1.4468 10.4927382518
10.290 1.4454 10.5029451956
10.300 1.4441 10.5131521394
10.310 1.4427 10.5233590832
10.320 1.4413 10.5335660271
10.330 1.4399 10.5437729709
10.340 1.4385 10.5539799147
10.350 1.4371 10.5641868585
10.360 1.4357 10.5743938024
10.370 1.4344 10.5846007462
10.380 1.4330 10.59480769
10.390 1.4316 10.6050146338
10.400 1.4303 10.6152215777
10.410 1.4289 10.6254285215
10.420 1.4275 10.6356354653
10.430 1.4262 10.6458424091
10.440 1.4248 10.6560493529
10.450 1.4235 10.6662562968
10.460 1.4221 10.6764632406
10.470 1.4208 10.6866701844
10.480 1.4194 10.6968771282
10.490 1.4181 10.7070840721
10.500 1.4167 10.7172910159
10.510 1.4154 10.7274979597
10.520 1.4141 10.7377049035
10.530 1.4127 10.7479118474
10.540 1.4114 10.7581187912
10.550 1.4101 10.768325735
10.560 1.4087 10.7785326788
10.570 1.4074 10.7887396227
10.580 1.4061 10.7989465665
10.590 1.4048 10.8091535103
10.600 1.4035 10.8193604541
10.610 1.4022 10.829567398
10.620 1.4008 10.8397743418
10.630 1.3995 10.8499812856
10.640 1.3982 10.8601882294
10.650 1.3969 10.8703951733
10.660 1.3956 10.8806021171
10.670 1.3943 10.8908090609
10.680 1.3930 10.9010160047
10.690 1.3917 10.9112229486
10.700 1.3905 10.9214298924
10.710 1.3892 10.9316368362
10.720 1.3879 10.94184378
10.730 1.3866 10.9520507239
10.740 1.3853 10.9622576677
10.750 1.3840 10.9724646115
10.760 1.3828 10.9826715553
10.770 1.3815 10.9928784992
10.780 1.3802 11.003085443
10.790 1.3789 11.0132923868
10.800 1.3777 11.0234993306
10.810 1.3764 11.0337062745
10.820 1.3751 11.0439132183
10.830 1.3739 11.0541201621
10.840 1.3726 11.0643271059
10.850 1.3714 11.0745340498
10.860 1.3701 11.0847409936
10.870 1.3689 11.0949479374
10.880 1.3676 11.1051548812
10.890 1.3664 11.1153618251
10.900 1.3651 11.1255687689
10.910 1.3639 11.1357757127
10.920 1.3626 11.1459826565
10.930 1.3614 11.1561896004
10.940 1.3602 11.1663965442
10.950 1.3589 11.176603488
10.960 1.3577 11.1868104318
10.970 1.3565 11.1970173757
10.980 1.3553 11.2072243195
10.990 1.3540 11.2174312633
11.000 1.3528 11.2276382071
11.010 1.3516 11.237845151
11.020 1.3504 11.2480520948
11.030 1.3492 11.2582590386
11.040 1.3479 11.2684659824
11.050 1.3467 11.2786729263
11.060 1.3455 11.2888798701
11.070 1.3443 11.2990868139
11.080 1.3431 11.3092937577
11.090 1.3419 11.3195007016
11.100 1.3407 11.3297076454
11.110 1.3395 11.3399145892
11.120 1.3383 11.350121533
11.130 1.3371 11.3603284769
11.140 1.3359 11.3705354207
11.150 1.3347 11.3807423645
11.160 1.3336 11.3909493083
11.170 1.3324 11.4011562521
11.180 1.3312 11.411363196
11.190 1.3300 11.4215701398
11.200 1.3288 11.4317770836
11.210 1.3277 11.4419840274
11.220 1.3265 11.4521909713
11.230 1.3253 11.4623979151
11.240 1.3241 11.4726048589
11.250 1.3230 11.4828118027
11.260 1.3218 11.4930187466
11.270 1.3206 11.5032256904
11.280 1.3195 11.5134326342
11.290 1.3183 11.523639578
11.300 1.3172 11.5338465219
11.310 1.3160 11.5440534657
11.320 1.3149 11.5542604095
11.330 1.3137 11.5644673533
11.340 1.3126 11.5746742972
11.350 1.3114 11.584881241
11.360 1.3103 11.5950881848
11.370 1.3091 11.6052951286
11.380 1.3080 11.6155020725
11.390 1.3068 11.6257090163
11.400 1.3057 11.6359159601
11.410 1.3046 11.6461229039
11.420 1.3034 11.6563298478
11.430 1.3023 11.6665367916
11.440 1.3012 11.6767437354
11.450 1.3000 11.6869506792
11.460 1.2989 11.6971576231
11.470 1.2978 11.7073645669
11.480 1.2967 11.7175715107
11.490 1.2956 11.7277784545
11.500 1.2944 11.7379853984
11.510 1.2933 11.7481923422
11.520 1.2922 11.758399286
11.530 1.2911 11.7686062298
11.540 1.2900 11.7788131737
11.550 1.2889 11.7890201175
11.560 1.2878 11.7992270613
11.570 1.2867 11.8094340051
11.580 1.2856 11.819640949
11.590 1.2845 11.8298478928
11.600 1.2834 11.8400548366
11.610 1.2823 11.8502617804
11.620 1.2812 11.8604687243
11.630 1.2801 11.8706756681
11.640 1.2790 11.8808826119
11.650 1.2779 11.8910895557
11.660 1.2768 11.9012964996
11.670 1.2757 11.9115034434
11.680 1.2746 11.9217103872
11.690 1.2736 11.931917331
11.700 1.2725 11.9421242749
11.710 1.2714 11.9523312187
11.720 1.2703 11.9625381625
11.730 1.2693 11.9727451063
11.740 1.2682 11.9829520502
11.750 1.2671 11.993158994
11.760 1.2660 12.0033659378
11.770 1.2650 12.0135728816
11.780 1.2639 12.0237798255
11.790 1.2628 12.0339867693
11.800 1.2618 12.0441937131
11.810 1.2607 12.0544006569
11.820 1.2597 12.0646076008
11.830 1.2586 12.0748145446
11.840 1.2576 12.0850214884
11.850 1.2565 12.0952284322
11.860 1.2555 12.1054353761
11.870 1.2544 12.1156423199
11.880 1.2534 12.1258492637
11.890 1.2523 12.1360562075
11.900 1.2513 12.1462631514
11.910 1.2502 12.1564700952
11.920 1.2492 12.166677039
11.930 1.2481 12.1768839828
11.940 1.2471 12.1870909266
11.950 1.2461 12.1972978705
11.960 1.2450 12.2075048143
11.970 1.2440 12.2177117581
11.980 1.2430 12.2279187019
11.990 1.2420 12.2381256458
12.000 1.2409 12.2483325896
12.010 1.2399 12.2585395334
12.020 1.2389 12.2687464772
12.030 1.2379 12.2789534211
12.040 1.2368 12.2891603649
12.050 1.2358 12.2993673087
12.060 1.2348 12.3095742525
12.070 1.2338 12.3197811964
12.080 1.2328 12.3299881402
12.090 1.2318 12.340195084
12.100 1.2308 12.3504020278
12.110 1.2297 12.3606089717
12.120 1.2287 12.3708159155
12.130 1.2277 12.3810228593
12.140 1.2267 12.3912298031
12.150 1.2257 12.401436747
12.160 1.2247 12.4116436908
12.170 1.2237 12.4218506346
12.180 1.2227 12.4320575784
12.190 1.2217 12.4422645223
12.200 1.2208 12.4524714661
12.210 1.2198 12.4626784099
12.220 1.2188 12.4728853537
12.230 1.2178 12.4830922976
12.240 1.2168 12.4932992414
12.250 1.2158 12.5035061852
12.260 1.2148 12.513713129
12.270 1.2138 12.5239200729
12.280 1.2129 12.5341270167
12.290 1.2119 12.5443339605
12.300 1.2109 12.5545409043
12.310 1.2099 12.5647478482
12.320 1.2090 12.574954792
12.330 1.2080 12.5851617358
12.340 1.2070 12.5953686796
12.350 1.2060 12.6055756235
12.360 1.2051 12.6157825673
12.370 1.2041 12.6259895111
12.380 1.2032 12.6361964549
12.390 1.2022 12.6464033988
12.400 1.2012 12.6566103426
12.410 1.2003 12.6668172864
12.420 1.1993 12.6770242302
12.430 1.1984 12.6872311741
12.440 1.1974 12.6974381179
12.450 1.1964 12.7076450617
12.460 1.1955 12.7178520055
12.470 1.1945 12.7280589494
12.480 1.1936 12.7382658932
12.490 1.1926 12.748472837
12.500 1.1917 12.7586797808
12.510 1.1908 12.7688867247
12.520 1.1898 12.7790936685
12.530 1.1889 12.7893006123
12.540 1.1879 12.7995075561
12.550 1.1870 12.8097145
12.560 1.1861 12.8199214438
12.570 1.1851 12.8301283876
12.580 1.1842 12.8403353314
12.590 1.1833 12.8505422753
12.600 1.1823 12.8607492191
12.610 1.1814 12.8709561629
12.620 1.1805 12.8811631067
12.630 1.1795 12.8913700506
12.640 1.1786 12.9015769944
12.650 1.1777 12.9117839382
12.660 1.1768 12.921990882
12.670 1.1758 12.9321978258
12.680 1.1749 12.9424047697
12.690 1.1740 12.9526117135
12.700 1.1731 12.9628186573
12.710 1.1722 12.9730256011
12.720 1.1713 12.983232545
12.730 1.1704 12.9934394888
12.740 1.1694 13.0036464326
12.750 1.1685 13.0138533764
12.760 1.1676 13.0240603203
12.770 1.1667 13.0342672641
12.780 1.1658 13.0444742079
12.790 1.1649 13.0546811517
12.800 1.1640 13.0648880956
12.800 1.1640 13.0648880956
12.800 1.1640 13.0648880956
12.810 1.1631 13.0750950394
12.820 1.1622 13.0853019832
12.830 1.1613 13.095508927
12.840 1.1604 13.1057158709
12.850 1.1595 13.1159228147
12.860 1.1586 13.1261297585
12.870 1.1577 13.1363367023
12.880 1.1568 13.1465436462
12.890 1.1560 13.15675059
12.900 1.1551 13.1669575338
12.910 1.1542 13.1771644776
12.920 1.1533 13.1873714215
12.930 1.1524 13.1975783653
12.940 1.1515 13.2077853091
12.950 1.1506 13.2179922529
12.960 1.1498 13.2281991968
12.970 1.1489 13.2384061406
12.980 1.1480 13.2486130844
12.990 1.1471 13.2588200282
13.000 1.1463 13.2690269721
13.010 1.1454 13.2792339159
13.020 1.1445 13.2894408597
13.030 1.1436 13.2996478035
13.040 1.1428 13.3098547474
13.050 1.1419 13.3200616912
13.060 1.1410 13.330268635
13.070 1.1402 13.3404755788
13.080 1.1393 13.3506825227
13.090 1.1384 13.3608894665
13.100 1.1376 13.3710964103
13.110 1.1367 13.3813033541
13.120 1.1359 13.391510298
13.130 1.1350 13.4017172418
13.140 1.1342 13.4119241856
13.150 1.1333 13.4221311294
13.160 1.1324 13.4323380733
13.170 1.1316 13.4425450171
13.180 1.1307 13.4527519609
13.190 1.1299 13.4629589047
13.200 1.1290 13.4731658486
13.210 1.1282 13.4833727924
13.220 1.1274 13.4935797362
13.230 1.1265 13.50378668
13.240 1.1257 13.5139936239
13.250 1.1248 13.5242005677
13.260 1.1240 13.5344075115
13.270 1.1231 13.5446144553
13.280 1.1223 13.5548213992
13.290 1.1215 13.565028343
13.300 1.1206 13.5752352868
13.310 1.1198 13.5854422306
13.320 1.1190 13.5956491745
13.330 1.1181 13.6058561183
13.340 1.1173 13.6160630621
13.350 1.1165 13.6262700059
13.360 1.1156 13.6364769498
13.370 1.1148 13.6466838936
13.380 1.1140 13.6568908374
13.390 1.1132 13.6670977812
13.400 1.1123 13.677304725
13.410 1.1115 13.6875116689
13.420 1.1107 13.6977186127
13.430 1.1099 13.7079255565
13.440 1.1091 13.7181325003
13.450 1.1083 13.7283394442
13.460 1.1074 13.738546388
13.470 1.1066 13.7487533318
13.480 1.1058 13.7589602756
13.490 1.1050 13.7691672195
13.500 1.1042 13.7793741633
13.510 1.1034 13.7895811071
13.520 1.1026 13.7997880509
13.530 1.1018 13.8099949948
13.540 1.1010 13.8202019386
13.550 1.1001 13.8304088824
13.560 1.0993 13.8406158262
13.570 1.0985 13.8508227701
13.580 1.0977 13.8610297139
13.590 1.0969 13.8712366577
13.600 1.0961 13.8814436015
13.610 1.0953 13.8916505454
13.620 1.0945 13.9018574892
13.630 1.0938 13.912064433
13.640 1.0930 13.9222713768
13.650 1.0922 13.9324783207
13.660 1.0914 13.9426852645
13.670 1.0906 13.9528922083
13.680 1.0898 13.9630991521
13.690 1.0890 13.973306096
13.700 1.0882 13.9835130398
13.710 1.0874 13.9937199836
13.720 1.0866 14.0039269274
13.730 1.0859 14.0141338713
13.740 1.0851 14.0243408151
13.750 1.0843 14.0345477589
13.760 1.0835 14.0447547027
13.770 1.0827 14.0549616466
13.780 1.0820 14.0651685904
13.790 1.0812 14.0753755342
13.800 1.0804 14.085582478
13.810 1.0796 14.0957894219
13.820 1.0789 14.1059963657
13.830 1.0781 14.1162033095
13.840 1.0773 14.1264102533
13.850 1.0765 14.1366171972
13.860 1.0758 14.146824141
13.870 1.0750 14.1570310848
13.880 1.0742 14.1672380286
13.890 1.0735 14.1774449725
13.900 1.0727 14.1876519163
13.910 1.0719 14.1978588601
13.920 1.0712 14.2080658039
13.930 1.0704 14.2182727478
13.940 1.0697 14.2284796916
13.950 1.0689 14.2386866354
13.960 1.0681 14.2488935792
13.970 1.0674 14.2591005231
13.980 1.0666 14.2693074669
13.990 1.0659 14.2795144107
14.000 1.0651 14.2897213545
14.010 1.0644 14.2999282984
14.020 1.0636 14.3101352422
14.030 1.0629 14.320342186
14.040 1.0621 14.3305491298
14.050 1.0614 14.3407560737
14.060 1.0606 14.3509630175
14.070 1.0599 14.3611699613
14.080 1.0591 14.3713769051
14.090 1.0584 14.381583849
14.100 1.0576 14.3917907928
14.110 1.0569 14.4019977366
14.120 1.0562 14.4122046804
14.130 1.0554 14.4224116243
14.140 1.0547 14.4326185681
14.150 1.0539 14.4428255119
14.160 1.0532 14.4530324557
14.170 1.0525 14.4632393995
14.180 1.0517 14.4734463434
14.190 1.0510 14.4836532872
14.200 1.0503 14.493860231
14.210 1.0495 14.5040671748
14.220 1.0488 14.5142741187
14.230 1.0481 14.5244810625
14.240 1.0473 14.5346880063
14.250 1.0466 14.5448949501
14.260 1.0459 14.555101894
14.270 1.0452 14.5653088378
14.280 1.0444 14.5755157816
14.290 1.0437 14.5857227254
14.300 1.0430 14.5959296693
14.310 1.0423 14.6061366131
14.320 1.0415 14.6163435569
14.330 1.0408 14.6265505007
14.340 1.0401 14.6367574446
14.350 1.0394 14.6469643884
14.360 1.0387 14.6571713322
14.370 1.0380 14.667378276
14.380 1.0372 14.6775852199
14.390 1.0365 14.6877921637
14.400 1.0358 14.6979991075
14.410 1.0351 14.7082060513
14.420 1.0344 14.7184129952
14.430 1.0337 14.728619939
14.440 1.0330 14.7388268828
14.450 1.0323 14.7490338266
14.460 1.0316 14.7592407705
14.470 1.0309 14.7694477143
14.480 1.0302 14.7796546581
14.490 1.0294 14.7898616019
14.500 1.0287 14.8000685458
14.510 1.0280 14.8102754896
14.520 1.0273 14.8204824334
14.530 1.0266 14.8306893772
14.540 1.0259 14.8408963211
14.550 1.0252 14.8511032649
14.560 1.0245 14.8613102087
14.570 1.0239 14.8715171525
14.580 1.0232 14.8817240964
14.590 1.0225 14.8919310402
14.600 1.0218 14.902137984
14.610 1.0211 14.9123449278
14.620 1.0204 14.9225518717
14.630 1.0197 14.9327588155
14.640 1.0190 14.9429657593
14.650 1.0183 14.9531727031
14.660 1.0176 14.963379647
14.670 1.0169 14.9735865908
14.680 1.0163 14.9837935346
14.690 1.0156 14.9940004784
14.700 1.0149 15.0042074223
14.710 1.0142 15.0144143661
14.720 1.0135 15.0246213099
14.730 1.0128 15.0348282537
14.740 1.0122 15.0450351976
14.750 1.0115 15.0552421414
14.760 1.0108 15.0654490852
14.770 1.0101 15.075656029
14.780 1.0095 15.0858629729
14.790 1.0088 15.0960699167
14.800 1.0081 15.1062768605
14.810 1.0074 15.1164838043
14.820 1.0068 15.1266907482
14.830 1.0061 15.136897692
14.840 1.0054 15.1471046358
14.850 1.0047 15.1573115796
14.860 1.0041 15.1675185235
14.870 1.0034 15.1777254673
14.880 1.0027 15.1879324111
14.890 1.0021 15.1981393549
14.900 1.0014 15.2083462987
14.910 1.0007 15.2185532426
14.920 1.0001 15.2287601864
14.930 0.99942 15.2389671302
14.940 0.99875 15.249174074
14.950 0.99809 15.2593810179
14.960 0.99743 15.2695879617
14.970 0.99677 15.2797949055
14.980 0.99611 15.2900018493
14.990 0.99546 15.3002087932
15.000 0.99480 15.310415737
15.100 0.98828 15.4124851752
15.110 0.98763 15.4226921191
15.120 0.98699 15.4328990629
15.130 0.98634 15.4431060067
15.140 0.98570 15.4533129505
15.150 0.98505 15.4635198944
15.160 0.98441 15.4737268382
15.170 0.98377 15.483933782
15.180 0.98313 15.4941407258
15.190 0.98249 15.5043476697
15.200 0.98185 15.5145546135
15.210 0.98121 15.5247615573
15.220 0.98057 15.5349685011
15.230 0.97993 15.545175445
15.240 0.97930 15.5553823888
15.250 0.97866 15.5655893326
15.260 0.97803 15.5757962764
15.270 0.97739 15.5860032203
15.280 0.97676 15.5962101641
15.290 0.97613 15.6064171079
15.300 0.97550 15.6166240517
15.310 0.97487 15.6268309956
15.320 0.97424 15.6370379394
15.330 0.97361 15.6472448832
15.340 0.97298 15.657451827
15.350 0.97235 15.6676587709
15.360 0.97173 15.6778657147
15.370 0.97110 15.6880726585
15.380 0.97048 15.6982796023
15.390 0.96985 15.7084865462
15.400 0.96923 15.71869349
15.410 0.96861 15.7289004338
15.420 0.96799 15.7391073776
15.430 0.96736 15.7493143215
15.440 0.96675 15.7595212653
15.450 0.96613 15.7697282091
15.460 0.96551 15.7799351529
15.470 0.96489 15.7901420968
15.480 0.96427 15.8003490406
15.490 0.96366 15.8105559844
15.500 0.96304 15.8207629282
15.510 0.96243 15.8309698721
15.520 0.96182 15.8411768159
15.530 0.96120 15.8513837597
15.540 0.96059 15.8615907035
15.550 0.95998 15.8717976474
15.560 0.95937 15.8820045912
15.570 0.95876 15.892211535
15.580 0.95815 15.9024184788
15.590 0.95754 15.9126254227
15.600 0.95694 15.9228323665
15.610 0.95633 15.9330393103
15.620 0.95572 15.9432462541
15.630 0.95512 15.9534531979
15.640 0.95452 15.9636601418
15.650 0.95391 15.9738670856
15.660 0.95331 15.9840740294
15.670 0.95271 15.9942809732
15.680 0.95211 16.0044879171
15.690 0.95151 16.0146948609
15.700 0.95091 16.0249018047
15.710 0.95031 16.0351087485
15.720 0.94971 16.0453156924
15.730 0.94911 16.0555226362
15.740 0.94852 16.06572958
15.750 0.94792 16.0759365238
15.760 0.94733 16.0861434677
15.770 0.94673 16.0963504115
15.780 0.94614 16.1065573553
15.790 0.94555 16.1167642991
15.800 0.94495 16.126971243
15.810 0.94436 16.1371781868
15.820 0.94377 16.1473851306
15.830 0.94318 16.1575920744
15.840 0.94259 16.1677990183
15.850 0.94201 16.1780059621
15.860 0.94142 16.1882129059
15.870 0.94083 16.1984198497
15.880 0.94025 16.2086267936
15.890 0.93966 16.2188337374
15.900 0.93908 16.2290406812
15.910 0.93849 16.239247625
15.920 0.93791 16.2494545689
15.930 0.93733 16.2596615127
15.940 0.93675 16.2698684565
15.950 0.93616 16.2800754003
15.960 0.93558 16.2902823442
15.970 0.93501 16.300489288
15.980 0.93443 16.3106962318
15.990 0.93385 16.3209031756
16.000 0.93327 16.3311101195
16.010 0.93270 16.3413170633
16.020 0.93212 16.3515240071
16.030 0.93154 16.3617309509
16.040 0.93097 16.3719378948
16.050 0.93040 16.3821448386
16.060 0.92982 16.3923517824
16.070 0.92925 16.4025587262
16.080 0.92868 16.4127656701
16.090 0.92811 16.4229726139
16.100 0.92754 16.4331795577
16.110 0.92697 16.4433865015
16.120 0.92640 16.4535934454
16.130 0.92583 16.4638003892
16.140 0.92527 16.474007333
16.150 0.92470 16.4842142768
16.160 0.92413 16.4944212207
16.170 0.92357 16.5046281645
16.180 0.92300 16.5148351083
16.190 0.92244 16.5250420521
16.200 0.92188 16.535248996
16.210 0.92132 16.5454559398
16.220 0.92075 16.5556628836
16.230 0.92019 16.5658698274
16.240 0.91963 16.5760767713
16.250 0.91907 16.5862837151
16.260 0.91851 16.5964906589
16.270 0.91796 16.6066976027
16.280 0.91740 16.6169045466
16.290 0.91684 16.6271114904
16.300 0.91629 16.6373184342
16.310 0.91573 16.647525378
16.320 0.91518 16.6577323219
16.330 0.91462 16.6679392657
16.340 0.91407 16.6781462095
16.350 0.91352 16.6883531533
16.360 0.91296 16.6985600972
16.370 0.91241 16.708767041
16.380 0.91186 16.7189739848
16.390 0.91131 16.7291809286
16.400 0.91076 16.7393878724
16.410 0.91021 16.7495948163
16.420 0.90967 16.7598017601
16.430 0.90912 16.7700087039
16.440 0.90857 16.7802156477
16.450 0.90803 16.7904225916
16.460 0.90748 16.8006295354
16.470 0.90694 16.8108364792
16.480 0.90639 16.821043423
16.490 0.90585 16.8312503669
16.500 0.90531 16.8414573107
16.510 0.90476 16.8516642545
16.520 0.90422 16.8618711983
16.530 0.90368 16.8720781422
16.540 0.90314 16.882285086
16.550 0.90260 16.8924920298
16.560 0.90206 16.9026989736
16.570 0.90152 16.9129059175
16.580 0.90099 16.9231128613
16.590 0.90045 16.9333198051
16.600 0.89991 16.9435267489
16.610 0.89938 16.9537336928
16.620 0.89884 16.9639406366
16.630 0.89831 16.9741475804
16.640 0.89778 16.9843545242
16.650 0.89724 16.9945614681
16.660 0.89671 17.0047684119
16.670 0.89618 17.0149753557
16.680 0.89565 17.0251822995
16.690 0.89512 17.0353892434
16.700 0.89459 17.0455961872
16.710 0.89406 17.055803131
16.720 0.89353 17.0660100748
16.730 0.89300 17.0762170187
16.740 0.89248 17.0864239625
16.750 0.89195 17.0966309063
16.760 0.89142 17.1068378501
16.770 0.89090 17.117044794
16.780 0.89037 17.1272517378
16.790 0.88985 17.1374586816
16.800 0.88932 17.1476656254
16.810 0.88880 17.1578725693
16.820 0.88828 17.1680795131
16.830 0.88776 17.1782864569
16.840 0.88724 17.1884934007
16.850 0.88672 17.1987003446
16.860 0.88620 17.2089072884
16.870 0.88568 17.2191142322
16.880 0.88516 17.229321176
16.890 0.88464 17.2395281199
16.900 0.88412 17.2497350637
16.910 0.88361 17.2599420075
16.920 0.88309 17.2701489513
16.930 0.88258 17.2803558952
16.940 0.88206 17.290562839
16.950 0.88155 17.3007697828
16.960 0.88103 17.3109767266
16.970 0.88052 17.3211836705
16.980 0.88001 17.3313906143
16.990 0.87950 17.3415975581
17.000 0.87898 17.3518045019
17.010 0.87847 17.3620114458
17.020 0.87796 17.3722183896
17.030 0.87745 17.3824253334
17.040 0.87695 17.3926322772
17.050 0.87644 17.4028392211
17.060 0.87593 17.4130461649
17.070 0.87542 17.4232531087
17.080 0.87492 17.4334600525
17.090 0.87441 17.4436669964
17.100 0.87391 17.4538739402
17.110 0.87340 17.464080884
17.120 0.87290 17.4742878278
17.130 0.87239 17.4844947716
17.140 0.87189 17.4947017155
17.150 0.87139 17.5049086593
17.160 0.87089 17.5151156031
17.170 0.87038 17.5253225469
17.180 0.86988 17.5355294908
17.190 0.86938 17.5457364346
17.200 0.86888 17.5559433784
17.210 0.86839 17.5661503222
17.220 0.86789 17.5763572661
17.230 0.86739 17.5865642099
17.240 0.86689 17.5967711537
17.250 0.86640 17.6069780975
17.260 0.86590 17.6171850414
17.270 0.86541 17.6273919852
17.280 0.86491 17.637598929
17.290 0.86442 17.6478058728
17.300 0.86392 17.6580128167
17.310 0.86343 17.6682197605
17.320 0.86294 17.6784267043
17.330 0.86245 17.6886336481
17.340 0.86195 17.698840592
17.350 0.86146 17.7090475358
17.360 0.86097 17.7192544796
17.370 0.86048 17.7294614234
17.380 0.85999 17.7396683673
17.390 0.85951 17.7498753111
17.400 0.85902 17.7600822549
17.410 0.85853 17.7702891987
17.420 0.85804 17.7804961426
17.430 0.85756 17.7907030864
17.440 0.85707 17.8009100302
17.450 0.85659 17.811116974
17.460 0.85610 17.8213239179
17.470 0.85562 17.8315308617
17.480 0.85513 17.8417378055
17.490 0.85465 17.8519447493
17.500 0.85417 17.8621516932
17.510 0.85369 17.872358637
17.520 0.85321 17.8825655808
17.530 0.85272 17.8927725246
17.540 0.85224 17.9029794685
17.550 0.85176 17.9131864123
17.560 0.85129 17.9233933561
17.570 0.85081 17.9336002999
17.580 0.85033 17.9438072438
17.590 0.84985 17.9540141876
17.600 0.84937 17.9642211314
17.610 0.84890 17.9744280752
17.620 0.84842 17.9846350191
17.630 0.84795 17.9948419629
17.640 0.84747 18.0050489067
17.650 0.84700 18.0152558505
17.660 0.84652 18.0254627944
17.670 0.84605 18.0356697382
17.680 0.84558 18.045876682
17.690 0.84511 18.0560836258
17.700 0.84463 18.0662905697
17.710 0.84416 18.0764975135
17.720 0.84369 18.0867044573
17.730 0.84322 18.0969114011
17.740 0.84275 18.107118345
17.750 0.84228 18.1173252888
17.760 0.84182 18.1275322326
17.770 0.84135 18.1377391764
17.780 0.84088 18.1479461203
17.790 0.84041 18.1581530641
17.800 0.83995 18.1683600079
17.810 0.83948 18.1785669517
17.820 0.83902 18.1887738956
17.830 0.83855 18.1989808394
17.840 0.83809 18.2091877832
17.850 0.83762 18.219394727
17.860 0.83716 18.2296016709
17.870 0.83670 18.2398086147
17.880 0.83624 18.2500155585
17.890 0.83578 18.2602225023
17.900 0.83531 18.2704294461
17.910 0.83485 18.28063639
17.920 0.83439 18.2908433338
17.930 0.83393 18.3010502776
17.940 0.83347 18.3112572214
17.950 0.83302 18.3214641653
17.960 0.83256 18.3316711091
17.970 0.83210 18.3418780529
17.980 0.83164 18.3520849967
17.990 0.83119 18.3622919406
18.000 0.83073 18.3724988844
18.010 0.83028 18.3827058282
18.020 0.82982 18.392912772
18.030 0.82937 18.4031197159
18.040 0.82891 18.4133266597
18.050 0.82846 18.4235336035
18.060 0.82801 18.4337405473
18.070 0.82755 18.4439474912
18.080 0.82710 18.454154435
18.090 0.82665 18.4643613788
18.100 0.82620 18.4745683226
18.110 0.82575 18.4847752665
18.120 0.82530 18.4949822103
18.130 0.82485 18.5051891541
18.140 0.82440 18.5153960979
18.150 0.82395 18.5256030418
18.160 0.82350 18.5358099856
18.170 0.82306 18.5460169294
18.180 0.82261 18.5562238732
18.190 0.82216 18.5664308171
18.200 0.82172 18.5766377609
18.210 0.82127 18.5868447047
18.220 0.82083 18.5970516485
18.230 0.82038 18.6072585924
18.240 0.81994 18.6174655362
18.250 0.81949 18.62767248
18.260 0.81905 18.6378794238
18.270 0.81861 18.6480863677
18.280 0.81817 18.6582933115
18.290 0.81773 18.6685002553
18.300 0.81728 18.6787071991
18.310 0.81684 18.688914143
18.320 0.81640 18.6991210868
18.330 0.81596 18.7093280306
18.340 0.81552 18.7195349744
18.350 0.81509 18.7297419183
18.360 0.81465 18.7399488621
18.370 0.81421 18.7501558059
18.380 0.81377 18.7603627497
18.390 0.81334 18.7705696936
18.400 0.81290 18.7807766374
18.410 0.81246 18.7909835812
18.420 0.81203 18.801190525
18.430 0.81159 18.8113974689
18.440 0.81116 18.8216044127
18.450 0.81072 18.8318113565
18.460 0.81029 18.8420183003
18.470 0.80986 18.8522252442
18.480 0.80943 18.862432188
18.490 0.80899 18.8726391318
18.500 0.80856 18.8828460756
18.510 0.80813 18.8930530195
18.520 0.80770 18.9032599633
18.530 0.80727 18.9134669071
18.540 0.80684 18.9236738509
18.550 0.80641 18.9338807948
18.560 0.80598 18.9440877386
18.570 0.80555 18.9542946824
18.580 0.80513 18.9645016262
18.590 0.80470 18.9747085701
18.600 0.80427 18.9849155139
18.610 0.80384 18.9951224577
18.620 0.80342 19.0053294015
18.630 0.80299 19.0155363453
18.640 0.80257 19.0257432892
18.650 0.80214 19.035950233
18.660 0.80172 19.0461571768
18.670 0.80129 19.0563641206
18.680 0.80087 19.0665710645
18.690 0.80045 19.0767780083
18.700 0.80003 19.0869849521
18.710 0.79960 19.0971918959
18.720 0.79918 19.1073988398
18.730 0.79876 19.1176057836
18.740 0.79834 19.1278127274
18.750 0.79792 19.1380196712
18.760 0.79750 19.1482266151
18.770 0.79708 19.1584335589
18.780 0.79666 19.1686405027
18.790 0.79624 19.1788474465
18.800 0.79583 19.1890543904
18.810 0.79541 19.1992613342
18.820 0.79499 19.209468278
18.830 0.79457 19.2196752218
18.840 0.79416 19.2298821657
18.850 0.79374 19.2400891095
18.860 0.79333 19.2502960533
18.870 0.79291 19.2605029971
18.880 0.79250 19.270709941
18.890 0.79208 19.2809168848
18.900 0.79167 19.2911238286
18.910 0.79126 19.3013307724
18.920 0.79084 19.3115377163
18.930 0.79043 19.3217446601
18.940 0.79002 19.3319516039
18.950 0.78961 19.3421585477
18.960 0.78920 19.3523654916
18.970 0.78879 19.3625724354
18.980 0.78838 19.3727793792
18.990 0.78797 19.382986323
19.000 0.78756 19.3931932669
19.010 0.78715 19.4034002107
19.020 0.78674 19.4136071545
19.030 0.78633 19.4238140983
19.040 0.78593 19.4340210422
19.050 0.78552 19.444227986
19.060 0.78511 19.4544349298
19.070 0.78471 19.4646418736
19.080 0.78430 19.4748488175
19.090 0.78390 19.4850557613
19.100 0.78349 19.4952627051
19.110 0.78309 19.5054696489
19.120 0.78268 19.5156765928
19.130 0.78228 19.5258835366
19.140 0.78188 19.5360904804
19.150 0.78147 19.5462974242
19.160 0.78107 19.5565043681
19.170 0.78067 19.5667113119
19.180 0.78027 19.5769182557
19.190 0.77987 19.5871251995
19.200 0.77946 19.5973321434
19.210 0.77906 19.6075390872
19.220 0.77866 19.617746031
19.230 0.77826 19.6279529748
19.240 0.77787 19.6381599187
19.250 0.77747 19.6483668625
19.260 0.77707 19.6585738063
19.270 0.77667 19.6687807501
19.280 0.77627 19.678987694
19.290 0.77588 19.6891946378
19.300 0.77548 19.6994015816
19.310 0.77508 19.7096085254
19.320 0.77469 19.7198154693
19.330 0.77429 19.7300224131
19.340 0.77390 19.7402293569
19.350 0.77350 19.7504363007
19.360 0.77311 19.7606432445
19.370 0.77272 19.7708501884
19.380 0.77232 19.7810571322
19.390 0.77193 19.791264076
19.400 0.77154 19.8014710198
19.410 0.77114 19.8116779637
19.420 0.77075 19.8218849075
19.430 0.77036 19.8320918513
19.440 0.76997 19.8422987951
19.450 0.76958 19.852505739
19.460 0.76919 19.8627126828
19.470 0.76880 19.8729196266
19.480 0.76841 19.8831265704
19.490 0.76802 19.8933335143
19.500 0.76763 19.9035404581
19.510 0.76725 19.9137474019
19.520 0.76686 19.9239543457
19.530 0.76647 19.9341612896
19.540 0.76608 19.9443682334
19.550 0.76570 19.9545751772
19.560 0.76531 19.964782121
19.570 0.76493 19.9749890649
19.580 0.76454 19.9851960087
19.590 0.76416 19.9954029525
19.600 0.76377 20.0056098963
19.610 0.76339 20.0158168402
19.620 0.76300 20.026023784
19.630 0.76262 20.0362307278
19.640 0.76224 20.0464376716
19.650 0.76185 20.0566446155
19.660 0.76147 20.0668515593
19.670 0.76109 20.0770585031
19.680 0.76071 20.0872654469
19.690 0.76033 20.0974723908
19.700 0.75995 20.1076793346
19.710 0.75957 20.1178862784
19.720 0.75919 20.1280932222
19.730 0.75881 20.1383001661
19.740 0.75843 20.1485071099
19.750 0.75805 20.1587140537
19.760 0.75767 20.1689209975
19.770 0.75729 20.1791279414
19.780 0.75692 20.1893348852
19.790 0.75654 20.199541829
19.800 0.75616 20.2097487728
19.810 0.75579 20.2199557167
19.820 0.75541 20.2301626605
19.830 0.75503 20.2403696043
19.840 0.75466 20.2505765481
19.850 0.75428 20.260783492
19.860 0.75391 20.2709904358
19.870 0.75354 20.2811973796
19.880 0.75316 20.2914043234
19.890 0.75279 20.3016112673
19.900 0.75242 20.3118182111
19.910 0.75204 20.3220251549
19.920 0.75167 20.3322320987
19.930 0.75130 20.3424390426
19.940 0.75093 20.3526459864
19.950 0.75056 20.3628529302
19.960 0.75018 20.373059874
19.970 0.74981 20.3832668179
19.980 0.74944 20.3934737617
19.990 0.74907 20.4036807055
20.000 0.74871 20.4138876493
20.100 0.74503 20.5159570876
20.110 0.74467 20.5261640314
20.120 0.74430 20.5363709752
20.130 0.74394 20.546577919
20.140 0.74357 20.5567848629
20.150 0.74321 20.5669918067
20.160 0.74285 20.5771987505
20.170 0.74248 20.5874056943
20.180 0.74212 20.5976126382
20.190 0.74176 20.607819582
20.200 0.74140 20.6180265258
20.210 0.74104 20.6282334696
20.220 0.74067 20.6384404135
20.230 0.74031 20.6486473573
20.240 0.73995 20.6588543011
20.250 0.73959 20.6690612449
20.260 0.73923 20.6792681888
20.270 0.73887 20.6894751326
20.280 0.73851 20.6996820764
20.290 0.73815 20.7098890202
20.300 0.73780 20.7200959641
20.310 0.73744 20.7303029079
20.320 0.73708 20.7405098517
20.330 0.73672 20.7507167955
20.340 0.73637 20.7609237394
20.350 0.73601 20.7711306832
20.360 0.73565 20.781337627
20.370 0.73530 20.7915445708
20.380 0.73494 20.8017515147
20.390 0.73459 20.8119584585
20.400 0.73423 20.8221654023
20.410 0.73388 20.8323723461
20.420 0.73352 20.84257929
20.430 0.73317 20.8527862338
20.440 0.73282 20.8629931776
20.450 0.73246 20.8732001214
20.460 0.73211 20.8834070653
20.470 0.73176 20.8936140091
20.480 0.73140 20.9038209529
20.490 0.73105 20.9140278967
20.500 0.73070 20.9242348406
20.510 0.73035 20.9344417844
20.520 0.73000 20.9446487282
20.530 0.72965 20.954855672
20.540 0.72930 20.9650626159
20.550 0.72895 20.9752695597
20.560 0.72860 20.9854765035
20.570 0.72825 20.9956834473
20.580 0.72790 21.0058903912
20.590 0.72755 21.016097335
20.600 0.72721 21.0263042788
20.610 0.72686 21.0365112226
20.620 0.72651 21.0467181665
20.630 0.72616 21.0569251103
20.640 0.72582 21.0671320541
20.650 0.72547 21.0773389979
20.660 0.72512 21.0875459418
20.670 0.72478 21.0977528856
20.680 0.72443 21.1079598294
20.690 0.72409 21.1181667732
20.700 0.72374 21.1283737171
20.710 0.72340 21.1385806609
20.720 0.72305 21.1487876047
20.730 0.72271 21.1589945485
20.740 0.72237 21.1692014924
20.750 0.72202 21.1794084362
20.760 0.72168 21.18961538
20.770 0.72134 21.1998223238
20.780 0.72100 21.2100292677
20.790 0.72066 21.2202362115
20.800 0.72031 21.2304431553
20.810 0.71997 21.2406500991
20.820 0.71963 21.250857043
20.830 0.71929 21.2610639868
20.840 0.71895 21.2712709306
20.850 0.71861 21.2814778744
20.860 0.71827 21.2916848182
20.870 0.71793 21.3018917621
20.880 0.71759 21.3120987059
20.890 0.71726 21.3223056497
20.900 0.71692 21.3325125935
20.910 0.71658 21.3427195374
20.920 0.71624 21.3529264812
20.930 0.71591 21.363133425
20.940 0.71557 21.3733403688
20.950 0.71523 21.3835473127
20.960 0.71490 21.3937542565
20.970 0.71456 21.4039612003
20.980 0.71422 21.4141681441
20.990 0.71389 21.424375088
21.000 0.71355 21.4345820318
21.010 0.71322 21.4447889756
21.020 0.71289 21.4549959194
21.030 0.71255 21.4652028633
21.040 0.71222 21.4754098071
21.050 0.71188 21.4856167509
21.060 0.71155 21.4958236947
21.070 0.71122 21.5060306386
21.080 0.71089 21.5162375824
21.090 0.71055 21.5264445262
21.100 0.71022 21.53665147
21.110 0.70989 21.5468584139
21.120 0.70956 21.5570653577
21.130 0.70923 21.5672723015
21.140 0.70890 21.5774792453
21.150 0.70857 21.5876861892
21.160 0.70824 21.597893133
21.170 0.70791 21.6081000768
21.180 0.70758 21.6183070206
21.190 0.70725 21.6285139645
21.200 0.70692 21.6387209083
21.210 0.70659 21.6489278521
21.220 0.70627 21.6591347959
21.230 0.70594 21.6693417398
21.240 0.70561 21.6795486836
21.250 0.70528 21.6897556274
21.260 0.70496 21.6999625712
21.270 0.70463 21.7101695151
21.280 0.70430 21.7203764589
21.290 0.70398 21.7305834027
21.300 0.70365 21.7407903465
21.310 0.70333 21.7509972904
21.320 0.70300 21.7612042342
21.330 0.70268 21.771411178
21.340 0.70235 21.7816181218
21.350 0.70203 21.7918250657
21.360 0.70171 21.8020320095
21.370 0.70138 21.8122389533
21.380 0.70106 21.8224458971
21.390 0.70074 21.832652841
21.400 0.70041 21.8428597848
21.410 0.70009 21.8530667286
21.420 0.69977 21.8632736724
21.430 0.69945 21.8734806163
21.440 0.69913 21.8836875601
21.450 0.69881 21.8938945039
21.460 0.69849 21.9041014477
21.470 0.69816 21.9143083916
21.480 0.69784 21.9245153354
21.490 0.69752 21.9347222792
21.500 0.69721 21.944929223
21.510 0.69689 21.9551361669
21.520 0.69657 21.9653431107
21.530 0.69625 21.9755500545
21.540 0.69593 21.9857569983
21.550 0.69561 21.9959639422
21.560 0.69529 22.006170886
21.570 0.69498 22.0163778298
21.580 0.69466 22.0265847736
21.590 0.69434 22.0367917174
21.600 0.69403 22.0469986613
21.610 0.69371 22.0572056051
21.620 0.69339 22.0674125489
21.630 0.69308 22.0776194927
21.640 0.69276 22.0878264366
21.650 0.69245 22.0980333804
21.660 0.69213 22.1082403242
21.670 0.69182 22.118447268
21.680 0.69150 22.1286542119
21.690 0.69119 22.1388611557
21.700 0.69088 22.1490680995
21.710 0.69056 22.1592750433
21.720 0.69025 22.1694819872
21.730 0.68994 22.179688931
21.740 0.68963 22.1898958748
21.750 0.68931 22.2001028186
21.760 0.68900 22.2103097625
21.770 0.68869 22.2205167063
21.780 0.68838 22.2307236501
21.790 0.68807 22.2409305939
21.800 0.68776 22.2511375378
21.810 0.68745 22.2613444816
21.820 0.68714 22.2715514254
21.830 0.68683 22.2817583692
21.840 0.68652 22.2919653131
21.850 0.68621 22.3021722569
21.860 0.68590 22.3123792007
21.870 0.68559 22.3225861445
21.880 0.68528 22.3327930884
21.890 0.68497 22.3430000322
21.900 0.68466 22.353206976
21.910 0.68436 22.3634139198
21.920 0.68405 22.3736208637
21.930 0.68374 22.3838278075
21.940 0.68344 22.3940347513
21.950 0.68313 22.4042416951
21.960 0.68282 22.414448639
21.970 0.68252 22.4246555828
21.980 0.68221 22.4348625266
21.990 0.68191 22.4450694704
22.000 0.68160 22.4552764143
22.010 0.68130 22.4654833581
22.020 0.68099 22.4756903019
22.030 0.68069 22.4858972457
22.040 0.68038 22.4961041896
22.050 0.68008 22.5063111334
22.060 0.67977 22.5165180772
22.070 0.67947 22.526725021
22.080 0.67917 22.5369319649
22.090 0.67887 22.5471389087
22.100 0.67856 22.5573458525
22.110 0.67826 22.5675527963
22.120 0.67796 22.5777597402
22.130 0.67766 22.587966684
22.140 0.67736 22.5981736278
22.150 0.67706 22.6083805716
22.160 0.67676 22.6185875155
22.170 0.67645 22.6287944593
22.180 0.67615 22.6390014031
22.190 0.67585 22.6492083469
22.200 0.67555 22.6594152908
22.210 0.67526 22.6696222346
22.220 0.67496 22.6798291784
22.230 0.67466 22.6900361222
22.240 0.67436 22.7002430661
22.250 0.67406 22.7104500099
22.260 0.67376 22.7206569537
22.270 0.67346 22.7308638975
22.280 0.67317 22.7410708414
22.290 0.67287 22.7512777852
22.300 0.67257 22.761484729
22.310 0.67228 22.7716916728
22.320 0.67198 22.7818986167
22.330 0.67168 22.7921055605
22.340 0.67139 22.8023125043
22.350 0.67109 22.8125194481
22.360 0.67080 22.8227263919
22.370 0.67050 22.8329333358
22.380 0.67021 22.8431402796
22.390 0.66991 22.8533472234
22.400 0.66962 22.8635541672
22.410 0.66932 22.8737611111
22.420 0.66903 22.8839680549
22.430 0.66874 22.8941749987
22.440 0.66844 22.9043819425
22.450 0.66815 22.9145888864
22.460 0.66786 22.9247958302
22.470 0.66756 22.935002774
22.480 0.66727 22.9452097178
22.490 0.66698 22.9554166617
22.500 0.66669 22.9656236055
22.510 0.66640 22.9758305493
22.520 0.66611 22.9860374931
22.530 0.66581 22.996244437
22.540 0.66552 23.0064513808
22.550 0.66523 23.0166583246
22.560 0.66494 23.0268652684
22.570 0.66465 23.0370722123
22.580 0.66436 23.0472791561
22.590 0.66407 23.0574860999
22.600 0.66379 23.0676930437
22.610 0.66350 23.0778999876
22.620 0.66321 23.0881069314
22.630 0.66292 23.0983138752
22.640 0.66263 23.108520819
22.650 0.66234 23.1187277629
22.660 0.66206 23.1289347067
22.670 0.66177 23.1391416505
22.680 0.66148 23.1493485943
22.690 0.66119 23.1595555382
22.700 0.66091 23.169762482
22.710 0.66062 23.1799694258
22.720 0.66034 23.1901763696
22.730 0.66005 23.2003833135
22.740 0.65976 23.2105902573
22.750 0.65948 23.2207972011
22.760 0.65919 23.2310041449
22.770 0.65891 23.2412110888
22.780 0.65862 23.2514180326
22.790 0.65834 23.2616249764
22.800 0.65806 23.2718319202
22.810 0.65777 23.2820388641
22.820 0.65749 23.2922458079
22.830 0.65720 23.3024527517
22.840 0.65692 23.3126596955
22.850 0.65664 23.3228666394
22.860 0.65636 23.3330735832
22.870 0.65607 23.343280527
22.880 0.65579 23.3534874708
22.890 0.65551 23.3636944147
22.900 0.65523 23.3739013585
22.910 0.65495 23.3841083023
22.920 0.65467 23.3943152461
22.930 0.65439 23.40452219
22.940 0.65410 23.4147291338
22.950 0.65382 23.4249360776
22.960 0.65354 23.4351430214
22.970 0.65326 23.4453499653
22.980 0.65298 23.4555569091
22.990 0.65270 23.4657638529
23.000 0.65243 23.4759707967
23.010 0.65215 23.4861777406
23.020 0.65187 23.4963846844
23.030 0.65159 23.5065916282
23.040 0.65131 23.516798572
23.050 0.65103 23.5270055159
23.060 0.65076 23.5372124597
23.070 0.65048 23.5474194035
23.080 0.65020 23.5576263473
23.090 0.64992 23.5678332911
23.100 0.64965 23.578040235
23.110 0.64937 23.5882471788
23.120 0.64909 23.5984541226
23.130 0.64882 23.6086610664
23.140 0.64854 23.6188680103
23.150 0.64827 23.6290749541
23.160 0.64799 23.6392818979
23.170 0.64772 23.6494888417
23.180 0.64744 23.6596957856
23.190 0.64717 23.6699027294
23.200 0.64689 23.6801096732
23.210 0.64662 23.690316617
23.220 0.64634 23.7005235609
23.230 0.64607 23.7107305047
23.240 0.64580 23.7209374485
23.250 0.64552 23.7311443923
23.260 0.64525 23.7413513362
23.270 0.64498 23.75155828
23.280 0.64471 23.7617652238
23.290 0.64443 23.7719721676
23.300 0.64416 23.7821791115
23.310 0.64389 23.7923860553
23.320 0.64362 23.8025929991
23.330 0.64335 23.8127999429
23.340 0.64308 23.8230068868
23.350 0.64281 23.8332138306
23.360 0.64253 23.8434207744
23.370 0.64226 23.8536277182
23.380 0.64199 23.8638346621
23.390 0.64172 23.8740416059
23.400 0.64145 23.8842485497
23.410 0.64119 23.8944554935
23.420 0.64092 23.9046624374
23.430 0.64065 23.9148693812
23.440 0.64038 23.925076325
23.450 0.64011 23.9352832688
23.460 0.63984 23.9454902127
23.470 0.63957 23.9556971565
23.480 0.63931 23.9659041003
23.490 0.63904 23.9761110441
23.500 0.63877 23.986317988
23.510 0.63850 23.9965249318
23.520 0.63824 24.0067318756
23.530 0.63797 24.0169388194
23.540 0.63770 24.0271457633
23.550 0.63744 24.0373527071
23.560 0.63717 24.0475596509
23.570 0.63690 24.0577665947
23.580 0.63664 24.0679735386
23.590 0.63637 24.0781804824
23.600 0.63611 24.0883874262
23.610 0.63584 24.09859437
23.620 0.63558 24.1088013139
23.630 0.63531 24.1190082577
23.640 0.63505 24.1292152015
23.650 0.63479 24.1394221453
23.660 0.63452 24.1496290892
23.670 0.63426 24.159836033
23.680 0.63400 24.1700429768
23.690 0.63373 24.1802499206
23.700 0.63347 24.1904568645
23.710 0.63321 24.2006638083
23.720 0.63294 24.2108707521
23.730 0.63268 24.2210776959
23.740 0.63242 24.2312846398
23.750 0.63216 24.2414915836
23.760 0.63190 24.2516985274
23.770 0.63164 24.2619054712
23.780 0.63137 24.2721124151
23.790 0.63111 24.2823193589
23.800 0.63085 24.2925263027
23.810 0.63059 24.3027332465
23.820 0.63033 24.3129401903
23.830 0.63007 24.3231471342
23.840 0.62981 24.333354078
23.850 0.62955 24.3435610218
23.860 0.62929 24.3537679656
23.870 0.62903 24.3639749095
23.880 0.62877 24.3741818533
23.890 0.62852 24.3843887971
23.900 0.62826 24.3945957409
23.910 0.62800 24.4048026848
23.920 0.62774 24.4150096286
23.930 0.62748 24.4252165724
23.940 0.62723 24.4354235162
23.950 0.62697 24.4456304601
23.960 0.62671 24.4558374039
23.970 0.62645 24.4660443477
23.980 0.62620 24.4762512915
23.990 0.62594 24.4864582354
24.000 0.62568 24.4966651792
24.010 0.62543 24.506872123
24.020 0.62517 24.5170790668
24.030 0.62492 24.5272860107
24.040 0.62466 24.5374929545
24.050 0.62441 24.5476998983
24.060 0.62415 24.5579068421
24.070 0.62390 24.568113786
24.080 0.62364 24.5783207298
24.090 0.62339 24.5885276736
24.100 0.62313 24.5987346174
24.110 0.62288 24.6089415613
24.120 0.62262 24.6191485051
24.130 0.62237 24.6293554489
24.140 0.62212 24.6395623927
24.150 0.62186 24.6497693366
24.160 0.62161 24.6599762804
24.170 0.62136 24.6701832242
24.180 0.62111 24.680390168
24.190 0.62085 24.6905971119
24.200 0.62060 24.7008040557
24.210 0.62035 24.7110109995
24.220 0.62010 24.7212179433
24.230 0.61985 24.7314248872
24.240 0.61959 24.741631831
24.250 0.61934 24.7518387748
24.260 0.61909 24.7620457186
24.270 0.61884 24.7722526625
24.280 0.61859 24.7824596063
24.290 0.61834 24.7926665501
24.300 0.61809 24.8028734939
24.310 0.61784 24.8130804378
24.320 0.61759 24.8232873816
24.330 0.61734 24.8334943254
24.340 0.61709 24.8437012692
24.350 0.61684 24.8539082131
24.360 0.61660 24.8641151569
24.370 0.61635 24.8743221007
24.380 0.61610 24.8845290445
24.390 0.61585 24.8947359884
24.400 0.61560 24.9049429322
24.410 0.61535 24.915149876
24.420 0.61511 24.9253568198
24.430 0.61486 24.9355637637
24.440 0.61461 24.9457707075
24.450 0.61436 24.9559776513
24.460 0.61412 24.9661845951
24.470 0.61387 24.976391539
24.480 0.61362 24.9865984828
24.490 0.61338 24.9968054266
24.500 0.61313 25.0070123704
24.510 0.61289 25.0172193143
24.520 0.61264 25.0274262581
24.530 0.61240 25.0376332019
24.540 0.61215 25.0478401457
24.550 0.61191 25.0580470896
24.560 0.61166 25.0682540334
24.570 0.61142 25.0784609772
24.580 0.61117 25.088667921
24.590 0.61093 25.0988748648
24.600 0.61068 25.1090818087
24.610 0.61044 25.1192887525
24.620 0.61020 25.1294956963
24.630 0.60995 25.1397026401
24.640 0.60971 25.149909584
24.650 0.60947 25.1601165278
24.660 0.60922 25.1703234716
24.670 0.60898 25.1805304154
24.680 0.60874 25.1907373593
24.690 0.60850 25.2009443031
24.700 0.60825 25.2111512469
24.710 0.60801 25.2213581907
24.720 0.60777 25.2315651346
24.730 0.60753 25.2417720784
24.740 0.60729 25.2519790222
24.750 0.60705 25.262185966
24.760 0.60681 25.2723929099
24.770 0.60657 25.2825998537
24.780 0.60633 25.2928067975
24.790 0.60608 25.3030137413
24.800 0.60584 25.3132206852
24.810 0.60560 25.323427629
24.820 0.60537 25.3336345728
24.830 0.60513 25.3438415166
24.840 0.60489 25.3540484605
24.850 0.60465 25.3642554043
24.860 0.60441 25.3744623481
24.870 0.60417 25.3846692919
24.880 0.60393 25.3948762358
24.890 0.60369 25.4050831796
24.900 0.60345 25.4152901234
24.910 0.60322 25.4254970672
24.920 0.60298 25.4357040111
24.930 0.60274 25.4459109549
24.940 0.60250 25.4561178987
24.950 0.60227 25.4663248425
24.960 0.60203 25.4765317864
24.970 0.60179 25.4867387302
24.980 0.60156 25.496945674
24.990 0.60132 25.5071526178
25.000 0.60108 25.5173595617
25.100 0.59873 25.6194289999
25.110 0.59850 25.6296359437
25.120 0.59826 25.6398428876
25.130 0.59803 25.6500498314
25.140 0.59780 25.6602567752
25.150 0.59756 25.670463719
25.160 0.59733 25.6806706629
25.170 0.59710 25.6908776067
25.180 0.59686 25.7010845505
25.190 0.59663 25.7112914943
25.200 0.59640 25.7214984382
25.210 0.59617 25.731705382
25.220 0.59593 25.7419123258
25.230 0.59570 25.7521192696
25.240 0.59547 25.7623262135
25.250 0.59524 25.7725331573
25.260 0.59501 25.7827401011
25.270 0.59478 25.7929470449
25.280 0.59454 25.8031539888
25.290 0.59431 25.8133609326
25.300 0.59408 25.8235678764
25.310 0.59385 25.8337748202
25.320 0.59362 25.843981764
25.330 0.59339 25.8541887079
25.340 0.59316 25.8643956517
25.350 0.59293 25.8746025955
25.360 0.59270 25.8848095393
25.370 0.59247 25.8950164832
25.380 0.59224 25.905223427
25.390 0.59201 25.9154303708
25.400 0.59179 25.9256373146
25.410 0.59156 25.9358442585
25.420 0.59133 25.9460512023
25.430 0.59110 25.9562581461
25.440 0.59087 25.9664650899
25.450 0.59064 25.9766720338
25.460 0.59042 25.9868789776
25.470 0.59019 25.9970859214
25.480 0.58996 26.0072928652
25.490 0.58973 26.0174998091
25.500 0.58951 26.0277067529
25.510 0.58928 26.0379136967
25.520 0.58905 26.0481206405
25.530 0.58883 26.0583275844
25.540 0.58860 26.0685345282
25.550 0.58837 26.078741472
25.560 0.58815 26.0889484158
25.570 0.58792 26.0991553597
25.580 0.58770 26.1093623035
25.590 0.58747 26.1195692473
25.600 0.58725 26.1297761911
25.610 0.58702 26.139983135
25.620 0.58680 26.1501900788
25.630 0.58657 26.1603970226
25.640 0.58635 26.1706039664
25.650 0.58612 26.1808109103
25.660 0.58590 26.1910178541
25.670 0.58567 26.2012247979
25.680 0.58545 26.2114317417
25.690 0.58523 26.2216386856
25.700 0.58500 26.2318456294
25.710 0.58478 26.2420525732
25.720 0.58456 26.252259517
25.730 0.58433 26.2624664609
25.740 0.58411 26.2726734047
25.750 0.58389 26.2828803485
25.760 0.58367 26.2930872923
25.770 0.58344 26.3032942362
25.780 0.58322 26.31350118
25.790 0.58300 26.3237081238
25.800 0.58278 26.3339150676
25.810 0.58256 26.3441220115
25.820 0.58233 26.3543289553
25.830 0.58211 26.3645358991
25.840 0.58189 26.3747428429
25.850 0.58167 26.3849497868
25.860 0.58145 26.3951567306
25.870 0.58123 26.4053636744
25.880 0.58101 26.4155706182
25.890 0.58079 26.4257775621
25.900 0.58057 26.4359845059
25.910 0.58035 26.4461914497
25.920 0.58013 26.4563983935
25.930 0.57991 26.4666053374
25.940 0.57969 26.4768122812
25.950 0.57947 26.487019225
25.960 0.57925 26.4972261688
25.970 0.57903 26.5074331127
25.980 0.57881 26.5176400565
25.990 0.57859 26.5278470003
26.000 0.57838 26.5380539441
26.010 0.57816 26.548260888
26.020 0.57794 26.5584678318
26.030 0.57772 26.5686747756
26.040 0.57750 26.5788817194
26.050 0.57729 26.5890886632
26.060 0.57707 26.5992956071
26.070 0.57685 26.6095025509
26.080 0.57664 26.6197094947
26.090 0.57642 26.6299164385
26.100 0.57620 26.6401233824
26.110 0.57598 26.6503303262
26.120 0.57577 26.66053727
26.130 0.57555 26.6707442138
26.140 0.57534 26.6809511577
26.150 0.57512 26.6911581015
26.160 0.57490 26.7013650453
26.170 0.57469 26.7115719891
26.180 0.57447 26.721778933
26.190 0.57426 26.7319858768
26.200 0.57404 26.7421928206
26.210 0.57383 26.7523997644
26.220 0.57361 26.7626067083
26.230 0.57340 26.7728136521
26.240 0.57318 26.7830205959
26.250 0.57297 26.7932275397
26.260 0.57276 26.8034344836
26.270 0.57254 26.8136414274
26.280 0.57233 26.8238483712
26.290 0.57211 26.834055315
26.300 0.57190 26.8442622589
26.310 0.57169 26.8544692027
26.320 0.57147 26.8646761465
26.330 0.57126 26.8748830903
26.340 0.57105 26.8850900342
26.350 0.57084 26.895296978
26.360 0.57062 26.9055039218
26.370 0.57041 26.9157108656
26.380 0.57020 26.9259178095
26.390 0.56999 26.9361247533
26.400 0.56978 26.9463316971
26.410 0.56956 26.9565386409
26.420 0.56935 26.9667455848
26.430 0.56914 26.9769525286
26.440 0.56893 26.9871594724
26.450 0.56872 26.9973664162
26.460 0.56851 27.0075733601
26.470 0.56830 27.0177803039
26.480 0.56809 27.0279872477
26.490 0.56788 27.0381941915
26.500 0.56767 27.0484011354
26.510 0.56746 27.0586080792
26.520 0.56725 27.068815023
26.530 0.56704 27.0790219668
26.540 0.56683 27.0892289107
26.550 0.56662 27.0994358545
26.560 0.56641 27.1096427983
26.570 0.56620 27.1198497421
26.580 0.56599 27.130056686
26.590 0.56578 27.1402636298
26.600 0.56557 27.1504705736
26.610 0.56536 27.1606775174
26.620 0.56516 27.1708844613
26.630 0.56495 27.1810914051
26.640 0.56474 27.1912983489
26.650 0.56453 27.2015052927
26.660 0.56432 27.2117122366
26.670 0.56412 27.2219191804
26.680 0.56391 27.2321261242
26.690 0.56370 27.242333068
26.700 0.56349 27.2525400119
26.710 0.56329 27.2627469557
26.720 0.56308 27.2729538995
26.730 0.56287 27.2831608433
26.740 0.56267 27.2933677872
26.750 0.56246 27.303574731
26.760 0.56225 27.3137816748
26.770 0.56205 27.3239886186
26.780 0.56184 27.3341955625
26.790 0.56164 27.3444025063
26.800 0.56143 27.3546094501
26.810 0.56123 27.3648163939
26.820 0.56102 27.3750233377
26.830 0.56082 27.3852302816
26.840 0.56061 27.3954372254
26.850 0.56041 27.4056441692
26.860 0.56020 27.415851113
26.870 0.56000 27.4260580569
26.880 0.55979 27.4362650007
26.890 0.55959 27.4464719445
26.900 0.55938 27.4566788883
26.910 0.55918 27.4668858322
26.920 0.55898 27.477092776
26.930 0.55877 27.4872997198
26.940 0.55857 27.4975066636
26.950 0.55837 27.5077136075
26.960 0.55816 27.5179205513
26.970 0.55796 27.5281274951
26.980 0.55776 27.5383344389
26.990 0.55756 27.5485413828
27.000 0.55735 27.5587483266
27.010 0.55715 27.5689552704
27.020 0.55695 27.5791622142
27.030 0.55675 27.5893691581
27.040 0.55654 27.5995761019
27.050 0.55634 27.6097830457
27.060 0.55614 27.6199899895
27.070 0.55594 27.6301969334
27.080 0.55574 27.6404038772
27.090 0.55554 27.650610821
27.100 0.55534 27.6608177648
27.110 0.55513 27.6710247087
27.120 0.55493 27.6812316525
27.130 0.55473 27.6914385963
27.140 0.55453 27.7016455401
27.150 0.55433 27.711852484
27.160 0.55413 27.7220594278
27.170 0.55393 27.7322663716
27.180 0.55373 27.7424733154
27.190 0.55353 27.7526802593
27.200 0.55333 27.7628872031
27.210 0.55313 27.7730941469
27.220 0.55293 27.7833010907
27.230 0.55274 27.7935080346
27.240 0.55254 27.8037149784
27.250 0.55234 27.8139219222
27.260 0.55214 27.824128866
27.270 0.55194 27.8343358099
27.280 0.55174 27.8445427537
27.290 0.55154 27.8547496975
27.300 0.55135 27.8649566413
27.310 0.55115 27.8751635852
27.320 0.55095 27.885370529
27.330 0.55075 27.8955774728
27.340 0.55056 27.9057844166
27.350 0.55036 27.9159913605
27.360 0.55016 27.9261983043
27.370 0.54996 27.9364052481
27.380 0.54977 27.9466121919
27.390 0.54957 27.9568191358
27.400 0.54937 27.9670260796
27.410 0.54918 27.9772330234
27.420 0.54898 27.9874399672
27.430 0.54878 27.9976469111
27.440 0.54859 28.0078538549
27.450 0.54839 28.0180607987
27.460 0.54820 28.0282677425
27.470 0.54800 28.0384746864
27.480 0.54781 28.0486816302
27.490 0.54761 28.058888574
27.500 0.54741 28.0690955178
27.510 0.54722 28.0793024617
27.520 0.54702 28.0895094055
27.530 0.54683 28.0997163493
27.540 0.54664 28.1099232931
27.550 0.54644 28.1201302369
27.560 0.54625 28.1303371808
27.570 0.54605 28.1405441246
27.580 0.54586 28.1507510684
27.590 0.54566 28.1609580122
27.600 0.54547 28.1711649561
27.610 0.54528 28.1813718999
27.620 0.54508 28.1915788437
27.630 0.54489 28.2017857875
27.640 0.54470 28.2119927314
27.650 0.54450 28.2221996752
27.660 0.54431 28.232406619
27.670 0.54412 28.2426135628
27.680 0.54392 28.2528205067
27.690 0.54373 28.2630274505
27.700 0.54354 28.2732343943
27.710 0.54335 28.2834413381
27.720 0.54316 28.293648282
27.730 0.54296 28.3038552258
27.740 0.54277 28.3140621696
27.750 0.54258 28.3242691134
27.760 0.54239 28.3344760573
27.770 0.54220 28.3446830011
27.780 0.54201 28.3548899449
27.790 0.54181 28.3650968887
27.800 0.54162 28.3753038326
27.810 0.54143 28.3855107764
27.820 0.54124 28.3957177202
27.830 0.54105 28.405924664
27.840 0.54086 28.4161316079
27.850 0.54067 28.4263385517
27.860 0.54048 28.4365454955
27.870 0.54029 28.4467524393
27.880 0.54010 28.4569593832
27.890 0.53991 28.467166327
27.900 0.53972 28.4773732708
27.910 0.53953 28.4875802146
27.920 0.53934 28.4977871585
27.930 0.53915 28.5079941023
27.940 0.53896 28.5182010461
27.950 0.53877 28.5284079899
27.960 0.53859 28.5386149338
27.970 0.53840 28.5488218776
27.980 0.53821 28.5590288214
27.990 0.53802 28.5692357652
28.000 0.53783 28.5794427091
28.010 0.53764 28.5896496529
28.020 0.53746 28.5998565967
28.030 0.53727 28.6100635405
28.040 0.53708 28.6202704844
28.050 0.53689 28.6304774282
28.060 0.53670 28.640684372
28.070 0.53652 28.6508913158
28.080 0.53633 28.6610982597
28.090 0.53614 28.6713052035
28.100 0.53596 28.6815121473
28.110 0.53577 28.6917190911
28.120 0.53558 28.701926035
28.130 0.53540 28.7121329788
28.140 0.53521 28.7223399226
28.150 0.53502 28.7325468664
28.160 0.53484 28.7427538103
28.170 0.53465 28.7529607541
28.180 0.53447 28.7631676979
28.190 0.53428 28.7733746417
28.200 0.53409 28.7835815856
28.210 0.53391 28.7937885294
28.220 0.53372 28.8039954732
28.230 0.53354 28.814202417
28.240 0.53335 28.8244093609
28.250 0.53317 28.8346163047
28.260 0.53298 28.8448232485
28.270 0.53280 28.8550301923
28.280 0.53261 28.8652371362
28.290 0.53243 28.87544408
28.300 0.53224 28.8856510238
28.310 0.53206 28.8958579676
28.320 0.53188 28.9060649114
28.330 0.53169 28.9162718553
28.340 0.53151 28.9264787991
28.350 0.53133 28.9366857429
28.360 0.53114 28.9468926867
28.370 0.53096 28.9570996306
28.380 0.53077 28.9673065744
28.390 0.53059 28.9775135182
28.400 0.53041 28.987720462
28.410 0.53023 28.9979274059
28.420 0.53004 29.0081343497
28.430 0.52986 29.0183412935
28.440 0.52968 29.0285482373
28.450 0.52950 29.0387551812
28.460 0.52931 29.048962125
28.470 0.52913 29.0591690688
28.480 0.52895 29.0693760126
28.490 0.52877 29.0795829565
28.500 0.52859 29.0897899003
28.510 0.52840 29.0999968441
28.520 0.52822 29.1102037879
28.530 0.52804 29.1204107318
28.540 0.52786 29.1306176756
28.550 0.52768 29.1408246194
28.560 0.52750 29.1510315632
28.570 0.52732 29.1612385071
28.580 0.52714 29.1714454509
28.590 0.52696 29.1816523947
28.600 0.52678 29.1918593385
28.610 0.52659 29.2020662824
28.620 0.52641 29.2122732262
28.630 0.52623 29.22248017
28.640 0.52605 29.2326871138
28.650 0.52587 29.2428940577
28.660 0.52570 29.2531010015
28.670 0.52552 29.2633079453
28.680 0.52534 29.2735148891
28.690 0.52516 29.283721833
28.700 0.52498 29.2939287768
28.710 0.52480 29.3041357206
28.720 0.52462 29.3143426644
28.730 0.52444 29.3245496083
28.740 0.52426 29.3347565521
28.750 0.52408 29.3449634959
28.760 0.52390 29.3551704397
28.770 0.52373 29.3653773836
28.780 0.52355 29.3755843274
28.790 0.52337 29.3857912712
28.800 0.52319 29.395998215
28.810 0.52301 29.4062051589
28.820 0.52284 29.4164121027
28.830 0.52266 29.4266190465
28.840 0.52248 29.4368259903
28.850 0.52230 29.4470329342
28.860 0.52213 29.457239878
28.870 0.52195 29.4674468218
28.880 0.52177 29.4776537656
28.890 0.52160 29.4878607095
28.900 0.52142 29.4980676533
28.910 0.52124 29.5082745971
28.920 0.52107 29.5184815409
28.930 0.52089 29.5286884848
28.940 0.52071 29.5388954286
28.950 0.52054 29.5491023724
28.960 0.52036 29.5593093162
28.970 0.52019 29.5695162601
28.980 0.52001 29.5797232039
28.990 0.51983 29.5899301477
29.000 0.51966 29.6001370915
29.010 0.51948 29.6103440354
29.020 0.51931 29.6205509792
29.030 0.51913 29.630757923
29.040 0.51896 29.6409648668
29.050 0.51878 29.6511718106
29.060 0.51861 29.6613787545
29.070 0.51843 29.6715856983
29.080 0.51826 29.6817926421
29.090 0.51808 29.6919995859
29.100 0.51791 29.7022065298
29.110 0.51774 29.7124134736
29.120 0.51756 29.7226204174
29.130 0.51739 29.7328273612
29.140 0.51721 29.7430343051
29.150 0.51704 29.7532412489
29.160 0.51687 29.7634481927
29.170 0.51669 29.7736551365
29.180 0.51652 29.7838620804
29.190 0.51635 29.7940690242
29.200 0.51617 29.804275968
29.210 0.51600 29.8144829118
29.220 0.51583 29.8246898557
29.230 0.51565 29.8348967995
29.240 0.51548 29.8451037433
29.250 0.51531 29.8553106871
29.260 0.51514 29.865517631
29.270 0.51496 29.8757245748
29.280 0.51479 29.8859315186
29.290 0.51462 29.8961384624
29.300 0.51445 29.9063454063
29.310 0.51428 29.9165523501
29.320 0.51411 29.9267592939
29.330 0.51393 29.9369662377
29.340 0.51376 29.9471731816
29.350 0.51359 29.9573801254
29.360 0.51342 29.9675870692
29.370 0.51325 29.977794013
29.380 0.51308 29.9880009569
29.390 0.51291 29.9982079007
29.400 0.51274 30.0084148445
29.410 0.51257 30.0186217883
29.420 0.51239 30.0288287322
29.430 0.51222 30.039035676
29.440 0.51205 30.0492426198
29.450 0.51188 30.0594495636
29.460 0.51171 30.0696565075
29.470 0.51154 30.0798634513
29.480 0.51137 30.0900703951
29.490 0.51120 30.1002773389
29.500 0.51103 30.1104842828
29.510 0.51086 30.1206912266
29.520 0.51070 30.1308981704
29.530 0.51053 30.1411051142
29.540 0.51036 30.1513120581
29.550 0.51019 30.1615190019
29.560 0.51002 30.1717259457
29.570 0.50985 30.1819328895
29.580 0.50968 30.1921398334
29.590 0.50951 30.2023467772
29.600 0.50934 30.212553721
29.610 0.50918 30.2227606648
29.620 0.50901 30.2329676087
29.630 0.50884 30.2431745525
29.640 0.50867 30.2533814963
29.650 0.50850 30.2635884401
29.660 0.50834 30.273795384
29.670 0.50817 30.2840023278
29.680 0.50800 30.2942092716
29.690 0.50783 30.3044162154
29.700 0.50767 30.3146231593
29.710 0.50750 30.3248301031
29.720 0.50733 30.3350370469
29.730 0.50716 30.3452439907
29.740 0.50700 30.3554509346
29.750 0.50683 30.3656578784
29.760 0.50666 30.3758648222
29.770 0.50650 30.386071766
29.780 0.50633 30.3962787098
29.790 0.50617 30.4064856537
29.800 0.50600 30.4166925975
29.810 0.50583 30.4268995413
29.820 0.50567 30.4371064851
29.830 0.50550 30.447313429
29.840 0.50534 30.4575203728
29.850 0.50517 30.4677273166
29.860 0.50500 30.4779342604
29.870 0.50484 30.4881412043
29.880 0.50467 30.4983481481
29.890 0.50451 30.5085550919
29.900 0.50434 30.5187620357
29.910 0.50418 30.5289689796
29.920 0.50401 30.5391759234
29.930 0.50385 30.5493828672
29.940 0.50368 30.559589811
29.950 0.50352 30.5697967549
29.960 0.50335 30.5800036987
29.970 0.50319 30.5902106425
29.980 0.50303 30.6004175863
29.990 0.50286 30.6106245302
30.000 0.50270 30.620831474
