0.10000 246.19
0.11000 223.81
0.12000 205.16
0.13000 189.38
0.14000 175.85
0.15000 164.13
0.16000 153.87
0.17000 144.82
0.18000 136.78
0.19000 129.58
0.20000 123.10
0.21000 117.24
0.22000 111.91
0.23000 107.05
0.24000 102.59
0.25000 98.484
0.26000 94.696
0.27000 91.190
0.28000 87.933
0.29000 84.902
0.30000 82.072
0.31000 79.425
0.32000 76.943
0.33000 74.612
0.34000 72.418
0.35000 70.350
0.36000 68.396
0.37000 66.548
0.38000 64.797
0.39000 63.136
0.40000 61.558
0.41000 60.057
0.42000 58.627
0.43000 57.264
0.44000 55.963
0.45000 54.720
0.46000 53.530
0.47000 52.392
0.48000 51.300
0.49000 50.254
0.50000 49.249
0.51000 48.284
0.52000 47.355
0.53000 46.462
0.54000 45.602
0.55000 44.773
0.56000 43.974
0.57000 43.203
0.58000 42.458
0.59000 41.739
0.60000 41.043
0.61000 40.371
0.62000 39.720
0.63000 39.090
0.64000 38.479
0.65000 37.887
0.66000 37.313
0.67000 36.757
0.68000 36.216
0.69000 35.692
0.70000 35.182
0.71000 34.687
0.72000 34.205
0.73000 33.737
0.74000 33.281
0.75000 32.838
0.76000 32.406
0.77000 31.985
0.78000 31.575
0.79000 31.176
0.80000 30.786
0.81000 30.406
0.82000 30.036
0.83000 29.674
0.84000 29.321
0.85000 28.976
0.86000 28.639
0.87000 28.310
0.88000 27.989
0.89000 27.674
0.90000 27.367
0.91000 27.066
0.92000 26.772
0.93000 26.485
0.94000 26.203
0.95000 25.927
0.96000 25.658
0.97000 25.393
0.98000 25.134
0.99000 24.880
1.0000 24.632
1.0100 24.388
1.0200 24.149
1.0300 23.915
1.0400 23.685
1.0500 23.460
1.0600 23.238
1.0700 23.021
1.0800 22.808
1.0900 22.599
1.1000 22.394
1.1100 22.192
1.1200 21.994
1.1300 21.800
1.1400 21.609
1.1500 21.421
1.1600 21.236
1.1700 21.055
1.1800 20.877
1.1900 20.701
1.2000 20.529
1.2100 20.359
1.2200 20.193
1.2300 20.029
1.2400 19.867
1.2500 19.708
1.2600 19.552
1.2700 19.398
1.2800 19.247
1.2900 19.098
1.3000 18.951
1.3100 18.806
1.3200 18.664
1.3300 18.524
1.3400 18.386
1.3500 18.250
1.3600 18.115
1.3700 17.983
1.3800 17.853
1.3900 17.725
1.4000 17.598
1.4100 17.474
1.4200 17.351
1.4300 17.229
1.4400 17.110
1.4500 16.992
1.4600 16.876
1.4700 16.761
1.4800 16.648
1.4900 16.536
1.5000 16.426
1.5100 16.317
1.5200 16.210
1.5300 16.104
1.5400 16.000
1.5500 15.897
1.5600 15.795
1.5700 15.694
1.5800 15.595
1.5900 15.497
1.6000 15.400
1.6100 15.305
1.6200 15.210
1.6300 15.117
1.6400 15.025
1.6500 14.934
1.6600 14.844
1.6700 14.755
1.6800 14.668
1.6900 14.581
1.7000 14.495
1.7100 14.411
1.7200 14.327
1.7300 14.244
1.7400 14.162
1.7500 14.082
1.7600 14.002
1.7700 13.923
1.7800 13.844
1.7900 13.767
1.8000 13.691
1.8100 13.615
1.8200 13.541
1.8300 13.467
1.8400 13.394
1.8500 13.321
1.8600 13.250
1.8700 13.179
1.8800 13.109
1.8900 13.040
1.9000 12.971
1.9100 12.903
1.9200 12.836
1.9300 12.770
1.9400 12.704
1.9500 12.639
1.9600 12.574
1.9700 12.511
1.9800 12.448
1.9900 12.385
2.0000 12.323
2.0100 12.262
2.0200 12.201
2.0300 12.141
2.0400 12.082
2.0500 12.023
2.0600 11.965
2.0700 11.907
2.0800 11.850
2.0900 11.793
2.1000 11.737
2.1100 11.682
2.1200 11.626
2.1300 11.572
2.1400 11.518
2.1500 11.464
2.1600 11.411
2.1700 11.359
2.1800 11.307
2.1900 11.255
2.2000 11.204
2.2100 11.154
2.2200 11.103
2.2300 11.054
2.2400 11.004
2.2500 10.956
2.2600 10.907
2.2700 10.859
2.2800 10.812
2.2900 10.764
2.3000 10.718
2.3100 10.671
2.3200 10.625
2.3300 10.580
2.3400 10.535
2.3500 10.490
2.3600 10.446
2.3700 10.402
2.3800 10.358
2.3900 10.315
2.4000 10.272
2.4100 10.229
2.4200 10.187
2.4300 10.145
2.4400 10.104
2.4500 10.062
2.4600 10.022
2.4700 9.9811
2.4800 9.9409
2.4900 9.9010
2.5000 9.8615
2.5100 9.8222
2.5200 9.7833
2.5300 9.7447
2.5400 9.7064
2.5500 9.6684
2.5600 9.6307
2.5700 9.5933
2.5800 9.5561
2.5900 9.5193
2.6000 9.4828
2.6100 9.4465
2.6200 9.4105
2.6300 9.3748
2.6400 9.3393
2.6500 9.3041
2.6600 9.2692
2.6700 9.2345
2.6800 9.2001
2.6900 9.1660
2.7000 9.1321
2.7100 9.0984
2.7200 9.0650
2.7300 9.0319
2.7400 8.9990
2.7500 8.9663
2.7600 8.9339
2.7700 8.9017
2.7800 8.8697
2.7900 8.8380
2.8000 8.8065
2.8100 8.7752
2.8200 8.7441
2.8300 8.7133
2.8400 8.6826
2.8500 8.6522
2.8600 8.6220
2.8700 8.5920
2.8800 8.5622
2.8900 8.5327
2.9000 8.5033
2.9100 8.4741
2.9200 8.4451
2.9300 8.4164
2.9400 8.3878
2.9500 8.3594
2.9600 8.3312
2.9700 8.3032
2.9800 8.2754
2.9900 8.2478
3.0000 8.2203
3.0100 8.1931
3.0200 8.1660
3.0300 8.1391
3.0400 8.1124
3.0500 8.0858
3.0600 8.0594
3.0700 8.0332
3.0800 8.0072
3.0900 7.9813
3.1000 7.9556
3.1100 7.9301
3.1200 7.9047
3.1300 7.8795
3.1400 7.8545
3.1500 7.8296
3.1600 7.8049
3.1700 7.7803
3.1800 7.7559
3.1900 7.7316
3.2000 7.7075
3.2100 7.6835
3.2200 7.6597
3.2300 7.6360
3.2400 7.6125
3.2500 7.5891
3.2600 7.5659
3.2700 7.5428
3.2800 7.5198
3.2900 7.4970
3.3000 7.4744
3.3100 7.4518
3.3200 7.4294
3.3300 7.4072
3.3400 7.3850
3.3500 7.3630
3.3600 7.3411
3.3700 7.3194
3.3800 7.2978
3.3900 7.2763
3.4000 7.2550
3.4100 7.2337
3.4200 7.2126
3.4300 7.1916
3.4400 7.1708
3.4500 7.1500
3.4600 7.1294
3.4700 7.1089
3.4800 7.0885
3.4900 7.0682
3.5000 7.0481
3.5100 7.0280
3.5200 7.0081
3.5300 6.9883
3.5400 6.9686
3.5500 6.9490
3.5600 6.9295
3.5700 6.9102
3.5800 6.8909
3.5900 6.8718
3.6000 6.8527
3.6100 6.8338
3.6200 6.8149
3.6300 6.7962
3.6400 6.7776
3.6500 6.7590
3.6600 6.7406
3.6700 6.7223
3.6800 6.7041
3.6900 6.6859
3.7000 6.6679
3.7100 6.6500
3.7200 6.6321
3.7300 6.6144
3.7400 6.5967
3.7500 6.5792
3.7600 6.5617
3.7700 6.5444
3.7800 6.5271
3.7900 6.5099
3.8000 6.4928
3.8100 6.4758
3.8200 6.4589
3.8300 6.4421
3.8400 6.4253
3.8500 6.4087
3.8600 6.3921
3.8700 6.3756
3.8800 6.3592
3.8900 6.3429
3.9000 6.3267
3.9100 6.3106
3.9200 6.2945
3.9300 6.2785
3.9400 6.2626
3.9500 6.2468
3.9600 6.2311
3.9700 6.2154
3.9800 6.1998
3.9900 6.1843
4.0000 6.1689
4.0100 6.1536
4.0200 6.1383
4.0300 6.1231
4.0400 6.1080
4.0500 6.0929
4.0600 6.0779
4.0700 6.0631
4.0800 6.0482
4.0900 6.0335
4.1000 6.0188
4.1100 6.0042
4.1200 5.9896
4.1300 5.9752
4.1400 5.9608
4.1500 5.9465
4.1600 5.9322
4.1700 5.9180
4.1800 5.9039
4.1900 5.8898
4.2000 5.8758
4.2100 5.8619
4.2200 5.8481
4.2300 5.8343
4.2400 5.8205
4.2500 5.8069
4.2600 5.7933
4.2700 5.7798
4.2800 5.7663
4.2900 5.7529
4.3000 5.7395
4.3100 5.7262
4.3200 5.7130
4.3300 5.6999
4.3400 5.6868
4.3500 5.6737
4.3600 5.6607
4.3700 5.6478
4.3800 5.6350
4.3900 5.6222
4.4000 5.6094
4.4100 5.5967
4.4200 5.5841
4.4300 5.5715
4.4400 5.5590
4.4500 5.5466
4.4600 5.5341
4.4700 5.5218
4.4800 5.5095
4.4900 5.4973
4.5000 5.4851
4.5100 5.4730
4.5200 5.4609
4.5300 5.4489
4.5400 5.4369
4.5500 5.4250
4.5600 5.4131
4.5700 5.4013
4.5800 5.3895
4.5900 5.3778
4.6000 5.3662
4.6100 5.3546
4.6200 5.3430
4.6300 5.3315
4.6400 5.3200
4.6500 5.3086
4.6600 5.2973
4.6700 5.2859
4.6800 5.2747
4.6900 5.2635
4.7000 5.2523
4.7100 5.2412
4.7200 5.2301
4.7300 5.2191
4.7400 5.2081
4.7500 5.1972
4.7600 5.1863
4.7700 5.1754
4.7800 5.1646
4.7900 5.1539
4.8000 5.1432
4.8100 5.1325
4.8200 5.1219
4.8300 5.1113
4.8400 5.1008
4.8500 5.0903
4.8600 5.0799
4.8700 5.0695
4.8800 5.0591
4.8900 5.0488
4.9000 5.0385
4.9100 5.0283
4.9200 5.0181
4.9300 5.0079
4.9400 4.9978
4.9500 4.9878
4.9600 4.9777
4.9700 4.9678
4.9800 4.9578
4.9900 4.9479
5.0000 4.9380
5.1000 4.8415
5.1100 4.8321
5.1200 4.8226
5.1300 4.8133
5.1400 4.8039
5.1500 4.7946
5.1600 4.7854
5.1700 4.7761
5.1800 4.7670
5.1900 4.7578
5.2000 4.7487
5.2100 4.7396
5.2200 4.7305
5.2300 4.7215
5.2400 4.7125
5.2500 4.7036
5.2600 4.6947
5.2700 4.6858
5.2800 4.6769
5.2900 4.6681
5.3000 4.6594
5.3100 4.6506
5.3200 4.6419
5.3300 4.6332
5.3400 4.6246
5.3500 4.6159
5.3600 4.6074
5.3700 4.5988
5.3800 4.5903
5.3900 4.5818
5.4000 4.5733
5.4100 4.5649
5.4200 4.5565
5.4300 4.5482
5.4400 4.5398
5.4500 4.5315
5.4600 4.5232
5.4700 4.5150
5.4800 4.5068
5.4900 4.4986
5.5000 4.4905
5.5100 4.4823
5.5200 4.4742
5.5300 4.4662
5.5400 4.4581
5.5500 4.4501
5.5600 4.4422
5.5700 4.4342
5.5800 4.4263
5.5900 4.4184
5.6000 4.4105
5.6100 4.4027
5.6200 4.3949
5.6300 4.3871
5.6400 4.3794
5.6500 4.3716
5.6600 4.3639
5.6700 4.3563
5.6800 4.3486
5.6900 4.3410
5.7000 4.3334
5.7100 4.3258
5.7200 4.3183
5.7300 4.3108
5.7400 4.3033
5.7500 4.2959
5.7600 4.2884
5.7700 4.2810
5.7800 4.2736
5.7900 4.2663
5.8000 4.2589
5.8100 4.2516
5.8200 4.2444
5.8300 4.2371
5.8400 4.2299
5.8500 4.2227
5.8600 4.2155
5.8700 4.2083
5.8800 4.2012
5.8900 4.1941
5.9000 4.1870
5.9100 4.1799
5.9200 4.1729
5.9300 4.1659
5.9400 4.1589
5.9500 4.1519
5.9600 4.1450
5.9700 4.1381
5.9800 4.1312
5.9900 4.1243
6.0000 4.1175
6.0100 4.1106
6.0200 4.1038
6.0300 4.0971
6.0400 4.0903
6.0500 4.0836
6.0600 4.0768
6.0700 4.0702
6.0800 4.0635
6.0900 4.0568
6.1000 4.0502
6.1100 4.0436
6.1200 4.0370
6.1300 4.0305
6.1400 4.0239
6.1500 4.0174
6.1600 4.0109
6.1700 4.0044
6.1800 3.9980
6.1900 3.9915
6.2000 3.9851
6.2100 3.9787
6.2200 3.9724
6.2300 3.9660
6.2400 3.9597
6.2500 3.9534
6.2600 3.9471
6.2700 3.9408
6.2800 3.9345
6.2900 3.9283
6.3000 3.9221
6.3100 3.9159
6.3200 3.9097
6.3300 3.9036
6.3400 3.8974
6.3500 3.8913
6.3600 3.8852
6.3700 3.8792
6.3800 3.8731
6.3900 3.8671
6.4000 3.8610
6.4100 3.8550
6.4200 3.8491
6.4300 3.8431
6.4400 3.8371
6.4500 3.8312
6.4600 3.8253
6.4700 3.8194
6.4800 3.8136
6.4900 3.8077
6.5000 3.8019
6.5100 3.7960
6.5200 3.7902
6.5300 3.7845
6.5400 3.7787
6.5500 3.7730
6.5600 3.7672
6.5700 3.7615
6.5800 3.7558
6.5900 3.7501
6.6000 3.7445
6.6100 3.7388
6.6200 3.7332
6.6300 3.7276
6.6400 3.7220
6.6500 3.7164
6.6600 3.7109
6.6700 3.7053
6.6800 3.6998
6.6900 3.6943
6.7000 3.6888
6.7100 3.6833
6.7200 3.6779
6.7300 3.6724
6.7400 3.6670
6.7500 3.6616
6.7600 3.6562
6.7700 3.6508
6.7800 3.6455
6.7900 3.6401
6.8000 3.6348
6.8100 3.6295
6.8200 3.6242
6.8300 3.6189
6.8400 3.6136
6.8500 3.6084
6.8600 3.6031
6.8700 3.5979
6.8800 3.5927
6.8900 3.5875
6.9000 3.5823
6.9100 3.5771
6.9200 3.5720
6.9300 3.5669
6.9400 3.5617
6.9500 3.5566
6.9600 3.5516
6.9700 3.5465
6.9800 3.5414
6.9900 3.5364
7.0000 3.5313
7.0100 3.5263
7.0200 3.5213
7.0300 3.5163
7.0400 3.5114
7.0500 3.5064
7.0600 3.5015
7.0700 3.4965
7.0800 3.4916
7.0900 3.4867
7.1000 3.4818
7.1100 3.4769
7.1200 3.4721
7.1300 3.4672
7.1400 3.4624
7.1500 3.4576
7.1600 3.4528
7.1700 3.4480
7.1800 3.4432
7.1900 3.4384
7.2000 3.4337
7.2100 3.4289
7.2200 3.4242
7.2300 3.4195
7.2400 3.4148
7.2500 3.4101
7.2600 3.4054
7.2700 3.4007
7.2800 3.3961
7.2900 3.3914
7.3000 3.3868
7.3100 3.3822
7.3200 3.3776
7.3300 3.3730
7.3400 3.3684
7.3500 3.3639
7.3600 3.3593
7.3700 3.3548
7.3800 3.3503
7.3900 3.3458
7.4000 3.3413
7.4100 3.3368
7.4200 3.3323
7.4300 3.3278
7.4400 3.3234
7.4500 3.3189
7.4600 3.3145
7.4700 3.3101
7.4800 3.3057
7.4900 3.3013
7.5000 3.2969
7.5100 3.2925
7.5200 3.2882
7.5300 3.2838
7.5400 3.2795
7.5500 3.2752
7.5600 3.2708
7.5700 3.2665
7.5800 3.2623
7.5900 3.2580
7.6000 3.2537
7.6100 3.2495
7.6200 3.2452
7.6300 3.2410
7.6400 3.2368
7.6500 3.2325
7.6600 3.2283
7.6700 3.2241
7.6800 3.2200
7.6900 3.2158
7.7000 3.2116
7.7100 3.2075
7.7200 3.2034
7.7300 3.1992
7.7400 3.1951
7.7500 3.1910
7.7600 3.1869
7.7700 3.1828
7.7800 3.1788
7.7900 3.1747
7.8000 3.1707
7.8100 3.1666
7.8200 3.1626
7.8300 3.1586
7.8400 3.1546
7.8500 3.1506
7.8600 3.1466
7.8700 3.1426
7.8800 3.1386
7.8900 3.1347
7.9000 3.1307
7.9100 3.1268
7.9200 3.1228
7.9300 3.1189
7.9400 3.1150
7.9500 3.1111
7.9600 3.1072
7.9700 3.1033
7.9800 3.0995
7.9900 3.0956
8.0000 3.0918
8.0100 3.0879
8.0200 3.0841
8.0300 3.0803
8.0400 3.0764
8.0500 3.0726
8.0600 3.0688
8.0700 3.0651
8.0800 3.0613
8.0900 3.0575
8.1000 3.0538
8.1100 3.0500
8.1200 3.0463
8.1300 3.0426
8.1400 3.0388
8.1500 3.0351
8.1600 3.0314
8.1700 3.0277
8.1800 3.0240
8.1900 3.0204
8.2000 3.0167
8.2100 3.0130
8.2200 3.0094
8.2300 3.0058
8.2400 3.0021
8.2500 2.9985
8.2600 2.9949
8.2700 2.9913
8.2800 2.9877
8.2900 2.9841
8.3000 2.9805
8.3100 2.9770
8.3200 2.9734
8.3300 2.9699
8.3400 2.9663
8.3500 2.9628
8.3600 2.9592
8.3700 2.9557
8.3800 2.9522
8.3900 2.9487
8.4000 2.9452
8.4100 2.9417
8.4200 2.9383
8.4300 2.9348
8.4400 2.9313
8.4500 2.9279
8.4600 2.9244
8.4700 2.9210
8.4800 2.9176
8.4900 2.9142
8.5000 2.9107
8.5100 2.9073
8.5200 2.9039
8.5300 2.9006
8.5400 2.8972
8.5500 2.8938
8.5600 2.8904
8.5700 2.8871
8.5800 2.8837
8.5900 2.8804
8.6000 2.8771
8.6100 2.8737
8.6200 2.8704
8.6300 2.8671
8.6400 2.8638
8.6500 2.8605
8.6600 2.8572
8.6700 2.8540
8.6800 2.8507
8.6900 2.8474
8.7000 2.8442
8.7100 2.8409
8.7200 2.8377
8.7300 2.8344
8.7400 2.8312
8.7500 2.8280
8.7600 2.8248
8.7700 2.8216
8.7800 2.8184
8.7900 2.8152
8.8000 2.8120
8.8100 2.8088
8.8200 2.8057
8.8300 2.8025
8.8400 2.7994
8.8500 2.7962
8.8600 2.7931
8.8700 2.7899
8.8800 2.7868
8.8900 2.7837
8.9000 2.7806
8.9100 2.7775
8.9200 2.7744
8.9300 2.7713
8.9400 2.7682
8.9500 2.7651
8.9600 2.7621
8.9700 2.7590
8.9800 2.7559
8.9900 2.7529
9.0000 2.7499
9.0100 2.7468
9.0200 2.7438
9.0300 2.7408
9.0400 2.7377
9.0500 2.7347
9.0600 2.7317
9.0700 2.7287
9.0800 2.7258
9.0900 2.7228
9.1000 2.7198
9.1100 2.7168
9.1200 2.7139
9.1300 2.7109
9.1400 2.7080
9.1500 2.7050
9.1600 2.7021
9.1700 2.6991
9.1800 2.6962
9.1900 2.6933
9.2000 2.6904
9.2100 2.6875
9.2200 2.6846
9.2300 2.6817
9.2400 2.6788
9.2500 2.6759
9.2600 2.6731
9.2700 2.6702
9.2800 2.6673
9.2900 2.6645
9.3000 2.6616
9.3100 2.6588
9.3200 2.6559
9.3300 2.6531
9.3400 2.6503
9.3500 2.6475
9.3600 2.6447
9.3700 2.6418
9.3800 2.6390
9.3900 2.6362
9.4000 2.6335
9.4100 2.6307
9.4200 2.6279
9.4300 2.6251
9.4400 2.6224
9.4500 2.6196
9.4600 2.6168
9.4700 2.6141
9.4800 2.6114
9.4900 2.6086
9.5000 2.6059
9.5100 2.6032
9.5200 2.6004
9.5300 2.5977
9.5400 2.5950
9.5500 2.5923
9.5600 2.5896
9.5700 2.5869
9.5800 2.5843
9.5900 2.5816
9.6000 2.5789
9.6100 2.5762
9.6200 2.5736
9.6300 2.5709
9.6400 2.5683
9.6500 2.5656
9.6600 2.5630
9.6700 2.5603
9.6800 2.5577
9.6900 2.5551
9.7000 2.5525
9.7100 2.5499
9.7200 2.5472
9.7300 2.5446
9.7400 2.5420
9.7500 2.5395
9.7600 2.5369
9.7700 2.5343
9.7800 2.5317
9.7900 2.5291
9.8000 2.5266
9.8100 2.5240
9.8200 2.5215
9.8300 2.5189
9.8400 2.5164
9.8500 2.5138
9.8600 2.5113
9.8700 2.5088
9.8800 2.5062
9.8900 2.5037
9.9000 2.5012
9.9100 2.4987
9.9200 2.4962
9.9300 2.4937
9.9400 2.4912
9.9500 2.4887
9.9600 2.4862
9.9700 2.4837
9.9800 2.4813
9.9900 2.4788
10.000 2.4763
10.100 2.4520
10.110 2.4495
10.120 2.4471
10.130 2.4447
10.140 2.4423
10.150 2.4400
10.160 2.4376
10.170 2.4352
10.180 2.4328
10.190 2.4304
10.200 2.4281
10.210 2.4257
10.220 2.4233
10.230 2.4210
10.240 2.4186
10.250 2.4163
10.260 2.4139
10.270 2.4116
10.280 2.4093
10.290 2.4070
10.300 2.4046
10.310 2.4023
10.320 2.4000
10.330 2.3977
10.340 2.3954
10.350 2.3931
10.360 2.3908
10.370 2.3885
10.380 2.3862
10.390 2.3839
10.400 2.3816
10.410 2.3794
10.420 2.3771
10.430 2.3748
10.440 2.3726
10.450 2.3703
10.460 2.3681
10.470 2.3658
10.480 2.3636
10.490 2.3613
10.500 2.3591
10.510 2.3569
10.520 2.3546
10.530 2.3524
10.540 2.3502
10.550 2.3480
10.560 2.3458
10.570 2.3436
10.580 2.3414
10.590 2.3392
10.600 2.3370
10.610 2.3348
10.620 2.3326
10.630 2.3304
10.640 2.3283
10.650 2.3261
10.660 2.3239
10.670 2.3218
10.680 2.3196
10.690 2.3174
10.700 2.3153
10.710 2.3131
10.720 2.3110
10.730 2.3089
10.740 2.3067
10.750 2.3046
10.760 2.3025
10.770 2.3003
10.780 2.2982
10.790 2.2961
10.800 2.2940
10.810 2.2919
10.820 2.2898
10.830 2.2877
10.840 2.2856
10.850 2.2835
10.860 2.2814
10.870 2.2793
10.880 2.2772
10.890 2.2751
10.900 2.2731
10.910 2.2710
10.920 2.2689
10.930 2.2669
10.940 2.2648
10.950 2.2628
10.960 2.2607
10.970 2.2587
10.980 2.2566
10.990 2.2546
11.000 2.2525
11.010 2.2505
11.020 2.2485
11.030 2.2465
11.040 2.2444
11.050 2.2424
11.060 2.2404
11.070 2.2384
11.080 2.2364
11.090 2.2344
11.100 2.2324
11.110 2.2304
11.120 2.2284
11.130 2.2264
11.140 2.2244
11.150 2.2224
11.160 2.2205
11.170 2.2185
11.180 2.2165
11.190 2.2145
11.200 2.2126
11.210 2.2106
11.220 2.2087
11.230 2.2067
11.240 2.2048
11.250 2.2028
11.260 2.2009
11.270 2.1989
11.280 2.1970
11.290 2.1951
11.300 2.1931
11.310 2.1912
11.320 2.1893
11.330 2.1874
11.340 2.1854
11.350 2.1835
11.360 2.1816
11.370 2.1797
11.380 2.1778
11.390 2.1759
11.400 2.1740
11.410 2.1721
11.420 2.1702
11.430 2.1683
11.440 2.1665
11.450 2.1646
11.460 2.1627
11.470 2.1608
11.480 2.1590
11.490 2.1571
11.500 2.1552
11.510 2.1534
11.520 2.1515
11.530 2.1497
11.540 2.1478
11.550 2.1460
11.560 2.1441
11.570 2.1423
11.580 2.1405
11.590 2.1386
11.600 2.1368
11.610 2.1350
11.620 2.1331
11.630 2.1313
11.640 2.1295
11.650 2.1277
11.660 2.1259
11.670 2.1241
11.680 2.1223
11.690 2.1204
11.700 2.1186
11.710 2.1169
11.720 2.1151
11.730 2.1133
11.740 2.1115
11.750 2.1097
11.760 2.1079
11.770 2.1061
11.780 2.1044
11.790 2.1026
11.800 2.1008
11.810 2.0991
11.820 2.0973
11.830 2.0955
11.840 2.0938
11.850 2.0920
11.860 2.0903
11.870 2.0885
11.880 2.0868
11.890 2.0850
11.900 2.0833
11.910 2.0816
11.920 2.0798
11.930 2.0781
11.940 2.0764
11.950 2.0746
11.960 2.0729
11.970 2.0712
11.980 2.0695
11.990 2.0678
12.000 2.0660
12.010 2.0643
12.020 2.0626
12.030 2.0609
12.040 2.0592
12.050 2.0575
12.060 2.0558
12.070 2.0542
12.080 2.0525
12.090 2.0508
12.100 2.0491
12.110 2.0474
12.120 2.0457
12.130 2.0441
12.140 2.0424
12.150 2.0407
12.160 2.0391
12.170 2.0374
12.180 2.0357
12.190 2.0341
12.200 2.0324
12.210 2.0308
12.220 2.0291
12.230 2.0275
12.240 2.0258
12.250 2.0242
12.260 2.0225
12.270 2.0209
12.280 2.0193
12.290 2.0176
12.300 2.0160
12.310 2.0144
12.320 2.0128
12.330 2.0111
12.340 2.0095
12.350 2.0079
12.360 2.0063
12.370 2.0047
12.380 2.0031
12.390 2.0015
12.400 1.9999
12.410 1.9983
12.420 1.9967
12.430 1.9951
12.440 1.9935
12.450 1.9919
12.460 1.9903
12.470 1.9887
12.480 1.9871
12.490 1.9856
12.500 1.9840
12.510 1.9824
12.520 1.9808
12.530 1.9793
12.540 1.9777
12.550 1.9761
12.560 1.9746
12.570 1.9730
12.580 1.9715
12.590 1.9699
12.600 1.9684
12.610 1.9668
12.620 1.9653
12.630 1.9637
12.640 1.9622
12.650 1.9606
12.660 1.9591
12.670 1.9576
12.680 1.9560
12.690 1.9545
12.700 1.9530
12.710 1.9515
12.720 1.9499
12.730 1.9484
12.740 1.9469
12.750 1.9454
12.760 1.9439
12.770 1.9424
12.780 1.9408
12.790 1.9393
12.800 1.9378
12.800 1.9378
12.800 1.9378
12.810 1.9363
12.820 1.9348
12.830 1.9333
12.840 1.9318
12.850 1.9304
12.860 1.9289
12.870 1.9274
12.880 1.9259
12.890 1.9244
12.900 1.9229
12.910 1.9214
12.920 1.9200
12.930 1.9185
12.940 1.9170
12.950 1.9156
12.960 1.9141
12.970 1.9126
12.980 1.9112
12.990 1.9097
13.000 1.9082
13.010 1.9068
13.020 1.9053
13.030 1.9039
13.040 1.9024
13.050 1.9010
13.060 1.8995
13.070 1.8981
13.080 1.8967
13.090 1.8952
13.100 1.8938
13.110 1.8924
13.120 1.8909
13.130 1.8895
13.140 1.8881
13.150 1.8866
13.160 1.8852
13.170 1.8838
13.180 1.8824
13.190 1.8810
13.200 1.8796
13.210 1.8781
13.220 1.8767
13.230 1.8753
13.240 1.8739
13.250 1.8725
13.260 1.8711
13.270 1.8697
13.280 1.8683
13.290 1.8669
13.300 1.8655
13.310 1.8641
13.320 1.8628
13.330 1.8614
13.340 1.8600
13.350 1.8586
13.360 1.8572
13.370 1.8558
13.380 1.8545
13.390 1.8531
13.400 1.8517
13.410 1.8504
13.420 1.8490
13.430 1.8476
13.440 1.8463
13.450 1.8449
13.460 1.8435
13.470 1.8422
13.480 1.8408
13.490 1.8395
13.500 1.8381
13.510 1.8368
13.520 1.8354
13.530 1.8341
13.540 1.8327
13.550 1.8314
13.560 1.8300
13.570 1.8287
13.580 1.8274
13.590 1.8260
13.600 1.8247
13.610 1.8234
13.620 1.8221
13.630 1.8207
13.640 1.8194
13.650 1.8181
13.660 1.8168
13.670 1.8154
13.680 1.8141
13.690 1.8128
13.700 1.8115
13.710 1.8102
13.720 1.8089
13.730 1.8076
13.740 1.8063
13.750 1.8050
13.760 1.8037
13.770 1.8024
13.780 1.8011
13.790 1.7998
13.800 1.7985
13.810 1.7972
13.820 1.7959
13.830 1.7946
13.840 1.7933
13.850 1.7920
13.860 1.7908
13.870 1.7895
13.880 1.7882
13.890 1.7869
13.900 1.7856
13.910 1.7844
13.920 1.7831
13.930 1.7818
13.940 1.7806
13.950 1.7793
13.960 1.7780
13.970 1.7768
13.980 1.7755
13.990 1.7742
14.000 1.7730
14.010 1.7717
14.020 1.7705
14.030 1.7692
14.040 1.7680
14.050 1.7667
14.060 1.7655
14.070 1.7642
14.080 1.7630
14.090 1.7618
14.100 1.7605
14.110 1.7593
14.120 1.7580
14.130 1.7568
14.140 1.7556
14.150 1.7544
14.160 1.7531
14.170 1.7519
14.180 1.7507
14.190 1.7494
14.200 1.7482
14.210 1.7470
14.220 1.7458
14.230 1.7446
14.240 1.7434
14.250 1.7421
14.260 1.7409
14.270 1.7397
14.280 1.7385
14.290 1.7373
14.300 1.7361
14.310 1.7349
14.320 1.7337
14.330 1.7325
14.340 1.7313
14.350 1.7301
14.360 1.7289
14.370 1.7277
14.380 1.7265
14.390 1.7253
14.400 1.7241
14.410 1.7230
14.420 1.7218
14.430 1.7206
14.440 1.7194
14.450 1.7182
14.460 1.7171
14.470 1.7159
14.480 1.7147
14.490 1.7135
14.500 1.7124
14.510 1.7112
14.520 1.7100
14.530 1.7089
14.540 1.7077
14.550 1.7065
14.560 1.7054
14.570 1.7042
14.580 1.7030
14.590 1.7019
14.600 1.7007
14.610 1.6996
14.620 1.6984
14.630 1.6973
14.640 1.6961
14.650 1.6950
14.660 1.6938
14.670 1.6927
14.680 1.6915
14.690 1.6904
14.700 1.6893
14.710 1.6881
14.720 1.6870
14.730 1.6859
14.740 1.6847
14.750 1.6836
14.760 1.6825
14.770 1.6813
14.780 1.6802
14.790 1.6791
14.800 1.6779
14.810 1.6768
14.820 1.6757
14.830 1.6746
14.840 1.6735
14.850 1.6723
14.860 1.6712
14.870 1.6701
14.880 1.6690
14.890 1.6679
14.900 1.6668
14.910 1.6657
14.920 1.6646
14.930 1.6635
14.940 1.6624
14.950 1.6613
14.960 1.6602
14.970 1.6591
14.980 1.6580
14.990 1.6569
15.000 1.6558
15.100 1.6449
15.110 1.6438
15.120 1.6427
15.130 1.6417
15.140 1.6406
15.150 1.6395
15.160 1.6385
15.170 1.6374
15.180 1.6363
15.190 1.6352
15.200 1.6342
15.210 1.6331
15.220 1.6320
15.230 1.6310
15.240 1.6299
15.250 1.6289
15.260 1.6278
15.270 1.6268
15.280 1.6257
15.290 1.6246
15.300 1.6236
15.310 1.6225
15.320 1.6215
15.330 1.6204
15.340 1.6194
15.350 1.6184
15.360 1.6173
15.370 1.6163
15.380 1.6152
15.390 1.6142
15.400 1.6131
15.410 1.6121
15.420 1.6111
15.430 1.6100
15.440 1.6090
15.450 1.6080
15.460 1.6069
15.470 1.6059
15.480 1.6049
15.490 1.6039
15.500 1.6028
15.510 1.6018
15.520 1.6008
15.530 1.5998
15.540 1.5987
15.550 1.5977
15.560 1.5967
15.570 1.5957
15.580 1.5947
15.590 1.5937
15.600 1.5927
15.610 1.5916
15.620 1.5906
15.630 1.5896
15.640 1.5886
15.650 1.5876
15.660 1.5866
15.670 1.5856
15.680 1.5846
15.690 1.5836
15.700 1.5826
15.710 1.5816
15.720 1.5806
15.730 1.5796
15.740 1.5786
15.750 1.5776
15.760 1.5766
15.770 1.5756
15.780 1.5747
15.790 1.5737
15.800 1.5727
15.810 1.5717
15.820 1.5707
15.830 1.5697
15.840 1.5687
15.850 1.5678
15.860 1.5668
15.870 1.5658
15.880 1.5648
15.890 1.5639
15.900 1.5629
15.910 1.5619
15.920 1.5609
15.930 1.5600
15.940 1.5590
15.950 1.5580
15.960 1.5571
15.970 1.5561
15.980 1.5551
15.990 1.5542
16.000 1.5532
16.010 1.5522
16.020 1.5513
16.030 1.5503
16.040 1.5494
16.050 1.5484
16.060 1.5475
16.070 1.5465
16.080 1.5455
16.090 1.5446
16.100 1.5436
16.110 1.5427
16.120 1.5417
16.130 1.5408
16.140 1.5399
16.150 1.5389
16.160 1.5380
16.170 1.5370
16.180 1.5361
16.190 1.5351
16.200 1.5342
16.210 1.5333
16.220 1.5323
16.230 1.5314
16.240 1.5305
16.250 1.5295
16.260 1.5286
16.270 1.5277
16.280 1.5267
16.290 1.5258
16.300 1.5249
16.310 1.5240
16.320 1.5230
16.330 1.5221
16.340 1.5212
16.350 1.5203
16.360 1.5193
16.370 1.5184
16.380 1.5175
16.390 1.5166
16.400 1.5157
16.410 1.5148
16.420 1.5138
16.430 1.5129
16.440 1.5120
16.450 1.5111
16.460 1.5102
16.470 1.5093
16.480 1.5084
16.490 1.5075
16.500 1.5066
16.510 1.5057
16.520 1.5048
16.530 1.5039
16.540 1.5030
16.550 1.5021
16.560 1.5012
16.570 1.5003
16.580 1.4994
16.590 1.4985
16.600 1.4976
16.610 1.4967
16.620 1.4958
16.630 1.4949
16.640 1.4940
16.650 1.4931
16.660 1.4923
16.670 1.4914
16.680 1.4905
16.690 1.4896
16.700 1.4887
16.710 1.4878
16.720 1.4869
16.730 1.4861
16.740 1.4852
16.750 1.4843
16.760 1.4834
16.770 1.4826
16.780 1.4817
16.790 1.4808
16.800 1.4799
16.810 1.4791
16.820 1.4782
16.830 1.4773
16.840 1.4765
16.850 1.4756
16.860 1.4747
16.870 1.4739
16.880 1.4730
16.890 1.4721
16.900 1.4713
16.910 1.4704
16.920 1.4695
16.930 1.4687
16.940 1.4678
16.950 1.4670
16.960 1.4661
16.970 1.4653
16.980 1.4644
16.990 1.4636
17.000 1.4627
17.010 1.4618
17.020 1.4610
17.030 1.4601
17.040 1.4593
17.050 1.4585
17.060 1.4576
17.070 1.4568
17.080 1.4559
17.090 1.4551
17.100 1.4542
17.110 1.4534
17.120 1.4526
17.130 1.4517
17.140 1.4509
17.150 1.4500
17.160 1.4492
17.170 1.4484
17.180 1.4475
17.190 1.4467
17.200 1.4459
17.210 1.4450
17.220 1.4442
17.230 1.4434
17.240 1.4425
17.250 1.4417
17.260 1.4409
17.270 1.4401
17.280 1.4392
17.290 1.4384
17.300 1.4376
17.310 1.4368
17.320 1.4359
17.330 1.4351
17.340 1.4343
17.350 1.4335
17.360 1.4327
17.370 1.4319
17.380 1.4310
17.390 1.4302
17.400 1.4294
17.410 1.4286
17.420 1.4278
17.430 1.4270
17.440 1.4262
17.450 1.4254
17.460 1.4246
17.470 1.4237
17.480 1.4229
17.490 1.4221
17.500 1.4213
17.510 1.4205
17.520 1.4197
17.530 1.4189
17.540 1.4181
17.550 1.4173
17.560 1.4165
17.570 1.4157
17.580 1.4149
17.590 1.4141
17.600 1.4133
17.610 1.4125
17.620 1.4117
17.630 1.4110
17.640 1.4102
17.650 1.4094
17.660 1.4086
17.670 1.4078
17.680 1.4070
17.690 1.4062
17.700 1.4054
17.710 1.4046
17.720 1.4039
17.730 1.4031
17.740 1.4023
17.750 1.4015
17.760 1.4007
17.770 1.4000
17.780 1.3992
17.790 1.3984
17.800 1.3976
17.810 1.3968
17.820 1.3961
17.830 1.3953
17.840 1.3945
17.850 1.3937
17.860 1.3930
17.870 1.3922
17.880 1.3914
17.890 1.3907
17.900 1.3899
17.910 1.3891
17.920 1.3884
17.930 1.3876
17.940 1.3868
17.950 1.3861
17.960 1.3853
17.970 1.3845
17.980 1.3838
17.990 1.3830
18.000 1.3823
18.010 1.3815
18.020 1.3807
18.030 1.3800
18.040 1.3792
18.050 1.3785
18.060 1.3777
18.070 1.3770
18.080 1.3762
18.090 1.3755
18.100 1.3747
18.110 1.3739
18.120 1.3732
18.130 1.3724
18.140 1.3717
18.150 1.3710
18.160 1.3702
18.170 1.3695
18.180 1.3687
18.190 1.3680
18.200 1.3672
18.210 1.3665
18.220 1.3657
18.230 1.3650
18.240 1.3643
18.250 1.3635
18.260 1.3628
18.270 1.3620
18.280 1.3613
18.290 1.3606
18.300 1.3598
18.310 1.3591
18.320 1.3584
18.330 1.3576
18.340 1.3569
18.350 1.3562
18.360 1.3554
18.370 1.3547
18.380 1.3540
18.390 1.3533
18.400 1.3525
18.410 1.3518
18.420 1.3511
18.430 1.3503
18.440 1.3496
18.450 1.3489
18.460 1.3482
18.470 1.3475
18.480 1.3467
18.490 1.3460
18.500 1.3453
18.510 1.3446
18.520 1.3439
18.530 1.3431
18.540 1.3424
18.550 1.3417
18.560 1.3410
18.570 1.3403
18.580 1.3396
18.590 1.3389
18.600 1.3381
18.610 1.3374
18.620 1.3367
18.630 1.3360
18.640 1.3353
18.650 1.3346
18.660 1.3339
18.670 1.3332
18.680 1.3325
18.690 1.3318
18.700 1.3311
18.710 1.3304
18.720 1.3297
18.730 1.3290
18.740 1.3283
18.750 1.3276
18.760 1.3269
18.770 1.3262
18.780 1.3255
18.790 1.3248
18.800 1.3241
18.810 1.3234
18.820 1.3227
18.830 1.3220
18.840 1.3213
18.850 1.3206
18.860 1.3199
18.870 1.3192
18.880 1.3185
18.890 1.3178
18.900 1.3171
18.910 1.3164
18.920 1.3158
18.930 1.3151
18.940 1.3144
18.950 1.3137
18.960 1.3130
18.970 1.3123
18.980 1.3116
18.990 1.3110
19.000 1.3103
19.010 1.3096
19.020 1.3089
19.030 1.3082
19.040 1.3076
19.050 1.3069
19.060 1.3062
19.070 1.3055
19.080 1.3048
19.090 1.3042
19.100 1.3035
19.110 1.3028
19.120 1.3021
19.130 1.3015
19.140 1.3008
19.150 1.3001
19.160 1.2995
19.170 1.2988
19.180 1.2981
19.190 1.2975
19.200 1.2968
19.210 1.2961
19.220 1.2954
19.230 1.2948
19.240 1.2941
19.250 1.2935
19.260 1.2928
19.270 1.2921
19.280 1.2915
19.290 1.2908
19.300 1.2901
19.310 1.2895
19.320 1.2888
19.330 1.2882
19.340 1.2875
19.350 1.2868
19.360 1.2862
19.370 1.2855
19.380 1.2849
19.390 1.2842
19.400 1.2836
19.410 1.2829
19.420 1.2823
19.430 1.2816
19.440 1.2810
19.450 1.2803
19.460 1.2797
19.470 1.2790
19.480 1.2784
19.490 1.2777
19.500 1.2771
19.510 1.2764
19.520 1.2758
19.530 1.2751
19.540 1.2745
19.550 1.2738
19.560 1.2732
19.570 1.2725
19.580 1.2719
19.590 1.2713
19.600 1.2706
19.610 1.2700
19.620 1.2693
19.630 1.2687
19.640 1.2681
19.650 1.2674
19.660 1.2668
19.670 1.2661
19.680 1.2655
19.690 1.2649
19.700 1.2642
19.710 1.2636
19.720 1.2630
19.730 1.2623
19.740 1.2617
19.750 1.2611
19.760 1.2604
19.770 1.2598
19.780 1.2592
19.790 1.2586
19.800 1.2579
19.810 1.2573
19.820 1.2567
19.830 1.2561
19.840 1.2554
19.850 1.2548
19.860 1.2542
19.870 1.2536
19.880 1.2529
19.890 1.2523
19.900 1.2517
19.910 1.2511
19.920 1.2504
19.930 1.2498
19.940 1.2492
19.950 1.2486
19.960 1.2480
19.970 1.2473
19.980 1.2467
19.990 1.2461
20.000 1.2455
20.100 1.2394
20.110 1.2388
20.120 1.2382
20.130 1.2376
20.140 1.2369
20.150 1.2363
20.160 1.2357
20.170 1.2351
20.180 1.2345
20.190 1.2339
20.200 1.2333
20.210 1.2327
20.220 1.2321
20.230 1.2315
20.240 1.2309
20.250 1.2303
20.260 1.2297
20.270 1.2291
20.280 1.2285
20.290 1.2279
20.300 1.2273
20.310 1.2267
20.320 1.2261
20.330 1.2255
20.340 1.2249
20.350 1.2243
20.360 1.2237
20.370 1.2231
20.380 1.2225
20.390 1.2220
20.400 1.2214
20.410 1.2208
20.420 1.2202
20.430 1.2196
20.440 1.2190
20.450 1.2184
20.460 1.2178
20.470 1.2172
20.480 1.2167
20.490 1.2161
20.500 1.2155
20.510 1.2149
20.520 1.2143
20.530 1.2137
20.540 1.2131
20.550 1.2126
20.560 1.2120
20.570 1.2114
20.580 1.2108
20.590 1.2102
20.600 1.2097
20.610 1.2091
20.620 1.2085
20.630 1.2079
20.640 1.2073
20.650 1.2068
20.660 1.2062
20.670 1.2056
20.680 1.2050
20.690 1.2045
20.700 1.2039
20.710 1.2033
20.720 1.2027
20.730 1.2022
20.740 1.2016
20.750 1.2010
20.760 1.2004
20.770 1.1999
20.780 1.1993
20.790 1.1987
20.800 1.1982
20.810 1.1976
20.820 1.1970
20.830 1.1965
20.840 1.1959
20.850 1.1953
20.860 1.1948
20.870 1.1942
20.880 1.1936
20.890 1.1931
20.900 1.1925
20.910 1.1919
20.920 1.1914
20.930 1.1908
20.940 1.1902
20.950 1.1897
20.960 1.1891
20.970 1.1886
20.980 1.1880
20.990 1.1874
21.000 1.1869
21.010 1.1863
21.020 1.1858
21.030 1.1852
21.040 1.1847
21.050 1.1841
21.060 1.1836
21.070 1.1830
21.080 1.1824
21.090 1.1819
21.100 1.1813
21.110 1.1808
21.120 1.1802
21.130 1.1797
21.140 1.1791
21.150 1.1786
21.160 1.1780
21.170 1.1775
21.180 1.1769
21.190 1.1764
21.200 1.1758
21.210 1.1753
21.220 1.1747
21.230 1.1742
21.240 1.1736
21.250 1.1731
21.260 1.1726
21.270 1.1720
21.280 1.1715
21.290 1.1709
21.300 1.1704
21.310 1.1698
21.320 1.1693
21.330 1.1688
21.340 1.1682
21.350 1.1677
21.360 1.1671
21.370 1.1666
21.380 1.1661
21.390 1.1655
21.400 1.1650
21.410 1.1644
21.420 1.1639
21.430 1.1634
21.440 1.1628
21.450 1.1623
21.460 1.1618
21.470 1.1612
21.480 1.1607
21.490 1.1602
21.500 1.1596
21.510 1.1591
21.520 1.1586
21.530 1.1580
21.540 1.1575
21.550 1.1570
21.560 1.1564
21.570 1.1559
21.580 1.1554
21.590 1.1549
21.600 1.1543
21.610 1.1538
21.620 1.1533
21.630 1.1527
21.640 1.1522
21.650 1.1517
21.660 1.1512
21.670 1.1506
21.680 1.1501
21.690 1.1496
21.700 1.1491
21.710 1.1486
21.720 1.1480
21.730 1.1475
21.740 1.1470
21.750 1.1465
21.760 1.1459
21.770 1.1454
21.780 1.1449
21.790 1.1444
21.800 1.1439
21.810 1.1434
21.820 1.1428
21.830 1.1423
21.840 1.1418
21.850 1.1413
21.860 1.1408
21.870 1.1403
21.880 1.1397
21.890 1.1392
21.900 1.1387
21.910 1.1382
21.920 1.1377
21.930 1.1372
21.940 1.1367
21.950 1.1362
21.960 1.1356
21.970 1.1351
21.980 1.1346
21.990 1.1341
22.000 1.1336
22.010 1.1331
22.020 1.1326
22.030 1.1321
22.040 1.1316
22.050 1.1311
22.060 1.1306
22.070 1.1301
22.080 1.1296
22.090 1.1291
22.100 1.1285
22.110 1.1280
22.120 1.1275
22.130 1.1270
22.140 1.1265
22.150 1.1260
22.160 1.1255
22.170 1.1250
22.180 1.1245
22.190 1.1240
22.200 1.1235
22.210 1.1230
22.220 1.1225
22.230 1.1220
22.240 1.1215
22.250 1.1210
22.260 1.1205
22.270 1.1200
22.280 1.1195
22.290 1.1191
22.300 1.1186
22.310 1.1181
22.320 1.1176
22.330 1.1171
22.340 1.1166
22.350 1.1161
22.360 1.1156
22.370 1.1151
22.380 1.1146
22.390 1.1141
22.400 1.1136
22.410 1.1131
22.420 1.1126
22.430 1.1122
22.440 1.1117
22.450 1.1112
22.460 1.1107
22.470 1.1102
22.480 1.1097
22.490 1.1092
22.500 1.1087
22.510 1.1083
22.520 1.1078
22.530 1.1073
22.540 1.1068
22.550 1.1063
22.560 1.1058
22.570 1.1054
22.580 1.1049
22.590 1.1044
22.600 1.1039
22.610 1.1034
22.620 1.1029
22.630 1.1025
22.640 1.1020
22.650 1.1015
22.660 1.1010
22.670 1.1005
22.680 1.1001
22.690 1.0996
22.700 1.0991
22.710 1.0986
22.720 1.0982
22.730 1.0977
22.740 1.0972
22.750 1.0967
22.760 1.0962
22.770 1.0958
22.780 1.0953
22.790 1.0948
22.800 1.0943
22.810 1.0939
22.820 1.0934
22.830 1.0929
22.840 1.0925
22.850 1.0920
22.860 1.0915
22.870 1.0910
22.880 1.0906
22.890 1.0901
22.900 1.0896
22.910 1.0892
22.920 1.0887
22.930 1.0882
22.940 1.0878
22.950 1.0873
22.960 1.0868
22.970 1.0864
22.980 1.0859
22.990 1.0854
23.000 1.0850
23.010 1.0845
23.020 1.0840
23.030 1.0836
23.040 1.0831
23.050 1.0826
23.060 1.0822
23.070 1.0817
23.080 1.0813
23.090 1.0808
23.100 1.0803
23.110 1.0799
23.120 1.0794
23.130 1.0789
23.140 1.0785
23.150 1.0780
23.160 1.0776
23.170 1.0771
23.180 1.0767
23.190 1.0762
23.200 1.0757
23.210 1.0753
23.220 1.0748
23.230 1.0744
23.240 1.0739
23.250 1.0735
23.260 1.0730
23.270 1.0725
23.280 1.0721
23.290 1.0716
23.300 1.0712
23.310 1.0707
23.320 1.0703
23.330 1.0698
23.340 1.0694
23.350 1.0689
23.360 1.0685
23.370 1.0680
23.380 1.0676
23.390 1.0671
23.400 1.0667
23.410 1.0662
23.420 1.0658
23.430 1.0653
23.440 1.0649
23.450 1.0644
23.460 1.0640
23.470 1.0635
23.480 1.0631
23.490 1.0626
23.500 1.0622
23.510 1.0617
23.520 1.0613
23.530 1.0609
23.540 1.0604
23.550 1.0600
23.560 1.0595
23.570 1.0591
23.580 1.0586
23.590 1.0582
23.600 1.0578
23.610 1.0573
23.620 1.0569
23.630 1.0564
23.640 1.0560
23.650 1.0555
23.660 1.0551
23.670 1.0547
23.680 1.0542
23.690 1.0538
23.700 1.0534
23.710 1.0529
23.720 1.0525
23.730 1.0520
23.740 1.0516
23.750 1.0512
23.760 1.0507
23.770 1.0503
23.780 1.0499
23.790 1.0494
23.800 1.0490
23.810 1.0486
23.820 1.0481
23.830 1.0477
23.840 1.0473
23.850 1.0468
23.860 1.0464
23.870 1.0460
23.880 1.0455
23.890 1.0451
23.900 1.0447
23.910 1.0442
23.920 1.0438
23.930 1.0434
23.940 1.0429
23.950 1.0425
23.960 1.0421
23.970 1.0417
23.980 1.0412
23.990 1.0408
24.000 1.0404
24.010 1.0399
24.020 1.0395
24.030 1.0391
24.040 1.0387
24.050 1.0382
24.060 1.0378
24.070 1.0374
24.080 1.0370
24.090 1.0365
24.100 1.0361
24.110 1.0357
24.120 1.0353
24.130 1.0348
24.140 1.0344
24.150 1.0340
24.160 1.0336
24.170 1.0332
24.180 1.0327
24.190 1.0323
24.200 1.0319
24.210 1.0315
24.220 1.0311
24.230 1.0306
24.240 1.0302
24.250 1.0298
24.260 1.0294
24.270 1.0290
24.280 1.0285
24.290 1.0281
24.300 1.0277
24.310 1.0273
24.320 1.0269
24.330 1.0265
24.340 1.0260
24.350 1.0256
24.360 1.0252
24.370 1.0248
24.380 1.0244
24.390 1.0240
24.400 1.0236
24.410 1.0231
24.420 1.0227
24.430 1.0223
24.440 1.0219
24.450 1.0215
24.460 1.0211
24.470 1.0207
24.480 1.0203
24.490 1.0198
24.500 1.0194
24.510 1.0190
24.520 1.0186
24.530 1.0182
24.540 1.0178
24.550 1.0174
24.560 1.0170
24.570 1.0166
24.580 1.0162
24.590 1.0158
24.600 1.0154
24.610 1.0149
24.620 1.0145
24.630 1.0141
24.640 1.0137
24.650 1.0133
24.660 1.0129
24.670 1.0125
24.680 1.0121
24.690 1.0117
24.700 1.0113
24.710 1.0109
24.720 1.0105
24.730 1.0101
24.740 1.0097
24.750 1.0093
24.760 1.0089
24.770 1.0085
24.780 1.0081
24.790 1.0077
24.800 1.0073
24.810 1.0069
24.820 1.0065
24.830 1.0061
24.840 1.0057
24.850 1.0053
24.860 1.0049
24.870 1.0045
24.880 1.0041
24.890 1.0037
24.900 1.0033
24.910 1.0029
24.920 1.0025
24.930 1.0021
24.940 1.0017
24.950 1.0013
24.960 1.0009
24.970 1.0005
24.980 1.0001
24.990 0.99974
25.000 0.99934
25.100 0.99542
25.110 0.99503
25.120 0.99464
25.130 0.99425
25.140 0.99386
25.150 0.99347
25.160 0.99308
25.170 0.99269
25.180 0.99230
25.190 0.99192
25.200 0.99153
25.210 0.99114
25.220 0.99075
25.230 0.99037
25.240 0.98998
25.250 0.98959
25.260 0.98921
25.270 0.98882
25.280 0.98844
25.290 0.98805
25.300 0.98767
25.310 0.98728
25.320 0.98690
25.330 0.98652
25.340 0.98613
25.350 0.98575
25.360 0.98537
25.370 0.98498
25.380 0.98460
25.390 0.98422
25.400 0.98384
25.410 0.98346
25.420 0.98308
25.430 0.98269
25.440 0.98231
25.450 0.98193
25.460 0.98155
25.470 0.98117
25.480 0.98079
25.490 0.98042
25.500 0.98004
25.510 0.97966
25.520 0.97928
25.530 0.97890
25.540 0.97853
25.550 0.97815
25.560 0.97777
25.570 0.97739
25.580 0.97702
25.590 0.97664
25.600 0.97627
25.610 0.97589
25.620 0.97552
25.630 0.97514
25.640 0.97477
25.650 0.97439
25.660 0.97402
25.670 0.97364
25.680 0.97327
25.690 0.97290
25.700 0.97253
25.710 0.97215
25.720 0.97178
25.730 0.97141
25.740 0.97104
25.750 0.97067
25.760 0.97029
25.770 0.96992
25.780 0.96955
25.790 0.96918
25.800 0.96881
25.810 0.96844
25.820 0.96807
25.830 0.96770
25.840 0.96734
25.850 0.96697
25.860 0.96660
25.870 0.96623
25.880 0.96586
25.890 0.96550
25.900 0.96513
25.910 0.96476
25.920 0.96440
25.930 0.96403
25.940 0.96366
25.950 0.96330
25.960 0.96293
25.970 0.96257
25.980 0.96220
25.990 0.96184
26.000 0.96147
26.010 0.96111
26.020 0.96075
26.030 0.96038
26.040 0.96002
26.050 0.95966
26.060 0.95929
26.070 0.95893
26.080 0.95857
26.090 0.95821
26.100 0.95785
26.110 0.95749
26.120 0.95712
26.130 0.95676
26.140 0.95640
26.150 0.95604
26.160 0.95568
26.170 0.95532
26.180 0.95496
26.190 0.95461
26.200 0.95425
26.210 0.95389
26.220 0.95353
26.230 0.95317
26.240 0.95281
26.250 0.95246
26.260 0.95210
26.270 0.95174
26.280 0.95139
26.290 0.95103
26.300 0.95067
26.310 0.95032
26.320 0.94996
26.330 0.94961
26.340 0.94925
26.350 0.94890
26.360 0.94854
26.370 0.94819
26.380 0.94784
26.390 0.94748
26.400 0.94713
26.410 0.94678
26.420 0.94642
26.430 0.94607
26.440 0.94572
26.450 0.94537
26.460 0.94502
26.470 0.94466
26.480 0.94431
26.490 0.94396
26.500 0.94361
26.510 0.94326
26.520 0.94291
26.530 0.94256
26.540 0.94221
26.550 0.94186
26.560 0.94151
26.570 0.94116
26.580 0.94082
26.590 0.94047
26.600 0.94012
26.610 0.93977
26.620 0.93942
26.630 0.93908
26.640 0.93873
26.650 0.93838
26.660 0.93804
26.670 0.93769
26.680 0.93734
26.690 0.93700
26.700 0.93665
26.710 0.93631
26.720 0.93596
26.730 0.93562
26.740 0.93527
26.750 0.93493
26.760 0.93459
26.770 0.93424
26.780 0.93390
26.790 0.93356
26.800 0.93321
26.810 0.93287
26.820 0.93253
26.830 0.93219
26.840 0.93184
26.850 0.93150
26.860 0.93116
26.870 0.93082
26.880 0.93048
26.890 0.93014
26.900 0.92980
26.910 0.92946
26.920 0.92912
26.930 0.92878
26.940 0.92844
26.950 0.92810
26.960 0.92776
26.970 0.92742
26.980 0.92709
26.990 0.92675
27.000 0.92641
27.010 0.92607
27.020 0.92574
27.030 0.92540
27.040 0.92506
27.050 0.92472
27.060 0.92439
27.070 0.92405
27.080 0.92372
27.090 0.92338
27.100 0.92305
27.110 0.92271
27.120 0.92238
27.130 0.92204
27.140 0.92171
27.150 0.92137
27.160 0.92104
27.170 0.92071
27.180 0.92037
27.190 0.92004
27.200 0.91971
27.210 0.91937
27.220 0.91904
27.230 0.91871
27.240 0.91838
27.250 0.91805
27.260 0.91771
27.270 0.91738
27.280 0.91705
27.290 0.91672
27.300 0.91639
27.310 0.91606
27.320 0.91573
27.330 0.91540
27.340 0.91507
27.350 0.91474
27.360 0.91441
27.370 0.91409
27.380 0.91376
27.390 0.91343
27.400 0.91310
27.410 0.91277
27.420 0.91245
27.430 0.91212
27.440 0.91179
27.450 0.91146
27.460 0.91114
27.470 0.91081
27.480 0.91049
27.490 0.91016
27.500 0.90983
27.510 0.90951
27.520 0.90918
27.530 0.90886
27.540 0.90853
27.550 0.90821
27.560 0.90789
27.570 0.90756
27.580 0.90724
27.590 0.90691
27.600 0.90659
27.610 0.90627
27.620 0.90595
27.630 0.90562
27.640 0.90530
27.650 0.90498
27.660 0.90466
27.670 0.90434
27.680 0.90401
27.690 0.90369
27.700 0.90337
27.710 0.90305
27.720 0.90273
27.730 0.90241
27.740 0.90209
27.750 0.90177
27.760 0.90145
27.770 0.90113
27.780 0.90081
27.790 0.90049
27.800 0.90018
27.810 0.89986
27.820 0.89954
27.830 0.89922
27.840 0.89890
27.850 0.89859
27.860 0.89827
27.870 0.89795
27.880 0.89763
27.890 0.89732
27.900 0.89700
27.910 0.89669
27.920 0.89637
27.930 0.89605
27.940 0.89574
27.950 0.89542
27.960 0.89511
27.970 0.89479
27.980 0.89448
27.990 0.89416
28.000 0.89385
28.010 0.89354
28.020 0.89322
28.030 0.89291
28.040 0.89260
28.050 0.89228
28.060 0.89197
28.070 0.89166
28.080 0.89135
28.090 0.89103
28.100 0.89072
28.110 0.89041
28.120 0.89010
28.130 0.88979
28.140 0.88948
28.150 0.88917
28.160 0.88886
28.170 0.88855
28.180 0.88824
28.190 0.88793
28.200 0.88762
28.210 0.88731
28.220 0.88700
28.230 0.88669
28.240 0.88638
28.250 0.88607
28.260 0.88576
28.270 0.88545
28.280 0.88515
28.290 0.88484
28.300 0.88453
28.310 0.88422
28.320 0.88392
28.330 0.88361
28.340 0.88330
28.350 0.88300
28.360 0.88269
28.370 0.88239
28.380 0.88208
28.390 0.88177
28.400 0.88147
28.410 0.88116
28.420 0.88086
28.430 0.88055
28.440 0.88025
28.450 0.87995
28.460 0.87964
28.470 0.87934
28.480 0.87903
28.490 0.87873
28.500 0.87843
28.510 0.87813
28.520 0.87782
28.530 0.87752
28.540 0.87722
28.550 0.87692
28.560 0.87661
28.570 0.87631
28.580 0.87601
28.590 0.87571
28.600 0.87541
28.610 0.87511
28.620 0.87481
28.630 0.87451
28.640 0.87421
28.650 0.87391
28.660 0.87361
28.670 0.87331
28.680 0.87301
28.690 0.87271
28.700 0.87241
28.710 0.87211
28.720 0.87181
28.730 0.87151
28.740 0.87122
28.750 0.87092
28.760 0.87062
28.770 0.87032
28.780 0.87003
28.790 0.86973
28.800 0.86943
28.810 0.86914
28.820 0.86884
28.830 0.86854
28.840 0.86825
28.850 0.86795
28.860 0.86765
28.870 0.86736
28.880 0.86706
28.890 0.86677
28.900 0.86647
28.910 0.86618
28.920 0.86589
28.930 0.86559
28.940 0.86530
28.950 0.86500
28.960 0.86471
28.970 0.86442
28.980 0.86412
28.990 0.86383
29.000 0.86354
29.010 0.86324
29.020 0.86295
29.030 0.86266
29.040 0.86237
29.050 0.86208
29.060 0.86178
29.070 0.86149
29.080 0.86120
29.090 0.86091
29.100 0.86062
29.110 0.86033
29.120 0.86004
29.130 0.85975
29.140 0.85946
29.150 0.85917
29.160 0.85888
29.170 0.85859
29.180 0.85830
29.190 0.85801
29.200 0.85772
29.210 0.85744
29.220 0.85715
29.230 0.85686
29.240 0.85657
29.250 0.85628
29.260 0.85600
29.270 0.85571
29.280 0.85542
29.290 0.85513
29.300 0.85485
29.310 0.85456
29.320 0.85427
29.330 0.85399
29.340 0.85370
29.350 0.85342
29.360 0.85313
29.370 0.85284
29.380 0.85256
29.390 0.85227
29.400 0.85199
29.410 0.85170
29.420 0.85142
29.430 0.85114
29.440 0.85085
29.450 0.85057
29.460 0.85028
29.470 0.85000
29.480 0.84972
29.490 0.84943
29.500 0.84915
29.510 0.84887
29.520 0.84859
29.530 0.84830
29.540 0.84802
29.550 0.84774
29.560 0.84746
29.570 0.84718
29.580 0.84689
29.590 0.84661
29.600 0.84633
29.610 0.84605
29.620 0.84577
29.630 0.84549
29.640 0.84521
29.650 0.84493
29.660 0.84465
29.670 0.84437
29.680 0.84409
29.690 0.84381
29.700 0.84353
29.710 0.84325
29.720 0.84298
29.730 0.84270
29.740 0.84242
29.750 0.84214
29.760 0.84186
29.770 0.84158
29.780 0.84131
29.790 0.84103
29.800 0.84075
29.810 0.84047
29.820 0.84020
29.830 0.83992
29.840 0.83964
29.850 0.83937
29.860 0.83909
29.870 0.83882
29.880 0.83854
29.890 0.83826
29.900 0.83799
29.910 0.83771
29.920 0.83744
29.930 0.83716
29.940 0.83689
29.950 0.83661
29.960 0.83634
29.970 0.83607
29.980 0.83579
29.990 0.83552
30.000 0.83525
