0.10000 139.11
0.11000 126.43
0.12000 115.86
0.13000 106.92
0.14000 99.254
0.15000 92.611
0.16000 86.798
0.17000 81.670
0.18000 77.111
0.19000 73.032
0.20000 69.361
0.21000 66.039
0.22000 63.020
0.23000 60.263
0.24000 57.735
0.25000 55.410
0.26000 53.264
0.27000 51.277
0.28000 49.432
0.29000 47.714
0.30000 46.110
0.31000 44.610
0.32000 43.204
0.33000 41.882
0.34000 40.639
0.35000 39.467
0.36000 38.359
0.37000 37.312
0.38000 36.320
0.39000 35.378
0.40000 34.484
0.41000 33.633
0.42000 32.823
0.43000 32.051
0.44000 31.313
0.45000 30.609
0.46000 29.934
0.47000 29.289
0.48000 28.671
0.49000 28.077
0.50000 27.508
0.51000 26.961
0.52000 26.435
0.53000 25.928
0.54000 25.441
0.55000 24.971
0.56000 24.518
0.57000 24.081
0.58000 23.659
0.59000 23.251
0.60000 22.857
0.61000 22.476
0.62000 22.107
0.63000 21.749
0.64000 21.403
0.65000 21.068
0.66000 20.742
0.67000 20.427
0.68000 20.121
0.69000 19.823
0.70000 19.534
0.71000 19.253
0.72000 18.980
0.73000 18.715
0.74000 18.456
0.75000 18.205
0.76000 17.960
0.77000 17.722
0.78000 17.489
0.79000 17.263
0.80000 17.042
0.81000 16.826
0.82000 16.616
0.83000 16.411
0.84000 16.211
0.85000 16.015
0.86000 15.824
0.87000 15.638
0.88000 15.455
0.89000 15.277
0.90000 15.103
0.91000 14.932
0.92000 14.766
0.93000 14.602
0.94000 14.443
0.95000 14.286
0.96000 14.133
0.97000 13.983
0.98000 13.836
0.99000 13.693
1.0000 13.551
1.0100 13.413
1.0200 13.278
1.0300 13.145
1.0400 13.014
1.0500 12.886
1.0600 12.761
1.0700 12.638
1.0800 12.517
1.0900 12.398
1.1000 12.282
1.1100 12.167
1.1200 12.055
1.1300 11.945
1.1400 11.836
1.1500 11.730
1.1600 11.625
1.1700 11.522
1.1800 11.421
1.1900 11.321
1.2000 11.223
1.2100 11.127
1.2200 11.033
1.2300 10.939
1.2400 10.848
1.2500 10.758
1.2600 10.669
1.2700 10.582
1.2800 10.496
1.2900 10.411
1.3000 10.328
1.3100 10.246
1.3168 10.190
1.3168 0.045137
1.3200 0.045137
1.3300 0.045137
1.3400 0.045137
1.3500 0.045137
1.3600 0.045137
1.3700 0.045137
1.3800 0.045137
1.3900 0.045137
1.4000 0.045137
1.4100 0.045136
1.4200 0.045136
1.4300 0.045136
1.4400 0.045136
1.4500 0.045136
1.4600 0.045136
1.4700 0.045136
1.4800 0.045136
1.4900 0.045136
1.5000 0.045136
1.5100 0.045136
1.5200 0.045136
1.5300 0.045135
1.5400 0.045135
1.5500 0.045135
1.5600 0.045135
1.5700 0.045135
1.5800 0.045135
1.5900 0.045135
1.6000 0.045135
1.6100 0.045135
1.6200 0.045135
1.6300 0.045135
1.6400 0.045135
1.6500 0.045134
1.6600 0.045134
1.6700 0.045134
1.6800 0.045134
1.6900 0.045134
1.7000 0.045134
1.7100 0.045134
1.7200 0.045134
1.7300 0.045134
1.7400 0.045134
1.7500 0.045134
1.7600 0.045134
1.7700 0.045133
1.7800 0.045133
1.7900 0.045133
1.8000 0.045133
1.8100 0.045133
1.8200 0.045133
1.8300 0.045133
1.8400 0.045133
1.8500 0.045133
1.8600 0.045133
1.8700 0.045133
1.8800 0.045133
1.8900 0.045132
1.9000 0.045132
1.9100 0.045132
1.9200 0.045132
1.9300 0.045132
1.9400 0.045132
1.9500 0.045132
1.9600 0.045132
1.9700 0.045132
1.9800 0.045132
1.9900 0.045132
2.0000 0.045132
2.0100 0.045131
2.0200 0.045131
2.0300 0.045131
2.0400 0.045131
2.0500 0.045131
2.0600 0.045131
2.0700 0.045131
2.0800 0.045131
2.0900 0.045131
2.1000 0.045131
2.1100 0.045131
2.1200 0.045131
2.1300 0.045131
2.1400 0.045130
2.1500 0.045130
2.1600 0.045130
2.1700 0.045130
2.1800 0.045130
2.1900 0.045130
2.2000 0.045130
2.2100 0.045130
2.2200 0.045130
2.2300 0.045130
2.2400 0.045130
2.2500 0.045130
2.2600 0.045129
2.2700 0.045129
2.2800 0.045129
2.2900 0.045129
2.3000 0.045129
2.3100 0.045129
2.3200 0.045129
2.3300 0.045129
2.3400 0.045129
2.3500 0.045129
2.3600 0.045129
2.3700 0.045129
2.3800 0.045128
2.3900 0.045128
2.4000 0.045128
2.4100 0.045128
2.4200 0.045128
2.4300 0.045128
2.4400 0.045128
2.4500 0.045128
2.4600 0.045128
2.4700 0.045128
2.4800 0.045128
2.4900 0.045128
2.5000 0.045127
2.5100 0.045127
2.5200 0.045127
2.5300 0.045127
2.5400 0.045127
2.5500 0.045127
2.5600 0.045127
2.5700 0.045127
2.5800 0.045127
2.5900 0.045127
2.6000 0.045127
2.6100 0.045127
2.6200 0.045126
2.6300 0.045126
2.6400 0.045126
2.6500 0.045126
2.6600 0.045126
2.6700 0.045126
2.6800 0.045126
2.6900 0.045126
2.7000 0.045126
2.7100 0.045126
2.7200 0.045126
2.7300 0.045126
2.7400 0.045125
2.7500 0.045125
2.7600 0.045125
2.7700 0.045125
2.7800 0.045125
2.7900 0.045125
2.8000 0.045125
2.8100 0.045125
2.8200 0.045125
2.8300 0.045125
2.8400 0.045125
2.8500 0.045125
2.8600 0.045124
2.8700 0.045124
2.8800 0.045124
2.8900 0.045124
2.9000 0.045124
2.9100 0.045124
2.9200 0.045124
2.9300 0.045124
2.9400 0.045124
2.9500 0.045124
2.9600 0.045124
2.9700 0.045124
2.9800 0.045123
2.9900 0.045123
3.0000 0.045123
3.0100 0.045123
3.0200 0.045123
3.0300 0.045123
3.0400 0.045123
3.0500 0.045123
3.0600 0.045123
3.0700 0.045123
3.0800 0.045123
3.0900 0.045123
3.1000 0.045123
3.1100 0.045122
3.1200 0.045122
3.1300 0.045122
3.1400 0.045122
3.1500 0.045122
3.1600 0.045122
3.1700 0.045122
3.1800 0.045122
3.1900 0.045122
3.2000 0.045122
3.2100 0.045122
3.2200 0.045122
3.2300 0.045121
3.2400 0.045121
3.2500 0.045121
3.2600 0.045121
3.2700 0.045121
3.2800 0.045121
3.2900 0.045121
3.3000 0.045121
3.3100 0.045121
3.3200 0.045121
3.3300 0.045121
3.3400 0.045121
3.3500 0.045120
3.3600 0.045120
3.3700 0.045120
3.3800 0.045120
3.3900 0.045120
3.4000 0.045120
3.4100 0.045120
3.4200 0.045120
3.4300 0.045120
3.4400 0.045120
3.4500 0.045120
3.4600 0.045120
3.4700 0.045119
3.4800 0.045119
3.4900 0.045119
3.5000 0.045119
3.5100 0.045119
3.5200 0.045119
3.5300 0.045119
3.5400 0.045119
3.5500 0.045119
3.5600 0.045119
3.5700 0.045119
3.5800 0.045119
3.5900 0.045118
3.6000 0.045118
3.6100 0.045118
3.6200 0.045118
3.6300 0.045118
3.6400 0.045118
3.6500 0.045118
3.6600 0.045118
3.6700 0.045118
3.6800 0.045118
3.6900 0.045118
3.7000 0.045118
3.7100 0.045117
3.7200 0.045117
3.7300 0.045117
3.7400 0.045117
3.7500 0.045117
3.7600 0.045117
3.7700 0.045117
3.7800 0.045117
3.7900 0.045117
3.8000 0.045117
3.8100 0.045117
3.8200 0.045117
3.8300 0.045116
3.8400 0.045116
3.8500 0.045116
3.8600 0.045116
3.8700 0.045116
3.8800 0.045116
3.8900 0.045116
3.9000 0.045116
3.9100 0.045116
3.9200 0.045116
3.9300 0.045116
3.9400 0.045116
3.9500 0.045116
3.9600 0.045115
3.9700 0.045115
3.9800 0.045115
3.9900 0.045115
4.0000 0.045115
4.0100 0.045115
4.0200 0.045115
4.0300 0.045115
4.0400 0.045115
4.0500 0.045115
4.0600 0.045115
4.0700 0.045115
4.0800 0.045114
4.0900 0.045114
4.1000 0.045114
4.1100 0.045114
4.1200 0.045114
4.1300 0.045114
4.1400 0.045114
4.1500 0.045114
4.1600 0.045114
4.1700 0.045114
4.1800 0.045114
4.1900 0.045114
4.2000 0.045113
4.2100 0.045113
4.2200 0.045113
4.2300 0.045113
4.2400 0.045113
4.2500 0.045113
4.2600 0.045113
4.2700 0.045113
4.2800 0.045113
4.2900 0.045113
4.3000 0.045113
4.3100 0.045113
4.3200 0.045112
4.3300 0.045112
4.3400 0.045112
4.3500 0.045112
4.3600 0.045112
4.3700 0.045112
4.3800 0.045112
4.3900 0.045112
4.4000 0.045112
4.4100 0.045112
4.4200 0.045112
4.4300 0.045112
4.4400 0.045111
4.4500 0.045111
4.4600 0.045111
4.4700 0.045111
4.4800 0.045111
4.4900 0.045111
4.5000 0.045111
4.5100 0.045111
4.5200 0.045111
4.5300 0.045111
4.5400 0.045111
4.5500 0.045111
4.5600 0.045110
4.5700 0.045110
4.5800 0.045110
4.5900 0.045110
4.6000 0.045110
4.6100 0.045110
4.6200 0.045110
4.6300 0.045110
4.6400 0.045110
4.6500 0.045110
4.6600 0.045110
4.6700 0.045110
4.6800 0.045110
4.6900 0.045109
4.7000 0.045109
4.7100 0.045109
4.7200 0.045109
4.7300 0.045109
4.7400 0.045109
4.7500 0.045109
4.7600 0.045109
4.7700 0.045109
4.7800 0.045109
4.7900 0.045109
4.8000 0.045109
4.8100 0.045108
4.8200 0.045108
4.8300 0.045108
4.8400 0.045108
4.8500 0.045108
4.8600 0.045108
4.8700 0.045108
4.8800 0.045108
4.8900 0.045108
4.9000 0.045108
4.9100 0.045108
4.9200 0.045108
4.9300 0.045107
4.9400 0.045107
4.9500 0.045107
4.9600 0.045107
4.9700 0.045107
4.9800 0.045107
4.9900 0.045107
5.0000 0.045107
5.1000 0.045106
5.1100 0.045106
5.1200 0.045106
5.1300 0.045106
5.1400 0.045106
5.1500 0.045106
5.1600 0.045106
5.1700 0.045105
5.1800 0.045105
5.1900 0.045105
5.2000 0.045105
5.2100 0.045105
5.2200 0.045105
5.2300 0.045105
5.2400 0.045105
5.2500 0.045105
5.2600 0.045105
5.2700 0.045105
5.2800 0.045105
5.2900 0.045104
5.3000 0.045104
5.3100 0.045104
5.3200 0.045104
5.3300 0.045104
5.3400 0.045104
5.3500 0.045104
5.3600 0.045104
5.3700 0.045104
5.3800 0.045104
5.3900 0.045104
5.4000 0.045104
5.4100 0.045104
5.4200 0.045103
5.4300 0.045103
5.4400 0.045103
5.4500 0.045103
5.4600 0.045103
5.4700 0.045103
5.4800 0.045103
5.4900 0.045103
5.5000 0.045103
5.5100 0.045103
5.5200 0.045103
5.5300 0.045103
5.5400 0.045102
5.5500 0.045102
5.5600 0.045102
5.5700 0.045102
5.5800 0.045102
5.5900 0.045102
5.6000 0.045102
5.6100 0.045102
5.6200 0.045102
5.6300 0.045102
5.6400 0.045102
5.6500 0.045102
5.6600 0.045101
5.6700 0.045101
5.6800 0.045101
5.6900 0.045101
5.7000 0.045101
5.7100 0.045101
5.7200 0.045101
5.7300 0.045101
5.7400 0.045101
5.7500 0.045101
5.7600 0.045101
5.7700 0.045101
5.7800 0.045100
5.7900 0.045100
5.8000 0.045100
5.8100 0.045100
5.8200 0.045100
5.8300 0.045100
5.8400 0.045100
5.8500 0.045100
5.8600 0.045100
5.8700 0.045100
5.8800 0.045100
5.8900 0.045100
5.9000 0.045099
5.9100 0.045099
5.9200 0.045099
5.9300 0.045099
5.9400 0.045099
5.9500 0.045099
5.9600 0.045099
5.9700 0.045099
5.9800 0.045099
5.9900 0.045099
6.0000 0.045099
6.0100 0.045099
6.0200 0.045099
6.0300 0.045098
6.0400 0.045098
6.0500 0.045098
6.0600 0.045098
6.0700 0.045098
6.0800 0.045098
6.0900 0.045098
6.1000 0.045098
6.1100 0.045098
6.1200 0.045098
6.1300 0.045098
6.1400 0.045098
6.1500 0.045097
6.1600 0.045097
6.1700 0.045097
6.1800 0.045097
6.1900 0.045097
6.2000 0.045097
6.2100 0.045097
6.2200 0.045097
6.2300 0.045097
6.2400 0.045097
6.2500 0.045097
6.2600 0.045097
6.2700 0.045096
6.2800 0.045096
6.2900 0.045096
6.3000 0.045096
6.3100 0.045096
6.3200 0.045096
6.3300 0.045096
6.3400 0.045096
6.3500 0.045096
6.3600 0.045096
6.3700 0.045096
6.3800 0.045096
6.3900 0.045095
6.4000 0.045095
6.4100 0.045095
6.4200 0.045095
6.4300 0.045095
6.4400 0.045095
6.4500 0.045095
6.4600 0.045095
6.4700 0.045095
6.4800 0.045095
6.4900 0.045095
6.5000 0.045095
6.5100 0.045094
6.5200 0.045094
6.5300 0.045094
6.5400 0.045094
6.5500 0.045094
6.5600 0.045094
6.5700 0.045094
6.5800 0.045094
6.5900 0.045094
6.6000 0.045094
6.6100 0.045094
6.6200 0.045094
6.6300 0.045094
6.6400 0.045093
6.6500 0.045093
6.6600 0.045093
6.6700 0.045093
6.6800 0.045093
6.6900 0.045093
6.7000 0.045093
6.7100 0.045093
6.7200 0.045093
6.7300 0.045093
6.7400 0.045093
6.7500 0.045093
6.7600 0.045092
6.7700 0.045092
6.7800 0.045092
6.7900 0.045092
6.8000 0.045092
6.8100 0.045092
6.8200 0.045092
6.8300 0.045092
6.8400 0.045092
6.8500 0.045092
6.8600 0.045092
6.8700 0.045092
6.8800 0.045091
6.8900 0.045091
6.9000 0.045091
6.9100 0.045091
6.9200 0.045091
6.9300 0.045091
6.9400 0.045091
6.9500 0.045091
6.9600 0.045091
6.9700 0.045091
6.9800 0.045091
6.9900 0.045091
7.0000 0.045090
7.0100 0.045090
7.0200 0.045090
7.0300 0.045090
7.0400 0.045090
7.0500 0.045090
7.0600 0.045090
7.0700 0.045090
7.0800 0.045090
7.0900 0.045090
7.1000 0.045090
7.1100 0.045090
7.1200 0.045090
7.1300 0.045089
7.1400 0.045089
7.1500 0.045089
7.1600 0.045089
7.1700 0.045089
7.1800 0.045089
7.1900 0.045089
7.2000 0.045089
7.2100 0.045089
7.2200 0.045089
7.2300 0.045089
7.2400 0.045089
7.2500 0.045088
7.2600 0.045088
7.2700 0.045088
7.2800 0.045088
7.2900 0.045088
7.3000 0.045088
7.3100 0.045088
7.3200 0.045088
7.3300 0.045088
7.3400 0.045088
7.3500 0.045088
7.3600 0.045088
7.3700 0.045087
7.3800 0.045087
7.3900 0.045087
7.4000 0.045087
7.4100 0.045087
7.4200 0.045087
7.4300 0.045087
7.4400 0.045087
7.4500 0.045087
7.4600 0.045087
7.4700 0.045087
7.4800 0.045087
7.4900 0.045086
7.5000 0.045086
7.5100 0.045086
7.5200 0.045086
7.5300 0.045086
7.5400 0.045086
7.5500 0.045086
7.5600 0.045086
7.5700 0.045086
7.5800 0.045086
7.5900 0.045086
7.6000 0.045086
7.6100 0.045086
7.6200 0.045085
7.6300 0.045085
7.6400 0.045085
7.6500 0.045085
7.6600 0.045085
7.6700 0.045085
7.6800 0.045085
7.6900 0.045085
7.7000 0.045085
7.7100 0.045085
7.7200 0.045085
7.7300 0.045085
7.7400 0.045084
7.7500 0.045084
7.7600 0.045084
7.7700 0.045084
7.7800 0.045084
7.7900 0.045084
7.8000 0.045084
7.8100 0.045084
7.8200 0.045084
7.8300 0.045084
7.8400 0.045084
7.8500 0.045084
7.8600 0.045083
7.8700 0.045083
7.8800 0.045083
7.8900 0.045083
7.9000 0.045083
7.9100 0.045083
7.9200 0.045083
7.9300 0.045083
7.9400 0.045083
7.9500 0.045083
7.9600 0.045083
7.9700 0.045083
7.9800 0.045082
7.9900 0.045082
8.0000 0.045082
8.0100 0.045082
8.0200 0.045082
8.0300 0.045082
8.0400 0.045082
8.0500 0.045082
8.0600 0.045082
8.0700 0.045082
8.0800 0.045082
8.0900 0.045082
8.1000 0.045082
8.1100 0.045081
8.1200 0.045081
8.1300 0.045081
8.1400 0.045081
8.1500 0.045081
8.1600 0.045081
8.1700 0.045081
8.1800 0.045081
8.1900 0.045081
8.2000 0.045081
8.2100 0.045081
8.2200 0.045081
8.2300 0.045080
8.2400 0.045080
8.2500 0.045080
8.2600 0.045080
8.2700 0.045080
8.2800 0.045080
8.2900 0.045080
8.3000 0.045080
8.3100 0.045080
8.3200 0.045080
8.3300 0.045080
8.3400 0.045080
8.3500 0.045079
8.3600 0.045079
8.3700 0.045079
8.3800 0.045079
8.3900 0.045079
8.4000 0.045079
8.4100 0.045079
8.4200 0.045079
8.4300 0.045079
8.4400 0.045079
8.4500 0.045079
8.4600 0.045079
8.4700 0.045078
8.4800 0.045078
8.4900 0.045078
8.5000 0.045078
8.5100 0.045078
8.5200 0.045078
8.5300 0.045078
8.5400 0.045078
8.5500 0.045078
8.5600 0.045078
8.5700 0.045078
8.5800 0.045078
8.5900 0.045078
8.6000 0.045077
8.6100 0.045077
8.6200 0.045077
8.6300 0.045077
8.6400 0.045077
8.6500 0.045077
8.6600 0.045077
8.6700 0.045077
8.6800 0.045077
8.6900 0.045077
8.7000 0.045077
8.7100 0.045077
8.7200 0.045076
8.7300 0.045076
8.7400 0.045076
8.7500 0.045076
8.7600 0.045076
8.7700 0.045076
8.7800 0.045076
8.7900 0.045076
8.8000 0.045076
8.8100 0.045076
8.8200 0.045076
8.8300 0.045076
8.8400 0.045075
8.8500 0.045075
8.8600 0.045075
8.8700 0.045075
8.8800 0.045075
8.8900 0.045075
8.9000 0.045075
8.9100 0.045075
8.9200 0.045075
8.9300 0.045075
8.9400 0.045075
8.9500 0.045075
8.9600 0.045074
8.9700 0.045074
8.9800 0.045074
8.9900 0.045074
9.0000 0.045074
9.0100 0.045074
9.0200 0.045074
9.0300 0.045074
9.0400 0.045074
9.0500 0.045074
9.0600 0.045074
9.0700 0.045074
9.0800 0.045074
9.0900 0.045073
9.1000 0.045073
9.1100 0.045073
9.1200 0.045073
9.1300 0.045073
9.1400 0.045073
9.1500 0.045073
9.1600 0.045073
9.1700 0.045073
9.1800 0.045073
9.1900 0.045073
9.2000 0.045073
9.2100 0.045072
9.2200 0.045072
9.2300 0.045072
9.2400 0.045072
9.2500 0.045072
9.2600 0.045072
9.2700 0.045072
9.2800 0.045072
9.2900 0.045072
9.3000 0.045072
9.3100 0.045072
9.3200 0.045072
9.3300 0.045071
9.3400 0.045071
9.3500 0.045071
9.3600 0.045071
9.3700 0.045071
9.3800 0.045071
9.3900 0.045071
9.4000 0.045071
9.4100 0.045071
9.4200 0.045071
9.4300 0.045071
9.4400 0.045071
9.4500 0.045071
9.4600 0.045070
9.4700 0.045070
9.4800 0.045070
9.4900 0.045070
9.5000 0.045070
9.5100 0.045070
9.5200 0.045070
9.5300 0.045070
9.5400 0.045070
9.5500 0.045070
9.5600 0.045070
9.5700 0.045070
9.5800 0.045069
9.5900 0.045069
9.6000 0.045069
9.6100 0.045069
9.6200 0.045069
9.6300 0.045069
9.6400 0.045069
9.6500 0.045069
9.6600 0.045069
9.6700 0.045069
9.6800 0.045069
9.6900 0.045069
9.7000 0.045068
9.7100 0.045068
9.7200 0.045068
9.7300 0.045068
9.7400 0.045068
9.7500 0.045068
9.7600 0.045068
9.7700 0.045068
9.7800 0.045068
9.7900 0.045068
9.8000 0.045068
9.8100 0.045068
9.8200 0.045067
9.8300 0.045067
9.8400 0.045067
9.8500 0.045067
9.8600 0.045067
9.8700 0.045067
9.8800 0.045067
9.8900 0.045067
9.9000 0.045067
9.9100 0.045067
9.9200 0.045067
9.9300 0.045067
9.9400 0.045067
9.9500 0.045066
9.9600 0.045066
9.9700 0.045066
9.9800 0.045066
9.9900 0.045066
10.000 0.045066
10.100 0.045065
10.110 0.045065
10.120 0.045065
10.130 0.045065
10.140 0.045065
10.150 0.045065
10.160 0.045065
10.170 0.045065
10.180 0.045065
10.190 0.045064
10.200 0.045064
10.210 0.045064
10.220 0.045064
10.230 0.045064
10.240 0.045064
10.250 0.045064
10.260 0.045064
10.270 0.045064
10.280 0.045064
10.290 0.045064
10.300 0.045064
10.310 0.045064
10.320 0.045063
10.330 0.045063
10.340 0.045063
10.350 0.045063
10.360 0.045063
10.370 0.045063
10.380 0.045063
10.390 0.045063
10.400 0.045063
10.410 0.045063
10.420 0.045063
10.430 0.045063
10.440 0.045062
10.450 0.045062
10.460 0.045062
10.470 0.045062
10.480 0.045062
10.490 0.045062
10.500 0.045062
10.510 0.045062
10.520 0.045062
10.530 0.045062
10.540 0.045062
10.550 0.045062
10.560 0.045061
10.570 0.045061
10.580 0.045061
10.590 0.045061
10.600 0.045061
10.610 0.045061
10.620 0.045061
10.630 0.045061
10.640 0.045061
10.650 0.045061
10.660 0.045061
10.670 0.045061
10.680 0.045061
10.690 0.045060
10.700 0.045060
10.710 0.045060
10.720 0.045060
10.730 0.045060
10.740 0.045060
10.750 0.045060
10.760 0.045060
10.770 0.045060
10.780 0.045060
10.790 0.045060
10.800 0.045060
10.810 0.045059
10.820 0.045059
10.830 0.045059
10.840 0.045059
10.850 0.045059
10.860 0.045059
10.870 0.045059
10.880 0.045059
10.890 0.045059
10.900 0.045059
10.910 0.045059
10.920 0.045059
10.930 0.045058
10.940 0.045058
10.950 0.045058
10.960 0.045058
10.970 0.045058
10.980 0.045058
10.990 0.045058
11.000 0.045058
11.010 0.045058
11.020 0.045058
11.030 0.045058
11.040 0.045058
11.050 0.045058
11.060 0.045057
11.070 0.045057
11.080 0.045057
11.090 0.045057
11.100 0.045057
11.110 0.045057
11.120 0.045057
11.130 0.045057
11.140 0.045057
11.150 0.045057
11.160 0.045057
11.170 0.045057
11.180 0.045056
11.190 0.045056
11.200 0.045056
11.210 0.045056
11.220 0.045056
11.230 0.045056
11.240 0.045056
11.250 0.045056
11.260 0.045056
11.270 0.045056
11.280 0.045056
11.290 0.045056
11.300 0.045055
11.310 0.045055
11.320 0.045055
11.330 0.045055
11.340 0.045055
11.350 0.045055
11.360 0.045055
11.370 0.045055
11.380 0.045055
11.390 0.045055
11.400 0.045055
11.410 0.045055
11.420 0.045055
11.430 0.045054
11.440 0.045054
11.450 0.045054
11.460 0.045054
11.470 0.045054
11.480 0.045054
11.490 0.045054
11.500 0.045054
11.510 0.045054
11.520 0.045054
11.530 0.045054
11.540 0.045054
11.550 0.045053
11.560 0.045053
11.570 0.045053
11.580 0.045053
11.590 0.045053
11.600 0.045053
11.610 0.045053
11.620 0.045053
11.630 0.045053
11.640 0.045053
11.650 0.045053
11.660 0.045053
11.670 0.045052
11.680 0.045052
11.690 0.045052
11.700 0.045052
11.710 0.045052
11.720 0.045052
11.730 0.045052
11.740 0.045052
11.750 0.045052
11.760 0.045052
11.770 0.045052
11.780 0.045052
11.790 0.045052
11.800 0.045051
11.810 0.045051
11.820 0.045051
11.830 0.045051
11.840 0.045051
11.850 0.045051
11.860 0.045051
11.870 0.045051
11.880 0.045051
11.890 0.045051
11.900 0.045051
11.910 0.045051
11.920 0.045050
11.930 0.045050
11.940 0.045050
11.950 0.045050
11.960 0.045050
11.970 0.045050
11.980 0.045050
11.990 0.045050
12.000 0.045050
12.010 0.045050
12.020 0.045050
12.030 0.045050
12.040 0.045049
12.050 0.045049
12.060 0.045049
12.070 0.045049
12.080 0.045049
12.090 0.045049
12.100 0.045049
12.110 0.045049
12.120 0.045049
12.130 0.045049
12.140 0.045049
12.150 0.045049
12.160 0.045049
12.170 0.045048
12.180 0.045048
12.190 0.045048
12.200 0.045048
12.210 0.045048
12.220 0.045048
12.230 0.045048
12.240 0.045048
12.250 0.045048
12.260 0.045048
12.270 0.045048
12.280 0.045048
12.290 0.045047
12.300 0.045047
12.310 0.045047
12.320 0.045047
12.330 0.045047
12.340 0.045047
12.350 0.045047
12.360 0.045047
12.370 0.045047
12.380 0.045047
12.390 0.045047
12.400 0.045047
12.410 0.045046
12.420 0.045046
12.430 0.045046
12.440 0.045046
12.450 0.045046
12.460 0.045046
12.470 0.045046
12.480 0.045046
12.490 0.045046
12.500 0.045046
12.510 0.045046
12.520 0.045046
12.530 0.045046
12.540 0.045045
12.550 0.045045
12.560 0.045045
12.570 0.045045
12.580 0.045045
12.590 0.045045
12.600 0.045045
12.610 0.045045
12.620 0.045045
12.630 0.045045
12.640 0.045045
12.650 0.045045
12.660 0.045044
12.670 0.045044
12.680 0.045044
12.690 0.045044
12.700 0.045044
12.710 0.045044
12.720 0.045044
12.730 0.045044
12.740 0.045044
12.750 0.045044
12.760 0.045044
12.770 0.045044
12.780 0.045043
12.790 0.045043
12.800 0.045043
12.810 0.045043
12.820 0.045043
12.830 0.045043
12.840 0.045043
12.850 0.045043
12.860 0.045043
12.870 0.045043
12.880 0.045043
12.890 0.045043
12.900 0.045043
12.910 0.045042
12.920 0.045042
12.930 0.045042
12.940 0.045042
12.950 0.045042
12.960 0.045042
12.970 0.045042
12.980 0.045042
12.990 0.045042
13.000 0.045042
13.010 0.045042
13.020 0.045042
13.030 0.045041
13.040 0.045041
13.050 0.045041
13.060 0.045041
13.070 0.045041
13.080 0.045041
13.090 0.045041
13.100 0.045041
13.110 0.045041
13.120 0.045041
13.130 0.045041
13.140 0.045041
13.150 0.045041
13.160 0.045040
13.170 0.045040
13.180 0.045040
13.190 0.045040
13.200 0.045040
13.210 0.045040
13.220 0.045040
13.230 0.045040
13.240 0.045040
13.250 0.045040
13.260 0.045040
13.270 0.045040
13.280 0.045039
13.290 0.045039
13.300 0.045039
13.310 0.045039
13.320 0.045039
13.330 0.045039
13.340 0.045039
13.350 0.045039
13.360 0.045039
13.370 0.045039
13.380 0.045039
13.390 0.045039
13.400 0.045038
13.410 0.045038
13.420 0.045038
13.430 0.045038
13.440 0.045038
13.450 0.045038
13.460 0.045038
13.470 0.045038
13.480 0.045038
13.490 0.045038
13.500 0.045038
13.510 0.045038
13.520 0.045038
13.530 0.045037
13.540 0.045037
13.550 0.045037
13.560 0.045037
13.570 0.045037
13.580 0.045037
13.590 0.045037
13.600 0.045037
13.610 0.045037
13.620 0.045037
13.630 0.045037
13.640 0.045037
13.650 0.045036
13.660 0.045036
13.670 0.045036
13.680 0.045036
13.690 0.045036
13.700 0.045036
13.710 0.045036
13.720 0.045036
13.730 0.045036
13.740 0.045036
13.750 0.045036
13.760 0.045036
13.770 0.045036
13.780 0.045035
13.790 0.045035
13.800 0.045035
13.810 0.045035
13.820 0.045035
13.830 0.045035
13.840 0.045035
13.850 0.045035
13.860 0.045035
13.870 0.045035
13.880 0.045035
13.890 0.045035
13.900 0.045034
13.910 0.045034
13.920 0.045034
13.930 0.045034
13.940 0.045034
13.950 0.045034
13.960 0.045034
13.970 0.045034
13.980 0.045034
13.990 0.045034
14.000 0.045034
14.010 0.045034
14.020 0.045033
14.030 0.045033
14.040 0.045033
14.050 0.045033
14.060 0.045033
14.070 0.045033
14.080 0.045033
14.090 0.045033
14.100 0.045033
14.110 0.045033
14.120 0.045033
14.130 0.045033
14.140 0.045033
14.150 0.045032
14.160 0.045032
14.170 0.045032
14.180 0.045032
14.190 0.045032
14.200 0.045032
14.210 0.045032
14.220 0.045032
14.230 0.045032
14.240 0.045032
14.250 0.045032
14.260 0.045032
14.270 0.045031
14.280 0.045031
14.290 0.045031
14.300 0.045031
14.310 0.045031
14.320 0.045031
14.330 0.045031
14.340 0.045031
14.350 0.045031
14.360 0.045031
14.370 0.045031
14.380 0.045031
14.390 0.045031
14.400 0.045030
14.410 0.045030
14.420 0.045030
14.430 0.045030
14.440 0.045030
14.450 0.045030
14.460 0.045030
14.470 0.045030
14.480 0.045030
14.490 0.045030
14.500 0.045030
14.510 0.045030
14.520 0.045029
14.530 0.045029
14.540 0.045029
14.550 0.045029
14.560 0.045029
14.570 0.045029
14.580 0.045029
14.590 0.045029
14.600 0.045029
14.610 0.045029
14.620 0.045029
14.630 0.045029
14.640 0.045028
14.650 0.045028
14.660 0.045028
14.670 0.045028
14.680 0.045028
14.690 0.045028
14.700 0.045028
14.710 0.045028
14.720 0.045028
14.730 0.045028
14.740 0.045028
14.750 0.045028
14.760 0.045028
14.770 0.045027
14.780 0.045027
14.790 0.045027
14.800 0.045027
14.810 0.045027
14.820 0.045027
14.830 0.045027
14.840 0.045027
14.850 0.045027
14.860 0.045027
14.870 0.045027
14.880 0.045027
14.890 0.045026
14.900 0.045026
14.910 0.045026
14.920 0.045026
14.930 0.045026
14.940 0.045026
14.950 0.045026
14.960 0.045026
14.970 0.045026
14.980 0.045026
14.990 0.045026
15.000 0.045026
15.100 0.045025
15.110 0.045025
15.120 0.045025
15.130 0.045025
15.140 0.045024
15.150 0.045024
15.160 0.045024
15.170 0.045024
15.180 0.045024
15.190 0.045024
15.200 0.045024
15.210 0.045024
15.220 0.045024
15.230 0.045024
15.240 0.045024
15.250 0.045024
15.260 0.045023
15.270 0.045023
15.280 0.045023
15.290 0.045023
15.300 0.045023
15.310 0.045023
15.320 0.045023
15.330 0.045023
15.340 0.045023
15.350 0.045023
15.360 0.045023
15.370 0.045023
15.380 0.045023
15.390 0.045022
15.400 0.045022
15.410 0.045022
15.420 0.045022
15.430 0.045022
15.440 0.045022
15.450 0.045022
15.460 0.045022
15.470 0.045022
15.480 0.045022
15.490 0.045022
15.500 0.045022
15.510 0.045021
15.520 0.045021
15.530 0.045021
15.540 0.045021
15.550 0.045021
15.560 0.045021
15.570 0.045021
15.580 0.045021
15.590 0.045021
15.600 0.045021
15.610 0.045021
15.620 0.045021
15.630 0.045021
15.640 0.045020
15.650 0.045020
15.660 0.045020
15.670 0.045020
15.680 0.045020
15.690 0.045020
15.700 0.045020
15.710 0.045020
15.720 0.045020
15.730 0.045020
15.740 0.045020
15.750 0.045020
15.760 0.045019
15.770 0.045019
15.780 0.045019
15.790 0.045019
15.800 0.045019
15.810 0.045019
15.820 0.045019
15.830 0.045019
15.840 0.045019
15.850 0.045019
15.860 0.045019
15.870 0.045019
15.880 0.045019
15.890 0.045018
15.900 0.045018
15.910 0.045018
15.920 0.045018
15.930 0.045018
15.940 0.045018
15.950 0.045018
15.960 0.045018
15.970 0.045018
15.980 0.045018
15.990 0.045018
16.000 0.045018
16.010 0.045017
16.020 0.045017
16.030 0.045017
16.040 0.045017
16.050 0.045017
16.060 0.045017
16.070 0.045017
16.080 0.045017
16.090 0.045017
16.100 0.045017
16.110 0.045017
16.120 0.045017
16.130 0.045017
16.140 0.045016
16.150 0.045016
16.160 0.045016
16.170 0.045016
16.180 0.045016
16.190 0.045016
16.200 0.045016
16.210 0.045016
16.220 0.045016
16.230 0.045016
16.240 0.045016
16.250 0.045016
16.260 0.045015
16.270 0.045015
16.280 0.045015
16.290 0.045015
16.300 0.045015
16.310 0.045015
16.320 0.045015
16.330 0.045015
16.340 0.045015
16.350 0.045015
16.360 0.045015
16.370 0.045015
16.380 0.045014
16.390 0.045014
16.400 0.045014
16.410 0.045014
16.420 0.045014
16.430 0.045014
16.440 0.045014
16.450 0.045014
16.460 0.045014
16.470 0.045014
16.480 0.045014
16.490 0.045014
16.500 0.045014
16.510 0.045013
16.520 0.045013
16.530 0.045013
16.540 0.045013
16.550 0.045013
16.560 0.045013
16.570 0.045013
16.580 0.045013
16.590 0.045013
16.600 0.045013
16.610 0.045013
16.620 0.045013
16.630 0.045012
16.640 0.045012
16.650 0.045012
16.660 0.045012
16.670 0.045012
16.680 0.045012
16.690 0.045012
16.700 0.045012
16.710 0.045012
16.720 0.045012
16.730 0.045012
16.740 0.045012
16.750 0.045012
16.760 0.045011
16.770 0.045011
16.780 0.045011
16.790 0.045011
16.800 0.045011
16.810 0.045011
16.820 0.045011
16.830 0.045011
16.840 0.045011
16.850 0.045011
16.860 0.045011
16.870 0.045011
16.880 0.045010
16.890 0.045010
16.900 0.045010
16.910 0.045010
16.920 0.045010
16.930 0.045010
16.940 0.045010
16.950 0.045010
16.960 0.045010
16.970 0.045010
16.980 0.045010
16.990 0.045010
17.000 0.045010
17.010 0.045009
17.020 0.045009
17.030 0.045009
17.040 0.045009
17.050 0.045009
17.060 0.045009
17.070 0.045009
17.080 0.045009
17.090 0.045009
17.100 0.045009
17.110 0.045009
17.120 0.045009
17.130 0.045008
17.140 0.045008
17.150 0.045008
17.160 0.045008
17.170 0.045008
17.180 0.045008
17.190 0.045008
17.200 0.045008
17.210 0.045008
17.220 0.045008
17.230 0.045008
17.240 0.045008
17.250 0.045008
17.260 0.045007
17.270 0.045007
17.280 0.045007
17.290 0.045007
17.300 0.045007
17.310 0.045007
17.320 0.045007
17.330 0.045007
17.340 0.045007
17.350 0.045007
17.360 0.045007
17.370 0.045007
17.380 0.045006
17.390 0.045006
17.400 0.045006
17.410 0.045006
17.420 0.045006
17.430 0.045006
17.440 0.045006
17.450 0.045006
17.460 0.045006
17.470 0.045006
17.480 0.045006
17.490 0.045006
17.500 0.045006
17.510 0.045005
17.520 0.045005
17.530 0.045005
17.540 0.045005
17.550 0.045005
17.560 0.045005
17.570 0.045005
17.580 0.045005
17.590 0.045005
17.600 0.045005
17.610 0.045005
17.620 0.045005
17.630 0.045004
17.640 0.045004
17.650 0.045004
17.660 0.045004
17.670 0.045004
17.680 0.045004
17.690 0.045004
17.700 0.045004
17.710 0.045004
17.720 0.045004
17.730 0.045004
17.740 0.045004
17.750 0.045004
17.760 0.045003
17.770 0.045003
17.780 0.045003
17.790 0.045003
17.800 0.045003
17.810 0.045003
17.820 0.045003
17.830 0.045003
17.840 0.045003
17.850 0.045003
17.860 0.045003
17.870 0.045003
17.880 0.045002
17.890 0.045002
17.900 0.045002
17.910 0.045002
17.920 0.045002
17.930 0.045002
17.940 0.045002
17.950 0.045002
17.960 0.045002
17.970 0.045002
17.980 0.045002
17.990 0.045002
18.000 0.045002
18.010 0.045001
18.020 0.045001
18.030 0.045001
18.040 0.045001
18.050 0.045001
18.060 0.045001
18.070 0.045001
18.080 0.045001
18.090 0.045001
18.100 0.045001
18.110 0.045001
18.120 0.045001
18.130 0.045000
18.140 0.045000
18.150 0.045000
18.160 0.045000
18.170 0.045000
18.180 0.045000
18.190 0.045000
18.200 0.045000
18.210 0.045000
18.220 0.045000
18.230 0.045000
18.240 0.045000
18.250 0.045000
18.260 0.044999
18.270 0.044999
18.280 0.044999
18.290 0.044999
18.300 0.044999
18.310 0.044999
18.320 0.044999
18.330 0.044999
18.340 0.044999
18.350 0.044999
18.360 0.044999
18.370 0.044999
18.380 0.044998
18.390 0.044998
18.400 0.044998
18.410 0.044998
18.420 0.044998
18.430 0.044998
18.440 0.044998
18.450 0.044998
18.460 0.044998
18.470 0.044998
18.480 0.044998
18.490 0.044998
18.500 0.044998
18.510 0.044997
18.520 0.044997
18.530 0.044997
18.540 0.044997
18.550 0.044997
18.560 0.044997
18.570 0.044997
18.580 0.044997
18.590 0.044997
18.600 0.044997
18.610 0.044997
18.620 0.044997
18.630 0.044996
18.640 0.044996
18.650 0.044996
18.660 0.044996
18.670 0.044996
18.680 0.044996
18.690 0.044996
18.700 0.044996
18.710 0.044996
18.720 0.044996
18.730 0.044996
18.740 0.044996
18.750 0.044996
18.760 0.044995
18.770 0.044995
18.780 0.044995
18.790 0.044995
18.800 0.044995
18.810 0.044995
18.820 0.044995
18.830 0.044995
18.840 0.044995
18.850 0.044995
18.860 0.044995
18.870 0.044995
18.880 0.044994
18.890 0.044994
18.900 0.044994
18.910 0.044994
18.920 0.044994
18.930 0.044994
18.940 0.044994
18.950 0.044994
18.960 0.044994
18.970 0.044994
18.980 0.044994
18.990 0.044994
19.000 0.044994
19.010 0.044993
19.020 0.044993
19.030 0.044993
19.040 0.044993
19.050 0.044993
19.060 0.044993
19.070 0.044993
19.080 0.044993
19.090 0.044993
19.100 0.044993
19.110 0.044993
19.120 0.044993
19.130 0.044992
19.140 0.044992
19.150 0.044992
19.160 0.044992
19.170 0.044992
19.180 0.044992
19.190 0.044992
19.200 0.044992
19.210 0.044992
19.220 0.044992
19.230 0.044992
19.240 0.044992
19.250 0.044992
19.260 0.044991
19.270 0.044991
19.280 0.044991
19.290 0.044991
19.300 0.044991
19.310 0.044991
19.320 0.044991
19.330 0.044991
19.340 0.044991
19.350 0.044991
19.360 0.044991
19.370 0.044991
19.380 0.044990
19.390 0.044990
19.400 0.044990
19.410 0.044990
19.420 0.044990
19.430 0.044990
19.440 0.044990
19.450 0.044990
19.460 0.044990
19.470 0.044990
19.480 0.044990
19.490 0.044990
19.500 0.044990
19.510 0.044989
19.520 0.044989
19.530 0.044989
19.540 0.044989
19.550 0.044989
19.560 0.044989
19.570 0.044989
19.580 0.044989
19.590 0.044989
19.600 0.044989
19.610 0.044989
19.620 0.044989
19.630 0.044988
19.640 0.044988
19.650 0.044988
19.660 0.044988
19.670 0.044988
19.680 0.044988
19.690 0.044988
19.700 0.044988
19.710 0.044988
19.720 0.044988
19.730 0.044988
19.740 0.044988
19.750 0.044988
19.760 0.044987
19.770 0.044987
19.780 0.044987
19.790 0.044987
19.800 0.044987
19.810 0.044987
19.820 0.044987
19.830 0.044987
19.840 0.044987
19.850 0.044987
19.860 0.044987
19.870 0.044987
19.880 0.044986
19.890 0.044986
19.900 0.044986
19.910 0.044986
19.920 0.044986
19.930 0.044986
19.940 0.044986
19.950 0.044986
19.960 0.044986
19.970 0.044986
19.980 0.044986
19.990 0.044986
20.000 0.044986
20.100 0.044985
20.110 0.044985
20.120 0.044985
20.130 0.044985
20.140 0.044984
20.150 0.044984
20.160 0.044984
20.170 0.044984
20.180 0.044984
20.190 0.044984
20.200 0.044984
20.210 0.044984
20.220 0.044984
20.230 0.044984
20.240 0.044984
20.250 0.044984
20.260 0.044983
20.270 0.044983
20.280 0.044983
20.290 0.044983
20.300 0.044983
20.310 0.044983
20.320 0.044983
20.330 0.044983
20.340 0.044983
20.350 0.044983
20.360 0.044983
20.370 0.044983
20.380 0.044983
20.390 0.044982
20.400 0.044982
20.410 0.044982
20.420 0.044982
20.430 0.044982
20.440 0.044982
20.450 0.044982
20.460 0.044982
20.470 0.044982
20.480 0.044982
20.490 0.044982
20.500 0.044982
20.510 0.044981
20.520 0.044981
20.530 0.044981
20.540 0.044981
20.550 0.044981
20.560 0.044981
20.570 0.044981
20.580 0.044981
20.590 0.044981
20.600 0.044981
20.610 0.044981
20.620 0.044981
20.630 0.044981
20.640 0.044980
20.650 0.044980
20.660 0.044980
20.670 0.044980
20.680 0.044980
20.690 0.044980
20.700 0.044980
20.710 0.044980
20.720 0.044980
20.730 0.044980
20.740 0.044980
20.750 0.044980
20.760 0.044979
20.770 0.044979
20.780 0.044979
20.790 0.044979
20.800 0.044979
20.810 0.044979
20.820 0.044979
20.830 0.044979
20.840 0.044979
20.850 0.044979
20.860 0.044979
20.870 0.044979
20.880 0.044979
20.890 0.044978
20.900 0.044978
20.910 0.044978
20.920 0.044978
20.930 0.044978
20.940 0.044978
20.950 0.044978
20.960 0.044978
20.970 0.044978
20.980 0.044978
20.990 0.044978
21.000 0.044978
21.010 0.044978
21.020 0.044977
21.030 0.044977
21.040 0.044977
21.050 0.044977
21.060 0.044977
21.070 0.044977
21.080 0.044977
21.090 0.044977
21.100 0.044977
21.110 0.044977
21.120 0.044977
21.130 0.044977
21.140 0.044976
21.150 0.044976
21.160 0.044976
21.170 0.044976
21.180 0.044976
21.190 0.044976
21.200 0.044976
21.210 0.044976
21.220 0.044976
21.230 0.044976
21.240 0.044976
21.250 0.044976
21.260 0.044976
21.270 0.044975
21.280 0.044975
21.290 0.044975
21.300 0.044975
21.310 0.044975
21.320 0.044975
21.330 0.044975
21.340 0.044975
21.350 0.044975
21.360 0.044975
21.370 0.044975
21.380 0.044975
21.390 0.044974
21.400 0.044974
21.410 0.044974
21.420 0.044974
21.430 0.044974
21.440 0.044974
21.450 0.044974
21.460 0.044974
21.470 0.044974
21.480 0.044974
21.490 0.044974
21.500 0.044974
21.510 0.044974
21.520 0.044973
21.530 0.044973
21.540 0.044973
21.550 0.044973
21.560 0.044973
21.570 0.044973
21.580 0.044973
21.590 0.044973
21.600 0.044973
21.610 0.044973
21.620 0.044973
21.630 0.044973
21.640 0.044972
21.650 0.044972
21.660 0.044972
21.670 0.044972
21.680 0.044972
21.690 0.044972
21.700 0.044972
21.710 0.044972
21.720 0.044972
21.730 0.044972
21.740 0.044972
21.750 0.044972
21.760 0.044972
21.770 0.044971
21.780 0.044971
21.790 0.044971
21.800 0.044971
21.810 0.044971
21.820 0.044971
21.830 0.044971
21.840 0.044971
21.850 0.044971
21.860 0.044971
21.870 0.044971
21.880 0.044971
21.890 0.044971
21.900 0.044970
21.910 0.044970
21.920 0.044970
21.930 0.044970
21.940 0.044970
21.950 0.044970
21.960 0.044970
21.970 0.044970
21.980 0.044970
21.990 0.044970
22.000 0.044970
22.010 0.044970
22.020 0.044969
22.030 0.044969
22.040 0.044969
22.050 0.044969
22.060 0.044969
22.070 0.044969
22.080 0.044969
22.090 0.044969
22.100 0.044969
22.110 0.044969
22.120 0.044969
22.130 0.044969
22.140 0.044969
22.150 0.044968
22.160 0.044968
22.170 0.044968
22.180 0.044968
22.190 0.044968
22.200 0.044968
22.210 0.044968
22.220 0.044968
22.230 0.044968
22.240 0.044968
22.250 0.044968
22.260 0.044968
22.270 0.044967
22.280 0.044967
22.290 0.044967
22.300 0.044967
22.310 0.044967
22.320 0.044967
22.330 0.044967
22.340 0.044967
22.350 0.044967
22.360 0.044967
22.370 0.044967
22.380 0.044967
22.390 0.044967
22.400 0.044966
22.410 0.044966
22.420 0.044966
22.430 0.044966
22.440 0.044966
22.450 0.044966
22.460 0.044966
22.470 0.044966
22.480 0.044966
22.490 0.044966
22.500 0.044966
22.510 0.044966
22.520 0.044966
22.530 0.044965
22.540 0.044965
22.550 0.044965
22.560 0.044965
22.570 0.044965
22.580 0.044965
22.590 0.044965
22.600 0.044965
22.610 0.044965
22.620 0.044965
22.630 0.044965
22.640 0.044965
22.650 0.044964
22.660 0.044964
22.670 0.044964
22.680 0.044964
22.690 0.044964
22.700 0.044964
22.710 0.044964
22.720 0.044964
22.730 0.044964
22.740 0.044964
22.750 0.044964
22.760 0.044964
22.770 0.044964
22.780 0.044963
22.790 0.044963
22.800 0.044963
22.810 0.044963
22.820 0.044963
22.830 0.044963
22.840 0.044963
22.850 0.044963
22.860 0.044963
22.870 0.044963
22.880 0.044963
22.890 0.044963
22.900 0.044962
22.910 0.044962
22.920 0.044962
22.930 0.044962
22.940 0.044962
22.950 0.044962
22.960 0.044962
22.970 0.044962
22.980 0.044962
22.990 0.044962
23.000 0.044962
23.010 0.044962
23.020 0.044962
23.030 0.044961
23.040 0.044961
23.050 0.044961
23.060 0.044961
23.070 0.044961
23.080 0.044961
23.090 0.044961
23.100 0.044961
23.110 0.044961
23.120 0.044961
23.130 0.044961
23.140 0.044961
23.150 0.044961
23.160 0.044960
23.170 0.044960
23.180 0.044960
23.190 0.044960
23.200 0.044960
23.210 0.044960
23.220 0.044960
23.230 0.044960
23.240 0.044960
23.250 0.044960
23.260 0.044960
23.270 0.044960
23.280 0.044959
23.290 0.044959
23.300 0.044959
23.310 0.044959
23.320 0.044959
23.330 0.044959
23.340 0.044959
23.350 0.044959
23.360 0.044959
23.370 0.044959
23.380 0.044959
23.390 0.044959
23.400 0.044959
23.410 0.044958
23.420 0.044958
23.430 0.044958
23.440 0.044958
23.450 0.044958
23.460 0.044958
23.470 0.044958
23.480 0.044958
23.490 0.044958
23.500 0.044958
23.510 0.044958
23.520 0.044958
23.530 0.044958
23.540 0.044957
23.550 0.044957
23.560 0.044957
23.570 0.044957
23.580 0.044957
23.590 0.044957
23.600 0.044957
23.610 0.044957
23.620 0.044957
23.630 0.044957
23.640 0.044957
23.650 0.044957
23.660 0.044956
23.670 0.044956
23.680 0.044956
23.690 0.044956
23.700 0.044956
23.710 0.044956
23.720 0.044956
23.730 0.044956
23.740 0.044956
23.750 0.044956
23.760 0.044956
23.770 0.044956
23.780 0.044956
23.790 0.044955
23.800 0.044955
23.810 0.044955
23.820 0.044955
23.830 0.044955
23.840 0.044955
23.850 0.044955
23.860 0.044955
23.870 0.044955
23.880 0.044955
23.890 0.044955
23.900 0.044955
23.910 0.044954
23.920 0.044954
23.930 0.044954
23.940 0.044954
23.950 0.044954
23.960 0.044954
23.970 0.044954
23.980 0.044954
23.990 0.044954
24.000 0.044954
24.010 0.044954
24.020 0.044954
24.030 0.044954
24.040 0.044953
24.050 0.044953
24.060 0.044953
24.070 0.044953
24.080 0.044953
24.090 0.044953
24.100 0.044953
24.110 0.044953
24.120 0.044953
24.130 0.044953
24.140 0.044953
24.150 0.044953
24.160 0.044953
24.170 0.044952
24.180 0.044952
24.190 0.044952
24.200 0.044952
24.210 0.044952
24.220 0.044952
24.230 0.044952
24.240 0.044952
24.250 0.044952
24.260 0.044952
24.270 0.044952
24.280 0.044952
24.290 0.044951
24.300 0.044951
24.310 0.044951
24.320 0.044951
24.330 0.044951
24.340 0.044951
24.350 0.044951
24.360 0.044951
24.370 0.044951
24.380 0.044951
24.390 0.044951
24.400 0.044951
24.410 0.044951
24.420 0.044950
24.430 0.044950
24.440 0.044950
24.450 0.044950
24.460 0.044950
24.470 0.044950
24.480 0.044950
24.490 0.044950
24.500 0.044950
24.510 0.044950
24.520 0.044950
24.530 0.044950
24.540 0.044950
24.550 0.044949
24.560 0.044949
24.570 0.044949
24.580 0.044949
24.590 0.044949
24.600 0.044949
24.610 0.044949
24.620 0.044949
24.630 0.044949
24.640 0.044949
24.650 0.044949
24.660 0.044949
24.670 0.044948
24.680 0.044948
24.690 0.044948
24.700 0.044948
24.710 0.044948
24.720 0.044948
24.730 0.044948
24.740 0.044948
24.750 0.044948
24.760 0.044948
24.770 0.044948
24.780 0.044948
24.790 0.044948
24.800 0.044947
24.810 0.044947
24.820 0.044947
24.830 0.044947
24.840 0.044947
24.850 0.044947
24.860 0.044947
24.870 0.044947
24.880 0.044947
24.890 0.044947
24.900 0.044947
24.910 0.044947
24.920 0.044947
24.930 0.044946
24.940 0.044946
24.950 0.044946
24.960 0.044946
24.970 0.044946
24.980 0.044946
24.990 0.044946
25.000 0.044946
25.100 0.044945
25.110 0.044945
25.120 0.044945
25.130 0.044945
25.140 0.044945
25.150 0.044945
25.160 0.044945
25.170 0.044945
25.180 0.044944
25.190 0.044944
25.200 0.044944
25.210 0.044944
25.220 0.044944
25.230 0.044944
25.240 0.044944
25.250 0.044944
25.260 0.044944
25.270 0.044944
25.280 0.044944
25.290 0.044944
25.300 0.044944
25.310 0.044943
25.320 0.044943
25.330 0.044943
25.340 0.044943
25.350 0.044943
25.360 0.044943
25.370 0.044943
25.380 0.044943
25.390 0.044943
25.400 0.044943
25.410 0.044943
25.420 0.044943
25.430 0.044942
25.440 0.044942
25.450 0.044942
25.460 0.044942
25.470 0.044942
25.480 0.044942
25.490 0.044942
25.500 0.044942
25.510 0.044942
25.520 0.044942
25.530 0.044942
25.540 0.044942
25.550 0.044942
25.560 0.044941
25.570 0.044941
25.580 0.044941
25.590 0.044941
25.600 0.044941
25.610 0.044941
25.620 0.044941
25.630 0.044941
25.640 0.044941
25.650 0.044941
25.660 0.044941
25.670 0.044941
25.680 0.044941
25.690 0.044940
25.700 0.044940
25.710 0.044940
25.720 0.044940
25.730 0.044940
25.740 0.044940
25.750 0.044940
25.760 0.044940
25.770 0.044940
25.780 0.044940
25.790 0.044940
25.800 0.044940
25.810 0.044939
25.820 0.044939
25.830 0.044939
25.840 0.044939
25.850 0.044939
25.860 0.044939
25.870 0.044939
25.880 0.044939
25.890 0.044939
25.900 0.044939
25.910 0.044939
25.920 0.044939
25.930 0.044939
25.940 0.044938
25.950 0.044938
25.960 0.044938
25.970 0.044938
25.980 0.044938
25.990 0.044938
26.000 0.044938
26.010 0.044938
26.020 0.044938
26.030 0.044938
26.040 0.044938
26.050 0.044938
26.060 0.044938
26.070 0.044937
26.080 0.044937
26.090 0.044937
26.100 0.044937
26.110 0.044937
26.120 0.044937
26.130 0.044937
26.140 0.044937
26.150 0.044937
26.160 0.044937
26.170 0.044937
26.180 0.044937
26.190 0.044936
26.200 0.044936
26.210 0.044936
26.220 0.044936
26.230 0.044936
26.240 0.044936
26.250 0.044936
26.260 0.044936
26.270 0.044936
26.280 0.044936
26.290 0.044936
26.300 0.044936
26.310 0.044936
26.320 0.044935
26.330 0.044935
26.340 0.044935
26.350 0.044935
26.360 0.044935
26.370 0.044935
26.380 0.044935
26.390 0.044935
26.400 0.044935
26.410 0.044935
26.420 0.044935
26.430 0.044935
26.440 0.044935
26.450 0.044934
26.460 0.044934
26.470 0.044934
26.480 0.044934
26.490 0.044934
26.500 0.044934
26.510 0.044934
26.520 0.044934
26.530 0.044934
26.540 0.044934
26.550 0.044934
26.560 0.044934
26.570 0.044934
26.580 0.044933
26.590 0.044933
26.600 0.044933
26.610 0.044933
26.620 0.044933
26.630 0.044933
26.640 0.044933
26.650 0.044933
26.660 0.044933
26.670 0.044933
26.680 0.044933
26.690 0.044933
26.700 0.044932
26.710 0.044932
26.720 0.044932
26.730 0.044932
26.740 0.044932
26.750 0.044932
26.760 0.044932
26.770 0.044932
26.780 0.044932
26.790 0.044932
26.800 0.044932
26.810 0.044932
26.820 0.044932
26.830 0.044931
26.840 0.044931
26.850 0.044931
26.860 0.044931
26.870 0.044931
26.880 0.044931
26.890 0.044931
26.900 0.044931
26.910 0.044931
26.920 0.044931
26.930 0.044931
26.940 0.044931
26.950 0.044931
26.960 0.044930
26.970 0.044930
26.980 0.044930
26.990 0.044930
27.000 0.044930
27.010 0.044930
27.020 0.044930
27.030 0.044930
27.040 0.044930
27.050 0.044930
27.060 0.044930
27.070 0.044930
27.080 0.044929
27.090 0.044929
27.100 0.044929
27.110 0.044929
27.120 0.044929
27.130 0.044929
27.140 0.044929
27.150 0.044929
27.160 0.044929
27.170 0.044929
27.180 0.044929
27.190 0.044929
27.200 0.044929
27.210 0.044928
27.220 0.044928
27.230 0.044928
27.240 0.044928
27.250 0.044928
27.260 0.044928
27.270 0.044928
27.280 0.044928
27.290 0.044928
27.300 0.044928
27.310 0.044928
27.320 0.044928
27.330 0.044928
27.340 0.044927
27.350 0.044927
27.360 0.044927
27.370 0.044927
27.380 0.044927
27.390 0.044927
27.400 0.044927
27.410 0.044927
27.420 0.044927
27.430 0.044927
27.440 0.044927
27.450 0.044927
27.460 0.044927
27.470 0.044926
27.480 0.044926
27.490 0.044926
27.500 0.044926
27.510 0.044926
27.520 0.044926
27.530 0.044926
27.540 0.044926
27.550 0.044926
27.560 0.044926
27.570 0.044926
27.580 0.044926
27.590 0.044925
27.600 0.044925
27.610 0.044925
27.620 0.044925
27.630 0.044925
27.640 0.044925
27.650 0.044925
27.660 0.044925
27.670 0.044925
27.680 0.044925
27.690 0.044925
27.700 0.044925
27.710 0.044925
27.720 0.044924
27.730 0.044924
27.740 0.044924
27.750 0.044924
27.760 0.044924
27.770 0.044924
27.780 0.044924
27.790 0.044924
27.800 0.044924
27.810 0.044924
27.820 0.044924
27.830 0.044924
27.840 0.044924
27.850 0.044923
27.860 0.044923
27.870 0.044923
27.880 0.044923
27.890 0.044923
27.900 0.044923
27.910 0.044923
27.920 0.044923
27.930 0.044923
27.940 0.044923
27.950 0.044923
27.960 0.044923
27.970 0.044923
27.980 0.044922
27.990 0.044922
28.000 0.044922
28.010 0.044922
28.020 0.044922
28.030 0.044922
28.040 0.044922
28.050 0.044922
28.060 0.044922
28.070 0.044922
28.080 0.044922
28.090 0.044922
28.100 0.044921
28.110 0.044921
28.120 0.044921
28.130 0.044921
28.140 0.044921
28.150 0.044921
28.160 0.044921
28.170 0.044921
28.180 0.044921
28.190 0.044921
28.200 0.044921
28.210 0.044921
28.220 0.044921
28.230 0.044920
28.240 0.044920
28.250 0.044920
28.260 0.044920
28.270 0.044920
28.280 0.044920
28.290 0.044920
28.300 0.044920
28.310 0.044920
28.320 0.044920
28.330 0.044920
28.340 0.044920
28.350 0.044920
28.360 0.044919
28.370 0.044919
28.380 0.044919
28.390 0.044919
28.400 0.044919
28.410 0.044919
28.420 0.044919
28.430 0.044919
28.440 0.044919
28.450 0.044919
28.460 0.044919
28.470 0.044919
28.480 0.044919
28.490 0.044918
28.500 0.044918
28.510 0.044918
28.520 0.044918
28.530 0.044918
28.540 0.044918
28.550 0.044918
28.560 0.044918
28.570 0.044918
28.580 0.044918
28.590 0.044918
28.600 0.044918
28.610 0.044917
28.620 0.044917
28.630 0.044917
28.640 0.044917
28.650 0.044917
28.660 0.044917
28.670 0.044917
28.680 0.044917
28.690 0.044917
28.700 0.044917
28.710 0.044917
28.720 0.044917
28.730 0.044917
28.740 0.044916
28.750 0.044916
28.760 0.044916
28.770 0.044916
28.780 0.044916
28.790 0.044916
28.800 0.044916
28.810 0.044916
28.820 0.044916
28.830 0.044916
28.840 0.044916
28.850 0.044916
28.860 0.044916
28.870 0.044915
28.880 0.044915
28.890 0.044915
28.900 0.044915
28.910 0.044915
28.920 0.044915
28.930 0.044915
28.940 0.044915
28.950 0.044915
28.960 0.044915
28.970 0.044915
28.980 0.044915
28.990 0.044915
29.000 0.044914
29.010 0.044914
29.020 0.044914
29.030 0.044914
29.040 0.044914
29.050 0.044914
29.060 0.044914
29.070 0.044914
29.080 0.044914
29.090 0.044914
29.100 0.044914
29.110 0.044914
29.120 0.044913
29.130 0.044913
29.140 0.044913
29.150 0.044913
29.160 0.044913
29.170 0.044913
29.180 0.044913
29.190 0.044913
29.200 0.044913
29.210 0.044913
29.220 0.044913
29.230 0.044913
29.240 0.044913
29.250 0.044912
29.260 0.044912
29.270 0.044912
29.280 0.044912
29.290 0.044912
29.300 0.044912
29.310 0.044912
29.320 0.044912
29.330 0.044912
29.340 0.044912
29.350 0.044912
29.360 0.044912
29.370 0.044912
29.380 0.044911
29.390 0.044911
29.400 0.044911
29.410 0.044911
29.420 0.044911
29.430 0.044911
29.440 0.044911
29.450 0.044911
29.460 0.044911
29.470 0.044911
29.480 0.044911
29.490 0.044911
29.500 0.044911
29.510 0.044910
29.520 0.044910
29.530 0.044910
29.540 0.044910
29.550 0.044910
29.560 0.044910
29.570 0.044910
29.580 0.044910
29.590 0.044910
29.600 0.044910
29.610 0.044910
29.620 0.044910
29.630 0.044909
29.640 0.044909
29.650 0.044909
29.660 0.044909
29.670 0.044909
29.680 0.044909
29.690 0.044909
29.700 0.044909
29.710 0.044909
29.720 0.044909
29.730 0.044909
29.740 0.044909
29.750 0.044909
29.760 0.044908
29.770 0.044908
29.780 0.044908
29.790 0.044908
29.800 0.044908
29.810 0.044908
29.820 0.044908
29.830 0.044908
29.840 0.044908
29.850 0.044908
29.860 0.044908
29.870 0.044908
29.880 0.044908
29.890 0.044907
29.900 0.044907
29.910 0.044907
29.920 0.044907
29.930 0.044907
29.940 0.044907
29.950 0.044907
29.960 0.044907
29.970 0.044907
29.980 0.044907
29.990 0.044907
30.000 0.044907
