0.10000 155.60 0.010127932746
0.11000 141.43 0.0111407260206
0.12000 129.62 0.0121535192952
0.13000 119.62 0.0131663125698
0.14000 111.06 0.0141791058444
0.15000 103.63 0.0151918991189
0.16000 97.135 0.0162046923935
0.17000 91.403 0.0172174856681
0.18000 86.308 0.0182302789427
0.19000 81.749 0.0192430722173
0.20000 77.646 0.0202558654919
0.21000 73.934 0.0212686587665
0.22000 70.559 0.0222814520411
0.23000 67.478 0.0232942453157
0.24000 64.653 0.0243070385903
0.25000 62.055 0.0253198318649
0.26000 59.656 0.0263326251395
0.27000 57.435 0.0273454184141
0.28000 55.373 0.0283582116887
0.29000 53.453 0.0293710049633
0.30000 51.661 0.0303837982379
0.31000 49.984 0.0313965915125
0.32000 48.412 0.0324093847871
0.33000 46.936 0.0334221780617
0.34000 45.546 0.0344349713363
0.35000 44.236 0.0354477646109
0.36000 42.999 0.0364605578855
0.37000 41.828 0.0374733511601
0.38000 40.719 0.0384861444347
0.39000 39.667 0.0394989377093
0.40000 38.667 0.0405117309839
0.41000 37.717 0.0415245242585
0.42000 36.811 0.0425373175331
0.43000 35.948 0.0435501108077
0.44000 35.124 0.0445629040822
0.45000 34.336 0.0455756973568
0.46000 33.583 0.0465884906314
0.47000 32.862 0.047601283906
0.48000 32.171 0.0486140771806
0.49000 31.508 0.0496268704552
0.50000 30.871 0.0506396637298
0.51000 30.260 0.0516524570044
0.52000 29.672 0.052665250279
0.53000 29.106 0.0536780435536
0.54000 28.561 0.0546908368282
0.55000 28.036 0.0557036301028
0.56000 27.530 0.0567164233774
0.57000 27.042 0.057729216652
0.58000 26.570 0.0587420099266
0.59000 26.114 0.0597548032012
0.60000 25.674 0.0607675964758
0.61000 25.248 0.0617803897504
0.62000 24.835 0.062793183025
0.63000 24.436 0.0638059762996
0.64000 24.050 0.0648187695742
0.65000 23.675 0.0658315628488
0.66000 23.311 0.0668443561234
0.67000 22.959 0.067857149398
0.68000 22.616 0.0688699426726
0.69000 22.284 0.0698827359472
0.70000 21.961 0.0708955292218
0.71000 21.647 0.0719083224964
0.72000 21.342 0.072921115771
0.73000 21.046 0.0739339090455
0.74000 20.757 0.0749467023201
0.75000 20.476 0.0759594955947
0.76000 20.202 0.0769722888693
0.77000 19.936 0.0779850821439
0.78000 19.676 0.0789978754185
0.79000 19.423 0.0800106686931
0.80000 19.176 0.0810234619677
0.81000 18.936 0.0820362552423
0.82000 18.701 0.0830490485169
0.83000 18.472 0.0840618417915
0.84000 18.248 0.0850746350661
0.85000 18.030 0.0860874283407
0.86000 17.816 0.0871002216153
0.87000 17.608 0.0881130148899
0.88000 17.404 0.0891258081645
0.89000 17.205 0.0901386014391
0.90000 17.010 0.0911513947137
0.91000 16.820 0.0921641879883
0.92000 16.634 0.0931769812629
0.93000 16.451 0.0941897745375
0.94000 16.273 0.0952025678121
0.95000 16.098 0.0962153610867
0.96000 15.927 0.0972281543613
0.97000 15.760 0.0982409476359
0.98000 15.596 0.0992537409105
0.99000 15.435 0.100266534185
1.0000 15.277 0.10127932746
1.0100 15.123 0.102292120734
1.0200 14.971 0.103304914009
1.0300 14.823 0.104317707283
1.0400 14.677 0.105330500558
1.0500 14.535 0.106343293833
1.0600 14.394 0.107356087107
1.0700 14.257 0.108368880382
1.0800 14.122 0.109381673656
1.0900 13.989 0.110394466931
1.1000 13.859 0.111407260206
1.1100 13.732 0.11242005348
1.1200 13.606 0.113432846755
1.1300 13.483 0.114445640029
1.1400 13.362 0.115458433304
1.1500 13.243 0.116471226579
1.1600 13.126 0.117484019853
1.1700 13.011 0.118496813128
1.1800 12.898 0.119509606402
1.1900 12.787 0.120522399677
1.2000 12.678 0.121535192952
1.2100 12.570 0.122547986226
1.2200 12.464 0.123560779501
1.2300 12.360 0.124573572775
1.2400 12.258 0.12558636605
1.2500 12.157 0.126599159325
1.2600 12.058 0.127611952599
1.2700 11.961 0.128624745874
1.2800 11.865 0.129637539148
1.2900 11.770 0.130650332423
1.3000 11.677 0.131663125698
1.3100 11.586 0.132675918972
1.3200 11.496 0.133688712247
1.3300 11.407 0.134701505521
1.3400 11.319 0.135714298796
1.3500 11.233 0.136727092071
1.3600 11.148 0.137739885345
1.3700 11.064 0.13875267862
1.3800 10.982 0.139765471894
1.3900 10.900 0.140778265169
1.4000 10.820 0.141791058444
1.4100 10.741 0.142803851718
1.4200 10.663 0.143816644993
1.4300 10.586 0.144829438267
1.4400 10.510 0.145842231542
1.4500 10.436 0.146855024816
1.4600 10.362 0.147867818091
1.4700 10.289 0.148880611366
1.4800 10.218 0.14989340464
1.4900 10.147 0.150906197915
1.5000 10.077 0.151918991189
1.5100 10.008 0.152931784464
1.5200 9.9400 0.153944577739
1.5300 9.8729 0.154957371013
1.5400 9.8067 0.155970164288
1.5500 9.7413 0.156982957562
1.5600 9.6767 0.157995750837
1.5700 9.6130 0.159008544112
1.5800 9.5501 0.160021337386
1.5900 9.4879 0.161034130661
1.6000 9.4266 0.162046923935
1.6100 9.3660 0.16305971721
1.6200 9.3061 0.164072510485
1.6300 9.2470 0.165085303759
1.6400 9.1886 0.166098097034
1.6500 9.1309 0.167110890308
1.6600 9.0739 0.168123683583
1.6700 9.0176 0.169136476858
1.6800 8.9620 0.170149270132
1.6900 8.9070 0.171162063407
1.7000 8.8527 0.172174856681
1.7100 8.7990 0.173187649956
1.7200 8.7459 0.174200443231
1.7300 8.6934 0.175213236505
1.7400 8.6415 0.17622602978
1.7500 8.5903 0.177238823054
1.7600 8.5396 0.178251616329
1.7700 8.4894 0.179264409604
1.7800 8.4399 0.180277202878
1.7900 8.3909 0.181289996153
1.8000 8.3424 0.182302789427
1.8100 8.2945 0.183315582702
1.8200 8.2471 0.184328375977
1.8300 8.2002 0.185341169251
1.8400 8.1538 0.186353962526
1.8500 8.1079 0.1873667558
1.8600 8.0626 0.188379549075
1.8700 8.0177 0.18939234235
1.8800 7.9732 0.190405135624
1.8900 7.9293 0.191417928899
1.9000 7.8858 0.192430722173
1.9100 7.8427 0.193443515448
1.9200 7.8002 0.194456308723
1.9300 7.7580 0.195469101997
1.9400 7.7163 0.196481895272
1.9500 7.6750 0.197494688546
1.9600 7.6341 0.198507481821
1.9700 7.5937 0.199520275096
1.9800 7.5536 0.20053306837
1.9900 7.5140 0.201545861645
2.0000 7.4747 0.202558654919
2.0100 7.4359 0.203571448194
2.0200 7.3974 0.204584241469
2.0300 7.3593 0.205597034743
2.0400 7.3216 0.206609828018
2.0500 7.2842 0.207622621292
2.0600 7.2472 0.208635414567
2.0700 7.2106 0.209648207841
2.0800 7.1743 0.210661001116
2.0900 7.1383 0.211673794391
2.1000 7.1027 0.212686587665
2.1100 7.0675 0.21369938094
2.1200 7.0325 0.214712174214
2.1300 6.9979 0.215724967489
2.1400 6.9637 0.216737760764
2.1500 6.9297 0.217750554038
2.1600 6.8960 0.218763347313
2.1700 6.8627 0.219776140587
2.1800 6.8297 0.220788933862
2.1900 6.7969 0.221801727137
2.2000 6.7645 0.222814520411
2.2100 6.7323 0.223827313686
2.2200 6.7005 0.22484010696
2.2300 6.6689 0.225852900235
2.2400 6.6376 0.22686569351
2.2500 6.6066 0.227878486784
2.2600 6.5759 0.228891280059
2.2700 6.5454 0.229904073333
2.2800 6.5152 0.230916866608
2.2900 6.4852 0.231929659883
2.3000 6.4556 0.232942453157
2.3100 6.4261 0.233955246432
2.3200 6.3970 0.234968039706
2.3300 6.3680 0.235980832981
2.3400 6.3394 0.236993626256
2.3500 6.3109 0.23800641953
2.3600 6.2827 0.239019212805
2.3700 6.2548 0.240032006079
2.3800 6.2270 0.241044799354
2.3900 6.1996 0.242057592629
2.4000 6.1723 0.243070385903
2.4100 6.1453 0.244083179178
2.4200 6.1184 0.245095972452
2.4300 6.0918 0.246108765727
2.4400 6.0655 0.247121559002
2.4500 6.0393 0.248134352276
2.4600 6.0133 0.249147145551
2.4700 5.9876 0.250159938825
2.4800 5.9621 0.2511727321
2.4900 5.9367 0.252185525375
2.5000 5.9116 0.253198318649
2.5100 5.8867 0.254211111924
2.5200 5.8619 0.255223905198
2.5300 5.8374 0.256236698473
2.5400 5.8131 0.257249491748
2.5500 5.7889 0.258262285022
2.5600 5.7649 0.259275078297
2.5700 5.7412 0.260287871571
2.5800 5.7176 0.261300664846
2.5900 5.6941 0.262313458121
2.6000 5.6709 0.263326251395
2.6100 5.6478 0.26433904467
2.6200 5.6250 0.265351837944
2.6300 5.6022 0.266364631219
2.6400 5.5797 0.267377424493
2.6500 5.5573 0.268390217768
2.6600 5.5351 0.269403011043
2.6700 5.5131 0.270415804317
2.6800 5.4912 0.271428597592
2.6900 5.4695 0.272441390866
2.7000 5.4479 0.273454184141
2.7100 5.4265 0.274466977416
2.7200 5.4053 0.27547977069
2.7300 5.3842 0.276492563965
2.7400 5.3633 0.277505357239
2.7500 5.3425 0.278518150514
2.7600 5.3219 0.279530943789
2.7700 5.3014 0.280543737063
2.7800 5.2811 0.281556530338
2.7900 5.2609 0.282569323612
2.8000 5.2408 0.283582116887
2.8100 5.2209 0.284594910162
2.8200 5.2012 0.285607703436
2.8300 5.1815 0.286620496711
2.8400 5.1621 0.287633289985
2.8500 5.1427 0.28864608326
2.8600 5.1235 0.289658876535
2.8700 5.1044 0.290671669809
2.8800 5.0855 0.291684463084
2.8900 5.0666 0.292697256358
2.9000 5.0479 0.293710049633
2.9100 5.0294 0.294722842908
2.9200 5.0109 0.295735636182
2.9300 4.9926 0.296748429457
2.9400 4.9744 0.297761222731
2.9500 4.9564 0.298774016006
2.9600 4.9384 0.299786809281
2.9700 4.9206 0.300799602555
2.9800 4.9029 0.30181239583
2.9900 4.8853 0.302825189104
3.0000 4.8678 0.303837982379
3.0100 4.8505 0.304850775654
3.0200 4.8332 0.305863568928
3.0300 4.8161 0.306876362203
3.0400 4.7991 0.307889155477
3.0500 4.7822 0.308901948752
3.0600 4.7654 0.309914742027
3.0700 4.7487 0.310927535301
3.0800 4.7321 0.311940328576
3.0900 4.7156 0.31295312185
3.1000 4.6993 0.313965915125
3.1100 4.6830 0.3149787084
3.1200 4.6668 0.315991501674
3.1300 4.6508 0.317004294949
3.1400 4.6348 0.318017088223
3.1500 4.6190 0.319029881498
3.1600 4.6032 0.320042674773
3.1700 4.5875 0.321055468047
3.1800 4.5720 0.322068261322
3.1900 4.5565 0.323081054596
3.2000 4.5411 0.324093847871
3.2100 4.5259 0.325106641145
3.2200 4.5107 0.32611943442
3.2300 4.4956 0.327132227695
3.2400 4.4806 0.328145020969
3.2500 4.4657 0.329157814244
3.2600 4.4509 0.330170607518
3.2700 4.4362 0.331183400793
3.2800 4.4215 0.332196194068
3.2900 4.4070 0.333208987342
3.3000 4.3925 0.334221780617
3.3100 4.3782 0.335234573891
3.3200 4.3639 0.336247367166
3.3300 4.3497 0.337260160441
3.3400 4.3356 0.338272953715
3.3500 4.3215 0.33928574699
3.3600 4.3076 0.340298540264
3.3700 4.2937 0.341311333539
3.3800 4.2799 0.342324126814
3.3900 4.2662 0.343336920088
3.4000 4.2526 0.344349713363
3.4100 4.2391 0.345362506637
3.4200 4.2256 0.346375299912
3.4300 4.2122 0.347388093187
3.4319 4.2096 0.347580523909
3.4319 0.047426 0.347580523909
3.4400 0.047426 0.348400886461
3.4500 0.047426 0.349413679736
3.4600 0.047426 0.35042647301
3.4700 0.047426 0.351439266285
3.4800 0.047426 0.35245205956
3.4900 0.047426 0.353464852834
3.5000 0.047425 0.354477646109
3.5100 0.047425 0.355490439383
3.5200 0.047425 0.356503232658
3.5300 0.047425 0.357516025933
3.5400 0.047425 0.358528819207
3.5500 0.047425 0.359541612482
3.5600 0.047425 0.360554405756
3.5700 0.047425 0.361567199031
3.5800 0.047425 0.362579992306
3.5900 0.047424 0.36359278558
3.6000 0.047424 0.364605578855
3.6100 0.047424 0.365618372129
3.6200 0.047424 0.366631165404
3.6300 0.047424 0.367643958679
3.6400 0.047424 0.368656751953
3.6500 0.047424 0.369669545228
3.6600 0.047424 0.370682338502
3.6700 0.047423 0.371695131777
3.6800 0.047423 0.372707925052
3.6900 0.047423 0.373720718326
3.7000 0.047423 0.374733511601
3.7100 0.047423 0.375746304875
3.7200 0.047423 0.37675909815
3.7300 0.047423 0.377771891425
3.7400 0.047423 0.378784684699
3.7500 0.047422 0.379797477974
3.7600 0.047422 0.380810271248
3.7700 0.047422 0.381823064523
3.7800 0.047422 0.382835857797
3.7900 0.047422 0.383848651072
3.8000 0.047422 0.384861444347
3.8100 0.047422 0.385874237621
3.8200 0.047422 0.386887030896
3.8300 0.047422 0.38789982417
3.8400 0.047421 0.388912617445
3.8500 0.047421 0.38992541072
3.8600 0.047421 0.390938203994
3.8700 0.047421 0.391950997269
3.8800 0.047421 0.392963790543
3.8900 0.047421 0.393976583818
3.9000 0.047421 0.394989377093
3.9100 0.047421 0.396002170367
3.9200 0.047420 0.397014963642
3.9300 0.047420 0.398027756916
3.9400 0.047420 0.399040550191
3.9500 0.047420 0.400053343466
3.9600 0.047420 0.40106613674
3.9700 0.047420 0.402078930015
3.9800 0.047420 0.403091723289
3.9900 0.047420 0.404104516564
4.0000 0.047419 0.405117309839
4.0100 0.047419 0.406130103113
4.0200 0.047419 0.407142896388
4.0300 0.047419 0.408155689662
4.0400 0.047419 0.409168482937
4.0500 0.047419 0.410181276212
4.0600 0.047419 0.411194069486
4.0700 0.047419 0.412206862761
4.0800 0.047419 0.413219656035
4.0900 0.047418 0.41423244931
4.1000 0.047418 0.415245242585
4.1100 0.047418 0.416258035859
4.1200 0.047418 0.417270829134
4.1300 0.047418 0.418283622408
4.1400 0.047418 0.419296415683
4.1500 0.047418 0.420309208958
4.1600 0.047418 0.421322002232
4.1700 0.047417 0.422334795507
4.1800 0.047417 0.423347588781
4.1900 0.047417 0.424360382056
4.2000 0.047417 0.425373175331
4.2100 0.047417 0.426385968605
4.2200 0.047417 0.42739876188
4.2300 0.047417 0.428411555154
4.2400 0.047417 0.429424348429
4.2500 0.047416 0.430437141704
4.2600 0.047416 0.431449934978
4.2700 0.047416 0.432462728253
4.2800 0.047416 0.433475521527
4.2900 0.047416 0.434488314802
4.3000 0.047416 0.435501108077
4.3100 0.047416 0.436513901351
4.3200 0.047416 0.437526694626
4.3300 0.047415 0.4385394879
4.3400 0.047415 0.439552281175
4.3500 0.047415 0.440565074449
4.3600 0.047415 0.441577867724
4.3700 0.047415 0.442590660999
4.3800 0.047415 0.443603454273
4.3900 0.047415 0.444616247548
4.4000 0.047415 0.445629040822
4.4100 0.047415 0.446641834097
4.4200 0.047414 0.447654627372
4.4300 0.047414 0.448667420646
4.4400 0.047414 0.449680213921
4.4500 0.047414 0.450693007195
4.4600 0.047414 0.45170580047
4.4700 0.047414 0.452718593745
4.4800 0.047414 0.453731387019
4.4900 0.047414 0.454744180294
4.5000 0.047413 0.455756973568
4.5100 0.047413 0.456769766843
4.5200 0.047413 0.457782560118
4.5300 0.047413 0.458795353392
4.5400 0.047413 0.459808146667
4.5500 0.047413 0.460820939941
4.5600 0.047413 0.461833733216
4.5700 0.047413 0.462846526491
4.5800 0.047412 0.463859319765
4.5900 0.047412 0.46487211304
4.6000 0.047412 0.465884906314
4.6100 0.047412 0.466897699589
4.6200 0.047412 0.467910492864
4.6300 0.047412 0.468923286138
4.6400 0.047412 0.469936079413
4.6500 0.047412 0.470948872687
4.6600 0.047412 0.471961665962
4.6700 0.047411 0.472974459237
4.6800 0.047411 0.473987252511
4.6900 0.047411 0.475000045786
4.7000 0.047411 0.47601283906
4.7100 0.047411 0.477025632335
4.7200 0.047411 0.47803842561
4.7300 0.047411 0.479051218884
4.7400 0.047411 0.480064012159
4.7500 0.047410 0.481076805433
4.7600 0.047410 0.482089598708
4.7700 0.047410 0.483102391983
4.7800 0.047410 0.484115185257
4.7900 0.047410 0.485127978532
4.8000 0.047410 0.486140771806
4.8100 0.047410 0.487153565081
4.8200 0.047410 0.488166358356
4.8300 0.047409 0.48917915163
4.8400 0.047409 0.490191944905
4.8500 0.047409 0.491204738179
4.8600 0.047409 0.492217531454
4.8700 0.047409 0.493230324729
4.8800 0.047409 0.494243118003
4.8900 0.047409 0.495255911278
4.9000 0.047409 0.496268704552
4.9100 0.047409 0.497281497827
4.9200 0.047408 0.498294291102
4.9300 0.047408 0.499307084376
4.9400 0.047408 0.500319877651
4.9500 0.047408 0.501332670925
4.9600 0.047408 0.5023454642
4.9700 0.047408 0.503358257474
4.9800 0.047408 0.504371050749
4.9900 0.047408 0.505383844024
5.0000 0.047407 0.506396637298
5.1000 0.047406 0.516524570044
5.1100 0.047406 0.517537363319
5.1200 0.047406 0.518550156593
5.1300 0.047406 0.519562949868
5.1400 0.047406 0.520575743143
5.1500 0.047406 0.521588536417
5.1600 0.047406 0.522601329692
5.1700 0.047405 0.523614122966
5.1800 0.047405 0.524626916241
5.1900 0.047405 0.525639709516
5.2000 0.047405 0.52665250279
5.2100 0.047405 0.527665296065
5.2200 0.047405 0.528678089339
5.2300 0.047405 0.529690882614
5.2400 0.047405 0.530703675889
5.2500 0.047404 0.531716469163
5.2600 0.047404 0.532729262438
5.2700 0.047404 0.533742055712
5.2800 0.047404 0.534754848987
5.2900 0.047404 0.535767642262
5.3000 0.047404 0.536780435536
5.3100 0.047404 0.537793228811
5.3200 0.047404 0.538806022085
5.3300 0.047403 0.53981881536
5.3400 0.047403 0.540831608635
5.3500 0.047403 0.541844401909
5.3600 0.047403 0.542857195184
5.3700 0.047403 0.543869988458
5.3800 0.047403 0.544882781733
5.3900 0.047403 0.545895575008
5.4000 0.047403 0.546908368282
5.4100 0.047403 0.547921161557
5.4200 0.047402 0.548933954831
5.4300 0.047402 0.549946748106
5.4400 0.047402 0.550959541381
5.4500 0.047402 0.551972334655
5.4600 0.047402 0.55298512793
5.4700 0.047402 0.553997921204
5.4800 0.047402 0.555010714479
5.4900 0.047402 0.556023507754
5.5000 0.047401 0.557036301028
5.5100 0.047401 0.558049094303
5.5200 0.047401 0.559061887577
5.5300 0.047401 0.560074680852
5.5400 0.047401 0.561087474126
5.5500 0.047401 0.562100267401
5.5600 0.047401 0.563113060676
5.5700 0.047401 0.56412585395
5.5800 0.047400 0.565138647225
5.5900 0.047400 0.566151440499
5.6000 0.047400 0.567164233774
5.6100 0.047400 0.568177027049
5.6200 0.047400 0.569189820323
5.6300 0.047400 0.570202613598
5.6400 0.047400 0.571215406872
5.6500 0.047400 0.572228200147
5.6600 0.047400 0.573240993422
5.6700 0.047399 0.574253786696
5.6800 0.047399 0.575266579971
5.6900 0.047399 0.576279373245
5.7000 0.047399 0.57729216652
5.7100 0.047399 0.578304959795
5.7200 0.047399 0.579317753069
5.7300 0.047399 0.580330546344
5.7400 0.047399 0.581343339618
5.7500 0.047398 0.582356132893
5.7600 0.047398 0.583368926168
5.7700 0.047398 0.584381719442
5.7800 0.047398 0.585394512717
5.7900 0.047398 0.586407305991
5.8000 0.047398 0.587420099266
5.8100 0.047398 0.588432892541
5.8200 0.047398 0.589445685815
5.8300 0.047398 0.59045847909
5.8400 0.047397 0.591471272364
5.8500 0.047397 0.592484065639
5.8600 0.047397 0.593496858914
5.8700 0.047397 0.594509652188
5.8800 0.047397 0.595522445463
5.8900 0.047397 0.596535238737
5.9000 0.047397 0.597548032012
5.9100 0.047397 0.598560825287
5.9200 0.047396 0.599573618561
5.9300 0.047396 0.600586411836
5.9400 0.047396 0.60159920511
5.9500 0.047396 0.602611998385
5.9600 0.047396 0.60362479166
5.9700 0.047396 0.604637584934
5.9800 0.047396 0.605650378209
5.9900 0.047396 0.606663171483
6.0000 0.047395 0.607675964758
6.0100 0.047395 0.608688758033
6.0200 0.047395 0.609701551307
6.0300 0.047395 0.610714344582
6.0400 0.047395 0.611727137856
6.0500 0.047395 0.612739931131
6.0600 0.047395 0.613752724406
6.0700 0.047395 0.61476551768
6.0800 0.047395 0.615778310955
6.0900 0.047394 0.616791104229
6.1000 0.047394 0.617803897504
6.1100 0.047394 0.618816690778
6.1200 0.047394 0.619829484053
6.1300 0.047394 0.620842277328
6.1400 0.047394 0.621855070602
6.1500 0.047394 0.622867863877
6.1600 0.047394 0.623880657151
6.1700 0.047393 0.624893450426
6.1800 0.047393 0.625906243701
6.1900 0.047393 0.626919036975
6.2000 0.047393 0.62793183025
6.2100 0.047393 0.628944623524
6.2200 0.047393 0.629957416799
6.2300 0.047393 0.630970210074
6.2400 0.047393 0.631983003348
6.2500 0.047392 0.632995796623
6.2600 0.047392 0.634008589897
6.2700 0.047392 0.635021383172
6.2800 0.047392 0.636034176447
6.2900 0.047392 0.637046969721
6.3000 0.047392 0.638059762996
6.3100 0.047392 0.63907255627
6.3200 0.047392 0.640085349545
6.3300 0.047392 0.64109814282
6.3400 0.047391 0.642110936094
6.3500 0.047391 0.643123729369
6.3600 0.047391 0.644136522643
6.3700 0.047391 0.645149315918
6.3800 0.047391 0.646162109193
6.3900 0.047391 0.647174902467
6.4000 0.047391 0.648187695742
6.4100 0.047391 0.649200489016
6.4200 0.047390 0.650213282291
6.4300 0.047390 0.651226075566
6.4400 0.047390 0.65223886884
6.4500 0.047390 0.653251662115
6.4600 0.047390 0.654264455389
6.4700 0.047390 0.655277248664
6.4800 0.047390 0.656290041939
6.4900 0.047390 0.657302835213
6.5000 0.047389 0.658315628488
6.5100 0.047389 0.659328421762
6.5200 0.047389 0.660341215037
6.5300 0.047389 0.661354008312
6.5400 0.047389 0.662366801586
6.5500 0.047389 0.663379594861
6.5600 0.047389 0.664392388135
6.5700 0.047389 0.66540518141
6.5800 0.047389 0.666417974685
6.5900 0.047388 0.667430767959
6.6000 0.047388 0.668443561234
6.6100 0.047388 0.669456354508
6.6200 0.047388 0.670469147783
6.6300 0.047388 0.671481941058
6.6400 0.047388 0.672494734332
6.6500 0.047388 0.673507527607
6.6600 0.047388 0.674520320881
6.6700 0.047387 0.675533114156
6.6800 0.047387 0.67654590743
6.6900 0.047387 0.677558700705
6.7000 0.047387 0.67857149398
6.7100 0.047387 0.679584287254
6.7200 0.047387 0.680597080529
6.7300 0.047387 0.681609873803
6.7400 0.047387 0.682622667078
6.7500 0.047387 0.683635460353
6.7600 0.047386 0.684648253627
6.7700 0.047386 0.685661046902
6.7800 0.047386 0.686673840176
6.7900 0.047386 0.687686633451
6.8000 0.047386 0.688699426726
6.8100 0.047386 0.68971222
6.8200 0.047386 0.690725013275
6.8300 0.047386 0.691737806549
6.8400 0.047385 0.692750599824
6.8500 0.047385 0.693763393099
6.8600 0.047385 0.694776186373
6.8700 0.047385 0.695788979648
6.8800 0.047385 0.696801772922
6.8900 0.047385 0.697814566197
6.9000 0.047385 0.698827359472
6.9100 0.047385 0.699840152746
6.9200 0.047384 0.700852946021
6.9300 0.047384 0.701865739295
6.9400 0.047384 0.70287853257
6.9500 0.047384 0.703891325845
6.9600 0.047384 0.704904119119
6.9700 0.047384 0.705916912394
6.9800 0.047384 0.706929705668
6.9900 0.047384 0.707942498943
7.0000 0.047384 0.708955292218
7.0100 0.047383 0.709968085492
7.0200 0.047383 0.710980878767
7.0300 0.047383 0.711993672041
7.0400 0.047383 0.713006465316
7.0500 0.047383 0.714019258591
7.0600 0.047383 0.715032051865
7.0700 0.047383 0.71604484514
7.0800 0.047383 0.717057638414
7.0900 0.047382 0.718070431689
7.1000 0.047382 0.719083224964
7.1100 0.047382 0.720096018238
7.1200 0.047382 0.721108811513
7.1300 0.047382 0.722121604787
7.1400 0.047382 0.723134398062
7.1500 0.047382 0.724147191337
7.1600 0.047382 0.725159984611
7.1700 0.047381 0.726172777886
7.1800 0.047381 0.72718557116
7.1900 0.047381 0.728198364435
7.2000 0.047381 0.72921115771
7.2100 0.047381 0.730223950984
7.2200 0.047381 0.731236744259
7.2300 0.047381 0.732249537533
7.2400 0.047381 0.733262330808
7.2500 0.047381 0.734275124082
7.2600 0.047380 0.735287917357
7.2700 0.047380 0.736300710632
7.2800 0.047380 0.737313503906
7.2900 0.047380 0.738326297181
7.3000 0.047380 0.739339090455
7.3100 0.047380 0.74035188373
7.3200 0.047380 0.741364677005
7.3300 0.047380 0.742377470279
7.3400 0.047379 0.743390263554
7.3500 0.047379 0.744403056828
7.3600 0.047379 0.745415850103
7.3700 0.047379 0.746428643378
7.3800 0.047379 0.747441436652
7.3900 0.047379 0.748454229927
7.4000 0.047379 0.749467023201
7.4100 0.047379 0.750479816476
7.4200 0.047379 0.751492609751
7.4300 0.047378 0.752505403025
7.4400 0.047378 0.7535181963
7.4500 0.047378 0.754530989574
7.4600 0.047378 0.755543782849
7.4700 0.047378 0.756556576124
7.4800 0.047378 0.757569369398
7.4900 0.047378 0.758582162673
7.5000 0.047378 0.759594955947
7.5100 0.047377 0.760607749222
7.5200 0.047377 0.761620542497
7.5300 0.047377 0.762633335771
7.5400 0.047377 0.763646129046
7.5500 0.047377 0.76465892232
7.5600 0.047377 0.765671715595
7.5700 0.047377 0.76668450887
7.5800 0.047377 0.767697302144
7.5900 0.047376 0.768710095419
7.6000 0.047376 0.769722888693
7.6100 0.047376 0.770735681968
7.6200 0.047376 0.771748475243
7.6300 0.047376 0.772761268517
7.6400 0.047376 0.773774061792
7.6500 0.047376 0.774786855066
7.6600 0.047376 0.775799648341
7.6700 0.047376 0.776812441616
7.6800 0.047375 0.77782523489
7.6900 0.047375 0.778838028165
7.7000 0.047375 0.779850821439
7.7100 0.047375 0.780863614714
7.7200 0.047375 0.781876407989
7.7300 0.047375 0.782889201263
7.7400 0.047375 0.783901994538
7.7500 0.047375 0.784914787812
7.7600 0.047374 0.785927581087
7.7700 0.047374 0.786940374362
7.7800 0.047374 0.787953167636
7.7900 0.047374 0.788965960911
7.8000 0.047374 0.789978754185
7.8100 0.047374 0.79099154746
7.8200 0.047374 0.792004340735
7.8300 0.047374 0.793017134009
7.8400 0.047374 0.794029927284
7.8500 0.047373 0.795042720558
7.8600 0.047373 0.796055513833
7.8700 0.047373 0.797068307107
7.8800 0.047373 0.798081100382
7.8900 0.047373 0.799093893657
7.9000 0.047373 0.800106686931
7.9100 0.047373 0.801119480206
7.9200 0.047373 0.80213227348
7.9300 0.047372 0.803145066755
7.9400 0.047372 0.80415786003
7.9500 0.047372 0.805170653304
7.9600 0.047372 0.806183446579
7.9700 0.047372 0.807196239853
7.9800 0.047372 0.808209033128
7.9900 0.047372 0.809221826403
8.0000 0.047372 0.810234619677
8.0100 0.047371 0.811247412952
8.0200 0.047371 0.812260206226
8.0300 0.047371 0.813272999501
8.0400 0.047371 0.814285792776
8.0500 0.047371 0.81529858605
8.0600 0.047371 0.816311379325
8.0700 0.047371 0.817324172599
8.0800 0.047371 0.818336965874
8.0900 0.047371 0.819349759149
8.1000 0.047370 0.820362552423
8.1100 0.047370 0.821375345698
8.1200 0.047370 0.822388138972
8.1300 0.047370 0.823400932247
8.1400 0.047370 0.824413725522
8.1500 0.047370 0.825426518796
8.1600 0.047370 0.826439312071
8.1700 0.047370 0.827452105345
8.1800 0.047369 0.82846489862
8.1900 0.047369 0.829477691895
8.2000 0.047369 0.830490485169
8.2100 0.047369 0.831503278444
8.2200 0.047369 0.832516071718
8.2300 0.047369 0.833528864993
8.2400 0.047369 0.834541658268
8.2500 0.047369 0.835554451542
8.2600 0.047369 0.836567244817
8.2700 0.047368 0.837580038091
8.2800 0.047368 0.838592831366
8.2900 0.047368 0.839605624641
8.3000 0.047368 0.840618417915
8.3100 0.047368 0.84163121119
8.3200 0.047368 0.842644004464
8.3300 0.047368 0.843656797739
8.3400 0.047368 0.844669591014
8.3500 0.047367 0.845682384288
8.3600 0.047367 0.846695177563
8.3700 0.047367 0.847707970837
8.3800 0.047367 0.848720764112
8.3900 0.047367 0.849733557387
8.4000 0.047367 0.850746350661
8.4100 0.047367 0.851759143936
8.4200 0.047367 0.85277193721
8.4300 0.047366 0.853784730485
8.4400 0.047366 0.854797523759
8.4500 0.047366 0.855810317034
8.4600 0.047366 0.856823110309
8.4700 0.047366 0.857835903583
8.4800 0.047366 0.858848696858
8.4900 0.047366 0.859861490132
8.5000 0.047366 0.860874283407
8.5100 0.047366 0.861887076682
8.5200 0.047365 0.862899869956
8.5300 0.047365 0.863912663231
8.5400 0.047365 0.864925456505
8.5500 0.047365 0.86593824978
8.5600 0.047365 0.866951043055
8.5700 0.047365 0.867963836329
8.5800 0.047365 0.868976629604
8.5900 0.047365 0.869989422878
8.6000 0.047364 0.871002216153
8.6100 0.047364 0.872015009428
8.6200 0.047364 0.873027802702
8.6300 0.047364 0.874040595977
8.6400 0.047364 0.875053389251
8.6500 0.047364 0.876066182526
8.6600 0.047364 0.877078975801
8.6700 0.047364 0.878091769075
8.6800 0.047364 0.87910456235
8.6900 0.047363 0.880117355624
8.7000 0.047363 0.881130148899
8.7100 0.047363 0.882142942174
8.7200 0.047363 0.883155735448
8.7300 0.047363 0.884168528723
8.7400 0.047363 0.885181321997
8.7500 0.047363 0.886194115272
8.7600 0.047363 0.887206908547
8.7700 0.047362 0.888219701821
8.7800 0.047362 0.889232495096
8.7900 0.047362 0.89024528837
8.8000 0.047362 0.891258081645
8.8100 0.047362 0.89227087492
8.8200 0.047362 0.893283668194
8.8300 0.047362 0.894296461469
8.8400 0.047362 0.895309254743
8.8500 0.047362 0.896322048018
8.8600 0.047361 0.897334841293
8.8700 0.047361 0.898347634567
8.8800 0.047361 0.899360427842
8.8900 0.047361 0.900373221116
8.9000 0.047361 0.901386014391
8.9100 0.047361 0.902398807666
8.9200 0.047361 0.90341160094
8.9300 0.047361 0.904424394215
8.9400 0.047360 0.905437187489
8.9500 0.047360 0.906449980764
8.9600 0.047360 0.907462774039
8.9700 0.047360 0.908475567313
8.9800 0.047360 0.909488360588
8.9900 0.047360 0.910501153862
9.0000 0.047360 0.911513947137
9.0100 0.047360 0.912526740411
9.0200 0.047359 0.913539533686
9.0300 0.047359 0.914552326961
9.0400 0.047359 0.915565120235
9.0500 0.047359 0.91657791351
9.0600 0.047359 0.917590706784
9.0700 0.047359 0.918603500059
9.0800 0.047359 0.919616293334
9.0900 0.047359 0.920629086608
9.1000 0.047359 0.921641879883
9.1100 0.047358 0.922654673157
9.1200 0.047358 0.923667466432
9.1300 0.047358 0.924680259707
9.1400 0.047358 0.925693052981
9.1500 0.047358 0.926705846256
9.1600 0.047358 0.92771863953
9.1700 0.047358 0.928731432805
9.1800 0.047358 0.92974422608
9.1900 0.047357 0.930757019354
9.2000 0.047357 0.931769812629
9.2100 0.047357 0.932782605903
9.2200 0.047357 0.933795399178
9.2300 0.047357 0.934808192453
9.2400 0.047357 0.935820985727
9.2500 0.047357 0.936833779002
9.2600 0.047357 0.937846572276
9.2700 0.047357 0.938859365551
9.2800 0.047356 0.939872158826
9.2900 0.047356 0.9408849521
9.3000 0.047356 0.941897745375
9.3100 0.047356 0.942910538649
9.3200 0.047356 0.943923331924
9.3300 0.047356 0.944936125199
9.3400 0.047356 0.945948918473
9.3500 0.047356 0.946961711748
9.3600 0.047355 0.947974505022
9.3700 0.047355 0.948987298297
9.3800 0.047355 0.950000091572
9.3900 0.047355 0.951012884846
9.4000 0.047355 0.952025678121
9.4100 0.047355 0.953038471395
9.4200 0.047355 0.95405126467
9.4300 0.047355 0.955064057945
9.4400 0.047355 0.956076851219
9.4500 0.047354 0.957089644494
9.4600 0.047354 0.958102437768
9.4700 0.047354 0.959115231043
9.4800 0.047354 0.960128024318
9.4900 0.047354 0.961140817592
9.5000 0.047354 0.962153610867
9.5100 0.047354 0.963166404141
9.5200 0.047354 0.964179197416
9.5300 0.047353 0.965191990691
9.5400 0.047353 0.966204783965
9.5500 0.047353 0.96721757724
9.5600 0.047353 0.968230370514
9.5700 0.047353 0.969243163789
9.5800 0.047353 0.970255957063
9.5900 0.047353 0.971268750338
9.6000 0.047353 0.972281543613
9.6100 0.047352 0.973294336887
9.6200 0.047352 0.974307130162
9.6300 0.047352 0.975319923436
9.6400 0.047352 0.976332716711
9.6500 0.047352 0.977345509986
9.6600 0.047352 0.97835830326
9.6700 0.047352 0.979371096535
9.6800 0.047352 0.980383889809
9.6900 0.047352 0.981396683084
9.7000 0.047351 0.982409476359
9.7100 0.047351 0.983422269633
9.7200 0.047351 0.984435062908
9.7300 0.047351 0.985447856182
9.7400 0.047351 0.986460649457
9.7500 0.047351 0.987473442732
9.7600 0.047351 0.988486236006
9.7700 0.047351 0.989499029281
9.7800 0.047350 0.990511822555
9.7900 0.047350 0.99152461583
9.8000 0.047350 0.992537409105
9.8100 0.047350 0.993550202379
9.8200 0.047350 0.994562995654
9.8300 0.047350 0.995575788928
9.8400 0.047350 0.996588582203
9.8500 0.047350 0.997601375478
9.8600 0.047350 0.998614168752
9.8700 0.047349 0.999626962027
9.8800 0.047349 1.0006397553
9.8900 0.047349 1.00165254858
9.9000 0.047349 1.00266534185
9.9100 0.047349 1.00367813513
9.9200 0.047349 1.0046909284
9.9300 0.047349 1.00570372167
9.9400 0.047349 1.00671651495
9.9500 0.047348 1.00772930822
9.9600 0.047348 1.0087421015
9.9700 0.047348 1.00975489477
9.9800 0.047348 1.01076768805
9.9900 0.047348 1.01178048132
10.000 0.047348 1.0127932746
10.100 0.047347 1.02292120734
10.110 0.047347 1.02393400062
10.120 0.047346 1.02494679389
10.130 0.047346 1.02595958717
10.140 0.047346 1.02697238044
10.150 0.047346 1.02798517372
10.160 0.047346 1.02899796699
10.170 0.047346 1.03001076026
10.180 0.047346 1.03102355354
10.190 0.047346 1.03203634681
10.200 0.047346 1.03304914009
10.210 0.047345 1.03406193336
10.220 0.047345 1.03507472664
10.230 0.047345 1.03608751991
10.240 0.047345 1.03710031319
10.250 0.047345 1.03811310646
10.260 0.047345 1.03912589974
10.270 0.047345 1.04013869301
10.280 0.047345 1.04115148629
10.290 0.047344 1.04216427956
10.300 0.047344 1.04317707283
10.310 0.047344 1.04418986611
10.320 0.047344 1.04520265938
10.330 0.047344 1.04621545266
10.340 0.047344 1.04722824593
10.350 0.047344 1.04824103921
10.360 0.047344 1.04925383248
10.370 0.047344 1.05026662576
10.380 0.047343 1.05127941903
10.390 0.047343 1.05229221231
10.400 0.047343 1.05330500558
10.410 0.047343 1.05431779886
10.420 0.047343 1.05533059213
10.430 0.047343 1.0563433854
10.440 0.047343 1.05735617868
10.450 0.047343 1.05836897195
10.460 0.047342 1.05938176523
10.470 0.047342 1.0603945585
10.480 0.047342 1.06140735178
10.490 0.047342 1.06242014505
10.500 0.047342 1.06343293833
10.510 0.047342 1.0644457316
10.520 0.047342 1.06545852488
10.530 0.047342 1.06647131815
10.540 0.047341 1.06748411142
10.550 0.047341 1.0684969047
10.560 0.047341 1.06950969797
10.570 0.047341 1.07052249125
10.580 0.047341 1.07153528452
10.590 0.047341 1.0725480778
10.600 0.047341 1.07356087107
10.610 0.047341 1.07457366435
10.620 0.047341 1.07558645762
10.630 0.047340 1.0765992509
10.640 0.047340 1.07761204417
10.650 0.047340 1.07862483745
10.660 0.047340 1.07963763072
10.670 0.047340 1.08065042399
10.680 0.047340 1.08166321727
10.690 0.047340 1.08267601054
10.700 0.047340 1.08368880382
10.710 0.047339 1.08470159709
10.720 0.047339 1.08571439037
10.730 0.047339 1.08672718364
10.740 0.047339 1.08773997692
10.750 0.047339 1.08875277019
10.760 0.047339 1.08976556347
10.770 0.047339 1.09077835674
10.780 0.047339 1.09179115002
10.790 0.047339 1.09280394329
10.800 0.047338 1.09381673656
10.810 0.047338 1.09482952984
10.820 0.047338 1.09584232311
10.830 0.047338 1.09685511639
10.840 0.047338 1.09786790966
10.850 0.047338 1.09888070294
10.860 0.047338 1.09989349621
10.870 0.047338 1.10090628949
10.880 0.047337 1.10191908276
10.890 0.047337 1.10293187604
10.900 0.047337 1.10394466931
10.910 0.047337 1.10495746258
10.920 0.047337 1.10597025586
10.930 0.047337 1.10698304913
10.940 0.047337 1.10799584241
10.950 0.047337 1.10900863568
10.960 0.047337 1.11002142896
10.970 0.047336 1.11103422223
10.980 0.047336 1.11204701551
10.990 0.047336 1.11305980878
11.000 0.047336 1.11407260206
11.010 0.047336 1.11508539533
11.020 0.047336 1.11609818861
11.030 0.047336 1.11711098188
11.040 0.047336 1.11812377515
11.050 0.047335 1.11913656843
11.060 0.047335 1.1201493617
11.070 0.047335 1.12116215498
11.080 0.047335 1.12217494825
11.090 0.047335 1.12318774153
11.100 0.047335 1.1242005348
11.110 0.047335 1.12521332808
11.120 0.047335 1.12622612135
11.130 0.047335 1.12723891463
11.140 0.047334 1.1282517079
11.150 0.047334 1.12926450118
11.160 0.047334 1.13027729445
11.170 0.047334 1.13129008772
11.180 0.047334 1.132302881
11.190 0.047334 1.13331567427
11.200 0.047334 1.13432846755
11.210 0.047334 1.13534126082
11.220 0.047333 1.1363540541
11.230 0.047333 1.13736684737
11.240 0.047333 1.13837964065
11.250 0.047333 1.13939243392
11.260 0.047333 1.1404052272
11.270 0.047333 1.14141802047
11.280 0.047333 1.14243081374
11.290 0.047333 1.14344360702
11.300 0.047333 1.14445640029
11.310 0.047332 1.14546919357
11.320 0.047332 1.14648198684
11.330 0.047332 1.14749478012
11.340 0.047332 1.14850757339
11.350 0.047332 1.14952036667
11.360 0.047332 1.15053315994
11.370 0.047332 1.15154595322
11.380 0.047332 1.15255874649
11.390 0.047331 1.15357153977
11.400 0.047331 1.15458433304
11.410 0.047331 1.15559712631
11.420 0.047331 1.15660991959
11.430 0.047331 1.15762271286
11.440 0.047331 1.15863550614
11.450 0.047331 1.15964829941
11.460 0.047331 1.16066109269
11.470 0.047331 1.16167388596
11.480 0.047330 1.16268667924
11.490 0.047330 1.16369947251
11.500 0.047330 1.16471226579
11.510 0.047330 1.16572505906
11.520 0.047330 1.16673785234
11.530 0.047330 1.16775064561
11.540 0.047330 1.16876343888
11.550 0.047330 1.16977623216
11.560 0.047329 1.17078902543
11.570 0.047329 1.17180181871
11.580 0.047329 1.17281461198
11.590 0.047329 1.17382740526
11.600 0.047329 1.17484019853
11.610 0.047329 1.17585299181
11.620 0.047329 1.17686578508
11.630 0.047329 1.17787857836
11.640 0.047329 1.17889137163
11.650 0.047328 1.1799041649
11.660 0.047328 1.18091695818
11.670 0.047328 1.18192975145
11.680 0.047328 1.18294254473
11.690 0.047328 1.183955338
11.700 0.047328 1.18496813128
11.710 0.047328 1.18598092455
11.720 0.047328 1.18699371783
11.730 0.047327 1.1880065111
11.740 0.047327 1.18901930438
11.750 0.047327 1.19003209765
11.760 0.047327 1.19104489093
11.770 0.047327 1.1920576842
11.780 0.047327 1.19307047747
11.790 0.047327 1.19408327075
11.800 0.047327 1.19509606402
11.810 0.047327 1.1961088573
11.820 0.047326 1.19712165057
11.830 0.047326 1.19813444385
11.840 0.047326 1.19914723712
11.850 0.047326 1.2001600304
11.860 0.047326 1.20117282367
11.870 0.047326 1.20218561695
11.880 0.047326 1.20319841022
11.890 0.047326 1.2042112035
11.900 0.047325 1.20522399677
11.910 0.047325 1.20623679004
11.920 0.047325 1.20724958332
11.930 0.047325 1.20826237659
11.940 0.047325 1.20927516987
11.950 0.047325 1.21028796314
11.960 0.047325 1.21130075642
11.970 0.047325 1.21231354969
11.980 0.047325 1.21332634297
11.990 0.047324 1.21433913624
12.000 0.047324 1.21535192952
12.010 0.047324 1.21636472279
12.020 0.047324 1.21737751607
12.030 0.047324 1.21839030934
12.040 0.047324 1.21940310261
12.050 0.047324 1.22041589589
12.060 0.047324 1.22142868916
12.070 0.047323 1.22244148244
12.080 0.047323 1.22345427571
12.090 0.047323 1.22446706899
12.100 0.047323 1.22547986226
12.110 0.047323 1.22649265554
12.120 0.047323 1.22750544881
12.130 0.047323 1.22851824209
12.140 0.047323 1.22953103536
12.150 0.047323 1.23054382863
12.160 0.047322 1.23155662191
12.170 0.047322 1.23256941518
12.180 0.047322 1.23358220846
12.190 0.047322 1.23459500173
12.200 0.047322 1.23560779501
12.210 0.047322 1.23662058828
12.220 0.047322 1.23763338156
12.230 0.047322 1.23864617483
12.240 0.047321 1.23965896811
12.250 0.047321 1.24067176138
12.260 0.047321 1.24168455466
12.270 0.047321 1.24269734793
12.280 0.047321 1.2437101412
12.290 0.047321 1.24472293448
12.300 0.047321 1.24573572775
12.310 0.047321 1.24674852103
12.320 0.047321 1.2477613143
12.330 0.047320 1.24877410758
12.340 0.047320 1.24978690085
12.350 0.047320 1.25079969413
12.360 0.047320 1.2518124874
12.370 0.047320 1.25282528068
12.380 0.047320 1.25383807395
12.390 0.047320 1.25485086723
12.400 0.047320 1.2558636605
12.410 0.047319 1.25687645377
12.420 0.047319 1.25788924705
12.430 0.047319 1.25890204032
12.440 0.047319 1.2599148336
12.450 0.047319 1.26092762687
12.460 0.047319 1.26194042015
12.470 0.047319 1.26295321342
12.480 0.047319 1.2639660067
12.490 0.047319 1.26497879997
12.500 0.047318 1.26599159325
12.510 0.047318 1.26700438652
12.520 0.047318 1.26801717979
12.530 0.047318 1.26902997307
12.540 0.047318 1.27004276634
12.550 0.047318 1.27105555962
12.560 0.047318 1.27206835289
12.570 0.047318 1.27308114617
12.580 0.047317 1.27409393944
12.590 0.047317 1.27510673272
12.600 0.047317 1.27611952599
12.610 0.047317 1.27713231927
12.620 0.047317 1.27814511254
12.630 0.047317 1.27915790582
12.640 0.047317 1.28017069909
12.650 0.047317 1.28118349236
12.660 0.047317 1.28219628564
12.670 0.047316 1.28320907891
12.680 0.047316 1.28422187219
12.690 0.047316 1.28523466546
12.700 0.047316 1.28624745874
12.710 0.047316 1.28726025201
12.720 0.047316 1.28827304529
12.730 0.047316 1.28928583856
12.740 0.047316 1.29029863184
12.750 0.047315 1.29131142511
12.760 0.047315 1.29232421839
12.770 0.047315 1.29333701166
12.780 0.047315 1.29434980493
12.790 0.047315 1.29536259821
12.800 0.047315 1.29637539148
12.810 0.047315 1.29738818476
12.820 0.047315 1.29840097803
12.830 0.047315 1.29941377131
12.840 0.047314 1.30042656458
12.850 0.047314 1.30143935786
12.860 0.047314 1.30245215113
12.870 0.047314 1.30346494441
12.880 0.047314 1.30447773768
12.890 0.047314 1.30549053095
12.900 0.047314 1.30650332423
12.910 0.047314 1.3075161175
12.920 0.047313 1.30852891078
12.930 0.047313 1.30954170405
12.940 0.047313 1.31055449733
12.950 0.047313 1.3115672906
12.960 0.047313 1.31258008388
12.970 0.047313 1.31359287715
12.980 0.047313 1.31460567043
12.990 0.047313 1.3156184637
13.000 0.047313 1.31663125698
13.010 0.047312 1.31764405025
13.020 0.047312 1.31865684352
13.030 0.047312 1.3196696368
13.040 0.047312 1.32068243007
13.050 0.047312 1.32169522335
13.060 0.047312 1.32270801662
13.070 0.047312 1.3237208099
13.080 0.047312 1.32473360317
13.090 0.047311 1.32574639645
13.100 0.047311 1.32675918972
13.110 0.047311 1.327771983
13.120 0.047311 1.32878477627
13.130 0.047311 1.32979756955
13.140 0.047311 1.33081036282
13.150 0.047311 1.33182315609
13.160 0.047311 1.33283594937
13.170 0.047311 1.33384874264
13.180 0.047310 1.33486153592
13.190 0.047310 1.33587432919
13.200 0.047310 1.33688712247
13.210 0.047310 1.33789991574
13.220 0.047310 1.33891270902
13.230 0.047310 1.33992550229
13.240 0.047310 1.34093829557
13.250 0.047310 1.34195108884
13.260 0.047309 1.34296388212
13.270 0.047309 1.34397667539
13.280 0.047309 1.34498946866
13.290 0.047309 1.34600226194
13.300 0.047309 1.34701505521
13.310 0.047309 1.34802784849
13.320 0.047309 1.34904064176
13.330 0.047309 1.35005343504
13.340 0.047309 1.35106622831
13.350 0.047308 1.35207902159
13.360 0.047308 1.35309181486
13.370 0.047308 1.35410460814
13.380 0.047308 1.35511740141
13.390 0.047308 1.35613019468
13.400 0.047308 1.35714298796
13.410 0.047308 1.35815578123
13.420 0.047308 1.35916857451
13.430 0.047307 1.36018136778
13.440 0.047307 1.36119416106
13.450 0.047307 1.36220695433
13.460 0.047307 1.36321974761
13.470 0.047307 1.36423254088
13.480 0.047307 1.36524533416
13.490 0.047307 1.36625812743
13.500 0.047307 1.36727092071
13.510 0.047307 1.36828371398
13.520 0.047306 1.36929650725
13.530 0.047306 1.37030930053
13.540 0.047306 1.3713220938
13.550 0.047306 1.37233488708
13.560 0.047306 1.37334768035
13.570 0.047306 1.37436047363
13.580 0.047306 1.3753732669
13.590 0.047306 1.37638606018
13.600 0.047305 1.37739885345
13.610 0.047305 1.37841164673
13.620 0.047305 1.37942444
13.630 0.047305 1.38043723328
13.640 0.047305 1.38145002655
13.650 0.047305 1.38246281982
13.660 0.047305 1.3834756131
13.670 0.047305 1.38448840637
13.680 0.047305 1.38550119965
13.690 0.047304 1.38651399292
13.700 0.047304 1.3875267862
13.710 0.047304 1.38853957947
13.720 0.047304 1.38955237275
13.730 0.047304 1.39056516602
13.740 0.047304 1.3915779593
13.750 0.047304 1.39259075257
13.760 0.047304 1.39360354584
13.770 0.047304 1.39461633912
13.780 0.047303 1.39562913239
13.790 0.047303 1.39664192567
13.800 0.047303 1.39765471894
13.810 0.047303 1.39866751222
13.820 0.047303 1.39968030549
13.830 0.047303 1.40069309877
13.840 0.047303 1.40170589204
13.850 0.047303 1.40271868532
13.860 0.047302 1.40373147859
13.870 0.047302 1.40474427187
13.880 0.047302 1.40575706514
13.890 0.047302 1.40676985841
13.900 0.047302 1.40778265169
13.910 0.047302 1.40879544496
13.920 0.047302 1.40980823824
13.930 0.047302 1.41082103151
13.940 0.047302 1.41183382479
13.950 0.047301 1.41284661806
13.960 0.047301 1.41385941134
13.970 0.047301 1.41487220461
13.980 0.047301 1.41588499789
13.990 0.047301 1.41689779116
14.000 0.047301 1.41791058444
14.010 0.047301 1.41892337771
14.020 0.047301 1.41993617098
14.030 0.047300 1.42094896426
14.040 0.047300 1.42196175753
14.050 0.047300 1.42297455081
14.060 0.047300 1.42398734408
14.070 0.047300 1.42500013736
14.080 0.047300 1.42601293063
14.090 0.047300 1.42702572391
14.100 0.047300 1.42803851718
14.110 0.047300 1.42905131046
14.120 0.047299 1.43006410373
14.130 0.047299 1.431076897
14.140 0.047299 1.43208969028
14.150 0.047299 1.43310248355
14.160 0.047299 1.43411527683
14.170 0.047299 1.4351280701
14.180 0.047299 1.43614086338
14.190 0.047299 1.43715365665
14.200 0.047298 1.43816644993
14.210 0.047298 1.4391792432
14.220 0.047298 1.44019203648
14.230 0.047298 1.44120482975
14.240 0.047298 1.44221762303
14.250 0.047298 1.4432304163
14.260 0.047298 1.44424320957
14.270 0.047298 1.44525600285
14.280 0.047298 1.44626879612
14.290 0.047297 1.4472815894
14.300 0.047297 1.44829438267
14.310 0.047297 1.44930717595
14.320 0.047297 1.45031996922
14.330 0.047297 1.4513327625
14.340 0.047297 1.45234555577
14.350 0.047297 1.45335834905
14.360 0.047297 1.45437114232
14.370 0.047296 1.4553839356
14.380 0.047296 1.45639672887
14.390 0.047296 1.45740952214
14.400 0.047296 1.45842231542
14.410 0.047296 1.45943510869
14.420 0.047296 1.46044790197
14.430 0.047296 1.46146069524
14.440 0.047296 1.46247348852
14.450 0.047296 1.46348628179
14.460 0.047295 1.46449907507
14.470 0.047295 1.46551186834
14.480 0.047295 1.46652466162
14.490 0.047295 1.46753745489
14.500 0.047295 1.46855024816
14.510 0.047295 1.46956304144
14.520 0.047295 1.47057583471
14.530 0.047295 1.47158862799
14.540 0.047294 1.47260142126
14.550 0.047294 1.47361421454
14.560 0.047294 1.47462700781
14.570 0.047294 1.47563980109
14.580 0.047294 1.47665259436
14.590 0.047294 1.47766538764
14.600 0.047294 1.47867818091
14.610 0.047294 1.47969097419
14.620 0.047294 1.48070376746
14.630 0.047293 1.48171656073
14.640 0.047293 1.48272935401
14.650 0.047293 1.48374214728
14.660 0.047293 1.48475494056
14.670 0.047293 1.48576773383
14.680 0.047293 1.48678052711
14.690 0.047293 1.48779332038
14.700 0.047293 1.48880611366
14.710 0.047293 1.48981890693
14.720 0.047292 1.49083170021
14.730 0.047292 1.49184449348
14.740 0.047292 1.49285728676
14.750 0.047292 1.49387008003
14.760 0.047292 1.4948828733
14.770 0.047292 1.49589566658
14.780 0.047292 1.49690845985
14.790 0.047292 1.49792125313
14.800 0.047291 1.4989340464
14.810 0.047291 1.49994683968
14.820 0.047291 1.50095963295
14.830 0.047291 1.50197242623
14.840 0.047291 1.5029852195
14.850 0.047291 1.50399801278
14.860 0.047291 1.50501080605
14.870 0.047291 1.50602359933
14.880 0.047291 1.5070363926
14.890 0.047290 1.50804918587
14.900 0.047290 1.50906197915
14.910 0.047290 1.51007477242
14.920 0.047290 1.5110875657
14.930 0.047290 1.51210035897
14.940 0.047290 1.51311315225
14.950 0.047290 1.51412594552
14.960 0.047290 1.5151387388
14.970 0.047289 1.51615153207
14.980 0.047289 1.51716432535
14.990 0.047289 1.51817711862
15.000 0.047289 1.51918991189
15.100 0.047288 1.52931784464
15.110 0.047288 1.53033063792
15.120 0.047288 1.53134343119
15.130 0.047288 1.53235622446
15.140 0.047287 1.53336901774
15.150 0.047287 1.53438181101
15.160 0.047287 1.53539460429
15.170 0.047287 1.53640739756
15.180 0.047287 1.53742019084
15.190 0.047287 1.53843298411
15.200 0.047287 1.53944577739
15.210 0.047287 1.54045857066
15.220 0.047287 1.54147136394
15.230 0.047286 1.54248415721
15.240 0.047286 1.54349695049
15.250 0.047286 1.54450974376
15.260 0.047286 1.54552253703
15.270 0.047286 1.54653533031
15.280 0.047286 1.54754812358
15.290 0.047286 1.54856091686
15.300 0.047286 1.54957371013
15.310 0.047286 1.55058650341
15.320 0.047285 1.55159929668
15.330 0.047285 1.55261208996
15.340 0.047285 1.55362488323
15.350 0.047285 1.55463767651
15.360 0.047285 1.55565046978
15.370 0.047285 1.55666326305
15.380 0.047285 1.55767605633
15.390 0.047285 1.5586888496
15.400 0.047284 1.55970164288
15.410 0.047284 1.56071443615
15.420 0.047284 1.56172722943
15.430 0.047284 1.5627400227
15.440 0.047284 1.56375281598
15.450 0.047284 1.56476560925
15.460 0.047284 1.56577840253
15.470 0.047284 1.5667911958
15.480 0.047284 1.56780398908
15.490 0.047283 1.56881678235
15.500 0.047283 1.56982957562
15.510 0.047283 1.5708423689
15.520 0.047283 1.57185516217
15.530 0.047283 1.57286795545
15.540 0.047283 1.57388074872
15.550 0.047283 1.574893542
15.560 0.047283 1.57590633527
15.570 0.047282 1.57691912855
15.580 0.047282 1.57793192182
15.590 0.047282 1.5789447151
15.600 0.047282 1.57995750837
15.610 0.047282 1.58097030165
15.620 0.047282 1.58198309492
15.630 0.047282 1.58299588819
15.640 0.047282 1.58400868147
15.650 0.047282 1.58502147474
15.660 0.047281 1.58603426802
15.670 0.047281 1.58704706129
15.680 0.047281 1.58805985457
15.690 0.047281 1.58907264784
15.700 0.047281 1.59008544112
15.710 0.047281 1.59109823439
15.720 0.047281 1.59211102767
15.730 0.047281 1.59312382094
15.740 0.047280 1.59413661421
15.750 0.047280 1.59514940749
15.760 0.047280 1.59616220076
15.770 0.047280 1.59717499404
15.780 0.047280 1.59818778731
15.790 0.047280 1.59920058059
15.800 0.047280 1.60021337386
15.810 0.047280 1.60122616714
15.820 0.047280 1.60223896041
15.830 0.047279 1.60325175369
15.840 0.047279 1.60426454696
15.850 0.047279 1.60527734024
15.860 0.047279 1.60629013351
15.870 0.047279 1.60730292678
15.880 0.047279 1.60831572006
15.890 0.047279 1.60932851333
15.900 0.047279 1.61034130661
15.910 0.047279 1.61135409988
15.920 0.047278 1.61236689316
15.930 0.047278 1.61337968643
15.940 0.047278 1.61439247971
15.950 0.047278 1.61540527298
15.960 0.047278 1.61641806626
15.970 0.047278 1.61743085953
15.980 0.047278 1.61844365281
15.990 0.047278 1.61945644608
16.000 0.047277 1.62046923935
16.010 0.047277 1.62148203263
16.020 0.047277 1.6224948259
16.030 0.047277 1.62350761918
16.040 0.047277 1.62452041245
16.050 0.047277 1.62553320573
16.060 0.047277 1.626545999
16.070 0.047277 1.62755879228
16.080 0.047277 1.62857158555
16.090 0.047276 1.62958437883
16.100 0.047276 1.6305971721
16.110 0.047276 1.63160996538
16.120 0.047276 1.63262275865
16.130 0.047276 1.63363555192
16.140 0.047276 1.6346483452
16.150 0.047276 1.63566113847
16.160 0.047276 1.63667393175
16.170 0.047275 1.63768672502
16.180 0.047275 1.6386995183
16.190 0.047275 1.63971231157
16.200 0.047275 1.64072510485
16.210 0.047275 1.64173789812
16.220 0.047275 1.6427506914
16.230 0.047275 1.64376348467
16.240 0.047275 1.64477627794
16.250 0.047275 1.64578907122
16.260 0.047274 1.64680186449
16.270 0.047274 1.64781465777
16.280 0.047274 1.64882745104
16.290 0.047274 1.64984024432
16.300 0.047274 1.65085303759
16.310 0.047274 1.65186583087
16.320 0.047274 1.65287862414
16.330 0.047274 1.65389141742
16.340 0.047274 1.65490421069
16.350 0.047273 1.65591700397
16.360 0.047273 1.65692979724
16.370 0.047273 1.65794259051
16.380 0.047273 1.65895538379
16.390 0.047273 1.65996817706
16.400 0.047273 1.66098097034
16.410 0.047273 1.66199376361
16.420 0.047273 1.66300655689
16.430 0.047272 1.66401935016
16.440 0.047272 1.66503214344
16.450 0.047272 1.66604493671
16.460 0.047272 1.66705772999
16.470 0.047272 1.66807052326
16.480 0.047272 1.66908331654
16.490 0.047272 1.67009610981
16.500 0.047272 1.67110890308
16.510 0.047272 1.67212169636
16.520 0.047271 1.67313448963
16.530 0.047271 1.67414728291
16.540 0.047271 1.67516007618
16.550 0.047271 1.67617286946
16.560 0.047271 1.67718566273
16.570 0.047271 1.67819845601
16.580 0.047271 1.67921124928
16.590 0.047271 1.68022404256
16.600 0.047270 1.68123683583
16.610 0.047270 1.6822496291
16.620 0.047270 1.68326242238
16.630 0.047270 1.68427521565
16.640 0.047270 1.68528800893
16.650 0.047270 1.6863008022
16.660 0.047270 1.68731359548
16.670 0.047270 1.68832638875
16.680 0.047270 1.68933918203
16.690 0.047269 1.6903519753
16.700 0.047269 1.69136476858
16.710 0.047269 1.69237756185
16.720 0.047269 1.69339035513
16.730 0.047269 1.6944031484
16.740 0.047269 1.69541594167
16.750 0.047269 1.69642873495
16.760 0.047269 1.69744152822
16.770 0.047269 1.6984543215
16.780 0.047268 1.69946711477
16.790 0.047268 1.70047990805
16.800 0.047268 1.70149270132
16.810 0.047268 1.7025054946
16.820 0.047268 1.70351828787
16.830 0.047268 1.70453108115
16.840 0.047268 1.70554387442
16.850 0.047268 1.7065566677
16.860 0.047267 1.70756946097
16.870 0.047267 1.70858225424
16.880 0.047267 1.70959504752
16.890 0.047267 1.71060784079
16.900 0.047267 1.71162063407
16.910 0.047267 1.71263342734
16.920 0.047267 1.71364622062
16.930 0.047267 1.71465901389
16.940 0.047267 1.71567180717
16.950 0.047266 1.71668460044
16.960 0.047266 1.71769739372
16.970 0.047266 1.71871018699
16.980 0.047266 1.71972298026
16.990 0.047266 1.72073577354
17.000 0.047266 1.72174856681
17.010 0.047266 1.72276136009
17.020 0.047266 1.72377415336
17.030 0.047265 1.72478694664
17.040 0.047265 1.72579973991
17.050 0.047265 1.72681253319
17.060 0.047265 1.72782532646
17.070 0.047265 1.72883811974
17.080 0.047265 1.72985091301
17.090 0.047265 1.73086370629
17.100 0.047265 1.73187649956
17.110 0.047265 1.73288929283
17.120 0.047264 1.73390208611
17.130 0.047264 1.73491487938
17.140 0.047264 1.73592767266
17.150 0.047264 1.73694046593
17.160 0.047264 1.73795325921
17.170 0.047264 1.73896605248
17.180 0.047264 1.73997884576
17.190 0.047264 1.74099163903
17.200 0.047264 1.74200443231
17.210 0.047263 1.74301722558
17.220 0.047263 1.74403001886
17.230 0.047263 1.74504281213
17.240 0.047263 1.7460556054
17.250 0.047263 1.74706839868
17.260 0.047263 1.74808119195
17.270 0.047263 1.74909398523
17.280 0.047263 1.7501067785
17.290 0.047262 1.75111957178
17.300 0.047262 1.75213236505
17.310 0.047262 1.75314515833
17.320 0.047262 1.7541579516
17.330 0.047262 1.75517074488
17.340 0.047262 1.75618353815
17.350 0.047262 1.75719633143
17.360 0.047262 1.7582091247
17.370 0.047262 1.75922191797
17.380 0.047261 1.76023471125
17.390 0.047261 1.76124750452
17.400 0.047261 1.7622602978
17.410 0.047261 1.76327309107
17.420 0.047261 1.76428588435
17.430 0.047261 1.76529867762
17.440 0.047261 1.7663114709
17.450 0.047261 1.76732426417
17.460 0.047261 1.76833705745
17.470 0.047260 1.76934985072
17.480 0.047260 1.77036264399
17.490 0.047260 1.77137543727
17.500 0.047260 1.77238823054
17.510 0.047260 1.77340102382
17.520 0.047260 1.77441381709
17.530 0.047260 1.77542661037
17.540 0.047260 1.77643940364
17.550 0.047259 1.77745219692
17.560 0.047259 1.77846499019
17.570 0.047259 1.77947778347
17.580 0.047259 1.78049057674
17.590 0.047259 1.78150337002
17.600 0.047259 1.78251616329
17.610 0.047259 1.78352895656
17.620 0.047259 1.78454174984
17.630 0.047259 1.78555454311
17.640 0.047258 1.78656733639
17.650 0.047258 1.78758012966
17.660 0.047258 1.78859292294
17.670 0.047258 1.78960571621
17.680 0.047258 1.79061850949
17.690 0.047258 1.79163130276
17.700 0.047258 1.79264409604
17.710 0.047258 1.79365688931
17.720 0.047257 1.79466968259
17.730 0.047257 1.79568247586
17.740 0.047257 1.79669526913
17.750 0.047257 1.79770806241
17.760 0.047257 1.79872085568
17.770 0.047257 1.79973364896
17.780 0.047257 1.80074644223
17.790 0.047257 1.80175923551
17.800 0.047257 1.80277202878
17.810 0.047256 1.80378482206
17.820 0.047256 1.80479761533
17.830 0.047256 1.80581040861
17.840 0.047256 1.80682320188
17.850 0.047256 1.80783599515
17.860 0.047256 1.80884878843
17.870 0.047256 1.8098615817
17.880 0.047256 1.81087437498
17.890 0.047256 1.81188716825
17.900 0.047255 1.81289996153
17.910 0.047255 1.8139127548
17.920 0.047255 1.81492554808
17.930 0.047255 1.81593834135
17.940 0.047255 1.81695113463
17.950 0.047255 1.8179639279
17.960 0.047255 1.81897672118
17.970 0.047255 1.81998951445
17.980 0.047254 1.82100230772
17.990 0.047254 1.822015101
18.000 0.047254 1.82302789427
18.010 0.047254 1.82404068755
18.020 0.047254 1.82505348082
18.030 0.047254 1.8260662741
18.040 0.047254 1.82707906737
18.050 0.047254 1.82809186065
18.060 0.047254 1.82910465392
18.070 0.047253 1.8301174472
18.080 0.047253 1.83113024047
18.090 0.047253 1.83214303375
18.100 0.047253 1.83315582702
18.110 0.047253 1.83416862029
18.120 0.047253 1.83518141357
18.130 0.047253 1.83619420684
18.140 0.047253 1.83720700012
18.150 0.047253 1.83821979339
18.160 0.047252 1.83923258667
18.170 0.047252 1.84024537994
18.180 0.047252 1.84125817322
18.190 0.047252 1.84227096649
18.200 0.047252 1.84328375977
18.210 0.047252 1.84429655304
18.220 0.047252 1.84530934631
18.230 0.047252 1.84632213959
18.240 0.047251 1.84733493286
18.250 0.047251 1.84834772614
18.260 0.047251 1.84936051941
18.270 0.047251 1.85037331269
18.280 0.047251 1.85138610596
18.290 0.047251 1.85239889924
18.300 0.047251 1.85341169251
18.310 0.047251 1.85442448579
18.320 0.047251 1.85543727906
18.330 0.047250 1.85645007234
18.340 0.047250 1.85746286561
18.350 0.047250 1.85847565888
18.360 0.047250 1.85948845216
18.370 0.047250 1.86050124543
18.380 0.047250 1.86151403871
18.390 0.047250 1.86252683198
18.400 0.047250 1.86353962526
18.410 0.047250 1.86455241853
18.420 0.047249 1.86556521181
18.430 0.047249 1.86657800508
18.440 0.047249 1.86759079836
18.450 0.047249 1.86860359163
18.460 0.047249 1.86961638491
18.470 0.047249 1.87062917818
18.480 0.047249 1.87164197145
18.490 0.047249 1.87265476473
18.500 0.047248 1.873667558
18.510 0.047248 1.87468035128
18.520 0.047248 1.87569314455
18.530 0.047248 1.87670593783
18.540 0.047248 1.8777187311
18.550 0.047248 1.87873152438
18.560 0.047248 1.87974431765
18.570 0.047248 1.88075711093
18.580 0.047248 1.8817699042
18.590 0.047247 1.88278269747
18.600 0.047247 1.88379549075
18.610 0.047247 1.88480828402
18.620 0.047247 1.8858210773
18.630 0.047247 1.88683387057
18.640 0.047247 1.88784666385
18.650 0.047247 1.88885945712
18.660 0.047247 1.8898722504
18.670 0.047247 1.89088504367
18.680 0.047246 1.89189783695
18.690 0.047246 1.89291063022
18.700 0.047246 1.8939234235
18.710 0.047246 1.89493621677
18.720 0.047246 1.89594901004
18.730 0.047246 1.89696180332
18.740 0.047246 1.89797459659
18.750 0.047246 1.89898738987
18.760 0.047245 1.90000018314
18.770 0.047245 1.90101297642
18.780 0.047245 1.90202576969
18.790 0.047245 1.90303856297
18.800 0.047245 1.90405135624
18.810 0.047245 1.90506414952
18.820 0.047245 1.90607694279
18.830 0.047245 1.90708973607
18.840 0.047245 1.90810252934
18.850 0.047244 1.90911532261
18.860 0.047244 1.91012811589
18.870 0.047244 1.91114090916
18.880 0.047244 1.91215370244
18.890 0.047244 1.91316649571
18.900 0.047244 1.91417928899
18.910 0.047244 1.91519208226
18.920 0.047244 1.91620487554
18.930 0.047244 1.91721766881
18.940 0.047243 1.91823046209
18.950 0.047243 1.91924325536
18.960 0.047243 1.92025604864
18.970 0.047243 1.92126884191
18.980 0.047243 1.92228163518
18.990 0.047243 1.92329442846
19.000 0.047243 1.92430722173
19.010 0.047243 1.92532001501
19.020 0.047242 1.92633280828
19.030 0.047242 1.92734560156
19.040 0.047242 1.92835839483
19.050 0.047242 1.92937118811
19.060 0.047242 1.93038398138
19.070 0.047242 1.93139677466
19.080 0.047242 1.93240956793
19.090 0.047242 1.9334223612
19.100 0.047242 1.93443515448
19.110 0.047241 1.93544794775
19.120 0.047241 1.93646074103
19.130 0.047241 1.9374735343
19.140 0.047241 1.93848632758
19.150 0.047241 1.93949912085
19.160 0.047241 1.94051191413
19.170 0.047241 1.9415247074
19.180 0.047241 1.94253750068
19.190 0.047240 1.94355029395
19.200 0.047240 1.94456308723
19.210 0.047240 1.9455758805
19.220 0.047240 1.94658867377
19.230 0.047240 1.94760146705
19.240 0.047240 1.94861426032
19.250 0.047240 1.9496270536
19.260 0.047240 1.95063984687
19.270 0.047240 1.95165264015
19.280 0.047239 1.95266543342
19.290 0.047239 1.9536782267
19.300 0.047239 1.95469101997
19.310 0.047239 1.95570381325
19.320 0.047239 1.95671660652
19.330 0.047239 1.9577293998
19.340 0.047239 1.95874219307
19.350 0.047239 1.95975498634
19.360 0.047239 1.96076777962
19.370 0.047238 1.96178057289
19.380 0.047238 1.96279336617
19.390 0.047238 1.96380615944
19.400 0.047238 1.96481895272
19.410 0.047238 1.96583174599
19.420 0.047238 1.96684453927
19.430 0.047238 1.96785733254
19.440 0.047238 1.96887012582
19.450 0.047238 1.96988291909
19.460 0.047237 1.97089571236
19.470 0.047237 1.97190850564
19.480 0.047237 1.97292129891
19.490 0.047237 1.97393409219
19.500 0.047237 1.97494688546
19.510 0.047237 1.97595967874
19.520 0.047237 1.97697247201
19.530 0.047237 1.97798526529
19.540 0.047236 1.97899805856
19.550 0.047236 1.98001085184
19.560 0.047236 1.98102364511
19.570 0.047236 1.98203643839
19.580 0.047236 1.98304923166
19.590 0.047236 1.98406202493
19.600 0.047236 1.98507481821
19.610 0.047236 1.98608761148
19.620 0.047236 1.98710040476
19.630 0.047235 1.98811319803
19.640 0.047235 1.98912599131
19.650 0.047235 1.99013878458
19.660 0.047235 1.99115157786
19.670 0.047235 1.99216437113
19.680 0.047235 1.99317716441
19.690 0.047235 1.99418995768
19.700 0.047235 1.99520275096
19.710 0.047235 1.99621554423
19.720 0.047234 1.9972283375
19.730 0.047234 1.99824113078
19.740 0.047234 1.99925392405
19.750 0.047234 2.00026671733
19.760 0.047234 2.0012795106
19.770 0.047234 2.00229230388
19.780 0.047234 2.00330509715
19.790 0.047234 2.00431789043
19.800 0.047233 2.0053306837
19.810 0.047233 2.00634347698
19.820 0.047233 2.00735627025
19.830 0.047233 2.00836906352
19.840 0.047233 2.0093818568
19.850 0.047233 2.01039465007
19.860 0.047233 2.01140744335
19.870 0.047233 2.01242023662
19.880 0.047233 2.0134330299
19.890 0.047232 2.01444582317
19.900 0.047232 2.01545861645
19.910 0.047232 2.01647140972
19.920 0.047232 2.017484203
19.930 0.047232 2.01849699627
19.940 0.047232 2.01950978955
19.950 0.047232 2.02052258282
19.960 0.047232 2.02153537609
19.970 0.047232 2.02254816937
19.980 0.047231 2.02356096264
19.990 0.047231 2.02457375592
20.000 0.047231 2.02558654919
20.100 0.047230 2.03571448194
20.110 0.047230 2.03672727521
20.120 0.047230 2.03774006849
20.130 0.047230 2.03875286176
20.140 0.047230 2.03976565504
20.150 0.047229 2.04077844831
20.160 0.047229 2.04179124159
20.170 0.047229 2.04280403486
20.180 0.047229 2.04381682814
20.190 0.047229 2.04482962141
20.200 0.047229 2.04584241469
20.210 0.047229 2.04685520796
20.220 0.047229 2.04786800123
20.230 0.047229 2.04888079451
20.240 0.047228 2.04989358778
20.250 0.047228 2.05090638106
20.260 0.047228 2.05191917433
20.270 0.047228 2.05293196761
20.280 0.047228 2.05394476088
20.290 0.047228 2.05495755416
20.300 0.047228 2.05597034743
20.310 0.047228 2.05698314071
20.320 0.047227 2.05799593398
20.330 0.047227 2.05900872725
20.340 0.047227 2.06002152053
20.350 0.047227 2.0610343138
20.360 0.047227 2.06204710708
20.370 0.047227 2.06305990035
20.380 0.047227 2.06407269363
20.390 0.047227 2.0650854869
20.400 0.047227 2.06609828018
20.410 0.047226 2.06711107345
20.420 0.047226 2.06812386673
20.430 0.047226 2.06913666
20.440 0.047226 2.07014945328
20.450 0.047226 2.07116224655
20.460 0.047226 2.07217503982
20.470 0.047226 2.0731878331
20.480 0.047226 2.07420062637
20.490 0.047226 2.07521341965
20.500 0.047225 2.07622621292
20.510 0.047225 2.0772390062
20.520 0.047225 2.07825179947
20.530 0.047225 2.07926459275
20.540 0.047225 2.08027738602
20.550 0.047225 2.0812901793
20.560 0.047225 2.08230297257
20.570 0.047225 2.08331576585
20.580 0.047224 2.08432855912
20.590 0.047224 2.08534135239
20.600 0.047224 2.08635414567
20.610 0.047224 2.08736693894
20.620 0.047224 2.08837973222
20.630 0.047224 2.08939252549
20.640 0.047224 2.09040531877
20.650 0.047224 2.09141811204
20.660 0.047224 2.09243090532
20.670 0.047223 2.09344369859
20.680 0.047223 2.09445649187
20.690 0.047223 2.09546928514
20.700 0.047223 2.09648207841
20.710 0.047223 2.09749487169
20.720 0.047223 2.09850766496
20.730 0.047223 2.09952045824
20.740 0.047223 2.10053325151
20.750 0.047223 2.10154604479
20.760 0.047222 2.10255883806
20.770 0.047222 2.10357163134
20.780 0.047222 2.10458442461
20.790 0.047222 2.10559721789
20.800 0.047222 2.10661001116
20.810 0.047222 2.10762280444
20.820 0.047222 2.10863559771
20.830 0.047222 2.10964839098
20.840 0.047222 2.11066118426
20.850 0.047221 2.11167397753
20.860 0.047221 2.11268677081
20.870 0.047221 2.11369956408
20.880 0.047221 2.11471235736
20.890 0.047221 2.11572515063
20.900 0.047221 2.11673794391
20.910 0.047221 2.11775073718
20.920 0.047221 2.11876353046
20.930 0.047220 2.11977632373
20.940 0.047220 2.12078911701
20.950 0.047220 2.12180191028
20.960 0.047220 2.12281470355
20.970 0.047220 2.12382749683
20.980 0.047220 2.1248402901
20.990 0.047220 2.12585308338
21.000 0.047220 2.12686587665
21.010 0.047220 2.12787866993
21.020 0.047219 2.1288914632
21.030 0.047219 2.12990425648
21.040 0.047219 2.13091704975
21.050 0.047219 2.13192984303
21.060 0.047219 2.1329426363
21.070 0.047219 2.13395542957
21.080 0.047219 2.13496822285
21.090 0.047219 2.13598101612
21.100 0.047219 2.1369938094
21.110 0.047218 2.13800660267
21.120 0.047218 2.13901939595
21.130 0.047218 2.14003218922
21.140 0.047218 2.1410449825
21.150 0.047218 2.14205777577
21.160 0.047218 2.14307056905
21.170 0.047218 2.14408336232
21.180 0.047218 2.1450961556
21.190 0.047217 2.14610894887
21.200 0.047217 2.14712174214
21.210 0.047217 2.14813453542
21.220 0.047217 2.14914732869
21.230 0.047217 2.15016012197
21.240 0.047217 2.15117291524
21.250 0.047217 2.15218570852
21.260 0.047217 2.15319850179
21.270 0.047217 2.15421129507
21.280 0.047216 2.15522408834
21.290 0.047216 2.15623688162
21.300 0.047216 2.15724967489
21.310 0.047216 2.15826246817
21.320 0.047216 2.15927526144
21.330 0.047216 2.16028805471
21.340 0.047216 2.16130084799
21.350 0.047216 2.16231364126
21.360 0.047216 2.16332643454
21.370 0.047215 2.16433922781
21.380 0.047215 2.16535202109
21.390 0.047215 2.16636481436
21.400 0.047215 2.16737760764
21.410 0.047215 2.16839040091
21.420 0.047215 2.16940319419
21.430 0.047215 2.17041598746
21.440 0.047215 2.17142878074
21.450 0.047214 2.17244157401
21.460 0.047214 2.17345436728
21.470 0.047214 2.17446716056
21.480 0.047214 2.17547995383
21.490 0.047214 2.17649274711
21.500 0.047214 2.17750554038
21.510 0.047214 2.17851833366
21.520 0.047214 2.17953112693
21.530 0.047214 2.18054392021
21.540 0.047213 2.18155671348
21.550 0.047213 2.18256950676
21.560 0.047213 2.18358230003
21.570 0.047213 2.1845950933
21.580 0.047213 2.18560788658
21.590 0.047213 2.18662067985
21.600 0.047213 2.18763347313
21.610 0.047213 2.1886462664
21.620 0.047213 2.18965905968
21.630 0.047212 2.19067185295
21.640 0.047212 2.19168464623
21.650 0.047212 2.1926974395
21.660 0.047212 2.19371023278
21.670 0.047212 2.19472302605
21.680 0.047212 2.19573581933
21.690 0.047212 2.1967486126
21.700 0.047212 2.19776140587
21.710 0.047212 2.19877419915
21.720 0.047211 2.19978699242
21.730 0.047211 2.2007997857
21.740 0.047211 2.20181257897
21.750 0.047211 2.20282537225
21.760 0.047211 2.20383816552
21.770 0.047211 2.2048509588
21.780 0.047211 2.20586375207
21.790 0.047211 2.20687654535
21.800 0.047210 2.20788933862
21.810 0.047210 2.2089021319
21.820 0.047210 2.20991492517
21.830 0.047210 2.21092771844
21.840 0.047210 2.21194051172
21.850 0.047210 2.21295330499
21.860 0.047210 2.21396609827
21.870 0.047210 2.21497889154
21.880 0.047210 2.21599168482
21.890 0.047209 2.21700447809
21.900 0.047209 2.21801727137
21.910 0.047209 2.21903006464
21.920 0.047209 2.22004285792
21.930 0.047209 2.22105565119
21.940 0.047209 2.22206844446
21.950 0.047209 2.22308123774
21.960 0.047209 2.22409403101
21.970 0.047209 2.22510682429
21.980 0.047208 2.22611961756
21.990 0.047208 2.22713241084
22.000 0.047208 2.22814520411
22.010 0.047208 2.22915799739
22.020 0.047208 2.23017079066
22.030 0.047208 2.23118358394
22.040 0.047208 2.23219637721
22.050 0.047208 2.23320917049
22.060 0.047208 2.23422196376
22.070 0.047207 2.23523475703
22.080 0.047207 2.23624755031
22.090 0.047207 2.23726034358
22.100 0.047207 2.23827313686
22.110 0.047207 2.23928593013
22.120 0.047207 2.24029872341
22.130 0.047207 2.24131151668
22.140 0.047207 2.24232430996
22.150 0.047206 2.24333710323
22.160 0.047206 2.24434989651
22.170 0.047206 2.24536268978
22.180 0.047206 2.24637548306
22.190 0.047206 2.24738827633
22.200 0.047206 2.2484010696
22.210 0.047206 2.24941386288
22.220 0.047206 2.25042665615
22.230 0.047206 2.25143944943
22.240 0.047205 2.2524522427
22.250 0.047205 2.25346503598
22.260 0.047205 2.25447782925
22.270 0.047205 2.25549062253
22.280 0.047205 2.2565034158
22.290 0.047205 2.25751620908
22.300 0.047205 2.25852900235
22.310 0.047205 2.25954179562
22.320 0.047205 2.2605545889
22.330 0.047204 2.26156738217
22.340 0.047204 2.26258017545
22.350 0.047204 2.26359296872
22.360 0.047204 2.264605762
22.370 0.047204 2.26561855527
22.380 0.047204 2.26663134855
22.390 0.047204 2.26764414182
22.400 0.047204 2.2686569351
22.410 0.047204 2.26966972837
22.420 0.047203 2.27068252165
22.430 0.047203 2.27169531492
22.440 0.047203 2.27270810819
22.450 0.047203 2.27372090147
22.460 0.047203 2.27473369474
22.470 0.047203 2.27574648802
22.480 0.047203 2.27675928129
22.490 0.047203 2.27777207457
22.500 0.047202 2.27878486784
22.510 0.047202 2.27979766112
22.520 0.047202 2.28081045439
22.530 0.047202 2.28182324767
22.540 0.047202 2.28283604094
22.550 0.047202 2.28384883422
22.560 0.047202 2.28486162749
22.570 0.047202 2.28587442076
22.580 0.047202 2.28688721404
22.590 0.047201 2.28790000731
22.600 0.047201 2.28891280059
22.610 0.047201 2.28992559386
22.620 0.047201 2.29093838714
22.630 0.047201 2.29195118041
22.640 0.047201 2.29296397369
22.650 0.047201 2.29397676696
22.660 0.047201 2.29498956024
22.670 0.047201 2.29600235351
22.680 0.047200 2.29701514678
22.690 0.047200 2.29802794006
22.700 0.047200 2.29904073333
22.710 0.047200 2.30005352661
22.720 0.047200 2.30106631988
22.730 0.047200 2.30207911316
22.740 0.047200 2.30309190643
22.750 0.047200 2.30410469971
22.760 0.047199 2.30511749298
22.770 0.047199 2.30613028626
22.780 0.047199 2.30714307953
22.790 0.047199 2.30815587281
22.800 0.047199 2.30916866608
22.810 0.047199 2.31018145935
22.820 0.047199 2.31119425263
22.830 0.047199 2.3122070459
22.840 0.047199 2.31321983918
22.850 0.047198 2.31423263245
22.860 0.047198 2.31524542573
22.870 0.047198 2.316258219
22.880 0.047198 2.31727101228
22.890 0.047198 2.31828380555
22.900 0.047198 2.31929659883
22.910 0.047198 2.3203093921
22.920 0.047198 2.32132218538
22.930 0.047198 2.32233497865
22.940 0.047197 2.32334777192
22.950 0.047197 2.3243605652
22.960 0.047197 2.32537335847
22.970 0.047197 2.32638615175
22.980 0.047197 2.32739894502
22.990 0.047197 2.3284117383
23.000 0.047197 2.32942453157
23.010 0.047197 2.33043732485
23.020 0.047197 2.33145011812
23.030 0.047196 2.3324629114
23.040 0.047196 2.33347570467
23.050 0.047196 2.33448849795
23.060 0.047196 2.33550129122
23.070 0.047196 2.33651408449
23.080 0.047196 2.33752687777
23.090 0.047196 2.33853967104
23.100 0.047196 2.33955246432
23.110 0.047195 2.34056525759
23.120 0.047195 2.34157805087
23.130 0.047195 2.34259084414
23.140 0.047195 2.34360363742
23.150 0.047195 2.34461643069
23.160 0.047195 2.34562922397
23.170 0.047195 2.34664201724
23.180 0.047195 2.34765481051
23.190 0.047195 2.34866760379
23.200 0.047194 2.34968039706
23.210 0.047194 2.35069319034
23.220 0.047194 2.35170598361
23.230 0.047194 2.35271877689
23.240 0.047194 2.35373157016
23.250 0.047194 2.35474436344
23.260 0.047194 2.35575715671
23.270 0.047194 2.35676994999
23.280 0.047194 2.35778274326
23.290 0.047193 2.35879553654
23.300 0.047193 2.35980832981
23.310 0.047193 2.36082112308
23.320 0.047193 2.36183391636
23.330 0.047193 2.36284670963
23.340 0.047193 2.36385950291
23.350 0.047193 2.36487229618
23.360 0.047193 2.36588508946
23.370 0.047193 2.36689788273
23.380 0.047192 2.36791067601
23.390 0.047192 2.36892346928
23.400 0.047192 2.36993626256
23.410 0.047192 2.37094905583
23.420 0.047192 2.37196184911
23.430 0.047192 2.37297464238
23.440 0.047192 2.37398743565
23.450 0.047192 2.37500022893
23.460 0.047192 2.3760130222
23.470 0.047191 2.37702581548
23.480 0.047191 2.37803860875
23.490 0.047191 2.37905140203
23.500 0.047191 2.3800641953
23.510 0.047191 2.38107698858
23.520 0.047191 2.38208978185
23.530 0.047191 2.38310257513
23.540 0.047191 2.3841153684
23.550 0.047190 2.38512816167
23.560 0.047190 2.38614095495
23.570 0.047190 2.38715374822
23.580 0.047190 2.3881665415
23.590 0.047190 2.38917933477
23.600 0.047190 2.39019212805
23.610 0.047190 2.39120492132
23.620 0.047190 2.3922177146
23.630 0.047190 2.39323050787
23.640 0.047189 2.39424330115
23.650 0.047189 2.39525609442
23.660 0.047189 2.3962688877
23.670 0.047189 2.39728168097
23.680 0.047189 2.39829447424
23.690 0.047189 2.39930726752
23.700 0.047189 2.40032006079
23.710 0.047189 2.40133285407
23.720 0.047189 2.40234564734
23.730 0.047188 2.40335844062
23.740 0.047188 2.40437123389
23.750 0.047188 2.40538402717
23.760 0.047188 2.40639682044
23.770 0.047188 2.40740961372
23.780 0.047188 2.40842240699
23.790 0.047188 2.40943520027
23.800 0.047188 2.41044799354
23.810 0.047188 2.41146078681
23.820 0.047187 2.41247358009
23.830 0.047187 2.41348637336
23.840 0.047187 2.41449916664
23.850 0.047187 2.41551195991
23.860 0.047187 2.41652475319
23.870 0.047187 2.41753754646
23.880 0.047187 2.41855033974
23.890 0.047187 2.41956313301
23.900 0.047186 2.42057592629
23.910 0.047186 2.42158871956
23.920 0.047186 2.42260151283
23.930 0.047186 2.42361430611
23.940 0.047186 2.42462709938
23.950 0.047186 2.42563989266
23.960 0.047186 2.42665268593
23.970 0.047186 2.42766547921
23.980 0.047186 2.42867827248
23.990 0.047185 2.42969106576
24.000 0.047185 2.43070385903
24.010 0.047185 2.43171665231
24.020 0.047185 2.43272944558
24.030 0.047185 2.43374223886
24.040 0.047185 2.43475503213
24.050 0.047185 2.4357678254
24.060 0.047185 2.43678061868
24.070 0.047185 2.43779341195
24.080 0.047184 2.43880620523
24.090 0.047184 2.4398189985
24.100 0.047184 2.44083179178
24.110 0.047184 2.44184458505
24.120 0.047184 2.44285737833
24.130 0.047184 2.4438701716
24.140 0.047184 2.44488296488
24.150 0.047184 2.44589575815
24.160 0.047184 2.44690855143
24.170 0.047183 2.4479213447
24.180 0.047183 2.44893413797
24.190 0.047183 2.44994693125
24.200 0.047183 2.45095972452
24.210 0.047183 2.4519725178
24.220 0.047183 2.45298531107
24.230 0.047183 2.45399810435
24.240 0.047183 2.45501089762
24.250 0.047183 2.4560236909
24.260 0.047182 2.45703648417
24.270 0.047182 2.45804927745
24.280 0.047182 2.45906207072
24.290 0.047182 2.460074864
24.300 0.047182 2.46108765727
24.310 0.047182 2.46210045054
24.320 0.047182 2.46311324382
24.330 0.047182 2.46412603709
24.340 0.047181 2.46513883037
24.350 0.047181 2.46615162364
24.360 0.047181 2.46716441692
24.370 0.047181 2.46817721019
24.380 0.047181 2.46919000347
24.390 0.047181 2.47020279674
24.400 0.047181 2.47121559002
24.410 0.047181 2.47222838329
24.420 0.047181 2.47324117656
24.430 0.047180 2.47425396984
24.440 0.047180 2.47526676311
24.450 0.047180 2.47627955639
24.460 0.047180 2.47729234966
24.470 0.047180 2.47830514294
24.480 0.047180 2.47931793621
24.490 0.047180 2.48033072949
24.500 0.047180 2.48134352276
24.510 0.047180 2.48235631604
24.520 0.047179 2.48336910931
24.530 0.047179 2.48438190259
24.540 0.047179 2.48539469586
24.550 0.047179 2.48640748913
24.560 0.047179 2.48742028241
24.570 0.047179 2.48843307568
24.580 0.047179 2.48944586896
24.590 0.047179 2.49045866223
24.600 0.047179 2.49147145551
24.610 0.047178 2.49248424878
24.620 0.047178 2.49349704206
24.630 0.047178 2.49450983533
24.640 0.047178 2.49552262861
24.650 0.047178 2.49653542188
24.660 0.047178 2.49754821516
24.670 0.047178 2.49856100843
24.680 0.047178 2.4995738017
24.690 0.047177 2.50058659498
24.700 0.047177 2.50159938825
24.710 0.047177 2.50261218153
24.720 0.047177 2.5036249748
24.730 0.047177 2.50463776808
24.740 0.047177 2.50565056135
24.750 0.047177 2.50666335463
24.760 0.047177 2.5076761479
24.770 0.047177 2.50868894118
24.780 0.047176 2.50970173445
24.790 0.047176 2.51071452772
24.800 0.047176 2.511727321
24.810 0.047176 2.51274011427
24.820 0.047176 2.51375290755
24.830 0.047176 2.51476570082
24.840 0.047176 2.5157784941
24.850 0.047176 2.51679128737
24.860 0.047176 2.51780408065
24.870 0.047175 2.51881687392
24.880 0.047175 2.5198296672
24.890 0.047175 2.52084246047
24.900 0.047175 2.52185525375
24.910 0.047175 2.52286804702
24.920 0.047175 2.52388084029
24.930 0.047175 2.52489363357
24.940 0.047175 2.52590642684
24.950 0.047175 2.52691922012
24.960 0.047174 2.52793201339
24.970 0.047174 2.52894480667
24.980 0.047174 2.52995759994
24.990 0.047174 2.53097039322
25.000 0.047174 2.53198318649
25.100 0.047173 2.54211111924
25.110 0.047173 2.54312391251
25.120 0.047173 2.54413670579
25.130 0.047172 2.54514949906
25.140 0.047172 2.54616229234
25.150 0.047172 2.54717508561
25.160 0.047172 2.54818787888
25.170 0.047172 2.54920067216
25.180 0.047172 2.55021346543
25.190 0.047172 2.55122625871
25.200 0.047172 2.55223905198
25.210 0.047172 2.55325184526
25.220 0.047171 2.55426463853
25.230 0.047171 2.55527743181
25.240 0.047171 2.55629022508
25.250 0.047171 2.55730301836
25.260 0.047171 2.55831581163
25.270 0.047171 2.55932860491
25.280 0.047171 2.56034139818
25.290 0.047171 2.56135419145
25.300 0.047171 2.56236698473
25.310 0.047170 2.563379778
25.320 0.047170 2.56439257128
25.330 0.047170 2.56540536455
25.340 0.047170 2.56641815783
25.350 0.047170 2.5674309511
25.360 0.047170 2.56844374438
25.370 0.047170 2.56945653765
25.380 0.047170 2.57046933093
25.390 0.047170 2.5714821242
25.400 0.047169 2.57249491748
25.410 0.047169 2.57350771075
25.420 0.047169 2.57452050402
25.430 0.047169 2.5755332973
25.440 0.047169 2.57654609057
25.450 0.047169 2.57755888385
25.460 0.047169 2.57857167712
25.470 0.047169 2.5795844704
25.480 0.047169 2.58059726367
25.490 0.047168 2.58161005695
25.500 0.047168 2.58262285022
25.510 0.047168 2.5836356435
25.520 0.047168 2.58464843677
25.530 0.047168 2.58566123004
25.540 0.047168 2.58667402332
25.550 0.047168 2.58768681659
25.560 0.047168 2.58869960987
25.570 0.047167 2.58971240314
25.580 0.047167 2.59072519642
25.590 0.047167 2.59173798969
25.600 0.047167 2.59275078297
25.610 0.047167 2.59376357624
25.620 0.047167 2.59477636952
25.630 0.047167 2.59578916279
25.640 0.047167 2.59680195607
25.650 0.047167 2.59781474934
25.660 0.047166 2.59882754261
25.670 0.047166 2.59984033589
25.680 0.047166 2.60085312916
25.690 0.047166 2.60186592244
25.700 0.047166 2.60287871571
25.710 0.047166 2.60389150899
25.720 0.047166 2.60490430226
25.730 0.047166 2.60591709554
25.740 0.047166 2.60692988881
25.750 0.047165 2.60794268209
25.760 0.047165 2.60895547536
25.770 0.047165 2.60996826864
25.780 0.047165 2.61098106191
25.790 0.047165 2.61199385518
25.800 0.047165 2.61300664846
25.810 0.047165 2.61401944173
25.820 0.047165 2.61503223501
25.830 0.047165 2.61604502828
25.840 0.047164 2.61705782156
25.850 0.047164 2.61807061483
25.860 0.047164 2.61908340811
25.870 0.047164 2.62009620138
25.880 0.047164 2.62110899466
25.890 0.047164 2.62212178793
25.900 0.047164 2.62313458121
25.910 0.047164 2.62414737448
25.920 0.047164 2.62516016775
25.930 0.047163 2.62617296103
25.940 0.047163 2.6271857543
25.950 0.047163 2.62819854758
25.960 0.047163 2.62921134085
25.970 0.047163 2.63022413413
25.980 0.047163 2.6312369274
25.990 0.047163 2.63224972068
26.000 0.047163 2.63326251395
26.010 0.047163 2.63427530723
26.020 0.047162 2.6352881005
26.030 0.047162 2.63630089377
26.040 0.047162 2.63731368705
26.050 0.047162 2.63832648032
26.060 0.047162 2.6393392736
26.070 0.047162 2.64035206687
26.080 0.047162 2.64136486015
26.090 0.047162 2.64237765342
26.100 0.047161 2.6433904467
26.110 0.047161 2.64440323997
26.120 0.047161 2.64541603325
26.130 0.047161 2.64642882652
26.140 0.047161 2.6474416198
26.150 0.047161 2.64845441307
26.160 0.047161 2.64946720634
26.170 0.047161 2.65047999962
26.180 0.047161 2.65149279289
26.190 0.047160 2.65250558617
26.200 0.047160 2.65351837944
26.210 0.047160 2.65453117272
26.220 0.047160 2.65554396599
26.230 0.047160 2.65655675927
26.240 0.047160 2.65756955254
26.250 0.047160 2.65858234582
26.260 0.047160 2.65959513909
26.270 0.047160 2.66060793237
26.280 0.047159 2.66162072564
26.290 0.047159 2.66263351891
26.300 0.047159 2.66364631219
26.310 0.047159 2.66465910546
26.320 0.047159 2.66567189874
26.330 0.047159 2.66668469201
26.340 0.047159 2.66769748529
26.350 0.047159 2.66871027856
26.360 0.047159 2.66972307184
26.370 0.047158 2.67073586511
26.380 0.047158 2.67174865839
26.390 0.047158 2.67276145166
26.400 0.047158 2.67377424493
26.410 0.047158 2.67478703821
26.420 0.047158 2.67579983148
26.430 0.047158 2.67681262476
26.440 0.047158 2.67782541803
26.450 0.047158 2.67883821131
26.460 0.047157 2.67985100458
26.470 0.047157 2.68086379786
26.480 0.047157 2.68187659113
26.490 0.047157 2.68288938441
26.500 0.047157 2.68390217768
26.510 0.047157 2.68491497096
26.520 0.047157 2.68592776423
26.530 0.047157 2.6869405575
26.540 0.047157 2.68795335078
26.550 0.047156 2.68896614405
26.560 0.047156 2.68997893733
26.570 0.047156 2.6909917306
26.580 0.047156 2.69200452388
26.590 0.047156 2.69301731715
26.600 0.047156 2.69403011043
26.610 0.047156 2.6950429037
26.620 0.047156 2.69605569698
26.630 0.047155 2.69706849025
26.640 0.047155 2.69808128353
26.650 0.047155 2.6990940768
26.660 0.047155 2.70010687007
26.670 0.047155 2.70111966335
26.680 0.047155 2.70213245662
26.690 0.047155 2.7031452499
26.700 0.047155 2.70415804317
26.710 0.047155 2.70517083645
26.720 0.047154 2.70618362972
26.730 0.047154 2.707196423
26.740 0.047154 2.70820921627
26.750 0.047154 2.70922200955
26.760 0.047154 2.71023480282
26.770 0.047154 2.71124759609
26.780 0.047154 2.71226038937
26.790 0.047154 2.71327318264
26.800 0.047154 2.71428597592
26.810 0.047153 2.71529876919
26.820 0.047153 2.71631156247
26.830 0.047153 2.71732435574
26.840 0.047153 2.71833714902
26.850 0.047153 2.71934994229
26.860 0.047153 2.72036273557
26.870 0.047153 2.72137552884
26.880 0.047153 2.72238832212
26.890 0.047153 2.72340111539
26.900 0.047152 2.72441390866
26.910 0.047152 2.72542670194
26.920 0.047152 2.72643949521
26.930 0.047152 2.72745228849
26.940 0.047152 2.72846508176
26.950 0.047152 2.72947787504
26.960 0.047152 2.73049066831
26.970 0.047152 2.73150346159
26.980 0.047152 2.73251625486
26.990 0.047151 2.73352904814
27.000 0.047151 2.73454184141
27.010 0.047151 2.73555463469
27.020 0.047151 2.73656742796
27.030 0.047151 2.73758022123
27.040 0.047151 2.73859301451
27.050 0.047151 2.73960580778
27.060 0.047151 2.74061860106
27.070 0.047151 2.74163139433
27.080 0.047150 2.74264418761
27.090 0.047150 2.74365698088
27.100 0.047150 2.74466977416
27.110 0.047150 2.74568256743
27.120 0.047150 2.74669536071
27.130 0.047150 2.74770815398
27.140 0.047150 2.74872094726
27.150 0.047150 2.74973374053
27.160 0.047149 2.7507465338
27.170 0.047149 2.75175932708
27.180 0.047149 2.75277212035
27.190 0.047149 2.75378491363
27.200 0.047149 2.7547977069
27.210 0.047149 2.75581050018
27.220 0.047149 2.75682329345
27.230 0.047149 2.75783608673
27.240 0.047149 2.75884888
27.250 0.047148 2.75986167328
27.260 0.047148 2.76087446655
27.270 0.047148 2.76188725982
27.280 0.047148 2.7629000531
27.290 0.047148 2.76391284637
27.300 0.047148 2.76492563965
27.310 0.047148 2.76593843292
27.320 0.047148 2.7669512262
27.330 0.047148 2.76796401947
27.340 0.047147 2.76897681275
27.350 0.047147 2.76998960602
27.360 0.047147 2.7710023993
27.370 0.047147 2.77201519257
27.380 0.047147 2.77302798585
27.390 0.047147 2.77404077912
27.400 0.047147 2.77505357239
27.410 0.047147 2.77606636567
27.420 0.047147 2.77707915894
27.430 0.047146 2.77809195222
27.440 0.047146 2.77910474549
27.450 0.047146 2.78011753877
27.460 0.047146 2.78113033204
27.470 0.047146 2.78214312532
27.480 0.047146 2.78315591859
27.490 0.047146 2.78416871187
27.500 0.047146 2.78518150514
27.510 0.047146 2.78619429842
27.520 0.047145 2.78720709169
27.530 0.047145 2.78821988496
27.540 0.047145 2.78923267824
27.550 0.047145 2.79024547151
27.560 0.047145 2.79125826479
27.570 0.047145 2.79227105806
27.580 0.047145 2.79328385134
27.590 0.047145 2.79429664461
27.600 0.047145 2.79530943789
27.610 0.047144 2.79632223116
27.620 0.047144 2.79733502444
27.630 0.047144 2.79834781771
27.640 0.047144 2.79936061098
27.650 0.047144 2.80037340426
27.660 0.047144 2.80138619753
27.670 0.047144 2.80239899081
27.680 0.047144 2.80341178408
27.690 0.047144 2.80442457736
27.700 0.047143 2.80543737063
27.710 0.047143 2.80645016391
27.720 0.047143 2.80746295718
27.730 0.047143 2.80847575046
27.740 0.047143 2.80948854373
27.750 0.047143 2.81050133701
27.760 0.047143 2.81151413028
27.770 0.047143 2.81252692355
27.780 0.047142 2.81353971683
27.790 0.047142 2.8145525101
27.800 0.047142 2.81556530338
27.810 0.047142 2.81657809665
27.820 0.047142 2.81759088993
27.830 0.047142 2.8186036832
27.840 0.047142 2.81961647648
27.850 0.047142 2.82062926975
27.860 0.047142 2.82164206303
27.870 0.047141 2.8226548563
27.880 0.047141 2.82366764958
27.890 0.047141 2.82468044285
27.900 0.047141 2.82569323612
27.910 0.047141 2.8267060294
27.920 0.047141 2.82771882267
27.930 0.047141 2.82873161595
27.940 0.047141 2.82974440922
27.950 0.047141 2.8307572025
27.960 0.047140 2.83176999577
27.970 0.047140 2.83278278905
27.980 0.047140 2.83379558232
27.990 0.047140 2.8348083756
28.000 0.047140 2.83582116887
28.010 0.047140 2.83683396214
28.020 0.047140 2.83784675542
28.030 0.047140 2.83885954869
28.040 0.047140 2.83987234197
28.050 0.047139 2.84088513524
28.060 0.047139 2.84189792852
28.070 0.047139 2.84291072179
28.080 0.047139 2.84392351507
28.090 0.047139 2.84493630834
28.100 0.047139 2.84594910162
28.110 0.047139 2.84696189489
28.120 0.047139 2.84797468817
28.130 0.047139 2.84898748144
28.140 0.047138 2.85000027471
28.150 0.047138 2.85101306799
28.160 0.047138 2.85202586126
28.170 0.047138 2.85303865454
28.180 0.047138 2.85405144781
28.190 0.047138 2.85506424109
28.200 0.047138 2.85607703436
28.210 0.047138 2.85708982764
28.220 0.047138 2.85810262091
28.230 0.047137 2.85911541419
28.240 0.047137 2.86012820746
28.250 0.047137 2.86114100074
28.260 0.047137 2.86215379401
28.270 0.047137 2.86316658728
28.280 0.047137 2.86417938056
28.290 0.047137 2.86519217383
28.300 0.047137 2.86620496711
28.310 0.047137 2.86721776038
28.320 0.047136 2.86823055366
28.330 0.047136 2.86924334693
28.340 0.047136 2.87025614021
28.350 0.047136 2.87126893348
28.360 0.047136 2.87228172676
28.370 0.047136 2.87329452003
28.380 0.047136 2.87430731331
28.390 0.047136 2.87532010658
28.400 0.047136 2.87633289985
28.410 0.047135 2.87734569313
28.420 0.047135 2.8783584864
28.430 0.047135 2.87937127968
28.440 0.047135 2.88038407295
28.450 0.047135 2.88139686623
28.460 0.047135 2.8824096595
28.470 0.047135 2.88342245278
28.480 0.047135 2.88443524605
28.490 0.047134 2.88544803933
28.500 0.047134 2.8864608326
28.510 0.047134 2.88747362587
28.520 0.047134 2.88848641915
28.530 0.047134 2.88949921242
28.540 0.047134 2.8905120057
28.550 0.047134 2.89152479897
28.560 0.047134 2.89253759225
28.570 0.047134 2.89355038552
28.580 0.047133 2.8945631788
28.590 0.047133 2.89557597207
28.600 0.047133 2.89658876535
28.610 0.047133 2.89760155862
28.620 0.047133 2.8986143519
28.630 0.047133 2.89962714517
28.640 0.047133 2.90063993844
28.650 0.047133 2.90165273172
28.660 0.047133 2.90266552499
28.670 0.047132 2.90367831827
28.680 0.047132 2.90469111154
28.690 0.047132 2.90570390482
28.700 0.047132 2.90671669809
28.710 0.047132 2.90772949137
28.720 0.047132 2.90874228464
28.730 0.047132 2.90975507792
28.740 0.047132 2.91076787119
28.750 0.047132 2.91178066447
28.760 0.047131 2.91279345774
28.770 0.047131 2.91380625101
28.780 0.047131 2.91481904429
28.790 0.047131 2.91583183756
28.800 0.047131 2.91684463084
28.810 0.047131 2.91785742411
28.820 0.047131 2.91887021739
28.830 0.047131 2.91988301066
28.840 0.047131 2.92089580394
28.850 0.047130 2.92190859721
28.860 0.047130 2.92292139049
28.870 0.047130 2.92393418376
28.880 0.047130 2.92494697703
28.890 0.047130 2.92595977031
28.900 0.047130 2.92697256358
28.910 0.047130 2.92798535686
28.920 0.047130 2.92899815013
28.930 0.047130 2.93001094341
28.940 0.047129 2.93102373668
28.950 0.047129 2.93203652996
28.960 0.047129 2.93304932323
28.970 0.047129 2.93406211651
28.980 0.047129 2.93507490978
28.990 0.047129 2.93608770306
29.000 0.047129 2.93710049633
29.010 0.047129 2.9381132896
29.020 0.047129 2.93912608288
29.030 0.047128 2.94013887615
29.040 0.047128 2.94115166943
29.050 0.047128 2.9421644627
29.060 0.047128 2.94317725598
29.070 0.047128 2.94419004925
29.080 0.047128 2.94520284253
29.090 0.047128 2.9462156358
29.100 0.047128 2.94722842908
29.110 0.047128 2.94824122235
29.120 0.047127 2.94925401563
29.130 0.047127 2.9502668089
29.140 0.047127 2.95127960217
29.150 0.047127 2.95229239545
29.160 0.047127 2.95330518872
29.170 0.047127 2.954317982
29.180 0.047127 2.95533077527
29.190 0.047127 2.95634356855
29.200 0.047127 2.95735636182
29.210 0.047126 2.9583691551
29.220 0.047126 2.95938194837
29.230 0.047126 2.96039474165
29.240 0.047126 2.96140753492
29.250 0.047126 2.96242032819
29.260 0.047126 2.96343312147
29.270 0.047126 2.96444591474
29.280 0.047126 2.96545870802
29.290 0.047125 2.96647150129
29.300 0.047125 2.96748429457
29.310 0.047125 2.96849708784
29.320 0.047125 2.96950988112
29.330 0.047125 2.97052267439
29.340 0.047125 2.97153546767
29.350 0.047125 2.97254826094
29.360 0.047125 2.97356105422
29.370 0.047125 2.97457384749
29.380 0.047124 2.97558664076
29.390 0.047124 2.97659943404
29.400 0.047124 2.97761222731
29.410 0.047124 2.97862502059
29.420 0.047124 2.97963781386
29.430 0.047124 2.98065060714
29.440 0.047124 2.98166340041
29.450 0.047124 2.98267619369
29.460 0.047124 2.98368898696
29.470 0.047123 2.98470178024
29.480 0.047123 2.98571457351
29.490 0.047123 2.98672736679
29.500 0.047123 2.98774016006
29.510 0.047123 2.98875295333
29.520 0.047123 2.98976574661
29.530 0.047123 2.99077853988
29.540 0.047123 2.99179133316
29.550 0.047123 2.99280412643
29.560 0.047122 2.99381691971
29.570 0.047122 2.99482971298
29.580 0.047122 2.99584250626
29.590 0.047122 2.99685529953
29.600 0.047122 2.99786809281
29.610 0.047122 2.99888088608
29.620 0.047122 2.99989367935
29.630 0.047122 3.00090647263
29.640 0.047122 3.0019192659
29.650 0.047121 3.00293205918
29.660 0.047121 3.00394485245
29.670 0.047121 3.00495764573
29.680 0.047121 3.005970439
29.690 0.047121 3.00698323228
29.700 0.047121 3.00799602555
29.710 0.047121 3.00900881883
29.720 0.047121 3.0100216121
29.730 0.047121 3.01103440538
29.740 0.047120 3.01204719865
29.750 0.047120 3.01305999192
29.760 0.047120 3.0140727852
29.770 0.047120 3.01508557847
29.780 0.047120 3.01609837175
29.790 0.047120 3.01711116502
29.800 0.047120 3.0181239583
29.810 0.047120 3.01913675157
29.820 0.047120 3.02014954485
29.830 0.047119 3.02116233812
29.840 0.047119 3.0221751314
29.850 0.047119 3.02318792467
29.860 0.047119 3.02420071795
29.870 0.047119 3.02521351122
29.880 0.047119 3.02622630449
29.890 0.047119 3.02723909777
29.900 0.047119 3.02825189104
29.910 0.047119 3.02926468432
29.920 0.047118 3.03027747759
29.930 0.047118 3.03129027087
29.940 0.047118 3.03230306414
29.950 0.047118 3.03331585742
29.960 0.047118 3.03432865069
29.970 0.047118 3.03534144397
29.980 0.047118 3.03635423724
29.990 0.047118 3.03736703052
30.000 0.047118 3.03837982379
