0.10000 188.52 0.0442609523839
0.11000 171.36 0.0486870476223
0.12000 157.06 0.0531131428607
0.13000 144.97 0.0575392380991
0.14000 134.60 0.0619653333374
0.15000 125.61 0.0663914285758
0.16000 117.75 0.0708175238142
0.17000 110.81 0.0752436190526
0.18000 104.64 0.079669714291
0.19000 99.121 0.0840958095294
0.20000 94.154 0.0885219047678
0.21000 89.660 0.0929480000062
0.22000 85.575 0.0973740952446
0.23000 81.845 0.101800190483
0.24000 78.426 0.106226285721
0.25000 75.281 0.11065238096
0.26000 72.377 0.115078476198
0.27000 69.688 0.119504571437
0.28000 67.192 0.123930666675
0.29000 64.868 0.128356761913
0.30000 62.698 0.132782857152
0.31000 60.669 0.13720895239
0.32000 58.766 0.141635047628
0.33000 56.979 0.146061142867
0.34000 55.297 0.150487238105
0.35000 53.711 0.154913333344
0.36000 52.213 0.159339428582
0.37000 50.796 0.16376552382
0.38000 49.454 0.168191619059
0.39000 48.180 0.172617714297
0.40000 46.970 0.177043809536
0.41000 45.820 0.181469904774
0.42000 44.724 0.185896000012
0.43000 43.679 0.190322095251
0.44000 42.681 0.194748190489
0.45000 41.728 0.199174285728
0.46000 40.816 0.203600380966
0.47000 39.943 0.208026476204
0.48000 39.106 0.212452571443
0.49000 38.304 0.216878666681
0.50000 37.534 0.221304761919
0.51000 36.793 0.225730857158
0.52000 36.082 0.230156952396
0.53000 35.397 0.234583047635
0.54000 34.737 0.239009142873
0.55000 34.102 0.243435238111
0.56000 33.489 0.24786133335
0.57000 32.898 0.252287428588
0.58000 32.327 0.256713523827
0.59000 31.775 0.261139619065
0.60000 31.242 0.265565714303
0.61000 30.727 0.269991809542
0.62000 30.228 0.27441790478
0.63000 29.744 0.278844000019
0.64000 29.276 0.283270095257
0.65000 28.823 0.287696190495
0.66000 28.383 0.292122285734
0.67000 27.956 0.296548380972
0.68000 27.541 0.30097447621
0.69000 27.139 0.305400571449
0.70000 26.748 0.309826666687
0.71000 26.369 0.314252761926
0.72000 25.999 0.318678857164
0.73000 25.640 0.323104952402
0.74000 25.291 0.327531047641
0.75000 24.951 0.331957142879
0.76000 24.620 0.336383238118
0.77000 24.297 0.340809333356
0.78000 23.983 0.345235428594
0.79000 23.677 0.349661523833
0.80000 23.378 0.354087619071
0.81000 23.087 0.35851371431
0.82000 22.803 0.362939809548
0.83000 22.525 0.367365904786
0.84000 22.255 0.371792000025
0.85000 21.990 0.376218095263
0.86000 21.732 0.380644190501
0.87000 21.480 0.38507028574
0.88000 21.233 0.389496380978
0.89000 20.992 0.393922476217
0.90000 20.757 0.398348571455
0.91000 20.526 0.402774666693
0.92000 20.301 0.407200761932
0.93000 20.080 0.41162685717
0.94000 19.864 0.416052952409
0.95000 19.653 0.420479047647
0.96000 19.446 0.424905142885
0.97000 19.243 0.429331238124
0.98000 19.044 0.433757333362
0.99000 18.850 0.438183428601
1.0000 18.659 0.442609523839
1.0100 18.472 0.447035619077
1.0200 18.289 0.451461714316
1.0300 18.110 0.455887809554
1.0400 17.933 0.460313904792
1.0500 17.760 0.464740000031
1.0600 17.591 0.469166095269
1.0700 17.424 0.473592190508
1.0800 17.261 0.478018285746
1.0900 17.101 0.482444380984
1.1000 16.943 0.486870476223
1.1100 16.789 0.491296571461
1.1200 16.637 0.4957226667
1.1300 16.488 0.500148761938
1.1400 16.341 0.504574857176
1.1500 16.197 0.509000952415
1.1600 16.056 0.513427047653
1.1700 15.917 0.517853142892
1.1800 15.780 0.52227923813
1.1900 15.645 0.526705333368
1.2000 15.513 0.531131428607
1.2100 15.383 0.535557523845
1.2200 15.255 0.539983619083
1.2300 15.130 0.544409714322
1.2400 15.006 0.54883580956
1.2500 14.884 0.553261904799
1.2600 14.764 0.557688000037
1.2700 14.646 0.562114095275
1.2800 14.530 0.566540190514
1.2900 14.416 0.570966285752
1.3000 14.303 0.575392380991
1.3100 14.192 0.579818476229
1.3200 14.083 0.584244571467
1.3300 13.976 0.588670666706
1.3400 13.870 0.593096761944
1.3500 13.765 0.597522857183
1.3600 13.663 0.601948952421
1.3700 13.561 0.606375047659
1.3800 13.461 0.610801142898
1.3900 13.363 0.615227238136
1.4000 13.266 0.619653333374
1.4100 13.170 0.624079428613
1.4200 13.076 0.628505523851
1.4300 12.983 0.63293161909
1.4400 12.891 0.637357714328
1.4500 12.801 0.641783809566
1.4600 12.712 0.646209904805
1.4700 12.624 0.650636000043
1.4800 12.537 0.655062095282
1.4900 12.452 0.65948819052
1.5000 12.367 0.663914285758
1.5100 12.284 0.668340380997
1.5200 12.202 0.672766476235
1.5300 12.120 0.677192571474
1.5400 12.040 0.681618666712
1.5500 11.961 0.68604476195
1.5600 11.883 0.690470857189
1.5700 11.806 0.694896952427
1.5800 11.730 0.699323047665
1.5900 11.655 0.703749142904
1.6000 11.580 0.708175238142
1.6100 11.507 0.712601333381
1.6200 11.435 0.717027428619
1.6300 11.363 0.721453523857
1.6400 11.293 0.725879619096
1.6500 11.223 0.730305714334
1.6600 11.154 0.734731809573
1.6700 11.086 0.739157904811
1.6800 11.019 0.743584000049
1.6900 10.952 0.748010095288
1.7000 10.886 0.752436190526
1.7100 10.821 0.756862285765
1.7200 10.757 0.761288381003
1.7300 10.694 0.765714476241
1.7400 10.631 0.77014057148
1.7500 10.569 0.774566666718
1.7600 10.508 0.778992761956
1.7700 10.447 0.783418857195
1.7800 10.387 0.787844952433
1.7900 10.328 0.792271047672
1.8000 10.269 0.79669714291
1.8100 10.211 0.801123238148
1.8200 10.154 0.805549333387
1.8300 10.097 0.809975428625
1.8400 10.041 0.814401523864
1.8500 9.9859 0.818827619102
1.8600 9.9310 0.82325371434
1.8700 9.8768 0.827679809579
1.8800 9.8230 0.832105904817
1.8900 9.7699 0.836532000056
1.9000 9.7173 0.840958095294
1.9100 9.6653 0.845384190532
1.9200 9.6138 0.849810285771
1.9300 9.5629 0.854236381009
1.9400 9.5124 0.858662476247
1.9500 9.4625 0.863088571486
1.9600 9.4131 0.867514666724
1.9700 9.3642 0.871940761963
1.9800 9.3158 0.876366857201
1.9900 9.2679 0.880792952439
2.0000 9.2204 0.885219047678
2.0100 9.1735 0.889645142916
2.0200 9.1270 0.894071238155
2.0300 9.0809 0.898497333393
2.0400 9.0353 0.902923428631
2.0500 8.9902 0.90734952387
2.0600 8.9454 0.911775619108
2.0700 8.9012 0.916201714347
2.0800 8.8573 0.920627809585
2.0900 8.8139 0.925053904823
2.1000 8.7708 0.929480000062
2.1100 8.7282 0.9339060953
2.1200 8.6860 0.938332190538
2.1300 8.6442 0.942758285777
2.1400 8.6028 0.947184381015
2.1500 8.5617 0.951610476254
2.1600 8.5211 0.956036571492
2.1700 8.4808 0.96046266673
2.1800 8.4408 0.964888761969
2.1900 8.4013 0.969314857207
2.2000 8.3621 0.973740952446
2.2100 8.3233 0.978167047684
2.2200 8.2848 0.982593142922
2.2300 8.2466 0.987019238161
2.2400 8.2088 0.991445333399
2.2500 8.1713 0.995871428638
2.2600 8.1342 1.00029752388
2.2700 8.0974 1.00472361911
2.2800 8.0609 1.00914971435
2.2900 8.0247 1.01357580959
2.3000 7.9889 1.01800190483
2.3100 7.9533 1.02242800007
2.3200 7.9181 1.02685409531
2.3300 7.8832 1.03128019054
2.3400 7.8485 1.03570628578
2.3500 7.8142 1.04013238102
2.3600 7.7801 1.04455847626
2.3700 7.7463 1.0489845715
2.3800 7.7129 1.05341066674
2.3900 7.6797 1.05783676197
2.4000 7.6467 1.06226285721
2.4100 7.6141 1.06668895245
2.4200 7.5817 1.07111504769
2.4300 7.5496 1.07554114293
2.4400 7.5177 1.07996723817
2.4500 7.4861 1.08439333341
2.4600 7.4548 1.08881942864
2.4700 7.4237 1.09324552388
2.4800 7.3929 1.09767161912
2.4900 7.3623 1.10209771436
2.5000 7.3319 1.1065238096
2.5100 7.3018 1.11094990484
2.5200 7.2720 1.11537600007
2.5300 7.2424 1.11980209531
2.5400 7.2130 1.12422819055
2.5500 7.1838 1.12865428579
2.5600 7.1549 1.13308038103
2.5700 7.1262 1.13750647627
2.5800 7.0977 1.1419325715
2.5900 7.0694 1.14635866674
2.6000 7.0414 1.15078476198
2.6100 7.0135 1.15521085722
2.6200 6.9859 1.15963695246
2.6300 6.9585 1.1640630477
2.6400 6.9313 1.16848914293
2.6500 6.9043 1.17291523817
2.6600 6.8775 1.17734133341
2.6700 6.8509 1.18176742865
2.6800 6.8245 1.18619352389
2.6900 6.7983 1.19061961913
2.7000 6.7723 1.19504571437
2.7100 6.7464 1.1994718096
2.7200 6.7208 1.20389790484
2.7300 6.6954 1.20832400008
2.7400 6.6701 1.21275009532
2.7500 6.6451 1.21717619056
2.7600 6.6202 1.2216022858
2.7700 6.5955 1.22602838103
2.7800 6.5709 1.23045447627
2.7900 6.5466 1.23488057151
2.8000 6.5224 1.23930666675
2.8100 6.4984 1.24373276199
2.8200 6.4745 1.24815885723
2.8300 6.4509 1.25258495246
2.8400 6.4273 1.2570110477
2.8500 6.4040 1.26143714294
2.8600 6.3808 1.26586323818
2.8700 6.3578 1.27028933342
2.8800 6.3350 1.27471542866
2.8900 6.3123 1.27914152389
2.9000 6.2897 1.28356761913
2.9100 6.2673 1.28799371437
2.9200 6.2451 1.29241980961
2.9300 6.2230 1.29684590485
2.9400 6.2011 1.30127200009
2.9500 6.1793 1.30569809532
2.9600 6.1576 1.31012419056
2.9700 6.1362 1.3145502858
2.9800 6.1148 1.31897638104
2.9900 6.0936 1.32340247628
3.0000 6.0725 1.32782857152
3.0100 6.0516 1.33225466676
3.0200 6.0308 1.33668076199
3.0300 6.0102 1.34110685723
3.0400 5.9897 1.34553295247
3.0500 5.9693 1.34995904771
3.0600 5.9490 1.35438514295
3.0700 5.9289 1.35881123819
3.0800 5.9089 1.36323733342
3.0900 5.8891 1.36766342866
3.1000 5.8694 1.3720895239
3.1100 5.8498 1.37651561914
3.1200 5.8303 1.38094171438
3.1300 5.8109 1.38536780962
3.1400 5.7917 1.38979390485
3.1500 5.7726 1.39422000009
3.1600 5.7536 1.39864609533
3.1700 5.7347 1.40307219057
3.1800 5.7160 1.40749828581
3.1900 5.6974 1.41192438105
3.2000 5.6789 1.41635047628
3.2100 5.6605 1.42077657152
3.2200 5.6422 1.42520266676
3.2300 5.6240 1.429628762
3.2400 5.6059 1.43405485724
3.2500 5.5880 1.43848095248
3.2600 5.5702 1.44290704771
3.2700 5.5524 1.44733314295
3.2800 5.5348 1.45175923819
3.2900 5.5173 1.45618533343
3.3000 5.4999 1.46061142867
3.3100 5.4826 1.46503752391
3.3200 5.4654 1.46946361915
3.3300 5.4483 1.47388971438
3.3400 5.4313 1.47831580962
3.3500 5.4144 1.48274190486
3.3600 5.3976 1.4871680001
3.3700 5.3809 1.49159409534
3.3800 5.3643 1.49602019058
3.3900 5.3478 1.50044628581
3.4000 5.3314 1.50487238105
3.4100 5.3151 1.50929847629
3.4200 5.2989 1.51372457153
3.4300 5.2828 1.51815066677
3.4400 5.2668 1.52257676201
3.4500 5.2509 1.52700285724
3.4600 5.2350 1.53142895248
3.4700 5.2193 1.53585504772
3.4800 5.2036 1.54028114296
3.4900 5.1881 1.5447072382
3.5000 5.1726 1.54913333344
3.5100 5.1572 1.55355942867
3.5200 5.1419 1.55798552391
3.5300 5.1267 1.56241161915
3.5400 5.1116 1.56683771439
3.5500 5.0965 1.57126380963
3.5600 5.0815 1.57568990487
3.5700 5.0667 1.5801160001
3.5800 5.0519 1.58454209534
3.5900 5.0372 1.58896819058
3.6000 5.0225 1.59339428582
3.6100 5.0080 1.59782038106
3.6200 4.9935 1.6022464763
3.6300 4.9791 1.60667257154
3.6400 4.9648 1.61109866677
3.6500 4.9506 1.61552476201
3.6600 4.9365 1.61995085725
3.6700 4.9224 1.62437695249
3.6800 4.9084 1.62880304773
3.6900 4.8945 1.63322914297
3.7000 4.8806 1.6376552382
3.7100 4.8668 1.64208133344
3.7200 4.8531 1.64650742868
3.7300 4.8395 1.65093352392
3.7400 4.8259 1.65535961916
3.7500 4.8125 1.6597857144
3.7600 4.7991 1.66421180963
3.7700 4.7857 1.66863790487
3.7800 4.7724 1.67306400011
3.7900 4.7592 1.67749009535
3.8000 4.7461 1.68191619059
3.8100 4.7331 1.68634228583
3.8200 4.7201 1.69076838106
3.8300 4.7071 1.6951944763
3.8400 4.6943 1.69962057154
3.8500 4.6815 1.70404666678
3.8600 4.6688 1.70847276202
3.8700 4.6561 1.71289885726
3.8800 4.6435 1.71732495249
3.8900 4.6310 1.72175104773
3.9000 4.6185 1.72617714297
3.9100 4.6061 1.73060323821
3.9200 4.5938 1.73502933345
3.9300 4.5815 1.73945542869
3.9400 4.5693 1.74388152393
3.9500 4.5571 1.74830761916
3.9600 4.5450 1.7527337144
3.9700 4.5330 1.75715980964
3.9800 4.5210 1.76158590488
3.9900 4.5091 1.76601200012
4.0000 4.4973 1.77043809536
4.0100 4.4855 1.77486419059
4.0200 4.4738 1.77929028583
4.0300 4.4621 1.78371638107
4.0400 4.4505 1.78814247631
4.0500 4.4389 1.79256857155
4.0600 4.4274 1.79699466679
4.0700 4.4159 1.80142076202
4.0800 4.4046 1.80584685726
4.0900 4.3932 1.8102729525
4.1000 4.3819 1.81469904774
4.1100 4.3707 1.81912514298
4.1200 4.3595 1.82355123822
4.1300 4.3484 1.82797733345
4.1400 4.3374 1.83240342869
4.1500 4.3263 1.83682952393
4.1600 4.3154 1.84125561917
4.1700 4.3045 1.84568171441
4.1800 4.2936 1.85010780965
4.1900 4.2828 1.85453390489
4.2000 4.2721 1.85896000012
4.2100 4.2614 1.86338609536
4.2200 4.2507 1.8678121906
4.2300 4.2401 1.87223828584
4.2400 4.2296 1.87666438108
4.2500 4.2191 1.88109047632
4.2600 4.2086 1.88551657155
4.2700 4.1982 1.88994266679
4.2800 4.1879 1.89436876203
4.2900 4.1776 1.89879485727
4.3000 4.1673 1.90322095251
4.3100 4.1571 1.90764704775
4.3200 4.1469 1.91207314298
4.3300 4.1368 1.91649923822
4.3400 4.1268 1.92092533346
4.3500 4.1167 1.9253514287
4.3600 4.1068 1.92977752394
4.3700 4.0968 1.93420361918
4.3800 4.0869 1.93862971441
4.3900 4.0771 1.94305580965
4.4000 4.0673 1.94748190489
4.4100 4.0576 1.95190800013
4.4200 4.0478 1.95633409537
4.4300 4.0382 1.96076019061
4.4400 4.0286 1.96518628584
4.4500 4.0190 1.96961238108
4.4600 4.0094 1.97403847632
4.4700 3.9999 1.97846457156
4.4800 3.9905 1.9828906668
4.4900 3.9811 1.98731676204
4.5000 3.9717 1.99174285728
4.5100 3.9624 1.99616895251
4.5200 3.9531 2.00059504775
4.5300 3.9439 2.00502114299
4.5400 3.9347 2.00944723823
4.5500 3.9255 2.01387333347
4.5600 3.9164 2.01829942871
4.5700 3.9073 2.02272552394
4.5800 3.8983 2.02715161918
4.5900 3.8892 2.03157771442
4.6000 3.8803 2.03600380966
4.6100 3.8714 2.0404299049
4.6200 3.8625 2.04485600014
4.6300 3.8536 2.04928209537
4.6400 3.8448 2.05370819061
4.6500 3.8360 2.05813428585
4.6600 3.8273 2.06256038109
4.6700 3.8186 2.06698647633
4.6800 3.8099 2.07141257157
4.6900 3.8013 2.0758386668
4.7000 3.7927 2.08026476204
4.7100 3.7842 2.08469085728
4.7200 3.7757 2.08911695252
4.7300 3.7672 2.09354304776
4.7400 3.7587 2.097969143
4.7500 3.7503 2.10239523823
4.7600 3.7419 2.10682133347
4.7700 3.7336 2.11124742871
4.7800 3.7253 2.11567352395
4.7900 3.7170 2.12009961919
4.8000 3.7088 2.12452571443
4.8100 3.7006 2.12895180967
4.8200 3.6924 2.1333779049
4.8300 3.6843 2.13780400014
4.8400 3.6762 2.14223009538
4.8500 3.6681 2.14665619062
4.8600 3.6601 2.15108228586
4.8700 3.6521 2.1555083811
4.8800 3.6441 2.15993447633
4.8900 3.6362 2.16436057157
4.9000 3.6283 2.16878666681
4.9100 3.6204 2.17321276205
4.9200 3.6126 2.17763885729
4.9300 3.6048 2.18206495253
4.9400 3.5970 2.18649104776
4.9500 3.5892 2.190917143
4.9600 3.5815 2.19534323824
4.9700 3.5738 2.19976933348
4.9800 3.5662 2.20419542872
4.9900 3.5586 2.20862152396
5.0000 3.5510 2.21304761919
5.1000 3.4767 2.25730857158
5.1100 3.4694 2.26173466682
5.1200 3.4622 2.26616076206
5.1300 3.4550 2.27058685729
5.1400 3.4478 2.27501295253
5.1500 3.4406 2.27943904777
5.1600 3.4335 2.28386514301
5.1700 3.4264 2.28829123825
5.1800 3.4193 2.29271733349
5.1900 3.4123 2.29714342872
5.2000 3.4053 2.30156952396
5.2100 3.3983 2.3059956192
5.2200 3.3913 2.31042171444
5.2300 3.3844 2.31484780968
5.2400 3.3774 2.31927390492
5.2500 3.3706 2.32370000015
5.2600 3.3637 2.32812609539
5.2700 3.3569 2.33255219063
5.2800 3.3500 2.33697828587
5.2900 3.3433 2.34140438111
5.3000 3.3365 2.34583047635
5.3100 3.3298 2.35025657158
5.3200 3.3231 2.35468266682
5.3300 3.3164 2.35910876206
5.3400 3.3097 2.3635348573
5.3500 3.3031 2.36796095254
5.3600 3.2965 2.37238704778
5.3700 3.2899 2.37681314301
5.3800 3.2833 2.38123923825
5.3900 3.2768 2.38566533349
5.4000 3.2703 2.39009142873
5.4100 3.2638 2.39451752397
5.4200 3.2573 2.39894361921
5.4300 3.2509 2.40336971445
5.4400 3.2445 2.40779580968
5.4500 3.2381 2.41222190492
5.4600 3.2317 2.41664800016
5.4700 3.2254 2.4210740954
5.4800 3.2190 2.42550019064
5.4900 3.2127 2.42992628588
5.5000 3.2065 2.43435238111
5.5100 3.2002 2.43877847635
5.5200 3.1940 2.44320457159
5.5300 3.1878 2.44763066683
5.5400 3.1816 2.45205676207
5.5500 3.1754 2.45648285731
5.5600 3.1693 2.46090895254
5.5700 3.1631 2.46533504778
5.5800 3.1570 2.46976114302
5.5900 3.1510 2.47418723826
5.6000 3.1449 2.4786133335
5.6100 3.1389 2.48303942874
5.6200 3.1329 2.48746552397
5.6300 3.1269 2.49189161921
5.6400 3.1209 2.49631771445
5.6500 3.1149 2.50074380969
5.6600 3.1090 2.50516990493
5.6700 3.1031 2.50959600017
5.6800 3.0972 2.5140220954
5.6900 3.0913 2.51844819064
5.7000 3.0855 2.52287428588
5.7100 3.0797 2.52730038112
5.7200 3.0739 2.53172647636
5.7300 3.0681 2.5361525716
5.7400 3.0623 2.54057866684
5.7500 3.0566 2.54500476207
5.7600 3.0508 2.54943085731
5.7700 3.0451 2.55385695255
5.7800 3.0394 2.55828304779
5.7900 3.0338 2.56270914303
5.8000 3.0281 2.56713523827
5.8100 3.0225 2.5715613335
5.8200 3.0169 2.57598742874
5.8300 3.0113 2.58041352398
5.8400 3.0057 2.58483961922
5.8500 3.0002 2.58926571446
5.8600 2.9946 2.5936918097
5.8700 2.9891 2.59811790493
5.8800 2.9836 2.60254400017
5.8900 2.9781 2.60697009541
5.9000 2.9727 2.61139619065
5.9100 2.9672 2.61582228589
5.9200 2.9618 2.62024838113
5.9300 2.9564 2.62467447636
5.9400 2.9510 2.6291005716
5.9500 2.9457 2.63352666684
5.9600 2.9403 2.63795276208
5.9700 2.9350 2.64237885732
5.9800 2.9297 2.64680495256
5.9900 2.9244 2.6512310478
6.0000 2.9191 2.65565714303
6.0100 2.9138 2.66008323827
6.0200 2.9086 2.66450933351
6.0300 2.9033 2.66893542875
6.0400 2.8981 2.67336152399
6.0500 2.8929 2.67778761923
6.0600 2.8878 2.68221371446
6.0700 2.8826 2.6866398097
6.0800 2.8775 2.69106590494
6.0900 2.8723 2.69549200018
6.1000 2.8672 2.69991809542
6.1100 2.8621 2.70434419066
6.1200 2.8571 2.70877028589
6.1300 2.8520 2.71319638113
6.1400 2.8470 2.71762247637
6.1500 2.8419 2.72204857161
6.1600 2.8369 2.72647466685
6.1700 2.8319 2.73090076209
6.1800 2.8269 2.73532685732
6.1900 2.8220 2.73975295256
6.2000 2.8170 2.7441790478
6.2100 2.8121 2.74860514304
6.2200 2.8072 2.75303123828
6.2300 2.8023 2.75745733352
6.2400 2.7974 2.76188342875
6.2500 2.7925 2.76630952399
6.2600 2.7877 2.77073561923
6.2700 2.7828 2.77516171447
6.2800 2.7780 2.77958780971
6.2900 2.7732 2.78401390495
6.3000 2.7684 2.78844000019
6.3100 2.7636 2.79286609542
6.3200 2.7589 2.79729219066
6.3300 2.7541 2.8017182859
6.3400 2.7494 2.80614438114
6.3500 2.7447 2.81057047638
6.3600 2.7400 2.81499657162
6.3700 2.7353 2.81942266685
6.3800 2.7306 2.82384876209
6.3900 2.7260 2.82827485733
6.4000 2.7213 2.83270095257
6.4100 2.7167 2.83712704781
6.4200 2.7121 2.84155314305
6.4300 2.7075 2.84597923828
6.4400 2.7029 2.85040533352
6.4500 2.6983 2.85483142876
6.4600 2.6938 2.859257524
6.4700 2.6892 2.86368361924
6.4800 2.6847 2.86810971448
6.4900 2.6802 2.87253580971
6.5000 2.6757 2.87696190495
6.5100 2.6712 2.88138800019
6.5200 2.6667 2.88581409543
6.5300 2.6622 2.89024019067
6.5400 2.6578 2.89466628591
6.5500 2.6533 2.89909238114
6.5600 2.6489 2.90351847638
6.5700 2.6445 2.90794457162
6.5800 2.6401 2.91237066686
6.5900 2.6357 2.9167967621
6.6000 2.6314 2.92122285734
6.6100 2.6270 2.92564895258
6.6200 2.6227 2.93007504781
6.6300 2.6183 2.93450114305
6.6400 2.6140 2.93892723829
6.6500 2.6097 2.94335333353
6.6600 2.6054 2.94777942877
6.6700 2.6011 2.95220552401
6.6800 2.5969 2.95663161924
6.6900 2.5926 2.96105771448
6.7000 2.5884 2.96548380972
6.7100 2.5842 2.96990990496
6.7200 2.5799 2.9743360002
6.7300 2.5757 2.97876209544
6.7400 2.5716 2.98318819067
6.7500 2.5674 2.98761428591
6.7600 2.5632 2.99204038115
6.7700 2.5591 2.99646647639
6.7800 2.5549 3.00089257163
6.7900 2.5508 3.00531866687
6.8000 2.5467 3.0097447621
6.8100 2.5426 3.01417085734
6.8200 2.5385 3.01859695258
6.8300 2.5344 3.02302304782
6.8400 2.5303 3.02744914306
6.8500 2.5263 3.0318752383
6.8600 2.5222 3.03630133353
6.8700 2.5182 3.04072742877
6.8800 2.5141 3.04515352401
6.8900 2.5101 3.04957961925
6.9000 2.5061 3.05400571449
6.9100 2.5021 3.05843180973
6.9200 2.4982 3.06285790497
6.9300 2.4942 3.0672840002
6.9400 2.4902 3.07171009544
6.9500 2.4863 3.07613619068
6.9600 2.4824 3.08056228592
6.9700 2.4785 3.08498838116
6.9800 2.4745 3.0894144764
6.9900 2.4706 3.09384057163
7.0000 2.4668 3.09826666687
7.0100 2.4629 3.10269276211
7.0200 2.4590 3.10711885735
7.0300 2.4552 3.11154495259
7.0400 2.4513 3.11597104783
7.0500 2.4475 3.12039714306
7.0600 2.4437 3.1248232383
7.0700 2.4398 3.12924933354
7.0800 2.4360 3.13367542878
7.0900 2.4323 3.13810152402
7.1000 2.4285 3.14252761926
7.1100 2.4247 3.14695371449
7.1200 2.4209 3.15137980973
7.1300 2.4172 3.15580590497
7.1400 2.4135 3.16023200021
7.1500 2.4097 3.16465809545
7.1600 2.4060 3.16908419069
7.1700 2.4023 3.17351028592
7.1800 2.3986 3.17793638116
7.1900 2.3949 3.1823624764
7.2000 2.3912 3.18678857164
7.2100 2.3876 3.19121466688
7.2200 2.3839 3.19564076212
7.2300 2.3803 3.20006685736
7.2400 2.3766 3.20449295259
7.2500 2.3730 3.20891904783
7.2600 2.3694 3.21334514307
7.2700 2.3658 3.21777123831
7.2800 2.3622 3.22219733355
7.2900 2.3586 3.22662342879
7.3000 2.3550 3.23104952402
7.3100 2.3515 3.23547561926
7.3200 2.3479 3.2399017145
7.3300 2.3444 3.24432780974
7.3400 2.3408 3.24875390498
7.3500 2.3373 3.25318000022
7.3600 2.3338 3.25760609545
7.3700 2.3303 3.26203219069
7.3800 2.3267 3.26645828593
7.3900 2.3233 3.27088438117
7.4000 2.3198 3.27531047641
7.4100 2.3163 3.27973657165
7.4200 2.3128 3.28416266688
7.4300 2.3094 3.28858876212
7.4400 2.3059 3.29301485736
7.4500 2.3025 3.2974409526
7.4600 2.2991 3.30186704784
7.4700 2.2957 3.30629314308
7.4800 2.2922 3.31071923832
7.4900 2.2888 3.31514533355
7.5000 2.2855 3.31957142879
7.5100 2.2821 3.32399752403
7.5200 2.2787 3.32842361927
7.5300 2.2753 3.33284971451
7.5400 2.2720 3.33727580975
7.5500 2.2686 3.34170190498
7.5600 2.2653 3.34612800022
7.5700 2.2620 3.35055409546
7.5800 2.2586 3.3549801907
7.5900 2.2553 3.35940628594
7.6000 2.2520 3.36383238118
7.6100 2.2487 3.36825847641
7.6200 2.2454 3.37268457165
7.6300 2.2422 3.37711066689
7.6400 2.2389 3.38153676213
7.6500 2.2356 3.38596285737
7.6600 2.2324 3.39038895261
7.6700 2.2291 3.39481504784
7.6800 2.2259 3.39924114308
7.6900 2.2227 3.40366723832
7.7000 2.2195 3.40809333356
7.7100 2.2162 3.4125194288
7.7200 2.2130 3.41694552404
7.7300 2.2098 3.42137161927
7.7400 2.2067 3.42579771451
7.7500 2.2035 3.43022380975
7.7600 2.2003 3.43464990499
7.7700 2.1971 3.43907600023
7.7800 2.1940 3.44350209547
7.7900 2.1908 3.44792819071
7.8000 2.1877 3.45235428594
7.8100 2.1846 3.45678038118
7.8200 2.1815 3.46120647642
7.8300 2.1783 3.46563257166
7.8400 2.1752 3.4700586669
7.8500 2.1721 3.47448476214
7.8600 2.1690 3.47891085737
7.8700 2.1660 3.48333695261
7.8800 2.1629 3.48776304785
7.8900 2.1598 3.49218914309
7.9000 2.1568 3.49661523833
7.9100 2.1537 3.50104133357
7.9200 2.1507 3.5054674288
7.9300 2.1476 3.50989352404
7.9400 2.1446 3.51431961928
7.9500 2.1416 3.51874571452
7.9600 2.1386 3.52317180976
7.9700 2.1355 3.527597905
7.9800 2.1325 3.53202400023
7.9900 2.1296 3.53645009547
8.0000 2.1266 3.54087619071
8.0100 2.1236 3.54530228595
8.0200 2.1206 3.54972838119
8.0300 2.1177 3.55415447643
8.0400 2.1147 3.55858057166
8.0500 2.1118 3.5630066669
8.0600 2.1088 3.56743276214
8.0700 2.1059 3.57185885738
8.0800 2.1029 3.57628495262
8.0900 2.1000 3.58071104786
8.1000 2.0971 3.5851371431
8.1100 2.0942 3.58956323833
8.1200 2.0913 3.59398933357
8.1300 2.0884 3.59841542881
8.1400 2.0855 3.60284152405
8.1500 2.0827 3.60726761929
8.1600 2.0798 3.61169371453
8.1700 2.0769 3.61611980976
8.1800 2.0741 3.620545905
8.1900 2.0712 3.62497200024
8.2000 2.0684 3.62939809548
8.2100 2.0655 3.63382419072
8.2200 2.0627 3.63825028596
8.2300 2.0599 3.64267638119
8.2400 2.0571 3.64710247643
8.2500 2.0543 3.65152857167
8.2600 2.0515 3.65595466691
8.2700 2.0487 3.66038076215
8.2800 2.0459 3.66480685739
8.2900 2.0431 3.66923295262
8.3000 2.0403 3.67365904786
8.3100 2.0375 3.6780851431
8.3200 2.0348 3.68251123834
8.3300 2.0320 3.68693733358
8.3400 2.0293 3.69136342882
8.3500 2.0265 3.69578952405
8.3600 2.0238 3.70021561929
8.3700 2.0211 3.70464171453
8.3800 2.0183 3.70906780977
8.3900 2.0156 3.71349390501
8.4000 2.0129 3.71792000025
8.4100 2.0102 3.72234609549
8.4200 2.0075 3.72677219072
8.4300 2.0048 3.73119828596
8.4400 2.0021 3.7356243812
8.4500 1.9994 3.74005047644
8.4600 1.9968 3.74447657168
8.4700 1.9941 3.74890266692
8.4800 1.9914 3.75332876215
8.4900 1.9888 3.75775485739
8.5000 1.9861 3.76218095263
8.5100 1.9835 3.76660704787
8.5200 1.9809 3.77103314311
8.5300 1.9782 3.77545923835
8.5400 1.9756 3.77988533358
8.5500 1.9730 3.78431142882
8.5600 1.9704 3.78873752406
8.5700 1.9678 3.7931636193
8.5800 1.9652 3.79758971454
8.5900 1.9626 3.80201580978
8.6000 1.9600 3.80644190501
8.6100 1.9574 3.81086800025
8.6200 1.9548 3.81529409549
8.6300 1.9522 3.81972019073
8.6400 1.9497 3.82414628597
8.6500 1.9471 3.82857238121
8.6600 1.9446 3.83299847644
8.6700 1.9420 3.83742457168
8.6800 1.9395 3.84185066692
8.6900 1.9369 3.84627676216
8.7000 1.9344 3.8507028574
8.7100 1.9319 3.85512895264
8.7200 1.9294 3.85955504788
8.7300 1.9268 3.86398114311
8.7400 1.9243 3.86840723835
8.7500 1.9218 3.87283333359
8.7600 1.9193 3.87725942883
8.7700 1.9169 3.88168552407
8.7800 1.9144 3.88611161931
8.7900 1.9119 3.89053771454
8.8000 1.9094 3.89496380978
8.8100 1.9069 3.89938990502
8.8200 1.9045 3.90381600026
8.8300 1.9020 3.9082420955
8.8400 1.8996 3.91266819074
8.8500 1.8971 3.91709428597
8.8600 1.8947 3.92152038121
8.8700 1.8922 3.92594647645
8.8800 1.8898 3.93037257169
8.8900 1.8874 3.93479866693
8.9000 1.8850 3.93922476217
8.9100 1.8826 3.9436508574
8.9200 1.8801 3.94807695264
8.9300 1.8777 3.95250304788
8.9400 1.8753 3.95692914312
8.9500 1.8729 3.96135523836
8.9600 1.8706 3.9657813336
8.9700 1.8682 3.97020742884
8.9800 1.8658 3.97463352407
8.9900 1.8634 3.97905961931
9.0000 1.8611 3.98348571455
9.0100 1.8587 3.98791180979
9.0200 1.8563 3.99233790503
9.0300 1.8540 3.99676400027
9.0400 1.8516 4.0011900955
9.0500 1.8493 4.00561619074
9.0600 1.8470 4.01004228598
9.0700 1.8446 4.01446838122
9.0800 1.8423 4.01889447646
9.0900 1.8400 4.0233205717
9.1000 1.8377 4.02774666693
9.1100 1.8353 4.03217276217
9.1200 1.8330 4.03659885741
9.1300 1.8307 4.04102495265
9.1400 1.8284 4.04545104789
9.1500 1.8261 4.04987714313
9.1600 1.8239 4.05430323836
9.1700 1.8216 4.0587293336
9.1800 1.8193 4.06315542884
9.1900 1.8170 4.06758152408
9.2000 1.8148 4.07200761932
9.2100 1.8125 4.07643371456
9.2200 1.8102 4.08085980979
9.2300 1.8080 4.08528590503
9.2400 1.8057 4.08971200027
9.2500 1.8035 4.09413809551
9.2600 1.8013 4.09856419075
9.2700 1.7990 4.10299028599
9.2800 1.7968 4.10741638123
9.2900 1.7946 4.11184247646
9.3000 1.7923 4.1162685717
9.3100 1.7901 4.12069466694
9.3200 1.7879 4.12512076218
9.3300 1.7857 4.12954685742
9.3400 1.7835 4.13397295266
9.3500 1.7813 4.13839904789
9.3600 1.7791 4.14282514313
9.3700 1.7769 4.14725123837
9.3800 1.7748 4.15167733361
9.3900 1.7726 4.15610342885
9.4000 1.7704 4.16052952409
9.4100 1.7682 4.16495561932
9.4200 1.7661 4.16938171456
9.4300 1.7639 4.1738078098
9.4400 1.7617 4.17823390504
9.4500 1.7596 4.18266000028
9.4600 1.7574 4.18708609552
9.4700 1.7553 4.19151219075
9.4800 1.7532 4.19593828599
9.4900 1.7510 4.20036438123
9.5000 1.7489 4.20479047647
9.5100 1.7468 4.20921657171
9.5200 1.7447 4.21364266695
9.5300 1.7425 4.21806876218
9.5400 1.7404 4.22249485742
9.5500 1.7383 4.22692095266
9.5600 1.7362 4.2313470479
9.5700 1.7341 4.23577314314
9.5800 1.7320 4.24019923838
9.5900 1.7299 4.24462533362
9.6000 1.7278 4.24905142885
9.6100 1.7258 4.25347752409
9.6200 1.7237 4.25790361933
9.6300 1.7216 4.26232971457
9.6400 1.7195 4.26675580981
9.6500 1.7175 4.27118190505
9.6600 1.7154 4.27560800028
9.6700 1.7134 4.28003409552
9.6800 1.7113 4.28446019076
9.6900 1.7092 4.288886286
9.7000 1.7072 4.29331238124
9.7100 1.7052 4.29773847648
9.7200 1.7031 4.30216457171
9.7300 1.7011 4.30659066695
9.7400 1.6991 4.31101676219
9.7500 1.6970 4.31544285743
9.7600 1.6950 4.31986895267
9.7700 1.6930 4.32429504791
9.7800 1.6910 4.32872114314
9.7900 1.6890 4.33314723838
9.8000 1.6870 4.33757333362
9.8100 1.6850 4.34199942886
9.8200 1.6830 4.3464255241
9.8300 1.6810 4.35085161934
9.8400 1.6790 4.35527771457
9.8500 1.6770 4.35970380981
9.8600 1.6750 4.36412990505
9.8700 1.6731 4.36855600029
9.8800 1.6711 4.37298209553
9.8900 1.6691 4.37740819077
9.9000 1.6672 4.38183428601
9.9100 1.6652 4.38626038124
9.9200 1.6632 4.39068647648
9.9300 1.6613 4.39511257172
9.9400 1.6593 4.39953866696
9.9500 1.6574 4.4039647622
9.9600 1.6554 4.40839085744
9.9700 1.6535 4.41281695267
9.9800 1.6516 4.41724304791
9.9900 1.6496 4.42166914315
10.000 1.6477 4.42609523839
10.100 1.6286 4.47035619077
10.110 1.6268 4.47478228601
10.120 1.6249 4.47920838125
10.130 1.6230 4.48363447649
10.140 1.6211 4.48806057173
10.150 1.6193 4.49248666696
10.160 1.6174 4.4969127622
10.170 1.6155 4.50133885744
10.180 1.6137 4.50576495268
10.190 1.6118 4.51019104792
10.200 1.6099 4.51461714316
10.210 1.6081 4.5190432384
10.220 1.6062 4.52346933363
10.230 1.6044 4.52789542887
10.240 1.6026 4.53232152411
10.250 1.6007 4.53674761935
10.260 1.5989 4.54117371459
10.270 1.5971 4.54559980983
10.280 1.5952 4.55002590506
10.290 1.5934 4.5544520003
10.300 1.5916 4.55887809554
10.310 1.5898 4.56330419078
10.320 1.5880 4.56773028602
10.330 1.5862 4.57215638126
10.340 1.5844 4.57658247649
10.350 1.5826 4.58100857173
10.360 1.5808 4.58543466697
10.370 1.5790 4.58986076221
10.380 1.5772 4.59428685745
10.390 1.5754 4.59871295269
10.400 1.5736 4.60313904792
10.410 1.5718 4.60756514316
10.420 1.5700 4.6119912384
10.430 1.5683 4.61641733364
10.440 1.5665 4.62084342888
10.450 1.5647 4.62526952412
10.460 1.5629 4.62969561935
10.470 1.5612 4.63412171459
10.480 1.5594 4.63854780983
10.490 1.5577 4.64297390507
10.500 1.5559 4.64740000031
10.510 1.5542 4.65182609555
10.520 1.5524 4.65625219079
10.530 1.5507 4.66067828602
10.540 1.5489 4.66510438126
10.550 1.5472 4.6695304765
10.560 1.5455 4.67395657174
10.570 1.5437 4.67838266698
10.580 1.5420 4.68280876222
10.590 1.5403 4.68723485745
10.600 1.5386 4.69166095269
10.610 1.5368 4.69608704793
10.620 1.5351 4.70051314317
10.630 1.5334 4.70493923841
10.640 1.5317 4.70936533365
10.650 1.5300 4.71379142888
10.660 1.5283 4.71821752412
10.670 1.5266 4.72264361936
10.680 1.5249 4.7270697146
10.690 1.5232 4.73149580984
10.700 1.5215 4.73592190508
10.710 1.5198 4.74034800031
10.720 1.5182 4.74477409555
10.730 1.5165 4.74920019079
10.740 1.5148 4.75362628603
10.750 1.5131 4.75805238127
10.760 1.5115 4.76247847651
10.770 1.5098 4.76690457175
10.780 1.5081 4.77133066698
10.790 1.5065 4.77575676222
10.800 1.5048 4.78018285746
10.810 1.5031 4.7846089527
10.820 1.5015 4.78903504794
10.830 1.4998 4.79346114318
10.840 1.4982 4.79788723841
10.850 1.4965 4.80231333365
10.860 1.4949 4.80673942889
10.870 1.4933 4.81116552413
10.880 1.4916 4.81559161937
10.890 1.4900 4.82001771461
10.900 1.4884 4.82444380984
10.910 1.4867 4.82886990508
10.920 1.4851 4.83329600032
10.930 1.4835 4.83772209556
10.940 1.4819 4.8421481908
10.950 1.4802 4.84657428604
10.960 1.4786 4.85100038127
10.970 1.4770 4.85542647651
10.980 1.4754 4.85985257175
10.990 1.4738 4.86427866699
11.000 1.4722 4.86870476223
11.010 1.4706 4.87313085747
11.020 1.4690 4.8775569527
11.030 1.4674 4.88198304794
11.040 1.4658 4.88640914318
11.050 1.4642 4.89083523842
11.060 1.4627 4.89526133366
11.070 1.4611 4.8996874289
11.080 1.4595 4.90411352414
11.090 1.4579 4.90853961937
11.100 1.4563 4.91296571461
11.110 1.4548 4.91739180985
11.120 1.4532 4.92181790509
11.130 1.4516 4.92624400033
11.140 1.4501 4.93067009557
11.150 1.4485 4.9350961908
11.160 1.4470 4.93952228604
11.170 1.4454 4.94394838128
11.180 1.4438 4.94837447652
11.190 1.4423 4.95280057176
11.200 1.4407 4.957226667
11.210 1.4392 4.96165276223
11.220 1.4377 4.96607885747
11.230 1.4361 4.97050495271
11.240 1.4346 4.97493104795
11.250 1.4330 4.97935714319
11.260 1.4315 4.98378323843
11.270 1.4300 4.98820933366
11.280 1.4285 4.9926354289
11.290 1.4269 4.99706152414
11.300 1.4254 5.00148761938
11.310 1.4239 5.00591371462
11.320 1.4224 5.01033980986
11.330 1.4209 5.01476590509
11.340 1.4194 5.01919200033
11.350 1.4178 5.02361809557
11.360 1.4163 5.02804419081
11.370 1.4148 5.03247028605
11.380 1.4133 5.03689638129
11.390 1.4118 5.04132247653
11.400 1.4103 5.04574857176
11.410 1.4088 5.050174667
11.420 1.4074 5.05460076224
11.430 1.4059 5.05902685748
11.440 1.4044 5.06345295272
11.450 1.4029 5.06787904796
11.460 1.4014 5.07230514319
11.470 1.3999 5.07673123843
11.480 1.3985 5.08115733367
11.490 1.3970 5.08558342891
11.500 1.3955 5.09000952415
11.510 1.3941 5.09443561939
11.520 1.3926 5.09886171462
11.530 1.3911 5.10328780986
11.540 1.3897 5.1077139051
11.550 1.3882 5.11214000034
11.560 1.3867 5.11656609558
11.570 1.3853 5.12099219082
11.580 1.3838 5.12541828605
11.590 1.3824 5.12984438129
11.600 1.3809 5.13427047653
11.610 1.3795 5.13869657177
11.620 1.3781 5.14312266701
11.630 1.3766 5.14754876225
11.640 1.3752 5.15197485748
11.650 1.3737 5.15640095272
11.660 1.3723 5.16082704796
11.670 1.3709 5.1652531432
11.680 1.3695 5.16967923844
11.690 1.3680 5.17410533368
11.700 1.3666 5.17853142892
11.710 1.3652 5.18295752415
11.720 1.3638 5.18738361939
11.730 1.3624 5.19180971463
11.740 1.3609 5.19623580987
11.750 1.3595 5.20066190511
11.760 1.3581 5.20508800035
11.770 1.3567 5.20951409558
11.780 1.3553 5.21394019082
11.790 1.3539 5.21836628606
11.800 1.3525 5.2227923813
11.810 1.3511 5.22721847654
11.820 1.3497 5.23164457178
11.830 1.3483 5.23607066701
11.840 1.3469 5.24049676225
11.850 1.3455 5.24492285749
11.860 1.3441 5.24934895273
11.870 1.3428 5.25377504797
11.880 1.3414 5.25820114321
11.890 1.3400 5.26262723844
11.900 1.3386 5.26705333368
11.910 1.3372 5.27147942892
11.920 1.3359 5.27590552416
11.930 1.3345 5.2803316194
11.940 1.3331 5.28475771464
11.950 1.3318 5.28918380987
11.960 1.3304 5.29360990511
11.970 1.3290 5.29803600035
11.980 1.3277 5.30246209559
11.990 1.3263 5.30688819083
12.000 1.3250 5.31131428607
12.010 1.3236 5.31574038131
12.020 1.3223 5.32016647654
12.030 1.3209 5.32459257178
12.040 1.3196 5.32901866702
12.050 1.3182 5.33344476226
12.060 1.3169 5.3378708575
12.070 1.3155 5.34229695274
12.080 1.3142 5.34672304797
12.090 1.3129 5.35114914321
12.100 1.3115 5.35557523845
12.110 1.3102 5.36000133369
12.120 1.3089 5.36442742893
12.130 1.3075 5.36885352417
12.140 1.3062 5.3732796194
12.150 1.3049 5.37770571464
12.160 1.3035 5.38213180988
12.170 1.3022 5.38655790512
12.180 1.3009 5.39098400036
12.190 1.2996 5.3954100956
12.200 1.2983 5.39983619083
12.210 1.2970 5.40426228607
12.220 1.2957 5.40868838131
12.230 1.2943 5.41311447655
12.240 1.2930 5.41754057179
12.250 1.2917 5.42196666703
12.260 1.2904 5.42639276227
12.270 1.2891 5.4308188575
12.280 1.2878 5.43524495274
12.290 1.2865 5.43967104798
12.300 1.2852 5.44409714322
12.310 1.2840 5.44852323846
12.320 1.2827 5.4529493337
12.330 1.2814 5.45737542893
12.340 1.2801 5.46180152417
12.350 1.2788 5.46622761941
12.360 1.2775 5.47065371465
12.370 1.2762 5.47507980989
12.380 1.2750 5.47950590513
12.390 1.2737 5.48393200036
12.400 1.2724 5.4883580956
12.410 1.2711 5.49278419084
12.420 1.2699 5.49721028608
12.430 1.2686 5.50163638132
12.440 1.2673 5.50606247656
12.450 1.2661 5.51048857179
12.460 1.2648 5.51491466703
12.470 1.2635 5.51934076227
12.480 1.2623 5.52376685751
12.490 1.2610 5.52819295275
12.500 1.2598 5.53261904799
12.510 1.2585 5.53704514322
12.520 1.2573 5.54147123846
12.530 1.2560 5.5458973337
12.540 1.2548 5.55032342894
12.550 1.2535 5.55474952418
12.560 1.2523 5.55917561942
12.570 1.2510 5.56360171466
12.580 1.2498 5.56802780989
12.590 1.2486 5.57245390513
12.600 1.2473 5.57688000037
12.610 1.2461 5.58130609561
12.620 1.2449 5.58573219085
12.630 1.2436 5.59015828609
12.640 1.2424 5.59458438132
12.650 1.2412 5.59901047656
12.660 1.2399 5.6034365718
12.670 1.2387 5.60786266704
12.680 1.2375 5.61228876228
12.690 1.2363 5.61671485752
12.700 1.2351 5.62114095275
12.710 1.2338 5.62556704799
12.720 1.2326 5.62999314323
12.730 1.2314 5.63441923847
12.740 1.2302 5.63884533371
12.750 1.2290 5.64327142895
12.760 1.2278 5.64769752418
12.770 1.2266 5.65212361942
12.780 1.2254 5.65654971466
12.790 1.2242 5.6609758099
12.800 1.2230 5.66540190514
12.810 1.2218 5.66982800038
12.820 1.2206 5.67425409561
12.830 1.2194 5.67868019085
12.840 1.2182 5.68310628609
12.850 1.2170 5.68753238133
12.860 1.2158 5.69195847657
12.870 1.2146 5.69638457181
12.880 1.2134 5.70081066705
12.890 1.2122 5.70523676228
12.900 1.2111 5.70966285752
12.910 1.2099 5.71408895276
12.920 1.2087 5.718515048
12.930 1.2075 5.72294114324
12.940 1.2063 5.72736723848
12.950 1.2052 5.73179333371
12.960 1.2040 5.73621942895
12.970 1.2028 5.74064552419
12.980 1.2016 5.74507161943
12.990 1.2005 5.74949771467
13.000 1.1993 5.75392380991
13.010 1.1981 5.75834990514
13.020 1.1970 5.76277600038
13.030 1.1958 5.76720209562
13.040 1.1947 5.77162819086
13.050 1.1935 5.7760542861
13.060 1.1924 5.78048038134
13.070 1.1912 5.78490647657
13.080 1.1900 5.78933257181
13.090 1.1889 5.79375866705
13.100 1.1877 5.79818476229
13.110 1.1866 5.80261085753
13.120 1.1854 5.80703695277
13.130 1.1843 5.811463048
13.140 1.1832 5.81588914324
13.150 1.1820 5.82031523848
13.160 1.1809 5.82474133372
13.170 1.1797 5.82916742896
13.180 1.1786 5.8335935242
13.190 1.1775 5.83801961944
13.200 1.1763 5.84244571467
13.210 1.1752 5.84687180991
13.220 1.1741 5.85129790515
13.230 1.1729 5.85572400039
13.240 1.1718 5.86015009563
13.250 1.1707 5.86457619087
13.260 1.1696 5.8690022861
13.270 1.1684 5.87342838134
13.280 1.1673 5.87785447658
13.290 1.1662 5.88228057182
13.300 1.1651 5.88670666706
13.310 1.1640 5.8911327623
13.320 1.1628 5.89555885753
13.330 1.1617 5.89998495277
13.340 1.1606 5.90441104801
13.350 1.1595 5.90883714325
13.360 1.1584 5.91326323849
13.370 1.1573 5.91768933373
13.380 1.1562 5.92211542896
13.390 1.1551 5.9265415242
13.400 1.1540 5.93096761944
13.410 1.1529 5.93539371468
13.420 1.1518 5.93981980992
13.430 1.1507 5.94424590516
13.440 1.1496 5.94867200039
13.450 1.1485 5.95309809563
13.460 1.1474 5.95752419087
13.470 1.1463 5.96195028611
13.480 1.1452 5.96637638135
13.490 1.1441 5.97080247659
13.500 1.1430 5.97522857183
13.510 1.1420 5.97965466706
13.520 1.1409 5.9840807623
13.530 1.1398 5.98850685754
13.540 1.1387 5.99293295278
13.550 1.1376 5.99735904802
13.560 1.1365 6.00178514326
13.570 1.1355 6.00621123849
13.580 1.1344 6.01063733373
13.590 1.1333 6.01506342897
13.600 1.1322 6.01948952421
13.610 1.1312 6.02391561945
13.620 1.1301 6.02834171469
13.630 1.1290 6.03276780992
13.640 1.1280 6.03719390516
13.650 1.1269 6.0416200004
13.660 1.1258 6.04604609564
13.670 1.1248 6.05047219088
13.680 1.1237 6.05489828612
13.690 1.1227 6.05932438135
13.700 1.1216 6.06375047659
13.710 1.1205 6.06817657183
13.720 1.1195 6.07260266707
13.730 1.1184 6.07702876231
13.740 1.1174 6.08145485755
13.750 1.1163 6.08588095278
13.760 1.1153 6.09030704802
13.770 1.1142 6.09473314326
13.780 1.1132 6.0991592385
13.790 1.1121 6.10358533374
13.800 1.1111 6.10801142898
13.810 1.1100 6.11243752422
13.820 1.1090 6.11686361945
13.830 1.1080 6.12128971469
13.840 1.1069 6.12571580993
13.850 1.1059 6.13014190517
13.860 1.1048 6.13456800041
13.870 1.1038 6.13899409565
13.880 1.1028 6.14342019088
13.890 1.1017 6.14784628612
13.900 1.1007 6.15227238136
13.910 1.0997 6.1566984766
13.920 1.0987 6.16112457184
13.930 1.0976 6.16555066708
13.940 1.0966 6.16997676231
13.950 1.0956 6.17440285755
13.960 1.0946 6.17882895279
13.970 1.0935 6.18325504803
13.970 1.0935 6.18325504803
13.970 0.053776 6.18325504803
13.980 0.053775 6.18768114327
13.990 0.053775 6.19210723851
14.000 0.053775 6.19653333374
14.010 0.053774 6.20095942898
14.020 0.053774 6.20538552422
14.030 0.053774 6.20981161946
14.040 0.053773 6.2142377147
14.050 0.053773 6.21866380994
14.060 0.053773 6.22308990518
14.070 0.053772 6.22751600041
14.080 0.053772 6.23194209565
14.090 0.053772 6.23636819089
14.100 0.053771 6.24079428613
14.110 0.053771 6.24522038137
14.120 0.053771 6.24964647661
14.130 0.053770 6.25407257184
14.140 0.053770 6.25849866708
14.150 0.053770 6.26292476232
14.160 0.053769 6.26735085756
14.170 0.053769 6.2717769528
14.180 0.053769 6.27620304804
14.190 0.053769 6.28062914327
14.200 0.053768 6.28505523851
14.210 0.053768 6.28948133375
14.220 0.053768 6.29390742899
14.230 0.053767 6.29833352423
14.240 0.053767 6.30275961947
14.250 0.053767 6.3071857147
14.260 0.053766 6.31161180994
14.270 0.053766 6.31603790518
14.280 0.053766 6.32046400042
14.290 0.053765 6.32489009566
14.300 0.053765 6.3293161909
14.310 0.053765 6.33374228613
14.320 0.053764 6.33816838137
14.330 0.053764 6.34259447661
14.340 0.053764 6.34702057185
14.350 0.053763 6.35144666709
14.360 0.053763 6.35587276233
14.370 0.053763 6.36029885757
14.380 0.053762 6.3647249528
14.390 0.053762 6.36915104804
14.400 0.053762 6.37357714328
14.410 0.053761 6.37800323852
14.420 0.053761 6.38242933376
14.430 0.053761 6.386855429
14.440 0.053760 6.39128152423
14.450 0.053760 6.39570761947
14.460 0.053760 6.40013371471
14.470 0.053760 6.40455980995
14.480 0.053759 6.40898590519
14.490 0.053759 6.41341200043
14.500 0.053759 6.41783809566
14.510 0.053758 6.4222641909
14.520 0.053758 6.42669028614
14.530 0.053758 6.43111638138
14.540 0.053757 6.43554247662
14.550 0.053757 6.43996857186
14.560 0.053757 6.44439466709
14.570 0.053756 6.44882076233
14.580 0.053756 6.45324685757
14.590 0.053756 6.45767295281
14.600 0.053755 6.46209904805
14.610 0.053755 6.46652514329
14.620 0.053755 6.47095123852
14.630 0.053754 6.47537733376
14.640 0.053754 6.479803429
14.650 0.053754 6.48422952424
14.660 0.053753 6.48865561948
14.670 0.053753 6.49308171472
14.680 0.053753 6.49750780996
14.690 0.053752 6.50193390519
14.700 0.053752 6.50636000043
14.710 0.053752 6.51078609567
14.720 0.053752 6.51521219091
14.730 0.053751 6.51963828615
14.740 0.053751 6.52406438139
14.750 0.053751 6.52849047662
14.760 0.053750 6.53291657186
14.770 0.053750 6.5373426671
14.780 0.053750 6.54176876234
14.790 0.053749 6.54619485758
14.800 0.053749 6.55062095282
14.810 0.053749 6.55504704805
14.820 0.053748 6.55947314329
14.830 0.053748 6.56389923853
14.840 0.053748 6.56832533377
14.850 0.053747 6.57275142901
14.860 0.053747 6.57717752425
14.870 0.053747 6.58160361948
14.880 0.053746 6.58602971472
14.890 0.053746 6.59045580996
14.900 0.053746 6.5948819052
14.910 0.053745 6.59930800044
14.920 0.053745 6.60373409568
14.930 0.053745 6.60816019091
14.940 0.053744 6.61258628615
14.950 0.053744 6.61701238139
14.960 0.053744 6.62143847663
14.970 0.053743 6.62586457187
14.980 0.053743 6.63029066711
14.990 0.053743 6.63471676235
15.000 0.053743 6.63914285758
15.100 0.053739 6.68340380997
15.110 0.053739 6.68782990521
15.120 0.053739 6.69225600044
15.130 0.053738 6.69668209568
15.140 0.053738 6.70110819092
15.150 0.053738 6.70553428616
15.160 0.053737 6.7099603814
15.170 0.053737 6.71438647664
15.180 0.053737 6.71881257187
15.190 0.053736 6.72323866711
15.200 0.053736 6.72766476235
15.210 0.053736 6.73209085759
15.220 0.053735 6.73651695283
15.230 0.053735 6.74094304807
15.240 0.053735 6.7453691433
15.250 0.053735 6.74979523854
15.260 0.053734 6.75422133378
15.270 0.053734 6.75864742902
15.280 0.053734 6.76307352426
15.290 0.053733 6.7674996195
15.300 0.053733 6.77192571474
15.310 0.053733 6.77635180997
15.320 0.053732 6.78077790521
15.330 0.053732 6.78520400045
15.340 0.053732 6.78963009569
15.350 0.053731 6.79405619093
15.360 0.053731 6.79848228617
15.370 0.053731 6.8029083814
15.380 0.053730 6.80733447664
15.390 0.053730 6.81176057188
15.400 0.053730 6.81618666712
15.410 0.053729 6.82061276236
15.420 0.053729 6.8250388576
15.430 0.053729 6.82946495283
15.440 0.053728 6.83389104807
15.450 0.053728 6.83831714331
15.460 0.053728 6.84274323855
15.470 0.053728 6.84716933379
15.480 0.053727 6.85159542903
15.490 0.053727 6.85602152426
15.500 0.053727 6.8604476195
15.510 0.053726 6.86487371474
15.520 0.053726 6.86929980998
15.530 0.053726 6.87372590522
15.540 0.053725 6.87815200046
15.550 0.053725 6.8825780957
15.560 0.053725 6.88700419093
15.570 0.053724 6.89143028617
15.580 0.053724 6.89585638141
15.590 0.053724 6.90028247665
15.600 0.053723 6.90470857189
15.610 0.053723 6.90913466713
15.620 0.053723 6.91356076236
15.630 0.053722 6.9179868576
15.640 0.053722 6.92241295284
15.650 0.053722 6.92683904808
15.660 0.053721 6.93126514332
15.670 0.053721 6.93569123856
15.680 0.053721 6.94011733379
15.690 0.053721 6.94454342903
15.700 0.053720 6.94896952427
15.710 0.053720 6.95339561951
15.720 0.053720 6.95782171475
15.730 0.053719 6.96224780999
15.740 0.053719 6.96667390522
15.750 0.053719 6.97110000046
15.760 0.053718 6.9755260957
15.770 0.053718 6.97995219094
15.780 0.053718 6.98437828618
15.790 0.053717 6.98880438142
15.800 0.053717 6.99323047665
15.810 0.053717 6.99765657189
15.820 0.053716 7.00208266713
15.830 0.053716 7.00650876237
15.840 0.053716 7.01093485761
15.850 0.053715 7.01536095285
15.860 0.053715 7.01978704809
15.870 0.053715 7.02421314332
15.880 0.053714 7.02863923856
15.890 0.053714 7.0330653338
15.900 0.053714 7.03749142904
15.910 0.053714 7.04191752428
15.920 0.053713 7.04634361952
15.930 0.053713 7.05076971475
15.940 0.053713 7.05519580999
15.950 0.053712 7.05962190523
15.960 0.053712 7.06404800047
15.970 0.053712 7.06847409571
15.980 0.053711 7.07290019095
15.990 0.053711 7.07732628618
16.000 0.053711 7.08175238142
16.010 0.053710 7.08617847666
16.020 0.053710 7.0906045719
16.030 0.053710 7.09503066714
16.040 0.053709 7.09945676238
16.050 0.053709 7.10388285761
16.060 0.053709 7.10830895285
16.070 0.053708 7.11273504809
16.080 0.053708 7.11716114333
16.090 0.053708 7.12158723857
16.100 0.053707 7.12601333381
16.110 0.053707 7.13043942904
16.120 0.053707 7.13486552428
16.130 0.053707 7.13929161952
16.140 0.053706 7.14371771476
16.150 0.053706 7.14814381
16.160 0.053706 7.15256990524
16.170 0.053705 7.15699600048
16.180 0.053705 7.16142209571
16.190 0.053705 7.16584819095
16.200 0.053704 7.17027428619
16.210 0.053704 7.17470038143
16.220 0.053704 7.17912647667
16.230 0.053703 7.18355257191
16.240 0.053703 7.18797866714
16.250 0.053703 7.19240476238
16.260 0.053702 7.19683085762
16.270 0.053702 7.20125695286
16.280 0.053702 7.2056830481
16.290 0.053701 7.21010914334
16.300 0.053701 7.21453523857
16.310 0.053701 7.21896133381
16.320 0.053700 7.22338742905
16.330 0.053700 7.22781352429
16.340 0.053700 7.23223961953
16.350 0.053700 7.23666571477
16.360 0.053699 7.24109181
16.370 0.053699 7.24551790524
16.380 0.053699 7.24994400048
16.390 0.053698 7.25437009572
16.400 0.053698 7.25879619096
16.410 0.053698 7.2632222862
16.420 0.053697 7.26764838143
16.430 0.053697 7.27207447667
16.440 0.053697 7.27650057191
16.450 0.053696 7.28092666715
16.460 0.053696 7.28535276239
16.470 0.053696 7.28977885763
16.480 0.053695 7.29420495287
16.490 0.053695 7.2986310481
16.500 0.053695 7.30305714334
16.510 0.053694 7.30748323858
16.520 0.053694 7.31190933382
16.530 0.053694 7.31633542906
16.540 0.053694 7.3207615243
16.550 0.053693 7.32518761953
16.560 0.053693 7.32961371477
16.570 0.053693 7.33403981001
16.580 0.053692 7.33846590525
16.590 0.053692 7.34289200049
16.600 0.053692 7.34731809573
16.610 0.053691 7.35174419096
16.620 0.053691 7.3561702862
16.630 0.053691 7.36059638144
16.640 0.053690 7.36502247668
16.650 0.053690 7.36944857192
16.660 0.053690 7.37387466716
16.670 0.053689 7.37830076239
16.680 0.053689 7.38272685763
16.690 0.053689 7.38715295287
16.700 0.053688 7.39157904811
16.710 0.053688 7.39600514335
16.720 0.053688 7.40043123859
16.730 0.053687 7.40485733382
16.740 0.053687 7.40928342906
16.750 0.053687 7.4137095243
16.760 0.053687 7.41813561954
16.770 0.053686 7.42256171478
16.780 0.053686 7.42698781002
16.790 0.053686 7.43141390526
16.800 0.053685 7.43584000049
16.810 0.053685 7.44026609573
16.820 0.053685 7.44469219097
16.830 0.053684 7.44911828621
16.840 0.053684 7.45354438145
16.850 0.053684 7.45797047669
16.860 0.053683 7.46239657192
16.870 0.053683 7.46682266716
16.880 0.053683 7.4712487624
16.890 0.053682 7.47567485764
16.900 0.053682 7.48010095288
16.910 0.053682 7.48452704812
16.920 0.053681 7.48895314335
16.930 0.053681 7.49337923859
16.940 0.053681 7.49780533383
16.950 0.053681 7.50223142907
16.960 0.053680 7.50665752431
16.970 0.053680 7.51108361955
16.980 0.053680 7.51550971478
16.990 0.053679 7.51993581002
17.000 0.053679 7.52436190526
17.010 0.053679 7.5287880005
17.020 0.053678 7.53321409574
17.030 0.053678 7.53764019098
17.040 0.053678 7.54206628621
17.050 0.053677 7.54649238145
17.060 0.053677 7.55091847669
17.070 0.053677 7.55534457193
17.080 0.053676 7.55977066717
17.090 0.053676 7.56419676241
17.100 0.053676 7.56862285765
17.110 0.053675 7.57304895288
17.120 0.053675 7.57747504812
17.130 0.053675 7.58190114336
17.140 0.053675 7.5863272386
17.150 0.053674 7.59075333384
17.160 0.053674 7.59517942908
17.170 0.053674 7.59960552431
17.180 0.053673 7.60403161955
17.190 0.053673 7.60845771479
17.200 0.053673 7.61288381003
17.210 0.053672 7.61730990527
17.220 0.053672 7.62173600051
17.230 0.053672 7.62616209574
17.240 0.053671 7.63058819098
17.250 0.053671 7.63501428622
17.260 0.053671 7.63944038146
17.270 0.053670 7.6438664767
17.280 0.053670 7.64829257194
17.290 0.053670 7.65271866717
17.300 0.053670 7.65714476241
17.310 0.053669 7.66157085765
17.320 0.053669 7.66599695289
17.330 0.053669 7.67042304813
17.340 0.053668 7.67484914337
17.350 0.053668 7.67927523861
17.360 0.053668 7.68370133384
17.370 0.053667 7.68812742908
17.380 0.053667 7.69255352432
17.390 0.053667 7.69697961956
17.400 0.053666 7.7014057148
17.410 0.053666 7.70583181004
17.420 0.053666 7.71025790527
17.430 0.053665 7.71468400051
17.440 0.053665 7.71911009575
17.450 0.053665 7.72353619099
17.460 0.053664 7.72796228623
17.470 0.053664 7.73238838147
17.480 0.053664 7.7368144767
17.490 0.053664 7.74124057194
17.500 0.053663 7.74566666718
17.510 0.053663 7.75009276242
17.520 0.053663 7.75451885766
17.530 0.053662 7.7589449529
17.540 0.053662 7.76337104813
17.550 0.053662 7.76779714337
17.560 0.053661 7.77222323861
17.570 0.053661 7.77664933385
17.580 0.053661 7.78107542909
17.590 0.053660 7.78550152433
17.600 0.053660 7.78992761956
17.610 0.053660 7.7943537148
17.620 0.053659 7.79877981004
17.630 0.053659 7.80320590528
17.640 0.053659 7.80763200052
17.650 0.053658 7.81205809576
17.660 0.053658 7.816484191
17.670 0.053658 7.82091028623
17.680 0.053658 7.82533638147
17.690 0.053657 7.82976247671
17.700 0.053657 7.83418857195
17.710 0.053657 7.83861466719
17.720 0.053656 7.84304076243
17.730 0.053656 7.84746685766
17.740 0.053656 7.8518929529
17.750 0.053655 7.85631904814
17.760 0.053655 7.86074514338
17.770 0.053655 7.86517123862
17.780 0.053654 7.86959733386
17.790 0.053654 7.87402342909
17.800 0.053654 7.87844952433
17.810 0.053653 7.88287561957
17.820 0.053653 7.88730171481
17.830 0.053653 7.89172781005
17.840 0.053653 7.89615390529
17.850 0.053652 7.90058000052
17.860 0.053652 7.90500609576
17.870 0.053652 7.909432191
17.880 0.053651 7.91385828624
17.890 0.053651 7.91828438148
17.900 0.053651 7.92271047672
17.910 0.053650 7.92713657195
17.920 0.053650 7.93156266719
17.930 0.053650 7.93598876243
17.940 0.053649 7.94041485767
17.950 0.053649 7.94484095291
17.960 0.053649 7.94926704815
17.970 0.053648 7.95369314339
17.980 0.053648 7.95811923862
17.990 0.053648 7.96254533386
18.000 0.053648 7.9669714291
18.010 0.053647 7.97139752434
18.020 0.053647 7.97582361958
18.030 0.053647 7.98024971482
18.040 0.053646 7.98467581005
18.050 0.053646 7.98910190529
18.060 0.053646 7.99352800053
18.070 0.053645 7.99795409577
18.080 0.053645 8.00238019101
18.090 0.053645 8.00680628625
18.100 0.053644 8.01123238148
18.110 0.053644 8.01565847672
18.120 0.053644 8.02008457196
18.130 0.053643 8.0245106672
18.140 0.053643 8.02893676244
18.150 0.053643 8.03336285768
18.160 0.053642 8.03778895291
18.170 0.053642 8.04221504815
18.180 0.053642 8.04664114339
18.190 0.053642 8.05106723863
18.200 0.053641 8.05549333387
18.210 0.053641 8.05991942911
18.220 0.053641 8.06434552434
18.230 0.053640 8.06877161958
18.240 0.053640 8.07319771482
18.250 0.053640 8.07762381006
18.260 0.053639 8.0820499053
18.270 0.053639 8.08647600054
18.280 0.053639 8.09090209578
18.290 0.053638 8.09532819101
18.300 0.053638 8.09975428625
18.310 0.053638 8.10418038149
18.320 0.053637 8.10860647673
18.330 0.053637 8.11303257197
18.340 0.053637 8.11745866721
18.350 0.053637 8.12188476244
18.360 0.053636 8.12631085768
18.370 0.053636 8.13073695292
18.380 0.053636 8.13516304816
18.390 0.053635 8.1395891434
18.400 0.053635 8.14401523864
18.410 0.053635 8.14844133387
18.420 0.053634 8.15286742911
18.430 0.053634 8.15729352435
18.440 0.053634 8.16171961959
18.450 0.053633 8.16614571483
18.460 0.053633 8.17057181007
18.470 0.053633 8.1749979053
18.480 0.053632 8.17942400054
18.490 0.053632 8.18385009578
18.500 0.053632 8.18827619102
18.510 0.053632 8.19270228626
18.520 0.053631 8.1971283815
18.530 0.053631 8.20155447673
18.540 0.053631 8.20598057197
18.550 0.053630 8.21040666721
18.560 0.053630 8.21483276245
18.570 0.053630 8.21925885769
18.580 0.053629 8.22368495293
18.590 0.053629 8.22811104817
18.600 0.053629 8.2325371434
18.610 0.053628 8.23696323864
18.620 0.053628 8.24138933388
18.630 0.053628 8.24581542912
18.640 0.053627 8.25024152436
18.650 0.053627 8.2546676196
18.660 0.053627 8.25909371483
18.670 0.053627 8.26351981007
18.680 0.053626 8.26794590531
18.690 0.053626 8.27237200055
18.700 0.053626 8.27679809579
18.710 0.053625 8.28122419103
18.720 0.053625 8.28565028626
18.730 0.053625 8.2900763815
18.740 0.053624 8.29450247674
18.750 0.053624 8.29892857198
18.760 0.053624 8.30335466722
18.770 0.053623 8.30778076246
18.780 0.053623 8.31220685769
18.790 0.053623 8.31663295293
18.800 0.053622 8.32105904817
18.810 0.053622 8.32548514341
18.820 0.053622 8.32991123865
18.830 0.053622 8.33433733389
18.840 0.053621 8.33876342913
18.850 0.053621 8.34318952436
18.860 0.053621 8.3476156196
18.870 0.053620 8.35204171484
18.880 0.053620 8.35646781008
18.890 0.053620 8.36089390532
18.900 0.053619 8.36532000056
18.910 0.053619 8.36974609579
18.920 0.053619 8.37417219103
18.930 0.053618 8.37859828627
18.940 0.053618 8.38302438151
18.950 0.053618 8.38745047675
18.960 0.053617 8.39187657199
18.970 0.053617 8.39630266722
18.980 0.053617 8.40072876246
18.990 0.053617 8.4051548577
19.000 0.053616 8.40958095294
19.010 0.053616 8.41400704818
19.020 0.053616 8.41843314342
19.030 0.053615 8.42285923865
19.040 0.053615 8.42728533389
19.050 0.053615 8.43171142913
19.060 0.053614 8.43613752437
19.070 0.053614 8.44056361961
19.080 0.053614 8.44498971485
19.090 0.053613 8.44941581008
19.100 0.053613 8.45384190532
19.110 0.053613 8.45826800056
19.120 0.053613 8.4626940958
19.130 0.053612 8.46712019104
19.140 0.053612 8.47154628628
19.150 0.053612 8.47597238152
19.160 0.053611 8.48039847675
19.170 0.053611 8.48482457199
19.180 0.053611 8.48925066723
19.190 0.053610 8.49367676247
19.200 0.053610 8.49810285771
19.210 0.053610 8.50252895295
19.220 0.053609 8.50695504818
19.230 0.053609 8.51138114342
19.240 0.053609 8.51580723866
19.250 0.053608 8.5202333339
19.260 0.053608 8.52465942914
19.270 0.053608 8.52908552438
19.280 0.053608 8.53351161961
19.290 0.053607 8.53793771485
19.300 0.053607 8.54236381009
19.310 0.053607 8.54678990533
19.320 0.053606 8.55121600057
19.330 0.053606 8.55564209581
19.340 0.053606 8.56006819104
19.350 0.053605 8.56449428628
19.360 0.053605 8.56892038152
19.370 0.053605 8.57334647676
19.380 0.053604 8.577772572
19.390 0.053604 8.58219866724
19.400 0.053604 8.58662476247
19.410 0.053603 8.59105085771
19.420 0.053603 8.59547695295
19.430 0.053603 8.59990304819
19.440 0.053603 8.60432914343
19.450 0.053602 8.60875523867
19.460 0.053602 8.61318133391
19.470 0.053602 8.61760742914
19.480 0.053601 8.62203352438
19.490 0.053601 8.62645961962
19.500 0.053601 8.63088571486
19.510 0.053600 8.6353118101
19.520 0.053600 8.63973790534
19.530 0.053600 8.64416400057
19.540 0.053599 8.64859009581
19.550 0.053599 8.65301619105
19.560 0.053599 8.65744228629
19.570 0.053599 8.66186838153
19.580 0.053598 8.66629447677
19.590 0.053598 8.670720572
19.600 0.053598 8.67514666724
19.610 0.053597 8.67957276248
19.620 0.053597 8.68399885772
19.630 0.053597 8.68842495296
19.640 0.053596 8.6928510482
19.650 0.053596 8.69727714343
19.660 0.053596 8.70170323867
19.670 0.053595 8.70612933391
19.680 0.053595 8.71055542915
19.690 0.053595 8.71498152439
19.700 0.053594 8.71940761963
19.710 0.053594 8.72383371486
19.720 0.053594 8.7282598101
19.730 0.053594 8.73268590534
19.740 0.053593 8.73711200058
19.750 0.053593 8.74153809582
19.760 0.053593 8.74596419106
19.770 0.053592 8.7503902863
19.780 0.053592 8.75481638153
19.790 0.053592 8.75924247677
19.800 0.053591 8.76366857201
19.810 0.053591 8.76809466725
19.820 0.053591 8.77252076249
19.830 0.053590 8.77694685773
19.840 0.053590 8.78137295296
19.850 0.053590 8.7857990482
19.860 0.053590 8.79022514344
19.870 0.053589 8.79465123868
19.880 0.053589 8.79907733392
19.890 0.053589 8.80350342916
19.900 0.053588 8.80792952439
19.910 0.053588 8.81235561963
19.920 0.053588 8.81678171487
19.930 0.053587 8.82120781011
19.940 0.053587 8.82563390535
19.950 0.053587 8.83006000059
19.960 0.053586 8.83448609582
19.970 0.053586 8.83891219106
19.980 0.053586 8.8433382863
19.990 0.053586 8.84776438154
20.000 0.053585 8.85219047678
20.100 0.053582 8.89645142916
20.110 0.053582 8.9008775244
20.120 0.053581 8.90530361964
20.130 0.053581 8.90972971488
20.140 0.053581 8.91415581012
20.150 0.053581 8.91858190535
20.160 0.053580 8.92300800059
20.170 0.053580 8.92743409583
20.180 0.053580 8.93186019107
20.190 0.053579 8.93628628631
20.200 0.053579 8.94071238155
20.210 0.053579 8.94513847678
20.220 0.053578 8.94956457202
20.230 0.053578 8.95399066726
20.240 0.053578 8.9584167625
20.250 0.053577 8.96284285774
20.260 0.053577 8.96726895298
20.270 0.053577 8.97169504821
20.280 0.053577 8.97612114345
20.290 0.053576 8.98054723869
20.300 0.053576 8.98497333393
20.310 0.053576 8.98939942917
20.320 0.053575 8.99382552441
20.330 0.053575 8.99825161965
20.340 0.053575 9.00267771488
20.350 0.053574 9.00710381012
20.360 0.053574 9.01152990536
20.370 0.053574 9.0159560006
20.380 0.053573 9.02038209584
20.390 0.053573 9.02480819108
20.400 0.053573 9.02923428631
20.410 0.053573 9.03366038155
20.420 0.053572 9.03808647679
20.430 0.053572 9.04251257203
20.440 0.053572 9.04693866727
20.450 0.053571 9.05136476251
20.460 0.053571 9.05579085774
20.470 0.053571 9.06021695298
20.480 0.053570 9.06464304822
20.490 0.053570 9.06906914346
20.500 0.053570 9.0734952387
20.510 0.053569 9.07792133394
20.520 0.053569 9.08234742917
20.530 0.053569 9.08677352441
20.540 0.053569 9.09119961965
20.550 0.053568 9.09562571489
20.560 0.053568 9.10005181013
20.570 0.053568 9.10447790537
20.580 0.053567 9.1089040006
20.590 0.053567 9.11333009584
20.600 0.053567 9.11775619108
20.610 0.053566 9.12218228632
20.620 0.053566 9.12660838156
20.630 0.053566 9.1310344768
20.640 0.053565 9.13546057204
20.650 0.053565 9.13988666727
20.660 0.053565 9.14431276251
20.670 0.053565 9.14873885775
20.680 0.053564 9.15316495299
20.690 0.053564 9.15759104823
20.700 0.053564 9.16201714347
20.710 0.053563 9.1664432387
20.720 0.053563 9.17086933394
20.730 0.053563 9.17529542918
20.740 0.053562 9.17972152442
20.750 0.053562 9.18414761966
20.760 0.053562 9.1885737149
20.770 0.053561 9.19299981013
20.780 0.053561 9.19742590537
20.790 0.053561 9.20185200061
20.800 0.053561 9.20627809585
20.810 0.053560 9.21070419109
20.820 0.053560 9.21513028633
20.830 0.053560 9.21955638156
20.840 0.053559 9.2239824768
20.850 0.053559 9.22840857204
20.860 0.053559 9.23283466728
20.870 0.053558 9.23726076252
20.880 0.053558 9.24168685776
20.890 0.053558 9.24611295299
20.900 0.053557 9.25053904823
20.910 0.053557 9.25496514347
20.920 0.053557 9.25939123871
20.930 0.053557 9.26381733395
20.940 0.053556 9.26824342919
20.950 0.053556 9.27266952443
20.960 0.053556 9.27709561966
20.970 0.053555 9.2815217149
20.980 0.053555 9.28594781014
20.990 0.053555 9.29037390538
21.000 0.053554 9.29480000062
21.010 0.053554 9.29922609586
21.020 0.053554 9.30365219109
21.030 0.053553 9.30807828633
21.040 0.053553 9.31250438157
21.050 0.053553 9.31693047681
21.060 0.053553 9.32135657205
21.070 0.053552 9.32578266729
21.080 0.053552 9.33020876252
21.090 0.053552 9.33463485776
21.100 0.053551 9.339060953
21.110 0.053551 9.34348704824
21.120 0.053551 9.34791314348
21.130 0.053550 9.35233923872
21.140 0.053550 9.35676533395
21.150 0.053550 9.36119142919
21.160 0.053549 9.36561752443
21.170 0.053549 9.37004361967
21.180 0.053549 9.37446971491
21.190 0.053549 9.37889581015
21.200 0.053548 9.38332190538
21.210 0.053548 9.38774800062
21.220 0.053548 9.39217409586
21.230 0.053547 9.3966001911
21.240 0.053547 9.40102628634
21.250 0.053547 9.40545238158
21.260 0.053546 9.40987847682
21.270 0.053546 9.41430457205
21.280 0.053546 9.41873066729
21.290 0.053545 9.42315676253
21.300 0.053545 9.42758285777
21.310 0.053545 9.43200895301
21.320 0.053545 9.43643504825
21.330 0.053544 9.44086114348
21.340 0.053544 9.44528723872
21.350 0.053544 9.44971333396
21.360 0.053543 9.4541394292
21.370 0.053543 9.45856552444
21.380 0.053543 9.46299161968
21.390 0.053542 9.46741771491
21.400 0.053542 9.47184381015
21.410 0.053542 9.47626990539
21.420 0.053541 9.48069600063
21.430 0.053541 9.48512209587
21.440 0.053541 9.48954819111
21.450 0.053541 9.49397428634
21.460 0.053540 9.49840038158
21.470 0.053540 9.50282647682
21.480 0.053540 9.50725257206
21.490 0.053539 9.5116786673
21.500 0.053539 9.51610476254
21.510 0.053539 9.52053085777
21.520 0.053538 9.52495695301
21.530 0.053538 9.52938304825
21.540 0.053538 9.53380914349
21.550 0.053537 9.53823523873
21.560 0.053537 9.54266133397
21.570 0.053537 9.54708742921
21.580 0.053537 9.55151352444
21.590 0.053536 9.55593961968
21.600 0.053536 9.56036571492
21.610 0.053536 9.56479181016
21.620 0.053535 9.5692179054
21.630 0.053535 9.57364400064
21.640 0.053535 9.57807009587
21.650 0.053534 9.58249619111
21.660 0.053534 9.58692228635
21.670 0.053534 9.59134838159
21.680 0.053534 9.59577447683
21.690 0.053533 9.60020057207
21.700 0.053533 9.6046266673
21.710 0.053533 9.60905276254
21.720 0.053532 9.61347885778
21.730 0.053532 9.61790495302
21.740 0.053532 9.62233104826
21.750 0.053531 9.6267571435
21.760 0.053531 9.63118323873
21.770 0.053531 9.63560933397
21.780 0.053530 9.64003542921
21.790 0.053530 9.64446152445
21.800 0.053530 9.64888761969
21.810 0.053530 9.65331371493
21.820 0.053529 9.65773981016
21.830 0.053529 9.6621659054
21.840 0.053529 9.66659200064
21.850 0.053528 9.67101809588
21.860 0.053528 9.67544419112
21.870 0.053528 9.67987028636
21.880 0.053527 9.6842963816
21.890 0.053527 9.68872247683
21.900 0.053527 9.69314857207
21.910 0.053526 9.69757466731
21.920 0.053526 9.70200076255
21.930 0.053526 9.70642685779
21.940 0.053526 9.71085295303
21.950 0.053525 9.71527904826
21.960 0.053525 9.7197051435
21.970 0.053525 9.72413123874
21.980 0.053524 9.72855733398
21.990 0.053524 9.73298342922
22.000 0.053524 9.73740952446
22.010 0.053523 9.74183561969
22.020 0.053523 9.74626171493
22.030 0.053523 9.75068781017
22.040 0.053523 9.75511390541
22.050 0.053522 9.75954000065
22.060 0.053522 9.76396609589
22.070 0.053522 9.76839219112
22.080 0.053521 9.77281828636
22.090 0.053521 9.7772443816
22.100 0.053521 9.78167047684
22.110 0.053520 9.78609657208
22.120 0.053520 9.79052266732
22.130 0.053520 9.79494876256
22.140 0.053519 9.79937485779
22.150 0.053519 9.80380095303
22.160 0.053519 9.80822704827
22.170 0.053519 9.81265314351
22.180 0.053518 9.81707923875
22.190 0.053518 9.82150533399
22.200 0.053518 9.82593142922
22.210 0.053517 9.83035752446
22.220 0.053517 9.8347836197
22.230 0.053517 9.83920971494
22.240 0.053516 9.84363581018
22.250 0.053516 9.84806190542
22.260 0.053516 9.85248800065
22.270 0.053515 9.85691409589
22.280 0.053515 9.86134019113
22.290 0.053515 9.86576628637
22.300 0.053515 9.87019238161
22.310 0.053514 9.87461847685
22.320 0.053514 9.87904457208
22.330 0.053514 9.88347066732
22.340 0.053513 9.88789676256
22.350 0.053513 9.8923228578
22.360 0.053513 9.89674895304
22.370 0.053512 9.90117504828
22.380 0.053512 9.90560114351
22.390 0.053512 9.91002723875
22.400 0.053512 9.91445333399
22.410 0.053511 9.91887942923
22.420 0.053511 9.92330552447
22.430 0.053511 9.92773161971
22.440 0.053510 9.93215771495
22.450 0.053510 9.93658381018
22.460 0.053510 9.94100990542
22.470 0.053509 9.94543600066
22.480 0.053509 9.9498620959
22.490 0.053509 9.95428819114
22.500 0.053508 9.95871428638
22.510 0.053508 9.96314038161
22.520 0.053508 9.96756647685
22.530 0.053508 9.97199257209
22.540 0.053507 9.97641866733
22.550 0.053507 9.98084476257
22.560 0.053507 9.98527085781
22.570 0.053506 9.98969695304
22.580 0.053506 9.99412304828
22.590 0.053506 9.99854914352
22.600 0.053505 10.0029752388
22.610 0.053505 10.007401334
22.620 0.053505 10.0118274292
22.630 0.053505 10.0162535245
22.640 0.053504 10.0206796197
22.650 0.053504 10.025105715
22.660 0.053504 10.0295318102
22.670 0.053503 10.0339579054
22.680 0.053503 10.0383840007
22.690 0.053503 10.0428100959
22.700 0.053502 10.0472361911
22.710 0.053502 10.0516622864
22.720 0.053502 10.0560883816
22.730 0.053501 10.0605144769
22.740 0.053501 10.0649405721
22.750 0.053501 10.0693666673
22.760 0.053501 10.0737927626
22.770 0.053500 10.0782188578
22.780 0.053500 10.0826449531
22.790 0.053500 10.0870710483
22.800 0.053499 10.0914971435
22.810 0.053499 10.0959232388
22.820 0.053499 10.100349334
22.830 0.053498 10.1047754292
22.840 0.053498 10.1092015245
22.850 0.053498 10.1136276197
22.860 0.053498 10.118053715
22.870 0.053497 10.1224798102
22.880 0.053497 10.1269059054
22.890 0.053497 10.1313320007
22.900 0.053496 10.1357580959
22.910 0.053496 10.1401841911
22.920 0.053496 10.1446102864
22.930 0.053495 10.1490363816
22.940 0.053495 10.1534624769
22.950 0.053495 10.1578885721
22.960 0.053495 10.1623146673
22.970 0.053494 10.1667407626
22.980 0.053494 10.1711668578
22.990 0.053494 10.1755929531
23.000 0.053493 10.1800190483
23.010 0.053493 10.1844451435
23.020 0.053493 10.1888712388
23.030 0.053492 10.193297334
23.040 0.053492 10.1977234292
23.050 0.053492 10.2021495245
23.060 0.053491 10.2065756197
23.070 0.053491 10.211001715
23.080 0.053491 10.2154278102
23.090 0.053491 10.2198539054
23.100 0.053490 10.2242800007
23.110 0.053490 10.2287060959
23.120 0.053490 10.2331321912
23.130 0.053489 10.2375582864
23.140 0.053489 10.2419843816
23.150 0.053489 10.2464104769
23.160 0.053488 10.2508365721
23.170 0.053488 10.2552626673
23.180 0.053488 10.2596887626
23.190 0.053488 10.2641148578
23.200 0.053487 10.2685409531
23.210 0.053487 10.2729670483
23.220 0.053487 10.2773931435
23.230 0.053486 10.2818192388
23.240 0.053486 10.286245334
23.250 0.053486 10.2906714293
23.260 0.053485 10.2950975245
23.270 0.053485 10.2995236197
23.280 0.053485 10.303949715
23.290 0.053485 10.3083758102
23.300 0.053484 10.3128019054
23.310 0.053484 10.3172280007
23.320 0.053484 10.3216540959
23.330 0.053483 10.3260801912
23.340 0.053483 10.3305062864
23.350 0.053483 10.3349323816
23.360 0.053482 10.3393584769
23.370 0.053482 10.3437845721
23.380 0.053482 10.3482106674
23.390 0.053481 10.3526367626
23.400 0.053481 10.3570628578
23.410 0.053481 10.3614889531
23.420 0.053481 10.3659150483
23.430 0.053480 10.3703411435
23.440 0.053480 10.3747672388
23.450 0.053480 10.379193334
23.460 0.053479 10.3836194293
23.470 0.053479 10.3880455245
23.480 0.053479 10.3924716197
23.490 0.053478 10.396897715
23.500 0.053478 10.4013238102
23.510 0.053478 10.4057499055
23.520 0.053478 10.4101760007
23.530 0.053477 10.4146020959
23.540 0.053477 10.4190281912
23.550 0.053477 10.4234542864
23.560 0.053476 10.4278803816
23.570 0.053476 10.4323064769
23.580 0.053476 10.4367325721
23.590 0.053475 10.4411586674
23.600 0.053475 10.4455847626
23.610 0.053475 10.4500108578
23.620 0.053475 10.4544369531
23.630 0.053474 10.4588630483
23.640 0.053474 10.4632891436
23.650 0.053474 10.4677152388
23.660 0.053473 10.472141334
23.670 0.053473 10.4765674293
23.680 0.053473 10.4809935245
23.690 0.053472 10.4854196197
23.700 0.053472 10.489845715
23.710 0.053472 10.4942718102
23.720 0.053471 10.4986979055
23.730 0.053471 10.5031240007
23.740 0.053471 10.5075500959
23.750 0.053471 10.5119761912
23.760 0.053470 10.5164022864
23.770 0.053470 10.5208283817
23.780 0.053470 10.5252544769
23.790 0.053469 10.5296805721
23.800 0.053469 10.5341066674
23.810 0.053469 10.5385327626
23.820 0.053468 10.5429588578
23.830 0.053468 10.5473849531
23.840 0.053468 10.5518110483
23.850 0.053468 10.5562371436
23.860 0.053467 10.5606632388
23.870 0.053467 10.565089334
23.880 0.053467 10.5695154293
23.890 0.053466 10.5739415245
23.900 0.053466 10.5783676197
23.910 0.053466 10.582793715
23.920 0.053465 10.5872198102
23.930 0.053465 10.5916459055
23.940 0.053465 10.5960720007
23.950 0.053465 10.6004980959
23.960 0.053464 10.6049241912
23.970 0.053464 10.6093502864
23.980 0.053464 10.6137763817
23.990 0.053463 10.6182024769
24.000 0.053463 10.6226285721
24.010 0.053463 10.6270546674
24.020 0.053462 10.6314807626
24.030 0.053462 10.6359068578
24.040 0.053462 10.6403329531
24.050 0.053462 10.6447590483
24.060 0.053461 10.6491851436
24.070 0.053461 10.6536112388
24.080 0.053461 10.658037334
24.090 0.053460 10.6624634293
24.100 0.053460 10.6668895245
24.110 0.053460 10.6713156198
24.120 0.053459 10.675741715
24.130 0.053459 10.6801678102
24.140 0.053459 10.6845939055
24.150 0.053459 10.6890200007
24.160 0.053458 10.6934460959
24.170 0.053458 10.6978721912
24.180 0.053458 10.7022982864
24.190 0.053457 10.7067243817
24.200 0.053457 10.7111504769
24.210 0.053457 10.7155765721
24.220 0.053456 10.7200026674
24.230 0.053456 10.7244287626
24.240 0.053456 10.7288548579
24.250 0.053456 10.7332809531
24.260 0.053455 10.7377070483
24.270 0.053455 10.7421331436
24.280 0.053455 10.7465592388
24.290 0.053454 10.750985334
24.300 0.053454 10.7554114293
24.310 0.053454 10.7598375245
24.320 0.053453 10.7642636198
24.330 0.053453 10.768689715
24.340 0.053453 10.7731158102
24.350 0.053453 10.7775419055
24.360 0.053452 10.7819680007
24.370 0.053452 10.786394096
24.380 0.053452 10.7908201912
24.390 0.053451 10.7952462864
24.400 0.053451 10.7996723817
24.410 0.053451 10.8040984769
24.420 0.053450 10.8085245721
24.430 0.053450 10.8129506674
24.440 0.053450 10.8173767626
24.450 0.053450 10.8218028579
24.460 0.053449 10.8262289531
24.470 0.053449 10.8306550483
24.480 0.053449 10.8350811436
24.490 0.053448 10.8395072388
24.500 0.053448 10.8439333341
24.510 0.053448 10.8483594293
24.520 0.053447 10.8527855245
24.530 0.053447 10.8572116198
24.540 0.053447 10.861637715
24.550 0.053446 10.8660638102
24.560 0.053446 10.8704899055
24.570 0.053446 10.8749160007
24.580 0.053446 10.879342096
24.590 0.053445 10.8837681912
24.600 0.053445 10.8881942864
24.610 0.053445 10.8926203817
24.620 0.053444 10.8970464769
24.630 0.053444 10.9014725722
24.640 0.053444 10.9058986674
24.650 0.053443 10.9103247626
24.660 0.053443 10.9147508579
24.670 0.053443 10.9191769531
24.680 0.053443 10.9236030483
24.690 0.053442 10.9280291436
24.700 0.053442 10.9324552388
24.710 0.053442 10.9368813341
24.720 0.053441 10.9413074293
24.730 0.053441 10.9457335245
24.740 0.053441 10.9501596198
24.750 0.053440 10.954585715
24.760 0.053440 10.9590118103
24.770 0.053440 10.9634379055
24.780 0.053440 10.9678640007
24.790 0.053439 10.972290096
24.800 0.053439 10.9767161912
24.810 0.053439 10.9811422864
24.820 0.053438 10.9855683817
24.830 0.053438 10.9899944769
24.840 0.053438 10.9944205722
24.850 0.053437 10.9988466674
24.860 0.053437 11.0032727626
24.870 0.053437 11.0076988579
24.880 0.053437 11.0121249531
24.890 0.053436 11.0165510484
24.900 0.053436 11.0209771436
24.910 0.053436 11.0254032388
24.920 0.053435 11.0298293341
24.930 0.053435 11.0342554293
24.940 0.053435 11.0386815245
24.950 0.053434 11.0431076198
24.960 0.053434 11.047533715
24.970 0.053434 11.0519598103
24.980 0.053434 11.0563859055
24.990 0.053433 11.0608120007
25.000 0.053433 11.065238096
25.100 0.053430 11.1094990484
25.110 0.053430 11.1139251436
25.120 0.053429 11.1183512388
25.130 0.053429 11.1227773341
25.140 0.053429 11.1272034293
25.150 0.053429 11.1316295245
25.160 0.053428 11.1360556198
25.170 0.053428 11.140481715
25.180 0.053428 11.1449078103
25.190 0.053427 11.1493339055
25.200 0.053427 11.1537600007
25.210 0.053427 11.158186096
25.220 0.053426 11.1626121912
25.230 0.053426 11.1670382865
25.240 0.053426 11.1714643817
25.250 0.053426 11.1758904769
25.260 0.053425 11.1803165722
25.270 0.053425 11.1847426674
25.280 0.053425 11.1891687626
25.290 0.053424 11.1935948579
25.300 0.053424 11.1980209531
25.310 0.053424 11.2024470484
25.320 0.053423 11.2068731436
25.330 0.053423 11.2112992388
25.340 0.053423 11.2157253341
25.350 0.053423 11.2201514293
25.360 0.053422 11.2245775246
25.370 0.053422 11.2290036198
25.380 0.053422 11.233429715
25.390 0.053421 11.2378558103
25.400 0.053421 11.2422819055
25.410 0.053421 11.2467080007
25.420 0.053420 11.251134096
25.430 0.053420 11.2555601912
25.440 0.053420 11.2599862865
25.450 0.053420 11.2644123817
25.460 0.053419 11.2688384769
25.470 0.053419 11.2732645722
25.480 0.053419 11.2776906674
25.490 0.053418 11.2821167627
25.500 0.053418 11.2865428579
25.510 0.053418 11.2909689531
25.520 0.053417 11.2953950484
25.530 0.053417 11.2998211436
25.540 0.053417 11.3042472388
25.550 0.053417 11.3086733341
25.560 0.053416 11.3130994293
25.570 0.053416 11.3175255246
25.580 0.053416 11.3219516198
25.590 0.053415 11.326377715
25.600 0.053415 11.3308038103
25.610 0.053415 11.3352299055
25.620 0.053414 11.3396560008
25.630 0.053414 11.344082096
25.640 0.053414 11.3485081912
25.650 0.053414 11.3529342865
25.660 0.053413 11.3573603817
25.670 0.053413 11.3617864769
25.680 0.053413 11.3662125722
25.690 0.053412 11.3706386674
25.700 0.053412 11.3750647627
25.710 0.053412 11.3794908579
25.720 0.053411 11.3839169531
25.730 0.053411 11.3883430484
25.740 0.053411 11.3927691436
25.750 0.053411 11.3971952389
25.760 0.053410 11.4016213341
25.770 0.053410 11.4060474293
25.780 0.053410 11.4104735246
25.790 0.053409 11.4148996198
25.800 0.053409 11.419325715
25.810 0.053409 11.4237518103
25.820 0.053408 11.4281779055
25.830 0.053408 11.4326040008
25.840 0.053408 11.437030096
25.850 0.053408 11.4414561912
25.860 0.053407 11.4458822865
25.870 0.053407 11.4503083817
25.880 0.053407 11.454734477
25.890 0.053406 11.4591605722
25.900 0.053406 11.4635866674
25.910 0.053406 11.4680127627
25.920 0.053406 11.4724388579
25.930 0.053405 11.4768649531
25.940 0.053405 11.4812910484
25.950 0.053405 11.4857171436
25.960 0.053404 11.4901432389
25.970 0.053404 11.4945693341
25.980 0.053404 11.4989954293
25.990 0.053403 11.5034215246
26.000 0.053403 11.5078476198
26.010 0.053403 11.5122737151
26.020 0.053403 11.5166998103
26.030 0.053402 11.5211259055
26.040 0.053402 11.5255520008
26.050 0.053402 11.529978096
26.060 0.053401 11.5344041912
26.070 0.053401 11.5388302865
26.080 0.053401 11.5432563817
26.090 0.053400 11.547682477
26.100 0.053400 11.5521085722
26.110 0.053400 11.5565346674
26.120 0.053400 11.5609607627
26.130 0.053399 11.5653868579
26.140 0.053399 11.5698129531
26.150 0.053399 11.5742390484
26.160 0.053398 11.5786651436
26.170 0.053398 11.5830912389
26.180 0.053398 11.5875173341
26.190 0.053397 11.5919434293
26.200 0.053397 11.5963695246
26.210 0.053397 11.6007956198
26.220 0.053397 11.6052217151
26.230 0.053396 11.6096478103
26.240 0.053396 11.6140739055
26.250 0.053396 11.6185000008
26.260 0.053395 11.622926096
26.270 0.053395 11.6273521912
26.280 0.053395 11.6317782865
26.290 0.053395 11.6362043817
26.300 0.053394 11.640630477
26.310 0.053394 11.6450565722
26.320 0.053394 11.6494826674
26.330 0.053393 11.6539087627
26.340 0.053393 11.6583348579
26.350 0.053393 11.6627609532
26.360 0.053392 11.6671870484
26.370 0.053392 11.6716131436
26.380 0.053392 11.6760392389
26.390 0.053392 11.6804653341
26.400 0.053391 11.6848914293
26.410 0.053391 11.6893175246
26.420 0.053391 11.6937436198
26.430 0.053390 11.6981697151
26.440 0.053390 11.7025958103
26.450 0.053390 11.7070219055
26.460 0.053389 11.7114480008
26.470 0.053389 11.715874096
26.480 0.053389 11.7203001913
26.490 0.053389 11.7247262865
26.500 0.053388 11.7291523817
26.510 0.053388 11.733578477
26.520 0.053388 11.7380045722
26.530 0.053387 11.7424306674
26.540 0.053387 11.7468567627
26.550 0.053387 11.7512828579
26.560 0.053387 11.7557089532
26.570 0.053386 11.7601350484
26.580 0.053386 11.7645611436
26.590 0.053386 11.7689872389
26.600 0.053385 11.7734133341
26.610 0.053385 11.7778394294
26.620 0.053385 11.7822655246
26.630 0.053384 11.7866916198
26.640 0.053384 11.7911177151
26.650 0.053384 11.7955438103
26.660 0.053384 11.7999699055
26.670 0.053383 11.8043960008
26.680 0.053383 11.808822096
26.690 0.053383 11.8132481913
26.700 0.053382 11.8176742865
26.710 0.053382 11.8221003817
26.720 0.053382 11.826526477
26.730 0.053381 11.8309525722
26.740 0.053381 11.8353786675
26.750 0.053381 11.8398047627
26.760 0.053381 11.8442308579
26.770 0.053380 11.8486569532
26.780 0.053380 11.8530830484
26.790 0.053380 11.8575091436
26.800 0.053379 11.8619352389
26.810 0.053379 11.8663613341
26.820 0.053379 11.8707874294
26.830 0.053378 11.8752135246
26.840 0.053378 11.8796396198
26.850 0.053378 11.8840657151
26.860 0.053378 11.8884918103
26.870 0.053377 11.8929179056
26.880 0.053377 11.8973440008
26.890 0.053377 11.901770096
26.900 0.053376 11.9061961913
26.910 0.053376 11.9106222865
26.920 0.053376 11.9150483817
26.930 0.053376 11.919474477
26.940 0.053375 11.9239005722
26.950 0.053375 11.9283266675
26.960 0.053375 11.9327527627
26.970 0.053374 11.9371788579
26.980 0.053374 11.9416049532
26.990 0.053374 11.9460310484
27.000 0.053373 11.9504571437
27.010 0.053373 11.9548832389
27.020 0.053373 11.9593093341
27.030 0.053373 11.9637354294
27.040 0.053372 11.9681615246
27.050 0.053372 11.9725876198
27.060 0.053372 11.9770137151
27.070 0.053371 11.9814398103
27.080 0.053371 11.9858659056
27.090 0.053371 11.9902920008
27.100 0.053371 11.994718096
27.110 0.053370 11.9991441913
27.120 0.053370 12.0035702865
27.130 0.053370 12.0079963817
27.140 0.053369 12.012422477
27.150 0.053369 12.0168485722
27.160 0.053369 12.0212746675
27.170 0.053368 12.0257007627
27.180 0.053368 12.0301268579
27.190 0.053368 12.0345529532
27.200 0.053368 12.0389790484
27.210 0.053367 12.0434051437
27.220 0.053367 12.0478312389
27.230 0.053367 12.0522573341
27.240 0.053366 12.0566834294
27.250 0.053366 12.0611095246
27.260 0.053366 12.0655356198
27.270 0.053365 12.0699617151
27.280 0.053365 12.0743878103
27.290 0.053365 12.0788139056
27.300 0.053365 12.0832400008
27.310 0.053364 12.087666096
27.320 0.053364 12.0920921913
27.330 0.053364 12.0965182865
27.340 0.053363 12.1009443818
27.350 0.053363 12.105370477
27.360 0.053363 12.1097965722
27.370 0.053363 12.1142226675
27.380 0.053362 12.1186487627
27.390 0.053362 12.1230748579
27.400 0.053362 12.1275009532
27.410 0.053361 12.1319270484
27.420 0.053361 12.1363531437
27.430 0.053361 12.1407792389
27.440 0.053360 12.1452053341
27.450 0.053360 12.1496314294
27.460 0.053360 12.1540575246
27.470 0.053360 12.1584836199
27.480 0.053359 12.1629097151
27.490 0.053359 12.1673358103
27.500 0.053359 12.1717619056
27.510 0.053358 12.1761880008
27.520 0.053358 12.180614096
27.530 0.053358 12.1850401913
27.540 0.053358 12.1894662865
27.550 0.053357 12.1938923818
27.560 0.053357 12.198318477
27.570 0.053357 12.2027445722
27.580 0.053356 12.2071706675
27.590 0.053356 12.2115967627
27.600 0.053356 12.216022858
27.610 0.053355 12.2204489532
27.620 0.053355 12.2248750484
27.630 0.053355 12.2293011437
27.640 0.053355 12.2337272389
27.650 0.053354 12.2381533341
27.660 0.053354 12.2425794294
27.670 0.053354 12.2470055246
27.680 0.053353 12.2514316199
27.690 0.053353 12.2558577151
27.700 0.053353 12.2602838103
27.710 0.053353 12.2647099056
27.720 0.053352 12.2691360008
27.730 0.053352 12.2735620961
27.740 0.053352 12.2779881913
27.750 0.053351 12.2824142865
27.760 0.053351 12.2868403818
27.770 0.053351 12.291266477
27.780 0.053350 12.2956925722
27.790 0.053350 12.3001186675
27.800 0.053350 12.3045447627
27.810 0.053350 12.308970858
27.820 0.053349 12.3133969532
27.830 0.053349 12.3178230484
27.840 0.053349 12.3222491437
27.850 0.053348 12.3266752389
27.860 0.053348 12.3311013342
27.870 0.053348 12.3355274294
27.880 0.053348 12.3399535246
27.890 0.053347 12.3443796199
27.900 0.053347 12.3488057151
27.910 0.053347 12.3532318103
27.920 0.053346 12.3576579056
27.930 0.053346 12.3620840008
27.940 0.053346 12.3665100961
27.950 0.053345 12.3709361913
27.960 0.053345 12.3753622865
27.970 0.053345 12.3797883818
27.980 0.053345 12.384214477
27.990 0.053344 12.3886405723
28.000 0.053344 12.3930666675
28.010 0.053344 12.3974927627
28.020 0.053343 12.401918858
28.030 0.053343 12.4063449532
28.040 0.053343 12.4107710484
28.050 0.053343 12.4151971437
28.060 0.053342 12.4196232389
28.070 0.053342 12.4240493342
28.080 0.053342 12.4284754294
28.090 0.053341 12.4329015246
28.100 0.053341 12.4373276199
28.110 0.053341 12.4417537151
28.120 0.053340 12.4461798104
28.130 0.053340 12.4506059056
28.140 0.053340 12.4550320008
28.150 0.053340 12.4594580961
28.160 0.053339 12.4638841913
28.170 0.053339 12.4683102865
28.180 0.053339 12.4727363818
28.190 0.053338 12.477162477
28.200 0.053338 12.4815885723
28.210 0.053338 12.4860146675
28.220 0.053338 12.4904407627
28.230 0.053337 12.494866858
28.240 0.053337 12.4992929532
28.250 0.053337 12.5037190484
28.260 0.053336 12.5081451437
28.270 0.053336 12.5125712389
28.280 0.053336 12.5169973342
28.290 0.053335 12.5214234294
28.300 0.053335 12.5258495246
28.310 0.053335 12.5302756199
28.320 0.053335 12.5347017151
28.330 0.053334 12.5391278104
28.340 0.053334 12.5435539056
28.350 0.053334 12.5479800008
28.360 0.053333 12.5524060961
28.370 0.053333 12.5568321913
28.380 0.053333 12.5612582865
28.390 0.053333 12.5656843818
28.400 0.053332 12.570110477
28.410 0.053332 12.5745365723
28.420 0.053332 12.5789626675
28.430 0.053331 12.5833887627
28.440 0.053331 12.587814858
28.450 0.053331 12.5922409532
28.460 0.053330 12.5966670485
28.470 0.053330 12.6010931437
28.480 0.053330 12.6055192389
28.490 0.053330 12.6099453342
28.500 0.053329 12.6143714294
28.510 0.053329 12.6187975246
28.520 0.053329 12.6232236199
28.530 0.053328 12.6276497151
28.540 0.053328 12.6320758104
28.550 0.053328 12.6365019056
28.560 0.053328 12.6409280008
28.570 0.053327 12.6453540961
28.580 0.053327 12.6497801913
28.590 0.053327 12.6542062866
28.600 0.053326 12.6586323818
28.610 0.053326 12.663058477
28.620 0.053326 12.6674845723
28.630 0.053326 12.6719106675
28.640 0.053325 12.6763367627
28.650 0.053325 12.680762858
28.660 0.053325 12.6851889532
28.670 0.053324 12.6896150485
28.680 0.053324 12.6940411437
28.690 0.053324 12.6984672389
28.700 0.053323 12.7028933342
28.710 0.053323 12.7073194294
28.720 0.053323 12.7117455247
28.730 0.053323 12.7161716199
28.740 0.053322 12.7205977151
28.750 0.053322 12.7250238104
28.760 0.053322 12.7294499056
28.770 0.053321 12.7338760008
28.780 0.053321 12.7383020961
28.790 0.053321 12.7427281913
28.800 0.053321 12.7471542866
28.810 0.053320 12.7515803818
28.820 0.053320 12.756006477
28.830 0.053320 12.7604325723
28.840 0.053319 12.7648586675
28.850 0.053319 12.7692847628
28.860 0.053319 12.773710858
28.870 0.053318 12.7781369532
28.880 0.053318 12.7825630485
28.890 0.053318 12.7869891437
28.900 0.053318 12.7914152389
28.910 0.053317 12.7958413342
28.920 0.053317 12.8002674294
28.930 0.053317 12.8046935247
28.940 0.053316 12.8091196199
28.950 0.053316 12.8135457151
28.960 0.053316 12.8179718104
28.970 0.053316 12.8223979056
28.980 0.053315 12.8268240009
28.990 0.053315 12.8312500961
29.000 0.053315 12.8356761913
29.010 0.053314 12.8401022866
29.020 0.053314 12.8445283818
29.030 0.053314 12.848954477
29.040 0.053314 12.8533805723
29.050 0.053313 12.8578066675
29.060 0.053313 12.8622327628
29.070 0.053313 12.866658858
29.080 0.053312 12.8710849532
29.090 0.053312 12.8755110485
29.100 0.053312 12.8799371437
29.110 0.053311 12.884363239
29.120 0.053311 12.8887893342
29.130 0.053311 12.8932154294
29.140 0.053311 12.8976415247
29.150 0.053310 12.9020676199
29.160 0.053310 12.9064937151
29.170 0.053310 12.9109198104
29.180 0.053309 12.9153459056
29.190 0.053309 12.9197720009
29.200 0.053309 12.9241980961
29.210 0.053309 12.9286241913
29.220 0.053308 12.9330502866
29.230 0.053308 12.9374763818
29.240 0.053308 12.941902477
29.250 0.053307 12.9463285723
29.260 0.053307 12.9507546675
29.270 0.053307 12.9551807628
29.280 0.053307 12.959606858
29.290 0.053306 12.9640329532
29.300 0.053306 12.9684590485
29.310 0.053306 12.9728851437
29.320 0.053305 12.977311239
29.330 0.053305 12.9817373342
29.340 0.053305 12.9861634294
29.350 0.053304 12.9905895247
29.360 0.053304 12.9950156199
29.370 0.053304 12.9994417151
29.380 0.053304 13.0038678104
29.390 0.053303 13.0082939056
29.400 0.053303 13.0127200009
29.410 0.053303 13.0171460961
29.420 0.053302 13.0215721913
29.430 0.053302 13.0259982866
29.440 0.053302 13.0304243818
29.450 0.053302 13.0348504771
29.460 0.053301 13.0392765723
29.470 0.053301 13.0437026675
29.480 0.053301 13.0481287628
29.490 0.053300 13.052554858
29.500 0.053300 13.0569809532
29.510 0.053300 13.0614070485
29.520 0.053300 13.0658331437
29.530 0.053299 13.070259239
29.540 0.053299 13.0746853342
29.550 0.053299 13.0791114294
29.560 0.053298 13.0835375247
29.570 0.053298 13.0879636199
29.580 0.053298 13.0923897152
29.590 0.053297 13.0968158104
29.600 0.053297 13.1012419056
29.610 0.053297 13.1056680009
29.620 0.053297 13.1100940961
29.630 0.053296 13.1145201913
29.640 0.053296 13.1189462866
29.650 0.053296 13.1233723818
29.660 0.053295 13.1277984771
29.670 0.053295 13.1322245723
29.680 0.053295 13.1366506675
29.690 0.053295 13.1410767628
29.700 0.053294 13.145502858
29.710 0.053294 13.1499289533
29.720 0.053294 13.1543550485
29.730 0.053293 13.1587811437
29.740 0.053293 13.163207239
29.750 0.053293 13.1676333342
29.760 0.053293 13.1720594294
29.770 0.053292 13.1764855247
29.780 0.053292 13.1809116199
29.790 0.053292 13.1853377152
29.800 0.053291 13.1897638104
29.810 0.053291 13.1941899056
29.820 0.053291 13.1986160009
29.830 0.053290 13.2030420961
29.840 0.053290 13.2074681914
29.850 0.053290 13.2118942866
29.860 0.053290 13.2163203818
29.870 0.053289 13.2207464771
29.880 0.053289 13.2251725723
29.890 0.053289 13.2295986675
29.900 0.053288 13.2340247628
29.910 0.053288 13.238450858
29.920 0.053288 13.2428769533
29.930 0.053288 13.2473030485
29.940 0.053287 13.2517291437
29.950 0.053287 13.256155239
29.960 0.053287 13.2605813342
29.970 0.053286 13.2650074295
29.980 0.053286 13.2694335247
29.990 0.053286 13.2738596199
30.000 0.053286 13.2782857152
