0.10000 204.96 0.06463192784
0.11000 186.31 0.071095120624
0.12000 170.77 0.077558313408
0.13000 157.62 0.084021506192
0.14000 146.35 0.090484698976
0.15000 136.58 0.09694789176
0.16000 128.03 0.103411084544
0.17000 120.49 0.109874277328
0.18000 113.79 0.116337470112
0.19000 107.79 0.122800662896
0.20000 102.39 0.12926385568
0.21000 97.507 0.135727048464
0.22000 93.066 0.142190241248
0.23000 89.012 0.148653434032
0.24000 85.296 0.155116626816
0.25000 81.876 0.1615798196
0.26000 78.720 0.168043012384
0.27000 75.798 0.174506205168
0.28000 73.085 0.180969397952
0.29000 70.558 0.187432590736
0.30000 68.200 0.19389578352
0.31000 65.994 0.200358976304
0.32000 63.926 0.206822169088
0.33000 61.984 0.213285361872
0.34000 60.155 0.219748554656
0.35000 58.431 0.22621174744
0.36000 56.803 0.232674940224
0.37000 55.263 0.239138133008
0.38000 53.804 0.245601325792
0.39000 52.420 0.252064518576
0.40000 51.105 0.25852771136
0.41000 49.854 0.264990904144
0.42000 48.663 0.271454096928
0.43000 47.527 0.277917289712
0.44000 46.442 0.284380482496
0.45000 45.406 0.29084367528
0.46000 44.415 0.297306868064
0.47000 43.466 0.303770060848
0.48000 42.557 0.310233253632
0.49000 41.685 0.316696446416
0.50000 40.847 0.3231596392
0.51000 40.043 0.329622831984
0.52000 39.269 0.336086024768
0.53000 38.525 0.342549217552
0.54000 37.808 0.349012410336
0.55000 37.117 0.35547560312
0.56000 36.451 0.361938795904
0.57000 35.809 0.368401988688
0.58000 35.188 0.374865181472
0.59000 34.589 0.381328374256
0.60000 34.009 0.38779156704
0.61000 33.449 0.394254759824
0.62000 32.906 0.400717952608
0.63000 32.381 0.407181145392
0.64000 31.872 0.413644338176
0.65000 31.379 0.42010753096
0.66000 30.901 0.426570723744
0.67000 30.437 0.433033916528
0.68000 29.987 0.439497109312
0.69000 29.549 0.445960302096
0.70000 29.125 0.45242349488
0.71000 28.712 0.458886687664
0.72000 28.311 0.465349880448
0.73000 27.920 0.471813073232
0.74000 27.540 0.478276266016
0.75000 27.171 0.4847394588
0.76000 26.811 0.491202651584
0.77000 26.460 0.497665844368
0.78000 26.119 0.504129037152
0.79000 25.786 0.510592229936
0.80000 25.461 0.51705542272
0.81000 25.145 0.523518615504
0.82000 24.836 0.529981808288
0.83000 24.534 0.536445001072
0.84000 24.240 0.542908193856
0.85000 23.953 0.54937138664
0.86000 23.672 0.555834579424
0.87000 23.398 0.562297772208
0.88000 23.130 0.568760964992
0.89000 22.868 0.575224157776
0.90000 22.612 0.58168735056
0.91000 22.361 0.588150543344
0.92000 22.116 0.594613736128
0.93000 21.877 0.601076928912
0.94000 21.642 0.607540121696
0.95000 21.412 0.61400331448
0.96000 21.187 0.620466507264
0.97000 20.967 0.626929700048
0.98000 20.751 0.633392892832
0.99000 20.540 0.639856085616
1.0000 20.332 0.6463192784
1.0100 20.129 0.652782471184
1.0200 19.930 0.659245663968
1.0300 19.735 0.665708856752
1.0400 19.543 0.672172049536
1.0500 19.355 0.67863524232
1.0600 19.171 0.685098435104
1.0700 18.990 0.691561627888
1.0800 18.813 0.698024820672
1.0900 18.638 0.704488013456
1.1000 18.467 0.71095120624
1.1100 18.299 0.717414399024
1.1200 18.134 0.723877591808
1.1300 17.972 0.730340784592
1.1400 17.813 0.736803977376
1.1500 17.656 0.74326717016
1.1600 17.503 0.749730362944
1.1700 17.351 0.756193555728
1.1800 17.203 0.762656748512
1.1900 17.057 0.769119941296
1.2000 16.913 0.77558313408
1.2100 16.772 0.782046326864
1.2200 16.633 0.788509519648
1.2300 16.496 0.794972712432
1.2400 16.362 0.801435905216
1.2500 16.229 0.807899098
1.2600 16.099 0.814362290784
1.2700 15.971 0.820825483568
1.2800 15.844 0.827288676352
1.2900 15.720 0.833751869136
1.3000 15.598 0.84021506192
1.3100 15.477 0.846678254704
1.3200 15.359 0.853141447488
1.3300 15.242 0.859604640272
1.3400 15.127 0.866067833056
1.3500 15.013 0.87253102584
1.3600 14.902 0.878994218624
1.3700 14.791 0.885457411408
1.3800 14.683 0.891920604192
1.3900 14.576 0.898383796976
1.4000 14.471 0.90484698976
1.4100 14.367 0.911310182544
1.4200 14.264 0.917773375328
1.4300 14.163 0.924236568112
1.4400 14.063 0.930699760896
1.4500 13.965 0.93716295368
1.4600 13.868 0.943626146464
1.4700 13.773 0.950089339248
1.4800 13.678 0.956552532032
1.4900 13.585 0.963015724816
1.5000 13.494 0.9694789176
1.5100 13.403 0.975942110384
1.5200 13.314 0.982405303168
1.5300 13.225 0.988868495952
1.5400 13.138 0.995331688736
1.5500 13.052 1.00179488152
1.5600 12.967 1.0082580743
1.5700 12.884 1.01472126709
1.5800 12.801 1.02118445987
1.5900 12.719 1.02764765266
1.6000 12.639 1.03411084544
1.6100 12.559 1.04057403822
1.6200 12.480 1.04703723101
1.6300 12.403 1.05350042379
1.6400 12.326 1.05996361658
1.6500 12.250 1.06642680936
1.6600 12.175 1.07289000214
1.6700 12.101 1.07935319493
1.6800 12.028 1.08581638771
1.6900 11.956 1.0922795805
1.7000 11.884 1.09874277328
1.7100 11.814 1.10520596606
1.7200 11.744 1.11166915885
1.7300 11.675 1.11813235163
1.7400 11.607 1.12459554442
1.7500 11.539 1.1310587372
1.7600 11.473 1.13752192998
1.7700 11.407 1.14398512277
1.7800 11.342 1.15044831555
1.7900 11.277 1.15691150834
1.8000 11.214 1.16337470112
1.8100 11.151 1.1698378939
1.8200 11.088 1.17630108669
1.8300 11.027 1.18276427947
1.8400 10.966 1.18922747226
1.8500 10.906 1.19569066504
1.8600 10.846 1.20215385782
1.8700 10.787 1.20861705061
1.8800 10.729 1.21508024339
1.8900 10.671 1.22154343618
1.9000 10.614 1.22800662896
1.9100 10.557 1.23446982174
1.9200 10.501 1.24093301453
1.9300 10.446 1.24739620731
1.9400 10.391 1.2538594001
1.9500 10.337 1.26032259288
1.9600 10.283 1.26678578566
1.9700 10.230 1.27324897845
1.9800 10.177 1.27971217123
1.9900 10.125 1.28617536402
2.0000 10.074 1.2926385568
2.0100 10.023 1.29910174958
2.0200 9.9722 1.30556494237
2.0300 9.9221 1.31202813515
2.0400 9.8726 1.31849132794
2.0500 9.8235 1.32495452072
2.0600 9.7749 1.3314177135
2.0700 9.7268 1.33788090629
2.0800 9.6791 1.34434409907
2.0900 9.6319 1.35080729186
2.1000 9.5852 1.35727048464
2.1100 9.5389 1.36373367742
2.1200 9.4930 1.37019687021
2.1300 9.4476 1.37666006299
2.1400 9.4025 1.38312325578
2.1500 9.3579 1.38958644856
2.1600 9.3137 1.39604964134
2.1700 9.2700 1.40251283413
2.1800 9.2266 1.40897602691
2.1900 9.1836 1.4154392197
2.2000 9.1410 1.42190241248
2.2100 9.0988 1.42836560526
2.2200 9.0570 1.43482879805
2.2300 9.0155 1.44129199083
2.2400 8.9744 1.44775518362
2.2500 8.9337 1.4542183764
2.2600 8.8934 1.46068156918
2.2700 8.8534 1.46714476197
2.2800 8.8137 1.47360795475
2.2900 8.7744 1.48007114754
2.3000 8.7354 1.48653434032
2.3100 8.6968 1.4929975331
2.3200 8.6585 1.49946072589
2.3300 8.6206 1.50592391867
2.3400 8.5829 1.51238711146
2.3500 8.5456 1.51885030424
2.3600 8.5086 1.52531349702
2.3700 8.4719 1.53177668981
2.3800 8.4355 1.53823988259
2.3900 8.3994 1.54470307538
2.4000 8.3637 1.55116626816
2.4100 8.3282 1.55762946094
2.4200 8.2930 1.56409265373
2.4300 8.2581 1.57055584651
2.4400 8.2235 1.5770190393
2.4500 8.1891 1.58348223208
2.4600 8.1551 1.58994542486
2.4700 8.1213 1.59640861765
2.4800 8.0878 1.60287181043
2.4900 8.0546 1.60933500322
2.5000 8.0216 1.615798196
2.5100 7.9889 1.62226138878
2.5200 7.9565 1.62872458157
2.5300 7.9243 1.63518777435
2.5400 7.8923 1.64165096714
2.5500 7.8606 1.64811415992
2.5600 7.8292 1.6545773527
2.5700 7.7980 1.66104054549
2.5800 7.7671 1.66750373827
2.5900 7.7363 1.67396693106
2.6000 7.7059 1.68043012384
2.6100 7.6756 1.68689331662
2.6200 7.6456 1.69335650941
2.6300 7.6158 1.69981970219
2.6400 7.5863 1.70628289498
2.6500 7.5569 1.71274608776
2.6600 7.5278 1.71920928054
2.6700 7.4989 1.72567247333
2.6800 7.4702 1.73213566611
2.6900 7.4417 1.7385988589
2.7000 7.4135 1.74506205168
2.7100 7.3854 1.75152524446
2.7200 7.3576 1.75798843725
2.7300 7.3299 1.76445163003
2.7400 7.3025 1.77091482282
2.7500 7.2753 1.7773780156
2.7600 7.2482 1.78384120838
2.7700 7.2214 1.79030440117
2.7800 7.1947 1.79676759395
2.7900 7.1683 1.80323078674
2.8000 7.1420 1.80969397952
2.8100 7.1159 1.8161571723
2.8200 7.0900 1.82262036509
2.8300 7.0643 1.82908355787
2.8400 7.0387 1.83554675066
2.8500 7.0134 1.84200994344
2.8600 6.9882 1.84847313622
2.8700 6.9632 1.85493632901
2.8800 6.9384 1.86139952179
2.8900 6.9137 1.86786271458
2.9000 6.8892 1.87432590736
2.9100 6.8649 1.88078910014
2.9200 6.8407 1.88725229293
2.9300 6.8167 1.89371548571
2.9400 6.7929 1.9001786785
2.9500 6.7692 1.90664187128
2.9600 6.7457 1.91310506406
2.9700 6.7224 1.91956825685
2.9800 6.6992 1.92603144963
2.9900 6.6761 1.93249464242
3.0000 6.6533 1.9389578352
3.0100 6.6305 1.94542102798
3.0200 6.6079 1.95188422077
3.0300 6.5855 1.95834741355
3.0400 6.5632 1.96481060634
3.0500 6.5411 1.97127379912
3.0600 6.5191 1.9777369919
3.0700 6.4972 1.98420018469
3.0800 6.4755 1.99066337747
3.0900 6.4539 1.99712657026
3.1000 6.4325 2.00358976304
3.1100 6.4112 2.01005295582
3.1200 6.3901 2.01651614861
3.1300 6.3690 2.02297934139
3.1400 6.3482 2.02944253418
3.1500 6.3274 2.03590572696
3.1600 6.3068 2.04236891974
3.1700 6.2863 2.04883211253
3.1800 6.2659 2.05529530531
3.1900 6.2457 2.0617584981
3.2000 6.2256 2.06822169088
3.2100 6.2056 2.07468488366
3.2200 6.1857 2.08114807645
3.2300 6.1660 2.08761126923
3.2400 6.1464 2.09407446202
3.2500 6.1269 2.1005376548
3.2600 6.1075 2.10700084758
3.2700 6.0882 2.11346404037
3.2800 6.0691 2.11992723315
3.2900 6.0501 2.12639042594
3.3000 6.0312 2.13285361872
3.3100 6.0124 2.1393168115
3.3200 5.9937 2.14578000429
3.3300 5.9751 2.15224319707
3.3400 5.9566 2.15870638986
3.3500 5.9383 2.16516958264
3.3600 5.9201 2.17163277542
3.3700 5.9019 2.17809596821
3.3800 5.8839 2.18455916099
3.3900 5.8660 2.19102235378
3.4000 5.8482 2.19748554656
3.4100 5.8305 2.20394873934
3.4200 5.8129 2.21041193213
3.4300 5.7954 2.21687512491
3.4400 5.7780 2.2233383177
3.4500 5.7607 2.22980151048
3.4600 5.7434 2.23626470326
3.4700 5.7263 2.24272789605
3.4800 5.7093 2.24919108883
3.4900 5.6924 2.25565428162
3.5000 5.6756 2.2621174744
3.5100 5.6589 2.26858066718
3.5200 5.6423 2.27504385997
3.5300 5.6258 2.28150705275
3.5400 5.6093 2.28797024554
3.5500 5.5930 2.29443343832
3.5600 5.5768 2.3008966311
3.5700 5.5606 2.30735982389
3.5800 5.5445 2.31382301667
3.5900 5.5286 2.32028620946
3.6000 5.5127 2.32674940224
3.6100 5.4969 2.33321259502
3.6200 5.4812 2.33967578781
3.6300 5.4655 2.34613898059
3.6400 5.4500 2.35260217338
3.6500 5.4345 2.35906536616
3.6600 5.4192 2.36552855894
3.6700 5.4039 2.37199175173
3.6800 5.3887 2.37845494451
3.6900 5.3735 2.3849181373
3.7000 5.3585 2.39138133008
3.7100 5.3435 2.39784452286
3.7200 5.3287 2.40430771565
3.7300 5.3139 2.41077090843
3.7400 5.2991 2.41723410122
3.7500 5.2845 2.423697294
3.7600 5.2699 2.43016048678
3.7700 5.2554 2.43662367957
3.7800 5.2410 2.44308687235
3.7900 5.2267 2.44955006514
3.8000 5.2124 2.45601325792
3.8100 5.1983 2.4624764507
3.8200 5.1841 2.46893964349
3.8300 5.1701 2.47540283627
3.8400 5.1561 2.48186602906
3.8500 5.1423 2.48832922184
3.8600 5.1284 2.49479241462
3.8700 5.1147 2.50125560741
3.8800 5.1010 2.50771880019
3.8900 5.0874 2.51418199298
3.9000 5.0739 2.52064518576
3.9100 5.0604 2.52710837854
3.9200 5.0470 2.53357157133
3.9300 5.0337 2.54003476411
3.9400 5.0204 2.5464979569
3.9500 5.0072 2.55296114968
3.9600 4.9941 2.55942434246
3.9700 4.9810 2.56588753525
3.9800 4.9680 2.57235072803
3.9900 4.9551 2.57881392082
4.0000 4.9422 2.5852771136
4.0100 4.9294 2.59174030638
4.0200 4.9167 2.59820349917
4.0300 4.9040 2.60466669195
4.0400 4.8914 2.61112988474
4.0500 4.8788 2.61759307752
4.0600 4.8663 2.6240562703
4.0700 4.8539 2.63051946309
4.0800 4.8415 2.63698265587
4.0900 4.8292 2.64344584866
4.1000 4.8170 2.64990904144
4.1100 4.8048 2.65637223422
4.1200 4.7927 2.66283542701
4.1300 4.7806 2.66929861979
4.1400 4.7686 2.67576181258
4.1500 4.7566 2.68222500536
4.1600 4.7447 2.68868819814
4.1700 4.7329 2.69515139093
4.1800 4.7211 2.70161458371
4.1900 4.7094 2.7080777765
4.2000 4.6977 2.71454096928
4.2100 4.6861 2.72100416206
4.2200 4.6745 2.72746735485
4.2300 4.6630 2.73393054763
4.2400 4.6515 2.74039374042
4.2500 4.6401 2.7468569332
4.2600 4.6288 2.75332012598
4.2700 4.6175 2.75978331877
4.2800 4.6063 2.76624651155
4.2900 4.5951 2.77270970434
4.3000 4.5839 2.77917289712
4.3100 4.5729 2.7856360899
4.3200 4.5618 2.79209928269
4.3300 4.5508 2.79856247547
4.3400 4.5399 2.80502566826
4.3500 4.5290 2.81148886104
4.3600 4.5182 2.81795205382
4.3700 4.5074 2.82441524661
4.3800 4.4967 2.83087843939
4.3900 4.4860 2.83734163218
4.4000 4.4754 2.84380482496
4.4100 4.4648 2.85026801774
4.4200 4.4542 2.85673121053
4.4300 4.4437 2.86319440331
4.4400 4.4333 2.8696575961
4.4500 4.4229 2.87612078888
4.4600 4.4125 2.88258398166
4.4700 4.4022 2.88904717445
4.4800 4.3920 2.89551036723
4.4900 4.3818 2.90197356002
4.5000 4.3716 2.9084367528
4.5100 4.3615 2.91489994558
4.5200 4.3514 2.92136313837
4.5300 4.3414 2.92782633115
4.5400 4.3314 2.93428952394
4.5500 4.3214 2.94075271672
4.5600 4.3115 2.9472159095
4.5700 4.3017 2.95367910229
4.5800 4.2918 2.96014229507
4.5900 4.2821 2.96660548786
4.6000 4.2723 2.97306868064
4.6100 4.2626 2.97953187342
4.6200 4.2530 2.98599506621
4.6300 4.2434 2.99245825899
4.6400 4.2338 2.99892145178
4.6500 4.2243 3.00538464456
4.6600 4.2148 3.01184783734
4.6700 4.2054 3.01831103013
4.6800 4.1960 3.02477422291
4.6900 4.1866 3.0312374157
4.7000 4.1773 3.03770060848
4.7100 4.1680 3.04416380126
4.7200 4.1588 3.05062699405
4.7300 4.1496 3.05709018683
4.7400 4.1404 3.06355337962
4.7500 4.1313 3.0700165724
4.7600 4.1222 3.07647976518
4.7700 4.1131 3.08294295797
4.7800 4.1041 3.08940615075
4.7900 4.0951 3.09586934354
4.8000 4.0862 3.10233253632
4.8100 4.0773 3.1087957291
4.8200 4.0684 3.11525892189
4.8300 4.0596 3.12172211467
4.8400 4.0508 3.12818530746
4.8500 4.0421 3.13464850024
4.8600 4.0333 3.14111169302
4.8700 4.0247 3.14757488581
4.8800 4.0160 3.15403807859
4.8900 4.0074 3.16050127138
4.9000 3.9988 3.16696446416
4.9100 3.9903 3.17342765694
4.9200 3.9818 3.17989084973
4.9300 3.9733 3.18635404251
4.9400 3.9649 3.1928172353
4.9500 3.9565 3.19928042808
4.9600 3.9481 3.20574362086
4.9700 3.9397 3.21220681365
4.9800 3.9314 3.21867000643
4.9900 3.9232 3.22513319922
5.0000 3.9149 3.231596392
5.1000 3.8343 3.29622831984
5.1100 3.8264 3.30269151262
5.1200 3.8186 3.30915470541
5.1300 3.8108 3.31561789819
5.1400 3.8030 3.32208109098
5.1500 3.7952 3.32854428376
5.1600 3.7875 3.33500747654
5.1700 3.7797 3.34147066933
5.1800 3.7721 3.34793386211
5.1900 3.7644 3.3543970549
5.2000 3.7568 3.36086024768
5.2100 3.7492 3.36732344046
5.2200 3.7417 3.37378663325
5.2300 3.7341 3.38024982603
5.2400 3.7266 3.38671301882
5.2500 3.7192 3.3931762116
5.2600 3.7117 3.39963940438
5.2700 3.7043 3.40610259717
5.2800 3.6969 3.41256578995
5.2900 3.6895 3.41902898274
5.3000 3.6822 3.42549217552
5.3100 3.6749 3.4319553683
5.3200 3.6676 3.43841856109
5.3300 3.6604 3.44488175387
5.3400 3.6532 3.45134494666
5.3500 3.6460 3.45780813944
5.3600 3.6388 3.46427133222
5.3700 3.6316 3.47073452501
5.3800 3.6245 3.47719771779
5.3900 3.6174 3.48366091058
5.4000 3.6104 3.49012410336
5.4100 3.6033 3.49658729614
5.4200 3.5963 3.50305048893
5.4300 3.5893 3.50951368171
5.4400 3.5824 3.5159768745
5.4500 3.5754 3.52244006728
5.4600 3.5685 3.52890326006
5.4700 3.5616 3.53536645285
5.4800 3.5548 3.54182964563
5.4900 3.5479 3.54829283842
5.5000 3.5411 3.5547560312
5.5100 3.5344 3.56121922398
5.5200 3.5276 3.56768241677
5.5300 3.5209 3.57414560955
5.5400 3.5141 3.58060880234
5.5500 3.5075 3.58707199512
5.5600 3.5008 3.5935351879
5.5700 3.4941 3.59999838069
5.5800 3.4875 3.60646157347
5.5900 3.4809 3.61292476626
5.6000 3.4744 3.61938795904
5.6100 3.4678 3.62585115182
5.6200 3.4613 3.63231434461
5.6300 3.4548 3.63877753739
5.6400 3.4483 3.64524073018
5.6500 3.4419 3.65170392296
5.6600 3.4354 3.65816711574
5.6700 3.4290 3.66463030853
5.6800 3.4226 3.67109350131
5.6900 3.4163 3.6775566941
5.7000 3.4099 3.68401988688
5.7100 3.4036 3.69048307966
5.7200 3.3973 3.69694627245
5.7300 3.3910 3.70340946523
5.7400 3.3848 3.70987265802
5.7500 3.3786 3.7163358508
5.7600 3.3724 3.72279904358
5.7700 3.3662 3.72926223637
5.7800 3.3600 3.73572542915
5.7900 3.3538 3.74218862194
5.8000 3.3477 3.74865181472
5.8100 3.3416 3.7551150075
5.8200 3.3355 3.76157820029
5.8300 3.3295 3.76804139307
5.8400 3.3234 3.77450458586
5.8500 3.3174 3.78096777864
5.8600 3.3114 3.78743097142
5.8700 3.3054 3.79389416421
5.8800 3.2995 3.80035735699
5.8900 3.2935 3.80682054978
5.9000 3.2876 3.81328374256
5.9100 3.2817 3.81974693534
5.9200 3.2758 3.82621012813
5.9300 3.2700 3.83267332091
5.9400 3.2641 3.8391365137
5.9500 3.2583 3.84559970648
5.9600 3.2525 3.85206289926
5.9700 3.2467 3.85852609205
5.9800 3.2410 3.86498928483
5.9900 3.2352 3.87145247762
6.0000 3.2295 3.8779156704
6.0100 3.2238 3.88437886318
6.0200 3.2181 3.89084205597
6.0300 3.2124 3.89730524875
6.0400 3.2068 3.90376844154
6.0500 3.2012 3.91023163432
6.0600 3.1955 3.9166948271
6.0700 3.1899 3.92315801989
6.0800 3.1844 3.92962121267
6.0900 3.1788 3.93608440546
6.1000 3.1733 3.94254759824
6.1100 3.1678 3.94901079102
6.1200 3.1623 3.95547398381
6.1300 3.1568 3.96193717659
6.1400 3.1513 3.96840036938
6.1500 3.1459 3.97486356216
6.1600 3.1404 3.98132675494
6.1700 3.1350 3.98778994773
6.1800 3.1296 3.99425314051
6.1900 3.1242 4.0007163333
6.2000 3.1189 4.00717952608
6.2100 3.1135 4.01364271886
6.2200 3.1082 4.02010591165
6.2300 3.1029 4.02656910443
6.2400 3.0976 4.03303229722
6.2500 3.0923 4.03949549
6.2600 3.0871 4.04595868278
6.2700 3.0818 4.05242187557
6.2800 3.0766 4.05888506835
6.2900 3.0714 4.06534826114
6.3000 3.0662 4.07181145392
6.3100 3.0610 4.0782746467
6.3200 3.0558 4.08473783949
6.3300 3.0507 4.09120103227
6.3400 3.0456 4.09766422506
6.3500 3.0405 4.10412741784
6.3600 3.0354 4.11059061062
6.3700 3.0303 4.11705380341
6.3800 3.0252 4.12351699619
6.3900 3.0202 4.12998018898
6.4000 3.0151 4.13644338176
6.4100 3.0101 4.14290657454
6.4200 3.0051 4.14936976733
6.4300 3.0001 4.15583296011
6.4400 2.9952 4.1622961529
6.4500 2.9902 4.16875934568
6.4600 2.9853 4.17522253846
6.4700 2.9803 4.18168573125
6.4800 2.9754 4.18814892403
6.4900 2.9705 4.19461211681
6.5000 2.9657 4.2010753096
6.5100 2.9608 4.20753850238
6.5200 2.9559 4.21400169517
6.5300 2.9511 4.22046488795
6.5400 2.9463 4.22692808073
6.5500 2.9415 4.23339127352
6.5600 2.9367 4.2398544663
6.5700 2.9319 4.24631765909
6.5800 2.9271 4.25278085187
6.5900 2.9224 4.25924404465
6.6000 2.9177 4.26570723744
6.6100 2.9129 4.27217043022
6.6200 2.9082 4.27863362301
6.6300 2.9035 4.28509681579
6.6400 2.8989 4.29156000857
6.6500 2.8942 4.29802320136
6.6600 2.8896 4.30448639414
6.6700 2.8849 4.31094958693
6.6800 2.8803 4.31741277971
6.6900 2.8757 4.32387597249
6.7000 2.8711 4.33033916528
6.7100 2.8665 4.33680235806
6.7200 2.8620 4.34326555085
6.7300 2.8574 4.34972874363
6.7400 2.8529 4.35619193641
6.7500 2.8483 4.3626551292
6.7600 2.8438 4.36911832198
6.7700 2.8393 4.37558151477
6.7800 2.8348 4.38204470755
6.7900 2.8304 4.38850790033
6.8000 2.8259 4.39497109312
6.8100 2.8215 4.4014342859
6.8200 2.8170 4.40789747869
6.8300 2.8126 4.41436067147
6.8400 2.8082 4.42082386425
6.8500 2.8038 4.42728705704
6.8600 2.7994 4.43375024982
6.8700 2.7950 4.44021344261
6.8800 2.7907 4.44667663539
6.8900 2.7863 4.45313982817
6.9000 2.7820 4.45960302096
6.9100 2.7777 4.46606621374
6.9200 2.7734 4.47252940653
6.9300 2.7691 4.47899259931
6.9400 2.7648 4.48545579209
6.9500 2.7605 4.49191898488
6.9600 2.7563 4.49838217766
6.9700 2.7520 4.50484537045
6.9800 2.7478 4.51130856323
6.9900 2.7436 4.51777175601
7.0000 2.7394 4.5242349488
7.0100 2.7352 4.53069814158
7.0200 2.7310 4.53716133437
7.0300 2.7268 4.54362452715
7.0400 2.7226 4.55008771993
7.0500 2.7185 4.55655091272
7.0600 2.7144 4.5630141055
7.0700 2.7102 4.56947729829
7.0800 2.7061 4.57594049107
7.0900 2.7020 4.58240368385
7.1000 2.6979 4.58886687664
7.1100 2.6938 4.59533006942
7.1200 2.6898 4.60179326221
7.1300 2.6857 4.60825645499
7.1400 2.6817 4.61471964777
7.1500 2.6776 4.62118284056
7.1600 2.6736 4.62764603334
7.1700 2.6696 4.63410922613
7.1800 2.6656 4.64057241891
7.1900 2.6616 4.64703561169
7.2000 2.6576 4.65349880448
7.2100 2.6536 4.65996199726
7.2200 2.6497 4.66642519005
7.2300 2.6457 4.67288838283
7.2400 2.6418 4.67935157561
7.2500 2.6379 4.6858147684
7.2600 2.6340 4.69227796118
7.2700 2.6301 4.69874115397
7.2800 2.6262 4.70520434675
7.2900 2.6223 4.71166753953
7.3000 2.6184 4.71813073232
7.3100 2.6146 4.7245939251
7.3200 2.6107 4.73105711789
7.3300 2.6069 4.73752031067
7.3400 2.6030 4.74398350345
7.3500 2.5992 4.75044669624
7.3600 2.5954 4.75690988902
7.3700 2.5916 4.76337308181
7.3800 2.5878 4.76983627459
7.3900 2.5840 4.77629946737
7.4000 2.5803 4.78276266016
7.4100 2.5765 4.78922585294
7.4200 2.5728 4.79568904573
7.4300 2.5690 4.80215223851
7.4400 2.5653 4.80861543129
7.4500 2.5616 4.81507862408
7.4600 2.5579 4.82154181686
7.4700 2.5542 4.82800500965
7.4800 2.5505 4.83446820243
7.4900 2.5468 4.84093139521
7.5000 2.5431 4.847394588
7.5100 2.5395 4.85385778078
7.5200 2.5358 4.86032097357
7.5300 2.5322 4.86678416635
7.5400 2.5285 4.87324735913
7.5500 2.5249 4.87971055192
7.5600 2.5213 4.8861737447
7.5700 2.5177 4.89263693749
7.5800 2.5141 4.89910013027
7.5900 2.5105 4.90556332305
7.6000 2.5070 4.91202651584
7.6100 2.5034 4.91848970862
7.6200 2.4998 4.92495290141
7.6300 2.4963 4.93141609419
7.6400 2.4928 4.93787928697
7.6500 2.4892 4.94434247976
7.6600 2.4857 4.95080567254
7.6700 2.4822 4.95726886533
7.6800 2.4787 4.96373205811
7.6900 2.4752 4.97019525089
7.7000 2.4717 4.97665844368
7.7100 2.4683 4.98312163646
7.7200 2.4648 4.98958482925
7.7300 2.4613 4.99604802203
7.7400 2.4579 5.00251121481
7.7500 2.4544 5.0089744076
7.7600 2.4510 5.01543760038
7.7700 2.4476 5.02190079317
7.7800 2.4442 5.02836398595
7.7900 2.4408 5.03482717873
7.8000 2.4374 5.04129037152
7.8100 2.4340 5.0477535643
7.8200 2.4306 5.05421675709
7.8300 2.4273 5.06067994987
7.8400 2.4239 5.06714314265
7.8500 2.4206 5.07360633544
7.8600 2.4172 5.08006952822
7.8700 2.4139 5.08653272101
7.8800 2.4105 5.09299591379
7.8900 2.4072 5.09945910657
7.9000 2.4039 5.10592229936
7.9100 2.4006 5.11238549214
7.9200 2.3973 5.11884868493
7.9300 2.3940 5.12531187771
7.9400 2.3908 5.13177507049
7.9500 2.3875 5.13823826328
7.9600 2.3842 5.14470145606
7.9700 2.3810 5.15116464885
7.9800 2.3777 5.15762784163
7.9900 2.3745 5.16409103441
8.0000 2.3713 5.1705542272
8.0100 2.3681 5.17701741998
8.0200 2.3649 5.18348061277
8.0300 2.3616 5.18994380555
8.0400 2.3585 5.19640699833
8.0500 2.3553 5.20287019112
8.0600 2.3521 5.2093333839
8.0700 2.3489 5.21579657669
8.0800 2.3458 5.22225976947
8.0900 2.3426 5.22872296225
8.1000 2.3394 5.23518615504
8.1100 2.3363 5.24164934782
8.1200 2.3332 5.24811254061
8.1300 2.3300 5.25457573339
8.1400 2.3269 5.26103892617
8.1500 2.3238 5.26750211896
8.1600 2.3207 5.27396531174
8.1700 2.3176 5.28042850453
8.1800 2.3145 5.28689169731
8.1900 2.3115 5.29335489009
8.2000 2.3084 5.29981808288
8.2100 2.3053 5.30628127566
8.2200 2.3023 5.31274446845
8.2300 2.2992 5.31920766123
8.2400 2.2962 5.32567085401
8.2500 2.2931 5.3321340468
8.2600 2.2901 5.33859723958
8.2700 2.2871 5.34506043237
8.2800 2.2841 5.35152362515
8.2900 2.2811 5.35798681793
8.3000 2.2781 5.36445001072
8.3100 2.2751 5.3709132035
8.3200 2.2721 5.37737639629
8.3300 2.2691 5.38383958907
8.3400 2.2661 5.39030278185
8.3500 2.2632 5.39676597464
8.3600 2.2602 5.40322916742
8.3700 2.2573 5.40969236021
8.3800 2.2543 5.41615555299
8.3900 2.2514 5.42261874577
8.4000 2.2485 5.42908193856
8.4100 2.2455 5.43554513134
8.4200 2.2426 5.44200832413
8.4300 2.2397 5.44847151691
8.4400 2.2368 5.45493470969
8.4500 2.2339 5.46139790248
8.4600 2.2310 5.46786109526
8.4700 2.2281 5.47432428805
8.4800 2.2253 5.48078748083
8.4900 2.2224 5.48725067361
8.5000 2.2195 5.4937138664
8.5100 2.2167 5.50017705918
8.5200 2.2138 5.50664025197
8.5300 2.2110 5.51310344475
8.5400 2.2082 5.51956663753
8.5500 2.2053 5.52602983032
8.5600 2.2025 5.5324930231
8.5700 2.1997 5.53895621589
8.5800 2.1969 5.54541940867
8.5900 2.1941 5.55188260145
8.6000 2.1913 5.55834579424
8.6100 2.1885 5.56480898702
8.6200 2.1857 5.57127217981
8.6300 2.1829 5.57773537259
8.6400 2.1802 5.58419856537
8.6500 2.1774 5.59066175816
8.6600 2.1747 5.59712495094
8.6700 2.1719 5.60358814373
8.6800 2.1692 5.61005133651
8.6900 2.1664 5.61651452929
8.7000 2.1637 5.62297772208
8.7100 2.1610 5.62944091486
8.7200 2.1582 5.63590410765
8.7300 2.1555 5.64236730043
8.7400 2.1528 5.64883049321
8.7500 2.1501 5.655293686
8.7600 2.1474 5.66175687878
8.7700 2.1447 5.66822007157
8.7800 2.1421 5.67468326435
8.7900 2.1394 5.68114645713
8.8000 2.1367 5.68760964992
8.8100 2.1340 5.6940728427
8.8200 2.1314 5.70053603549
8.8300 2.1287 5.70699922827
8.8400 2.1261 5.71346242105
8.8500 2.1234 5.71992561384
8.8600 2.1208 5.72638880662
8.8700 2.1182 5.73285199941
8.8800 2.1156 5.73931519219
8.8900 2.1129 5.74577838497
8.9000 2.1103 5.75224157776
8.9100 2.1077 5.75870477054
8.9200 2.1051 5.76516796333
8.9300 2.1025 5.77163115611
8.9400 2.0999 5.77809434889
8.9500 2.0974 5.78455754168
8.9600 2.0948 5.79102073446
8.9700 2.0922 5.79748392725
8.9800 2.0896 5.80394712003
8.9900 2.0871 5.81041031281
9.0000 2.0845 5.8168735056
9.0100 2.0820 5.82333669838
9.0200 2.0794 5.82979989117
9.0300 2.0769 5.83626308395
9.0400 2.0744 5.84272627673
9.0500 2.0718 5.84918946952
9.0600 2.0693 5.8556526623
9.0700 2.0668 5.86211585509
9.0800 2.0643 5.86857904787
9.0900 2.0618 5.87504224065
9.1000 2.0593 5.88150543344
9.1100 2.0568 5.88796862622
9.1200 2.0543 5.89443181901
9.1300 2.0518 5.90089501179
9.1400 2.0494 5.90735820457
9.1500 2.0469 5.91382139736
9.1600 2.0444 5.92028459014
9.1700 2.0420 5.92674778293
9.1800 2.0395 5.93321097571
9.1900 2.0370 5.93967416849
9.2000 2.0346 5.94613736128
9.2100 2.0322 5.95260055406
9.2200 2.0297 5.95906374685
9.2300 2.0273 5.96552693963
9.2400 2.0249 5.97199013241
9.2500 2.0225 5.9784533252
9.2600 2.0200 5.98491651798
9.2700 2.0176 5.99137971077
9.2800 2.0152 5.99784290355
9.2900 2.0128 6.00430609633
9.3000 2.0104 6.01076928912
9.3100 2.0080 6.0172324819
9.3200 2.0057 6.02369567469
9.3300 2.0033 6.03015886747
9.3400 2.0009 6.03662206025
9.3500 1.9985 6.04308525304
9.3600 1.9962 6.04954844582
9.3700 1.9938 6.05601163861
9.3800 1.9915 6.06247483139
9.3900 1.9891 6.06893802417
9.4000 1.9868 6.07540121696
9.4100 1.9844 6.08186440974
9.4200 1.9821 6.08832760253
9.4300 1.9798 6.09479079531
9.4400 1.9775 6.10125398809
9.4500 1.9751 6.10771718088
9.4600 1.9728 6.11418037366
9.4700 1.9705 6.12064356645
9.4800 1.9682 6.12710675923
9.4900 1.9659 6.13356995201
9.5000 1.9636 6.1400331448
9.5100 1.9613 6.14649633758
9.5200 1.9590 6.15295953037
9.5300 1.9568 6.15942272315
9.5400 1.9545 6.16588591593
9.5500 1.9522 6.17234910872
9.5600 1.9499 6.1788123015
9.5700 1.9477 6.18527549429
9.5800 1.9454 6.19173868707
9.5900 1.9432 6.19820187985
9.6000 1.9409 6.20466507264
9.6100 1.9387 6.21112826542
9.6200 1.9364 6.21759145821
9.6300 1.9342 6.22405465099
9.6400 1.9320 6.23051784377
9.6500 1.9298 6.23698103656
9.6600 1.9275 6.24344422934
9.6700 1.9253 6.24990742213
9.6800 1.9231 6.25637061491
9.6900 1.9209 6.26283380769
9.7000 1.9187 6.26929700048
9.7100 1.9165 6.27576019326
9.7200 1.9143 6.28222338605
9.7300 1.9121 6.28868657883
9.7400 1.9099 6.29514977161
9.7500 1.9078 6.3016129644
9.7600 1.9056 6.30807615718
9.7700 1.9034 6.31453934997
9.7800 1.9013 6.32100254275
9.7900 1.8991 6.32746573553
9.8000 1.8969 6.33392892832
9.8100 1.8948 6.3403921211
9.8200 1.8926 6.34685531389
9.8300 1.8905 6.35331850667
9.8400 1.8883 6.35978169945
9.8500 1.8862 6.36624489224
9.8600 1.8841 6.37270808502
9.8700 1.8820 6.37917127781
9.8800 1.8798 6.38563447059
9.8900 1.8777 6.39209766337
9.9000 1.8756 6.39856085616
9.9100 1.8735 6.40502404894
9.9200 1.8714 6.41148724173
9.9300 1.8693 6.41795043451
9.9400 1.8672 6.42441362729
9.9500 1.8651 6.43087682008
9.9600 1.8630 6.43734001286
9.9700 1.8609 6.44380320565
9.9800 1.8588 6.45026639843
9.9900 1.8568 6.45672959121
10.000 1.8547 6.463192784
10.100 1.8342 6.52782471184
10.110 1.8321 6.53428790462
10.120 1.8301 6.54075109741
10.130 1.8281 6.54721429019
10.140 1.8261 6.55367748297
10.150 1.8241 6.56014067576
10.160 1.8221 6.56660386854
10.170 1.8201 6.57306706133
10.180 1.8181 6.57953025411
10.190 1.8161 6.58599344689
10.200 1.8141 6.59245663968
10.210 1.8121 6.59891983246
10.220 1.8101 6.60538302525
10.230 1.8081 6.61184621803
10.240 1.8061 6.61830941081
10.250 1.8042 6.6247726036
10.260 1.8022 6.63123579638
10.270 1.8002 6.63769898917
10.280 1.7983 6.64416218195
10.290 1.7963 6.65062537473
10.300 1.7943 6.65708856752
10.310 1.7924 6.6635517603
10.320 1.7904 6.67001495309
10.330 1.7885 6.67647814587
10.340 1.7866 6.68294133865
10.350 1.7846 6.68940453144
10.360 1.7827 6.69586772422
10.370 1.7808 6.70233091701
10.380 1.7788 6.70879410979
10.390 1.7769 6.71525730257
10.400 1.7750 6.72172049536
10.410 1.7731 6.72818368814
10.420 1.7712 6.73464688093
10.430 1.7693 6.74111007371
10.440 1.7674 6.74757326649
10.450 1.7655 6.75403645928
10.460 1.7636 6.76049965206
10.470 1.7617 6.76696284485
10.480 1.7598 6.77342603763
10.490 1.7579 6.77988923041
10.500 1.7560 6.7863524232
10.510 1.7541 6.79281561598
10.520 1.7522 6.79927880877
10.530 1.7504 6.80574200155
10.540 1.7485 6.81220519433
10.550 1.7466 6.81866838712
10.560 1.7448 6.8251315799
10.570 1.7429 6.83159477269
10.580 1.7411 6.83805796547
10.590 1.7392 6.84452115825
10.600 1.7374 6.85098435104
10.610 1.7355 6.85744754382
10.620 1.7337 6.86391073661
10.630 1.7318 6.87037392939
10.640 1.7300 6.87683712217
10.650 1.7282 6.88330031496
10.660 1.7264 6.88976350774
10.670 1.7245 6.89622670053
10.680 1.7227 6.90268989331
10.690 1.7209 6.90915308609
10.700 1.7191 6.91561627888
10.710 1.7173 6.92207947166
10.720 1.7155 6.92854266445
10.730 1.7137 6.93500585723
10.740 1.7119 6.94146905001
10.750 1.7101 6.9479322428
10.760 1.7083 6.95439543558
10.770 1.7065 6.96085862837
10.780 1.7047 6.96732182115
10.790 1.7029 6.97378501393
10.800 1.7011 6.98024820672
10.810 1.6993 6.9867113995
10.820 1.6976 6.99317459229
10.830 1.6958 6.99963778507
10.840 1.6940 7.00610097785
10.850 1.6923 7.01256417064
10.860 1.6905 7.01902736342
10.870 1.6888 7.02549055621
10.880 1.6870 7.03195374899
10.890 1.6852 7.03841694177
10.900 1.6835 7.04488013456
10.910 1.6818 7.05134332734
10.920 1.6800 7.05780652013
10.930 1.6783 7.06426971291
10.940 1.6765 7.07073290569
10.950 1.6748 7.07719609848
10.960 1.6731 7.08365929126
10.970 1.6713 7.09012248405
10.980 1.6696 7.09658567683
10.990 1.6679 7.10304886961
11.000 1.6662 7.1095120624
11.010 1.6645 7.11597525518
11.020 1.6628 7.12243844797
11.030 1.6610 7.12890164075
11.040 1.6593 7.13536483353
11.050 1.6576 7.14182802632
11.060 1.6559 7.1482912191
11.070 1.6542 7.15475441189
11.080 1.6526 7.16121760467
11.090 1.6509 7.16768079745
11.100 1.6492 7.17414399024
11.110 1.6475 7.18060718302
11.120 1.6458 7.18707037581
11.130 1.6441 7.19353356859
11.140 1.6425 7.19999676137
11.150 1.6408 7.20645995416
11.160 1.6391 7.21292314694
11.170 1.6375 7.21938633973
11.180 1.6358 7.22584953251
11.190 1.6341 7.23231272529
11.200 1.6325 7.23877591808
11.210 1.6308 7.24523911086
11.220 1.6292 7.25170230365
11.230 1.6275 7.25816549643
11.240 1.6259 7.26462868921
11.250 1.6242 7.271091882
11.260 1.6226 7.27755507478
11.270 1.6209 7.28401826757
11.280 1.6193 7.29048146035
11.290 1.6177 7.29694465313
11.300 1.6161 7.30340784592
11.310 1.6144 7.3098710387
11.320 1.6128 7.31633423149
11.330 1.6112 7.32279742427
11.340 1.6096 7.32926061705
11.350 1.6080 7.33572380984
11.360 1.6063 7.34218700262
11.370 1.6047 7.34865019541
11.380 1.6031 7.35511338819
11.390 1.6015 7.36157658097
11.400 1.5999 7.36803977376
11.410 1.5983 7.37450296654
11.420 1.5967 7.38096615933
11.430 1.5951 7.38742935211
11.440 1.5935 7.39389254489
11.450 1.5920 7.40035573768
11.460 1.5904 7.40681893046
11.470 1.5888 7.41328212325
11.480 1.5872 7.41974531603
11.490 1.5856 7.42620850881
11.500 1.5841 7.4326717016
11.510 1.5825 7.43913489438
11.520 1.5809 7.44559808717
11.530 1.5794 7.45206127995
11.540 1.5778 7.45852447273
11.550 1.5762 7.46498766552
11.560 1.5747 7.4714508583
11.570 1.5731 7.47791405109
11.580 1.5716 7.48437724387
11.590 1.5700 7.49084043665
11.600 1.5685 7.49730362944
11.610 1.5669 7.50376682222
11.620 1.5654 7.51023001501
11.630 1.5638 7.51669320779
11.640 1.5623 7.52315640057
11.650 1.5608 7.52961959336
11.660 1.5592 7.53608278614
11.670 1.5577 7.54254597893
11.680 1.5562 7.54900917171
11.690 1.5547 7.55547236449
11.700 1.5531 7.56193555728
11.710 1.5516 7.56839875006
11.720 1.5501 7.57486194285
11.730 1.5486 7.58132513563
11.740 1.5471 7.58778832841
11.750 1.5456 7.5942515212
11.760 1.5441 7.60071471398
11.770 1.5426 7.60717790677
11.780 1.5411 7.61364109955
11.790 1.5396 7.62010429233
11.800 1.5381 7.62656748512
11.810 1.5366 7.6330306779
11.820 1.5351 7.63949387069
11.830 1.5336 7.64595706347
11.840 1.5321 7.65242025625
11.850 1.5306 7.65888344904
11.860 1.5292 7.66534664182
11.870 1.5277 7.67180983461
11.880 1.5262 7.67827302739
11.890 1.5247 7.68473622017
11.900 1.5233 7.69119941296
11.910 1.5218 7.69766260574
11.920 1.5203 7.70412579853
11.930 1.5189 7.71058899131
11.940 1.5174 7.71705218409
11.950 1.5159 7.72351537688
11.960 1.5145 7.72997856966
11.970 1.5130 7.73644176245
11.980 1.5116 7.74290495523
11.990 1.5101 7.74936814801
12.000 1.5087 7.7558313408
12.010 1.5072 7.76229453358
12.020 1.5058 7.76875772637
12.030 1.5043 7.77522091915
12.040 1.5029 7.78168411193
12.050 1.5015 7.78814730472
12.060 1.5000 7.7946104975
12.070 1.4986 7.80107369029
12.080 1.4972 7.80753688307
12.090 1.4958 7.81400007585
12.100 1.4943 7.82046326864
12.110 1.4929 7.82692646142
12.120 1.4915 7.83338965421
12.130 1.4901 7.83985284699
12.140 1.4887 7.84631603977
12.150 1.4872 7.85277923256
12.160 1.4858 7.85924242534
12.170 1.4844 7.86570561813
12.180 1.4830 7.87216881091
12.190 1.4816 7.87863200369
12.200 1.4802 7.88509519648
12.210 1.4788 7.89155838926
12.220 1.4774 7.89802158205
12.230 1.4760 7.90448477483
12.240 1.4746 7.91094796761
12.250 1.4732 7.9174111604
12.260 1.4719 7.92387435318
12.270 1.4705 7.93033754597
12.280 1.4691 7.93680073875
12.290 1.4677 7.94326393153
12.300 1.4663 7.94972712432
12.310 1.4650 7.9561903171
12.320 1.4636 7.96265350989
12.330 1.4622 7.96911670267
12.340 1.4608 7.97557989545
12.350 1.4595 7.98204308824
12.360 1.4581 7.98850628102
12.370 1.4567 7.99496947381
12.380 1.4554 8.00143266659
12.390 1.4540 8.00789585937
12.400 1.4527 8.01435905216
12.410 1.4513 8.02082224494
12.420 1.4500 8.02728543773
12.430 1.4486 8.03374863051
12.440 1.4473 8.04021182329
12.450 1.4459 8.04667501608
12.460 1.4446 8.05313820886
12.470 1.4432 8.05960140165
12.480 1.4419 8.06606459443
12.490 1.4405 8.07252778721
12.500 1.4392 8.07899098
12.510 1.4379 8.08545417278
12.520 1.4365 8.09191736557
12.530 1.4352 8.09838055835
12.540 1.4339 8.10484375113
12.550 1.4326 8.11130694392
12.560 1.4312 8.1177701367
12.570 1.4299 8.12423332949
12.580 1.4286 8.13069652227
12.590 1.4273 8.13715971505
12.600 1.4260 8.14362290784
12.610 1.4246 8.15008610062
12.620 1.4233 8.15654929341
12.630 1.4220 8.16301248619
12.640 1.4207 8.16947567897
12.650 1.4194 8.17593887176
12.660 1.4181 8.18240206454
12.670 1.4168 8.18886525733
12.680 1.4155 8.19532845011
12.690 1.4142 8.20179164289
12.700 1.4129 8.20825483568
12.710 1.4116 8.21471802846
12.720 1.4103 8.22118122125
12.730 1.4090 8.22764441403
12.740 1.4078 8.23410760681
12.750 1.4065 8.2405707996
12.760 1.4052 8.24703399238
12.770 1.4039 8.25349718517
12.780 1.4026 8.25996037795
12.790 1.4014 8.26642357073
12.800 1.4001 8.27288676352
12.810 1.3988 8.2793499563
12.820 1.3975 8.28581314909
12.830 1.3963 8.29227634187
12.840 1.3950 8.29873953465
12.850 1.3937 8.30520272744
12.860 1.3925 8.31166592022
12.870 1.3912 8.31812911301
12.880 1.3899 8.32459230579
12.890 1.3887 8.33105549857
12.900 1.3874 8.33751869136
12.910 1.3862 8.34398188414
12.920 1.3849 8.35044507693
12.930 1.3837 8.35690826971
12.940 1.3824 8.36337146249
12.950 1.3812 8.36983465528
12.960 1.3799 8.37629784806
12.970 1.3787 8.38276104085
12.980 1.3774 8.38922423363
12.990 1.3762 8.39568742641
13.000 1.3750 8.4021506192
13.010 1.3737 8.40861381198
13.020 1.3725 8.41507700477
13.030 1.3713 8.42154019755
13.040 1.3700 8.42800339033
13.050 1.3688 8.43446658312
13.060 1.3676 8.4409297759
13.070 1.3664 8.44739296869
13.080 1.3651 8.45385616147
13.090 1.3639 8.46031935425
13.100 1.3627 8.46678254704
13.110 1.3615 8.47324573982
13.120 1.3603 8.47970893261
13.130 1.3590 8.48617212539
13.140 1.3578 8.49263531817
13.150 1.3566 8.49909851096
13.160 1.3554 8.50556170374
13.170 1.3542 8.51202489653
13.180 1.3530 8.51848808931
13.190 1.3518 8.52495128209
13.200 1.3506 8.53141447488
13.210 1.3494 8.53787766766
13.220 1.3482 8.54434086045
13.230 1.3470 8.55080405323
13.240 1.3458 8.55726724601
13.250 1.3446 8.5637304388
13.260 1.3434 8.57019363158
13.270 1.3422 8.57665682437
13.280 1.3411 8.58312001715
13.290 1.3399 8.58958320993
13.300 1.3387 8.59604640272
13.310 1.3375 8.6025095955
13.320 1.3363 8.60897278829
13.330 1.3352 8.61543598107
13.340 1.3340 8.62189917385
13.350 1.3328 8.62836236664
13.360 1.3316 8.63482555942
13.370 1.3305 8.64128875221
13.380 1.3293 8.64775194499
13.390 1.3281 8.65421513777
13.400 1.3270 8.66067833056
13.410 1.3258 8.66714152334
13.420 1.3246 8.67360471613
13.430 1.3235 8.68006790891
13.440 1.3223 8.68653110169
13.450 1.3211 8.69299429448
13.460 1.3200 8.69945748726
13.470 1.3188 8.70592068005
13.480 1.3177 8.71238387283
13.490 1.3165 8.71884706561
13.500 1.3154 8.7253102584
13.510 1.3142 8.73177345118
13.520 1.3131 8.73823664397
13.530 1.3119 8.74469983675
13.540 1.3108 8.75116302953
13.550 1.3097 8.75762622232
13.560 1.3085 8.7640894151
13.570 1.3074 8.77055260789
13.580 1.3062 8.77701580067
13.590 1.3051 8.78347899345
13.600 1.3040 8.78994218624
13.610 1.3028 8.79640537902
13.620 1.3017 8.80286857181
13.630 1.3006 8.80933176459
13.640 1.2995 8.81579495737
13.650 1.2983 8.82225815016
13.660 1.2972 8.82872134294
13.670 1.2961 8.83518453573
13.680 1.2950 8.84164772851
13.690 1.2938 8.84811092129
13.700 1.2927 8.85457411408
13.710 1.2916 8.86103730686
13.720 1.2905 8.86750049965
13.730 1.2894 8.87396369243
13.740 1.2883 8.88042688521
13.750 1.2872 8.886890078
13.760 1.2861 8.89335327078
13.770 1.2850 8.89981646357
13.780 1.2838 8.90627965635
13.790 1.2827 8.91274284913
13.800 1.2816 8.91920604192
13.810 1.2805 8.9256692347
13.820 1.2794 8.93213242749
13.830 1.2783 8.93859562027
13.840 1.2773 8.94505881305
13.850 1.2762 8.95152200584
13.860 1.2751 8.95798519862
13.870 1.2740 8.96444839141
13.880 1.2729 8.97091158419
13.890 1.2718 8.97737477697
13.900 1.2707 8.98383796976
13.910 1.2696 8.99030116254
13.920 1.2685 8.99676435533
13.930 1.2675 9.00322754811
13.940 1.2664 9.00969074089
13.950 1.2653 9.01615393368
13.960 1.2642 9.02261712646
13.970 1.2632 9.02908031925
13.980 1.2621 9.03554351203
13.990 1.2610 9.04200670481
14.000 1.2599 9.0484698976
14.010 1.2589 9.05493309038
14.020 1.2578 9.06139628317
14.030 1.2567 9.06785947595
14.040 1.2557 9.07432266873
14.050 1.2546 9.08078586152
14.060 1.2535 9.0872490543
14.070 1.2525 9.09371224709
14.080 1.2514 9.10017543987
14.090 1.2504 9.10663863265
14.100 1.2493 9.11310182544
14.110 1.2482 9.11956501822
14.120 1.2472 9.12602821101
14.130 1.2461 9.13249140379
14.140 1.2451 9.13895459657
14.150 1.2440 9.14541778936
14.160 1.2430 9.15188098214
14.170 1.2419 9.15834417493
14.180 1.2409 9.16480736771
14.190 1.2399 9.17127056049
14.200 1.2388 9.17773375328
14.210 1.2378 9.18419694606
14.220 1.2367 9.19066013885
14.230 1.2357 9.19712333163
14.240 1.2347 9.20358652441
14.250 1.2336 9.2100497172
14.260 1.2326 9.21651290998
14.270 1.2316 9.22297610277
14.280 1.2305 9.22943929555
14.290 1.2295 9.23590248833
14.300 1.2285 9.24236568112
14.310 1.2274 9.2488288739
14.320 1.2264 9.25529206669
14.330 1.2254 9.26175525947
14.340 1.2244 9.26821845225
14.350 1.2234 9.27468164504
14.360 1.2223 9.28114483782
14.370 1.2213 9.28760803061
14.380 1.2203 9.29407122339
14.390 1.2193 9.30053441617
14.400 1.2183 9.30699760896
14.410 1.2173 9.31346080174
14.420 1.2162 9.31992399453
14.430 1.2152 9.32638718731
14.440 1.2142 9.33285038009
14.450 1.2132 9.33931357288
14.460 1.2122 9.34577676566
14.470 1.2112 9.35223995845
14.480 1.2102 9.35870315123
14.490 1.2092 9.36516634401
14.500 1.2082 9.3716295368
14.510 1.2072 9.37809272958
14.520 1.2062 9.38455592237
14.530 1.2052 9.39101911515
14.540 1.2042 9.39748230793
14.550 1.2032 9.40394550072
14.560 1.2022 9.4104086935
14.570 1.2012 9.41687188629
14.580 1.2002 9.42333507907
14.590 1.1993 9.42979827185
14.600 1.1983 9.43626146464
14.610 1.1973 9.44272465742
14.620 1.1963 9.44918785021
14.630 1.1953 9.45565104299
14.640 1.1943 9.46211423577
14.650 1.1933 9.46857742856
14.660 1.1924 9.47504062134
14.670 1.1914 9.48150381413
14.680 1.1904 9.48796700691
14.690 1.1894 9.49443019969
14.700 1.1885 9.50089339248
14.710 1.1875 9.50735658526
14.720 1.1865 9.51381977805
14.730 1.1855 9.52028297083
14.740 1.1846 9.52674616361
14.750 1.1836 9.5332093564
14.760 1.1826 9.53967254918
14.770 1.1817 9.54613574197
14.780 1.1807 9.55259893475
14.790 1.1797 9.55906212753
14.800 1.1788 9.56552532032
14.810 1.1778 9.5719885131
14.820 1.1769 9.57845170589
14.830 1.1759 9.58491489867
14.840 1.1749 9.59137809145
14.850 1.1740 9.59784128424
14.860 1.1730 9.60430447702
14.870 1.1721 9.61076766981
14.880 1.1711 9.61723086259
14.890 1.1702 9.62369405537
14.900 1.1692 9.63015724816
14.910 1.1683 9.63662044094
14.920 1.1673 9.64308363373
14.930 1.1664 9.64954682651
14.940 1.1654 9.65601001929
14.950 1.1645 9.66247321208
14.960 1.1636 9.66893640486
14.970 1.1626 9.67539959765
14.980 1.1617 9.68186279043
14.990 1.1607 9.68832598321
15.000 1.1598 9.694789176
15.100 1.1505 9.75942110384
15.110 1.1496 9.76588429662
15.120 1.1486 9.77234748941
15.130 1.1477 9.77881068219
15.140 1.1468 9.78527387497
15.150 1.1459 9.79173706776
15.160 1.1450 9.79820026054
15.170 1.1440 9.80466345333
15.180 1.1431 9.81112664611
15.190 1.1422 9.81758983889
15.200 1.1413 9.82405303168
15.210 1.1404 9.83051622446
15.220 1.1395 9.83697941725
15.230 1.1386 9.84344261003
15.240 1.1377 9.84990580281
15.250 1.1367 9.8563689956
15.260 1.1358 9.86283218838
15.270 1.1349 9.86929538117
15.280 1.1340 9.87575857395
15.290 1.1331 9.88222176673
15.300 1.1322 9.88868495952
15.310 1.1313 9.8951481523
15.320 1.1304 9.90161134509
15.330 1.1295 9.90807453787
15.340 1.1286 9.91453773065
15.350 1.1277 9.92100092344
15.360 1.1268 9.92746411622
15.370 1.1259 9.93392730901
15.380 1.1250 9.94039050179
15.390 1.1241 9.94685369457
15.400 1.1233 9.95331688736
15.410 1.1224 9.95978008014
15.420 1.1215 9.96624327293
15.430 1.1206 9.97270646571
15.440 1.1197 9.97916965849
15.450 1.1188 9.98563285128
15.460 1.1179 9.99209604406
15.470 1.1170 9.99855923685
15.480 1.1162 10.0050224296
15.490 1.1153 10.0114856224
15.500 1.1144 10.0179488152
15.510 1.1135 10.024412008
15.520 1.1126 10.0308752008
15.530 1.1118 10.0373383935
15.540 1.1109 10.0438015863
15.550 1.1100 10.0502647791
15.560 1.1091 10.0567279719
15.570 1.1083 10.0631911647
15.580 1.1074 10.0696543575
15.590 1.1065 10.0761175503
15.600 1.1057 10.082580743
15.610 1.1048 10.0890439358
15.620 1.1039 10.0955071286
15.630 1.1031 10.1019703214
15.640 1.1022 10.1084335142
15.650 1.1013 10.114896707
15.660 1.1005 10.1213598997
15.670 1.0996 10.1278230925
15.680 1.0987 10.1342862853
15.690 1.0979 10.1407494781
15.700 1.0970 10.1472126709
15.710 1.0962 10.1536758637
15.720 1.0953 10.1601390564
15.730 1.0945 10.1666022492
15.740 1.0936 10.173065442
15.750 1.0927 10.1795286348
15.760 1.0919 10.1859918276
15.770 1.0910 10.1924550204
15.780 1.0902 10.1989182131
15.790 1.0893 10.2053814059
15.800 1.0885 10.2118445987
15.810 1.0876 10.2183077915
15.820 1.0868 10.2247709843
15.830 1.0860 10.2312341771
15.840 1.0851 10.2376973699
15.850 1.0843 10.2441605626
15.860 1.0834 10.2506237554
15.870 1.0826 10.2570869482
15.880 1.0817 10.263550141
15.890 1.0809 10.2700133338
15.900 1.0801 10.2764765266
15.910 1.0792 10.2829397193
15.920 1.0784 10.2894029121
15.930 1.0776 10.2958661049
15.940 1.0767 10.3023292977
15.950 1.0759 10.3087924905
15.960 1.0751 10.3152556833
15.970 1.0742 10.321718876
15.980 1.0734 10.3281820688
15.990 1.0726 10.3346452616
16.000 1.0717 10.3411084544
16.010 1.0709 10.3475716472
16.020 1.0701 10.35403484
16.030 1.0693 10.3604980327
16.040 1.0684 10.3669612255
16.050 1.0676 10.3734244183
16.060 1.0668 10.3798876111
16.070 1.0660 10.3863508039
16.080 1.0651 10.3928139967
16.090 1.0643 10.3992771895
16.100 1.0635 10.4057403822
16.110 1.0627 10.412203575
16.120 1.0619 10.4186667678
16.130 1.0610 10.4251299606
16.140 1.0602 10.4315931534
16.150 1.0594 10.4380563462
16.160 1.0586 10.4445195389
16.170 1.0578 10.4509827317
16.180 1.0570 10.4574459245
16.190 1.0562 10.4639091173
16.200 1.0554 10.4703723101
16.210 1.0546 10.4768355029
16.220 1.0537 10.4832986956
16.230 1.0529 10.4897618884
16.240 1.0521 10.4962250812
16.250 1.0513 10.502688274
16.260 1.0505 10.5091514668
16.270 1.0497 10.5156146596
16.280 1.0489 10.5220778523
16.290 1.0481 10.5285410451
16.300 1.0473 10.5350042379
16.310 1.0465 10.5414674307
16.320 1.0457 10.5479306235
16.330 1.0449 10.5543938163
16.340 1.0441 10.5608570091
16.350 1.0433 10.5673202018
16.360 1.0425 10.5737833946
16.370 1.0418 10.5802465874
16.380 1.0410 10.5867097802
16.390 1.0402 10.593172973
16.400 1.0394 10.5996361658
16.410 1.0386 10.6060993585
16.420 1.0378 10.6125625513
16.430 1.0370 10.6190257441
16.440 1.0362 10.6254889369
16.450 1.0354 10.6319521297
16.460 1.0347 10.6384153225
16.470 1.0339 10.6448785152
16.480 1.0331 10.651341708
16.490 1.0323 10.6578049008
16.500 1.0315 10.6642680936
16.510 1.0307 10.6707312864
16.520 1.0300 10.6771944792
16.530 1.0292 10.6836576719
16.540 1.0284 10.6901208647
16.550 1.0276 10.6965840575
16.560 1.0269 10.7030472503
16.570 1.0261 10.7095104431
16.580 1.0253 10.7159736359
16.590 1.0245 10.7224368287
16.600 1.0238 10.7289000214
16.610 1.0230 10.7353632142
16.620 1.0222 10.741826407
16.630 1.0214 10.7482895998
16.640 1.0207 10.7547527926
16.650 1.0199 10.7612159854
16.660 1.0191 10.7676791781
16.670 1.0184 10.7741423709
16.680 1.0176 10.7806055637
16.690 1.0168 10.7870687565
16.700 1.0161 10.7935319493
16.710 1.0153 10.7999951421
16.720 1.0146 10.8064583348
16.730 1.0138 10.8129215276
16.740 1.0130 10.8193847204
16.750 1.0123 10.8258479132
16.760 1.0115 10.832311106
16.770 1.0108 10.8387742988
16.780 1.0100 10.8452374915
16.790 1.0092 10.8517006843
16.800 1.0085 10.8581638771
16.810 1.0077 10.8646270699
16.820 1.0070 10.8710902627
16.830 1.0062 10.8775534555
16.840 1.0055 10.8840166483
16.850 1.0047 10.890479841
16.860 1.0040 10.8969430338
16.870 1.0032 10.9034062266
16.880 1.0025 10.9098694194
16.890 1.0017 10.9163326122
16.900 1.0010 10.922795805
16.910 1.0002 10.9292589977
16.920 0.99949 10.9357221905
16.930 0.99875 10.9421853833
16.940 0.99800 10.9486485761
16.950 0.99726 10.9551117689
16.960 0.99652 10.9615749617
16.970 0.99578 10.9680381544
16.980 0.99504 10.9745013472
16.990 0.99430 10.98096454
17.000 0.99356 10.9874277328
17.010 0.99282 10.9938909256
17.020 0.99208 11.0003541184
17.030 0.99135 11.0068173111
17.040 0.99061 11.0132805039
17.050 0.98988 11.0197436967
17.060 0.98914 11.0262068895
17.070 0.98841 11.0326700823
17.080 0.98768 11.0391332751
17.090 0.98695 11.0455964679
17.100 0.98622 11.0520596606
17.110 0.98549 11.0585228534
17.120 0.98476 11.0649860462
17.130 0.98403 11.071449239
17.140 0.98330 11.0779124318
17.150 0.98258 11.0843756246
17.160 0.98185 11.0908388173
17.170 0.98113 11.0973020101
17.180 0.98040 11.1037652029
17.190 0.97968 11.1102283957
17.200 0.97896 11.1166915885
17.210 0.97823 11.1231547813
17.220 0.97751 11.129617974
17.230 0.97679 11.1360811668
17.240 0.97607 11.1425443596
17.250 0.97535 11.1490075524
17.260 0.97464 11.1554707452
17.270 0.97392 11.161933938
17.280 0.97320 11.1683971307
17.290 0.97249 11.1748603235
17.300 0.97177 11.1813235163
17.310 0.97106 11.1877867091
17.320 0.97035 11.1942499019
17.330 0.96963 11.2007130947
17.340 0.96892 11.2071762875
17.350 0.96821 11.2136394802
17.360 0.96750 11.220102673
17.370 0.96679 11.2265658658
17.380 0.96608 11.2330290586
17.390 0.96537 11.2394922514
17.400 0.96467 11.2459554442
17.410 0.96396 11.2524186369
17.420 0.96326 11.2588818297
17.430 0.96255 11.2653450225
17.440 0.96185 11.2718082153
17.450 0.96114 11.2782714081
17.460 0.96044 11.2847346009
17.470 0.95974 11.2911977936
17.480 0.95904 11.2976609864
17.490 0.95834 11.3041241792
17.500 0.95764 11.310587372
17.510 0.95694 11.3170505648
17.520 0.95624 11.3235137576
17.530 0.95554 11.3299769503
17.540 0.95485 11.3364401431
17.550 0.95415 11.3429033359
17.560 0.95346 11.3493665287
17.570 0.95276 11.3558297215
17.580 0.95207 11.3622929143
17.590 0.95138 11.3687561071
17.600 0.95068 11.3752192998
17.610 0.94999 11.3816824926
17.620 0.94930 11.3881456854
17.630 0.94861 11.3946088782
17.640 0.94792 11.401072071
17.650 0.94723 11.4075352638
17.660 0.94655 11.4139984565
17.670 0.94586 11.4204616493
17.680 0.94517 11.4269248421
17.690 0.94449 11.4333880349
17.700 0.94380 11.4398512277
17.710 0.94312 11.4463144205
17.720 0.94243 11.4527776132
17.730 0.94175 11.459240806
17.740 0.94107 11.4657039988
17.750 0.94039 11.4721671916
17.760 0.93971 11.4786303844
17.770 0.93903 11.4850935772
17.780 0.93835 11.4915567699
17.790 0.93767 11.4980199627
17.800 0.93699 11.5044831555
17.810 0.93632 11.5109463483
17.820 0.93564 11.5174095411
17.830 0.93496 11.5238727339
17.840 0.93429 11.5303359267
17.850 0.93361 11.5367991194
17.860 0.93294 11.5432623122
17.870 0.93227 11.549725505
17.880 0.93160 11.5561886978
17.890 0.93093 11.5626518906
17.900 0.93025 11.5691150834
17.910 0.92958 11.5755782761
17.920 0.92892 11.5820414689
17.930 0.92825 11.5885046617
17.940 0.92758 11.5949678545
17.950 0.92691 11.6014310473
17.960 0.92624 11.6078942401
17.970 0.92558 11.6143574328
17.980 0.92491 11.6208206256
17.990 0.92425 11.6272838184
18.000 0.92359 11.6337470112
18.010 0.92292 11.640210204
18.020 0.92226 11.6466733968
18.030 0.92160 11.6531365895
18.040 0.92094 11.6595997823
18.050 0.92028 11.6660629751
18.060 0.91962 11.6725261679
18.070 0.91896 11.6789893607
18.080 0.91830 11.6854525535
18.090 0.91764 11.6919157463
18.100 0.91698 11.698378939
18.110 0.91633 11.7048421318
18.120 0.91567 11.7113053246
18.130 0.91502 11.7177685174
18.140 0.91436 11.7242317102
18.150 0.91371 11.730694903
18.160 0.91306 11.7371580957
18.170 0.91240 11.7436212885
18.180 0.91175 11.7500844813
18.190 0.91110 11.7565476741
18.200 0.91045 11.7630108669
18.210 0.90980 11.7694740597
18.220 0.90915 11.7759372524
18.230 0.90850 11.7824004452
18.240 0.90786 11.788863638
18.250 0.90721 11.7953268308
18.260 0.90656 11.8017900236
18.270 0.90592 11.8082532164
18.280 0.90527 11.8147164091
18.290 0.90463 11.8211796019
18.300 0.90398 11.8276427947
18.310 0.90334 11.8341059875
18.320 0.90270 11.8405691803
18.330 0.90206 11.8470323731
18.340 0.90141 11.8534955659
18.350 0.90077 11.8599587586
18.360 0.90013 11.8664219514
18.370 0.89949 11.8728851442
18.380 0.89886 11.879348337
18.390 0.89822 11.8858115298
18.400 0.89758 11.8922747226
18.410 0.89694 11.8987379153
18.420 0.89631 11.9052011081
18.430 0.89567 11.9116643009
18.440 0.89504 11.9181274937
18.450 0.89440 11.9245906865
18.460 0.89377 11.9310538793
18.470 0.89314 11.937517072
18.480 0.89250 11.9439802648
18.490 0.89187 11.9504434576
18.500 0.89124 11.9569066504
18.510 0.89061 11.9633698432
18.520 0.88998 11.969833036
18.530 0.88935 11.9762962287
18.540 0.88872 11.9827594215
18.550 0.88809 11.9892226143
18.560 0.88747 11.9956858071
18.570 0.88684 12.0021489999
18.580 0.88621 12.0086121927
18.590 0.88559 12.0150753855
18.600 0.88496 12.0215385782
18.610 0.88434 12.028001771
18.620 0.88372 12.0344649638
18.630 0.88309 12.0409281566
18.640 0.88247 12.0473913494
18.650 0.88185 12.0538545422
18.660 0.88123 12.0603177349
18.670 0.88061 12.0667809277
18.680 0.87999 12.0732441205
18.690 0.87937 12.0797073133
18.700 0.87875 12.0861705061
18.710 0.87813 12.0926336989
18.720 0.87751 12.0990968916
18.730 0.87690 12.1055600844
18.740 0.87628 12.1120232772
18.750 0.87566 12.11848647
18.760 0.87505 12.1249496628
18.770 0.87443 12.1314128556
18.780 0.87382 12.1378760483
18.790 0.87321 12.1443392411
18.800 0.87259 12.1508024339
18.810 0.87198 12.1572656267
18.820 0.87137 12.1637288195
18.830 0.87076 12.1701920123
18.840 0.87015 12.1766552051
18.850 0.86954 12.1831183978
18.860 0.86893 12.1895815906
18.870 0.86832 12.1960447834
18.880 0.86771 12.2025079762
18.890 0.86711 12.208971169
18.900 0.86650 12.2154343618
18.910 0.86589 12.2218975545
18.920 0.86529 12.2283607473
18.930 0.86468 12.2348239401
18.940 0.86408 12.2412871329
18.950 0.86347 12.2477503257
18.960 0.86287 12.2542135185
18.970 0.86227 12.2606767112
18.980 0.86167 12.267139904
18.990 0.86106 12.2736030968
19.000 0.86046 12.2800662896
19.010 0.85986 12.2865294824
19.020 0.85926 12.2929926752
19.030 0.85866 12.2994558679
19.040 0.85806 12.3059190607
19.050 0.85747 12.3123822535
19.060 0.85687 12.3188454463
19.070 0.85627 12.3253086391
19.080 0.85567 12.3317718319
19.090 0.85508 12.3382350247
19.100 0.85448 12.3446982174
19.110 0.85389 12.3511614102
19.120 0.85329 12.357624603
19.130 0.85270 12.3640877958
19.140 0.85211 12.3705509886
19.150 0.85152 12.3770141814
19.160 0.85092 12.3834773741
19.170 0.85033 12.3899405669
19.180 0.84974 12.3964037597
19.190 0.84915 12.4028669525
19.200 0.84856 12.4093301453
19.210 0.84797 12.4157933381
19.220 0.84738 12.4222565308
19.230 0.84679 12.4287197236
19.240 0.84621 12.4351829164
19.250 0.84562 12.4416461092
19.260 0.84503 12.448109302
19.270 0.84445 12.4545724948
19.280 0.84386 12.4610356875
19.290 0.84328 12.4674988803
19.300 0.84269 12.4739620731
19.310 0.84211 12.4804252659
19.320 0.84153 12.4868884587
19.330 0.84094 12.4933516515
19.340 0.84036 12.4998148443
19.350 0.83978 12.506278037
19.360 0.83920 12.5127412298
19.370 0.83862 12.5192044226
19.380 0.83804 12.5256676154
19.390 0.83746 12.5321308082
19.400 0.83688 12.538594001
19.410 0.83630 12.5450571937
19.420 0.83572 12.5515203865
19.430 0.83515 12.5579835793
19.440 0.83457 12.5644467721
19.450 0.83399 12.5709099649
19.460 0.83342 12.5773731577
19.470 0.83284 12.5838363504
19.480 0.83227 12.5902995432
19.490 0.83170 12.596762736
19.500 0.83112 12.6032259288
19.510 0.83055 12.6096891216
19.520 0.82998 12.6161523144
19.530 0.82940 12.6226155071
19.540 0.82883 12.6290786999
19.550 0.82826 12.6355418927
19.560 0.82769 12.6420050855
19.570 0.82712 12.6484682783
19.580 0.82655 12.6549314711
19.590 0.82598 12.6613946639
19.600 0.82542 12.6678578566
19.610 0.82485 12.6743210494
19.620 0.82428 12.6807842422
19.630 0.82371 12.687247435
19.640 0.82315 12.6937106278
19.650 0.82258 12.7001738206
19.660 0.82202 12.7066370133
19.670 0.82145 12.7131002061
19.680 0.82089 12.7195633989
19.690 0.82032 12.7260265917
19.700 0.81976 12.7324897845
19.710 0.81920 12.7389529773
19.720 0.81864 12.74541617
19.730 0.81808 12.7518793628
19.740 0.81751 12.7583425556
19.750 0.81695 12.7648057484
19.760 0.81639 12.7712689412
19.770 0.81583 12.777732134
19.780 0.81527 12.7841953267
19.790 0.81472 12.7906585195
19.800 0.81416 12.7971217123
19.810 0.81360 12.8035849051
19.820 0.81304 12.8100480979
19.830 0.81249 12.8165112907
19.840 0.81193 12.8229744835
19.850 0.81138 12.8294376762
19.860 0.81082 12.835900869
19.870 0.81027 12.8423640618
19.880 0.80971 12.8488272546
19.890 0.80916 12.8552904474
19.900 0.80861 12.8617536402
19.910 0.80805 12.8682168329
19.920 0.80750 12.8746800257
19.930 0.80695 12.8811432185
19.940 0.80640 12.8876064113
19.950 0.80585 12.8940696041
19.960 0.80530 12.9005327969
19.970 0.80475 12.9069959896
19.980 0.80420 12.9134591824
19.990 0.80365 12.9199223752
20.000 0.80310 12.926385568
20.100 0.79765 12.9910174958
20.110 0.79710 12.9974806886
20.120 0.79656 13.0039438814
20.130 0.79602 13.0104070742
20.140 0.79548 13.016870267
20.150 0.79494 13.0233334598
20.160 0.79440 13.0297966525
20.170 0.79386 13.0362598453
20.180 0.79332 13.0427230381
20.190 0.79278 13.0491862309
20.200 0.79224 13.0556494237
20.210 0.79170 13.0621126165
20.220 0.79116 13.0685758092
20.230 0.79063 13.075039002
20.240 0.79009 13.0815021948
20.250 0.78955 13.0879653876
20.260 0.78902 13.0944285804
20.270 0.78848 13.1008917732
20.280 0.78795 13.1073549659
20.290 0.78741 13.1138181587
20.300 0.78688 13.1202813515
20.310 0.78635 13.1267445443
20.320 0.78581 13.1332077371
20.330 0.78528 13.1396709299
20.340 0.78475 13.1461341227
20.350 0.78422 13.1525973154
20.360 0.78368 13.1590605082
20.370 0.78315 13.165523701
20.380 0.78262 13.1719868938
20.390 0.78209 13.1784500866
20.400 0.78156 13.1849132794
20.410 0.78104 13.1913764721
20.420 0.78051 13.1978396649
20.430 0.77998 13.2043028577
20.440 0.77945 13.2107660505
20.450 0.77892 13.2172292433
20.460 0.77840 13.2236924361
20.470 0.77787 13.2301556288
20.480 0.77735 13.2366188216
20.490 0.77682 13.2430820144
20.500 0.77630 13.2495452072
20.510 0.77577 13.2560084
20.520 0.77525 13.2624715928
20.530 0.77472 13.2689347855
20.540 0.77420 13.2753979783
20.550 0.77368 13.2818611711
20.560 0.77316 13.2883243639
20.570 0.77263 13.2947875567
20.580 0.77211 13.3012507495
20.590 0.77159 13.3077139423
20.600 0.77107 13.314177135
20.610 0.77055 13.3206403278
20.620 0.77003 13.3271035206
20.630 0.76951 13.3335667134
20.640 0.76899 13.3400299062
20.650 0.76848 13.346493099
20.660 0.76796 13.3529562917
20.670 0.76744 13.3594194845
20.680 0.76692 13.3658826773
20.690 0.76641 13.3723458701
20.700 0.76589 13.3788090629
20.710 0.76538 13.3852722557
20.720 0.76486 13.3917354484
20.730 0.76435 13.3981986412
20.740 0.76383 13.404661834
20.750 0.76332 13.4111250268
20.760 0.76280 13.4175882196
20.770 0.76229 13.4240514124
20.780 0.76178 13.4305146051
20.790 0.76127 13.4369777979
20.800 0.76075 13.4434409907
20.810 0.76024 13.4499041835
20.820 0.75973 13.4563673763
20.830 0.75922 13.4628305691
20.840 0.75871 13.4692937619
20.850 0.75820 13.4757569546
20.860 0.75769 13.4822201474
20.870 0.75718 13.4886833402
20.880 0.75667 13.495146533
20.890 0.75617 13.5016097258
20.900 0.75566 13.5080729186
20.910 0.75515 13.5145361113
20.920 0.75465 13.5209993041
20.930 0.75414 13.5274624969
20.940 0.75363 13.5339256897
20.950 0.75313 13.5403888825
20.960 0.75262 13.5468520753
20.970 0.75212 13.553315268
20.980 0.75161 13.5597784608
20.990 0.75111 13.5662416536
21.000 0.75061 13.5727048464
21.010 0.75010 13.5791680392
21.020 0.74960 13.585631232
21.030 0.74910 13.5920944247
21.040 0.74860 13.5985576175
21.050 0.74810 13.6050208103
21.060 0.74759 13.6114840031
21.070 0.74709 13.6179471959
21.080 0.74659 13.6244103887
21.090 0.74609 13.6308735815
21.100 0.74559 13.6373367742
21.110 0.74510 13.643799967
21.120 0.74460 13.6502631598
21.130 0.74410 13.6567263526
21.140 0.74360 13.6631895454
21.150 0.74310 13.6696527382
21.160 0.74261 13.6761159309
21.170 0.74211 13.6825791237
21.180 0.74161 13.6890423165
21.190 0.74112 13.6955055093
21.200 0.74062 13.7019687021
21.210 0.74013 13.7084318949
21.220 0.73963 13.7148950876
21.230 0.73914 13.7213582804
21.240 0.73865 13.7278214732
21.250 0.73815 13.734284666
21.260 0.73766 13.7407478588
21.270 0.73717 13.7472110516
21.280 0.73667 13.7536742443
21.290 0.73618 13.7601374371
21.300 0.73569 13.7666006299
21.310 0.73520 13.7730638227
21.320 0.73471 13.7795270155
21.330 0.73422 13.7859902083
21.340 0.73373 13.7924534011
21.350 0.73324 13.7989165938
21.360 0.73275 13.8053797866
21.370 0.73226 13.8118429794
21.380 0.73177 13.8183061722
21.390 0.73129 13.824769365
21.400 0.73080 13.8312325578
21.410 0.73031 13.8376957505
21.420 0.72983 13.8441589433
21.430 0.72934 13.8506221361
21.440 0.72885 13.8570853289
21.450 0.72837 13.8635485217
21.460 0.72788 13.8700117145
21.470 0.72740 13.8764749072
21.480 0.72691 13.8829381
21.490 0.72643 13.8894012928
21.500 0.72594 13.8958644856
21.510 0.72546 13.9023276784
21.520 0.72498 13.9087908712
21.530 0.72450 13.9152540639
21.540 0.72401 13.9217172567
21.550 0.72353 13.9281804495
21.560 0.72305 13.9346436423
21.570 0.72257 13.9411068351
21.580 0.72209 13.9475700279
21.590 0.72161 13.9540332207
21.600 0.72113 13.9604964134
21.610 0.72065 13.9669596062
21.620 0.72017 13.973422799
21.630 0.71969 13.9798859918
21.640 0.71921 13.9863491846
21.650 0.71873 13.9928123774
21.660 0.71826 13.9992755701
21.670 0.71778 14.0057387629
21.680 0.71730 14.0122019557
21.690 0.71683 14.0186651485
21.700 0.71635 14.0251283413
21.710 0.71587 14.0315915341
21.720 0.71540 14.0380547268
21.730 0.71492 14.0445179196
21.740 0.71445 14.0509811124
21.750 0.71397 14.0574443052
21.760 0.71350 14.063907498
21.770 0.71303 14.0703706908
21.780 0.71255 14.0768338835
21.790 0.71208 14.0832970763
21.800 0.71161 14.0897602691
21.810 0.71113 14.0962234619
21.820 0.71066 14.1026866547
21.830 0.71019 14.1091498475
21.840 0.70972 14.1156130403
21.850 0.70925 14.122076233
21.860 0.70878 14.1285394258
21.870 0.70831 14.1350026186
21.880 0.70784 14.1414658114
21.890 0.70737 14.1479290042
21.900 0.70690 14.154392197
21.910 0.70643 14.1608553897
21.920 0.70596 14.1673185825
21.930 0.70549 14.1737817753
21.940 0.70503 14.1802449681
21.950 0.70456 14.1867081609
21.960 0.70409 14.1931713537
21.970 0.70363 14.1996345464
21.980 0.70316 14.2060977392
21.990 0.70269 14.212560932
22.000 0.70223 14.2190241248
22.010 0.70176 14.2254873176
22.020 0.70130 14.2319505104
22.030 0.70083 14.2384137031
22.040 0.70037 14.2448768959
22.050 0.69990 14.2513400887
22.060 0.69944 14.2578032815
22.070 0.69898 14.2642664743
22.080 0.69852 14.2707296671
22.090 0.69805 14.2771928599
22.100 0.69759 14.2836560526
22.110 0.69713 14.2901192454
22.120 0.69667 14.2965824382
22.130 0.69621 14.303045631
22.140 0.69575 14.3095088238
22.150 0.69528 14.3159720166
22.160 0.69482 14.3224352093
22.170 0.69436 14.3288984021
22.180 0.69391 14.3353615949
22.190 0.69345 14.3418247877
22.200 0.69299 14.3482879805
22.210 0.69253 14.3547511733
22.220 0.69207 14.361214366
22.230 0.69161 14.3676775588
22.240 0.69116 14.3741407516
22.250 0.69070 14.3806039444
22.260 0.69024 14.3870671372
22.270 0.68979 14.39353033
22.280 0.68933 14.3999935227
22.290 0.68887 14.4064567155
22.300 0.68842 14.4129199083
22.310 0.68796 14.4193831011
22.320 0.68751 14.4258462939
22.330 0.68705 14.4323094867
22.340 0.68660 14.4387726795
22.350 0.68615 14.4452358722
22.360 0.68569 14.451699065
22.370 0.68524 14.4581622578
22.380 0.68479 14.4646254506
22.390 0.68433 14.4710886434
22.400 0.68388 14.4775518362
22.410 0.68343 14.4840150289
22.420 0.68298 14.4904782217
22.430 0.68253 14.4969414145
22.440 0.68208 14.5034046073
22.450 0.68163 14.5098678001
22.460 0.68118 14.5163309929
22.470 0.68073 14.5227941856
22.480 0.68028 14.5292573784
22.490 0.67983 14.5357205712
22.500 0.67938 14.542183764
22.510 0.67893 14.5486469568
22.520 0.67848 14.5551101496
22.530 0.67803 14.5615733423
22.540 0.67758 14.5680365351
22.550 0.67714 14.5744997279
22.560 0.67669 14.5809629207
22.570 0.67624 14.5874261135
22.580 0.67580 14.5938893063
22.590 0.67535 14.6003524991
22.600 0.67491 14.6068156918
22.610 0.67446 14.6132788846
22.620 0.67401 14.6197420774
22.630 0.67357 14.6262052702
22.640 0.67312 14.632668463
22.650 0.67268 14.6391316558
22.660 0.67224 14.6455948485
22.670 0.67179 14.6520580413
22.680 0.67135 14.6585212341
22.690 0.67091 14.6649844269
22.700 0.67046 14.6714476197
22.710 0.67002 14.6779108125
22.720 0.66958 14.6843740052
22.730 0.66914 14.690837198
22.740 0.66870 14.6973003908
22.750 0.66825 14.7037635836
22.760 0.66781 14.7102267764
22.770 0.66737 14.7166899692
22.780 0.66693 14.7231531619
22.790 0.66649 14.7296163547
22.800 0.66605 14.7360795475
22.810 0.66561 14.7425427403
22.820 0.66517 14.7490059331
22.830 0.66474 14.7554691259
22.840 0.66430 14.7619323187
22.850 0.66386 14.7683955114
22.860 0.66342 14.7748587042
22.870 0.66298 14.781321897
22.880 0.66255 14.7877850898
22.890 0.66211 14.7942482826
22.900 0.66167 14.8007114754
22.910 0.66124 14.8071746681
22.920 0.66080 14.8136378609
22.930 0.66036 14.8201010537
22.940 0.65993 14.8265642465
22.950 0.65949 14.8330274393
22.960 0.65906 14.8394906321
22.970 0.65862 14.8459538248
22.980 0.65819 14.8524170176
22.990 0.65776 14.8588802104
23.000 0.65732 14.8653434032
23.010 0.65689 14.871806596
23.020 0.65646 14.8782697888
23.030 0.65602 14.8847329815
23.040 0.65559 14.8911961743
23.050 0.65516 14.8976593671
23.060 0.65473 14.9041225599
23.070 0.65429 14.9105857527
23.080 0.65386 14.9170489455
23.090 0.65343 14.9235121383
23.100 0.65300 14.929975331
23.110 0.65257 14.9364385238
23.120 0.65214 14.9429017166
23.130 0.65171 14.9493649094
23.140 0.65128 14.9558281022
23.150 0.65085 14.962291295
23.160 0.65042 14.9687544877
23.170 0.64999 14.9752176805
23.180 0.64956 14.9816808733
23.190 0.64913 14.9881440661
23.200 0.64871 14.9946072589
23.210 0.64828 15.0010704517
23.220 0.64785 15.0075336444
23.230 0.64742 15.0139968372
23.240 0.64700 15.02046003
23.250 0.64657 15.0269232228
23.260 0.64614 15.0333864156
23.270 0.64572 15.0398496084
23.280 0.64529 15.0463128011
23.290 0.64487 15.0527759939
23.300 0.64444 15.0592391867
23.310 0.64402 15.0657023795
23.320 0.64359 15.0721655723
23.330 0.64317 15.0786287651
23.340 0.64274 15.0850919579
23.350 0.64232 15.0915551506
23.360 0.64190 15.0980183434
23.370 0.64147 15.1044815362
23.380 0.64105 15.110944729
23.390 0.64063 15.1174079218
23.400 0.64020 15.1238711146
23.410 0.63978 15.1303343073
23.420 0.63936 15.1367975001
23.430 0.63894 15.1432606929
23.440 0.63852 15.1497238857
23.450 0.63809 15.1561870785
23.460 0.63767 15.1626502713
23.470 0.63725 15.169113464
23.480 0.63683 15.1755766568
23.490 0.63641 15.1820398496
23.500 0.63599 15.1885030424
23.510 0.63557 15.1949662352
23.520 0.63515 15.201429428
23.530 0.63473 15.2078926207
23.540 0.63431 15.2143558135
23.550 0.63390 15.2208190063
23.560 0.63348 15.2272821991
23.570 0.63306 15.2337453919
23.580 0.63264 15.2402085847
23.590 0.63222 15.2466717775
23.600 0.63181 15.2531349702
23.610 0.63139 15.259598163
23.620 0.63097 15.2660613558
23.630 0.63056 15.2725245486
23.640 0.63014 15.2789877414
23.650 0.62972 15.2854509342
23.660 0.62931 15.2919141269
23.670 0.62889 15.2983773197
23.680 0.62848 15.3048405125
23.690 0.62806 15.3113037053
23.700 0.62765 15.3177668981
23.710 0.62723 15.3242300909
23.720 0.62682 15.3306932836
23.730 0.62641 15.3371564764
23.740 0.62599 15.3436196692
23.750 0.62558 15.350082862
23.760 0.62517 15.3565460548
23.770 0.62475 15.3630092476
23.780 0.62434 15.3694724403
23.790 0.62393 15.3759356331
23.800 0.62351 15.3823988259
23.810 0.62310 15.3888620187
23.820 0.62269 15.3953252115
23.830 0.62228 15.4017884043
23.840 0.62187 15.4082515971
23.850 0.62146 15.4147147898
23.860 0.62105 15.4211779826
23.870 0.62064 15.4276411754
23.880 0.62023 15.4341043682
23.890 0.61982 15.440567561
23.900 0.61941 15.4470307538
23.910 0.61900 15.4534939465
23.912 0.61892 15.4547865851
23.912 0.058735 15.4547865851
23.920 0.058734 15.4599571393
23.930 0.058733 15.4664203321
23.940 0.058733 15.4728835249
23.950 0.058732 15.4793467177
23.960 0.058731 15.4858099105
23.970 0.058731 15.4922731032
23.980 0.058730 15.498736296
23.990 0.058729 15.5051994888
24.000 0.058729 15.5116626816
24.010 0.058728 15.5181258744
24.020 0.058727 15.5245890672
24.030 0.058727 15.5310522599
24.040 0.058726 15.5375154527
24.050 0.058725 15.5439786455
24.060 0.058725 15.5504418383
24.070 0.058724 15.5569050311
24.080 0.058723 15.5633682239
24.090 0.058723 15.5698314167
24.100 0.058722 15.5762946094
24.110 0.058721 15.5827578022
24.120 0.058721 15.589220995
24.130 0.058720 15.5956841878
24.140 0.058719 15.6021473806
24.150 0.058719 15.6086105734
24.160 0.058718 15.6150737661
24.170 0.058717 15.6215369589
24.180 0.058717 15.6280001517
24.190 0.058716 15.6344633445
24.200 0.058715 15.6409265373
24.210 0.058715 15.6473897301
24.220 0.058714 15.6538529228
24.230 0.058713 15.6603161156
24.240 0.058713 15.6667793084
24.250 0.058712 15.6732425012
24.260 0.058712 15.679705694
24.270 0.058711 15.6861688868
24.280 0.058710 15.6926320795
24.290 0.058710 15.6990952723
24.300 0.058709 15.7055584651
24.310 0.058708 15.7120216579
24.320 0.058708 15.7184848507
24.330 0.058707 15.7249480435
24.340 0.058706 15.7314112363
24.350 0.058706 15.737874429
24.360 0.058705 15.7443376218
24.370 0.058704 15.7508008146
24.380 0.058704 15.7572640074
24.390 0.058703 15.7637272002
24.400 0.058702 15.770190393
24.410 0.058702 15.7766535857
24.420 0.058701 15.7831167785
24.430 0.058700 15.7895799713
24.440 0.058700 15.7960431641
24.450 0.058699 15.8025063569
24.460 0.058698 15.8089695497
24.470 0.058698 15.8154327424
24.480 0.058697 15.8218959352
24.490 0.058696 15.828359128
24.500 0.058696 15.8348223208
24.510 0.058695 15.8412855136
24.520 0.058694 15.8477487064
24.530 0.058694 15.8542118991
24.540 0.058693 15.8606750919
24.550 0.058692 15.8671382847
24.560 0.058692 15.8736014775
24.570 0.058691 15.8800646703
24.580 0.058690 15.8865278631
24.590 0.058690 15.8929910559
24.600 0.058689 15.8994542486
24.610 0.058688 15.9059174414
24.620 0.058688 15.9123806342
24.630 0.058687 15.918843827
24.640 0.058686 15.9253070198
24.650 0.058686 15.9317702126
24.660 0.058685 15.9382334053
24.670 0.058684 15.9446965981
24.680 0.058684 15.9511597909
24.690 0.058683 15.9576229837
24.700 0.058682 15.9640861765
24.710 0.058682 15.9705493693
24.720 0.058681 15.977012562
24.730 0.058680 15.9834757548
24.740 0.058680 15.9899389476
24.750 0.058679 15.9964021404
24.760 0.058678 16.0028653332
24.770 0.058678 16.009328526
24.780 0.058677 16.0157917187
24.790 0.058676 16.0222549115
24.800 0.058676 16.0287181043
24.810 0.058675 16.0351812971
24.820 0.058674 16.0416444899
24.830 0.058674 16.0481076827
24.840 0.058673 16.0545708755
24.850 0.058672 16.0610340682
24.860 0.058672 16.067497261
24.870 0.058671 16.0739604538
24.880 0.058670 16.0804236466
24.890 0.058670 16.0868868394
24.900 0.058669 16.0933500322
24.910 0.058668 16.0998132249
24.920 0.058668 16.1062764177
24.930 0.058667 16.1127396105
24.940 0.058667 16.1192028033
24.950 0.058666 16.1256659961
24.960 0.058665 16.1321291889
24.970 0.058665 16.1385923816
24.980 0.058664 16.1450555744
24.990 0.058663 16.1515187672
25.000 0.058663 16.15798196
25.100 0.058656 16.2226138878
25.110 0.058655 16.2290770806
25.120 0.058655 16.2355402734
25.130 0.058654 16.2420034662
25.140 0.058653 16.248466659
25.150 0.058653 16.2549298518
25.160 0.058652 16.2613930445
25.170 0.058651 16.2678562373
25.180 0.058651 16.2743194301
25.190 0.058650 16.2807826229
25.200 0.058649 16.2872458157
25.210 0.058649 16.2937090085
25.220 0.058648 16.3001722012
25.230 0.058647 16.306635394
25.240 0.058647 16.3130985868
25.250 0.058646 16.3195617796
25.260 0.058645 16.3260249724
25.270 0.058645 16.3324881652
25.280 0.058644 16.3389513579
25.290 0.058644 16.3454145507
25.300 0.058643 16.3518777435
25.310 0.058642 16.3583409363
25.320 0.058642 16.3648041291
25.330 0.058641 16.3712673219
25.340 0.058640 16.3777305147
25.350 0.058640 16.3841937074
25.360 0.058639 16.3906569002
25.370 0.058638 16.397120093
25.380 0.058638 16.4035832858
25.390 0.058637 16.4100464786
25.400 0.058636 16.4165096714
25.410 0.058636 16.4229728641
25.420 0.058635 16.4294360569
25.430 0.058634 16.4358992497
25.440 0.058634 16.4423624425
25.450 0.058633 16.4488256353
25.460 0.058632 16.4552888281
25.470 0.058632 16.4617520208
25.480 0.058631 16.4682152136
25.490 0.058630 16.4746784064
25.500 0.058630 16.4811415992
25.510 0.058629 16.487604792
25.520 0.058628 16.4940679848
25.530 0.058628 16.5005311775
25.540 0.058627 16.5069943703
25.550 0.058627 16.5134575631
25.560 0.058626 16.5199207559
25.570 0.058625 16.5263839487
25.580 0.058625 16.5328471415
25.590 0.058624 16.5393103343
25.600 0.058623 16.545773527
25.610 0.058623 16.5522367198
25.620 0.058622 16.5586999126
25.630 0.058621 16.5651631054
25.640 0.058621 16.5716262982
25.650 0.058620 16.578089491
25.660 0.058619 16.5845526837
25.670 0.058619 16.5910158765
25.680 0.058618 16.5974790693
25.690 0.058617 16.6039422621
25.700 0.058617 16.6104054549
25.710 0.058616 16.6168686477
25.720 0.058615 16.6233318404
25.730 0.058615 16.6297950332
25.740 0.058614 16.636258226
25.750 0.058613 16.6427214188
25.760 0.058613 16.6491846116
25.770 0.058612 16.6556478044
25.780 0.058612 16.6621109971
25.790 0.058611 16.6685741899
25.800 0.058610 16.6750373827
25.810 0.058610 16.6815005755
25.820 0.058609 16.6879637683
25.830 0.058608 16.6944269611
25.840 0.058608 16.7008901539
25.850 0.058607 16.7073533466
25.860 0.058606 16.7138165394
25.870 0.058606 16.7202797322
25.880 0.058605 16.726742925
25.890 0.058604 16.7332061178
25.900 0.058604 16.7396693106
25.910 0.058603 16.7461325033
25.920 0.058602 16.7525956961
25.930 0.058602 16.7590588889
25.940 0.058601 16.7655220817
25.950 0.058600 16.7719852745
25.960 0.058600 16.7784484673
25.970 0.058599 16.78491166
25.980 0.058599 16.7913748528
25.990 0.058598 16.7978380456
26.000 0.058597 16.8043012384
26.010 0.058597 16.8107644312
26.020 0.058596 16.817227624
26.030 0.058595 16.8236908167
26.040 0.058595 16.8301540095
26.050 0.058594 16.8366172023
26.060 0.058593 16.8430803951
26.070 0.058593 16.8495435879
26.080 0.058592 16.8560067807
26.090 0.058591 16.8624699735
26.100 0.058591 16.8689331662
26.110 0.058590 16.875396359
26.120 0.058589 16.8818595518
26.130 0.058589 16.8883227446
26.140 0.058588 16.8947859374
26.150 0.058587 16.9012491302
26.160 0.058587 16.9077123229
26.170 0.058586 16.9141755157
26.180 0.058586 16.9206387085
26.190 0.058585 16.9271019013
26.200 0.058584 16.9335650941
26.210 0.058584 16.9400282869
26.220 0.058583 16.9464914796
26.230 0.058582 16.9529546724
26.240 0.058582 16.9594178652
26.250 0.058581 16.965881058
26.260 0.058580 16.9723442508
26.270 0.058580 16.9788074436
26.280 0.058579 16.9852706363
26.290 0.058578 16.9917338291
26.300 0.058578 16.9981970219
26.310 0.058577 17.0046602147
26.320 0.058576 17.0111234075
26.330 0.058576 17.0175866003
26.340 0.058575 17.0240497931
26.350 0.058575 17.0305129858
26.360 0.058574 17.0369761786
26.370 0.058573 17.0434393714
26.380 0.058573 17.0499025642
26.390 0.058572 17.056365757
26.400 0.058571 17.0628289498
26.410 0.058571 17.0692921425
26.420 0.058570 17.0757553353
26.430 0.058569 17.0822185281
26.440 0.058569 17.0886817209
26.450 0.058568 17.0951449137
26.460 0.058567 17.1016081065
26.470 0.058567 17.1080712992
26.480 0.058566 17.114534492
26.490 0.058566 17.1209976848
26.500 0.058565 17.1274608776
26.510 0.058564 17.1339240704
26.520 0.058564 17.1403872632
26.530 0.058563 17.1468504559
26.540 0.058562 17.1533136487
26.550 0.058562 17.1597768415
26.560 0.058561 17.1662400343
26.570 0.058560 17.1727032271
26.580 0.058560 17.1791664199
26.590 0.058559 17.1856296127
26.600 0.058558 17.1920928054
26.610 0.058558 17.1985559982
26.620 0.058557 17.205019191
26.630 0.058556 17.2114823838
26.640 0.058556 17.2179455766
26.650 0.058555 17.2244087694
26.660 0.058555 17.2308719621
26.670 0.058554 17.2373351549
26.680 0.058553 17.2437983477
26.690 0.058553 17.2502615405
26.700 0.058552 17.2567247333
26.710 0.058551 17.2631879261
26.720 0.058551 17.2696511188
26.730 0.058550 17.2761143116
26.740 0.058549 17.2825775044
26.750 0.058549 17.2890406972
26.760 0.058548 17.29550389
26.770 0.058547 17.3019670828
26.780 0.058547 17.3084302755
26.790 0.058546 17.3148934683
26.800 0.058546 17.3213566611
26.810 0.058545 17.3278198539
26.820 0.058544 17.3342830467
26.830 0.058544 17.3407462395
26.840 0.058543 17.3472094323
26.850 0.058542 17.353672625
26.860 0.058542 17.3601358178
26.870 0.058541 17.3665990106
26.880 0.058540 17.3730622034
26.890 0.058540 17.3795253962
26.900 0.058539 17.385988589
26.910 0.058539 17.3924517817
26.920 0.058538 17.3989149745
26.930 0.058537 17.4053781673
26.940 0.058537 17.4118413601
26.950 0.058536 17.4183045529
26.960 0.058535 17.4247677457
26.970 0.058535 17.4312309384
26.980 0.058534 17.4376941312
26.990 0.058533 17.444157324
27.000 0.058533 17.4506205168
27.010 0.058532 17.4570837096
27.020 0.058531 17.4635469024
27.030 0.058531 17.4700100951
27.040 0.058530 17.4764732879
27.050 0.058530 17.4829364807
27.060 0.058529 17.4893996735
27.070 0.058528 17.4958628663
27.080 0.058528 17.5023260591
27.090 0.058527 17.5087892519
27.100 0.058526 17.5152524446
27.110 0.058526 17.5217156374
27.120 0.058525 17.5281788302
27.130 0.058524 17.534642023
27.140 0.058524 17.5411052158
27.150 0.058523 17.5475684086
27.160 0.058523 17.5540316013
27.170 0.058522 17.5604947941
27.180 0.058521 17.5669579869
27.190 0.058521 17.5734211797
27.200 0.058520 17.5798843725
27.210 0.058519 17.5863475653
27.220 0.058519 17.592810758
27.230 0.058518 17.5992739508
27.240 0.058517 17.6057371436
27.250 0.058517 17.6122003364
27.260 0.058516 17.6186635292
27.270 0.058515 17.625126722
27.280 0.058515 17.6315899147
27.290 0.058514 17.6380531075
27.300 0.058514 17.6445163003
27.310 0.058513 17.6509794931
27.320 0.058512 17.6574426859
27.330 0.058512 17.6639058787
27.340 0.058511 17.6703690715
27.350 0.058510 17.6768322642
27.360 0.058510 17.683295457
27.370 0.058509 17.6897586498
27.380 0.058508 17.6962218426
27.390 0.058508 17.7026850354
27.400 0.058507 17.7091482282
27.410 0.058507 17.7156114209
27.420 0.058506 17.7220746137
27.430 0.058505 17.7285378065
27.440 0.058505 17.7350009993
27.450 0.058504 17.7414641921
27.460 0.058503 17.7479273849
27.470 0.058503 17.7543905776
27.480 0.058502 17.7608537704
27.490 0.058501 17.7673169632
27.500 0.058501 17.773780156
27.510 0.058500 17.7802433488
27.520 0.058500 17.7867065416
27.530 0.058499 17.7931697343
27.540 0.058498 17.7996329271
27.550 0.058498 17.8060961199
27.560 0.058497 17.8125593127
27.570 0.058496 17.8190225055
27.580 0.058496 17.8254856983
27.590 0.058495 17.8319488911
27.600 0.058494 17.8384120838
27.610 0.058494 17.8448752766
27.620 0.058493 17.8513384694
27.630 0.058493 17.8578016622
27.640 0.058492 17.864264855
27.650 0.058491 17.8707280478
27.660 0.058491 17.8771912405
27.670 0.058490 17.8836544333
27.680 0.058489 17.8901176261
27.690 0.058489 17.8965808189
27.700 0.058488 17.9030440117
27.710 0.058487 17.9095072045
27.720 0.058487 17.9159703972
27.730 0.058486 17.92243359
27.740 0.058486 17.9288967828
27.750 0.058485 17.9353599756
27.760 0.058484 17.9418231684
27.770 0.058484 17.9482863612
27.780 0.058483 17.9547495539
27.790 0.058482 17.9612127467
27.800 0.058482 17.9676759395
27.810 0.058481 17.9741391323
27.820 0.058481 17.9806023251
27.830 0.058480 17.9870655179
27.840 0.058479 17.9935287107
27.850 0.058479 17.9999919034
27.860 0.058478 18.0064550962
27.870 0.058477 18.012918289
27.880 0.058477 18.0193814818
27.890 0.058476 18.0258446746
27.900 0.058475 18.0323078674
27.910 0.058475 18.0387710601
27.920 0.058474 18.0452342529
27.930 0.058474 18.0516974457
27.940 0.058473 18.0581606385
27.950 0.058472 18.0646238313
27.960 0.058472 18.0710870241
27.970 0.058471 18.0775502168
27.980 0.058470 18.0840134096
27.990 0.058470 18.0904766024
28.000 0.058469 18.0969397952
28.010 0.058468 18.103402988
28.020 0.058468 18.1098661808
28.030 0.058467 18.1163293735
28.040 0.058467 18.1227925663
28.050 0.058466 18.1292557591
28.060 0.058465 18.1357189519
28.070 0.058465 18.1421821447
28.080 0.058464 18.1486453375
28.090 0.058463 18.1551085303
28.100 0.058463 18.161571723
28.110 0.058462 18.1680349158
28.120 0.058462 18.1744981086
28.130 0.058461 18.1809613014
28.140 0.058460 18.1874244942
28.150 0.058460 18.193887687
28.160 0.058459 18.2003508797
28.170 0.058458 18.2068140725
28.180 0.058458 18.2132772653
28.190 0.058457 18.2197404581
28.200 0.058456 18.2262036509
28.210 0.058456 18.2326668437
28.220 0.058455 18.2391300364
28.230 0.058455 18.2455932292
28.240 0.058454 18.252056422
28.250 0.058453 18.2585196148
28.260 0.058453 18.2649828076
28.270 0.058452 18.2714460004
28.280 0.058451 18.2779091931
28.290 0.058451 18.2843723859
28.300 0.058450 18.2908355787
28.310 0.058450 18.2972987715
28.320 0.058449 18.3037619643
28.330 0.058448 18.3102251571
28.340 0.058448 18.3166883499
28.350 0.058447 18.3231515426
28.360 0.058446 18.3296147354
28.370 0.058446 18.3360779282
28.380 0.058445 18.342541121
28.390 0.058445 18.3490043138
28.400 0.058444 18.3554675066
28.410 0.058443 18.3619306993
28.420 0.058443 18.3683938921
28.430 0.058442 18.3748570849
28.440 0.058441 18.3813202777
28.450 0.058441 18.3877834705
28.460 0.058440 18.3942466633
28.470 0.058439 18.400709856
28.480 0.058439 18.4071730488
28.490 0.058438 18.4136362416
28.500 0.058438 18.4200994344
28.510 0.058437 18.4265626272
28.520 0.058436 18.43302582
28.530 0.058436 18.4394890127
28.540 0.058435 18.4459522055
28.550 0.058434 18.4524153983
28.560 0.058434 18.4588785911
28.570 0.058433 18.4653417839
28.580 0.058433 18.4718049767
28.590 0.058432 18.4782681695
28.600 0.058431 18.4847313622
28.610 0.058431 18.491194555
28.620 0.058430 18.4976577478
28.630 0.058429 18.5041209406
28.640 0.058429 18.5105841334
28.650 0.058428 18.5170473262
28.660 0.058428 18.5235105189
28.670 0.058427 18.5299737117
28.680 0.058426 18.5364369045
28.690 0.058426 18.5429000973
28.700 0.058425 18.5493632901
28.710 0.058424 18.5558264829
28.720 0.058424 18.5622896756
28.730 0.058423 18.5687528684
28.740 0.058423 18.5752160612
28.750 0.058422 18.581679254
28.760 0.058421 18.5881424468
28.770 0.058421 18.5946056396
28.780 0.058420 18.6010688323
28.790 0.058419 18.6075320251
28.800 0.058419 18.6139952179
28.810 0.058418 18.6204584107
28.820 0.058418 18.6269216035
28.830 0.058417 18.6333847963
28.840 0.058416 18.6398479891
28.850 0.058416 18.6463111818
28.860 0.058415 18.6527743746
28.870 0.058414 18.6592375674
28.880 0.058414 18.6657007602
28.890 0.058413 18.672163953
28.900 0.058413 18.6786271458
28.910 0.058412 18.6850903385
28.920 0.058411 18.6915535313
28.930 0.058411 18.6980167241
28.940 0.058410 18.7044799169
28.950 0.058409 18.7109431097
28.960 0.058409 18.7174063025
28.970 0.058408 18.7238694952
28.980 0.058408 18.730332688
28.990 0.058407 18.7367958808
29.000 0.058406 18.7432590736
29.010 0.058406 18.7497222664
29.020 0.058405 18.7561854592
29.030 0.058404 18.7626486519
29.040 0.058404 18.7691118447
29.050 0.058403 18.7755750375
29.060 0.058403 18.7820382303
29.070 0.058402 18.7885014231
29.080 0.058401 18.7949646159
29.090 0.058401 18.8014278087
29.100 0.058400 18.8078910014
29.110 0.058399 18.8143541942
29.120 0.058399 18.820817387
29.130 0.058398 18.8272805798
29.140 0.058398 18.8337437726
29.150 0.058397 18.8402069654
29.160 0.058396 18.8466701581
29.170 0.058396 18.8531333509
29.180 0.058395 18.8595965437
29.190 0.058394 18.8660597365
29.200 0.058394 18.8725229293
29.210 0.058393 18.8789861221
29.220 0.058393 18.8854493148
29.230 0.058392 18.8919125076
29.240 0.058391 18.8983757004
29.250 0.058391 18.9048388932
29.260 0.058390 18.911302086
29.270 0.058389 18.9177652788
29.280 0.058389 18.9242284715
29.290 0.058388 18.9306916643
29.300 0.058388 18.9371548571
29.310 0.058387 18.9436180499
29.320 0.058386 18.9500812427
29.330 0.058386 18.9565444355
29.340 0.058385 18.9630076283
29.350 0.058385 18.969470821
29.360 0.058384 18.9759340138
29.370 0.058383 18.9823972066
29.380 0.058383 18.9888603994
29.390 0.058382 18.9953235922
29.400 0.058381 19.001786785
29.410 0.058381 19.0082499777
29.420 0.058380 19.0147131705
29.430 0.058380 19.0211763633
29.440 0.058379 19.0276395561
29.450 0.058378 19.0341027489
29.460 0.058378 19.0405659417
29.470 0.058377 19.0470291344
29.480 0.058376 19.0534923272
29.490 0.058376 19.05995552
29.500 0.058375 19.0664187128
29.510 0.058375 19.0728819056
29.520 0.058374 19.0793450984
29.530 0.058373 19.0858082911
29.540 0.058373 19.0922714839
29.550 0.058372 19.0987346767
29.560 0.058371 19.1051978695
29.570 0.058371 19.1116610623
29.580 0.058370 19.1181242551
29.590 0.058370 19.1245874479
29.600 0.058369 19.1310506406
29.610 0.058368 19.1375138334
29.620 0.058368 19.1439770262
29.630 0.058367 19.150440219
29.640 0.058367 19.1569034118
29.650 0.058366 19.1633666046
29.660 0.058365 19.1698297973
29.670 0.058365 19.1762929901
29.680 0.058364 19.1827561829
29.690 0.058363 19.1892193757
29.700 0.058363 19.1956825685
29.710 0.058362 19.2021457613
29.720 0.058362 19.208608954
29.730 0.058361 19.2150721468
29.740 0.058360 19.2215353396
29.750 0.058360 19.2279985324
29.760 0.058359 19.2344617252
29.770 0.058359 19.240924918
29.780 0.058358 19.2473881107
29.790 0.058357 19.2538513035
29.800 0.058357 19.2603144963
29.810 0.058356 19.2667776891
29.820 0.058355 19.2732408819
29.830 0.058355 19.2797040747
29.840 0.058354 19.2861672675
29.850 0.058354 19.2926304602
29.860 0.058353 19.299093653
29.870 0.058352 19.3055568458
29.880 0.058352 19.3120200386
29.890 0.058351 19.3184832314
29.900 0.058350 19.3249464242
29.910 0.058350 19.3314096169
29.920 0.058349 19.3378728097
29.930 0.058349 19.3443360025
29.940 0.058348 19.3507991953
29.950 0.058347 19.3572623881
29.960 0.058347 19.3637255809
29.970 0.058346 19.3701887736
29.980 0.058346 19.3766519664
29.990 0.058345 19.3831151592
30.000 0.058344 19.389578352
