0.10000 237.83 0.0831582584294
0.11000 216.20 0.0914740842724
0.12000 198.17 0.0997899101153
0.13000 182.92 0.108105735958
0.14000 169.84 0.116421561801
0.15000 158.51 0.124737387644
0.16000 148.59 0.133053213487
0.17000 139.84 0.14136903933
0.18000 132.07 0.149684865173
0.19000 125.11 0.158000691016
0.20000 118.85 0.166316516859
0.21000 113.18 0.174632342702
0.22000 108.03 0.182948168545
0.23000 103.33 0.191263994388
0.24000 99.017 0.199579820231
0.25000 95.051 0.207895646074
0.26000 91.389 0.216211471917
0.27000 88.000 0.224527297759
0.28000 84.852 0.232843123602
0.29000 81.921 0.241158949445
0.30000 79.186 0.249474775288
0.31000 76.627 0.257790601131
0.32000 74.228 0.266106426974
0.33000 71.975 0.274422252817
0.34000 69.854 0.28273807866
0.35000 67.854 0.291053904503
0.36000 65.966 0.299369730346
0.37000 64.179 0.307685556189
0.38000 62.487 0.316001382032
0.39000 60.881 0.324317207875
0.40000 59.355 0.332633033718
0.41000 57.904 0.340948859561
0.42000 56.522 0.349264685404
0.43000 55.205 0.357580511247
0.44000 53.947 0.36589633709
0.45000 52.745 0.374212162932
0.46000 51.596 0.382527988775
0.47000 50.495 0.390843814618
0.48000 49.440 0.399159640461
0.49000 48.428 0.407475466304
0.50000 47.457 0.415791292147
0.51000 46.524 0.42410711799
0.52000 45.627 0.432422943833
0.53000 44.763 0.440738769676
0.54000 43.932 0.449054595519
0.55000 43.130 0.457370421362
0.56000 42.358 0.465686247205
0.57000 41.612 0.474002073048
0.58000 40.892 0.482317898891
0.59000 40.197 0.490633724734
0.60000 39.525 0.498949550577
0.61000 38.875 0.50726537642
0.62000 38.245 0.515581202262
0.63000 37.636 0.523897028105
0.64000 37.046 0.532212853948
0.65000 36.474 0.540528679791
0.66000 35.919 0.548844505634
0.67000 35.381 0.557160331477
0.68000 34.859 0.56547615732
0.69000 34.352 0.573791983163
0.70000 33.859 0.582107809006
0.71000 33.380 0.590423634849
0.72000 32.915 0.598739460692
0.73000 32.462 0.607055286535
0.74000 32.021 0.615371112378
0.75000 31.592 0.623686938221
0.76000 31.175 0.632002764064
0.77000 30.768 0.640318589907
0.78000 30.372 0.64863441575
0.79000 29.986 0.656950241593
0.80000 29.609 0.665266067435
0.81000 29.242 0.673581893278
0.82000 28.884 0.681897719121
0.83000 28.534 0.690213544964
0.84000 28.193 0.698529370807
0.85000 27.860 0.70684519665
0.86000 27.534 0.715161022493
0.87000 27.216 0.723476848336
0.88000 26.905 0.731792674179
0.89000 26.601 0.740108500022
0.90000 26.304 0.748424325865
0.91000 26.014 0.756740151708
0.92000 25.729 0.765055977551
0.93000 25.451 0.773371803394
0.94000 25.179 0.781687629237
0.95000 24.913 0.79000345508
0.96000 24.652 0.798319280923
0.97000 24.396 0.806635106766
0.98000 24.146 0.814950932608
0.99000 23.900 0.823266758451
1.0000 23.660 0.831582584294
1.0100 23.424 0.839898410137
1.0200 23.193 0.84821423598
1.0300 22.967 0.856530061823
1.0400 22.745 0.864845887666
1.0500 22.527 0.873161713509
1.0600 22.313 0.881477539352
1.0700 22.103 0.889793365195
1.0800 21.897 0.898109191038
1.0900 21.695 0.906425016881
1.1000 21.497 0.914740842724
1.1100 21.302 0.923056668567
1.1200 21.110 0.93137249441
1.1300 20.922 0.939688320253
1.1400 20.738 0.948004146096
1.1500 20.556 0.956319971938
1.1600 20.378 0.964635797781
1.1700 20.202 0.972951623624
1.1800 20.030 0.981267449467
1.1900 19.861 0.98958327531
1.2000 19.694 0.997899101153
1.2100 19.530 1.006214927
1.2200 19.369 1.01453075284
1.2300 19.210 1.02284657868
1.2400 19.054 1.03116240452
1.2500 18.901 1.03947823037
1.2600 18.750 1.04779405621
1.2700 18.601 1.05610988205
1.2800 18.454 1.0644257079
1.2900 18.310 1.07274153374
1.3000 18.168 1.08105735958
1.3100 18.029 1.08937318543
1.3200 17.891 1.09768901127
1.3300 17.755 1.10600483711
1.3400 17.622 1.11432066295
1.3500 17.490 1.1226364888
1.3600 17.361 1.13095231464
1.3700 17.233 1.13926814048
1.3800 17.107 1.14758396633
1.3900 16.983 1.15589979217
1.4000 16.861 1.16421561801
1.4100 16.740 1.17253144386
1.4200 16.621 1.1808472697
1.4300 16.504 1.18916309554
1.4400 16.389 1.19747892138
1.4500 16.275 1.20579474723
1.4600 16.162 1.21411057307
1.4700 16.051 1.22242639891
1.4800 15.942 1.23074222476
1.4900 15.834 1.2390580506
1.5000 15.728 1.24737387644
1.5100 15.622 1.25568970228
1.5200 15.519 1.26400552813
1.5300 15.416 1.27232135397
1.5400 15.315 1.28063717981
1.5500 15.216 1.28895300566
1.5600 15.117 1.2972688315
1.5700 15.020 1.30558465734
1.5800 14.924 1.31390048319
1.5900 14.830 1.32221630903
1.6000 14.736 1.33053213487
1.6100 14.644 1.33884796071
1.6200 14.552 1.34716378656
1.6300 14.462 1.3554796124
1.6400 14.373 1.36379543824
1.6500 14.285 1.37211126409
1.6600 14.198 1.38042708993
1.6700 14.113 1.38874291577
1.6800 14.028 1.39705874161
1.6900 13.944 1.40537456746
1.7000 13.861 1.4136903933
1.7100 13.779 1.42200621914
1.7200 13.698 1.43032204499
1.7300 13.618 1.43863787083
1.7400 13.539 1.44695369667
1.7500 13.461 1.45526952252
1.7600 13.384 1.46358534836
1.7700 13.307 1.4719011742
1.7800 13.232 1.48021700004
1.7900 13.157 1.48853282589
1.8000 13.083 1.49684865173
1.8100 13.010 1.50516447757
1.8200 12.938 1.51348030342
1.8300 12.867 1.52179612926
1.8400 12.796 1.5301119551
1.8500 12.726 1.53842778094
1.8600 12.657 1.54674360679
1.8700 12.588 1.55505943263
1.8800 12.521 1.56337525847
1.8900 12.454 1.57169108432
1.9000 12.387 1.58000691016
1.9100 12.322 1.588322736
1.9200 12.257 1.59663856185
1.9300 12.193 1.60495438769
1.9400 12.129 1.61327021353
1.9500 12.066 1.62158603937
1.9600 12.004 1.62990186522
1.9700 11.942 1.63821769106
1.9800 11.881 1.6465335169
1.9900 11.821 1.65484934275
2.0000 11.761 1.66316516859
2.0100 11.702 1.67148099443
2.0200 11.643 1.67979682027
2.0300 11.585 1.68811264612
2.0400 11.528 1.69642847196
2.0500 11.471 1.7047442978
2.0600 11.415 1.71306012365
2.0700 11.359 1.72137594949
2.0800 11.303 1.72969177533
2.0900 11.249 1.73800760118
2.1000 11.195 1.74632342702
2.1100 11.141 1.75463925286
2.1200 11.088 1.7629550787
2.1300 11.035 1.77127090455
2.1400 10.983 1.77958673039
2.1500 10.931 1.78790255623
2.1600 10.880 1.79621838208
2.1700 10.829 1.80453420792
2.1800 10.779 1.81285003376
2.1900 10.729 1.8211658596
2.2000 10.679 1.82948168545
2.2100 10.630 1.83779751129
2.2200 10.582 1.84611333713
2.2300 10.534 1.85442916298
2.2400 10.486 1.86274498882
2.2500 10.439 1.87106081466
2.2600 10.392 1.87937664051
2.2700 10.346 1.88769246635
2.2800 10.300 1.89600829219
2.2900 10.254 1.90432411803
2.3000 10.209 1.91263994388
2.3100 10.164 1.92095576972
2.3200 10.120 1.92927159556
2.3300 10.076 1.93758742141
2.3400 10.032 1.94590324725
2.3500 9.9888 1.95421907309
2.3600 9.9459 1.96253489893
2.3700 9.9034 1.97085072478
2.3800 9.8612 1.97916655062
2.3900 9.8193 1.98748237646
2.4000 9.7779 1.99579820231
2.4100 9.7367 2.00411402815
2.4200 9.6959 2.01242985399
2.4300 9.6554 2.02074567984
2.4400 9.6153 2.02906150568
2.4500 9.5755 2.03737733152
2.4600 9.5360 2.04569315736
2.4700 9.4968 2.05400898321
2.4800 9.4580 2.06232480905
2.4900 9.4194 2.07064063489
2.5000 9.3812 2.07895646074
2.5100 9.3433 2.08727228658
2.5200 9.3056 2.09558811242
2.5300 9.2683 2.10390393826
2.5400 9.2313 2.11221976411
2.5500 9.1945 2.12053558995
2.5600 9.1581 2.12885141579
2.5700 9.1219 2.13716724164
2.5800 9.0860 2.14548306748
2.5900 9.0504 2.15379889332
2.6000 9.0150 2.16211471917
2.6100 8.9799 2.17043054501
2.6200 8.9451 2.17874637085
2.6300 8.9106 2.18706219669
2.6400 8.8763 2.19537802254
2.6500 8.8423 2.20369384838
2.6600 8.8085 2.21200967422
2.6700 8.7750 2.22032550007
2.6800 8.7418 2.22864132591
2.6900 8.7087 2.23695715175
2.7000 8.6760 2.24527297759
2.7100 8.6434 2.25358880344
2.7200 8.6112 2.26190462928
2.7300 8.5791 2.27022045512
2.7400 8.5473 2.27853628097
2.7500 8.5157 2.28685210681
2.7600 8.4843 2.29516793265
2.7700 8.4532 2.3034837585
2.7800 8.4223 2.31179958434
2.7900 8.3916 2.32011541018
2.8000 8.3611 2.32843123602
2.8100 8.3309 2.33674706187
2.8200 8.3009 2.34506288771
2.8300 8.2710 2.35337871355
2.8400 8.2414 2.3616945394
2.8500 8.2120 2.37001036524
2.8600 8.1828 2.37832619108
2.8700 8.1538 2.38664201692
2.8800 8.1250 2.39495784277
2.8900 8.0964 2.40327366861
2.9000 8.0680 2.41158949445
2.9100 8.0398 2.4199053203
2.9200 8.0118 2.42822114614
2.9300 7.9840 2.43653697198
2.9400 7.9564 2.44485279783
2.9500 7.9289 2.45316862367
2.9600 7.9017 2.46148444951
2.9700 7.8746 2.46980027535
2.9800 7.8477 2.4781161012
2.9900 7.8210 2.48643192704
3.0000 7.7944 2.49474775288
3.0100 7.7681 2.50306357873
3.0200 7.7419 2.51137940457
3.0300 7.7159 2.51969523041
3.0400 7.6900 2.52801105625
3.0500 7.6644 2.5363268821
3.0600 7.6389 2.54464270794
3.0700 7.6135 2.55295853378
3.0800 7.5884 2.56127435963
3.0900 7.5633 2.56959018547
3.1000 7.5385 2.57790601131
3.1100 7.5138 2.58622183716
3.1200 7.4893 2.594537663
3.1300 7.4649 2.60285348884
3.1400 7.4407 2.61116931468
3.1500 7.4166 2.61948514053
3.1600 7.3927 2.62780096637
3.1700 7.3689 2.63611679221
3.1800 7.3453 2.64443261806
3.1900 7.3219 2.6527484439
3.2000 7.2985 2.66106426974
3.2100 7.2754 2.66938009558
3.2200 7.2523 2.67769592143
3.2300 7.2295 2.68601174727
3.2400 7.2067 2.69432757311
3.2500 7.1841 2.70264339896
3.2600 7.1616 2.7109592248
3.2700 7.1393 2.71927505064
3.2800 7.1171 2.72759087649
3.2900 7.0951 2.73590670233
3.3000 7.0731 2.74422252817
3.3100 7.0513 2.75253835401
3.3200 7.0297 2.76085417986
3.3300 7.0082 2.7691700057
3.3400 6.9868 2.77748583154
3.3500 6.9655 2.78580165739
3.3600 6.9443 2.79411748323
3.3700 6.9233 2.80243330907
3.3800 6.9024 2.81074913491
3.3900 6.8816 2.81906496076
3.4000 6.8610 2.8273807866
3.4100 6.8405 2.83569661244
3.4200 6.8200 2.84401243829
3.4300 6.7998 2.85232826413
3.4400 6.7796 2.86064408997
3.4500 6.7595 2.86895991582
3.4600 6.7396 2.87727574166
3.4700 6.7198 2.8855915675
3.4800 6.7000 2.89390739334
3.4900 6.6804 2.90222321919
3.5000 6.6610 2.91053904503
3.5100 6.6416 2.91885487087
3.5200 6.6223 2.92717069672
3.5300 6.6031 2.93548652256
3.5400 6.5841 2.9438023484
3.5500 6.5652 2.95211817424
3.5600 6.5463 2.96043400009
3.5700 6.5276 2.96874982593
3.5800 6.5090 2.97706565177
3.5900 6.4904 2.98538147762
3.6000 6.4720 2.99369730346
3.6100 6.4537 3.0020131293
3.6200 6.4355 3.01032895515
3.6300 6.4174 3.01864478099
3.6400 6.3994 3.02696060683
3.6500 6.3814 3.03527643267
3.6600 6.3636 3.04359225852
3.6700 6.3459 3.05190808436
3.6800 6.3283 3.0602239102
3.6900 6.3107 3.06853973605
3.7000 6.2933 3.07685556189
3.7100 6.2760 3.08517138773
3.7200 6.2587 3.09348721357
3.7300 6.2416 3.10180303942
3.7400 6.2245 3.11011886526
3.7500 6.2075 3.1184346911
3.7600 6.1906 3.12675051695
3.7700 6.1738 3.13506634279
3.7800 6.1571 3.14338216863
3.7900 6.1405 3.15169799448
3.8000 6.1240 3.16001382032
3.8100 6.1076 3.16832964616
3.8200 6.0912 3.176645472
3.8300 6.0749 3.18496129785
3.8400 6.0587 3.19327712369
3.8500 6.0426 3.20159294953
3.8600 6.0266 3.20990877538
3.8700 6.0107 3.21822460122
3.8800 5.9948 3.22654042706
3.8900 5.9791 3.2348562529
3.9000 5.9634 3.24317207875
3.9100 5.9478 3.25148790459
3.9200 5.9322 3.25980373043
3.9300 5.9168 3.26811955628
3.9400 5.9014 3.27643538212
3.9500 5.8861 3.28475120796
3.9600 5.8709 3.29306703381
3.9700 5.8557 3.30138285965
3.9800 5.8407 3.30969868549
3.9900 5.8257 3.31801451133
4.0000 5.8108 3.32633033718
4.0100 5.7959 3.33464616302
4.0200 5.7811 3.34296198886
4.0300 5.7665 3.35127781471
4.0400 5.7518 3.35959364055
4.0500 5.7373 3.36790946639
4.0600 5.7228 3.37622529224
4.0700 5.7084 3.38454111808
4.0800 5.6941 3.39285694392
4.0900 5.6798 3.40117276976
4.1000 5.6656 3.40948859561
4.1100 5.6515 3.41780442145
4.1200 5.6374 3.42612024729
4.1300 5.6234 3.43443607314
4.1400 5.6095 3.44275189898
4.1500 5.5956 3.45106772482
4.1600 5.5818 3.45938355066
4.1700 5.5681 3.46769937651
4.1800 5.5545 3.47601520235
4.1900 5.5409 3.48433102819
4.2000 5.5273 3.49264685404
4.2100 5.5139 3.50096267988
4.2200 5.5005 3.50927850572
4.2300 5.4871 3.51759433157
4.2400 5.4739 3.52591015741
4.2500 5.4607 3.53422598325
4.2600 5.4475 3.54254180909
4.2700 5.4344 3.55085763494
4.2800 5.4214 3.55917346078
4.2900 5.4084 3.56748928662
4.3000 5.3955 3.57580511247
4.3100 5.3827 3.58412093831
4.3200 5.3699 3.59243676415
4.3300 5.3572 3.60075258999
4.3400 5.3445 3.60906841584
4.3500 5.3319 3.61738424168
4.3600 5.3193 3.62570006752
4.3700 5.3068 3.63401589337
4.3800 5.2944 3.64233171921
4.3900 5.2820 3.65064754505
4.4000 5.2697 3.6589633709
4.4100 5.2574 3.66727919674
4.4200 5.2452 3.67559502258
4.4300 5.2330 3.68391084842
4.4400 5.2209 3.69222667427
4.4500 5.2089 3.70054250011
4.4600 5.1969 3.70885832595
4.4700 5.1849 3.7171741518
4.4800 5.1730 3.72548997764
4.4900 5.1612 3.73380580348
4.5000 5.1494 3.74212162932
4.5100 5.1377 3.75043745517
4.5200 5.1260 3.75875328101
4.5300 5.1144 3.76706910685
4.5400 5.1028 3.7753849327
4.5500 5.0913 3.78370075854
4.5600 5.0798 3.79201658438
4.5700 5.0684 3.80033241023
4.5800 5.0570 3.80864823607
4.5900 5.0457 3.81696406191
4.6000 5.0344 3.82527988775
4.6100 5.0232 3.8335957136
4.6200 5.0120 3.84191153944
4.6300 5.0009 3.85022736528
4.6400 4.9898 3.85854319113
4.6500 4.9787 3.86685901697
4.6600 4.9678 3.87517484281
4.6700 4.9568 3.88349066865
4.6800 4.9459 3.8918064945
4.6900 4.9351 3.90012232034
4.7000 4.9243 3.90843814618
4.7100 4.9135 3.91675397203
4.7200 4.9028 3.92506979787
4.7300 4.8921 3.93338562371
4.7400 4.8815 3.94170144956
4.7500 4.8709 3.9500172754
4.7600 4.8604 3.95833310124
4.7700 4.8499 3.96664892708
4.7800 4.8395 3.97496475293
4.7900 4.8291 3.98328057877
4.8000 4.8187 3.99159640461
4.8100 4.8084 3.99991223046
4.8200 4.7981 4.0082280563
4.8300 4.7879 4.01654388214
4.8400 4.7777 4.02485970798
4.8500 4.7676 4.03317553383
4.8600 4.7575 4.04149135967
4.8700 4.7474 4.04980718551
4.8800 4.7374 4.05812301136
4.8900 4.7274 4.0664388372
4.9000 4.7175 4.07475466304
4.9100 4.7076 4.08307048889
4.9200 4.6977 4.09138631473
4.9300 4.6879 4.09970214057
4.9400 4.6781 4.10801796641
4.9500 4.6684 4.11633379226
4.9600 4.6587 4.1246496181
4.9700 4.6490 4.13296544394
4.9800 4.6394 4.14128126979
4.9900 4.6298 4.14959709563
5.0000 4.6203 4.15791292147
5.1000 4.5269 4.2410711799
5.1100 4.5178 4.24938700574
5.1200 4.5087 4.25770283159
5.1300 4.4996 4.26601865743
5.1400 4.4906 4.27433448327
5.1500 4.4816 4.28265030912
5.1600 4.4726 4.29096613496
5.1700 4.4637 4.2992819608
5.1800 4.4548 4.30759778664
5.1900 4.4459 4.31591361249
5.2000 4.4371 4.32422943833
5.2100 4.4283 4.33254526417
5.2200 4.4196 4.34086109002
5.2300 4.4108 4.34917691586
5.2400 4.4022 4.3574927417
5.2500 4.3935 4.36580856755
5.2600 4.3849 4.37412439339
5.2700 4.3763 4.38244021923
5.2800 4.3677 4.39075604507
5.2900 4.3592 4.39907187092
5.3000 4.3507 4.40738769676
5.3100 4.3422 4.4157035226
5.3200 4.3338 4.42401934845
5.3300 4.3254 4.43233517429
5.3400 4.3170 4.44065100013
5.3500 4.3087 4.44896682597
5.3600 4.3004 4.45728265182
5.3700 4.2921 4.46559847766
5.3800 4.2839 4.4739143035
5.3900 4.2757 4.48223012935
5.4000 4.2675 4.49054595519
5.4100 4.2593 4.49886178103
5.4200 4.2512 4.50717760688
5.4300 4.2431 4.51549343272
5.4400 4.2351 4.52380925856
5.4500 4.2270 4.5321250844
5.4600 4.2190 4.54044091025
5.4700 4.2111 4.54875673609
5.4800 4.2031 4.55707256193
5.4900 4.1952 4.56538838778
5.5000 4.1873 4.57370421362
5.5100 4.1795 4.58202003946
5.5200 4.1716 4.5903358653
5.5300 4.1638 4.59865169115
5.5400 4.1560 4.60696751699
5.5500 4.1483 4.61528334283
5.5600 4.1406 4.62359916868
5.5700 4.1329 4.63191499452
5.5800 4.1252 4.64023082036
5.5900 4.1176 4.64854664621
5.6000 4.1100 4.65686247205
5.6100 4.1024 4.66517829789
5.6200 4.0948 4.67349412373
5.6300 4.0873 4.68180994958
5.6400 4.0798 4.69012577542
5.6500 4.0723 4.69844160126
5.6600 4.0649 4.70675742711
5.6700 4.0575 4.71507325295
5.6800 4.0501 4.72338907879
5.6900 4.0427 4.73170490463
5.7000 4.0354 4.74002073048
5.7100 4.0280 4.74833655632
5.7200 4.0208 4.75665238216
5.7300 4.0135 4.76496820801
5.7400 4.0062 4.77328403385
5.7500 3.9990 4.78159985969
5.7600 3.9918 4.78991568554
5.7700 3.9847 4.79823151138
5.7800 3.9775 4.80654733722
5.7900 3.9704 4.81486316306
5.8000 3.9633 4.82317898891
5.8100 3.9563 4.83149481475
5.8200 3.9492 4.83981064059
5.8300 3.9422 4.84812646644
5.8400 3.9352 4.85644229228
5.8500 3.9282 4.86475811812
5.8600 3.9213 4.87307394396
5.8700 3.9144 4.88138976981
5.8800 3.9074 4.88970559565
5.8900 3.9006 4.89802142149
5.9000 3.8937 4.90633724734
5.9100 3.8869 4.91465307318
5.9200 3.8801 4.92296889902
5.9300 3.8733 4.93128472487
5.9400 3.8665 4.93960055071
5.9500 3.8598 4.94791637655
5.9600 3.8531 4.95623220239
5.9700 3.8464 4.96454802824
5.9800 3.8397 4.97286385408
5.9900 3.8331 4.98117967992
6.0000 3.8264 4.98949550577
6.0100 3.8198 4.99781133161
6.0200 3.8132 5.00612715745
6.0300 3.8067 5.01444298329
6.0400 3.8001 5.02275880914
6.0500 3.7936 5.03107463498
6.0600 3.7871 5.03939046082
6.0700 3.7806 5.04770628667
6.0800 3.7742 5.05602211251
6.0900 3.7678 5.06433793835
6.1000 3.7613 5.0726537642
6.1100 3.7550 5.08096959004
6.1200 3.7486 5.08928541588
6.1300 3.7422 5.09760124172
6.1400 3.7359 5.10591706757
6.1500 3.7296 5.11423289341
6.1600 3.7233 5.12254871925
6.1700 3.7170 5.1308645451
6.1800 3.7108 5.13918037094
6.1900 3.7046 5.14749619678
6.2000 3.6984 5.15581202262
6.2100 3.6922 5.16412784847
6.2200 3.6860 5.17244367431
6.2300 3.6799 5.18075950015
6.2400 3.6737 5.189075326
6.2500 3.6676 5.19739115184
6.2600 3.6615 5.20570697768
6.2700 3.6555 5.21402280353
6.2800 3.6494 5.22233862937
6.2900 3.6434 5.23065445521
6.3000 3.6374 5.23897028105
6.3100 3.6314 5.2472861069
6.3200 3.6254 5.25560193274
6.3300 3.6195 5.26391775858
6.3400 3.6135 5.27223358443
6.3500 3.6076 5.28054941027
6.3600 3.6017 5.28886523611
6.3700 3.5958 5.29718106195
6.3800 3.5900 5.3054968878
6.3900 3.5841 5.31381271364
6.4000 3.5783 5.32212853948
6.4100 3.5725 5.33044436533
6.4200 3.5667 5.33876019117
6.4300 3.5609 5.34707601701
6.4400 3.5552 5.35539184286
6.4500 3.5494 5.3637076687
6.4600 3.5437 5.37202349454
6.4700 3.5380 5.38033932038
6.4800 3.5323 5.38865514623
6.4900 3.5267 5.39697097207
6.5000 3.5210 5.40528679791
6.5100 3.5154 5.41360262376
6.5200 3.5098 5.4219184496
6.5300 3.5042 5.43023427544
6.5400 3.4986 5.43855010128
6.5500 3.4930 5.44686592713
6.5600 3.4875 5.45518175297
6.5700 3.4820 5.46349757881
6.5800 3.4765 5.47181340466
6.5900 3.4710 5.4801292305
6.6000 3.4655 5.48844505634
6.6100 3.4600 5.49676088219
6.6200 3.4546 5.50507670803
6.6300 3.4491 5.51339253387
6.6400 3.4437 5.52170835971
6.6500 3.4383 5.53002418556
6.6600 3.4330 5.5383400114
6.6700 3.4276 5.54665583724
6.6800 3.4223 5.55497166309
6.6900 3.4169 5.56328748893
6.7000 3.4116 5.57160331477
6.7100 3.4063 5.57991914062
6.7200 3.4010 5.58823496646
6.7300 3.3958 5.5965507923
6.7400 3.3905 5.60486661814
6.7500 3.3853 5.61318244399
6.7600 3.3800 5.62149826983
6.7700 3.3748 5.62981409567
6.7800 3.3696 5.63812992152
6.7900 3.3645 5.64644574736
6.8000 3.3593 5.6547615732
6.8100 3.3542 5.66307739904
6.8200 3.3490 5.67139322489
6.8300 3.3439 5.67970905073
6.8400 3.3388 5.68802487657
6.8500 3.3337 5.69634070242
6.8600 3.3287 5.70465652826
6.8700 3.3236 5.7129723541
6.8800 3.3186 5.72128817995
6.8900 3.3135 5.72960400579
6.9000 3.3085 5.73791983163
6.9100 3.3035 5.74623565747
6.9200 3.2985 5.75455148332
6.9300 3.2936 5.76286730916
6.9400 3.2886 5.771183135
6.9500 3.2837 5.77949896085
6.9600 3.2788 5.78781478669
6.9700 3.2738 5.79613061253
6.9800 3.2689 5.80444643837
6.9900 3.2641 5.81276226422
7.0000 3.2592 5.82107809006
7.0100 3.2543 5.8293939159
7.0200 3.2495 5.83770974175
7.0300 3.2447 5.84602556759
7.0400 3.2398 5.85434139343
7.0500 3.2350 5.86265721928
7.0600 3.2303 5.87097304512
7.0700 3.2255 5.87928887096
7.0800 3.2207 5.8876046968
7.0900 3.2160 5.89592052265
7.1000 3.2112 5.90423634849
7.1100 3.2065 5.91255217433
7.1200 3.2018 5.92086800018
7.1300 3.1971 5.92918382602
7.1400 3.1924 5.93749965186
7.1500 3.1878 5.9458154777
7.1600 3.1831 5.95413130355
7.1700 3.1785 5.96244712939
7.1800 3.1738 5.97076295523
7.1900 3.1692 5.97907878108
7.2000 3.1646 5.98739460692
7.2100 3.1600 5.99571043276
7.2200 3.1555 6.00402625861
7.2300 3.1509 6.01234208445
7.2400 3.1463 6.02065791029
7.2500 3.1418 6.02897373613
7.2600 3.1373 6.03728956198
7.2700 3.1328 6.04560538782
7.2800 3.1283 6.05392121366
7.2900 3.1238 6.06223703951
7.3000 3.1193 6.07055286535
7.3100 3.1148 6.07886869119
7.3200 3.1104 6.08718451703
7.3300 3.1059 6.09550034288
7.3400 3.1015 6.10381616872
7.3500 3.0971 6.11213199456
7.3600 3.0927 6.12044782041
7.3700 3.0883 6.12876364625
7.3800 3.0839 6.13707947209
7.3900 3.0795 6.14539529794
7.4000 3.0752 6.15371112378
7.4100 3.0708 6.16202694962
7.4200 3.0665 6.17034277546
7.4300 3.0622 6.17865860131
7.4400 3.0578 6.18697442715
7.4500 3.0535 6.19529025299
7.4600 3.0493 6.20360607884
7.4700 3.0450 6.21192190468
7.4800 3.0407 6.22023773052
7.4900 3.0365 6.22855355636
7.5000 3.0322 6.23686938221
7.5100 3.0280 6.24518520805
7.5200 3.0238 6.25350103389
7.5300 3.0196 6.26181685974
7.5400 3.0154 6.27013268558
7.5500 3.0112 6.27844851142
7.5600 3.0070 6.28676433727
7.5700 3.0028 6.29508016311
7.5800 2.9987 6.30339598895
7.5900 2.9945 6.31171181479
7.6000 2.9904 6.32002764064
7.6100 2.9863 6.32834346648
7.6200 2.9822 6.33665929232
7.6300 2.9781 6.34497511817
7.6400 2.9740 6.35329094401
7.6500 2.9699 6.36160676985
7.6600 2.9658 6.36992259569
7.6700 2.9618 6.37823842154
7.6800 2.9577 6.38655424738
7.6900 2.9537 6.39487007322
7.7000 2.9497 6.40318589907
7.7100 2.9457 6.41150172491
7.7200 2.9417 6.41981755075
7.7300 2.9377 6.4281333766
7.7400 2.9337 6.43644920244
7.7500 2.9297 6.44476502828
7.7600 2.9257 6.45308085412
7.7700 2.9218 6.46139667997
7.7800 2.9178 6.46971250581
7.7900 2.9139 6.47802833165
7.8000 2.9100 6.4863441575
7.8100 2.9061 6.49465998334
7.8200 2.9022 6.50297580918
7.8300 2.8983 6.51129163502
7.8400 2.8944 6.51960746087
7.8500 2.8905 6.52792328671
7.8600 2.8867 6.53623911255
7.8700 2.8828 6.5445549384
7.8800 2.8790 6.55287076424
7.8900 2.8751 6.56118659008
7.9000 2.8713 6.56950241593
7.9100 2.8675 6.57781824177
7.9200 2.8637 6.58613406761
7.9300 2.8599 6.59444989345
7.9400 2.8561 6.6027657193
7.9500 2.8523 6.61108154514
7.9600 2.8486 6.61939737098
7.9700 2.8448 6.62771319683
7.9800 2.8410 6.63602902267
7.9900 2.8373 6.64434484851
8.0000 2.8336 6.65266067435
8.0100 2.8299 6.6609765002
8.0200 2.8261 6.66929232604
8.0300 2.8224 6.67760815188
8.0400 2.8188 6.68592397773
8.0500 2.8151 6.69423980357
8.0600 2.8114 6.70255562941
8.0700 2.8077 6.71087145526
8.0800 2.8041 6.7191872811
8.0900 2.8004 6.72750310694
8.1000 2.7968 6.73581893278
8.1100 2.7932 6.74413475863
8.1200 2.7895 6.75245058447
8.1300 2.7859 6.76076641031
8.1400 2.7823 6.76908223616
8.1500 2.7787 6.777398062
8.1600 2.7751 6.78571388784
8.1700 2.7716 6.79402971368
8.1800 2.7680 6.80234553953
8.1900 2.7644 6.81066136537
8.2000 2.7609 6.81897719121
8.2100 2.7574 6.82729301706
8.2200 2.7538 6.8356088429
8.2300 2.7503 6.84392466874
8.2400 2.7468 6.85224049459
8.2500 2.7433 6.86055632043
8.2600 2.7398 6.86887214627
8.2700 2.7363 6.87718797211
8.2800 2.7328 6.88550379796
8.2900 2.7293 6.8938196238
8.3000 2.7259 6.90213544964
8.3100 2.7224 6.91045127549
8.3200 2.7190 6.91876710133
8.3300 2.7155 6.92708292717
8.3400 2.7121 6.93539875301
8.3500 2.7087 6.94371457886
8.3600 2.7052 6.9520304047
8.3700 2.7018 6.96034623054
8.3800 2.6984 6.96866205639
8.3900 2.6950 6.97697788223
8.4000 2.6917 6.98529370807
8.4100 2.6883 6.99360953392
8.4200 2.6849 7.00192535976
8.4300 2.6816 7.0102411856
8.4400 2.6782 7.01855701144
8.4500 2.6749 7.02687283729
8.4600 2.6715 7.03518866313
8.4700 2.6682 7.04350448897
8.4800 2.6649 7.05182031482
8.4900 2.6616 7.06013614066
8.5000 2.6583 7.0684519665
8.5100 2.6550 7.07676779234
8.5200 2.6517 7.08508361819
8.5300 2.6484 7.09339944403
8.5400 2.6451 7.10171526987
8.5500 2.6419 7.11003109572
8.5600 2.6386 7.11834692156
8.5700 2.6354 7.1266627474
8.5800 2.6321 7.13497857325
8.5900 2.6289 7.14329439909
8.6000 2.6256 7.15161022493
8.6100 2.6224 7.15992605077
8.6200 2.6192 7.16824187662
8.6300 2.6160 7.17655770246
8.6400 2.6128 7.1848735283
8.6500 2.6096 7.19318935415
8.6600 2.6064 7.20150517999
8.6700 2.6033 7.20982100583
8.6800 2.6001 7.21813683167
8.6900 2.5969 7.22645265752
8.7000 2.5938 7.23476848336
8.7100 2.5906 7.2430843092
8.7200 2.5875 7.25140013505
8.7300 2.5844 7.25971596089
8.7400 2.5812 7.26803178673
8.7500 2.5781 7.27634761258
8.7600 2.5750 7.28466343842
8.7700 2.5719 7.29297926426
8.7800 2.5688 7.3012950901
8.7900 2.5657 7.30961091595
8.8000 2.5626 7.31792674179
8.8100 2.5595 7.32624256763
8.8200 2.5565 7.33455839348
8.8300 2.5534 7.34287421932
8.8400 2.5504 7.35119004516
8.8500 2.5473 7.359505871
8.8600 2.5443 7.36782169685
8.8700 2.5412 7.37613752269
8.8800 2.5382 7.38445334853
8.8900 2.5352 7.39276917438
8.9000 2.5322 7.40108500022
8.9100 2.5292 7.40940082606
8.9200 2.5262 7.41771665191
8.9300 2.5232 7.42603247775
8.9400 2.5202 7.43434830359
8.9500 2.5172 7.44266412943
8.9600 2.5142 7.45097995528
8.9700 2.5113 7.45929578112
8.9800 2.5083 7.46761160696
8.9900 2.5053 7.47592743281
9.0000 2.5024 7.48424325865
9.0100 2.4994 7.49255908449
9.0200 2.4965 7.50087491033
9.0300 2.4936 7.50919073618
9.0400 2.4907 7.51750656202
9.0500 2.4877 7.52582238786
9.0600 2.4848 7.53413821371
9.0700 2.4819 7.54245403955
9.0800 2.4790 7.55076986539
9.0900 2.4761 7.55908569124
9.1000 2.4733 7.56740151708
9.1100 2.4704 7.57571734292
9.1200 2.4675 7.58403316876
9.1300 2.4647 7.59234899461
9.1400 2.4618 7.60066482045
9.1500 2.4589 7.60898064629
9.1600 2.4561 7.61729647214
9.1700 2.4533 7.62561229798
9.1800 2.4504 7.63392812382
9.1900 2.4476 7.64224394966
9.2000 2.4448 7.65055977551
9.2100 2.4420 7.65887560135
9.2200 2.4391 7.66719142719
9.2300 2.4363 7.67550725304
9.2400 2.4335 7.68382307888
9.2500 2.4308 7.69213890472
9.2600 2.4280 7.70045473057
9.2700 2.4252 7.70877055641
9.2800 2.4224 7.71708638225
9.2900 2.4197 7.72540220809
9.3000 2.4169 7.73371803394
9.3100 2.4141 7.74203385978
9.3200 2.4114 7.75034968562
9.3300 2.4086 7.75866551147
9.3400 2.4059 7.76698133731
9.3500 2.4032 7.77529716315
9.3600 2.4004 7.783612989
9.3700 2.3977 7.79192881484
9.3800 2.3950 7.80024464068
9.3900 2.3923 7.80856046652
9.4000 2.3896 7.81687629237
9.4100 2.3869 7.82519211821
9.4200 2.3842 7.83350794405
9.4300 2.3815 7.8418237699
9.4400 2.3788 7.85013959574
9.4500 2.3762 7.85845542158
9.4600 2.3735 7.86677124742
9.4700 2.3708 7.87508707327
9.4800 2.3682 7.88340289911
9.4900 2.3655 7.89171872495
9.5000 2.3629 7.9000345508
9.5100 2.3602 7.90835037664
9.5200 2.3576 7.91666620248
9.5300 2.3550 7.92498202833
9.5400 2.3524 7.93329785417
9.5500 2.3497 7.94161368001
9.5600 2.3471 7.94992950585
9.5700 2.3445 7.9582453317
9.5800 2.3419 7.96656115754
9.5900 2.3393 7.97487698338
9.6000 2.3367 7.98319280923
9.6100 2.3341 7.99150863507
9.6200 2.3316 7.99982446091
9.6300 2.3290 8.00814028675
9.6400 2.3264 8.0164561126
9.6500 2.3238 8.02477193844
9.6600 2.3213 8.03308776428
9.6700 2.3187 8.04140359013
9.6800 2.3162 8.04971941597
9.6900 2.3136 8.05803524181
9.7000 2.3111 8.06635106766
9.7100 2.3086 8.0746668935
9.7200 2.3060 8.08298271934
9.7300 2.3035 8.09129854518
9.7400 2.3010 8.09961437103
9.7500 2.2985 8.10793019687
9.7600 2.2960 8.11624602271
9.7700 2.2935 8.12456184856
9.7800 2.2910 8.1328776744
9.7900 2.2885 8.14119350024
9.8000 2.2860 8.14950932608
9.8100 2.2835 8.15782515193
9.8200 2.2810 8.16614097777
9.8300 2.2786 8.17445680361
9.8400 2.2761 8.18277262946
9.8500 2.2736 8.1910884553
9.8600 2.2712 8.19940428114
9.8700 2.2687 8.20772010699
9.8800 2.2663 8.21603593283
9.8900 2.2638 8.22435175867
9.9000 2.2614 8.23266758451
9.9100 2.2590 8.24098341036
9.9200 2.2565 8.2492992362
9.9300 2.2541 8.25761506204
9.9400 2.2517 8.26593088789
9.9500 2.2493 8.27424671373
9.9600 2.2469 8.28256253957
9.9700 2.2445 8.29087836541
9.9800 2.2421 8.29919419126
9.9900 2.2397 8.3075100171
10.000 2.2373 8.31582584294
10.100 2.2137 8.39898410137
10.110 2.2113 8.40729992722
10.120 2.2090 8.41561575306
10.130 2.2067 8.4239315789
10.140 2.2043 8.43224740474
10.150 2.2020 8.44056323059
10.160 2.1997 8.44887905643
10.170 2.1974 8.45719488227
10.180 2.1951 8.46551070812
10.190 2.1928 8.47382653396
10.200 2.1905 8.4821423598
10.210 2.1882 8.49045818565
10.220 2.1859 8.49877401149
10.230 2.1836 8.50708983733
10.240 2.1813 8.51540566317
10.250 2.1791 8.52372148902
10.260 2.1768 8.53203731486
10.270 2.1745 8.5403531407
10.280 2.1723 8.54866896655
10.290 2.1700 8.55698479239
10.300 2.1678 8.56530061823
10.310 2.1655 8.57361644407
10.320 2.1633 8.58193226992
10.330 2.1610 8.59024809576
10.340 2.1588 8.5985639216
10.350 2.1566 8.60687974745
10.360 2.1543 8.61519557329
10.370 2.1521 8.62351139913
10.380 2.1499 8.63182722498
10.390 2.1477 8.64014305082
10.400 2.1455 8.64845887666
10.410 2.1433 8.6567747025
10.420 2.1411 8.66509052835
10.430 2.1389 8.67340635419
10.440 2.1367 8.68172218003
10.450 2.1345 8.69003800588
10.460 2.1323 8.69835383172
10.470 2.1301 8.70666965756
10.480 2.1280 8.7149854834
10.490 2.1258 8.72330130925
10.500 2.1236 8.73161713509
10.510 2.1215 8.73993296093
10.520 2.1193 8.74824878678
10.530 2.1171 8.75656461262
10.540 2.1150 8.76488043846
10.550 2.1128 8.77319626431
10.560 2.1107 8.78151209015
10.570 2.1086 8.78982791599
10.580 2.1064 8.79814374183
10.590 2.1043 8.80645956768
10.600 2.1022 8.81477539352
10.610 2.1000 8.82309121936
10.620 2.0979 8.83140704521
10.630 2.0958 8.83972287105
10.640 2.0937 8.84803869689
10.650 2.0916 8.85635452273
10.660 2.0895 8.86467034858
10.670 2.0874 8.87298617442
10.680 2.0853 8.88130200026
10.690 2.0832 8.88961782611
10.700 2.0811 8.89793365195
10.710 2.0790 8.90624947779
10.720 2.0770 8.91456530364
10.730 2.0749 8.92288112948
10.740 2.0728 8.93119695532
10.750 2.0707 8.93951278116
10.760 2.0687 8.94782860701
10.770 2.0666 8.95614443285
10.780 2.0646 8.96446025869
10.790 2.0625 8.97277608454
10.800 2.0605 8.98109191038
10.810 2.0584 8.98940773622
10.820 2.0564 8.99772356206
10.830 2.0543 9.00603938791
10.840 2.0523 9.01435521375
10.850 2.0503 9.02267103959
10.860 2.0482 9.03098686544
10.870 2.0462 9.03930269128
10.880 2.0442 9.04761851712
10.890 2.0422 9.05593434297
10.900 2.0402 9.06425016881
10.910 2.0382 9.07256599465
10.920 2.0362 9.08088182049
10.930 2.0342 9.08919764634
10.940 2.0322 9.09751347218
10.950 2.0302 9.10582929802
10.960 2.0282 9.11414512387
10.970 2.0262 9.12246094971
10.980 2.0242 9.13077677555
10.990 2.0222 9.13909260139
11.000 2.0202 9.14740842724
11.010 2.0183 9.15572425308
11.020 2.0163 9.16404007892
11.030 2.0143 9.17235590477
11.040 2.0124 9.18067173061
11.050 2.0104 9.18898755645
11.060 2.0085 9.1973033823
11.070 2.0065 9.20561920814
11.080 2.0046 9.21393503398
11.090 2.0026 9.22225085982
11.100 2.0007 9.23056668567
11.110 1.9987 9.23888251151
11.120 1.9968 9.24719833735
11.130 1.9949 9.2555141632
11.140 1.9930 9.26382998904
11.150 1.9910 9.27214581488
11.160 1.9891 9.28046164072
11.170 1.9872 9.28877746657
11.180 1.9853 9.29709329241
11.190 1.9834 9.30540911825
11.200 1.9815 9.3137249441
11.210 1.9796 9.32204076994
11.220 1.9777 9.33035659578
11.230 1.9758 9.33867242163
11.240 1.9739 9.34698824747
11.250 1.9720 9.35530407331
11.260 1.9701 9.36361989915
11.270 1.9682 9.371935725
11.280 1.9663 9.38025155084
11.290 1.9645 9.38856737668
11.300 1.9626 9.39688320253
11.310 1.9607 9.40519902837
11.320 1.9589 9.41351485421
11.330 1.9570 9.42183068005
11.340 1.9551 9.4301465059
11.350 1.9533 9.43846233174
11.360 1.9514 9.44677815758
11.370 1.9496 9.45509398343
11.380 1.9477 9.46340980927
11.390 1.9459 9.47172563511
11.400 1.9441 9.48004146096
11.410 1.9422 9.4883572868
11.420 1.9404 9.49667311264
11.430 1.9386 9.50498893848
11.440 1.9367 9.51330476433
11.450 1.9349 9.52162059017
11.460 1.9331 9.52993641601
11.470 1.9313 9.53825224186
11.480 1.9294 9.5465680677
11.490 1.9276 9.55488389354
11.500 1.9258 9.56319971938
11.510 1.9240 9.57151554523
11.520 1.9222 9.57983137107
11.530 1.9204 9.58814719691
11.540 1.9186 9.59646302276
11.550 1.9168 9.6047788486
11.560 1.9150 9.61309467444
11.570 1.9133 9.62141050029
11.580 1.9115 9.62972632613
11.590 1.9097 9.63804215197
11.600 1.9079 9.64635797781
11.610 1.9061 9.65467380366
11.620 1.9044 9.6629896295
11.630 1.9026 9.67130545534
11.640 1.9008 9.67962128119
11.650 1.8991 9.68793710703
11.660 1.8973 9.69625293287
11.670 1.8956 9.70456875871
11.680 1.8938 9.71288458456
11.690 1.8921 9.7212004104
11.700 1.8903 9.72951623624
11.710 1.8886 9.73783206209
11.720 1.8868 9.74614788793
11.730 1.8851 9.75446371377
11.740 1.8834 9.76277953962
11.750 1.8816 9.77109536546
11.760 1.8799 9.7794111913
11.770 1.8782 9.78772701714
11.780 1.8764 9.79604284299
11.790 1.8747 9.80435866883
11.800 1.8730 9.81267449467
11.810 1.8713 9.82099032052
11.820 1.8696 9.82930614636
11.830 1.8679 9.8376219722
11.840 1.8662 9.84593779804
11.850 1.8645 9.85425362389
11.860 1.8628 9.86256944973
11.870 1.8611 9.87088527557
11.880 1.8594 9.87920110142
11.890 1.8577 9.88751692726
11.900 1.8560 9.8958327531
11.910 1.8543 9.90414857895
11.920 1.8526 9.91246440479
11.930 1.8509 9.92078023063
11.940 1.8493 9.92909605647
11.950 1.8476 9.93741188232
11.960 1.8459 9.94572770816
11.970 1.8442 9.954043534
11.980 1.8426 9.96235935985
11.990 1.8409 9.97067518569
12.000 1.8392 9.97899101153
12.010 1.8376 9.98730683738
12.020 1.8359 9.99562266322
12.030 1.8343 10.0039384891
12.040 1.8326 10.0122543149
12.050 1.8310 10.0205701407
12.060 1.8293 10.0288859666
12.070 1.8277 10.0372017924
12.080 1.8261 10.0455176183
12.090 1.8244 10.0538334441
12.100 1.8228 10.06214927
12.110 1.8212 10.0704650958
12.120 1.8195 10.0787809216
12.130 1.8179 10.0870967475
12.140 1.8163 10.0954125733
12.150 1.8147 10.1037283992
12.160 1.8130 10.112044225
12.170 1.8114 10.1203600509
12.180 1.8098 10.1286758767
12.190 1.8082 10.1369917025
12.200 1.8066 10.1453075284
12.210 1.8050 10.1536233542
12.220 1.8034 10.1619391801
12.230 1.8018 10.1702550059
12.240 1.8002 10.1785708318
12.250 1.7986 10.1868866576
12.260 1.7970 10.1952024834
12.270 1.7954 10.2035183093
12.280 1.7938 10.2118341351
12.290 1.7922 10.220149961
12.300 1.7907 10.2284657868
12.310 1.7891 10.2367816127
12.320 1.7875 10.2450974385
12.330 1.7859 10.2534132643
12.340 1.7844 10.2617290902
12.350 1.7828 10.270044916
12.360 1.7812 10.2783607419
12.370 1.7797 10.2866765677
12.380 1.7781 10.2949923936
12.390 1.7765 10.3033082194
12.400 1.7750 10.3116240452
12.410 1.7734 10.3199398711
12.420 1.7719 10.3282556969
12.430 1.7703 10.3365715228
12.440 1.7688 10.3448873486
12.450 1.7672 10.3532031745
12.460 1.7657 10.3615190003
12.470 1.7642 10.3698348262
12.480 1.7626 10.378150652
12.490 1.7611 10.3864664778
12.500 1.7596 10.3947823037
12.510 1.7580 10.4030981295
12.520 1.7565 10.4114139554
12.530 1.7550 10.4197297812
12.540 1.7535 10.4280456071
12.550 1.7519 10.4363614329
12.560 1.7504 10.4446772587
12.570 1.7489 10.4529930846
12.580 1.7474 10.4613089104
12.590 1.7459 10.4696247363
12.600 1.7444 10.4779405621
12.610 1.7429 10.486256388
12.620 1.7414 10.4945722138
12.630 1.7399 10.5028880396
12.640 1.7384 10.5112038655
12.650 1.7369 10.5195196913
12.660 1.7354 10.5278355172
12.670 1.7339 10.536151343
12.680 1.7324 10.5444671689
12.690 1.7309 10.5527829947
12.700 1.7294 10.5610988205
12.710 1.7279 10.5694146464
12.720 1.7265 10.5777304722
12.730 1.7250 10.5860462981
12.740 1.7235 10.5943621239
12.750 1.7220 10.6026779498
12.760 1.7206 10.6109937756
12.770 1.7191 10.6193096014
12.780 1.7176 10.6276254273
12.790 1.7162 10.6359412531
12.800 1.7147 10.644257079
12.810 1.7133 10.6525729048
12.820 1.7118 10.6608887307
12.830 1.7103 10.6692045565
12.840 1.7089 10.6775203823
12.850 1.7074 10.6858362082
12.860 1.7060 10.694152034
12.870 1.7046 10.7024678599
12.880 1.7031 10.7107836857
12.890 1.7017 10.7190995116
12.900 1.7002 10.7274153374
12.910 1.6988 10.7357311632
12.920 1.6974 10.7440469891
12.930 1.6959 10.7523628149
12.940 1.6945 10.7606786408
12.950 1.6931 10.7689944666
12.960 1.6916 10.7773102925
12.970 1.6902 10.7856261183
12.980 1.6888 10.7939419441
12.990 1.6874 10.80225777
13.000 1.6860 10.8105735958
13.010 1.6845 10.8188894217
13.020 1.6831 10.8272052475
13.030 1.6817 10.8355210734
13.040 1.6803 10.8438368992
13.050 1.6789 10.852152725
13.060 1.6775 10.8604685509
13.070 1.6761 10.8687843767
13.080 1.6747 10.8771002026
13.090 1.6733 10.8854160284
13.100 1.6719 10.8937318543
13.110 1.6705 10.9020476801
13.120 1.6691 10.9103635059
13.130 1.6677 10.9186793318
13.140 1.6664 10.9269951576
13.150 1.6650 10.9353109835
13.160 1.6636 10.9436268093
13.170 1.6622 10.9519426352
13.180 1.6608 10.960258461
13.190 1.6595 10.9685742868
13.200 1.6581 10.9768901127
13.210 1.6567 10.9852059385
13.220 1.6553 10.9935217644
13.230 1.6540 11.0018375902
13.240 1.6526 11.0101534161
13.250 1.6512 11.0184692419
13.260 1.6499 11.0267850677
13.270 1.6485 11.0351008936
13.280 1.6472 11.0434167194
13.290 1.6458 11.0517325453
13.300 1.6444 11.0600483711
13.310 1.6431 11.068364197
13.320 1.6417 11.0766800228
13.330 1.6404 11.0849958486
13.340 1.6391 11.0933116745
13.350 1.6377 11.1016275003
13.360 1.6364 11.1099433262
13.370 1.6350 11.118259152
13.380 1.6337 11.1265749779
13.390 1.6324 11.1348908037
13.400 1.6310 11.1432066295
13.410 1.6297 11.1515224554
13.420 1.6284 11.1598382812
13.430 1.6270 11.1681541071
13.440 1.6257 11.1764699329
13.450 1.6244 11.1847857588
13.460 1.6231 11.1931015846
13.470 1.6217 11.2014174104
13.480 1.6204 11.2097332363
13.490 1.6191 11.2180490621
13.500 1.6178 11.226364888
13.510 1.6165 11.2346807138
13.520 1.6152 11.2429965397
13.530 1.6139 11.2513123655
13.540 1.6126 11.2596281913
13.550 1.6112 11.2679440172
13.560 1.6099 11.276259843
13.570 1.6086 11.2845756689
13.580 1.6073 11.2928914947
13.590 1.6060 11.3012073206
13.600 1.6048 11.3095231464
13.610 1.6035 11.3178389722
13.620 1.6022 11.3261547981
13.630 1.6009 11.3344706239
13.640 1.5996 11.3427864498
13.650 1.5983 11.3511022756
13.660 1.5970 11.3594181015
13.670 1.5957 11.3677339273
13.680 1.5945 11.3760497531
13.690 1.5932 11.384365579
13.700 1.5919 11.3926814048
13.710 1.5906 11.4009972307
13.720 1.5894 11.4093130565
13.730 1.5881 11.4176288824
13.740 1.5868 11.4259447082
13.750 1.5856 11.434260534
13.760 1.5843 11.4425763599
13.770 1.5830 11.4508921857
13.780 1.5818 11.4592080116
13.790 1.5805 11.4675238374
13.800 1.5792 11.4758396633
13.810 1.5780 11.4841554891
13.820 1.5767 11.4924713149
13.830 1.5755 11.5007871408
13.840 1.5742 11.5091029666
13.850 1.5730 11.5174187925
13.860 1.5717 11.5257346183
13.870 1.5705 11.5340504442
13.880 1.5692 11.54236627
13.890 1.5680 11.5506820958
13.900 1.5668 11.5589979217
13.910 1.5655 11.5673137475
13.920 1.5643 11.5756295734
13.930 1.5631 11.5839453992
13.940 1.5618 11.5922612251
13.950 1.5606 11.6005770509
13.960 1.5594 11.6088928767
13.970 1.5581 11.6172087026
13.980 1.5569 11.6255245284
13.990 1.5557 11.6338403543
14.000 1.5545 11.6421561801
14.010 1.5532 11.650472006
14.020 1.5520 11.6587878318
14.030 1.5508 11.6671036576
14.040 1.5496 11.6754194835
14.050 1.5484 11.6837353093
14.060 1.5472 11.6920511352
14.070 1.5459 11.700366961
14.080 1.5447 11.7086827869
14.090 1.5435 11.7169986127
14.100 1.5423 11.7253144386
14.110 1.5411 11.7336302644
14.120 1.5399 11.7419460902
14.130 1.5387 11.7502619161
14.140 1.5375 11.7585777419
14.150 1.5363 11.7668935678
14.160 1.5351 11.7752093936
14.170 1.5339 11.7835252195
14.180 1.5327 11.7918410453
14.190 1.5316 11.8001568711
14.200 1.5304 11.808472697
14.210 1.5292 11.8167885228
14.220 1.5280 11.8251043487
14.230 1.5268 11.8334201745
14.240 1.5256 11.8417360004
14.250 1.5244 11.8500518262
14.260 1.5233 11.858367652
14.270 1.5221 11.8666834779
14.280 1.5209 11.8749993037
14.290 1.5197 11.8833151296
14.300 1.5186 11.8916309554
14.310 1.5174 11.8999467813
14.320 1.5162 11.9082626071
14.330 1.5151 11.9165784329
14.340 1.5139 11.9248942588
14.350 1.5127 11.9332100846
14.360 1.5116 11.9415259105
14.370 1.5104 11.9498417363
14.380 1.5092 11.9581575622
14.390 1.5081 11.966473388
14.400 1.5069 11.9747892138
14.410 1.5058 11.9831050397
14.420 1.5046 11.9914208655
14.430 1.5035 11.9997366914
14.440 1.5023 12.0080525172
14.450 1.5012 12.0163683431
14.460 1.5000 12.0246841689
14.470 1.4989 12.0329999947
14.480 1.4977 12.0413158206
14.490 1.4966 12.0496316464
14.500 1.4955 12.0579474723
14.510 1.4943 12.0662632981
14.520 1.4932 12.074579124
14.530 1.4921 12.0828949498
14.540 1.4909 12.0912107756
14.550 1.4898 12.0995266015
14.560 1.4887 12.1078424273
14.570 1.4875 12.1161582532
14.580 1.4864 12.124474079
14.590 1.4853 12.1327899049
14.600 1.4841 12.1411057307
14.610 1.4830 12.1494215565
14.620 1.4819 12.1577373824
14.630 1.4808 12.1660532082
14.640 1.4797 12.1743690341
14.650 1.4785 12.1826848599
14.660 1.4774 12.1910006858
14.670 1.4763 12.1993165116
14.680 1.4752 12.2076323374
14.690 1.4741 12.2159481633
14.700 1.4730 12.2242639891
14.710 1.4719 12.232579815
14.720 1.4708 12.2408956408
14.730 1.4697 12.2492114667
14.740 1.4686 12.2575272925
14.750 1.4675 12.2658431183
14.760 1.4664 12.2741589442
14.770 1.4653 12.28247477
14.780 1.4642 12.2907905959
14.790 1.4631 12.2991064217
14.800 1.4620 12.3074222476
14.810 1.4609 12.3157380734
14.820 1.4598 12.3240538992
14.830 1.4587 12.3323697251
14.840 1.4576 12.3406855509
14.850 1.4565 12.3490013768
14.860 1.4554 12.3573172026
14.870 1.4543 12.3656330285
14.880 1.4533 12.3739488543
14.890 1.4522 12.3822646801
14.900 1.4511 12.390580506
14.910 1.4500 12.3988963318
14.920 1.4489 12.4072121577
14.930 1.4479 12.4155279835
14.940 1.4468 12.4238438094
14.950 1.4457 12.4321596352
14.960 1.4446 12.440475461
14.970 1.4436 12.4487912869
14.980 1.4425 12.4571071127
14.990 1.4414 12.4654229386
15.000 1.4404 12.4737387644
15.100 1.4298 12.5568970228
15.110 1.4287 12.5652128487
15.120 1.4277 12.5735286745
15.130 1.4266 12.5818445004
15.140 1.4256 12.5901603262
15.150 1.4245 12.5984761521
15.160 1.4235 12.6067919779
15.170 1.4225 12.6151078037
15.180 1.4214 12.6234236296
15.190 1.4204 12.6317394554
15.200 1.4193 12.6400552813
15.210 1.4183 12.6483711071
15.220 1.4173 12.656686933
15.230 1.4162 12.6650027588
15.240 1.4152 12.6733185846
15.250 1.4142 12.6816344105
15.260 1.4131 12.6899502363
15.270 1.4121 12.6982660622
15.280 1.4111 12.706581888
15.290 1.4101 12.7148977139
15.300 1.4090 12.7232135397
15.310 1.4080 12.7315293655
15.320 1.4070 12.7398451914
15.330 1.4060 12.7481610172
15.340 1.4049 12.7564768431
15.350 1.4039 12.7647926689
15.360 1.4029 12.7731084948
15.370 1.4019 12.7814243206
15.380 1.4009 12.7897401464
15.390 1.3999 12.7980559723
15.400 1.3988 12.8063717981
15.410 1.3978 12.814687624
15.420 1.3968 12.8230034498
15.430 1.3958 12.8313192757
15.440 1.3948 12.8396351015
15.450 1.3938 12.8479509273
15.460 1.3928 12.8562667532
15.470 1.3918 12.864582579
15.480 1.3908 12.8728984049
15.490 1.3898 12.8812142307
15.500 1.3888 12.8895300566
15.510 1.3878 12.8978458824
15.520 1.3868 12.9061617082
15.530 1.3858 12.9144775341
15.540 1.3848 12.9227933599
15.550 1.3838 12.9311091858
15.560 1.3828 12.9394250116
15.570 1.3818 12.9477408375
15.580 1.3809 12.9560566633
15.590 1.3799 12.9643724891
15.600 1.3789 12.972688315
15.610 1.3779 12.9810041408
15.620 1.3769 12.9893199667
15.630 1.3759 12.9976357925
15.640 1.3749 13.0059516184
15.650 1.3740 13.0142674442
15.660 1.3730 13.02258327
15.670 1.3720 13.0308990959
15.680 1.3710 13.0392149217
15.690 1.3701 13.0475307476
15.700 1.3691 13.0558465734
15.710 1.3681 13.0641623993
15.720 1.3671 13.0724782251
15.730 1.3662 13.0807940509
15.740 1.3652 13.0891098768
15.750 1.3642 13.0974257026
15.760 1.3633 13.1057415285
15.770 1.3623 13.1140573543
15.780 1.3613 13.1223731802
15.790 1.3604 13.130689006
15.800 1.3594 13.1390048319
15.810 1.3585 13.1473206577
15.820 1.3575 13.1556364835
15.830 1.3565 13.1639523094
15.840 1.3556 13.1722681352
15.850 1.3546 13.1805839611
15.860 1.3537 13.1888997869
15.870 1.3527 13.1972156128
15.880 1.3518 13.2055314386
15.890 1.3508 13.2138472644
15.900 1.3499 13.2221630903
15.910 1.3489 13.2304789161
15.920 1.3480 13.238794742
15.930 1.3470 13.2471105678
15.940 1.3461 13.2554263937
15.950 1.3451 13.2637422195
15.960 1.3442 13.2720580453
15.970 1.3432 13.2803738712
15.980 1.3423 13.288689697
15.990 1.3414 13.2970055229
16.000 1.3404 13.3053213487
16.010 1.3395 13.3136371746
16.020 1.3386 13.3219530004
16.030 1.3376 13.3302688262
16.040 1.3367 13.3385846521
16.050 1.3358 13.3469004779
16.060 1.3348 13.3552163038
16.070 1.3339 13.3635321296
16.080 1.3330 13.3718479555
16.090 1.3320 13.3801637813
16.100 1.3311 13.3884796071
16.110 1.3302 13.396795433
16.120 1.3293 13.4051112588
16.130 1.3283 13.4134270847
16.140 1.3274 13.4217429105
16.150 1.3265 13.4300587364
16.160 1.3256 13.4383745622
16.170 1.3247 13.446690388
16.180 1.3237 13.4550062139
16.190 1.3228 13.4633220397
16.200 1.3219 13.4716378656
16.210 1.3210 13.4799536914
16.220 1.3201 13.4882695173
16.230 1.3192 13.4965853431
16.240 1.3183 13.5049011689
16.250 1.3173 13.5132169948
16.260 1.3164 13.5215328206
16.270 1.3155 13.5298486465
16.280 1.3146 13.5381644723
16.290 1.3137 13.5464802982
16.300 1.3128 13.554796124
16.310 1.3119 13.5631119498
16.320 1.3110 13.5714277757
16.330 1.3101 13.5797436015
16.340 1.3092 13.5880594274
16.350 1.3083 13.5963752532
16.360 1.3074 13.6046910791
16.370 1.3065 13.6130069049
16.380 1.3056 13.6213227307
16.390 1.3047 13.6296385566
16.400 1.3038 13.6379543824
16.410 1.3029 13.6462702083
16.420 1.3020 13.6545860341
16.430 1.3012 13.66290186
16.440 1.3003 13.6712176858
16.450 1.2994 13.6795335116
16.460 1.2985 13.6878493375
16.470 1.2976 13.6961651633
16.480 1.2967 13.7044809892
16.490 1.2958 13.712796815
16.500 1.2950 13.7211126409
16.510 1.2941 13.7294284667
16.520 1.2932 13.7377442925
16.530 1.2923 13.7460601184
16.540 1.2914 13.7543759442
16.550 1.2906 13.7626917701
16.560 1.2897 13.7710075959
16.570 1.2888 13.7793234218
16.580 1.2879 13.7876392476
16.590 1.2871 13.7959550734
16.600 1.2862 13.8042708993
16.610 1.2853 13.8125867251
16.620 1.2844 13.820902551
16.630 1.2836 13.8292183768
16.640 1.2827 13.8375342027
16.650 1.2818 13.8458500285
16.660 1.2810 13.8541658543
16.670 1.2801 13.8624816802
16.680 1.2792 13.870797506
16.690 1.2784 13.8791133319
16.700 1.2775 13.8874291577
16.710 1.2767 13.8957449836
16.720 1.2758 13.9040608094
16.730 1.2749 13.9123766352
16.740 1.2741 13.9206924611
16.750 1.2732 13.9290082869
16.760 1.2724 13.9373241128
16.770 1.2715 13.9456399386
16.780 1.2707 13.9539557645
16.790 1.2698 13.9622715903
16.800 1.2690 13.9705874161
16.810 1.2681 13.978903242
16.820 1.2673 13.9872190678
16.830 1.2664 13.9955348937
16.840 1.2656 14.0038507195
16.850 1.2647 14.0121665454
16.860 1.2639 14.0204823712
16.870 1.2630 14.028798197
16.880 1.2622 14.0371140229
16.890 1.2613 14.0454298487
16.900 1.2605 14.0537456746
16.910 1.2597 14.0620615004
16.920 1.2588 14.0703773263
16.930 1.2580 14.0786931521
16.940 1.2571 14.0870089779
16.950 1.2563 14.0953248038
16.960 1.2555 14.1036406296
16.970 1.2546 14.1119564555
16.980 1.2538 14.1202722813
16.990 1.2530 14.1285881072
17.000 1.2521 14.136903933
17.010 1.2513 14.1452197588
17.020 1.2505 14.1535355847
17.030 1.2496 14.1618514105
17.040 1.2488 14.1701672364
17.050 1.2480 14.1784830622
17.060 1.2472 14.1867988881
17.070 1.2463 14.1951147139
17.080 1.2455 14.2034305397
17.090 1.2447 14.2117463656
17.100 1.2439 14.2200621914
17.110 1.2430 14.2283780173
17.120 1.2422 14.2366938431
17.130 1.2414 14.245009669
17.140 1.2406 14.2533254948
17.150 1.2398 14.2616413206
17.160 1.2389 14.2699571465
17.170 1.2381 14.2782729723
17.180 1.2373 14.2865887982
17.190 1.2365 14.294904624
17.200 1.2357 14.3032204499
17.210 1.2349 14.3115362757
17.220 1.2341 14.3198521015
17.230 1.2333 14.3281679274
17.240 1.2324 14.3364837532
17.250 1.2316 14.3447995791
17.260 1.2308 14.3531154049
17.270 1.2300 14.3614312308
17.280 1.2292 14.3697470566
17.290 1.2284 14.3780628824
17.300 1.2276 14.3863787083
17.310 1.2268 14.3946945341
17.320 1.2260 14.40301036
17.330 1.2252 14.4113261858
17.340 1.2244 14.4196420117
17.350 1.2236 14.4279578375
17.360 1.2228 14.4362736633
17.370 1.2220 14.4445894892
17.380 1.2212 14.452905315
17.390 1.2204 14.4612211409
17.400 1.2196 14.4695369667
17.410 1.2188 14.4778527926
17.420 1.2180 14.4861686184
17.430 1.2172 14.4944844443
17.440 1.2165 14.5028002701
17.450 1.2157 14.5111160959
17.460 1.2149 14.5194319218
17.470 1.2141 14.5277477476
17.480 1.2133 14.5360635735
17.490 1.2125 14.5443793993
17.500 1.2117 14.5526952252
17.510 1.2109 14.561011051
17.520 1.2102 14.5693268768
17.530 1.2094 14.5776427027
17.540 1.2086 14.5859585285
17.550 1.2078 14.5942743544
17.560 1.2070 14.6025901802
17.570 1.2063 14.6109060061
17.580 1.2055 14.6192218319
17.590 1.2047 14.6275376577
17.600 1.2039 14.6358534836
17.610 1.2031 14.6441693094
17.620 1.2024 14.6524851353
17.630 1.2016 14.6608009611
17.640 1.2008 14.669116787
17.650 1.2000 14.6774326128
17.660 1.1993 14.6857484386
17.670 1.1985 14.6940642645
17.680 1.1977 14.7023800903
17.690 1.1970 14.7106959162
17.700 1.1962 14.719011742
17.710 1.1954 14.7273275679
17.720 1.1947 14.7356433937
17.730 1.1939 14.7439592195
17.740 1.1931 14.7522750454
17.750 1.1924 14.7605908712
17.760 1.1916 14.7689066971
17.770 1.1908 14.7772225229
17.780 1.1901 14.7855383488
17.790 1.1893 14.7938541746
17.800 1.1886 14.8021700004
17.810 1.1878 14.8104858263
17.820 1.1870 14.8188016521
17.830 1.1863 14.827117478
17.840 1.1855 14.8354333038
17.850 1.1848 14.8437491297
17.860 1.1840 14.8520649555
17.870 1.1833 14.8603807813
17.880 1.1825 14.8686966072
17.890 1.1818 14.877012433
17.900 1.1810 14.8853282589
17.910 1.1803 14.8936440847
17.920 1.1795 14.9019599106
17.930 1.1788 14.9102757364
17.940 1.1780 14.9185915622
17.950 1.1773 14.9269073881
17.960 1.1765 14.9352232139
17.970 1.1758 14.9435390398
17.980 1.1750 14.9518548656
17.990 1.1743 14.9601706915
18.000 1.1735 14.9684865173
18.010 1.1728 14.9768023431
18.020 1.1721 14.985118169
18.030 1.1713 14.9934339948
18.040 1.1706 15.0017498207
18.050 1.1698 15.0100656465
18.060 1.1691 15.0183814724
18.070 1.1684 15.0266972982
18.080 1.1676 15.035013124
18.090 1.1669 15.0433289499
18.100 1.1662 15.0516447757
18.110 1.1654 15.0599606016
18.120 1.1647 15.0682764274
18.130 1.1640 15.0765922533
18.140 1.1632 15.0849080791
18.150 1.1625 15.0932239049
18.160 1.1618 15.1015397308
18.170 1.1610 15.1098555566
18.180 1.1603 15.1181713825
18.190 1.1596 15.1264872083
18.200 1.1588 15.1348030342
18.210 1.1581 15.14311886
18.220 1.1574 15.1514346858
18.230 1.1567 15.1597505117
18.240 1.1559 15.1680663375
18.250 1.1552 15.1763821634
18.260 1.1545 15.1846979892
18.270 1.1538 15.1930138151
18.280 1.1531 15.2013296409
18.290 1.1523 15.2096454667
18.300 1.1516 15.2179612926
18.310 1.1509 15.2262771184
18.320 1.1502 15.2345929443
18.330 1.1495 15.2429087701
18.340 1.1487 15.251224596
18.350 1.1480 15.2595404218
18.360 1.1473 15.2678562476
18.370 1.1466 15.2761720735
18.380 1.1459 15.2844878993
18.390 1.1452 15.2928037252
18.400 1.1445 15.301119551
18.410 1.1438 15.3094353769
18.420 1.1430 15.3177512027
18.430 1.1423 15.3260670285
18.440 1.1416 15.3343828544
18.450 1.1409 15.3426986802
18.460 1.1402 15.3510145061
18.470 1.1395 15.3593303319
18.480 1.1388 15.3676461578
18.490 1.1381 15.3759619836
18.500 1.1374 15.3842778094
18.510 1.1367 15.3925936353
18.520 1.1360 15.4009094611
18.530 1.1353 15.409225287
18.540 1.1346 15.4175411128
18.550 1.1339 15.4258569387
18.560 1.1332 15.4341727645
18.570 1.1325 15.4424885903
18.580 1.1318 15.4508044162
18.590 1.1311 15.459120242
18.600 1.1304 15.4674360679
18.610 1.1297 15.4757518937
18.620 1.1290 15.4840677196
18.630 1.1283 15.4923835454
18.640 1.1276 15.5006993712
18.650 1.1269 15.5090151971
18.660 1.1262 15.5173310229
18.670 1.1255 15.5256468488
18.680 1.1248 15.5339626746
18.690 1.1242 15.5422785005
18.700 1.1235 15.5505943263
18.710 1.1228 15.5589101521
18.720 1.1221 15.567225978
18.730 1.1214 15.5755418038
18.740 1.1207 15.5838576297
18.750 1.1200 15.5921734555
18.760 1.1193 15.6004892814
18.770 1.1187 15.6088051072
18.780 1.1180 15.617120933
18.790 1.1173 15.6254367589
18.800 1.1166 15.6337525847
18.810 1.1159 15.6420684106
18.820 1.1152 15.6503842364
18.830 1.1146 15.6587000623
18.840 1.1139 15.6670158881
18.850 1.1132 15.6753317139
18.860 1.1125 15.6836475398
18.870 1.1119 15.6919633656
18.880 1.1112 15.7002791915
18.890 1.1105 15.7085950173
18.900 1.1098 15.7169108432
18.910 1.1092 15.725226669
18.920 1.1085 15.7335424948
18.930 1.1078 15.7418583207
18.940 1.1071 15.7501741465
18.950 1.1065 15.7584899724
18.960 1.1058 15.7668057982
18.970 1.1051 15.7751216241
18.980 1.1044 15.7834374499
18.990 1.1038 15.7917532757
19.000 1.1031 15.8000691016
19.010 1.1024 15.8083849274
19.020 1.1018 15.8167007533
19.030 1.1011 15.8250165791
19.040 1.1004 15.833332405
19.050 1.0998 15.8416482308
19.060 1.0991 15.8499640567
19.070 1.0985 15.8582798825
19.080 1.0978 15.8665957083
19.090 1.0971 15.8749115342
19.100 1.0965 15.88322736
19.110 1.0958 15.8915431859
19.120 1.0951 15.8998590117
19.130 1.0945 15.9081748376
19.140 1.0938 15.9164906634
19.150 1.0932 15.9248064892
19.160 1.0925 15.9331223151
19.170 1.0919 15.9414381409
19.180 1.0912 15.9497539668
19.190 1.0905 15.9580697926
19.200 1.0899 15.9663856185
19.210 1.0892 15.9747014443
19.220 1.0886 15.9830172701
19.230 1.0879 15.991333096
19.240 1.0873 15.9996489218
19.250 1.0866 16.0079647477
19.260 1.0860 16.0162805735
19.270 1.0853 16.0245963994
19.280 1.0847 16.0329122252
19.290 1.0840 16.041228051
19.300 1.0834 16.0495438769
19.310 1.0827 16.0578597027
19.320 1.0821 16.0661755286
19.330 1.0814 16.0744913544
19.340 1.0808 16.0828071803
19.350 1.0802 16.0911230061
19.360 1.0795 16.0994388319
19.370 1.0789 16.1077546578
19.380 1.0782 16.1160704836
19.390 1.0776 16.1243863095
19.400 1.0769 16.1327021353
19.410 1.0763 16.1410179612
19.420 1.0757 16.149333787
19.430 1.0750 16.1576496128
19.440 1.0744 16.1659654387
19.450 1.0737 16.1742812645
19.460 1.0731 16.1825970904
19.470 1.0725 16.1909129162
19.480 1.0718 16.1992287421
19.490 1.0712 16.2075445679
19.500 1.0706 16.2158603937
19.510 1.0699 16.2241762196
19.520 1.0693 16.2324920454
19.530 1.0687 16.2408078713
19.540 1.0680 16.2491236971
19.550 1.0674 16.257439523
19.560 1.0668 16.2657553488
19.570 1.0661 16.2740711746
19.580 1.0655 16.2823870005
19.590 1.0649 16.2907028263
19.600 1.0643 16.2990186522
19.610 1.0636 16.307334478
19.620 1.0630 16.3156503039
19.630 1.0624 16.3239661297
19.640 1.0617 16.3322819555
19.650 1.0611 16.3405977814
19.660 1.0605 16.3489136072
19.670 1.0599 16.3572294331
19.680 1.0592 16.3655452589
19.690 1.0586 16.3738610848
19.700 1.0580 16.3821769106
19.710 1.0574 16.3904927364
19.720 1.0568 16.3988085623
19.730 1.0561 16.4071243881
19.740 1.0555 16.415440214
19.750 1.0549 16.4237560398
19.760 1.0543 16.4320718657
19.770 1.0537 16.4403876915
19.780 1.0530 16.4487035173
19.790 1.0524 16.4570193432
19.800 1.0518 16.465335169
19.810 1.0512 16.4736509949
19.820 1.0506 16.4819668207
19.830 1.0500 16.4902826466
19.840 1.0494 16.4985984724
19.850 1.0487 16.5069142982
19.860 1.0481 16.5152301241
19.870 1.0475 16.5235459499
19.880 1.0469 16.5318617758
19.890 1.0463 16.5401776016
19.900 1.0457 16.5484934275
19.910 1.0451 16.5568092533
19.920 1.0445 16.5651250791
19.930 1.0439 16.573440905
19.940 1.0433 16.5817567308
19.950 1.0426 16.5900725567
19.960 1.0420 16.5983883825
19.970 1.0414 16.6067042084
19.980 1.0408 16.6150200342
19.990 1.0402 16.62333586
20.000 1.0396 16.6316516859
20.100 1.0336 16.7148099443
20.110 1.0330 16.7231257702
20.120 1.0324 16.731441596
20.130 1.0318 16.7397574218
20.140 1.0312 16.7480732477
20.150 1.0306 16.7563890735
20.160 1.0300 16.7647048994
20.170 1.0294 16.7730207252
20.180 1.0289 16.7813365511
20.190 1.0283 16.7896523769
20.200 1.0277 16.7979682027
20.210 1.0271 16.8062840286
20.220 1.0265 16.8145998544
20.230 1.0259 16.8229156803
20.240 1.0253 16.8312315061
20.250 1.0247 16.839547332
20.260 1.0241 16.8478631578
20.270 1.0235 16.8561789836
20.280 1.0229 16.8644948095
20.290 1.0224 16.8728106353
20.300 1.0218 16.8811264612
20.310 1.0212 16.889442287
20.320 1.0206 16.8977581129
20.330 1.0200 16.9060739387
20.340 1.0194 16.9143897645
20.350 1.0189 16.9227055904
20.360 1.0183 16.9310214162
20.370 1.0177 16.9393372421
20.380 1.0171 16.9476530679
20.390 1.0165 16.9559688938
20.400 1.0159 16.9642847196
20.410 1.0154 16.9726005454
20.420 1.0148 16.9809163713
20.430 1.0142 16.9892321971
20.440 1.0136 16.997548023
20.450 1.0130 17.0058638488
20.460 1.0125 17.0141796747
20.470 1.0119 17.0224955005
20.480 1.0113 17.0308113263
20.490 1.0107 17.0391271522
20.500 1.0102 17.047442978
20.510 1.0096 17.0557588039
20.520 1.0090 17.0640746297
20.530 1.0084 17.0723904556
20.540 1.0079 17.0807062814
20.550 1.0073 17.0890221072
20.560 1.0067 17.0973379331
20.570 1.0061 17.1056537589
20.580 1.0056 17.1139695848
20.590 1.0050 17.1222854106
20.600 1.0044 17.1306012365
20.610 1.0039 17.1389170623
20.620 1.0033 17.1472328881
20.630 1.0027 17.155548714
20.640 1.0022 17.1638645398
20.650 1.0016 17.1721803657
20.660 1.0010 17.1804961915
20.670 1.0005 17.1888120174
20.680 0.99990 17.1971278432
20.690 0.99933 17.205443669
20.700 0.99877 17.2137594949
20.710 0.99820 17.2220753207
20.720 0.99764 17.2303911466
20.730 0.99708 17.2387069724
20.740 0.99652 17.2470227983
20.750 0.99595 17.2553386241
20.760 0.99539 17.26365445
20.770 0.99483 17.2719702758
20.780 0.99427 17.2802861016
20.790 0.99371 17.2886019275
20.800 0.99315 17.2969177533
20.810 0.99259 17.3052335792
20.820 0.99203 17.313549405
20.830 0.99148 17.3218652309
20.840 0.99092 17.3301810567
20.850 0.99036 17.3384968825
20.860 0.98981 17.3468127084
20.870 0.98925 17.3551285342
20.880 0.98870 17.3634443601
20.890 0.98814 17.3717601859
20.900 0.98759 17.3800760118
20.910 0.98703 17.3883918376
20.920 0.98648 17.3967076634
20.930 0.98593 17.4050234893
20.940 0.98538 17.4133393151
20.950 0.98483 17.421655141
20.960 0.98428 17.4299709668
20.970 0.98372 17.4382867927
20.980 0.98317 17.4466026185
20.990 0.98263 17.4549184443
21.000 0.98208 17.4632342702
21.010 0.98153 17.471550096
21.020 0.98098 17.4798659219
21.030 0.98043 17.4881817477
21.040 0.97989 17.4964975736
21.050 0.97934 17.5048133994
21.060 0.97879 17.5131292252
21.070 0.97825 17.5214450511
21.080 0.97770 17.5297608769
21.090 0.97716 17.5380767028
21.100 0.97662 17.5463925286
21.110 0.97607 17.5547083545
21.120 0.97553 17.5630241803
21.130 0.97499 17.5713400061
21.140 0.97445 17.579655832
21.150 0.97390 17.5879716578
21.160 0.97336 17.5962874837
21.170 0.97282 17.6046033095
21.180 0.97228 17.6129191354
21.190 0.97174 17.6212349612
21.200 0.97121 17.629550787
21.210 0.97067 17.6378666129
21.220 0.97013 17.6461824387
21.230 0.96959 17.6544982646
21.240 0.96906 17.6628140904
21.250 0.96852 17.6711299163
21.260 0.96798 17.6794457421
21.270 0.96745 17.6877615679
21.280 0.96691 17.6960773938
21.290 0.96638 17.7043932196
21.300 0.96585 17.7127090455
21.310 0.96531 17.7210248713
21.320 0.96478 17.7293406972
21.330 0.96425 17.737656523
21.340 0.96372 17.7459723488
21.350 0.96318 17.7542881747
21.360 0.96265 17.7626040005
21.370 0.96212 17.7709198264
21.380 0.96159 17.7792356522
21.390 0.96106 17.7875514781
21.400 0.96053 17.7958673039
21.410 0.96001 17.8041831297
21.420 0.95948 17.8124989556
21.430 0.95895 17.8208147814
21.440 0.95842 17.8291306073
21.450 0.95790 17.8374464331
21.460 0.95737 17.845762259
21.470 0.95684 17.8540780848
21.480 0.95632 17.8623939106
21.490 0.95580 17.8707097365
21.500 0.95527 17.8790255623
21.510 0.95475 17.8873413882
21.520 0.95422 17.895657214
21.530 0.95370 17.9039730399
21.540 0.95318 17.9122888657
21.550 0.95266 17.9206046915
21.560 0.95214 17.9289205174
21.570 0.95162 17.9372363432
21.580 0.95109 17.9455521691
21.590 0.95058 17.9538679949
21.600 0.95006 17.9621838208
21.610 0.94954 17.9704996466
21.620 0.94902 17.9788154724
21.630 0.94850 17.9871312983
21.640 0.94798 17.9954471241
21.650 0.94747 18.00376295
21.660 0.94695 18.0120787758
21.670 0.94643 18.0203946017
21.680 0.94592 18.0287104275
21.690 0.94540 18.0370262533
21.700 0.94489 18.0453420792
21.710 0.94437 18.053657905
21.720 0.94386 18.0619737309
21.730 0.94335 18.0702895567
21.740 0.94283 18.0786053826
21.750 0.94232 18.0869212084
21.760 0.94181 18.0952370342
21.770 0.94130 18.1035528601
21.780 0.94079 18.1118686859
21.790 0.94028 18.1201845118
21.800 0.93977 18.1285003376
21.810 0.93926 18.1368161635
21.820 0.93875 18.1451319893
21.830 0.93824 18.1534478151
21.840 0.93773 18.161763641
21.850 0.93722 18.1700794668
21.860 0.93671 18.1783952927
21.870 0.93621 18.1867111185
21.880 0.93570 18.1950269444
21.890 0.93519 18.2033427702
21.900 0.93469 18.211658596
21.910 0.93418 18.2199744219
21.920 0.93368 18.2282902477
21.930 0.93317 18.2366060736
21.940 0.93267 18.2449218994
21.950 0.93217 18.2532377253
21.960 0.93166 18.2615535511
21.970 0.93116 18.2698693769
21.980 0.93066 18.2781852028
21.990 0.93016 18.2865010286
22.000 0.92966 18.2948168545
22.010 0.92916 18.3031326803
22.020 0.92866 18.3114485062
22.030 0.92816 18.319764332
22.040 0.92766 18.3280801578
22.050 0.92716 18.3363959837
22.060 0.92666 18.3447118095
22.070 0.92616 18.3530276354
22.080 0.92566 18.3613434612
22.090 0.92517 18.3696592871
22.100 0.92467 18.3779751129
22.110 0.92417 18.3862909387
22.120 0.92368 18.3946067646
22.130 0.92318 18.4029225904
22.140 0.92269 18.4112384163
22.150 0.92219 18.4195542421
22.160 0.92170 18.427870068
22.170 0.92121 18.4361858938
22.180 0.92071 18.4445017196
22.190 0.92022 18.4528175455
22.200 0.91973 18.4611333713
22.210 0.91924 18.4694491972
22.220 0.91874 18.477765023
22.230 0.91825 18.4860808489
22.240 0.91776 18.4943966747
22.250 0.91727 18.5027125005
22.260 0.91678 18.5110283264
22.270 0.91629 18.5193441522
22.280 0.91580 18.5276599781
22.290 0.91532 18.5359758039
22.300 0.91483 18.5442916298
22.310 0.91434 18.5526074556
22.320 0.91385 18.5609232814
22.330 0.91337 18.5692391073
22.340 0.91288 18.5775549331
22.350 0.91239 18.585870759
22.360 0.91191 18.5941865848
22.370 0.91142 18.6025024107
22.380 0.91094 18.6108182365
22.390 0.91045 18.6191340624
22.400 0.90997 18.6274498882
22.410 0.90949 18.635765714
22.420 0.90900 18.6440815399
22.430 0.90852 18.6523973657
22.440 0.90804 18.6607131916
22.450 0.90756 18.6690290174
22.460 0.90708 18.6773448433
22.470 0.90660 18.6856606691
22.480 0.90612 18.6939764949
22.490 0.90564 18.7022923208
22.500 0.90516 18.7106081466
22.510 0.90468 18.7189239725
22.520 0.90420 18.7272397983
22.530 0.90372 18.7355556242
22.540 0.90324 18.74387145
22.550 0.90276 18.7521872758
22.560 0.90229 18.7605031017
22.570 0.90181 18.7688189275
22.580 0.90133 18.7771347534
22.590 0.90086 18.7854505792
22.600 0.90038 18.7937664051
22.610 0.89991 18.8020822309
22.620 0.89943 18.8103980567
22.630 0.89896 18.8187138826
22.640 0.89848 18.8270297084
22.650 0.89801 18.8353455343
22.660 0.89754 18.8436613601
22.670 0.89707 18.851977186
22.680 0.89659 18.8602930118
22.690 0.89612 18.8686088376
22.700 0.89565 18.8769246635
22.710 0.89518 18.8852404893
22.720 0.89471 18.8935563152
22.730 0.89424 18.901872141
22.740 0.89377 18.9101879669
22.750 0.89330 18.9185037927
22.760 0.89283 18.9268196185
22.770 0.89236 18.9351354444
22.780 0.89189 18.9434512702
22.790 0.89143 18.9517670961
22.800 0.89096 18.9600829219
22.810 0.89049 18.9683987478
22.820 0.89002 18.9767145736
22.830 0.88956 18.9850303994
22.840 0.88909 18.9933462253
22.850 0.88863 19.0016620511
22.860 0.88816 19.009977877
22.870 0.88770 19.0182937028
22.880 0.88723 19.0266095287
22.890 0.88677 19.0349253545
22.900 0.88631 19.0432411803
22.910 0.88584 19.0515570062
22.920 0.88538 19.059872832
22.930 0.88492 19.0681886579
22.940 0.88446 19.0765044837
22.950 0.88400 19.0848203096
22.960 0.88353 19.0931361354
22.970 0.88307 19.1014519612
22.980 0.88261 19.1097677871
22.990 0.88215 19.1180836129
23.000 0.88169 19.1263994388
23.010 0.88123 19.1347152646
23.020 0.88078 19.1430310905
23.030 0.88032 19.1513469163
23.040 0.87986 19.1596627421
23.050 0.87940 19.167978568
23.060 0.87894 19.1762943938
23.070 0.87849 19.1846102197
23.080 0.87803 19.1929260455
23.090 0.87758 19.2012418714
23.100 0.87712 19.2095576972
23.110 0.87666 19.217873523
23.120 0.87621 19.2261893489
23.130 0.87576 19.2345051747
23.140 0.87530 19.2428210006
23.150 0.87485 19.2511368264
23.160 0.87439 19.2594526523
23.170 0.87394 19.2677684781
23.180 0.87349 19.2760843039
23.190 0.87304 19.2844001298
23.200 0.87258 19.2927159556
23.210 0.87213 19.3010317815
23.220 0.87168 19.3093476073
23.230 0.87123 19.3176634332
23.240 0.87078 19.325979259
23.250 0.87033 19.3342950848
23.260 0.86988 19.3426109107
23.270 0.86943 19.3509267365
23.280 0.86898 19.3592425624
23.290 0.86853 19.3675583882
23.300 0.86809 19.3758742141
23.310 0.86764 19.3841900399
23.320 0.86719 19.3925058657
23.330 0.86674 19.4008216916
23.340 0.86630 19.4091375174
23.350 0.86585 19.4174533433
23.360 0.86541 19.4257691691
23.370 0.86496 19.434084995
23.380 0.86452 19.4424008208
23.390 0.86407 19.4507166466
23.400 0.86363 19.4590324725
23.410 0.86318 19.4673482983
23.420 0.86274 19.4756641242
23.430 0.86230 19.48397995
23.440 0.86185 19.4922957759
23.450 0.86141 19.5006116017
23.460 0.86097 19.5089274275
23.470 0.86053 19.5172432534
23.480 0.86009 19.5255590792
23.490 0.85964 19.5338749051
23.500 0.85920 19.5421907309
23.510 0.85876 19.5505065568
23.520 0.85832 19.5588223826
23.530 0.85788 19.5671382084
23.540 0.85744 19.5754540343
23.550 0.85701 19.5837698601
23.560 0.85657 19.592085686
23.570 0.85613 19.6004015118
23.580 0.85569 19.6087173377
23.590 0.85525 19.6170331635
23.600 0.85482 19.6253489893
23.610 0.85438 19.6336648152
23.620 0.85394 19.641980641
23.630 0.85351 19.6502964669
23.640 0.85307 19.6586122927
23.650 0.85264 19.6669281186
23.660 0.85220 19.6752439444
23.670 0.85177 19.6835597702
23.680 0.85133 19.6918755961
23.690 0.85090 19.7001914219
23.700 0.85047 19.7085072478
23.710 0.85003 19.7168230736
23.720 0.84960 19.7251388995
23.730 0.84917 19.7334547253
23.740 0.84874 19.7417705511
23.750 0.84830 19.750086377
23.760 0.84787 19.7584022028
23.770 0.84744 19.7667180287
23.780 0.84701 19.7750338545
23.790 0.84658 19.7833496804
23.800 0.84615 19.7916655062
23.810 0.84572 19.799981332
23.820 0.84529 19.8082971579
23.830 0.84486 19.8166129837
23.840 0.84443 19.8249288096
23.850 0.84401 19.8332446354
23.860 0.84358 19.8415604613
23.870 0.84315 19.8498762871
23.880 0.84272 19.8581921129
23.890 0.84230 19.8665079388
23.900 0.84187 19.8748237646
23.910 0.84144 19.8831395905
23.920 0.84102 19.8914554163
23.930 0.84059 19.8997712422
23.940 0.84017 19.908087068
23.950 0.83974 19.9164028938
23.960 0.83932 19.9247187197
23.970 0.83889 19.9330345455
23.980 0.83847 19.9413503714
23.990 0.83805 19.9496661972
24.000 0.83762 19.9579820231
24.010 0.83720 19.9662978489
24.020 0.83678 19.9746136748
24.030 0.83636 19.9829295006
24.040 0.83593 19.9912453264
24.050 0.83551 19.9995611523
24.060 0.83509 20.0078769781
24.070 0.83467 20.016192804
24.080 0.83425 20.0245086298
24.090 0.83383 20.0328244557
24.100 0.83341 20.0411402815
24.110 0.83299 20.0494561073
24.120 0.83257 20.0577719332
24.130 0.83216 20.066087759
24.140 0.83174 20.0744035849
24.150 0.83132 20.0827194107
24.160 0.83090 20.0910352366
24.170 0.83048 20.0993510624
24.180 0.83007 20.1076668882
24.190 0.82965 20.1159827141
24.200 0.82923 20.1242985399
24.210 0.82882 20.1326143658
24.220 0.82840 20.1409301916
24.230 0.82799 20.1492460175
24.240 0.82757 20.1575618433
24.250 0.82716 20.1658776691
24.260 0.82674 20.174193495
24.270 0.82633 20.1825093208
24.280 0.82592 20.1908251467
24.290 0.82550 20.1991409725
24.300 0.82509 20.2074567984
24.310 0.82468 20.2157726242
24.320 0.82426 20.22408845
24.330 0.82385 20.2324042759
24.340 0.82344 20.2407201017
24.350 0.82303 20.2490359276
24.360 0.82262 20.2573517534
24.370 0.82221 20.2656675793
24.380 0.82180 20.2739834051
24.390 0.82139 20.2822992309
24.400 0.82098 20.2906150568
24.410 0.82057 20.2989308826
24.420 0.82016 20.3072467085
24.430 0.81975 20.3155625343
24.440 0.81934 20.3238783602
24.450 0.81893 20.332194186
24.460 0.81853 20.3405100118
24.470 0.81812 20.3488258377
24.480 0.81771 20.3571416635
24.490 0.81730 20.3654574894
24.500 0.81690 20.3737733152
24.510 0.81649 20.3820891411
24.520 0.81609 20.3904049669
24.530 0.81568 20.3987207927
24.540 0.81528 20.4070366186
24.550 0.81487 20.4153524444
24.560 0.81447 20.4236682703
24.570 0.81406 20.4319840961
24.580 0.81366 20.440299922
24.590 0.81325 20.4486157478
24.600 0.81285 20.4569315736
24.610 0.81245 20.4652473995
24.620 0.81205 20.4735632253
24.630 0.81164 20.4818790512
24.640 0.81124 20.490194877
24.650 0.81084 20.4985107029
24.660 0.81044 20.5068265287
24.670 0.81004 20.5151423545
24.680 0.80964 20.5234581804
24.690 0.80924 20.5317740062
24.700 0.80884 20.5400898321
24.710 0.80844 20.5484056579
24.720 0.80804 20.5567214838
24.730 0.80764 20.5650373096
24.740 0.80724 20.5733531354
24.750 0.80684 20.5816689613
24.760 0.80644 20.5899847871
24.770 0.80604 20.598300613
24.780 0.80565 20.6066164388
24.790 0.80525 20.6149322647
24.800 0.80485 20.6232480905
24.810 0.80446 20.6315639163
24.820 0.80406 20.6398797422
24.830 0.80366 20.648195568
24.840 0.80327 20.6565113939
24.850 0.80287 20.6648272197
24.860 0.80248 20.6731430456
24.870 0.80208 20.6814588714
24.880 0.80169 20.6897746972
24.890 0.80129 20.6980905231
24.900 0.80090 20.7064063489
24.910 0.80050 20.7147221748
24.920 0.80011 20.7230380006
24.930 0.79972 20.7313538265
24.940 0.79933 20.7396696523
24.950 0.79893 20.7479854781
24.960 0.79854 20.756301304
24.970 0.79815 20.7646171298
24.980 0.79776 20.7729329557
24.990 0.79737 20.7812487815
25.000 0.79698 20.7895646074
25.100 0.79308 20.8727228658
25.110 0.79270 20.8810386916
25.120 0.79231 20.8893545175
25.130 0.79192 20.8976703433
25.140 0.79153 20.9059861692
25.150 0.79115 20.914301995
25.160 0.79076 20.9226178208
25.170 0.79038 20.9309336467
25.180 0.78999 20.9392494725
25.190 0.78961 20.9475652984
25.200 0.78922 20.9558811242
25.210 0.78884 20.9641969501
25.220 0.78845 20.9725127759
25.230 0.78807 20.9808286017
25.240 0.78768 20.9891444276
25.250 0.78730 20.9974602534
25.260 0.78692 21.0057760793
25.270 0.78653 21.0140919051
25.280 0.78615 21.022407731
25.290 0.78577 21.0307235568
25.300 0.78539 21.0390393826
25.310 0.78501 21.0473552085
25.320 0.78462 21.0556710343
25.330 0.78424 21.0639868602
25.340 0.78386 21.072302686
25.350 0.78348 21.0806185119
25.360 0.78310 21.0889343377
25.370 0.78272 21.0972501635
25.380 0.78234 21.1055659894
25.390 0.78196 21.1138818152
25.400 0.78158 21.1221976411
25.410 0.78120 21.1305134669
25.420 0.78083 21.1388292928
25.430 0.78045 21.1471451186
25.440 0.78007 21.1554609444
25.450 0.77969 21.1637767703
25.460 0.77931 21.1720925961
25.470 0.77894 21.180408422
25.480 0.77856 21.1887242478
25.490 0.77818 21.1970400737
25.500 0.77781 21.2053558995
25.510 0.77743 21.2136717253
25.520 0.77706 21.2219875512
25.530 0.77668 21.230303377
25.540 0.77631 21.2386192029
25.550 0.77593 21.2469350287
25.560 0.77556 21.2552508546
25.570 0.77518 21.2635666804
25.580 0.77481 21.2718825062
25.590 0.77443 21.2801983321
25.600 0.77406 21.2885141579
25.610 0.77369 21.2968299838
25.620 0.77332 21.3051458096
25.630 0.77294 21.3134616355
25.640 0.77257 21.3217774613
25.650 0.77220 21.3300932871
25.660 0.77183 21.338409113
25.670 0.77146 21.3467249388
25.680 0.77108 21.3550407647
25.690 0.77071 21.3633565905
25.700 0.77034 21.3716724164
25.710 0.76997 21.3799882422
25.720 0.76960 21.3883040681
25.730 0.76923 21.3966198939
25.740 0.76886 21.4049357197
25.750 0.76849 21.4132515456
25.760 0.76812 21.4215673714
25.770 0.76776 21.4298831973
25.780 0.76739 21.4381990231
25.790 0.76702 21.446514849
25.800 0.76665 21.4548306748
25.810 0.76628 21.4631465006
25.820 0.76592 21.4714623265
25.830 0.76555 21.4797781523
25.840 0.76518 21.4880939782
25.850 0.76482 21.496409804
25.860 0.76445 21.5047256299
25.870 0.76408 21.5130414557
25.880 0.76372 21.5213572815
25.890 0.76335 21.5296731074
25.900 0.76299 21.5379889332
25.910 0.76262 21.5463047591
25.920 0.76226 21.5546205849
25.930 0.76189 21.5629364108
25.940 0.76153 21.5712522366
25.950 0.76117 21.5795680624
25.960 0.76080 21.5878838883
25.970 0.76044 21.5961997141
25.980 0.76008 21.60451554
25.990 0.75971 21.6128313658
26.000 0.75935 21.6211471917
26.010 0.75899 21.6294630175
26.020 0.75863 21.6377788433
26.030 0.75827 21.6460946692
26.040 0.75790 21.654410495
26.050 0.75754 21.6627263209
26.060 0.75718 21.6710421467
26.070 0.75682 21.6793579726
26.080 0.75646 21.6876737984
26.090 0.75610 21.6959896242
26.100 0.75574 21.7043054501
26.110 0.75538 21.7126212759
26.120 0.75502 21.7209371018
26.130 0.75466 21.7292529276
26.140 0.75430 21.7375687535
26.150 0.75395 21.7458845793
26.160 0.75359 21.7542004051
26.170 0.75323 21.762516231
26.180 0.75287 21.7708320568
26.190 0.75252 21.7791478827
26.200 0.75216 21.7874637085
26.210 0.75180 21.7957795344
26.220 0.75144 21.8040953602
26.230 0.75109 21.812411186
26.240 0.75073 21.8207270119
26.250 0.75038 21.8290428377
26.260 0.75002 21.8373586636
26.270 0.74967 21.8456744894
26.280 0.74931 21.8539903153
26.290 0.74896 21.8623061411
26.300 0.74860 21.8706219669
26.310 0.74825 21.8789377928
26.320 0.74789 21.8872536186
26.330 0.74754 21.8955694445
26.340 0.74719 21.9038852703
26.350 0.74683 21.9122010962
26.360 0.74648 21.920516922
26.370 0.74613 21.9288327478
26.380 0.74577 21.9371485737
26.390 0.74542 21.9454643995
26.400 0.74507 21.9537802254
26.410 0.74472 21.9620960512
26.420 0.74437 21.9704118771
26.430 0.74402 21.9787277029
26.440 0.74366 21.9870435287
26.450 0.74331 21.9953593546
26.460 0.74296 22.0036751804
26.470 0.74261 22.0119910063
26.480 0.74226 22.0203068321
26.490 0.74191 22.028622658
26.500 0.74156 22.0369384838
26.510 0.74121 22.0452543096
26.520 0.74087 22.0535701355
26.530 0.74052 22.0618859613
26.540 0.74017 22.0702017872
26.550 0.73982 22.078517613
26.560 0.73947 22.0868334389
26.570 0.73912 22.0951492647
26.580 0.73878 22.1034650905
26.590 0.73843 22.1117809164
26.600 0.73808 22.1200967422
26.610 0.73774 22.1284125681
26.620 0.73739 22.1367283939
26.630 0.73704 22.1450442198
26.640 0.73670 22.1533600456
26.650 0.73635 22.1616758714
26.660 0.73601 22.1699916973
26.670 0.73566 22.1783075231
26.680 0.73532 22.186623349
26.690 0.73497 22.1949391748
26.700 0.73463 22.2032550007
26.710 0.73428 22.2115708265
26.720 0.73394 22.2198866523
26.730 0.73360 22.2282024782
26.740 0.73325 22.236518304
26.750 0.73291 22.2448341299
26.760 0.73257 22.2531499557
26.770 0.73222 22.2614657816
26.780 0.73188 22.2697816074
26.790 0.73154 22.2780974332
26.800 0.73120 22.2864132591
26.810 0.73086 22.2947290849
26.820 0.73051 22.3030449108
26.830 0.73017 22.3113607366
26.840 0.72983 22.3196765625
26.850 0.72949 22.3279923883
26.860 0.72915 22.3363082141
26.870 0.72881 22.34462404
26.880 0.72847 22.3529398658
26.890 0.72813 22.3612556917
26.900 0.72779 22.3695715175
26.910 0.72745 22.3778873434
26.920 0.72711 22.3862031692
26.930 0.72677 22.394518995
26.940 0.72643 22.4028348209
26.950 0.72610 22.4111506467
26.960 0.72576 22.4194664726
26.970 0.72542 22.4277822984
26.980 0.72508 22.4360981243
26.990 0.72475 22.4444139501
27.000 0.72441 22.4527297759
27.010 0.72407 22.4610456018
27.020 0.72373 22.4693614276
27.030 0.72340 22.4776772535
27.040 0.72306 22.4859930793
27.050 0.72273 22.4943089052
27.060 0.72239 22.502624731
27.070 0.72205 22.5109405568
27.080 0.72172 22.5192563827
27.090 0.72138 22.5275722085
27.100 0.72105 22.5358880344
27.110 0.72072 22.5442038602
27.120 0.72038 22.5525196861
27.130 0.72005 22.5608355119
27.140 0.71971 22.5691513377
27.150 0.71938 22.5774671636
27.160 0.71905 22.5857829894
27.170 0.71871 22.5940988153
27.180 0.71838 22.6024146411
27.190 0.71805 22.610730467
27.200 0.71772 22.6190462928
27.210 0.71738 22.6273621186
27.220 0.71705 22.6356779445
27.230 0.71672 22.6439937703
27.240 0.71639 22.6523095962
27.250 0.71606 22.660625422
27.260 0.71573 22.6689412479
27.270 0.71539 22.6772570737
27.280 0.71506 22.6855728995
27.290 0.71473 22.6938887254
27.300 0.71440 22.7022045512
27.310 0.71407 22.7105203771
27.320 0.71374 22.7188362029
27.330 0.71341 22.7271520288
27.340 0.71309 22.7354678546
27.350 0.71276 22.7437836805
27.360 0.71243 22.7520995063
27.370 0.71210 22.7604153321
27.380 0.71177 22.768731158
27.390 0.71144 22.7770469838
27.400 0.71112 22.7853628097
27.410 0.71079 22.7936786355
27.420 0.71046 22.8019944614
27.430 0.71013 22.8103102872
27.440 0.70981 22.818626113
27.450 0.70948 22.8269419389
27.460 0.70915 22.8352577647
27.470 0.70883 22.8435735906
27.480 0.70850 22.8518894164
27.490 0.70818 22.8602052423
27.500 0.70785 22.8685210681
27.510 0.70752 22.8768368939
27.520 0.70720 22.8851527198
27.530 0.70687 22.8934685456
27.540 0.70655 22.9017843715
27.550 0.70623 22.9101001973
27.560 0.70590 22.9184160232
27.570 0.70558 22.926731849
27.580 0.70525 22.9350476748
27.590 0.70493 22.9433635007
27.600 0.70461 22.9516793265
27.610 0.70428 22.9599951524
27.620 0.70396 22.9683109782
27.630 0.70364 22.9766268041
27.640 0.70332 22.9849426299
27.650 0.70299 22.9932584557
27.660 0.70267 23.0015742816
27.670 0.70235 23.0098901074
27.680 0.70203 23.0182059333
27.690 0.70171 23.0265217591
27.700 0.70139 23.034837585
27.710 0.70107 23.0431534108
27.720 0.70074 23.0514692366
27.730 0.70042 23.0597850625
27.740 0.70010 23.0681008883
27.750 0.69978 23.0764167142
27.760 0.69946 23.08473254
27.770 0.69914 23.0930483659
27.780 0.69883 23.1013641917
27.790 0.69851 23.1096800175
27.800 0.69819 23.1179958434
27.810 0.69787 23.1263116692
27.820 0.69755 23.1346274951
27.830 0.69723 23.1429433209
27.840 0.69691 23.1512591468
27.850 0.69660 23.1595749726
27.860 0.69628 23.1678907984
27.870 0.69596 23.1762066243
27.880 0.69564 23.1845224501
27.890 0.69533 23.192838276
27.900 0.69501 23.2011541018
27.910 0.69469 23.2094699277
27.920 0.69438 23.2177857535
27.930 0.69406 23.2261015793
27.940 0.69375 23.2344174052
27.950 0.69343 23.242733231
27.960 0.69312 23.2510490569
27.970 0.69280 23.2593648827
27.980 0.69248 23.2676807086
27.990 0.69217 23.2759965344
28.000 0.69186 23.2843123602
28.010 0.69154 23.2926281861
28.020 0.69123 23.3009440119
28.030 0.69091 23.3092598378
28.040 0.69060 23.3175756636
28.050 0.69029 23.3258914895
28.060 0.68997 23.3342073153
28.070 0.68966 23.3425231411
28.080 0.68935 23.350838967
28.090 0.68903 23.3591547928
28.100 0.68872 23.3674706187
28.110 0.68841 23.3757864445
28.120 0.68810 23.3841022704
28.130 0.68779 23.3924180962
28.140 0.68747 23.400733922
28.150 0.68716 23.4090497479
28.160 0.68685 23.4173655737
28.170 0.68654 23.4256813996
28.180 0.68623 23.4339972254
28.190 0.68592 23.4423130513
28.200 0.68561 23.4506288771
28.210 0.68530 23.4589447029
28.220 0.68499 23.4672605288
28.230 0.68468 23.4755763546
28.240 0.68437 23.4838921805
28.250 0.68406 23.4922080063
28.260 0.68375 23.5005238322
28.270 0.68344 23.508839658
28.280 0.68313 23.5171554838
28.290 0.68283 23.5254713097
28.300 0.68252 23.5337871355
28.310 0.68221 23.5421029614
28.320 0.68190 23.5504187872
28.330 0.68159 23.5587346131
28.340 0.68129 23.5670504389
28.350 0.68098 23.5753662647
28.360 0.68067 23.5836820906
28.370 0.68037 23.5919979164
28.380 0.68006 23.6003137423
28.390 0.67975 23.6086295681
28.400 0.67945 23.616945394
28.410 0.67914 23.6252612198
28.420 0.67883 23.6335770456
28.430 0.67853 23.6418928715
28.440 0.67822 23.6502086973
28.450 0.67792 23.6585245232
28.460 0.67761 23.666840349
28.470 0.67731 23.6751561749
28.480 0.67700 23.6834720007
28.490 0.67670 23.6917878265
28.500 0.67640 23.7001036524
28.510 0.67609 23.7084194782
28.520 0.67579 23.7167353041
28.530 0.67548 23.7250511299
28.540 0.67518 23.7333669558
28.550 0.67488 23.7416827816
28.560 0.67457 23.7499986074
28.570 0.67427 23.7583144333
28.580 0.67397 23.7666302591
28.590 0.67367 23.774946085
28.600 0.67336 23.7832619108
28.610 0.67306 23.7915777367
28.620 0.67276 23.7998935625
28.630 0.67246 23.8082093883
28.640 0.67216 23.8165252142
28.650 0.67186 23.82484104
28.660 0.67156 23.8331568659
28.670 0.67126 23.8414726917
28.680 0.67095 23.8497885176
28.690 0.67065 23.8581043434
28.700 0.67035 23.8664201692
28.710 0.67005 23.8747359951
28.720 0.66975 23.8830518209
28.730 0.66945 23.8913676468
28.740 0.66916 23.8996834726
28.750 0.66886 23.9079992985
28.760 0.66856 23.9163151243
28.770 0.66826 23.9246309501
28.780 0.66796 23.932946776
28.790 0.66766 23.9412626018
28.800 0.66736 23.9495784277
28.810 0.66707 23.9578942535
28.820 0.66677 23.9662100794
28.830 0.66647 23.9745259052
28.840 0.66617 23.982841731
28.850 0.66588 23.9911575569
28.860 0.66558 23.9994733827
28.870 0.66528 24.0077892086
28.880 0.66498 24.0161050344
28.890 0.66469 24.0244208603
28.900 0.66439 24.0327366861
28.910 0.66410 24.0410525119
28.920 0.66380 24.0493683378
28.930 0.66350 24.0576841636
28.940 0.66321 24.0659999895
28.950 0.66291 24.0743158153
28.960 0.66262 24.0826316412
28.970 0.66232 24.090947467
28.980 0.66203 24.0992632928
28.990 0.66173 24.1075791187
29.000 0.66144 24.1158949445
29.010 0.66115 24.1242107704
29.020 0.66085 24.1325265962
29.030 0.66056 24.1408424221
29.040 0.66027 24.1491582479
29.050 0.65997 24.1574740738
29.060 0.65968 24.1657898996
29.070 0.65939 24.1741057254
29.080 0.65909 24.1824215513
29.090 0.65880 24.1907373771
29.100 0.65851 24.199053203
29.110 0.65822 24.2073690288
29.120 0.65792 24.2156848547
29.130 0.65763 24.2240006805
29.140 0.65734 24.2323165063
29.150 0.65705 24.2406323322
29.160 0.65676 24.248948158
29.170 0.65647 24.2572639839
29.180 0.65618 24.2655798097
29.190 0.65588 24.2738956356
29.200 0.65559 24.2822114614
29.210 0.65530 24.2905272872
29.220 0.65501 24.2988431131
29.230 0.65472 24.3071589389
29.240 0.65443 24.3154747648
29.250 0.65414 24.3237905906
29.260 0.65385 24.3321064165
29.270 0.65357 24.3404222423
29.280 0.65328 24.3487380681
29.290 0.65299 24.357053894
29.300 0.65270 24.3653697198
29.310 0.65241 24.3736855457
29.320 0.65212 24.3820013715
29.330 0.65183 24.3903171974
29.340 0.65155 24.3986330232
29.350 0.65126 24.406948849
29.360 0.65097 24.4152646749
29.370 0.65068 24.4235805007
29.380 0.65040 24.4318963266
29.390 0.65011 24.4402121524
29.400 0.64982 24.4485279783
29.410 0.64954 24.4568438041
29.420 0.64925 24.4651596299
29.430 0.64896 24.4734754558
29.440 0.64868 24.4817912816
29.450 0.64839 24.4901071075
29.460 0.64811 24.4984229333
29.470 0.64782 24.5067387592
29.480 0.64754 24.515054585
29.490 0.64725 24.5233704108
29.500 0.64696 24.5316862367
29.510 0.64668 24.5400020625
29.520 0.64640 24.5483178884
29.530 0.64611 24.5566337142
29.540 0.64583 24.5649495401
29.550 0.64554 24.5732653659
29.560 0.64526 24.5815811917
29.570 0.64498 24.5898970176
29.580 0.64469 24.5982128434
29.590 0.64441 24.6065286693
29.600 0.64413 24.6148444951
29.610 0.64384 24.623160321
29.620 0.64356 24.6314761468
29.630 0.64328 24.6397919726
29.640 0.64299 24.6481077985
29.650 0.64271 24.6564236243
29.660 0.64243 24.6647394502
29.670 0.64215 24.673055276
29.680 0.64187 24.6813711019
29.690 0.64158 24.6896869277
29.700 0.64130 24.6980027535
29.710 0.64102 24.7063185794
29.720 0.64074 24.7146344052
29.730 0.64046 24.7229502311
29.740 0.64018 24.7312660569
29.750 0.63990 24.7395818828
29.760 0.63962 24.7478977086
29.770 0.63934 24.7562135344
29.780 0.63906 24.7645293603
29.790 0.63878 24.7728451861
29.800 0.63850 24.781161012
29.810 0.63822 24.7894768378
29.820 0.63794 24.7977926637
29.830 0.63766 24.8061084895
29.840 0.63738 24.8144243153
29.850 0.63710 24.8227401412
29.860 0.63683 24.831055967
29.870 0.63655 24.8393717929
29.880 0.63627 24.8476876187
29.890 0.63599 24.8560034446
29.900 0.63571 24.8643192704
29.910 0.63544 24.8726350962
29.920 0.63516 24.8809509221
29.930 0.63488 24.8892667479
29.940 0.63460 24.8975825738
29.950 0.63433 24.9058983996
29.960 0.63405 24.9142142255
29.970 0.63377 24.9225300513
29.980 0.63350 24.9308458771
29.990 0.63322 24.939161703
30.000 0.63294 24.9474775288
