0.10000 287.11
0.11000 261.00
0.12000 239.24
0.13000 220.83
0.14000 205.05
0.15000 191.37
0.16000 179.41
0.17000 168.85
0.18000 159.46
0.19000 151.06
0.20000 143.51
0.21000 136.67
0.22000 130.45
0.23000 124.78
0.24000 119.57
0.25000 114.79
0.26000 110.37
0.27000 106.28
0.28000 102.48
0.29000 98.941
0.30000 95.640
0.31000 92.552
0.32000 89.657
0.33000 86.937
0.34000 84.377
0.35000 81.964
0.36000 79.684
0.37000 77.528
0.38000 75.486
0.39000 73.548
0.40000 71.707
0.41000 69.955
0.42000 68.288
0.43000 66.697
0.44000 65.179
0.45000 63.729
0.46000 62.341
0.47000 61.013
0.48000 59.740
0.49000 58.519
0.50000 57.347
0.51000 56.220
0.52000 55.137
0.53000 54.095
0.54000 53.092
0.55000 52.125
0.56000 51.192
0.57000 50.293
0.58000 49.424
0.59000 48.585
0.60000 47.773
0.61000 46.989
0.62000 46.229
0.63000 45.494
0.64000 44.782
0.65000 44.091
0.66000 43.422
0.67000 42.772
0.68000 42.142
0.69000 41.530
0.70000 40.935
0.71000 40.357
0.72000 39.795
0.73000 39.249
0.74000 38.717
0.75000 38.200
0.76000 37.696
0.77000 37.205
0.78000 36.727
0.79000 36.261
0.80000 35.806
0.81000 35.363
0.82000 34.931
0.83000 34.509
0.84000 34.097
0.85000 33.695
0.86000 33.302
0.87000 32.918
0.88000 32.543
0.89000 32.176
0.90000 31.818
0.91000 31.467
0.92000 31.124
0.93000 30.788
0.94000 30.460
0.95000 30.138
0.96000 29.823
0.97000 29.515
0.98000 29.213
0.99000 28.917
1.0000 28.626
1.0100 28.342
1.0200 28.063
1.0300 27.790
1.0400 27.522
1.0500 27.259
1.0600 27.001
1.0700 26.748
1.0800 26.499
1.0900 26.255
1.1000 26.015
1.1100 25.780
1.1200 25.549
1.1300 25.322
1.1400 25.099
1.1500 24.880
1.1600 24.665
1.1700 24.453
1.1800 24.245
1.1900 24.041
1.2000 23.840
1.2100 23.642
1.2200 23.447
1.2300 23.256
1.2400 23.068
1.2500 22.882
1.2600 22.700
1.2700 22.521
1.2800 22.344
1.2900 22.170
1.3000 21.999
1.3100 21.830
1.3200 21.664
1.3300 21.500
1.3400 21.339
1.3500 21.180
1.3600 21.024
1.3700 20.870
1.3800 20.718
1.3900 20.568
1.4000 20.421
1.4100 20.275
1.4200 20.132
1.4300 19.990
1.4400 19.851
1.4500 19.713
1.4600 19.578
1.4700 19.444
1.4800 19.312
1.4900 19.181
1.5000 19.053
1.5100 18.926
1.5200 18.801
1.5300 18.678
1.5400 18.556
1.5500 18.435
1.5600 18.317
1.5700 18.199
1.5800 18.083
1.5900 17.969
1.6000 17.856
1.6100 17.745
1.6200 17.635
1.6300 17.526
1.6400 17.418
1.6500 17.312
1.6600 17.207
1.6700 17.104
1.6800 17.001
1.6900 16.900
1.7000 16.800
1.7100 16.702
1.7200 16.604
1.7300 16.507
1.7400 16.412
1.7500 16.318
1.7600 16.224
1.7700 16.132
1.7800 16.041
1.7900 15.951
1.8000 15.862
1.8100 15.774
1.8200 15.686
1.8300 15.600
1.8400 15.515
1.8500 15.431
1.8600 15.347
1.8700 15.265
1.8800 15.183
1.8900 15.102
1.9000 15.022
1.9100 14.943
1.9200 14.865
1.9300 14.787
1.9400 14.710
1.9500 14.634
1.9600 14.559
1.9700 14.485
1.9800 14.411
1.9900 14.338
2.0000 14.266
2.0100 14.195
2.0200 14.124
2.0300 14.054
2.0400 13.985
2.0500 13.916
2.0600 13.848
2.0700 13.781
2.0800 13.714
2.0900 13.648
2.1000 13.582
2.1100 13.518
2.1200 13.453
2.1300 13.390
2.1400 13.327
2.1500 13.264
2.1600 13.202
2.1700 13.141
2.1800 13.080
2.1900 13.020
2.2000 12.961
2.2100 12.902
2.2200 12.843
2.2300 12.785
2.2400 12.728
2.2500 12.671
2.2600 12.614
2.2700 12.558
2.2800 12.503
2.2900 12.448
2.3000 12.393
2.3100 12.339
2.3200 12.285
2.3300 12.232
2.3400 12.180
2.3500 12.127
2.3600 12.076
2.3700 12.024
2.3800 11.973
2.3900 11.923
2.4000 11.873
2.4100 11.823
2.4200 11.774
2.4300 11.725
2.4400 11.677
2.4500 11.629
2.4600 11.581
2.4700 11.534
2.4800 11.487
2.4900 11.440
2.5000 11.394
2.5100 11.348
2.5200 11.303
2.5300 11.258
2.5400 11.213
2.5500 11.169
2.5600 11.125
2.5700 11.081
2.5800 11.038
2.5900 10.995
2.6000 10.952
2.6100 10.910
2.6200 10.868
2.6300 10.826
2.6400 10.785
2.6500 10.744
2.6600 10.703
2.6700 10.663
2.6800 10.622
2.6900 10.583
2.7000 10.543
2.7100 10.504
2.7200 10.465
2.7300 10.426
2.7400 10.388
2.7500 10.350
2.7600 10.312
2.7700 10.274
2.7800 10.237
2.7900 10.200
2.8000 10.163
2.8100 10.127
2.8200 10.090
2.8300 10.054
2.8400 10.019
2.8500 9.9832
2.8600 9.9480
2.8700 9.9130
2.8800 9.8782
2.8900 9.8437
2.9000 9.8095
2.9100 9.7754
2.9200 9.7416
2.9300 9.7081
2.9400 9.6747
2.9500 9.6416
2.9600 9.6087
2.9700 9.5760
2.9800 9.5436
2.9900 9.5114
3.0000 9.4793
3.0100 9.4475
3.0200 9.4159
3.0300 9.3845
3.0400 9.3534
3.0500 9.3224
3.0600 9.2916
3.0700 9.2610
3.0800 9.2307
3.0900 9.2005
3.1000 9.1705
3.1100 9.1407
3.1200 9.1111
3.1300 9.0817
3.1400 9.0525
3.1500 9.0234
3.1600 8.9946
3.1700 8.9659
3.1800 8.9374
3.1900 8.9091
3.2000 8.8810
3.2100 8.8530
3.2200 8.8252
3.2300 8.7976
3.2400 8.7702
3.2500 8.7429
3.2600 8.7158
3.2700 8.6888
3.2800 8.6621
3.2900 8.6354
3.3000 8.6090
3.3100 8.5827
3.3200 8.5566
3.3300 8.5306
3.3400 8.5047
3.3500 8.4791
3.3600 8.4536
3.3700 8.4282
3.3800 8.4030
3.3900 8.3779
3.4000 8.3530
3.4100 8.3282
3.4200 8.3036
3.4300 8.2791
3.4400 8.2548
3.4500 8.2306
3.4600 8.2065
3.4700 8.1826
3.4800 8.1588
3.4900 8.1351
3.5000 8.1116
3.5100 8.0883
3.5200 8.0650
3.5300 8.0419
3.5400 8.0189
3.5500 7.9961
3.5600 7.9733
3.5700 7.9507
3.5800 7.9283
3.5900 7.9059
3.6000 7.8837
3.6100 7.8616
3.6200 7.8396
3.6300 7.8177
3.6400 7.7960
3.6500 7.7744
3.6600 7.7529
3.6700 7.7315
3.6800 7.7102
3.6900 7.6891
3.7000 7.6680
3.7100 7.6471
3.7200 7.6263
3.7300 7.6056
3.7400 7.5850
3.7500 7.5645
3.7600 7.5442
3.7700 7.5239
3.7800 7.5038
3.7900 7.4837
3.8000 7.4638
3.8100 7.4439
3.8200 7.4242
3.8300 7.4046
3.8400 7.3850
3.8500 7.3656
3.8600 7.3463
3.8700 7.3270
3.8800 7.3079
3.8900 7.2889
3.9000 7.2700
3.9100 7.2511
3.9200 7.2324
3.9300 7.2137
3.9400 7.1952
3.9500 7.1767
3.9600 7.1584
3.9700 7.1401
3.9800 7.1219
3.9900 7.1038
4.0000 7.0858
4.0100 7.0679
4.0200 7.0501
4.0300 7.0324
4.0400 7.0147
4.0500 6.9972
4.0600 6.9797
4.0700 6.9623
4.0800 6.9450
4.0900 6.9278
4.1000 6.9107
4.1100 6.8936
4.1200 6.8767
4.1300 6.8598
4.1400 6.8430
4.1500 6.8263
4.1600 6.8096
4.1700 6.7931
4.1800 6.7766
4.1900 6.7602
4.2000 6.7439
4.2100 6.7276
4.2200 6.7115
4.2300 6.6954
4.2400 6.6794
4.2500 6.6634
4.2600 6.6476
4.2700 6.6318
4.2800 6.6161
4.2900 6.6004
4.3000 6.5848
4.3100 6.5694
4.3200 6.5539
4.3300 6.5386
4.3400 6.5233
4.3500 6.5081
4.3600 6.4929
4.3700 6.4778
4.3800 6.4628
4.3900 6.4479
4.4000 6.4330
4.4100 6.4182
4.4200 6.4035
4.4300 6.3888
4.4400 6.3742
4.4500 6.3597
4.4600 6.3452
4.4700 6.3308
4.4800 6.3165
4.4900 6.3022
4.5000 6.2880
4.5100 6.2738
4.5200 6.2597
4.5300 6.2457
4.5400 6.2317
4.5500 6.2178
4.5600 6.2040
4.5700 6.1902
4.5800 6.1765
4.5900 6.1628
4.6000 6.1492
4.6100 6.1357
4.6200 6.1222
4.6300 6.1087
4.6400 6.0954
4.6500 6.0821
4.6600 6.0688
4.6700 6.0556
4.6800 6.0425
4.6900 6.0294
4.7000 6.0163
4.7100 6.0034
4.7200 5.9905
4.7300 5.9776
4.7400 5.9648
4.7500 5.9520
4.7600 5.9393
4.7700 5.9267
4.7800 5.9141
4.7900 5.9015
4.8000 5.8890
4.8100 5.8766
4.8200 5.8642
4.8300 5.8519
4.8400 5.8396
4.8500 5.8273
4.8600 5.8151
4.8700 5.8030
4.8800 5.7909
4.8900 5.7789
4.9000 5.7669
4.9100 5.7550
4.9200 5.7431
4.9300 5.7312
4.9400 5.7194
4.9500 5.7077
4.9600 5.6960
4.9700 5.6843
4.9800 5.6727
4.9900 5.6612
5.0000 5.6497
5.1000 5.5370
5.1100 5.5260
5.1200 5.5150
5.1300 5.5041
5.1400 5.4932
5.1500 5.4823
5.1600 5.4715
5.1700 5.4608
5.1800 5.4500
5.1900 5.4393
5.2000 5.4287
5.2100 5.4181
5.2200 5.4075
5.2300 5.3970
5.2400 5.3865
5.2500 5.3761
5.2600 5.3657
5.2700 5.3553
5.2800 5.3450
5.2900 5.3347
5.3000 5.3245
5.3100 5.3143
5.3200 5.3041
5.3300 5.2940
5.3400 5.2839
5.3500 5.2738
5.3600 5.2638
5.3700 5.2538
5.3800 5.2439
5.3900 5.2340
5.4000 5.2241
5.4100 5.2143
5.4200 5.2045
5.4300 5.1947
5.4400 5.1850
5.4500 5.1753
5.4600 5.1657
5.4700 5.1560
5.4800 5.1465
5.4900 5.1369
5.5000 5.1274
5.5100 5.1179
5.5200 5.1085
5.5300 5.0991
5.5400 5.0897
5.5500 5.0803
5.5600 5.0710
5.5700 5.0618
5.5800 5.0525
5.5900 5.0433
5.6000 5.0341
5.6100 5.0250
5.6200 5.0159
5.6300 5.0068
5.6400 4.9977
5.6500 4.9887
5.6600 4.9798
5.6700 4.9708
5.6800 4.9619
5.6900 4.9530
5.7000 4.9441
5.7100 4.9353
5.7200 4.9265
5.7300 4.9177
5.7400 4.9090
5.7500 4.9003
5.7600 4.8916
5.7700 4.8830
5.7800 4.8744
5.7900 4.8658
5.8000 4.8572
5.8100 4.8487
5.8200 4.8402
5.8300 4.8318
5.8400 4.8233
5.8500 4.8149
5.8600 4.8065
5.8700 4.7982
5.8800 4.7899
5.8900 4.7816
5.9000 4.7733
5.9100 4.7651
5.9200 4.7569
5.9300 4.7487
5.9400 4.7405
5.9500 4.7324
5.9600 4.7243
5.9700 4.7162
5.9800 4.7082
5.9900 4.7001
6.0000 4.6922
6.0100 4.6842
6.0200 4.6762
6.0300 4.6683
6.0400 4.6604
6.0500 4.6526
6.0600 4.6448
6.0700 4.6369
6.0800 4.6292
6.0900 4.6214
6.1000 4.6137
6.1100 4.6060
6.1200 4.5983
6.1300 4.5906
6.1400 4.5830
6.1500 4.5754
6.1600 4.5678
6.1700 4.5602
6.1800 4.5527
6.1900 4.5452
6.2000 4.5377
6.2100 4.5302
6.2200 4.5228
6.2300 4.5154
6.2400 4.5080
6.2500 4.5006
6.2600 4.4933
6.2700 4.4860
6.2800 4.4787
6.2900 4.4714
6.3000 4.4642
6.3100 4.4569
6.3200 4.4497
6.3300 4.4426
6.3400 4.4354
6.3500 4.4283
6.3600 4.4211
6.3700 4.4141
6.3800 4.4070
6.3900 4.3999
6.4000 4.3929
6.4100 4.3859
6.4200 4.3789
6.4300 4.3720
6.4400 4.3650
6.4500 4.3581
6.4600 4.3512
6.4700 4.3444
6.4800 4.3375
6.4900 4.3307
6.5000 4.3239
6.5100 4.3171
6.5200 4.3103
6.5300 4.3036
6.5400 4.2968
6.5500 4.2901
6.5600 4.2834
6.5700 4.2768
6.5800 4.2701
6.5900 4.2635
6.6000 4.2569
6.6100 4.2503
6.6200 4.2437
6.6300 4.2372
6.6400 4.2307
6.6500 4.2242
6.6600 4.2177
6.6700 4.2112
6.6800 4.2048
6.6900 4.1983
6.7000 4.1919
6.7100 4.1855
6.7200 4.1792
6.7300 4.1728
6.7400 4.1665
6.7500 4.1602
6.7600 4.1539
6.7700 4.1476
6.7800 4.1413
6.7900 4.1351
6.8000 4.1289
6.8100 4.1227
6.8200 4.1165
6.8300 4.1103
6.8400 4.1042
6.8500 4.0980
6.8600 4.0919
6.8700 4.0858
6.8800 4.0798
6.8900 4.0737
6.9000 4.0677
6.9100 4.0616
6.9200 4.0556
6.9300 4.0496
6.9400 4.0437
6.9500 4.0377
6.9600 4.0318
6.9700 4.0258
6.9800 4.0199
6.9900 4.0140
7.0000 4.0082
7.0100 4.0023
7.0200 3.9965
7.0300 3.9907
7.0400 3.9849
7.0500 3.9791
7.0600 3.9733
7.0700 3.9675
7.0800 3.9618
7.0900 3.9561
7.1000 3.9504
7.1100 3.9447
7.1200 3.9390
7.1300 3.9333
7.1400 3.9277
7.1500 3.9221
7.1600 3.9165
7.1700 3.9109
7.1800 3.9053
7.1900 3.8997
7.2000 3.8942
7.2100 3.8886
7.2200 3.8831
7.2300 3.8776
7.2400 3.8721
7.2500 3.8667
7.2600 3.8612
7.2700 3.8558
7.2800 3.8503
7.2900 3.8449
7.3000 3.8395
7.3100 3.8341
7.3200 3.8288
7.3300 3.8234
7.3400 3.8181
7.3500 3.8127
7.3600 3.8074
7.3700 3.8021
7.3800 3.7968
7.3900 3.7916
7.4000 3.7863
7.4100 3.7811
7.4200 3.7759
7.4300 3.7707
7.4400 3.7655
7.4500 3.7603
7.4600 3.7551
7.4700 3.7499
7.4800 3.7448
7.4900 3.7397
7.5000 3.7346
7.5100 3.7295
7.5200 3.7244
7.5300 3.7193
7.5400 3.7142
7.5500 3.7092
7.5600 3.7042
7.5700 3.6991
7.5800 3.6941
7.5900 3.6891
7.6000 3.6842
7.6100 3.6792
7.6200 3.6742
7.6300 3.6693
7.6400 3.6644
7.6500 3.6595
7.6600 3.6545
7.6700 3.6497
7.6800 3.6448
7.6900 3.6399
7.7000 3.6351
7.7100 3.6302
7.7200 3.6254
7.7300 3.6206
7.7400 3.6158
7.7500 3.6110
7.7600 3.6062
7.7700 3.6015
7.7800 3.5967
7.7900 3.5920
7.8000 3.5872
7.8100 3.5825
7.8200 3.5778
7.8300 3.5731
7.8400 3.5684
7.8500 3.5638
7.8600 3.5591
7.8700 3.5545
7.8800 3.5498
7.8900 3.5452
7.9000 3.5406
7.9100 3.5360
7.9200 3.5314
7.9300 3.5268
7.9400 3.5223
7.9500 3.5177
7.9600 3.5132
7.9700 3.5087
7.9800 3.5041
7.9900 3.4996
8.0000 3.4951
8.0100 3.4907
8.0200 3.4862
8.0300 3.4817
8.0400 3.4773
8.0500 3.4728
8.0600 3.4684
8.0700 3.4640
8.0800 3.4596
8.0900 3.4552
8.1000 3.4508
8.1100 3.4464
8.1200 3.4421
8.1300 3.4377
8.1400 3.4334
8.1500 3.4290
8.1600 3.4247
8.1700 3.4204
8.1800 3.4161
8.1900 3.4118
8.2000 3.4075
8.2100 3.4033
8.2200 3.3990
8.2300 3.3948
8.2400 3.3905
8.2500 3.3863
8.2600 3.3821
8.2700 3.3779
8.2800 3.3737
8.2900 3.3695
8.3000 3.3653
8.3100 3.3612
8.3200 3.3570
8.3300 3.3529
8.3400 3.3487
8.3500 3.3446
8.3600 3.3405
8.3700 3.3364
8.3800 3.3323
8.3900 3.3282
8.4000 3.3241
8.4100 3.3201
8.4200 3.3160
8.4300 3.3119
8.4400 3.3079
8.4500 3.3039
8.4600 3.2999
8.4700 3.2959
8.4800 3.2919
8.4900 3.2879
8.5000 3.2839
8.5100 3.2799
8.5200 3.2759
8.5300 3.2720
8.5400 3.2680
8.5500 3.2641
8.5600 3.2602
8.5700 3.2563
8.5800 3.2524
8.5900 3.2485
8.6000 3.2446
8.6100 3.2407
8.6200 3.2368
8.6300 3.2330
8.6400 3.2291
8.6500 3.2253
8.6600 3.2214
8.6700 3.2176
8.6800 3.2138
8.6900 3.2100
8.7000 3.2062
8.7100 3.2024
8.7200 3.1986
8.7300 3.1948
8.7400 3.1911
8.7500 3.1873
8.7600 3.1836
8.7700 3.1798
8.7800 3.1761
8.7900 3.1724
8.8000 3.1686
8.8100 3.1649
8.8200 3.1612
8.8300 3.1575
8.8400 3.1539
8.8500 3.1502
8.8600 3.1465
8.8700 3.1429
8.8800 3.1392
8.8900 3.1356
8.9000 3.1320
8.9100 3.1283
8.9200 3.1247
8.9300 3.1211
8.9400 3.1175
8.9500 3.1139
8.9600 3.1103
8.9700 3.1068
8.9800 3.1032
8.9900 3.0996
9.0000 3.0961
9.0100 3.0925
9.0200 3.0890
9.0300 3.0855
9.0400 3.0820
9.0500 3.0784
9.0600 3.0749
9.0700 3.0714
9.0800 3.0680
9.0900 3.0645
9.1000 3.0610
9.1100 3.0575
9.1200 3.0541
9.1300 3.0506
9.1400 3.0472
9.1500 3.0437
9.1600 3.0403
9.1700 3.0369
9.1800 3.0335
9.1900 3.0301
9.2000 3.0267
9.2100 3.0233
9.2200 3.0199
9.2300 3.0165
9.2400 3.0132
9.2500 3.0098
9.2600 3.0064
9.2700 3.0031
9.2800 2.9997
9.2900 2.9964
9.3000 2.9931
9.3100 2.9898
9.3200 2.9865
9.3300 2.9832
9.3400 2.9799
9.3500 2.9766
9.3600 2.9733
9.3700 2.9700
9.3800 2.9667
9.3900 2.9635
9.4000 2.9602
9.4100 2.9570
9.4200 2.9537
9.4300 2.9505
9.4400 2.9473
9.4500 2.9440
9.4600 2.9408
9.4700 2.9376
9.4800 2.9344
9.4900 2.9312
9.5000 2.9280
9.5100 2.9249
9.5200 2.9217
9.5300 2.9185
9.5400 2.9154
9.5500 2.9122
9.5600 2.9091
9.5700 2.9059
9.5800 2.9028
9.5900 2.8997
9.6000 2.8965
9.6100 2.8934
9.6200 2.8903
9.6300 2.8872
9.6400 2.8841
9.6500 2.8810
9.6600 2.8779
9.6700 2.8749
9.6800 2.8718
9.6900 2.8687
9.7000 2.8657
9.7100 2.8626
9.7200 2.8596
9.7300 2.8565
9.7400 2.8535
9.7500 2.8505
9.7600 2.8475
9.7700 2.8444
9.7800 2.8414
9.7900 2.8384
9.8000 2.8354
9.8100 2.8325
9.8200 2.8295
9.8300 2.8265
9.8400 2.8235
9.8500 2.8206
9.8600 2.8176
9.8700 2.8146
9.8800 2.8117
9.8900 2.8088
9.9000 2.8058
9.9100 2.8029
9.9200 2.8000
9.9300 2.7971
9.9400 2.7941
9.9500 2.7912
9.9600 2.7883
9.9700 2.7854
9.9800 2.7826
9.9900 2.7797
10.000 2.7768
10.100 2.7483
10.110 2.7455
10.120 2.7427
10.130 2.7399
10.140 2.7371
10.150 2.7343
10.160 2.7315
10.170 2.7288
10.180 2.7260
10.190 2.7232
10.200 2.7204
10.210 2.7177
10.220 2.7149
10.230 2.7122
10.240 2.7094
10.250 2.7067
10.260 2.7040
10.270 2.7012
10.280 2.6985
10.290 2.6958
10.300 2.6931
10.310 2.6904
10.320 2.6877
10.330 2.6850
10.340 2.6823
10.350 2.6796
10.360 2.6769
10.370 2.6743
10.380 2.6716
10.390 2.6689
10.400 2.6663
10.410 2.6636
10.420 2.6610
10.430 2.6583
10.440 2.6557
10.450 2.6530
10.460 2.6504
10.470 2.6478
10.480 2.6452
10.490 2.6426
10.500 2.6399
10.510 2.6373
10.520 2.6347
10.530 2.6321
10.540 2.6296
10.550 2.6270
10.560 2.6244
10.570 2.6218
10.580 2.6193
10.590 2.6167
10.600 2.6141
10.610 2.6116
10.620 2.6090
10.630 2.6065
10.640 2.6039
10.650 2.6014
10.660 2.5989
10.670 2.5963
10.680 2.5938
10.690 2.5913
10.700 2.5888
10.710 2.5863
10.720 2.5838
10.730 2.5813
10.740 2.5788
10.750 2.5763
10.760 2.5738
10.770 2.5713
10.780 2.5689
10.790 2.5664
10.800 2.5639
10.810 2.5615
10.820 2.5590
10.830 2.5565
10.840 2.5541
10.850 2.5517
10.860 2.5492
10.870 2.5468
10.880 2.5443
10.890 2.5419
10.900 2.5395
10.910 2.5371
10.920 2.5347
10.930 2.5323
10.940 2.5299
10.950 2.5275
10.960 2.5251
10.970 2.5227
10.980 2.5203
10.990 2.5179
11.000 2.5155
11.010 2.5132
11.020 2.5108
11.030 2.5084
11.040 2.5061
11.050 2.5037
11.060 2.5014
11.070 2.4990
11.080 2.4967
11.090 2.4943
11.100 2.4920
11.110 2.4897
11.120 2.4873
11.130 2.4850
11.140 2.4827
11.150 2.4804
11.160 2.4781
11.170 2.4758
11.180 2.4735
11.190 2.4712
11.200 2.4689
11.210 2.4666
11.220 2.4643
11.230 2.4620
11.240 2.4597
11.250 2.4575
11.260 2.4552
11.270 2.4529
11.280 2.4507
11.290 2.4484
11.300 2.4462
11.310 2.4439
11.320 2.4417
11.330 2.4394
11.340 2.4372
11.350 2.4350
11.360 2.4327
11.370 2.4305
11.380 2.4283
11.390 2.4261
11.400 2.4239
11.410 2.4216
11.420 2.4194
11.430 2.4172
11.440 2.4150
11.450 2.4128
11.460 2.4106
11.470 2.4085
11.480 2.4063
11.490 2.4041
11.500 2.4019
11.510 2.3998
11.520 2.3976
11.530 2.3954
11.540 2.3933
11.550 2.3911
11.560 2.3890
11.570 2.3868
11.580 2.3847
11.590 2.3825
11.600 2.3804
11.610 2.3782
11.620 2.3761
11.630 2.3740
11.640 2.3719
11.650 2.3697
11.660 2.3676
11.670 2.3655
11.680 2.3634
11.690 2.3613
11.700 2.3592
11.710 2.3571
11.720 2.3550
11.730 2.3529
11.740 2.3508
11.750 2.3487
11.760 2.3467
11.770 2.3446
11.780 2.3425
11.790 2.3404
11.800 2.3384
11.810 2.3363
11.820 2.3343
11.830 2.3322
11.840 2.3302
11.850 2.3281
11.860 2.3261
11.870 2.3240
11.880 2.3220
11.890 2.3199
11.900 2.3179
11.910 2.3159
11.920 2.3139
11.930 2.3118
11.940 2.3098
11.950 2.3078
11.960 2.3058
11.970 2.3038
11.980 2.3018
11.990 2.2998
12.000 2.2978
12.010 2.2958
12.020 2.2938
12.030 2.2918
12.040 2.2898
12.050 2.2878
12.060 2.2859
12.070 2.2839
12.080 2.2819
12.090 2.2799
12.100 2.2780
12.110 2.2760
12.120 2.2741
12.130 2.2721
12.140 2.2702
12.150 2.2682
12.160 2.2663
12.170 2.2643
12.180 2.2624
12.190 2.2604
12.200 2.2585
12.210 2.2566
12.220 2.2547
12.230 2.2527
12.240 2.2508
12.250 2.2489
12.260 2.2470
12.270 2.2451
12.280 2.2432
12.290 2.2413
12.300 2.2394
12.310 2.2375
12.320 2.2356
12.330 2.2337
12.340 2.2318
12.350 2.2299
12.360 2.2280
12.370 2.2261
12.380 2.2243
12.390 2.2224
12.400 2.2205
12.410 2.2186
12.420 2.2168
12.430 2.2149
12.440 2.2131
12.450 2.2112
12.460 2.2093
12.470 2.2075
12.480 2.2056
12.490 2.2038
12.500 2.2020
12.510 2.2001
12.520 2.1983
12.530 2.1965
12.540 2.1946
12.550 2.1928
12.560 2.1910
12.570 2.1892
12.580 2.1873
12.590 2.1855
12.600 2.1837
12.610 2.1819
12.620 2.1801
12.630 2.1783
12.640 2.1765
12.650 2.1747
12.660 2.1729
12.670 2.1711
12.680 2.1693
12.690 2.1675
12.700 2.1657
12.710 2.1640
12.720 2.1622
12.730 2.1604
12.740 2.1586
12.750 2.1569
12.760 2.1551
12.770 2.1533
12.780 2.1516
12.790 2.1498
12.800 2.1481
12.810 2.1463
12.820 2.1446
12.830 2.1428
12.840 2.1411
12.850 2.1393
12.860 2.1376
12.870 2.1358
12.880 2.1341
12.890 2.1324
12.900 2.1306
12.910 2.1289
12.920 2.1272
12.930 2.1255
12.940 2.1238
12.950 2.1220
12.960 2.1203
12.970 2.1186
12.980 2.1169
12.990 2.1152
13.000 2.1135
13.010 2.1118
13.020 2.1101
13.030 2.1084
13.040 2.1067
13.050 2.1050
13.060 2.1033
13.070 2.1017
13.080 2.1000
13.090 2.0983
13.100 2.0966
13.110 2.0949
13.120 2.0933
13.130 2.0916
13.140 2.0899
13.150 2.0883
13.160 2.0866
13.170 2.0850
13.180 2.0833
13.190 2.0816
13.200 2.0800
13.210 2.0783
13.220 2.0767
13.230 2.0751
13.240 2.0734
13.250 2.0718
13.260 2.0701
13.270 2.0685
13.280 2.0669
13.290 2.0652
13.300 2.0636
13.310 2.0620
13.320 2.0604
13.330 2.0588
13.340 2.0571
13.350 2.0555
13.360 2.0539
13.370 2.0523
13.380 2.0507
13.390 2.0491
13.400 2.0475
13.410 2.0459
13.420 2.0443
13.430 2.0427
13.440 2.0411
13.450 2.0395
13.460 2.0379
13.470 2.0363
13.480 2.0347
13.490 2.0332
13.500 2.0316
13.510 2.0300
13.520 2.0284
13.530 2.0269
13.540 2.0253
13.550 2.0237
13.560 2.0222
13.570 2.0206
13.580 2.0190
13.590 2.0175
13.600 2.0159
13.610 2.0144
13.620 2.0128
13.630 2.0113
13.640 2.0097
13.650 2.0082
13.660 2.0066
13.670 2.0051
13.680 2.0036
13.690 2.0020
13.700 2.0005
13.710 1.9990
13.720 1.9974
13.730 1.9959
13.740 1.9944
13.750 1.9929
13.760 1.9913
13.770 1.9898
13.780 1.9883
13.790 1.9868
13.800 1.9853
13.810 1.9838
13.820 1.9823
13.830 1.9808
13.840 1.9793
13.850 1.9778
13.860 1.9763
13.870 1.9748
13.880 1.9733
13.890 1.9718
13.900 1.9703
13.910 1.9688
13.920 1.9673
13.930 1.9658
13.940 1.9644
13.950 1.9629
13.960 1.9614
13.970 1.9599
13.980 1.9585
13.990 1.9570
14.000 1.9555
14.010 1.9541
14.020 1.9526
14.030 1.9511
14.040 1.9497
14.050 1.9482
14.060 1.9468
14.070 1.9453
14.080 1.9439
14.090 1.9424
14.100 1.9410
14.110 1.9395
14.120 1.9381
14.130 1.9366
14.140 1.9352
14.150 1.9337
14.160 1.9323
14.170 1.9309
14.180 1.9294
14.190 1.9280
14.200 1.9266
14.210 1.9252
14.220 1.9237
14.230 1.9223
14.240 1.9209
14.250 1.9195
14.260 1.9181
14.270 1.9167
14.280 1.9152
14.290 1.9138
14.300 1.9124
14.310 1.9110
14.320 1.9096
14.330 1.9082
14.340 1.9068
14.350 1.9054
14.360 1.9040
14.370 1.9026
14.380 1.9012
14.390 1.8999
14.400 1.8985
14.410 1.8971
14.420 1.8957
14.430 1.8943
14.440 1.8929
14.450 1.8916
14.460 1.8902
14.470 1.8888
14.480 1.8874
14.490 1.8861
14.500 1.8847
14.510 1.8833
14.520 1.8820
14.530 1.8806
14.540 1.8792
14.550 1.8779
14.560 1.8765
14.570 1.8752
14.580 1.8738
14.590 1.8725
14.600 1.8711
14.610 1.8698
14.620 1.8684
14.630 1.8671
14.640 1.8657
14.650 1.8644
14.660 1.8630
14.670 1.8617
14.680 1.8604
14.690 1.8590
14.700 1.8577
14.710 1.8564
14.720 1.8551
14.730 1.8537
14.740 1.8524
14.750 1.8511
14.760 1.8498
14.770 1.8484
14.780 1.8471
14.790 1.8458
14.800 1.8445
14.810 1.8432
14.820 1.8419
14.830 1.8406
14.840 1.8393
14.850 1.8379
14.860 1.8366
14.870 1.8353
14.880 1.8340
14.890 1.8327
14.900 1.8314
14.910 1.8302
14.920 1.8289
14.930 1.8276
14.940 1.8263
14.950 1.8250
14.960 1.8237
14.970 1.8224
14.980 1.8211
14.990 1.8199
15.000 1.8186
15.100 1.8059
15.110 1.8046
15.120 1.8034
15.130 1.8021
15.140 1.8009
15.150 1.7996
15.160 1.7983
15.170 1.7971
15.180 1.7958
15.190 1.7946
15.200 1.7934
15.210 1.7921
15.220 1.7909
15.230 1.7896
15.240 1.7884
15.250 1.7871
15.260 1.7859
15.270 1.7847
15.280 1.7834
15.290 1.7822
15.300 1.7810
15.310 1.7798
15.320 1.7785
15.330 1.7773
15.340 1.7761
15.350 1.7749
15.360 1.7736
15.370 1.7724
15.380 1.7712
15.390 1.7700
15.400 1.7688
15.410 1.7676
15.420 1.7664
15.430 1.7651
15.440 1.7639
15.450 1.7627
15.460 1.7615
15.470 1.7603
15.480 1.7591
15.490 1.7579
15.500 1.7567
15.510 1.7555
15.520 1.7543
15.530 1.7531
15.540 1.7520
15.550 1.7508
15.560 1.7496
15.570 1.7484
15.580 1.7472
15.590 1.7460
15.600 1.7448
15.610 1.7437
15.620 1.7425
15.630 1.7413
15.640 1.7401
15.650 1.7389
15.660 1.7378
15.670 1.7366
15.680 1.7354
15.690 1.7343
15.700 1.7331
15.710 1.7319
15.720 1.7308
15.730 1.7296
15.740 1.7284
15.750 1.7273
15.760 1.7261
15.770 1.7250
15.780 1.7238
15.790 1.7226
15.800 1.7215
15.810 1.7203
15.820 1.7192
15.830 1.7180
15.840 1.7169
15.850 1.7158
15.860 1.7146
15.870 1.7135
15.880 1.7123
15.890 1.7112
15.900 1.7100
15.910 1.7089
15.920 1.7078
15.930 1.7066
15.940 1.7055
15.950 1.7044
15.960 1.7032
15.970 1.7021
15.980 1.7010
15.990 1.6999
16.000 1.6987
16.010 1.6976
16.020 1.6965
16.030 1.6954
16.040 1.6943
16.050 1.6931
16.060 1.6920
16.070 1.6909
16.080 1.6898
16.090 1.6887
16.100 1.6876
16.110 1.6865
16.120 1.6854
16.130 1.6842
16.140 1.6831
16.150 1.6820
16.160 1.6809
16.170 1.6798
16.180 1.6787
16.190 1.6776
16.200 1.6765
16.210 1.6754
16.220 1.6744
16.230 1.6733
16.240 1.6722
16.250 1.6711
16.260 1.6700
16.270 1.6689
16.280 1.6678
16.290 1.6667
16.300 1.6656
16.310 1.6646
16.320 1.6635
16.330 1.6624
16.340 1.6613
16.350 1.6602
16.360 1.6592
16.370 1.6581
16.380 1.6570
16.390 1.6560
16.400 1.6549
16.410 1.6538
16.420 1.6527
16.430 1.6517
16.440 1.6506
16.450 1.6496
16.460 1.6485
16.470 1.6474
16.480 1.6464
16.490 1.6453
16.500 1.6443
16.510 1.6432
16.520 1.6421
16.530 1.6411
16.540 1.6400
16.550 1.6390
16.560 1.6379
16.570 1.6369
16.580 1.6358
16.590 1.6348
16.600 1.6337
16.610 1.6327
16.620 1.6317
16.630 1.6306
16.640 1.6296
16.650 1.6285
16.660 1.6275
16.670 1.6265
16.680 1.6254
16.690 1.6244
16.700 1.6234
16.710 1.6223
16.720 1.6213
16.730 1.6203
16.740 1.6193
16.750 1.6182
16.760 1.6172
16.770 1.6162
16.780 1.6152
16.790 1.6141
16.800 1.6131
16.810 1.6121
16.820 1.6111
16.830 1.6101
16.840 1.6090
16.850 1.6080
16.860 1.6070
16.870 1.6060
16.880 1.6050
16.890 1.6040
16.900 1.6030
16.910 1.6020
16.920 1.6010
16.930 1.6000
16.940 1.5990
16.950 1.5980
16.960 1.5970
16.970 1.5960
16.980 1.5950
16.990 1.5940
17.000 1.5930
17.010 1.5920
17.020 1.5910
17.030 1.5900
17.040 1.5890
17.050 1.5880
17.060 1.5870
17.070 1.5860
17.080 1.5850
17.090 1.5841
17.100 1.5831
17.110 1.5821
17.120 1.5811
17.130 1.5801
17.140 1.5791
17.150 1.5782
17.160 1.5772
17.170 1.5762
17.180 1.5752
17.190 1.5743
17.200 1.5733
17.210 1.5723
17.220 1.5713
17.230 1.5704
17.240 1.5694
17.250 1.5684
17.260 1.5675
17.270 1.5665
17.280 1.5655
17.290 1.5646
17.300 1.5636
17.310 1.5627
17.320 1.5617
17.330 1.5607
17.340 1.5598
17.350 1.5588
17.360 1.5579
17.370 1.5569
17.380 1.5560
17.390 1.5550
17.400 1.5541
17.410 1.5531
17.420 1.5522
17.430 1.5512
17.440 1.5503
17.450 1.5493
17.460 1.5484
17.470 1.5474
17.480 1.5465
17.490 1.5455
17.500 1.5446
17.510 1.5437
17.520 1.5427
17.530 1.5418
17.540 1.5409
17.550 1.5399
17.560 1.5390
17.570 1.5381
17.580 1.5371
17.590 1.5362
17.600 1.5353
17.610 1.5343
17.620 1.5334
17.630 1.5325
17.640 1.5316
17.650 1.5306
17.660 1.5297
17.670 1.5288
17.680 1.5279
17.690 1.5269
17.700 1.5260
17.710 1.5251
17.720 1.5242
17.730 1.5233
17.740 1.5224
17.750 1.5214
17.760 1.5205
17.770 1.5196
17.780 1.5187
17.790 1.5178
17.800 1.5169
17.810 1.5160
17.820 1.5151
17.830 1.5142
17.840 1.5133
17.850 1.5124
17.860 1.5115
17.870 1.5106
17.880 1.5097
17.890 1.5088
17.900 1.5079
17.910 1.5070
17.920 1.5061
17.930 1.5052
17.940 1.5043
17.950 1.5034
17.960 1.5025
17.970 1.5016
17.980 1.5007
17.990 1.4998
18.000 1.4989
18.010 1.4980
18.020 1.4972
18.030 1.4963
18.040 1.4954
18.050 1.4945
18.060 1.4936
18.070 1.4927
18.080 1.4919
18.090 1.4910
18.100 1.4901
18.110 1.4892
18.120 1.4883
18.130 1.4875
18.140 1.4866
18.150 1.4857
18.160 1.4848
18.170 1.4840
18.180 1.4831
18.190 1.4822
18.200 1.4814
18.210 1.4805
18.220 1.4796
18.230 1.4788
18.240 1.4779
18.250 1.4770
18.260 1.4762
18.270 1.4753
18.280 1.4744
18.290 1.4736
18.300 1.4727
18.310 1.4719
18.320 1.4710
18.330 1.4701
18.340 1.4693
18.350 1.4684
18.360 1.4676
18.370 1.4667
18.380 1.4659
18.390 1.4650
18.400 1.4642
18.410 1.4633
18.420 1.4625
18.430 1.4616
18.440 1.4608
18.450 1.4599
18.460 1.4591
18.470 1.4582
18.480 1.4574
18.490 1.4566
18.500 1.4557
18.510 1.4549
18.520 1.4540
18.530 1.4532
18.540 1.4524
18.550 1.4515
18.560 1.4507
18.570 1.4499
18.580 1.4490
18.590 1.4482
18.600 1.4474
18.610 1.4465
18.620 1.4457
18.630 1.4449
18.640 1.4440
18.650 1.4432
18.660 1.4424
18.670 1.4415
18.680 1.4407
18.690 1.4399
18.700 1.4391
18.710 1.4383
18.720 1.4374
18.730 1.4366
18.740 1.4358
18.750 1.4350
18.760 1.4342
18.770 1.4333
18.780 1.4325
18.790 1.4317
18.800 1.4309
18.810 1.4301
18.820 1.4293
18.830 1.4284
18.840 1.4276
18.850 1.4268
18.860 1.4260
18.870 1.4252
18.880 1.4244
18.890 1.4236
18.900 1.4228
18.910 1.4220
18.920 1.4212
18.930 1.4204
18.940 1.4196
18.950 1.4188
18.960 1.4180
18.970 1.4172
18.980 1.4164
18.990 1.4156
19.000 1.4148
19.010 1.4140
19.020 1.4132
19.030 1.4124
19.040 1.4116
19.050 1.4108
19.060 1.4100
19.070 1.4092
19.080 1.4084
19.090 1.4076
19.100 1.4068
19.110 1.4061
19.120 1.4053
19.130 1.4045
19.140 1.4037
19.150 1.4029
19.160 1.4021
19.170 1.4013
19.180 1.4006
19.190 1.3998
19.200 1.3990
19.210 1.3982
19.220 1.3974
19.230 1.3967
19.240 1.3959
19.250 1.3951
19.260 1.3943
19.270 1.3935
19.280 1.3928
19.290 1.3920
19.300 1.3912
19.310 1.3904
19.320 1.3897
19.330 1.3889
19.340 1.3881
19.350 1.3874
19.360 1.3866
19.370 1.3858
19.380 1.3851
19.390 1.3843
19.400 1.3835
19.410 1.3828
19.420 1.3820
19.430 1.3812
19.440 1.3805
19.450 1.3797
19.460 1.3790
19.470 1.3782
19.480 1.3774
19.490 1.3767
19.500 1.3759
19.510 1.3752
19.520 1.3744
19.530 1.3737
19.540 1.3729
19.550 1.3721
19.560 1.3714
19.570 1.3706
19.580 1.3699
19.590 1.3691
19.600 1.3684
19.610 1.3676
19.620 1.3669
19.630 1.3661
19.640 1.3654
19.650 1.3647
19.660 1.3639
19.670 1.3632
19.680 1.3624
19.690 1.3617
19.700 1.3609
19.710 1.3602
19.720 1.3595
19.730 1.3587
19.740 1.3580
19.750 1.3572
19.760 1.3565
19.770 1.3558
19.780 1.3550
19.790 1.3543
19.800 1.3536
19.810 1.3528
19.820 1.3521
19.830 1.3514
19.840 1.3506
19.850 1.3499
19.860 1.3492
19.870 1.3484
19.880 1.3477
19.890 1.3470
19.900 1.3462
19.910 1.3455
19.920 1.3448
19.930 1.3441
19.940 1.3433
19.950 1.3426
19.960 1.3419
19.970 1.3412
19.980 1.3405
19.990 1.3397
20.000 1.3390
20.100 1.3318
20.110 1.3311
20.120 1.3304
20.130 1.3297
20.140 1.3290
20.150 1.3283
20.160 1.3276
20.170 1.3269
20.180 1.3262
20.190 1.3255
20.200 1.3248
20.210 1.3241
20.220 1.3233
20.230 1.3226
20.240 1.3219
20.250 1.3212
20.260 1.3205
20.270 1.3198
20.280 1.3191
20.290 1.3184
20.300 1.3177
20.310 1.3170
20.320 1.3163
20.330 1.3156
20.340 1.3149
20.350 1.3142
20.360 1.3136
20.370 1.3129
20.380 1.3122
20.390 1.3115
20.400 1.3108
20.410 1.3101
20.420 1.3094
20.430 1.3087
20.440 1.3080
20.450 1.3073
20.460 1.3066
20.470 1.3060
20.480 1.3053
20.490 1.3046
20.500 1.3039
20.510 1.3032
20.520 1.3025
20.530 1.3018
20.540 1.3012
20.550 1.3005
20.560 1.2998
20.570 1.2991
20.580 1.2984
20.590 1.2978
20.600 1.2971
20.610 1.2964
20.620 1.2957
20.630 1.2950
20.640 1.2944
20.650 1.2937
20.660 1.2930
20.670 1.2923
20.680 1.2917
20.690 1.2910
20.700 1.2903
20.710 1.2896
20.720 1.2890
20.730 1.2883
20.740 1.2876
20.750 1.2870
20.760 1.2863
20.770 1.2856
20.780 1.2850
20.790 1.2843
20.800 1.2836
20.810 1.2830
20.820 1.2823
20.830 1.2816
20.840 1.2810
20.850 1.2803
20.860 1.2796
20.870 1.2790
20.880 1.2783
20.890 1.2777
20.900 1.2770
20.910 1.2763
20.920 1.2757
20.930 1.2750
20.940 1.2744
20.950 1.2737
20.960 1.2731
20.970 1.2724
20.980 1.2718
20.990 1.2711
21.000 1.2704
21.010 1.2698
21.020 1.2691
21.030 1.2685
21.040 1.2678
21.050 1.2672
21.060 1.2665
21.070 1.2659
21.080 1.2652
21.090 1.2646
21.100 1.2639
21.110 1.2633
21.120 1.2627
21.130 1.2620
21.140 1.2614
21.150 1.2607
21.160 1.2601
21.170 1.2594
21.180 1.2588
21.190 1.2581
21.200 1.2575
21.210 1.2569
21.220 1.2562
21.230 1.2556
21.240 1.2549
21.250 1.2543
21.260 1.2537
21.270 1.2530
21.280 1.2524
21.290 1.2518
21.300 1.2511
21.310 1.2505
21.320 1.2499
21.330 1.2492
21.340 1.2486
21.350 1.2480
21.360 1.2473
21.370 1.2467
21.380 1.2461
21.390 1.2454
21.400 1.2448
21.410 1.2442
21.420 1.2436
21.430 1.2429
21.440 1.2423
21.450 1.2417
21.460 1.2410
21.470 1.2404
21.480 1.2398
21.490 1.2392
21.500 1.2385
21.510 1.2379
21.520 1.2373
21.530 1.2367
21.540 1.2361
21.550 1.2354
21.560 1.2348
21.570 1.2342
21.580 1.2336
21.590 1.2330
21.600 1.2323
21.610 1.2317
21.620 1.2311
21.630 1.2305
21.640 1.2299
21.650 1.2293
21.660 1.2287
21.670 1.2280
21.680 1.2274
21.690 1.2268
21.700 1.2262
21.710 1.2256
21.720 1.2250
21.730 1.2244
21.740 1.2238
21.750 1.2231
21.760 1.2225
21.770 1.2219
21.780 1.2213
21.790 1.2207
21.800 1.2201
21.810 1.2195
21.820 1.2189
21.830 1.2183
21.840 1.2177
21.850 1.2171
21.860 1.2165
21.870 1.2159
21.880 1.2153
21.890 1.2147
21.900 1.2141
21.910 1.2135
21.920 1.2129
21.930 1.2123
21.940 1.2117
21.950 1.2111
21.960 1.2105
21.970 1.2099
21.980 1.2093
21.990 1.2087
22.000 1.2081
22.010 1.2075
22.020 1.2069
22.030 1.2063
22.040 1.2057
22.050 1.2051
22.060 1.2045
22.070 1.2039
22.080 1.2034
22.090 1.2028
22.100 1.2022
22.110 1.2016
22.120 1.2010
22.130 1.2004
22.140 1.1998
22.150 1.1992
22.160 1.1986
22.170 1.1981
22.180 1.1975
22.190 1.1969
22.200 1.1963
22.210 1.1957
22.220 1.1951
22.230 1.1945
22.240 1.1940
22.250 1.1934
22.260 1.1928
22.270 1.1922
22.280 1.1916
22.290 1.1911
22.300 1.1905
22.310 1.1899
22.320 1.1893
22.330 1.1887
22.340 1.1882
22.350 1.1876
22.360 1.1870
22.370 1.1864
22.380 1.1859
22.390 1.1853
22.400 1.1847
22.410 1.1841
22.420 1.1836
22.430 1.1830
22.440 1.1824
22.450 1.1818
22.460 1.1813
22.470 1.1807
22.480 1.1801
22.490 1.1796
22.500 1.1790
22.510 1.1784
22.520 1.1779
22.530 1.1773
22.540 1.1767
22.550 1.1762
22.560 1.1756
22.570 1.1750
22.580 1.1745
22.590 1.1739
22.600 1.1733
22.610 1.1728
22.620 1.1722
22.630 1.1716
22.640 1.1711
22.650 1.1705
22.660 1.1700
22.670 1.1694
22.680 1.1688
22.690 1.1683
22.700 1.1677
22.710 1.1672
22.720 1.1666
22.730 1.1660
22.740 1.1655
22.750 1.1649
22.760 1.1644
22.770 1.1638
22.780 1.1633
22.790 1.1627
22.800 1.1621
22.810 1.1616
22.820 1.1610
22.830 1.1605
22.840 1.1599
22.850 1.1594
22.860 1.1588
22.870 1.1583
22.880 1.1577
22.890 1.1572
22.900 1.1566
22.910 1.1561
22.920 1.1555
22.930 1.1550
22.940 1.1544
22.950 1.1539
22.960 1.1533
22.970 1.1528
22.980 1.1522
22.990 1.1517
23.000 1.1512
23.010 1.1506
23.020 1.1501
23.030 1.1495
23.040 1.1490
23.050 1.1484
23.060 1.1479
23.070 1.1473
23.080 1.1468
23.090 1.1463
23.100 1.1457
23.110 1.1452
23.120 1.1446
23.130 1.1441
23.140 1.1436
23.150 1.1430
23.160 1.1425
23.170 1.1420
23.180 1.1414
23.190 1.1409
23.200 1.1403
23.210 1.1398
23.220 1.1393
23.230 1.1387
23.240 1.1382
23.250 1.1377
23.260 1.1371
23.270 1.1366
23.280 1.1361
23.290 1.1355
23.300 1.1350
23.310 1.1345
23.320 1.1340
23.330 1.1334
23.340 1.1329
23.350 1.1324
23.360 1.1318
23.370 1.1313
23.380 1.1308
23.390 1.1303
23.400 1.1297
23.410 1.1292
23.420 1.1287
23.430 1.1282
23.440 1.1276
23.450 1.1271
23.460 1.1266
23.470 1.1261
23.480 1.1255
23.490 1.1250
23.500 1.1245
23.510 1.1240
23.520 1.1234
23.530 1.1229
23.540 1.1224
23.550 1.1219
23.560 1.1214
23.570 1.1208
23.580 1.1203
23.590 1.1198
23.600 1.1193
23.610 1.1188
23.620 1.1183
23.630 1.1177
23.640 1.1172
23.650 1.1167
23.660 1.1162
23.670 1.1157
23.680 1.1152
23.690 1.1147
23.700 1.1141
23.710 1.1136
23.720 1.1131
23.730 1.1126
23.740 1.1121
23.750 1.1116
23.760 1.1111
23.770 1.1106
23.780 1.1100
23.790 1.1095
23.800 1.1090
23.810 1.1085
23.820 1.1080
23.830 1.1075
23.840 1.1070
23.850 1.1065
23.860 1.1060
23.870 1.1055
23.880 1.1050
23.890 1.1045
23.900 1.1040
23.910 1.1035
23.920 1.1030
23.930 1.1024
23.940 1.1019
23.950 1.1014
23.960 1.1009
23.970 1.1004
23.980 1.0999
23.990 1.0994
24.000 1.0989
24.010 1.0984
24.020 1.0979
24.030 1.0974
24.040 1.0969
24.050 1.0964
24.060 1.0959
24.070 1.0954
24.080 1.0949
24.090 1.0944
24.100 1.0940
24.110 1.0935
24.120 1.0930
24.130 1.0925
24.140 1.0920
24.150 1.0915
24.160 1.0910
24.170 1.0905
24.180 1.0900
24.190 1.0895
24.200 1.0890
24.210 1.0885
24.220 1.0880
24.230 1.0875
24.240 1.0870
24.250 1.0866
24.260 1.0861
24.270 1.0856
24.280 1.0851
24.290 1.0846
24.300 1.0841
24.310 1.0836
24.320 1.0831
24.330 1.0826
24.340 1.0822
24.350 1.0817
24.360 1.0812
24.370 1.0807
24.380 1.0802
24.390 1.0797
24.400 1.0792
24.410 1.0788
24.420 1.0783
24.430 1.0778
24.440 1.0773
24.450 1.0768
24.460 1.0763
24.470 1.0759
24.480 1.0754
24.490 1.0749
24.500 1.0744
24.510 1.0739
24.520 1.0735
24.530 1.0730
24.540 1.0725
24.550 1.0720
24.560 1.0715
24.570 1.0711
24.580 1.0706
24.590 1.0701
24.600 1.0696
24.610 1.0692
24.620 1.0687
24.630 1.0682
24.640 1.0677
24.650 1.0673
24.660 1.0668
24.670 1.0663
24.680 1.0658
24.690 1.0654
24.700 1.0649
24.710 1.0644
24.720 1.0639
24.730 1.0635
24.740 1.0630
24.750 1.0625
24.760 1.0621
24.770 1.0616
24.780 1.0611
24.790 1.0607
24.800 1.0602
24.810 1.0597
24.820 1.0592
24.830 1.0588
24.840 1.0583
24.850 1.0578
24.860 1.0574
24.870 1.0569
24.880 1.0564
24.890 1.0560
24.900 1.0555
24.910 1.0550
24.920 1.0546
24.930 1.0541
24.940 1.0537
24.950 1.0532
24.960 1.0527
24.970 1.0523
24.980 1.0518
24.990 1.0513
25.000 1.0509
25.100 1.0463
25.110 1.0458
25.120 1.0454
25.130 1.0449
25.140 1.0445
25.150 1.0440
25.160 1.0435
25.170 1.0431
25.180 1.0426
25.190 1.0422
25.200 1.0417
25.210 1.0413
25.220 1.0408
25.230 1.0404
25.240 1.0399
25.250 1.0395
25.260 1.0390
25.270 1.0386
25.280 1.0381
25.290 1.0377
25.300 1.0372
25.310 1.0368
25.320 1.0363
25.330 1.0359
25.340 1.0354
25.350 1.0350
25.360 1.0345
25.370 1.0341
25.380 1.0336
25.390 1.0332
25.400 1.0327
25.410 1.0323
25.420 1.0318
25.430 1.0314
25.440 1.0309
25.450 1.0305
25.460 1.0300
25.470 1.0296
25.480 1.0291
25.490 1.0287
25.500 1.0283
25.510 1.0278
25.520 1.0274
25.530 1.0269
25.540 1.0265
25.550 1.0260
25.560 1.0256
25.570 1.0252
25.580 1.0247
25.590 1.0243
25.600 1.0238
25.610 1.0234
25.620 1.0230
25.630 1.0225
25.640 1.0221
25.650 1.0216
25.660 1.0212
25.670 1.0208
25.680 1.0203
25.690 1.0199
25.700 1.0195
25.710 1.0190
25.720 1.0186
25.730 1.0182
25.740 1.0177
25.750 1.0173
25.760 1.0168
25.770 1.0164
25.780 1.0160
25.790 1.0155
25.800 1.0151
25.810 1.0147
25.820 1.0142
25.830 1.0138
25.840 1.0134
25.850 1.0129
25.860 1.0125
25.870 1.0121
25.880 1.0117
25.890 1.0112
25.900 1.0108
25.910 1.0104
25.920 1.0099
25.930 1.0095
25.940 1.0091
25.950 1.0086
25.960 1.0082
25.970 1.0078
25.980 1.0074
25.990 1.0069
26.000 1.0065
26.010 1.0061
26.020 1.0057
26.030 1.0052
26.040 1.0048
26.050 1.0044
26.060 1.0040
26.070 1.0035
26.080 1.0031
26.090 1.0027
26.100 1.0023
26.110 1.0018
26.120 1.0014
26.130 1.0010
26.140 1.0006
26.150 1.0001
26.160 0.99972
26.170 0.99930
26.180 0.99888
26.190 0.99846
26.200 0.99804
26.210 0.99762
26.220 0.99720
26.230 0.99678
26.240 0.99636
26.250 0.99594
26.260 0.99552
26.270 0.99510
26.280 0.99469
26.290 0.99427
26.300 0.99385
26.310 0.99343
26.320 0.99302
26.330 0.99260
26.340 0.99219
26.350 0.99177
26.360 0.99135
26.370 0.99094
26.380 0.99052
26.390 0.99011
26.400 0.98970
26.410 0.98928
26.420 0.98887
26.430 0.98846
26.440 0.98804
26.450 0.98763
26.460 0.98722
26.470 0.98681
26.480 0.98639
26.490 0.98598
26.500 0.98557
26.510 0.98516
26.520 0.98475
26.530 0.98434
26.540 0.98393
26.550 0.98352
26.560 0.98311
26.570 0.98270
26.580 0.98229
26.590 0.98189
26.600 0.98148
26.610 0.98107
26.620 0.98066
26.630 0.98026
26.640 0.97985
26.650 0.97944
26.660 0.97904
26.670 0.97863
26.680 0.97823
26.690 0.97782
26.700 0.97742
26.710 0.97701
26.720 0.97661
26.730 0.97620
26.740 0.97580
26.750 0.97540
26.760 0.97499
26.770 0.97459
26.780 0.97419
26.790 0.97378
26.800 0.97338
26.810 0.97298
26.820 0.97258
26.830 0.97218
26.840 0.97178
26.850 0.97138
26.860 0.97098
26.870 0.97058
26.880 0.97018
26.890 0.96978
26.900 0.96938
26.910 0.96898
26.920 0.96858
26.930 0.96819
26.940 0.96779
26.950 0.96739
26.960 0.96699
26.970 0.96660
26.980 0.96620
26.990 0.96580
27.000 0.96541
27.010 0.96501
27.020 0.96462
27.030 0.96422
27.040 0.96383
27.050 0.96343
27.060 0.96304
27.070 0.96264
27.080 0.96225
27.090 0.96186
27.100 0.96146
27.110 0.96107
27.120 0.96068
27.130 0.96029
27.140 0.95989
27.150 0.95950
27.160 0.95911
27.170 0.95872
27.180 0.95833
27.190 0.95794
27.200 0.95755
27.210 0.95716
27.220 0.95677
27.230 0.95638
27.240 0.95599
27.250 0.95560
27.260 0.95521
27.270 0.95482
27.280 0.95444
27.290 0.95405
27.300 0.95366
27.310 0.95327
27.320 0.95289
27.330 0.95250
27.340 0.95211
27.350 0.95173
27.360 0.95134
27.370 0.95096
27.380 0.95057
27.390 0.95019
27.400 0.94980
27.410 0.94942
27.420 0.94903
27.430 0.94865
27.440 0.94827
27.450 0.94788
27.460 0.94750
27.470 0.94712
27.480 0.94674
27.490 0.94635
27.500 0.94597
27.510 0.94559
27.520 0.94521
27.530 0.94483
27.540 0.94445
27.550 0.94407
27.560 0.94369
27.570 0.94331
27.580 0.94293
27.590 0.94255
27.600 0.94217
27.610 0.94179
27.620 0.94141
27.630 0.94103
27.640 0.94066
27.650 0.94028
27.660 0.93990
27.670 0.93952
27.680 0.93915
27.690 0.93877
27.700 0.93839
27.710 0.93802
27.720 0.93764
27.730 0.93727
27.740 0.93689
27.750 0.93652
27.760 0.93614
27.770 0.93577
27.780 0.93539
27.790 0.93502
27.800 0.93464
27.810 0.93427
27.820 0.93390
27.830 0.93353
27.840 0.93315
27.850 0.93278
27.860 0.93241
27.870 0.93204
27.880 0.93166
27.890 0.93129
27.900 0.93092
27.910 0.93055
27.920 0.93018
27.930 0.92981
27.940 0.92944
27.950 0.92907
27.960 0.92870
27.970 0.92833
27.980 0.92796
27.990 0.92760
28.000 0.92723
28.010 0.92686
28.020 0.92649
28.030 0.92612
28.040 0.92576
28.050 0.92539
28.060 0.92502
28.070 0.92466
28.080 0.92429
28.090 0.92392
28.100 0.92356
28.110 0.92319
28.120 0.92283
28.130 0.92246
28.140 0.92210
28.150 0.92173
28.160 0.92137
28.170 0.92100
28.180 0.92064
28.190 0.92028
28.200 0.91991
28.210 0.91955
28.220 0.91919
28.230 0.91883
28.240 0.91846
28.250 0.91810
28.260 0.91774
28.270 0.91738
28.280 0.91702
28.290 0.91666
28.300 0.91630
28.310 0.91594
28.320 0.91558
28.330 0.91522
28.340 0.91486
28.350 0.91450
28.360 0.91414
28.370 0.91378
28.380 0.91342
28.390 0.91306
28.400 0.91270
28.410 0.91235
28.420 0.91199
28.430 0.91163
28.440 0.91127
28.450 0.91092
28.460 0.91056
28.470 0.91020
28.480 0.90985
28.490 0.90949
28.500 0.90914
28.510 0.90878
28.520 0.90843
28.530 0.90807
28.540 0.90772
28.550 0.90736
28.560 0.90701
28.570 0.90665
28.580 0.90630
28.590 0.90595
28.600 0.90559
28.610 0.90524
28.620 0.90489
28.630 0.90454
28.640 0.90418
28.650 0.90383
28.660 0.90348
28.670 0.90313
28.680 0.90278
28.690 0.90243
28.700 0.90208
28.710 0.90173
28.720 0.90138
28.730 0.90103
28.740 0.90068
28.750 0.90033
28.760 0.89998
28.770 0.89963
28.780 0.89928
28.790 0.89893
28.800 0.89858
28.810 0.89823
28.820 0.89789
28.830 0.89754
28.840 0.89719
28.850 0.89684
28.860 0.89650
28.870 0.89615
28.880 0.89580
28.890 0.89546
28.900 0.89511
28.910 0.89477
28.920 0.89442
28.930 0.89408
28.940 0.89373
28.950 0.89339
28.960 0.89304
28.970 0.89270
28.980 0.89235
28.990 0.89201
29.000 0.89167
29.010 0.89132
29.020 0.89098
29.030 0.89064
29.040 0.89029
29.050 0.88995
29.060 0.88961
29.070 0.88927
29.080 0.88893
29.090 0.88859
29.100 0.88824
29.110 0.88790
29.120 0.88756
29.130 0.88722
29.140 0.88688
29.150 0.88654
29.160 0.88620
29.170 0.88586
29.180 0.88552
29.190 0.88518
29.200 0.88485
29.210 0.88451
29.220 0.88417
29.230 0.88383
29.240 0.88349
29.250 0.88315
29.260 0.88282
29.270 0.88248
29.280 0.88214
29.290 0.88181
29.300 0.88147
29.310 0.88113
29.320 0.88080
29.330 0.88046
29.340 0.88012
29.350 0.87979
29.360 0.87945
29.370 0.87912
29.380 0.87878
29.390 0.87845
29.400 0.87812
29.410 0.87778
29.420 0.87745
29.430 0.87711
29.440 0.87678
29.450 0.87645
29.460 0.87611
29.470 0.87578
29.480 0.87545
29.490 0.87512
29.500 0.87479
29.510 0.87445
29.520 0.87412
29.530 0.87379
29.540 0.87346
29.550 0.87313
29.560 0.87280
29.570 0.87247
29.580 0.87214
29.590 0.87181
29.600 0.87148
29.610 0.87115
29.620 0.87082
29.630 0.87049
29.640 0.87016
29.650 0.86983
29.660 0.86950
29.670 0.86917
29.680 0.86885
29.690 0.86852
29.700 0.86819
29.710 0.86786
29.720 0.86754
29.730 0.86721
29.740 0.86688
29.750 0.86656
29.760 0.86623
29.770 0.86590
29.780 0.86558
29.790 0.86525
29.800 0.86493
29.810 0.86460
29.820 0.86428
29.830 0.86395
29.840 0.86363
29.850 0.86330
29.860 0.86298
29.870 0.86265
29.880 0.86233
29.890 0.86201
29.900 0.86168
29.910 0.86136
29.920 0.86104
29.930 0.86072
29.940 0.86039
29.950 0.86007
29.960 0.85975
29.970 0.85943
29.980 0.85911
29.990 0.85878
30.000 0.85846
