0.10000 303.53 0.0919923976137
0.11000 275.93 0.101191637375
0.12000 252.93 0.110390877136
0.13000 233.46 0.119590116898
0.14000 216.78 0.128789356659
0.15000 202.33 0.137988596421
0.16000 189.67 0.147187836182
0.17000 178.51 0.156387075943
0.18000 168.59 0.165586315705
0.19000 159.71 0.174785555466
0.20000 151.72 0.183984795227
0.21000 144.49 0.193184034989
0.22000 137.92 0.20238327475
0.23000 131.92 0.211582514512
0.24000 126.42 0.220781754273
0.25000 121.36 0.229980994034
0.26000 116.69 0.239180233796
0.27000 112.37 0.248379473557
0.28000 108.35 0.257578713318
0.29000 104.61 0.26677795308
0.30000 101.12 0.275977192841
0.31000 97.856 0.285176432603
0.32000 94.796 0.294375672364
0.33000 91.921 0.303574912125
0.34000 89.215 0.312774151887
0.35000 86.663 0.321973391648
0.36000 84.254 0.331172631409
0.37000 81.974 0.340371871171
0.38000 79.815 0.349571110932
0.39000 77.766 0.358770350694
0.40000 75.820 0.367969590455
0.41000 73.969 0.377168830216
0.42000 72.205 0.386368069978
0.43000 70.524 0.395567309739
0.44000 68.920 0.4047665495
0.45000 67.386 0.413965789262
0.46000 65.919 0.423165029023
0.47000 64.515 0.432364268785
0.48000 63.169 0.441563508546
0.49000 61.878 0.450762748307
0.50000 60.639 0.459961988069
0.51000 59.449 0.46916122783
0.52000 58.304 0.478360467591
0.53000 57.202 0.487559707353
0.54000 56.141 0.496758947114
0.55000 55.119 0.505958186875
0.56000 54.133 0.515157426637
0.57000 53.182 0.524356666398
0.58000 52.264 0.53355590616
0.59000 51.376 0.542755145921
0.60000 50.519 0.551954385682
0.61000 49.689 0.561153625444
0.62000 48.886 0.570352865205
0.63000 48.109 0.579552104966
0.64000 47.356 0.588751344728
0.65000 46.626 0.597950584489
0.66000 45.919 0.607149824251
0.67000 45.232 0.616349064012
0.68000 44.566 0.625548303773
0.69000 43.919 0.634747543535
0.70000 43.290 0.643946783296
0.71000 42.679 0.653146023057
0.72000 42.085 0.662345262819
0.73000 41.507 0.67154450258
0.74000 40.945 0.680743742342
0.75000 40.398 0.689942982103
0.76000 39.866 0.699142221864
0.77000 39.347 0.708341461626
0.78000 38.841 0.717540701387
0.79000 38.349 0.726739941148
0.80000 37.868 0.73593918091
0.81000 37.400 0.745138420671
0.82000 36.943 0.754337660433
0.83000 36.497 0.763536900194
0.84000 36.061 0.772736139955
0.85000 35.636 0.781935379717
0.86000 35.220 0.791134619478
0.87000 34.815 0.800333859239
0.88000 34.418 0.809533099001
0.89000 34.030 0.818732338762
0.90000 33.651 0.827931578524
0.91000 33.281 0.837130818285
0.92000 32.918 0.846330058046
0.93000 32.563 0.855529297808
0.94000 32.216 0.864728537569
0.95000 31.876 0.87392777733
0.96000 31.543 0.883127017092
0.97000 31.217 0.892326256853
0.98000 30.898 0.901525496615
0.99000 30.585 0.910724736376
1.0000 30.278 0.919923976137
1.0100 29.977 0.929123215899
1.0200 29.683 0.93832245566
1.0300 29.394 0.947521695421
1.0400 29.110 0.956720935183
1.0500 28.832 0.965920174944
1.0600 28.559 0.975119414706
1.0700 28.292 0.984318654467
1.0800 28.029 0.993517894228
1.0900 27.771 1.00271713399
1.1000 27.518 1.01191637375
1.1100 27.269 1.02111561351
1.1200 27.025 1.03031485327
1.1300 26.785 1.03951409304
1.1400 26.549 1.0487133328
1.1500 26.318 1.05791257256
1.1600 26.090 1.06711181232
1.1700 25.866 1.07631105208
1.1800 25.647 1.08551029184
1.1900 25.430 1.0947095316
1.2000 25.218 1.10390877136
1.2100 25.009 1.11310801113
1.2200 24.803 1.12230725089
1.2300 24.601 1.13150649065
1.2400 24.402 1.14070573041
1.2500 24.206 1.14990497017
1.2600 24.013 1.15910420993
1.2700 23.823 1.16830344969
1.2800 23.636 1.17750268946
1.2900 23.453 1.18670192922
1.3000 23.271 1.19590116898
1.3100 23.093 1.20510040874
1.3200 22.918 1.2142996485
1.3300 22.745 1.22349888826
1.3400 22.574 1.23269812802
1.3500 22.406 1.24189736779
1.3600 22.241 1.25109660755
1.3700 22.078 1.26029584731
1.3800 21.918 1.26949508707
1.3900 21.759 1.27869432683
1.4000 21.603 1.28789356659
1.4100 21.449 1.29709280635
1.4200 21.298 1.30629204611
1.4300 21.148 1.31549128588
1.4400 21.001 1.32469052564
1.4500 20.855 1.3338897654
1.4600 20.712 1.34308900516
1.4700 20.571 1.35228824492
1.4800 20.431 1.36148748468
1.4900 20.293 1.37068672444
1.5000 20.157 1.37988596421
1.5100 20.023 1.38908520397
1.5200 19.891 1.39828444373
1.5300 19.761 1.40748368349
1.5400 19.632 1.41668292325
1.5500 19.505 1.42588216301
1.5600 19.379 1.43508140277
1.5700 19.255 1.44428064254
1.5800 19.133 1.4534798823
1.5900 19.012 1.46267912206
1.6000 18.892 1.47187836182
1.6100 18.775 1.48107760158
1.6200 18.658 1.49027684134
1.6300 18.543 1.4994760811
1.6400 18.430 1.50867532087
1.6500 18.317 1.51787456063
1.6600 18.207 1.52707380039
1.6700 18.097 1.53627304015
1.6800 17.989 1.54547227991
1.6900 17.882 1.55467151967
1.7000 17.776 1.56387075943
1.7100 17.672 1.57306999919
1.7200 17.569 1.58226923896
1.7300 17.466 1.59146847872
1.7400 17.366 1.60066771848
1.7500 17.266 1.60986695824
1.7600 17.167 1.619066198
1.7700 17.070 1.62826543776
1.7800 16.973 1.63746467752
1.7900 16.878 1.64666391729
1.8000 16.784 1.65586315705
1.8100 16.691 1.66506239681
1.8200 16.599 1.67426163657
1.8300 16.507 1.68346087633
1.8400 16.417 1.69266011609
1.8500 16.328 1.70185935585
1.8600 16.240 1.71105859562
1.8700 16.153 1.72025783538
1.8800 16.066 1.72945707514
1.8900 15.981 1.7386563149
1.9000 15.896 1.74785555466
1.9100 15.813 1.75705479442
1.9200 15.730 1.76625403418
1.9300 15.648 1.77545327394
1.9400 15.567 1.78465251371
1.9500 15.486 1.79385175347
1.9600 15.407 1.80305099323
1.9700 15.328 1.81225023299
1.9800 15.251 1.82144947275
1.9900 15.173 1.83064871251
2.0000 15.097 1.83984795227
2.0100 15.022 1.84904719204
2.0200 14.947 1.8582464318
2.0300 14.873 1.86744567156
2.0400 14.800 1.87664491132
2.0500 14.727 1.88584415108
2.0600 14.655 1.89504339084
2.0700 14.584 1.9042426306
2.0800 14.513 1.91344187037
2.0900 14.443 1.92264111013
2.1000 14.374 1.93184034989
2.1100 14.306 1.94103958965
2.1200 14.238 1.95023882941
2.1300 14.171 1.95943806917
2.1400 14.104 1.96863730893
2.1500 14.038 1.9778365487
2.1600 13.973 1.98703578846
2.1700 13.908 1.99623502822
2.1800 13.844 2.00543426798
2.1900 13.780 2.01463350774
2.2000 13.717 2.0238327475
2.2100 13.655 2.03303198726
2.2200 13.593 2.04223122702
2.2300 13.531 2.05143046679
2.2400 13.471 2.06062970655
2.2500 13.410 2.06982894631
2.2600 13.351 2.07902818607
2.2700 13.292 2.08822742583
2.2800 13.233 2.09742666559
2.2900 13.175 2.10662590535
2.3000 13.117 2.11582514512
2.3100 13.060 2.12502438488
2.3200 13.003 2.13422362464
2.3300 12.947 2.1434228644
2.3400 12.891 2.15262210416
2.3500 12.836 2.16182134392
2.3600 12.781 2.17102058368
2.3700 12.727 2.18021982345
2.3800 12.673 2.18941906321
2.3900 12.620 2.19861830297
2.4000 12.567 2.20781754273
2.4100 12.515 2.21701678249
2.4200 12.463 2.22621602225
2.4300 12.411 2.23541526201
2.4400 12.360 2.24461450177
2.4500 12.309 2.25381374154
2.4600 12.259 2.2630129813
2.4700 12.209 2.27221222106
2.4800 12.159 2.28141146082
2.4900 12.110 2.29061070058
2.5000 12.061 2.29980994034
2.5100 12.013 2.3090091801
2.5200 11.965 2.31820841987
2.5300 11.917 2.32740765963
2.5400 11.870 2.33660689939
2.5500 11.823 2.34580613915
2.5600 11.776 2.35500537891
2.5700 11.730 2.36420461867
2.5800 11.684 2.37340385843
2.5900 11.639 2.3826030982
2.6000 11.594 2.39180233796
2.6100 11.549 2.40100157772
2.6200 11.505 2.41020081748
2.6300 11.461 2.41940005724
2.6400 11.417 2.428599297
2.6500 11.374 2.43779853676
2.6600 11.331 2.44699777653
2.6700 11.288 2.45619701629
2.6800 11.245 2.46539625605
2.6900 11.203 2.47459549581
2.7000 11.161 2.48379473557
2.7100 11.120 2.49299397533
2.7200 11.079 2.50219321509
2.7300 11.038 2.51139245485
2.7400 10.997 2.52059169462
2.7500 10.957 2.52979093438
2.7600 10.917 2.53899017414
2.7700 10.877 2.5481894139
2.7800 10.838 2.55738865366
2.7900 10.799 2.56658789342
2.8000 10.760 2.57578713318
2.8100 10.721 2.58498637295
2.8200 10.683 2.59418561271
2.8300 10.645 2.60338485247
2.8400 10.607 2.61258409223
2.8500 10.570 2.62178333199
2.8600 10.532 2.63098257175
2.8700 10.495 2.64018181151
2.8800 10.459 2.64938105128
2.8900 10.422 2.65858029104
2.9000 10.386 2.6677795308
2.9100 10.350 2.67697877056
2.9200 10.314 2.68617801032
2.9300 10.279 2.69537725008
2.9400 10.243 2.70457648984
2.9500 10.208 2.7137757296
2.9600 10.174 2.72297496937
2.9700 10.139 2.73217420913
2.9800 10.105 2.74137344889
2.9900 10.071 2.75057268865
3.0000 10.037 2.75977192841
3.0100 10.003 2.76897116817
3.0200 9.9699 2.77817040793
3.0300 9.9367 2.7873696477
3.0400 9.9037 2.79656888746
3.0500 9.8710 2.80576812722
3.0600 9.8385 2.81496736698
3.0700 9.8061 2.82416660674
3.0800 9.7740 2.8333658465
3.0900 9.7421 2.84256508626
3.1000 9.7104 2.85176432603
3.1100 9.6789 2.86096356579
3.1200 9.6476 2.87016280555
3.1300 9.6165 2.87936204531
3.1400 9.5857 2.88856128507
3.1500 9.5550 2.89776052483
3.1600 9.5245 2.90695976459
3.1700 9.4941 2.91615900436
3.1800 9.4640 2.92535824412
3.1900 9.4341 2.93455748388
3.2000 9.4044 2.94375672364
3.2100 9.3748 2.9529559634
3.2200 9.3454 2.96215520316
3.2300 9.3162 2.97135444292
3.2400 9.2872 2.98055368268
3.2500 9.2584 2.98975292245
3.2600 9.2297 2.99895216221
3.2700 9.2012 3.00815140197
3.2800 9.1729 3.01735064173
3.2900 9.1448 3.02654988149
3.3000 9.1168 3.03574912125
3.3100 9.0890 3.04494836101
3.3200 9.0614 3.05414760078
3.3300 9.0339 3.06334684054
3.3400 9.0066 3.0725460803
3.3500 8.9795 3.08174532006
3.3600 8.9525 3.09094455982
3.3700 8.9257 3.10014379958
3.3800 8.8991 3.10934303934
3.3900 8.8726 3.11854227911
3.4000 8.8462 3.12774151887
3.4100 8.8200 3.13694075863
3.4200 8.7940 3.14613999839
3.4300 8.7681 3.15533923815
3.4400 8.7424 3.16453847791
3.4500 8.7168 3.17373771767
3.4600 8.6914 3.18293695743
3.4700 8.6661 3.1921361972
3.4800 8.6409 3.20133543696
3.4900 8.6159 3.21053467672
3.5000 8.5911 3.21973391648
3.5100 8.5664 3.22893315624
3.5200 8.5418 3.238132396
3.5300 8.5173 3.24733163576
3.5400 8.4931 3.25653087553
3.5500 8.4689 3.26573011529
3.5600 8.4449 3.27492935505
3.5700 8.4210 3.28412859481
3.5800 8.3972 3.29332783457
3.5900 8.3736 3.30252707433
3.6000 8.3501 3.31172631409
3.6100 8.3267 3.32092555386
3.6200 8.3035 3.33012479362
3.6300 8.2804 3.33932403338
3.6400 8.2574 3.34852327314
3.6500 8.2346 3.3577225129
3.6600 8.2118 3.36692175266
3.6700 8.1892 3.37612099242
3.6800 8.1668 3.38532023219
3.6900 8.1444 3.39451947195
3.7000 8.1222 3.40371871171
3.7100 8.1000 3.41291795147
3.7200 8.0780 3.42211719123
3.7300 8.0562 3.43131643099
3.7400 8.0344 3.44051567075
3.7500 8.0127 3.44971491051
3.7600 7.9912 3.45891415028
3.7700 7.9698 3.46811339004
3.7800 7.9485 3.4773126298
3.7900 7.9273 3.48651186956
3.8000 7.9062 3.49571110932
3.8100 7.8852 3.50491034908
3.8200 7.8644 3.51410958884
3.8300 7.8436 3.52330882861
3.8400 7.8230 3.53250806837
3.8500 7.8024 3.54170730813
3.8600 7.7820 3.55090654789
3.8700 7.7617 3.56010578765
3.8800 7.7415 3.56930502741
3.8900 7.7213 3.57850426717
3.9000 7.7013 3.58770350694
3.9100 7.6814 3.5969027467
3.9200 7.6616 3.60610198646
3.9300 7.6419 3.61530122622
3.9400 7.6223 3.62450046598
3.9500 7.6028 3.63369970574
3.9600 7.5834 3.6428989455
3.9700 7.5641 3.65209818526
3.9800 7.5448 3.66129742503
3.9900 7.5257 3.67049666479
4.0000 7.5067 3.67969590455
4.0100 7.4878 3.68889514431
4.0200 7.4689 3.69809438407
4.0300 7.4502 3.70729362383
4.0400 7.4315 3.71649286359
4.0500 7.4130 3.72569210336
4.0600 7.3945 3.73489134312
4.0700 7.3761 3.74409058288
4.0800 7.3579 3.75328982264
4.0900 7.3397 3.7624890624
4.1000 7.3216 3.77168830216
4.1100 7.3035 3.78088754192
4.1200 7.2856 3.79008678169
4.1300 7.2678 3.79928602145
4.1400 7.2500 3.80848526121
4.1500 7.2323 3.81768450097
4.1600 7.2147 3.82688374073
4.1700 7.1972 3.83608298049
4.1800 7.1798 3.84528222025
4.1900 7.1625 3.85448146002
4.2000 7.1452 3.86368069978
4.2100 7.1281 3.87287993954
4.2200 7.1110 3.8820791793
4.2300 7.0940 3.89127841906
4.2400 7.0770 3.90047765882
4.2500 7.0602 3.90967689858
4.2600 7.0434 3.91887613834
4.2700 7.0267 3.92807537811
4.2800 7.0101 3.93727461787
4.2900 6.9936 3.94647385763
4.3000 6.9771 3.95567309739
4.3100 6.9607 3.96487233715
4.3200 6.9444 3.97407157691
4.3300 6.9282 3.98327081667
4.3400 6.9120 3.99247005644
4.3500 6.8959 4.0016692962
4.3600 6.8799 4.01086853596
4.3700 6.8640 4.02006777572
4.3800 6.8481 4.02926701548
4.3900 6.8323 4.03846625524
4.4000 6.8166 4.047665495
4.4100 6.8010 4.05686473477
4.4200 6.7854 4.06606397453
4.4300 6.7699 4.07526321429
4.4400 6.7545 4.08446245405
4.4500 6.7391 4.09366169381
4.4600 6.7238 4.10286093357
4.4700 6.7086 4.11206017333
4.4800 6.6934 4.12125941309
4.4900 6.6783 4.13045865286
4.5000 6.6633 4.13965789262
4.5100 6.6483 4.14885713238
4.5200 6.6334 4.15805637214
4.5300 6.6186 4.1672556119
4.5400 6.6038 4.17645485166
4.5500 6.5891 4.18565409142
4.5600 6.5745 4.19485333119
4.5700 6.5599 4.20405257095
4.5800 6.5454 4.21325181071
4.5900 6.5310 4.22245105047
4.6000 6.5166 4.23165029023
4.6100 6.5023 4.24084952999
4.6200 6.4880 4.25004876975
4.6300 6.4738 4.25924800952
4.6400 6.4597 4.26844724928
4.6500 6.4456 4.27764648904
4.6600 6.4316 4.2868457288
4.6700 6.4177 4.29604496856
4.6800 6.4038 4.30524420832
4.6900 6.3899 4.31444344808
4.7000 6.3762 4.32364268785
4.7100 6.3624 4.33284192761
4.7200 6.3488 4.34204116737
4.7300 6.3352 4.35124040713
4.7400 6.3216 4.36043964689
4.7500 6.3081 4.36963888665
4.7600 6.2947 4.37883812641
4.7700 6.2813 4.38803736617
4.7800 6.2680 4.39723660594
4.7900 6.2548 4.4064358457
4.8000 6.2416 4.41563508546
4.8100 6.2284 4.42483432522
4.8200 6.2153 4.43403356498
4.8300 6.2023 4.44323280474
4.8400 6.1893 4.4524320445
4.8500 6.1763 4.46163128427
4.8600 6.1635 4.47083052403
4.8700 6.1506 4.48002976379
4.8800 6.1379 4.48922900355
4.8900 6.1251 4.49842824331
4.9000 6.1125 4.50762748307
4.9100 6.0998 4.51682672283
4.9200 6.0873 4.5260259626
4.9300 6.0748 4.53522520236
4.9400 6.0623 4.54442444212
4.9500 6.0499 4.55362368188
4.9600 6.0375 4.56282292164
4.9700 6.0252 4.5720221614
4.9800 6.0129 4.58122140116
4.9900 6.0007 4.59042064092
5.0000 5.9885 4.59961988069
5.1000 5.8695 4.6916122783
5.1100 5.8578 4.70081151806
5.1200 5.8462 4.71001075782
5.1300 5.8346 4.71920999758
5.1400 5.8231 4.72840923735
5.1500 5.8117 4.73760847711
5.1600 5.8002 4.74680771687
5.1700 5.7888 4.75600695663
5.1800 5.7775 4.76520619639
5.1900 5.7662 4.77440543615
5.2000 5.7550 4.78360467591
5.2100 5.7438 4.79280391568
5.2200 5.7326 4.80200315544
5.2300 5.7215 4.8112023952
5.2400 5.7104 4.82040163496
5.2500 5.6994 4.82960087472
5.2600 5.6884 4.83880011448
5.2700 5.6774 4.84799935424
5.2800 5.6665 4.857198594
5.2900 5.6556 4.86639783377
5.3000 5.6448 4.87559707353
5.3100 5.6340 4.88479631329
5.3200 5.6233 4.89399555305
5.3300 5.6125 4.90319479281
5.3400 5.6019 4.91239403257
5.3500 5.5912 4.92159327233
5.3600 5.5807 4.9307925121
5.3700 5.5701 4.93999175186
5.3800 5.5596 4.94919099162
5.3900 5.5491 4.95839023138
5.4000 5.5387 4.96758947114
5.4100 5.5283 4.9767887109
5.4200 5.5179 4.98598795066
5.4300 5.5076 4.99518719043
5.4400 5.4973 5.00438643019
5.4500 5.4871 5.01358566995
5.4600 5.4769 5.02278490971
5.4700 5.4667 5.03198414947
5.4800 5.4566 5.04118338923
5.4900 5.4465 5.05038262899
5.5000 5.4365 5.05958186875
5.5100 5.4264 5.06878110852
5.5200 5.4165 5.07798034828
5.5300 5.4065 5.08717958804
5.5400 5.3966 5.0963788278
5.5500 5.3867 5.10557806756
5.5600 5.3769 5.11477730732
5.5700 5.3671 5.12397654708
5.5800 5.3573 5.13317578685
5.5900 5.3476 5.14237502661
5.6000 5.3379 5.15157426637
5.6100 5.3282 5.16077350613
5.6200 5.3186 5.16997274589
5.6300 5.3090 5.17917198565
5.6400 5.2994 5.18837122541
5.6500 5.2899 5.19757046518
5.6600 5.2804 5.20676970494
5.6700 5.2709 5.2159689447
5.6800 5.2615 5.22516818446
5.6900 5.2521 5.23436742422
5.7000 5.2427 5.24356666398
5.7100 5.2334 5.25276590374
5.7200 5.2241 5.26196514351
5.7300 5.2149 5.27116438327
5.7400 5.2056 5.28036362303
5.7500 5.1964 5.28956286279
5.7600 5.1873 5.29876210255
5.7700 5.1781 5.30796134231
5.7800 5.1690 5.31716058207
5.7900 5.1599 5.32635982183
5.8000 5.1509 5.3355590616
5.8100 5.1419 5.34475830136
5.8200 5.1329 5.35395754112
5.8300 5.1240 5.36315678088
5.8400 5.1150 5.37235602064
5.8500 5.1062 5.3815552604
5.8600 5.0973 5.39075450016
5.8700 5.0885 5.39995373993
5.8800 5.0797 5.40915297969
5.8900 5.0709 5.41835221945
5.9000 5.0622 5.42755145921
5.9100 5.0535 5.43675069897
5.9200 5.0448 5.44594993873
5.9300 5.0361 5.45514917849
5.9400 5.0275 5.46434841826
5.9500 5.0189 5.47354765802
5.9600 5.0104 5.48274689778
5.9700 5.0018 5.49194613754
5.9800 4.9933 5.5011453773
5.9900 4.9848 5.51034461706
6.0000 4.9764 5.51954385682
6.0100 4.9680 5.52874309658
6.0200 4.9596 5.53794233635
6.0300 4.9512 5.54714157611
6.0400 4.9429 5.55634081587
6.0500 4.9346 5.56554005563
6.0600 4.9263 5.57473929539
6.0700 4.9180 5.58393853515
6.0800 4.9098 5.59313777491
6.0900 4.9016 5.60233701468
6.1000 4.8934 5.61153625444
6.1100 4.8853 5.6207354942
6.1200 4.8772 5.62993473396
6.1300 4.8691 5.63913397372
6.1400 4.8610 5.64833321348
6.1500 4.8530 5.65753245324
6.1600 4.8449 5.66673169301
6.1700 4.8369 5.67593093277
6.1800 4.8290 5.68513017253
6.1900 4.8210 5.69432941229
6.2000 4.8131 5.70352865205
6.2100 4.8052 5.71272789181
6.2200 4.7974 5.72192713157
6.2300 4.7896 5.73112637134
6.2400 4.7817 5.7403256111
6.2500 4.7740 5.74952485086
6.2600 4.7662 5.75872409062
6.2700 4.7585 5.76792333038
6.2800 4.7507 5.77712257014
6.2900 4.7431 5.7863218099
6.3000 4.7354 5.79552104966
6.3100 4.7278 5.80472028943
6.3200 4.7201 5.81391952919
6.3300 4.7126 5.82311876895
6.3400 4.7050 5.83231800871
6.3500 4.6974 5.84151724847
6.3600 4.6899 5.85071648823
6.3700 4.6824 5.85991572799
6.3800 4.6750 5.86911496776
6.3900 4.6675 5.87831420752
6.4000 4.6601 5.88751344728
6.4100 4.6527 5.89671268704
6.4200 4.6453 5.9059119268
6.4300 4.6379 5.91511116656
6.4400 4.6306 5.92431040632
6.4500 4.6233 5.93350964609
6.4600 4.6160 5.94270888585
6.4700 4.6088 5.95190812561
6.4800 4.6015 5.96110736537
6.4900 4.5943 5.97030660513
6.5000 4.5871 5.97950584489
6.5100 4.5799 5.98870508465
6.5200 4.5728 5.99790432442
6.5300 4.5656 6.00710356418
6.5400 4.5585 6.01630280394
6.5500 4.5514 6.0255020437
6.5600 4.5444 6.03470128346
6.5700 4.5373 6.04390052322
6.5800 4.5303 6.05309976298
6.5900 4.5233 6.06229900274
6.6000 4.5163 6.07149824251
6.6100 4.5093 6.08069748227
6.6200 4.5024 6.08989672203
6.6300 4.4955 6.09909596179
6.6400 4.4886 6.10829520155
6.6500 4.4817 6.11749444131
6.6600 4.4749 6.12669368107
6.6700 4.4680 6.13589292084
6.6800 4.4612 6.1450921606
6.6900 4.4544 6.15429140036
6.7000 4.4476 6.16349064012
6.7100 4.4409 6.17268987988
6.7200 4.4342 6.18188911964
6.7300 4.4274 6.1910883594
6.7400 4.4207 6.20028759917
6.7500 4.4141 6.20948683893
6.7600 4.4074 6.21868607869
6.7700 4.4008 6.22788531845
6.7800 4.3942 6.23708455821
6.7900 4.3876 6.24628379797
6.8000 4.3810 6.25548303773
6.8100 4.3744 6.26468227749
6.8200 4.3679 6.27388151726
6.8300 4.3614 6.28308075702
6.8400 4.3549 6.29227999678
6.8500 4.3484 6.30147923654
6.8600 4.3419 6.3106784763
6.8700 4.3355 6.31987771606
6.8800 4.3291 6.32907695582
6.8900 4.3227 6.33827619559
6.9000 4.3163 6.34747543535
6.9100 4.3099 6.35667467511
6.9200 4.3036 6.36587391487
6.9300 4.2972 6.37507315463
6.9400 4.2909 6.38427239439
6.9500 4.2846 6.39347163415
6.9600 4.2783 6.40267087392
6.9700 4.2721 6.41187011368
6.9800 4.2658 6.42106935344
6.9900 4.2596 6.4302685932
7.0000 4.2534 6.43946783296
7.0100 4.2472 6.44866707272
7.0200 4.2410 6.45786631248
7.0300 4.2349 6.46706555225
7.0400 4.2288 6.47626479201
7.0500 4.2226 6.48546403177
7.0600 4.2165 6.49466327153
7.0700 4.2104 6.50386251129
7.0800 4.2044 6.51306175105
7.0900 4.1983 6.52226099081
7.1000 4.1923 6.53146023057
7.1100 4.1863 6.54065947034
7.1200 4.1803 6.5498587101
7.1300 4.1743 6.55905794986
7.1400 4.1683 6.56825718962
7.1500 4.1624 6.57745642938
7.1600 4.1565 6.58665566914
7.1700 4.1505 6.5958549089
7.1800 4.1446 6.60505414867
7.1900 4.1388 6.61425338843
7.2000 4.1329 6.62345262819
7.2100 4.1270 6.63265186795
7.2200 4.1212 6.64185110771
7.2300 4.1154 6.65105034747
7.2400 4.1096 6.66024958723
7.2500 4.1038 6.669448827
7.2600 4.0980 6.67864806676
7.2700 4.0923 6.68784730652
7.2800 4.0866 6.69704654628
7.2900 4.0808 6.70624578604
7.3000 4.0751 6.7154450258
7.3100 4.0694 6.72464426556
7.3200 4.0638 6.73384350532
7.3300 4.0581 6.74304274509
7.3400 4.0525 6.75224198485
7.3500 4.0468 6.76144122461
7.3600 4.0412 6.77064046437
7.3700 4.0356 6.77983970413
7.3800 4.0300 6.78903894389
7.3900 4.0245 6.79823818365
7.4000 4.0189 6.80743742342
7.4100 4.0134 6.81663666318
7.4200 4.0078 6.82583590294
7.4300 4.0023 6.8350351427
7.4400 3.9968 6.84423438246
7.4500 3.9914 6.85343362222
7.4600 3.9859 6.86263286198
7.4700 3.9805 6.87183210175
7.4800 3.9750 6.88103134151
7.4900 3.9696 6.89023058127
7.5000 3.9642 6.89942982103
7.5100 3.9588 6.90862906079
7.5200 3.9534 6.91782830055
7.5300 3.9481 6.92702754031
7.5400 3.9427 6.93622678008
7.5500 3.9374 6.94542601984
7.5600 3.9321 6.9546252596
7.5700 3.9268 6.96382449936
7.5800 3.9215 6.97302373912
7.5900 3.9162 6.98222297888
7.6000 3.9109 6.99142221864
7.6100 3.9057 7.0006214584
7.6200 3.9004 7.00982069817
7.6300 3.8952 7.01901993793
7.6400 3.8900 7.02821917769
7.6500 3.8848 7.03741841745
7.6600 3.8796 7.04661765721
7.6700 3.8745 7.05581689697
7.6800 3.8693 7.06501613673
7.6900 3.8642 7.0742153765
7.7000 3.8590 7.08341461626
7.7100 3.8539 7.09261385602
7.7200 3.8488 7.10181309578
7.7300 3.8437 7.11101233554
7.7400 3.8386 7.1202115753
7.7500 3.8336 7.12941081506
7.7600 3.8285 7.13861005483
7.7700 3.8235 7.14780929459
7.7800 3.8185 7.15700853435
7.7900 3.8135 7.16620777411
7.8000 3.8085 7.17540701387
7.8100 3.8035 7.18460625363
7.8200 3.7985 7.19380549339
7.8300 3.7935 7.20300473315
7.8400 3.7886 7.21220397292
7.8500 3.7837 7.22140321268
7.8600 3.7787 7.23060245244
7.8700 3.7738 7.2398016922
7.8800 3.7689 7.24900093196
7.8900 3.7641 7.25820017172
7.9000 3.7592 7.26739941148
7.9100 3.7543 7.27659865125
7.9200 3.7495 7.28579789101
7.9300 3.7446 7.29499713077
7.9400 3.7398 7.30419637053
7.9500 3.7350 7.31339561029
7.9600 3.7302 7.32259485005
7.9700 3.7254 7.33179408981
7.9800 3.7206 7.34099332958
7.9900 3.7159 7.35019256934
8.0000 3.7111 7.3593918091
8.0100 3.7064 7.36859104886
8.0200 3.7017 7.37779028862
8.0300 3.6970 7.38698952838
8.0400 3.6922 7.39618876814
8.0500 3.6876 7.40538800791
8.0600 3.6829 7.41458724767
8.0700 3.6782 7.42378648743
8.0800 3.6736 7.43298572719
8.0900 3.6689 7.44218496695
8.1000 3.6643 7.45138420671
8.1100 3.6596 7.46058344647
8.1200 3.6550 7.46978268623
8.1300 3.6504 7.478981926
8.1400 3.6458 7.48818116576
8.1500 3.6413 7.49738040552
8.1600 3.6367 7.50657964528
8.1700 3.6321 7.51577888504
8.1800 3.6276 7.5249781248
8.1900 3.6231 7.53417736456
8.2000 3.6185 7.54337660433
8.2100 3.6140 7.55257584409
8.2200 3.6095 7.56177508385
8.2300 3.6050 7.57097432361
8.2400 3.6006 7.58017356337
8.2500 3.5961 7.58937280313
8.2600 3.5916 7.59857204289
8.2700 3.5872 7.60777128266
8.2800 3.5828 7.61697052242
8.2900 3.5783 7.62616976218
8.3000 3.5739 7.63536900194
8.3100 3.5695 7.6445682417
8.3200 3.5651 7.65376748146
8.3300 3.5608 7.66296672122
8.3400 3.5564 7.67216596098
8.3500 3.5520 7.68136520075
8.3600 3.5477 7.69056444051
8.3700 3.5433 7.69976368027
8.3800 3.5390 7.70896292003
8.3900 3.5347 7.71816215979
8.4000 3.5304 7.72736139955
8.4100 3.5261 7.73656063931
8.4200 3.5218 7.74575987908
8.4300 3.5175 7.75495911884
8.4400 3.5132 7.7641583586
8.4500 3.5090 7.77335759836
8.4600 3.5047 7.78255683812
8.4700 3.5005 7.79175607788
8.4800 3.4963 7.80095531764
8.4900 3.4920 7.81015455741
8.5000 3.4878 7.81935379717
8.5100 3.4836 7.82855303693
8.5200 3.4795 7.83775227669
8.5300 3.4753 7.84695151645
8.5400 3.4711 7.85615075621
8.5500 3.4669 7.86534999597
8.5600 3.4628 7.87454923574
8.5700 3.4587 7.8837484755
8.5800 3.4545 7.89294771526
8.5900 3.4504 7.90214695502
8.6000 3.4463 7.91134619478
8.6100 3.4422 7.92054543454
8.6200 3.4381 7.9297446743
8.6300 3.4340 7.93894391406
8.6400 3.4299 7.94814315383
8.6500 3.4259 7.95734239359
8.6600 3.4218 7.96654163335
8.6700 3.4178 7.97574087311
8.6800 3.4137 7.98494011287
8.6900 3.4097 7.99413935263
8.7000 3.4057 8.00333859239
8.7100 3.4017 8.01253783216
8.7200 3.3977 8.02173707192
8.7300 3.3937 8.03093631168
8.7400 3.3897 8.04013555144
8.7500 3.3858 8.0493347912
8.7600 3.3818 8.05853403096
8.7700 3.3778 8.06773327072
8.7800 3.3739 8.07693251049
8.7900 3.3700 8.08613175025
8.8000 3.3660 8.09533099001
8.8100 3.3621 8.10453022977
8.8200 3.3582 8.11372946953
8.8300 3.3543 8.12292870929
8.8400 3.3504 8.13212794905
8.8500 3.3465 8.14132718881
8.8600 3.3427 8.15052642858
8.8700 3.3388 8.15972566834
8.8800 3.3349 8.1689249081
8.8900 3.3311 8.17812414786
8.9000 3.3273 8.18732338762
8.9100 3.3234 8.19652262738
8.9200 3.3196 8.20572186714
8.9300 3.3158 8.21492110691
8.9400 3.3120 8.22412034667
8.9500 3.3082 8.23331958643
8.9600 3.3044 8.24251882619
8.9700 3.3006 8.25171806595
8.9800 3.2969 8.26091730571
8.9900 3.2931 8.27011654547
9.0000 3.2893 8.27931578524
9.0100 3.2856 8.288515025
9.0200 3.2819 8.29771426476
9.0300 3.2781 8.30691350452
9.0400 3.2744 8.31611274428
9.0500 3.2707 8.32531198404
9.0600 3.2670 8.3345112238
9.0700 3.2633 8.34371046357
9.0800 3.2596 8.35290970333
9.0900 3.2559 8.36210894309
9.1000 3.2523 8.37130818285
9.1100 3.2486 8.38050742261
9.1200 3.2449 8.38970666237
9.1300 3.2413 8.39890590213
9.1400 3.2377 8.40810514189
9.1500 3.2340 8.41730438166
9.1600 3.2304 8.42650362142
9.1700 3.2268 8.43570286118
9.1800 3.2232 8.44490210094
9.1900 3.2196 8.4541013407
9.2000 3.2160 8.46330058046
9.2100 3.2124 8.47249982022
9.2200 3.2088 8.48169905999
9.2300 3.2053 8.49089829975
9.2400 3.2017 8.50009753951
9.2500 3.1981 8.50929677927
9.2600 3.1946 8.51849601903
9.2700 3.1911 8.52769525879
9.2800 3.1875 8.53689449855
9.2900 3.1840 8.54609373832
9.3000 3.1805 8.55529297808
9.3100 3.1770 8.56449221784
9.3200 3.1735 8.5736914576
9.3300 3.1700 8.58289069736
9.3400 3.1665 8.59208993712
9.3500 3.1630 8.60128917688
9.3600 3.1596 8.61048841664
9.3700 3.1561 8.61968765641
9.3800 3.1526 8.62888689617
9.3900 3.1492 8.63808613593
9.4000 3.1458 8.64728537569
9.4100 3.1423 8.65648461545
9.4200 3.1389 8.66568385521
9.4300 3.1355 8.67488309497
9.4400 3.1321 8.68408233474
9.4500 3.1287 8.6932815745
9.4600 3.1253 8.70248081426
9.4700 3.1219 8.71168005402
9.4800 3.1185 8.72087929378
9.4900 3.1151 8.73007853354
9.5000 3.1117 8.7392777733
9.5100 3.1084 8.74847701307
9.5200 3.1050 8.75767625283
9.5300 3.1017 8.76687549259
9.5400 3.0983 8.77607473235
9.5500 3.0950 8.78527397211
9.5600 3.0917 8.79447321187
9.5700 3.0884 8.80367245163
9.5800 3.0851 8.8128716914
9.5900 3.0817 8.82207093116
9.6000 3.0784 8.83127017092
9.6100 3.0752 8.84046941068
9.6200 3.0719 8.84966865044
9.6300 3.0686 8.8588678902
9.6400 3.0653 8.86806712996
9.6500 3.0621 8.87726636972
9.6600 3.0588 8.88646560949
9.6700 3.0555 8.89566484925
9.6800 3.0523 8.90486408901
9.6900 3.0491 8.91406332877
9.7000 3.0458 8.92326256853
9.7100 3.0426 8.93246180829
9.7200 3.0394 8.94166104805
9.7300 3.0362 8.95086028782
9.7400 3.0330 8.96005952758
9.7500 3.0298 8.96925876734
9.7600 3.0266 8.9784580071
9.7700 3.0234 8.98765724686
9.7800 3.0202 8.99685648662
9.7900 3.0170 9.00605572638
9.8000 3.0139 9.01525496615
9.8100 3.0107 9.02445420591
9.8200 3.0076 9.03365344567
9.8300 3.0044 9.04285268543
9.8400 3.0013 9.05205192519
9.8500 2.9982 9.06125116495
9.8600 2.9950 9.07045040471
9.8700 2.9919 9.07964964447
9.8800 2.9888 9.08884888424
9.8900 2.9857 9.098048124
9.9000 2.9826 9.10724736376
9.9100 2.9795 9.11644660352
9.9200 2.9764 9.12564584328
9.9300 2.9733 9.13484508304
9.9400 2.9702 9.1440443228
9.9500 2.9672 9.15324356257
9.9600 2.9641 9.16244280233
9.9700 2.9610 9.17164204209
9.9800 2.9580 9.18084128185
9.9900 2.9549 9.19004052161
10.000 2.9519 9.19923976137
10.100 2.9218 9.29123215899
10.110 2.9189 9.30043139875
10.120 2.9159 9.30963063851
10.130 2.9129 9.31882987827
10.140 2.9100 9.32802911803
10.150 2.9070 9.33722835779
10.160 2.9041 9.34642759755
10.170 2.9011 9.35562683732
10.180 2.8982 9.36482607708
10.190 2.8953 9.37402531684
10.200 2.8923 9.3832245566
10.210 2.8894 9.39242379636
10.220 2.8865 9.40162303612
10.230 2.8836 9.41082227588
10.240 2.8807 9.42002151565
10.250 2.8778 9.42922075541
10.260 2.8749 9.43841999517
10.270 2.8721 9.44761923493
10.280 2.8692 9.45681847469
10.290 2.8663 9.46601771445
10.300 2.8634 9.47521695421
10.310 2.8606 9.48441619398
10.320 2.8577 9.49361543374
10.330 2.8549 9.5028146735
10.340 2.8520 9.51201391326
10.350 2.8492 9.52121315302
10.360 2.8464 9.53041239278
10.370 2.8435 9.53961163254
10.380 2.8407 9.5488108723
10.390 2.8379 9.55801011207
10.400 2.8351 9.56720935183
10.410 2.8323 9.57640859159
10.420 2.8295 9.58560783135
10.430 2.8267 9.59480707111
10.440 2.8239 9.60400631087
10.450 2.8211 9.61320555063
10.460 2.8183 9.6224047904
10.470 2.8156 9.63160403016
10.480 2.8128 9.64080326992
10.490 2.8100 9.65000250968
10.500 2.8073 9.65920174944
10.510 2.8045 9.6684009892
10.520 2.8018 9.67760022896
10.530 2.7990 9.68679946873
10.540 2.7963 9.69599870849
10.550 2.7936 9.70519794825
10.560 2.7908 9.71439718801
10.570 2.7881 9.72359642777
10.580 2.7854 9.73279566753
10.590 2.7827 9.74199490729
10.600 2.7800 9.75119414706
10.610 2.7773 9.76039338682
10.620 2.7746 9.76959262658
10.630 2.7719 9.77879186634
10.640 2.7692 9.7879911061
10.650 2.7665 9.79719034586
10.660 2.7639 9.80638958562
10.670 2.7612 9.81558882538
10.680 2.7585 9.82478806515
10.690 2.7559 9.83398730491
10.700 2.7532 9.84318654467
10.710 2.7506 9.85238578443
10.720 2.7479 9.86158502419
10.730 2.7453 9.87078426395
10.740 2.7426 9.87998350371
10.750 2.7400 9.88918274348
10.760 2.7374 9.89838198324
10.770 2.7348 9.907581223
10.780 2.7321 9.91678046276
10.790 2.7295 9.92597970252
10.800 2.7269 9.93517894228
10.810 2.7243 9.94437818204
10.820 2.7217 9.95357742181
10.830 2.7191 9.96277666157
10.840 2.7165 9.97197590133
10.850 2.7140 9.98117514109
10.860 2.7114 9.99037438085
10.870 2.7088 9.99957362061
10.880 2.7062 10.0087728604
10.890 2.7037 10.0179721001
10.900 2.7011 10.0271713399
10.910 2.6986 10.0363705797
10.920 2.6960 10.0455698194
10.930 2.6935 10.0547690592
10.940 2.6909 10.0639682989
10.950 2.6884 10.0731675387
10.960 2.6859 10.0823667785
10.970 2.6833 10.0915660182
10.980 2.6808 10.100765258
10.990 2.6783 10.1099644977
11.000 2.6758 10.1191637375
11.010 2.6733 10.1283629773
11.020 2.6708 10.137562217
11.030 2.6683 10.1467614568
11.040 2.6658 10.1559606966
11.050 2.6633 10.1651599363
11.060 2.6608 10.1743591761
11.070 2.6583 10.1835584158
11.080 2.6559 10.1927576556
11.090 2.6534 10.2019568954
11.100 2.6509 10.2111561351
11.110 2.6484 10.2203553749
11.120 2.6460 10.2295546146
11.130 2.6435 10.2387538544
11.140 2.6411 10.2479530942
11.150 2.6386 10.2571523339
11.160 2.6362 10.2663515737
11.170 2.6338 10.2755508135
11.180 2.6313 10.2847500532
11.190 2.6289 10.293949293
11.200 2.6265 10.3031485327
11.210 2.6241 10.3123477725
11.220 2.6216 10.3215470123
11.230 2.6192 10.330746252
11.240 2.6168 10.3399454918
11.250 2.6144 10.3491447315
11.260 2.6120 10.3583439713
11.270 2.6096 10.3675432111
11.280 2.6072 10.3767424508
11.290 2.6049 10.3859416906
11.300 2.6025 10.3951409304
11.310 2.6001 10.4043401701
11.320 2.5977 10.4135394099
11.330 2.5954 10.4227386496
11.340 2.5930 10.4319378894
11.350 2.5906 10.4411371292
11.360 2.5883 10.4503363689
11.370 2.5859 10.4595356087
11.380 2.5836 10.4687348484
11.390 2.5812 10.4779340882
11.400 2.5789 10.487133328
11.410 2.5766 10.4963325677
11.420 2.5742 10.5055318075
11.430 2.5719 10.5147310472
11.440 2.5696 10.523930287
11.450 2.5673 10.5331295268
11.460 2.5650 10.5423287665
11.470 2.5626 10.5515280063
11.480 2.5603 10.5607272461
11.490 2.5580 10.5699264858
11.500 2.5557 10.5791257256
11.510 2.5534 10.5883249653
11.520 2.5511 10.5975242051
11.530 2.5489 10.6067234449
11.540 2.5466 10.6159226846
11.550 2.5443 10.6251219244
11.560 2.5420 10.6343211641
11.570 2.5398 10.6435204039
11.580 2.5375 10.6527196437
11.590 2.5352 10.6619188834
11.600 2.5330 10.6711181232
11.610 2.5307 10.680317363
11.620 2.5285 10.6895166027
11.630 2.5262 10.6987158425
11.640 2.5240 10.7079150822
11.650 2.5217 10.717114322
11.660 2.5195 10.7263135618
11.670 2.5173 10.7355128015
11.680 2.5150 10.7447120413
11.690 2.5128 10.753911281
11.700 2.5106 10.7631105208
11.710 2.5084 10.7723097606
11.720 2.5062 10.7815090003
11.730 2.5039 10.7907082401
11.740 2.5017 10.7999074799
11.750 2.4995 10.8091067196
11.760 2.4973 10.8183059594
11.770 2.4951 10.8275051991
11.780 2.4929 10.8367044389
11.790 2.4908 10.8459036787
11.800 2.4886 10.8551029184
11.810 2.4864 10.8643021582
11.820 2.4842 10.8735013979
11.830 2.4821 10.8827006377
11.840 2.4799 10.8918998775
11.850 2.4777 10.9010991172
11.860 2.4756 10.910298357
11.870 2.4734 10.9194975967
11.880 2.4712 10.9286968365
11.890 2.4691 10.9378960763
11.900 2.4669 10.947095316
11.910 2.4648 10.9562945558
11.920 2.4627 10.9654937956
11.930 2.4605 10.9746930353
11.940 2.4584 10.9838922751
11.950 2.4563 10.9930915148
11.960 2.4541 11.0022907546
11.970 2.4520 11.0114899944
11.980 2.4499 11.0206892341
11.990 2.4478 11.0298884739
12.000 2.4457 11.0390877136
12.010 2.4436 11.0482869534
12.020 2.4415 11.0574861932
12.030 2.4394 11.0666854329
12.040 2.4373 11.0758846727
12.050 2.4352 11.0850839125
12.060 2.4331 11.0942831522
12.070 2.4310 11.103482392
12.080 2.4289 11.1126816317
12.090 2.4268 11.1218808715
12.100 2.4248 11.1310801113
12.110 2.4227 11.140279351
12.120 2.4206 11.1494785908
12.130 2.4185 11.1586778305
12.140 2.4165 11.1678770703
12.150 2.4144 11.1770763101
12.160 2.4124 11.1862755498
12.170 2.4103 11.1954747896
12.180 2.4083 11.2046740294
12.190 2.4062 11.2138732691
12.200 2.4042 11.2230725089
12.210 2.4021 11.2322717486
12.220 2.4001 11.2414709884
12.230 2.3981 11.2506702282
12.240 2.3960 11.2598694679
12.250 2.3940 11.2690687077
12.260 2.3920 11.2782679474
12.270 2.3900 11.2874671872
12.280 2.3880 11.296666427
12.290 2.3859 11.3058656667
12.300 2.3839 11.3150649065
12.310 2.3819 11.3242641462
12.320 2.3799 11.333463386
12.330 2.3779 11.3426626258
12.340 2.3759 11.3518618655
12.350 2.3739 11.3610611053
12.360 2.3719 11.3702603451
12.370 2.3700 11.3794595848
12.380 2.3680 11.3886588246
12.390 2.3660 11.3978580643
12.400 2.3640 11.4070573041
12.410 2.3620 11.4162565439
12.420 2.3601 11.4254557836
12.430 2.3581 11.4346550234
12.440 2.3561 11.4438542631
12.450 2.3542 11.4530535029
12.460 2.3522 11.4622527427
12.470 2.3503 11.4714519824
12.480 2.3483 11.4806512222
12.490 2.3464 11.489850462
12.500 2.3444 11.4990497017
12.510 2.3425 11.5082489415
12.520 2.3405 11.5174481812
12.530 2.3386 11.526647421
12.540 2.3367 11.5358466608
12.550 2.3347 11.5450459005
12.560 2.3328 11.5542451403
12.570 2.3309 11.56344438
12.580 2.3290 11.5726436198
12.590 2.3270 11.5818428596
12.600 2.3251 11.5910420993
12.610 2.3232 11.6002413391
12.620 2.3213 11.6094405789
12.630 2.3194 11.6186398186
12.640 2.3175 11.6278390584
12.650 2.3156 11.6370382981
12.660 2.3137 11.6462375379
12.670 2.3118 11.6554367777
12.680 2.3099 11.6646360174
12.690 2.3080 11.6738352572
12.700 2.3061 11.6830344969
12.710 2.3043 11.6922337367
12.720 2.3024 11.7014329765
12.730 2.3005 11.7106322162
12.740 2.2986 11.719831456
12.750 2.2968 11.7290306958
12.760 2.2949 11.7382299355
12.770 2.2930 11.7474291753
12.780 2.2912 11.756628415
12.790 2.2893 11.7658276548
12.800 2.2875 11.7750268946
12.810 2.2856 11.7842261343
12.820 2.2838 11.7934253741
12.830 2.2819 11.8026246138
12.840 2.2801 11.8118238536
12.850 2.2782 11.8210230934
12.860 2.2764 11.8302223331
12.870 2.2746 11.8394215729
12.880 2.2727 11.8486208126
12.890 2.2709 11.8578200524
12.900 2.2691 11.8670192922
12.910 2.2672 11.8762185319
12.920 2.2654 11.8854177717
12.930 2.2636 11.8946170115
12.940 2.2618 11.9038162512
12.950 2.2600 11.913015491
12.960 2.2582 11.9222147307
12.970 2.2564 11.9314139705
12.980 2.2546 11.9406132103
12.990 2.2527 11.94981245
13.000 2.2509 11.9590116898
13.010 2.2492 11.9682109295
13.020 2.2474 11.9774101693
13.030 2.2456 11.9866094091
13.040 2.2438 11.9958086488
13.050 2.2420 12.0050078886
13.060 2.2402 12.0142071284
13.070 2.2384 12.0234063681
13.080 2.2367 12.0326056079
13.090 2.2349 12.0418048476
13.100 2.2331 12.0510040874
13.110 2.2313 12.0602033272
13.120 2.2296 12.0694025669
13.130 2.2278 12.0786018067
13.140 2.2261 12.0878010464
13.150 2.2243 12.0970002862
13.160 2.2225 12.106199526
13.170 2.2208 12.1153987657
13.180 2.2190 12.1245980055
13.190 2.2173 12.1337972453
13.200 2.2155 12.142996485
13.210 2.2138 12.1521957248
13.220 2.2121 12.1613949645
13.230 2.2103 12.1705942043
13.240 2.2086 12.1797934441
13.250 2.2069 12.1889926838
13.260 2.2051 12.1981919236
13.270 2.2034 12.2073911633
13.280 2.2017 12.2165904031
13.290 2.2000 12.2257896429
13.300 2.1982 12.2349888826
13.310 2.1965 12.2441881224
13.320 2.1948 12.2533873621
13.330 2.1931 12.2625866019
13.340 2.1914 12.2717858417
13.350 2.1897 12.2809850814
13.360 2.1880 12.2901843212
13.370 2.1863 12.299383561
13.380 2.1846 12.3085828007
13.390 2.1829 12.3177820405
13.400 2.1812 12.3269812802
13.410 2.1795 12.33618052
13.420 2.1778 12.3453797598
13.430 2.1761 12.3545789995
13.440 2.1744 12.3637782393
13.450 2.1728 12.372977479
13.460 2.1711 12.3821767188
13.470 2.1694 12.3913759586
13.480 2.1677 12.4005751983
13.490 2.1661 12.4097744381
13.500 2.1644 12.4189736779
13.510 2.1627 12.4281729176
13.520 2.1611 12.4373721574
13.530 2.1594 12.4465713971
13.540 2.1578 12.4557706369
13.550 2.1561 12.4649698767
13.560 2.1544 12.4741691164
13.570 2.1528 12.4833683562
13.580 2.1511 12.4925675959
13.590 2.1495 12.5017668357
13.600 2.1479 12.5109660755
13.610 2.1462 12.5201653152
13.620 2.1446 12.529364555
13.630 2.1429 12.5385637948
13.640 2.1413 12.5477630345
13.650 2.1397 12.5569622743
13.660 2.1380 12.566161514
13.670 2.1364 12.5753607538
13.680 2.1348 12.5845599936
13.690 2.1332 12.5937592333
13.700 2.1315 12.6029584731
13.710 2.1299 12.6121577128
13.720 2.1283 12.6213569526
13.730 2.1267 12.6305561924
13.740 2.1251 12.6397554321
13.750 2.1235 12.6489546719
13.760 2.1219 12.6581539116
13.770 2.1203 12.6673531514
13.780 2.1187 12.6765523912
13.790 2.1171 12.6857516309
13.800 2.1155 12.6949508707
13.810 2.1139 12.7041501105
13.820 2.1123 12.7133493502
13.830 2.1107 12.72254859
13.840 2.1091 12.7317478297
13.850 2.1075 12.7409470695
13.860 2.1059 12.7501463093
13.870 2.1044 12.759345549
13.880 2.1028 12.7685447888
13.890 2.1012 12.7777440285
13.900 2.0996 12.7869432683
13.910 2.0981 12.7961425081
13.920 2.0965 12.8053417478
13.930 2.0949 12.8145409876
13.940 2.0934 12.8237402274
13.950 2.0918 12.8329394671
13.960 2.0902 12.8421387069
13.970 2.0887 12.8513379466
13.980 2.0871 12.8605371864
13.990 2.0856 12.8697364262
14.000 2.0840 12.8789356659
14.010 2.0825 12.8881349057
14.020 2.0809 12.8973341454
14.030 2.0794 12.9065333852
14.040 2.0778 12.915732625
14.050 2.0763 12.9249318647
14.060 2.0748 12.9341311045
14.070 2.0732 12.9433303443
14.080 2.0717 12.952529584
14.090 2.0702 12.9617288238
14.100 2.0686 12.9709280635
14.110 2.0671 12.9801273033
14.120 2.0656 12.9893265431
14.130 2.0641 12.9985257828
14.140 2.0625 13.0077250226
14.150 2.0610 13.0169242623
14.160 2.0595 13.0261235021
14.170 2.0580 13.0353227419
14.180 2.0565 13.0445219816
14.190 2.0550 13.0537212214
14.200 2.0535 13.0629204611
14.210 2.0520 13.0721197009
14.220 2.0505 13.0813189407
14.230 2.0490 13.0905181804
14.240 2.0475 13.0997174202
14.250 2.0460 13.10891666
14.260 2.0445 13.1181158997
14.270 2.0430 13.1273151395
14.280 2.0415 13.1365143792
14.290 2.0400 13.145713619
14.300 2.0385 13.1549128588
14.310 2.0370 13.1641120985
14.320 2.0355 13.1733113383
14.330 2.0341 13.182510578
14.340 2.0326 13.1917098178
14.350 2.0311 13.2009090576
14.360 2.0296 13.2101082973
14.370 2.0282 13.2193075371
14.380 2.0267 13.2285067769
14.390 2.0252 13.2377060166
14.400 2.0237 13.2469052564
14.410 2.0223 13.2561044961
14.420 2.0208 13.2653037359
14.430 2.0194 13.2745029757
14.440 2.0179 13.2837022154
14.450 2.0164 13.2929014552
14.460 2.0150 13.3021006949
14.470 2.0135 13.3112999347
14.480 2.0121 13.3204991745
14.490 2.0106 13.3296984142
14.500 2.0092 13.338897654
14.510 2.0078 13.3480968938
14.520 2.0063 13.3572961335
14.530 2.0049 13.3664953733
14.540 2.0034 13.375694613
14.550 2.0020 13.3848938528
14.560 2.0006 13.3940930926
14.570 1.9991 13.4032923323
14.580 1.9977 13.4124915721
14.590 1.9963 13.4216908118
14.600 1.9948 13.4308900516
14.610 1.9934 13.4400892914
14.620 1.9920 13.4492885311
14.630 1.9906 13.4584877709
14.640 1.9892 13.4676870106
14.650 1.9877 13.4768862504
14.660 1.9863 13.4860854902
14.670 1.9849 13.4952847299
14.680 1.9835 13.5044839697
14.690 1.9821 13.5136832095
14.700 1.9807 13.5228824492
14.710 1.9793 13.532081689
14.720 1.9779 13.5412809287
14.730 1.9765 13.5504801685
14.740 1.9751 13.5596794083
14.750 1.9737 13.568878648
14.760 1.9723 13.5780778878
14.770 1.9709 13.5872771275
14.780 1.9695 13.5964763673
14.790 1.9681 13.6056756071
14.800 1.9667 13.6148748468
14.810 1.9653 13.6240740866
14.820 1.9639 13.6332733264
14.830 1.9626 13.6424725661
14.840 1.9612 13.6516718059
14.850 1.9598 13.6608710456
14.860 1.9584 13.6700702854
14.870 1.9571 13.6792695252
14.880 1.9557 13.6884687649
14.890 1.9543 13.6976680047
14.900 1.9529 13.7068672444
14.910 1.9516 13.7160664842
14.920 1.9502 13.725265724
14.930 1.9488 13.7344649637
14.940 1.9475 13.7436642035
14.950 1.9461 13.7528634433
14.960 1.9448 13.762062683
14.970 1.9434 13.7712619228
14.980 1.9421 13.7804611625
14.990 1.9407 13.7896604023
15.000 1.9393 13.7988596421
15.100 1.9259 13.8908520397
15.110 1.9246 13.9000512794
15.120 1.9233 13.9092505192
15.130 1.9219 13.918449759
15.140 1.9206 13.9276489987
15.150 1.9193 13.9368482385
15.160 1.9180 13.9460474782
15.170 1.9166 13.955246718
15.180 1.9153 13.9644459578
15.190 1.9140 13.9736451975
15.200 1.9127 13.9828444373
15.210 1.9114 13.992043677
15.220 1.9101 14.0012429168
15.230 1.9088 14.0104421566
15.240 1.9074 14.0196413963
15.250 1.9061 14.0288406361
15.260 1.9048 14.0380398759
15.270 1.9035 14.0472391156
15.280 1.9022 14.0564383554
15.290 1.9009 14.0656375951
15.300 1.8996 14.0748368349
15.310 1.8983 14.0840360747
15.320 1.8970 14.0932353144
15.330 1.8957 14.1024345542
15.340 1.8944 14.1116337939
15.350 1.8932 14.1208330337
15.360 1.8919 14.1300322735
15.370 1.8906 14.1392315132
15.380 1.8893 14.148430753
15.390 1.8880 14.1576299928
15.400 1.8867 14.1668292325
15.410 1.8855 14.1760284723
15.420 1.8842 14.185227712
15.430 1.8829 14.1944269518
15.440 1.8816 14.2036261916
15.450 1.8803 14.2128254313
15.460 1.8791 14.2220246711
15.470 1.8778 14.2312239108
15.480 1.8765 14.2404231506
15.490 1.8753 14.2496223904
15.500 1.8740 14.2588216301
15.510 1.8727 14.2680208699
15.520 1.8715 14.2772201097
15.530 1.8702 14.2864193494
15.540 1.8690 14.2956185892
15.550 1.8677 14.3048178289
15.560 1.8664 14.3140170687
15.570 1.8652 14.3232163085
15.580 1.8639 14.3324155482
15.590 1.8627 14.341614788
15.600 1.8614 14.3508140277
15.610 1.8602 14.3600132675
15.620 1.8589 14.3692125073
15.630 1.8577 14.378411747
15.640 1.8565 14.3876109868
15.650 1.8552 14.3968102265
15.660 1.8540 14.4060094663
15.670 1.8527 14.4152087061
15.680 1.8515 14.4244079458
15.690 1.8503 14.4336071856
15.700 1.8490 14.4428064254
15.710 1.8478 14.4520056651
15.720 1.8466 14.4612049049
15.730 1.8453 14.4704041446
15.740 1.8441 14.4796033844
15.750 1.8429 14.4888026242
15.760 1.8417 14.4980018639
15.770 1.8404 14.5072011037
15.780 1.8392 14.5164003434
15.790 1.8380 14.5255995832
15.800 1.8368 14.534798823
15.810 1.8356 14.5439980627
15.820 1.8343 14.5531973025
15.830 1.8331 14.5623965423
15.840 1.8319 14.571595782
15.850 1.8307 14.5807950218
15.860 1.8295 14.5899942615
15.870 1.8283 14.5991935013
15.880 1.8271 14.6083927411
15.890 1.8259 14.6175919808
15.900 1.8247 14.6267912206
15.910 1.8235 14.6359904603
15.920 1.8223 14.6451897001
15.930 1.8211 14.6543889399
15.940 1.8199 14.6635881796
15.950 1.8187 14.6727874194
15.960 1.8175 14.6819866592
15.970 1.8163 14.6911858989
15.980 1.8151 14.7003851387
15.990 1.8139 14.7095843784
16.000 1.8127 14.7187836182
16.010 1.8116 14.727982858
16.020 1.8104 14.7371820977
16.030 1.8092 14.7463813375
16.040 1.8080 14.7555805772
16.050 1.8068 14.764779817
16.060 1.8056 14.7739790568
16.070 1.8045 14.7831782965
16.080 1.8033 14.7923775363
16.090 1.8021 14.801576776
16.100 1.8009 14.8107760158
16.110 1.7998 14.8199752556
16.120 1.7986 14.8291744953
16.130 1.7974 14.8383737351
16.140 1.7963 14.8475729749
16.150 1.7951 14.8567722146
16.160 1.7939 14.8659714544
16.170 1.7928 14.8751706941
16.180 1.7916 14.8843699339
16.190 1.7904 14.8935691737
16.200 1.7893 14.9027684134
16.210 1.7881 14.9119676532
16.220 1.7870 14.9211668929
16.230 1.7858 14.9303661327
16.240 1.7847 14.9395653725
16.250 1.7835 14.9487646122
16.260 1.7824 14.957963852
16.270 1.7812 14.9671630918
16.280 1.7801 14.9763623315
16.290 1.7789 14.9855615713
16.300 1.7778 14.994760811
16.310 1.7766 15.0039600508
16.320 1.7755 15.0131592906
16.330 1.7744 15.0223585303
16.340 1.7732 15.0315577701
16.350 1.7721 15.0407570098
16.360 1.7709 15.0499562496
16.370 1.7698 15.0591554894
16.380 1.7687 15.0683547291
16.390 1.7675 15.0775539689
16.400 1.7664 15.0867532087
16.410 1.7653 15.0959524484
16.420 1.7642 15.1051516882
16.430 1.7630 15.1143509279
16.440 1.7619 15.1235501677
16.450 1.7608 15.1327494075
16.460 1.7597 15.1419486472
16.470 1.7585 15.151147887
16.480 1.7574 15.1603471267
16.490 1.7563 15.1695463665
16.500 1.7552 15.1787456063
16.510 1.7541 15.187944846
16.520 1.7530 15.1971440858
16.530 1.7518 15.2063433255
16.540 1.7507 15.2155425653
16.550 1.7496 15.2247418051
16.560 1.7485 15.2339410448
16.570 1.7474 15.2431402846
16.580 1.7463 15.2523395244
16.590 1.7452 15.2615387641
16.600 1.7441 15.2707380039
16.610 1.7430 15.2799372436
16.620 1.7419 15.2891364834
16.630 1.7408 15.2983357232
16.640 1.7397 15.3075349629
16.650 1.7386 15.3167342027
16.660 1.7375 15.3259334424
16.670 1.7364 15.3351326822
16.680 1.7353 15.344331922
16.690 1.7342 15.3535311617
16.700 1.7331 15.3627304015
16.710 1.7320 15.3719296413
16.720 1.7310 15.381128881
16.730 1.7299 15.3903281208
16.740 1.7288 15.3995273605
16.750 1.7277 15.4087266003
16.760 1.7266 15.4179258401
16.770 1.7255 15.4271250798
16.780 1.7245 15.4363243196
16.790 1.7234 15.4455235593
16.800 1.7223 15.4547227991
16.810 1.7212 15.4639220389
16.820 1.7201 15.4731212786
16.830 1.7191 15.4823205184
16.840 1.7180 15.4915197582
16.850 1.7169 15.5007189979
16.860 1.7159 15.5099182377
16.870 1.7148 15.5191174774
16.880 1.7137 15.5283167172
16.890 1.7127 15.537515957
16.900 1.7116 15.5467151967
16.910 1.7105 15.5559144365
16.920 1.7095 15.5651136762
16.930 1.7084 15.574312916
16.940 1.7073 15.5835121558
16.950 1.7063 15.5927113955
16.960 1.7052 15.6019106353
16.970 1.7042 15.611109875
16.980 1.7031 15.6203091148
16.990 1.7021 15.6295083546
17.000 1.7010 15.6387075943
17.010 1.7000 15.6479068341
17.020 1.6989 15.6571060739
17.030 1.6979 15.6663053136
17.040 1.6968 15.6755045534
17.050 1.6958 15.6847037931
17.060 1.6947 15.6939030329
17.070 1.6937 15.7031022727
17.080 1.6926 15.7123015124
17.090 1.6916 15.7215007522
17.100 1.6906 15.7306999919
17.110 1.6895 15.7398992317
17.120 1.6885 15.7490984715
17.130 1.6874 15.7582977112
17.140 1.6864 15.767496951
17.150 1.6854 15.7766961908
17.160 1.6843 15.7858954305
17.170 1.6833 15.7950946703
17.180 1.6823 15.80429391
17.190 1.6813 15.8134931498
17.200 1.6802 15.8226923896
17.210 1.6792 15.8318916293
17.220 1.6782 15.8410908691
17.230 1.6771 15.8502901088
17.240 1.6761 15.8594893486
17.250 1.6751 15.8686885884
17.260 1.6741 15.8778878281
17.270 1.6731 15.8870870679
17.280 1.6720 15.8962863077
17.290 1.6710 15.9054855474
17.300 1.6700 15.9146847872
17.310 1.6690 15.9238840269
17.320 1.6680 15.9330832667
17.330 1.6670 15.9422825065
17.340 1.6660 15.9514817462
17.350 1.6649 15.960680986
17.360 1.6639 15.9698802257
17.370 1.6629 15.9790794655
17.380 1.6619 15.9882787053
17.390 1.6609 15.997477945
17.400 1.6599 16.0066771848
17.410 1.6589 16.0158764245
17.420 1.6579 16.0250756643
17.430 1.6569 16.0342749041
17.440 1.6559 16.0434741438
17.450 1.6549 16.0526733836
17.460 1.6539 16.0618726234
17.470 1.6529 16.0710718631
17.480 1.6519 16.0802711029
17.490 1.6509 16.0894703426
17.500 1.6499 16.0986695824
17.510 1.6489 16.1078688222
17.520 1.6480 16.1170680619
17.530 1.6470 16.1262673017
17.540 1.6460 16.1354665414
17.550 1.6450 16.1446657812
17.560 1.6440 16.153865021
17.570 1.6430 16.1630642607
17.580 1.6420 16.1722635005
17.590 1.6410 16.1814627403
17.600 1.6401 16.19066198
17.610 1.6391 16.1998612198
17.620 1.6381 16.2090604595
17.630 1.6371 16.2182596993
17.640 1.6362 16.2274589391
17.650 1.6352 16.2366581788
17.660 1.6342 16.2458574186
17.670 1.6332 16.2550566583
17.680 1.6323 16.2642558981
17.690 1.6313 16.2734551379
17.700 1.6303 16.2826543776
17.710 1.6293 16.2918536174
17.720 1.6284 16.3010528572
17.730 1.6274 16.3102520969
17.740 1.6264 16.3194513367
17.750 1.6255 16.3286505764
17.760 1.6245 16.3378498162
17.770 1.6235 16.347049056
17.780 1.6226 16.3562482957
17.790 1.6216 16.3654475355
17.800 1.6207 16.3746467752
17.810 1.6197 16.383846015
17.820 1.6187 16.3930452548
17.830 1.6178 16.4022444945
17.840 1.6168 16.4114437343
17.850 1.6159 16.4206429741
17.860 1.6149 16.4298422138
17.870 1.6140 16.4390414536
17.880 1.6130 16.4482406933
17.890 1.6121 16.4574399331
17.900 1.6111 16.4666391729
17.910 1.6102 16.4758384126
17.920 1.6092 16.4850376524
17.930 1.6083 16.4942368921
17.940 1.6073 16.5034361319
17.950 1.6064 16.5126353717
17.960 1.6055 16.5218346114
17.970 1.6045 16.5310338512
17.980 1.6036 16.5402330909
17.990 1.6026 16.5494323307
18.000 1.6017 16.5586315705
18.010 1.6008 16.5678308102
18.020 1.5998 16.57703005
18.030 1.5989 16.5862292898
18.040 1.5979 16.5954285295
18.050 1.5970 16.6046277693
18.060 1.5961 16.613827009
18.070 1.5951 16.6230262488
18.080 1.5942 16.6322254886
18.090 1.5933 16.6414247283
18.100 1.5924 16.6506239681
18.110 1.5914 16.6598232078
18.120 1.5905 16.6690224476
18.130 1.5896 16.6782216874
18.140 1.5887 16.6874209271
18.150 1.5877 16.6966201669
18.160 1.5868 16.7058194067
18.170 1.5859 16.7150186464
18.180 1.5850 16.7242178862
18.190 1.5841 16.7334171259
18.200 1.5831 16.7426163657
18.210 1.5822 16.7518156055
18.220 1.5813 16.7610148452
18.230 1.5804 16.770214085
18.240 1.5795 16.7794133247
18.250 1.5786 16.7886125645
18.260 1.5776 16.7978118043
18.270 1.5767 16.807011044
18.280 1.5758 16.8162102838
18.290 1.5749 16.8254095236
18.300 1.5740 16.8346087633
18.310 1.5731 16.8438080031
18.320 1.5722 16.8530072428
18.330 1.5713 16.8622064826
18.340 1.5704 16.8714057224
18.350 1.5695 16.8806049621
18.360 1.5686 16.8898042019
18.370 1.5677 16.8990034416
18.380 1.5668 16.9082026814
18.390 1.5659 16.9174019212
18.400 1.5650 16.9266011609
18.410 1.5641 16.9358004007
18.420 1.5632 16.9449996404
18.430 1.5623 16.9541988802
18.440 1.5614 16.96339812
18.450 1.5605 16.9725973597
18.460 1.5596 16.9817965995
18.470 1.5587 16.9909958393
18.480 1.5578 17.000195079
18.490 1.5569 17.0093943188
18.500 1.5561 17.0185935585
18.510 1.5552 17.0277927983
18.520 1.5543 17.0369920381
18.530 1.5534 17.0461912778
18.540 1.5525 17.0553905176
18.550 1.5516 17.0645897573
18.560 1.5507 17.0737889971
18.570 1.5499 17.0829882369
18.580 1.5490 17.0921874766
18.590 1.5481 17.1013867164
18.600 1.5472 17.1105859562
18.610 1.5463 17.1197851959
18.620 1.5455 17.1289844357
18.630 1.5446 17.1381836754
18.640 1.5437 17.1473829152
18.650 1.5428 17.156582155
18.660 1.5420 17.1657813947
18.670 1.5411 17.1749806345
18.680 1.5402 17.1841798742
18.690 1.5393 17.193379114
18.700 1.5385 17.2025783538
18.710 1.5376 17.2117775935
18.720 1.5367 17.2209768333
18.730 1.5359 17.2301760731
18.740 1.5350 17.2393753128
18.750 1.5341 17.2485745526
18.760 1.5333 17.2577737923
18.770 1.5324 17.2669730321
18.780 1.5316 17.2761722719
18.790 1.5307 17.2853715116
18.800 1.5298 17.2945707514
18.810 1.5290 17.3037699911
18.820 1.5281 17.3129692309
18.830 1.5273 17.3221684707
18.840 1.5264 17.3313677104
18.850 1.5255 17.3405669502
18.860 1.5247 17.3497661899
18.870 1.5238 17.3589654297
18.880 1.5230 17.3681646695
18.890 1.5221 17.3773639092
18.900 1.5213 17.386563149
18.910 1.5204 17.3957623888
18.920 1.5196 17.4049616285
18.930 1.5187 17.4141608683
18.940 1.5179 17.423360108
18.950 1.5170 17.4325593478
18.960 1.5162 17.4417585876
18.970 1.5153 17.4509578273
18.980 1.5145 17.4601570671
18.990 1.5137 17.4693563068
19.000 1.5128 17.4785555466
19.010 1.5120 17.4877547864
19.020 1.5111 17.4969540261
19.030 1.5103 17.5061532659
19.040 1.5094 17.5153525057
19.050 1.5086 17.5245517454
19.060 1.5078 17.5337509852
19.070 1.5069 17.5429502249
19.080 1.5061 17.5521494647
19.090 1.5053 17.5613487045
19.100 1.5044 17.5705479442
19.110 1.5036 17.579747184
19.120 1.5028 17.5889464237
19.130 1.5019 17.5981456635
19.140 1.5011 17.6073449033
19.150 1.5003 17.616544143
19.160 1.4995 17.6257433828
19.170 1.4986 17.6349426226
19.180 1.4978 17.6441418623
19.190 1.4970 17.6533411021
19.200 1.4961 17.6625403418
19.210 1.4953 17.6717395816
19.220 1.4945 17.6809388214
19.230 1.4937 17.6901380611
19.240 1.4929 17.6993373009
19.250 1.4920 17.7085365406
19.260 1.4912 17.7177357804
19.270 1.4904 17.7269350202
19.280 1.4896 17.7361342599
19.290 1.4888 17.7453334997
19.300 1.4879 17.7545327394
19.310 1.4871 17.7637319792
19.320 1.4863 17.772931219
19.330 1.4855 17.7821304587
19.340 1.4847 17.7913296985
19.350 1.4839 17.8005289383
19.360 1.4831 17.809728178
19.370 1.4822 17.8189274178
19.380 1.4814 17.8281266575
19.390 1.4806 17.8373258973
19.400 1.4798 17.8465251371
19.410 1.4790 17.8557243768
19.420 1.4782 17.8649236166
19.430 1.4774 17.8741228563
19.440 1.4766 17.8833220961
19.450 1.4758 17.8925213359
19.460 1.4750 17.9017205756
19.470 1.4742 17.9109198154
19.480 1.4734 17.9201190552
19.490 1.4726 17.9293182949
19.500 1.4718 17.9385175347
19.510 1.4710 17.9477167744
19.520 1.4702 17.9569160142
19.530 1.4694 17.966115254
19.540 1.4686 17.9753144937
19.550 1.4678 17.9845137335
19.560 1.4670 17.9937129732
19.570 1.4662 18.002912213
19.580 1.4654 18.0121114528
19.590 1.4646 18.0213106925
19.600 1.4638 18.0305099323
19.610 1.4630 18.0397091721
19.620 1.4623 18.0489084118
19.630 1.4615 18.0581076516
19.640 1.4607 18.0673068913
19.650 1.4599 18.0765061311
19.660 1.4591 18.0857053709
19.670 1.4583 18.0949046106
19.680 1.4575 18.1041038504
19.690 1.4567 18.1133030901
19.700 1.4560 18.1225023299
19.710 1.4552 18.1317015697
19.720 1.4544 18.1409008094
19.730 1.4536 18.1501000492
19.740 1.4528 18.1592992889
19.750 1.4521 18.1684985287
19.760 1.4513 18.1776977685
19.770 1.4505 18.1868970082
19.780 1.4497 18.196096248
19.790 1.4489 18.2052954878
19.800 1.4482 18.2144947275
19.810 1.4474 18.2236939673
19.820 1.4466 18.232893207
19.830 1.4458 18.2420924468
19.840 1.4451 18.2512916866
19.850 1.4443 18.2604909263
19.860 1.4435 18.2696901661
19.870 1.4428 18.2788894058
19.880 1.4420 18.2880886456
19.890 1.4412 18.2972878854
19.900 1.4404 18.3064871251
19.910 1.4397 18.3156863649
19.920 1.4389 18.3248856047
19.930 1.4381 18.3340848444
19.940 1.4374 18.3432840842
19.950 1.4366 18.3524833239
19.960 1.4359 18.3616825637
19.970 1.4351 18.3708818035
19.980 1.4343 18.3800810432
19.990 1.4336 18.389280283
20.000 1.4328 18.3984795227
20.100 1.4252 18.4904719204
20.110 1.4245 18.4996711601
20.120 1.4237 18.5088703999
20.130 1.4230 18.5180696396
20.140 1.4222 18.5272688794
20.150 1.4215 18.5364681192
20.160 1.4207 18.5456673589
20.170 1.4200 18.5548665987
20.180 1.4192 18.5640658385
20.190 1.4185 18.5732650782
20.200 1.4178 18.582464318
20.210 1.4170 18.5916635577
20.220 1.4163 18.6008627975
20.230 1.4155 18.6100620373
20.240 1.4148 18.619261277
20.250 1.4140 18.6284605168
20.260 1.4133 18.6376597565
20.270 1.4126 18.6468589963
20.280 1.4118 18.6560582361
20.290 1.4111 18.6652574758
20.300 1.4103 18.6744567156
20.310 1.4096 18.6836559553
20.320 1.4089 18.6928551951
20.330 1.4081 18.7020544349
20.340 1.4074 18.7112536746
20.350 1.4067 18.7204529144
20.360 1.4059 18.7296521542
20.370 1.4052 18.7388513939
20.380 1.4045 18.7480506337
20.390 1.4037 18.7572498734
20.400 1.4030 18.7664491132
20.410 1.4023 18.775648353
20.420 1.4015 18.7848475927
20.430 1.4008 18.7940468325
20.440 1.4001 18.8032460722
20.450 1.3994 18.812445312
20.460 1.3986 18.8216445518
20.470 1.3979 18.8308437915
20.480 1.3972 18.8400430313
20.490 1.3965 18.8492422711
20.500 1.3957 18.8584415108
20.510 1.3950 18.8676407506
20.520 1.3943 18.8768399903
20.530 1.3936 18.8860392301
20.540 1.3928 18.8952384699
20.550 1.3921 18.9044377096
20.560 1.3914 18.9136369494
20.570 1.3907 18.9228361891
20.580 1.3900 18.9320354289
20.590 1.3892 18.9412346687
20.600 1.3885 18.9504339084
20.610 1.3878 18.9596331482
20.620 1.3871 18.968832388
20.630 1.3864 18.9780316277
20.640 1.3857 18.9872308675
20.650 1.3850 18.9964301072
20.660 1.3842 19.005629347
20.670 1.3835 19.0148285868
20.680 1.3828 19.0240278265
20.690 1.3821 19.0332270663
20.700 1.3814 19.042426306
20.710 1.3807 19.0516255458
20.720 1.3800 19.0608247856
20.730 1.3793 19.0700240253
20.740 1.3786 19.0792232651
20.750 1.3779 19.0884225048
20.760 1.3772 19.0976217446
20.770 1.3765 19.1068209844
20.780 1.3757 19.1160202241
20.790 1.3750 19.1252194639
20.800 1.3743 19.1344187037
20.810 1.3736 19.1436179434
20.820 1.3729 19.1528171832
20.830 1.3722 19.1620164229
20.840 1.3715 19.1712156627
20.850 1.3708 19.1804149025
20.860 1.3701 19.1896141422
20.870 1.3694 19.198813382
20.880 1.3687 19.2080126217
20.890 1.3680 19.2172118615
20.900 1.3673 19.2264111013
20.910 1.3666 19.235610341
20.920 1.3660 19.2448095808
20.930 1.3653 19.2540088206
20.940 1.3646 19.2632080603
20.950 1.3639 19.2724073001
20.960 1.3632 19.2816065398
20.970 1.3625 19.2908057796
20.980 1.3618 19.3000050194
20.990 1.3611 19.3092042591
21.000 1.3604 19.3184034989
21.010 1.3597 19.3276027386
21.020 1.3590 19.3368019784
21.030 1.3584 19.3460012182
21.040 1.3577 19.3552004579
21.050 1.3570 19.3643996977
21.060 1.3563 19.3735989375
21.070 1.3556 19.3827981772
21.080 1.3549 19.391997417
21.090 1.3542 19.4011966567
21.100 1.3536 19.4103958965
21.110 1.3529 19.4195951363
21.120 1.3522 19.428794376
21.130 1.3515 19.4379936158
21.140 1.3508 19.4471928555
21.150 1.3501 19.4563920953
21.160 1.3495 19.4655913351
21.170 1.3488 19.4747905748
21.180 1.3481 19.4839898146
21.190 1.3474 19.4931890543
21.200 1.3468 19.5023882941
21.210 1.3461 19.5115875339
21.220 1.3454 19.5207867736
21.230 1.3447 19.5299860134
21.240 1.3441 19.5391852532
21.250 1.3434 19.5483844929
21.260 1.3427 19.5575837327
21.270 1.3420 19.5667829724
21.280 1.3414 19.5759822122
21.290 1.3407 19.585181452
21.300 1.3400 19.5943806917
21.310 1.3394 19.6035799315
21.320 1.3387 19.6127791712
21.330 1.3380 19.621978411
21.340 1.3373 19.6311776508
21.350 1.3367 19.6403768905
21.360 1.3360 19.6495761303
21.370 1.3353 19.6587753701
21.380 1.3347 19.6679746098
21.390 1.3340 19.6771738496
21.400 1.3334 19.6863730893
21.410 1.3327 19.6955723291
21.420 1.3320 19.7047715689
21.430 1.3314 19.7139708086
21.440 1.3307 19.7231700484
21.450 1.3300 19.7323692881
21.460 1.3294 19.7415685279
21.470 1.3287 19.7507677677
21.480 1.3281 19.7599670074
21.490 1.3274 19.7691662472
21.500 1.3267 19.778365487
21.510 1.3261 19.7875647267
21.520 1.3254 19.7967639665
21.530 1.3248 19.8059632062
21.540 1.3241 19.815162446
21.550 1.3235 19.8243616858
21.560 1.3228 19.8335609255
21.570 1.3222 19.8427601653
21.580 1.3215 19.851959405
21.590 1.3208 19.8611586448
21.600 1.3202 19.8703578846
21.610 1.3195 19.8795571243
21.620 1.3189 19.8887563641
21.630 1.3182 19.8979556038
21.640 1.3176 19.9071548436
21.650 1.3169 19.9163540834
21.660 1.3163 19.9255533231
21.670 1.3156 19.9347525629
21.680 1.3150 19.9439518027
21.690 1.3144 19.9531510424
21.700 1.3137 19.9623502822
21.710 1.3131 19.9715495219
21.720 1.3124 19.9807487617
21.730 1.3118 19.9899480015
21.740 1.3111 19.9991472412
21.750 1.3105 20.008346481
21.760 1.3098 20.0175457207
21.770 1.3092 20.0267449605
21.780 1.3086 20.0359442003
21.790 1.3079 20.04514344
21.800 1.3073 20.0543426798
21.810 1.3066 20.0635419196
21.820 1.3060 20.0727411593
21.830 1.3054 20.0819403991
21.840 1.3047 20.0911396388
21.850 1.3041 20.1003388786
21.860 1.3034 20.1095381184
21.870 1.3028 20.1187373581
21.880 1.3022 20.1279365979
21.890 1.3015 20.1371358376
21.900 1.3009 20.1463350774
21.910 1.3003 20.1555343172
21.920 1.2996 20.1647335569
21.930 1.2990 20.1739327967
21.940 1.2984 20.1831320365
21.950 1.2977 20.1923312762
21.960 1.2971 20.201530516
21.970 1.2965 20.2107297557
21.980 1.2959 20.2199289955
21.990 1.2952 20.2291282353
22.000 1.2946 20.238327475
22.010 1.2940 20.2475267148
22.020 1.2933 20.2567259545
22.030 1.2927 20.2659251943
22.040 1.2921 20.2751244341
22.050 1.2915 20.2843236738
22.060 1.2908 20.2935229136
22.070 1.2902 20.3027221533
22.080 1.2896 20.3119213931
22.090 1.2890 20.3211206329
22.100 1.2883 20.3303198726
22.110 1.2877 20.3395191124
22.120 1.2871 20.3487183522
22.130 1.2865 20.3579175919
22.140 1.2859 20.3671168317
22.150 1.2852 20.3763160714
22.160 1.2846 20.3855153112
22.170 1.2840 20.394714551
22.180 1.2834 20.4039137907
22.190 1.2828 20.4131130305
22.200 1.2821 20.4223122702
22.210 1.2815 20.43151151
22.220 1.2809 20.4407107498
22.230 1.2803 20.4499099895
22.240 1.2797 20.4591092293
22.250 1.2791 20.4683084691
22.260 1.2784 20.4775077088
22.270 1.2778 20.4867069486
22.280 1.2772 20.4959061883
22.290 1.2766 20.5051054281
22.300 1.2760 20.5143046679
22.310 1.2754 20.5235039076
22.320 1.2748 20.5327031474
22.330 1.2742 20.5419023871
22.340 1.2736 20.5511016269
22.350 1.2729 20.5603008667
22.360 1.2723 20.5695001064
22.370 1.2717 20.5786993462
22.380 1.2711 20.587898586
22.390 1.2705 20.5970978257
22.400 1.2699 20.6062970655
22.410 1.2693 20.6154963052
22.420 1.2687 20.624695545
22.430 1.2681 20.6338947848
22.440 1.2675 20.6430940245
22.450 1.2669 20.6522932643
22.460 1.2663 20.661492504
22.470 1.2657 20.6706917438
22.480 1.2651 20.6798909836
22.490 1.2645 20.6890902233
22.500 1.2639 20.6982894631
22.510 1.2633 20.7074887028
22.520 1.2627 20.7166879426
22.530 1.2621 20.7258871824
22.540 1.2615 20.7350864221
22.550 1.2609 20.7442856619
22.560 1.2603 20.7534849017
22.570 1.2597 20.7626841414
22.580 1.2591 20.7718833812
22.590 1.2585 20.7810826209
22.600 1.2579 20.7902818607
22.610 1.2573 20.7994811005
22.620 1.2567 20.8086803402
22.630 1.2561 20.81787958
22.640 1.2555 20.8270788197
22.650 1.2549 20.8362780595
22.660 1.2543 20.8454772993
22.670 1.2537 20.854676539
22.680 1.2531 20.8638757788
22.690 1.2526 20.8730750186
22.700 1.2520 20.8822742583
22.710 1.2514 20.8914734981
22.720 1.2508 20.9006727378
22.730 1.2502 20.9098719776
22.740 1.2496 20.9190712174
22.750 1.2490 20.9282704571
22.760 1.2484 20.9374696969
22.770 1.2478 20.9466689366
22.780 1.2473 20.9558681764
22.790 1.2467 20.9650674162
22.800 1.2461 20.9742666559
22.810 1.2455 20.9834658957
22.820 1.2449 20.9926651355
22.830 1.2443 21.0018643752
22.840 1.2438 21.011063615
22.850 1.2432 21.0202628547
22.860 1.2426 21.0294620945
22.870 1.2420 21.0386613343
22.880 1.2414 21.047860574
22.890 1.2408 21.0570598138
22.900 1.2403 21.0662590535
22.910 1.2397 21.0754582933
22.920 1.2391 21.0846575331
22.930 1.2385 21.0938567728
22.940 1.2379 21.1030560126
22.950 1.2374 21.1122552524
22.960 1.2368 21.1214544921
22.970 1.2362 21.1306537319
22.980 1.2356 21.1398529716
22.990 1.2351 21.1490522114
23.000 1.2345 21.1582514512
23.010 1.2339 21.1674506909
23.020 1.2333 21.1766499307
23.030 1.2328 21.1858491704
23.040 1.2322 21.1950484102
23.050 1.2316 21.20424765
23.060 1.2310 21.2134468897
23.070 1.2305 21.2226461295
23.080 1.2299 21.2318453692
23.090 1.2293 21.241044609
23.100 1.2288 21.2502438488
23.110 1.2282 21.2594430885
23.120 1.2276 21.2686423283
23.130 1.2271 21.2778415681
23.140 1.2265 21.2870408078
23.150 1.2259 21.2962400476
23.160 1.2254 21.3054392873
23.170 1.2248 21.3146385271
23.180 1.2242 21.3238377669
23.190 1.2237 21.3330370066
23.200 1.2231 21.3422362464
23.210 1.2225 21.3514354861
23.220 1.2220 21.3606347259
23.230 1.2214 21.3698339657
23.240 1.2208 21.3790332054
23.250 1.2203 21.3882324452
23.260 1.2197 21.397431685
23.270 1.2191 21.4066309247
23.280 1.2186 21.4158301645
23.290 1.2180 21.4250294042
23.300 1.2175 21.434228644
23.310 1.2169 21.4434278838
23.320 1.2163 21.4526271235
23.330 1.2158 21.4618263633
23.340 1.2152 21.471025603
23.350 1.2147 21.4802248428
23.360 1.2141 21.4894240826
23.370 1.2136 21.4986233223
23.380 1.2130 21.5078225621
23.390 1.2124 21.5170218019
23.400 1.2119 21.5262210416
23.410 1.2113 21.5354202814
23.420 1.2108 21.5446195211
23.430 1.2102 21.5538187609
23.440 1.2097 21.5630180007
23.450 1.2091 21.5722172404
23.460 1.2086 21.5814164802
23.470 1.2080 21.5906157199
23.480 1.2075 21.5998149597
23.490 1.2069 21.6090141995
23.500 1.2064 21.6182134392
23.510 1.2058 21.627412679
23.520 1.2053 21.6366119187
23.530 1.2047 21.6458111585
23.540 1.2042 21.6550103983
23.550 1.2036 21.664209638
23.560 1.2031 21.6734088778
23.570 1.2025 21.6826081176
23.580 1.2020 21.6918073573
23.590 1.2014 21.7010065971
23.600 1.2009 21.7102058368
23.610 1.2003 21.7194050766
23.620 1.1998 21.7286043164
23.630 1.1992 21.7378035561
23.640 1.1987 21.7470027959
23.650 1.1981 21.7562020356
23.660 1.1976 21.7654012754
23.670 1.1971 21.7746005152
23.680 1.1965 21.7837997549
23.690 1.1960 21.7929989947
23.700 1.1954 21.8021982345
23.710 1.1949 21.8113974742
23.720 1.1943 21.820596714
23.730 1.1938 21.8297959537
23.740 1.1933 21.8389951935
23.750 1.1927 21.8481944333
23.760 1.1922 21.857393673
23.770 1.1916 21.8665929128
23.780 1.1911 21.8757921525
23.790 1.1906 21.8849913923
23.800 1.1900 21.8941906321
23.810 1.1895 21.9033898718
23.820 1.1890 21.9125891116
23.830 1.1884 21.9217883514
23.840 1.1879 21.9309875911
23.850 1.1874 21.9401868309
23.860 1.1868 21.9493860706
23.870 1.1863 21.9585853104
23.880 1.1858 21.9677845502
23.890 1.1852 21.9769837899
23.900 1.1847 21.9861830297
23.910 1.1842 21.9953822694
23.920 1.1836 22.0045815092
23.930 1.1831 22.013780749
23.940 1.1826 22.0229799887
23.950 1.1820 22.0321792285
23.960 1.1815 22.0413784682
23.970 1.1810 22.050577708
23.980 1.1804 22.0597769478
23.990 1.1799 22.0689761875
24.000 1.1794 22.0781754273
24.010 1.1789 22.0873746671
24.020 1.1783 22.0965739068
24.030 1.1778 22.1057731466
24.040 1.1773 22.1149723863
24.050 1.1767 22.1241716261
24.060 1.1762 22.1333708659
24.070 1.1757 22.1425701056
24.080 1.1752 22.1517693454
24.090 1.1746 22.1609685851
24.100 1.1741 22.1701678249
24.110 1.1736 22.1793670647
24.120 1.1731 22.1885663044
24.130 1.1726 22.1977655442
24.140 1.1720 22.206964784
24.150 1.1715 22.2161640237
24.160 1.1710 22.2253632635
24.170 1.1705 22.2345625032
24.180 1.1699 22.243761743
24.190 1.1694 22.2529609828
24.200 1.1689 22.2621602225
24.210 1.1684 22.2713594623
24.220 1.1679 22.280558702
24.230 1.1674 22.2897579418
24.240 1.1668 22.2989571816
24.250 1.1663 22.3081564213
24.260 1.1658 22.3173556611
24.270 1.1653 22.3265549009
24.280 1.1648 22.3357541406
24.290 1.1642 22.3449533804
24.300 1.1637 22.3541526201
24.310 1.1632 22.3633518599
24.320 1.1627 22.3725510997
24.330 1.1622 22.3817503394
24.340 1.1617 22.3909495792
24.350 1.1612 22.4001488189
24.360 1.1607 22.4093480587
24.370 1.1601 22.4185472985
24.380 1.1596 22.4277465382
24.390 1.1591 22.436945778
24.400 1.1586 22.4461450177
24.410 1.1581 22.4553442575
24.420 1.1576 22.4645434973
24.430 1.1571 22.473742737
24.440 1.1566 22.4829419768
24.450 1.1561 22.4921412166
24.460 1.1555 22.5013404563
24.470 1.1550 22.5105396961
24.480 1.1545 22.5197389358
24.490 1.1540 22.5289381756
24.500 1.1535 22.5381374154
24.510 1.1530 22.5473366551
24.520 1.1525 22.5565358949
24.530 1.1520 22.5657351346
24.540 1.1515 22.5749343744
24.550 1.1510 22.5841336142
24.560 1.1505 22.5933328539
24.570 1.1500 22.6025320937
24.580 1.1495 22.6117313335
24.590 1.1490 22.6209305732
24.600 1.1485 22.630129813
24.610 1.1480 22.6393290527
24.620 1.1475 22.6485282925
24.630 1.1470 22.6577275323
24.640 1.1465 22.666926772
24.650 1.1460 22.6761260118
24.660 1.1455 22.6853252515
24.670 1.1450 22.6945244913
24.680 1.1445 22.7037237311
24.690 1.1440 22.7129229708
24.700 1.1435 22.7221222106
24.710 1.1430 22.7313214504
24.720 1.1425 22.7405206901
24.730 1.1420 22.7497199299
24.740 1.1415 22.7589191696
24.750 1.1410 22.7681184094
24.760 1.1405 22.7773176492
24.770 1.1400 22.7865168889
24.780 1.1395 22.7957161287
24.790 1.1390 22.8049153684
24.800 1.1385 22.8141146082
24.810 1.1380 22.823313848
24.820 1.1375 22.8325130877
24.830 1.1370 22.8417123275
24.840 1.1365 22.8509115672
24.850 1.1360 22.860110807
24.860 1.1355 22.8693100468
24.870 1.1350 22.8785092865
24.880 1.1345 22.8877085263
24.890 1.1341 22.8969077661
24.900 1.1336 22.9061070058
24.910 1.1331 22.9153062456
24.920 1.1326 22.9245054853
24.930 1.1321 22.9337047251
24.940 1.1316 22.9429039649
24.950 1.1311 22.9521032046
24.960 1.1306 22.9613024444
24.970 1.1301 22.9705016841
24.980 1.1297 22.9797009239
24.990 1.1292 22.9889001637
25.000 1.1287 22.9980994034
25.100 1.1238 23.090091801
25.110 1.1233 23.0992910408
25.120 1.1229 23.1084902806
25.130 1.1224 23.1176895203
25.140 1.1219 23.1268887601
25.150 1.1214 23.1360879999
25.160 1.1209 23.1452872396
25.170 1.1205 23.1544864794
25.180 1.1200 23.1636857191
25.190 1.1195 23.1728849589
25.200 1.1190 23.1820841987
25.210 1.1185 23.1912834384
25.220 1.1181 23.2004826782
25.230 1.1176 23.2096819179
25.240 1.1171 23.2188811577
25.250 1.1166 23.2280803975
25.260 1.1162 23.2372796372
25.270 1.1157 23.246478877
25.280 1.1152 23.2556781168
25.290 1.1147 23.2648773565
25.300 1.1142 23.2740765963
25.310 1.1138 23.283275836
25.320 1.1133 23.2924750758
25.330 1.1128 23.3016743156
25.340 1.1123 23.3108735553
25.350 1.1119 23.3200727951
25.360 1.1114 23.3292720348
25.370 1.1109 23.3384712746
25.380 1.1105 23.3476705144
25.390 1.1100 23.3568697541
25.400 1.1095 23.3660689939
25.410 1.1090 23.3752682336
25.420 1.1086 23.3844674734
25.430 1.1081 23.3936667132
25.440 1.1076 23.4028659529
25.450 1.1072 23.4120651927
25.460 1.1067 23.4212644325
25.470 1.1062 23.4304636722
25.480 1.1057 23.439662912
25.490 1.1053 23.4488621517
25.500 1.1048 23.4580613915
25.510 1.1043 23.4672606313
25.520 1.1039 23.476459871
25.530 1.1034 23.4856591108
25.540 1.1029 23.4948583505
25.550 1.1025 23.5040575903
25.560 1.1020 23.5132568301
25.570 1.1015 23.5224560698
25.580 1.1011 23.5316553096
25.590 1.1006 23.5408545494
25.600 1.1002 23.5500537891
25.610 1.0997 23.5592530289
25.620 1.0992 23.5684522686
25.630 1.0988 23.5776515084
25.640 1.0983 23.5868507482
25.650 1.0978 23.5960499879
25.660 1.0974 23.6052492277
25.670 1.0969 23.6144484674
25.680 1.0964 23.6236477072
25.690 1.0960 23.632846947
25.700 1.0955 23.6420461867
25.710 1.0951 23.6512454265
25.720 1.0946 23.6604446663
25.730 1.0941 23.669643906
25.740 1.0937 23.6788431458
25.750 1.0932 23.6880423855
25.760 1.0928 23.6972416253
25.770 1.0923 23.7064408651
25.780 1.0919 23.7156401048
25.790 1.0914 23.7248393446
25.800 1.0909 23.7340385843
25.810 1.0905 23.7432378241
25.820 1.0900 23.7524370639
25.830 1.0896 23.7616363036
25.840 1.0891 23.7708355434
25.850 1.0887 23.7800347831
25.860 1.0882 23.7892340229
25.870 1.0877 23.7984332627
25.880 1.0873 23.8076325024
25.890 1.0868 23.8168317422
25.900 1.0864 23.826030982
25.910 1.0859 23.8352302217
25.920 1.0855 23.8444294615
25.930 1.0850 23.8536287012
25.940 1.0846 23.862827941
25.950 1.0841 23.8720271808
25.960 1.0837 23.8812264205
25.970 1.0832 23.8904256603
25.980 1.0828 23.8996249
25.990 1.0823 23.9088241398
26.000 1.0819 23.9180233796
26.010 1.0814 23.9272226193
26.020 1.0810 23.9364218591
26.030 1.0805 23.9456210989
26.040 1.0801 23.9548203386
26.050 1.0796 23.9640195784
26.060 1.0792 23.9732188181
26.070 1.0787 23.9824180579
26.080 1.0783 23.9916172977
26.090 1.0778 24.0008165374
26.100 1.0774 24.0100157772
26.110 1.0769 24.0192150169
26.120 1.0765 24.0284142567
26.130 1.0760 24.0376134965
26.140 1.0756 24.0468127362
26.150 1.0751 24.056011976
26.160 1.0747 24.0652112158
26.170 1.0743 24.0744104555
26.180 1.0738 24.0836096953
26.190 1.0734 24.092808935
26.200 1.0729 24.1020081748
26.210 1.0725 24.1112074146
26.220 1.0720 24.1204066543
26.230 1.0716 24.1296058941
26.240 1.0712 24.1388051338
26.250 1.0707 24.1480043736
26.260 1.0703 24.1572036134
26.270 1.0698 24.1664028531
26.280 1.0694 24.1756020929
26.290 1.0690 24.1848013326
26.300 1.0685 24.1940005724
26.310 1.0681 24.2031998122
26.320 1.0676 24.2123990519
26.330 1.0672 24.2215982917
26.340 1.0668 24.2307975315
26.350 1.0663 24.2399967712
26.360 1.0659 24.249196011
26.370 1.0654 24.2583952507
26.380 1.0650 24.2675944905
26.390 1.0646 24.2767937303
26.400 1.0641 24.28599297
26.410 1.0637 24.2951922098
26.420 1.0633 24.3043914495
26.430 1.0628 24.3135906893
26.440 1.0624 24.3227899291
26.450 1.0619 24.3319891688
26.460 1.0615 24.3411884086
26.470 1.0611 24.3503876484
26.480 1.0606 24.3595868881
26.490 1.0602 24.3687861279
26.500 1.0598 24.3779853676
26.510 1.0593 24.3871846074
26.520 1.0589 24.3963838472
26.530 1.0585 24.4055830869
26.540 1.0580 24.4147823267
26.550 1.0576 24.4239815664
26.560 1.0572 24.4331808062
26.570 1.0568 24.442380046
26.580 1.0563 24.4515792857
26.590 1.0559 24.4607785255
26.600 1.0555 24.4699777653
26.610 1.0550 24.479177005
26.620 1.0546 24.4883762448
26.630 1.0542 24.4975754845
26.640 1.0537 24.5067747243
26.650 1.0533 24.5159739641
26.660 1.0529 24.5251732038
26.670 1.0525 24.5343724436
26.680 1.0520 24.5435716833
26.690 1.0516 24.5527709231
26.700 1.0512 24.5619701629
26.710 1.0507 24.5711694026
26.720 1.0503 24.5803686424
26.730 1.0499 24.5895678821
26.740 1.0495 24.5987671219
26.750 1.0490 24.6079663617
26.760 1.0486 24.6171656014
26.770 1.0482 24.6263648412
26.780 1.0478 24.635564081
26.790 1.0473 24.6447633207
26.800 1.0469 24.6539625605
26.810 1.0465 24.6631618002
26.820 1.0461 24.67236104
26.830 1.0457 24.6815602798
26.840 1.0452 24.6907595195
26.850 1.0448 24.6999587593
26.860 1.0444 24.709157999
26.870 1.0440 24.7183572388
26.880 1.0435 24.7275564786
26.890 1.0431 24.7367557183
26.900 1.0427 24.7459549581
26.910 1.0423 24.7551541979
26.920 1.0419 24.7643534376
26.930 1.0414 24.7735526774
26.940 1.0410 24.7827519171
26.950 1.0406 24.7919511569
26.960 1.0402 24.8011503967
26.970 1.0398 24.8103496364
26.980 1.0393 24.8195488762
26.990 1.0389 24.8287481159
27.000 1.0385 24.8379473557
27.010 1.0381 24.8471465955
27.020 1.0377 24.8563458352
27.030 1.0373 24.865545075
27.040 1.0368 24.8747443148
27.050 1.0364 24.8839435545
27.060 1.0360 24.8931427943
27.070 1.0356 24.902342034
27.080 1.0352 24.9115412738
27.090 1.0348 24.9207405136
27.100 1.0344 24.9299397533
27.110 1.0339 24.9391389931
27.120 1.0335 24.9483382328
27.130 1.0331 24.9575374726
27.140 1.0327 24.9667367124
27.150 1.0323 24.9759359521
27.160 1.0319 24.9851351919
27.170 1.0315 24.9943344316
27.180 1.0310 25.0035336714
27.190 1.0306 25.0127329112
27.200 1.0302 25.0219321509
27.210 1.0298 25.0311313907
27.220 1.0294 25.0403306305
27.230 1.0290 25.0495298702
27.240 1.0286 25.05872911
27.250 1.0282 25.0679283497
27.260 1.0278 25.0771275895
27.270 1.0273 25.0863268293
27.280 1.0269 25.095526069
27.290 1.0265 25.1047253088
27.300 1.0261 25.1139245485
27.310 1.0257 25.1231237883
27.320 1.0253 25.1323230281
27.330 1.0249 25.1415222678
27.340 1.0245 25.1507215076
27.350 1.0241 25.1599207474
27.360 1.0237 25.1691199871
27.370 1.0233 25.1783192269
27.380 1.0229 25.1875184666
27.390 1.0225 25.1967177064
27.400 1.0221 25.2059169462
27.410 1.0216 25.2151161859
27.420 1.0212 25.2243154257
27.430 1.0208 25.2335146654
27.440 1.0204 25.2427139052
27.450 1.0200 25.251913145
27.460 1.0196 25.2611123847
27.470 1.0192 25.2703116245
27.480 1.0188 25.2795108643
27.490 1.0184 25.288710104
27.500 1.0180 25.2979093438
27.510 1.0176 25.3071085835
27.520 1.0172 25.3163078233
27.530 1.0168 25.3255070631
27.540 1.0164 25.3347063028
27.550 1.0160 25.3439055426
27.560 1.0156 25.3531047823
27.570 1.0152 25.3623040221
27.580 1.0148 25.3715032619
27.590 1.0144 25.3807025016
27.600 1.0140 25.3899017414
27.610 1.0136 25.3991009812
27.620 1.0132 25.4083002209
27.630 1.0128 25.4174994607
27.640 1.0124 25.4266987004
27.650 1.0120 25.4358979402
27.660 1.0116 25.44509718
27.670 1.0112 25.4542964197
27.680 1.0108 25.4634956595
27.690 1.0104 25.4726948992
27.700 1.0100 25.481894139
27.710 1.0096 25.4910933788
27.720 1.0092 25.5002926185
27.730 1.0088 25.5094918583
27.740 1.0084 25.518691098
27.750 1.0080 25.5278903378
27.760 1.0076 25.5370895776
27.770 1.0073 25.5462888173
27.780 1.0069 25.5554880571
27.790 1.0065 25.5646872969
27.800 1.0061 25.5738865366
27.810 1.0057 25.5830857764
27.820 1.0053 25.5922850161
27.830 1.0049 25.6014842559
27.840 1.0045 25.6106834957
27.850 1.0041 25.6198827354
27.860 1.0037 25.6290819752
27.870 1.0033 25.6382812149
27.880 1.0029 25.6474804547
27.890 1.0025 25.6566796945
27.900 1.0021 25.6658789342
27.910 1.0018 25.675078174
27.920 1.0014 25.6842774138
27.930 1.0010 25.6934766535
27.940 1.0006 25.7026758933
27.950 1.0002 25.711875133
27.960 0.99980 25.7210743728
27.970 0.99941 25.7302736126
27.980 0.99902 25.7394728523
27.990 0.99863 25.7486720921
28.000 0.99825 25.7578713318
28.010 0.99786 25.7670705716
28.020 0.99747 25.7762698114
28.030 0.99708 25.7854690511
28.040 0.99669 25.7946682909
28.050 0.99631 25.8038675307
28.060 0.99592 25.8130667704
28.070 0.99553 25.8222660102
28.080 0.99515 25.8314652499
28.090 0.99476 25.8406644897
28.100 0.99438 25.8498637295
28.110 0.99399 25.8590629692
28.120 0.99361 25.868262209
28.130 0.99322 25.8774614487
28.140 0.99284 25.8866606885
28.150 0.99245 25.8958599283
28.160 0.99207 25.905059168
28.170 0.99168 25.9142584078
28.180 0.99130 25.9234576475
28.190 0.99092 25.9326568873
28.200 0.99053 25.9418561271
28.210 0.99015 25.9510553668
28.220 0.98977 25.9602546066
28.230 0.98939 25.9694538464
28.240 0.98901 25.9786530861
28.250 0.98862 25.9878523259
28.260 0.98824 25.9970515656
28.270 0.98786 26.0062508054
28.280 0.98748 26.0154500452
28.290 0.98710 26.0246492849
28.300 0.98672 26.0338485247
28.310 0.98634 26.0430477644
28.320 0.98596 26.0522470042
28.330 0.98558 26.061446244
28.340 0.98520 26.0706454837
28.350 0.98482 26.0798447235
28.360 0.98444 26.0890439633
28.370 0.98407 26.098243203
28.380 0.98369 26.1074424428
28.390 0.98331 26.1166416825
28.400 0.98293 26.1258409223
28.410 0.98255 26.1350401621
28.420 0.98218 26.1442394018
28.430 0.98180 26.1534386416
28.440 0.98142 26.1626378813
28.450 0.98105 26.1718371211
28.460 0.98067 26.1810363609
28.470 0.98030 26.1902356006
28.480 0.97992 26.1994348404
28.490 0.97955 26.2086340802
28.500 0.97917 26.2178333199
28.510 0.97880 26.2270325597
28.520 0.97842 26.2362317994
28.530 0.97805 26.2454310392
28.540 0.97767 26.254630279
28.550 0.97730 26.2638295187
28.560 0.97693 26.2730287585
28.570 0.97655 26.2822279982
28.580 0.97618 26.291427238
28.590 0.97581 26.3006264778
28.600 0.97544 26.3098257175
28.610 0.97506 26.3190249573
28.620 0.97469 26.328224197
28.630 0.97432 26.3374234368
28.640 0.97395 26.3466226766
28.650 0.97358 26.3558219163
28.660 0.97321 26.3650211561
28.670 0.97284 26.3742203959
28.680 0.97247 26.3834196356
28.690 0.97210 26.3926188754
28.700 0.97173 26.4018181151
28.710 0.97136 26.4110173549
28.720 0.97099 26.4202165947
28.730 0.97062 26.4294158344
28.740 0.97025 26.4386150742
28.750 0.96988 26.4478143139
28.760 0.96951 26.4570135537
28.770 0.96914 26.4662127935
28.780 0.96878 26.4754120332
28.790 0.96841 26.484611273
28.800 0.96804 26.4938105128
28.810 0.96768 26.5030097525
28.820 0.96731 26.5122089923
28.830 0.96694 26.521408232
28.840 0.96658 26.5306074718
28.850 0.96621 26.5398067116
28.860 0.96584 26.5490059513
28.870 0.96548 26.5582051911
28.880 0.96511 26.5674044308
28.890 0.96475 26.5766036706
28.900 0.96438 26.5858029104
28.910 0.96402 26.5950021501
28.920 0.96366 26.6042013899
28.930 0.96329 26.6134006297
28.940 0.96293 26.6225998694
28.950 0.96256 26.6317991092
28.960 0.96220 26.6409983489
28.970 0.96184 26.6501975887
28.980 0.96148 26.6593968285
28.990 0.96111 26.6685960682
29.000 0.96075 26.677795308
29.010 0.96039 26.6869945477
29.020 0.96003 26.6961937875
29.030 0.95967 26.7053930273
29.040 0.95931 26.714592267
29.050 0.95894 26.7237915068
29.060 0.95858 26.7329907465
29.070 0.95822 26.7421899863
29.080 0.95786 26.7513892261
29.090 0.95750 26.7605884658
29.100 0.95714 26.7697877056
29.110 0.95678 26.7789869454
29.120 0.95642 26.7881861851
29.130 0.95607 26.7973854249
29.140 0.95571 26.8065846646
29.150 0.95535 26.8157839044
29.160 0.95499 26.8249831442
29.170 0.95463 26.8341823839
29.180 0.95427 26.8433816237
29.190 0.95392 26.8525808634
29.200 0.95356 26.8617801032
29.210 0.95320 26.870979343
29.220 0.95285 26.8801785827
29.230 0.95249 26.8893778225
29.240 0.95213 26.8985770623
29.250 0.95178 26.907776302
29.260 0.95142 26.9169755418
29.270 0.95107 26.9261747815
29.280 0.95071 26.9353740213
29.290 0.95036 26.9445732611
29.300 0.95000 26.9537725008
29.310 0.94965 26.9629717406
29.320 0.94929 26.9721709803
29.330 0.94894 26.9813702201
29.340 0.94858 26.9905694599
29.350 0.94823 26.9997686996
29.360 0.94788 27.0089679394
29.370 0.94752 27.0181671792
29.380 0.94717 27.0273664189
29.390 0.94682 27.0365656587
29.400 0.94647 27.0457648984
29.410 0.94611 27.0549641382
29.420 0.94576 27.064163378
29.430 0.94541 27.0733626177
29.440 0.94506 27.0825618575
29.450 0.94471 27.0917610972
29.460 0.94436 27.100960337
29.470 0.94401 27.1101595768
29.480 0.94366 27.1193588165
29.490 0.94330 27.1285580563
29.500 0.94295 27.137757296
29.510 0.94260 27.1469565358
29.520 0.94226 27.1561557756
29.530 0.94191 27.1653550153
29.540 0.94156 27.1745542551
29.550 0.94121 27.1837534949
29.560 0.94086 27.1929527346
29.570 0.94051 27.2021519744
29.580 0.94016 27.2113512141
29.590 0.93982 27.2205504539
29.600 0.93947 27.2297496937
29.610 0.93912 27.2389489334
29.620 0.93877 27.2481481732
29.630 0.93843 27.2573474129
29.640 0.93808 27.2665466527
29.650 0.93773 27.2757458925
29.660 0.93739 27.2849451322
29.670 0.93704 27.294144372
29.680 0.93669 27.3033436118
29.690 0.93635 27.3125428515
29.700 0.93600 27.3217420913
29.710 0.93566 27.330941331
29.720 0.93531 27.3401405708
29.730 0.93497 27.3493398106
29.740 0.93462 27.3585390503
29.750 0.93428 27.3677382901
29.760 0.93394 27.3769375298
29.770 0.93359 27.3861367696
29.780 0.93325 27.3953360094
29.790 0.93291 27.4045352491
29.800 0.93256 27.4137344889
29.810 0.93222 27.4229337287
29.820 0.93188 27.4321329684
29.830 0.93153 27.4413322082
29.840 0.93119 27.4505314479
29.850 0.93085 27.4597306877
29.860 0.93051 27.4689299275
29.870 0.93017 27.4781291672
29.880 0.92983 27.487328407
29.890 0.92949 27.4965276467
29.900 0.92914 27.5057268865
29.910 0.92880 27.5149261263
29.920 0.92846 27.524125366
29.930 0.92812 27.5333246058
29.940 0.92778 27.5425238455
29.950 0.92744 27.5517230853
29.960 0.92710 27.5609223251
29.970 0.92677 27.5701215648
29.980 0.92643 27.5793208046
29.990 0.92609 27.5885200444
30.000 0.92575 27.5977192841
