115,1,0.978021,0.969414,0.967086,0.970242,0.0560445,0.966849085845
145,1,0.999168,0.982879,0.983585,0.983124,0.255319,1.082678998
175,1,1.00364,0.989473,0.990527,0.989558,0.6918,1.05052561006
205,1,1.00805,0.993126,0.99407,0.993159,0.828067,1.0341344799
235,1,1.0088,0.995326,0.996086,0.995338,0.887377,1.08482735833
265,1,1.01395,0.996732,0.99737,0.996737,0.923736,1.05795600598
295,1,1.00854,0.997674,0.998186,0.997675,0.947502,1.02842274547
325,1,1.00908,0.998326,0.998739,0.998326,0.963718,1.05547368944
355,1,1.00804,0.998791,0.99913,0.99879,0.975142,1.03024695463
385,1,1.00991,0.999131,0.999428,0.99913,0.983387,1.06420894128
415,1,1.01081,0.999383,0.999624,0.999382,0.989472,1.08169056506
