0.10000 225.51 0.0805791213904
0.11000 205.00 0.0886370335294
0.12000 187.90 0.0966949456685
0.13000 173.44 0.104752857807
0.14000 161.04 0.112810769947
0.15000 150.29 0.120868682086
0.16000 140.89 0.128926594225
0.17000 132.59 0.136984506364
0.18000 125.22 0.145042418503
0.19000 118.62 0.153100330642
0.20000 112.68 0.161158242781
0.21000 107.31 0.16921615492
0.22000 102.42 0.177274067059
0.23000 97.964 0.185331979198
0.24000 93.876 0.193389891337
0.25000 90.115 0.201447803476
0.26000 86.644 0.209505715615
0.27000 83.429 0.217563627754
0.28000 80.444 0.225621539893
0.29000 77.665 0.233679452032
0.30000 75.071 0.241737364171
0.31000 72.645 0.24979527631
0.32000 70.370 0.257853188449
0.33000 68.233 0.265911100588
0.34000 66.222 0.273969012727
0.35000 64.326 0.282026924866
0.36000 62.535 0.290084837005
0.37000 60.841 0.298142749144
0.38000 59.236 0.306200661283
0.39000 57.713 0.314258573422
0.40000 56.266 0.322316485562
0.41000 54.890 0.330374397701
0.42000 53.580 0.33843230984
0.43000 52.331 0.346490221979
0.44000 51.138 0.354548134118
0.45000 49.998 0.362606046257
0.46000 48.908 0.370663958396
0.47000 47.864 0.378721870535
0.48000 46.864 0.386779782674
0.49000 45.904 0.394837694813
0.50000 44.983 0.402895606952
0.51000 44.098 0.410953519091
0.52000 43.248 0.41901143123
0.53000 42.429 0.427069343369
0.54000 41.640 0.435127255508
0.55000 40.881 0.443185167647
0.56000 40.148 0.451243079786
0.57000 39.441 0.459300991925
0.58000 38.758 0.467358904064
0.59000 38.099 0.475416816203
0.60000 37.461 0.483474728342
0.61000 36.845 0.491532640481
0.62000 36.248 0.49959055262
0.63000 35.670 0.507648464759
0.64000 35.111 0.515706376898
0.65000 34.568 0.523764289037
0.66000 34.042 0.531822201177
0.67000 33.532 0.539880113316
0.68000 33.037 0.547938025455
0.69000 32.556 0.555995937594
0.70000 32.088 0.564053849733
0.71000 31.634 0.572111761872
0.72000 31.193 0.580169674011
0.73000 30.764 0.58822758615
0.74000 30.346 0.596285498289
0.75000 29.939 0.604343410428
0.76000 29.543 0.612401322567
0.77000 29.158 0.620459234706
0.78000 28.782 0.628517146845
0.79000 28.416 0.636575058984
0.80000 28.059 0.644632971123
0.81000 27.711 0.652690883262
0.82000 27.371 0.660748795401
0.83000 27.039 0.66880670754
0.84000 26.716 0.676864619679
0.85000 26.399 0.684922531818
0.86000 26.091 0.692980443957
0.87000 25.789 0.701038356096
0.88000 25.494 0.709096268235
0.89000 25.206 0.717154180374
0.90000 24.925 0.725212092513
0.91000 24.649 0.733270004652
0.92000 24.379 0.741327916791
0.93000 24.116 0.749385828931
0.94000 23.858 0.75744374107
0.95000 23.605 0.765501653209
0.96000 23.357 0.773559565348
0.97000 23.115 0.781617477487
0.98000 22.878 0.789675389626
0.99000 22.645 0.797733301765
1.0000 22.417 0.805791213904
1.0100 22.194 0.813849126043
1.0200 21.975 0.821907038182
1.0300 21.760 0.829964950321
1.0400 21.549 0.83802286246
1.0500 21.343 0.846080774599
1.0600 21.140 0.854138686738
1.0700 20.941 0.862196598877
1.0800 20.746 0.870254511016
1.0900 20.554 0.878312423155
1.1000 20.366 0.886370335294
1.1100 20.181 0.894428247433
1.1200 19.999 0.902486159572
1.1300 19.821 0.910544071711
1.1400 19.646 0.91860198385
1.1500 19.474 0.926659895989
1.1600 19.304 0.934717808128
1.1700 19.138 0.942775720267
1.1800 18.975 0.950833632406
1.1900 18.814 0.958891544546
1.2000 18.656 0.966949456685
1.2100 18.501 0.975007368824
1.2200 18.348 0.983065280963
1.2300 18.197 0.991123193102
1.2400 18.049 0.999181105241
1.2500 17.904 1.00723901738
1.2600 17.760 1.01529692952
1.2700 17.619 1.02335484166
1.2800 17.481 1.0314127538
1.2900 17.344 1.03947066594
1.3000 17.209 1.04752857807
1.3100 17.077 1.05558649021
1.3200 16.946 1.06364440235
1.3300 16.818 1.07170231449
1.3400 16.691 1.07976022663
1.3500 16.566 1.08781813877
1.3600 16.444 1.09587605091
1.3700 16.322 1.10393396305
1.3800 16.203 1.11199187519
1.3900 16.085 1.12004978733
1.4000 15.969 1.12810769947
1.4100 15.855 1.1361656116
1.4200 15.742 1.14422352374
1.4300 15.631 1.15228143588
1.4400 15.522 1.16033934802
1.4500 15.414 1.16839726016
1.4600 15.307 1.1764551723
1.4700 15.202 1.18451308444
1.4800 15.098 1.19257099658
1.4900 14.996 1.20062890872
1.5000 14.895 1.20868682086
1.5100 14.795 1.21674473299
1.5200 14.697 1.22480264513
1.5300 14.600 1.23286055727
1.5400 14.504 1.24091846941
1.5500 14.409 1.24897638155
1.5600 14.316 1.25703429369
1.5700 14.224 1.26509220583
1.5800 14.133 1.27315011797
1.5900 14.043 1.28120803011
1.6000 13.954 1.28926594225
1.6100 13.867 1.29732385439
1.6200 13.780 1.30538176652
1.6300 13.695 1.31343967866
1.6400 13.610 1.3214975908
1.6500 13.527 1.32955550294
1.6600 13.445 1.33761341508
1.6700 13.363 1.34567132722
1.6800 13.283 1.35372923936
1.6900 13.203 1.3617871515
1.7000 13.125 1.36984506364
1.7100 13.047 1.37790297578
1.7200 12.970 1.38596088791
1.7300 12.895 1.39401880005
1.7400 12.820 1.40207671219
1.7500 12.745 1.41013462433
1.7600 12.672 1.41819253647
1.7700 12.600 1.42625044861
1.7800 12.528 1.43430836075
1.7900 12.457 1.44236627289
1.8000 12.387 1.45042418503
1.8100 12.318 1.45848209717
1.8200 12.249 1.4665400093
1.8300 12.182 1.47459792144
1.8400 12.115 1.48265583358
1.8500 12.048 1.49071374572
1.8600 11.983 1.49877165786
1.8700 11.918 1.50682957
1.8800 11.854 1.51488748214
1.8900 11.790 1.52294539428
1.9000 11.727 1.53100330642
1.9100 11.665 1.53906121856
1.9200 11.604 1.5471191307
1.9300 11.543 1.55517704283
1.9400 11.482 1.56323495497
1.9500 11.423 1.57129286711
1.9600 11.364 1.57935077925
1.9700 11.305 1.58740869139
1.9800 11.247 1.59546660353
1.9900 11.190 1.60352451567
2.0000 11.133 1.61158242781
2.0100 11.077 1.61964033995
2.0200 11.022 1.62769825209
2.0300 10.967 1.63575616422
2.0400 10.912 1.64381407636
2.0500 10.858 1.6518719885
2.0600 10.805 1.65992990064
2.0700 10.752 1.66798781278
2.0800 10.699 1.67604572492
2.0900 10.647 1.68410363706
2.1000 10.596 1.6921615492
2.1100 10.545 1.70021946134
2.1200 10.495 1.70827737348
2.1300 10.445 1.71633528562
2.1400 10.395 1.72439319775
2.1500 10.346 1.73245110989
2.1600 10.298 1.74050902203
2.1700 10.249 1.74856693417
2.1800 10.202 1.75662484631
2.1900 10.154 1.76468275845
2.2000 10.108 1.77274067059
2.2100 10.061 1.78079858273
2.2200 10.015 1.78885649487
2.2300 9.9695 1.79691440701
2.2400 9.9244 1.80497231914
2.2500 9.8796 1.81303023128
2.2600 9.8352 1.82108814342
2.2700 9.7912 1.82914605556
2.2800 9.7476 1.8372039677
2.2900 9.7044 1.84526187984
2.3000 9.6615 1.85331979198
2.3100 9.6190 1.86137770412
2.3200 9.5769 1.86943561626
2.3300 9.5352 1.8774935284
2.3400 9.4938 1.88555144053
2.3500 9.4527 1.89360935267
2.3600 9.4120 1.90166726481
2.3700 9.3717 1.90972517695
2.3800 9.3317 1.91778308909
2.3900 9.2920 1.92584100123
2.4000 9.2526 1.93389891337
2.4100 9.2136 1.94195682551
2.4200 9.1749 1.95001473765
2.4300 9.1365 1.95807264979
2.4400 9.0985 1.96613056193
2.4500 9.0607 1.97418847406
2.4600 9.0232 1.9822463862
2.4700 8.9861 1.99030429834
2.4800 8.9493 1.99836221048
2.4900 8.9127 2.00642012262
2.5000 8.8764 2.01447803476
2.5100 8.8405 2.0225359469
2.5200 8.8048 2.03059385904
2.5300 8.7694 2.03865177118
2.5400 8.7343 2.04670968332
2.5500 8.6994 2.05476759545
2.5600 8.6648 2.06282550759
2.5700 8.6305 2.07088341973
2.5800 8.5965 2.07894133187
2.5900 8.5627 2.08699924401
2.6000 8.5292 2.09505715615
2.6100 8.4959 2.10311506829
2.6200 8.4629 2.11117298043
2.6300 8.4302 2.11923089257
2.6400 8.3977 2.12728880471
2.6500 8.3654 2.13534671685
2.6600 8.3334 2.14340462898
2.6700 8.3016 2.15146254112
2.6800 8.2701 2.15952045326
2.6900 8.2387 2.1675783654
2.7000 8.2077 2.17563627754
2.7100 8.1768 2.18369418968
2.7200 8.1462 2.19175210182
2.7300 8.1158 2.19981001396
2.7400 8.0856 2.2078679261
2.7500 8.0557 2.21592583824
2.7600 8.0259 2.22398375037
2.7700 7.9964 2.23204166251
2.7800 7.9671 2.24009957465
2.7900 7.9380 2.24815748679
2.8000 7.9091 2.25621539893
2.8100 7.8804 2.26427331107
2.8200 7.8519 2.27233122321
2.8300 7.8236 2.28038913535
2.8400 7.7956 2.28844704749
2.8500 7.7677 2.29650495963
2.8600 7.7400 2.30456287176
2.8700 7.7125 2.3126207839
2.8800 7.6852 2.32067869604
2.8900 7.6580 2.32873660818
2.9000 7.6311 2.33679452032
2.9100 7.6044 2.34485243246
2.9200 7.5778 2.3529103446
2.9300 7.5514 2.36096825674
2.9400 7.5252 2.36902616888
2.9500 7.4992 2.37708408102
2.9600 7.4733 2.38514199316
2.9700 7.4477 2.39319990529
2.9800 7.4222 2.40125781743
2.9900 7.3968 2.40931572957
3.0000 7.3717 2.41737364171
3.0100 7.3467 2.42543155385
3.0200 7.3218 2.43348946599
3.0300 7.2972 2.44154737813
3.0400 7.2727 2.44960529027
3.0500 7.2483 2.45766320241
3.0600 7.2241 2.46572111455
3.0700 7.2001 2.47377902668
3.0800 7.1762 2.48183693882
3.0900 7.1525 2.48989485096
3.1000 7.1289 2.4979527631
3.1100 7.1055 2.50601067524
3.1200 7.0823 2.51406858738
3.1300 7.0591 2.52212649952
3.1400 7.0362 2.53018441166
3.1500 7.0134 2.5382423238
3.1600 6.9907 2.54630023594
3.1700 6.9681 2.55435814808
3.1800 6.9457 2.56241606021
3.1900 6.9235 2.57047397235
3.2000 6.9014 2.57853188449
3.2100 6.8794 2.58658979663
3.2200 6.8576 2.59464770877
3.2300 6.8359 2.60270562091
3.2400 6.8143 2.61076353305
3.2500 6.7928 2.61882144519
3.2600 6.7715 2.62687935733
3.2700 6.7504 2.63493726947
3.2800 6.7293 2.6429951816
3.2900 6.7084 2.65105309374
3.3000 6.6876 2.65911100588
3.3100 6.6669 2.66716891802
3.3200 6.6464 2.67522683016
3.3300 6.6260 2.6832847423
3.3400 6.6057 2.69134265444
3.3500 6.5855 2.69940056658
3.3600 6.5654 2.70745847872
3.3700 6.5455 2.71551639086
3.3800 6.5257 2.72357430299
3.3900 6.5060 2.73163221513
3.4000 6.4864 2.73969012727
3.4100 6.4669 2.74774803941
3.4200 6.4476 2.75580595155
3.4300 6.4283 2.76386386369
3.4400 6.4092 2.77192177583
3.4500 6.3902 2.77997968797
3.4600 6.3713 2.78803760011
3.4700 6.3525 2.79609551225
3.4800 6.3338 2.80415342439
3.4900 6.3152 2.81221133652
3.5000 6.2967 2.82026924866
3.5100 6.2783 2.8283271608
3.5200 6.2600 2.83638507294
3.5300 6.2419 2.84444298508
3.5400 6.2238 2.85250089722
3.5500 6.2058 2.86055880936
3.5600 6.1880 2.8686167215
3.5700 6.1702 2.87667463364
3.5800 6.1526 2.88473254578
3.5900 6.1350 2.89279045791
3.6000 6.1175 2.90084837005
3.6100 6.1001 2.90890628219
3.6200 6.0829 2.91696419433
3.6300 6.0657 2.92502210647
3.6400 6.0486 2.93308001861
3.6500 6.0316 2.94113793075
3.6600 6.0147 2.94919584289
3.6700 5.9979 2.95725375503
3.6800 5.9812 2.96531166717
3.6900 5.9646 2.97336957931
3.7000 5.9480 2.98142749144
3.7100 5.9316 2.98948540358
3.7200 5.9152 2.99754331572
3.7300 5.8989 3.00560122786
3.7400 5.8828 3.01365914
3.7500 5.8667 3.02171705214
3.7600 5.8507 3.02977496428
3.7700 5.8347 3.03783287642
3.7800 5.8189 3.04589078856
3.7900 5.8031 3.0539487007
3.8000 5.7874 3.06200661283
3.8100 5.7718 3.07006452497
3.8200 5.7563 3.07812243711
3.8300 5.7409 3.08618034925
3.8400 5.7256 3.09423826139
3.8500 5.7103 3.10229617353
3.8600 5.6951 3.11035408567
3.8700 5.6800 3.11841199781
3.8800 5.6649 3.12646990995
3.8900 5.6500 3.13452782209
3.9000 5.6351 3.14258573422
3.9100 5.6203 3.15064364636
3.9200 5.6056 3.1587015585
3.9300 5.5909 3.16675947064
3.9400 5.5763 3.17481738278
3.9500 5.5618 3.18287529492
3.9600 5.5474 3.19093320706
3.9700 5.5330 3.1989911192
3.9800 5.5187 3.20704903134
3.9900 5.5045 3.21510694348
4.0000 5.4904 3.22316485562
4.0100 5.4763 3.23122276775
4.0200 5.4623 3.23928067989
4.0300 5.4483 3.24733859203
4.0400 5.4345 3.25539650417
4.0500 5.4207 3.26345441631
4.0600 5.4069 3.27151232845
4.0700 5.3933 3.27957024059
4.0800 5.3797 3.28762815273
4.0900 5.3661 3.29568606487
4.1000 5.3527 3.30374397701
4.1100 5.3393 3.31180188914
4.1200 5.3259 3.31985980128
4.1300 5.3127 3.32791771342
4.1400 5.2995 3.33597562556
4.1500 5.2863 3.3440335377
4.1600 5.2733 3.35209144984
4.1700 5.2602 3.36014936198
4.1800 5.2473 3.36820727412
4.1900 5.2344 3.37626518626
4.2000 5.2216 3.3843230984
4.2100 5.2088 3.39238101053
4.2200 5.1961 3.40043892267
4.2300 5.1834 3.40849683481
4.2400 5.1708 3.41655474695
4.2500 5.1583 3.42461265909
4.2600 5.1458 3.43267057123
4.2700 5.1334 3.44072848337
4.2800 5.1211 3.44878639551
4.2900 5.1088 3.45684430765
4.3000 5.0965 3.46490221979
4.3100 5.0843 3.47296013193
4.3200 5.0722 3.48101804406
4.3300 5.0601 3.4890759562
4.3400 5.0481 3.49713386834
4.3500 5.0362 3.50519178048
4.3600 5.0243 3.51324969262
4.3700 5.0124 3.52130760476
4.3800 5.0006 3.5293655169
4.3900 4.9889 3.53742342904
4.4000 4.9772 3.54548134118
4.4100 4.9655 3.55353925332
4.4200 4.9540 3.56159716545
4.4300 4.9424 3.56965507759
4.4400 4.9309 3.57771298973
4.4500 4.9195 3.58577090187
4.4600 4.9081 3.59382881401
4.4700 4.8968 3.60188672615
4.4800 4.8855 3.60994463829
4.4900 4.8743 3.61800255043
4.5000 4.8631 3.62606046257
4.5100 4.8520 3.63411837471
4.5200 4.8409 3.64217628685
4.5300 4.8299 3.65023419898
4.5400 4.8189 3.65829211112
4.5500 4.8080 3.66635002326
4.5600 4.7971 3.6744079354
4.5700 4.7863 3.68246584754
4.5800 4.7755 3.69052375968
4.5900 4.7647 3.69858167182
4.6000 4.7540 3.70663958396
4.6100 4.7434 3.7146974961
4.6200 4.7328 3.72275540824
4.6300 4.7222 3.73081332037
4.6400 4.7117 3.73887123251
4.6500 4.7012 3.74692914465
4.6600 4.6908 3.75498705679
4.6700 4.6804 3.76304496893
4.6800 4.6701 3.77110288107
4.6900 4.6598 3.77916079321
4.7000 4.6496 3.78721870535
4.7100 4.6394 3.79527661749
4.7200 4.6292 3.80333452963
4.7300 4.6191 3.81139244176
4.7400 4.6090 3.8194503539
4.7500 4.5990 3.82750826604
4.7600 4.5890 3.83556617818
4.7700 4.5791 3.84362409032
4.7800 4.5691 3.85168200246
4.7900 4.5593 3.8597399146
4.8000 4.5495 3.86779782674
4.8100 4.5397 3.87585573888
4.8200 4.5299 3.88391365102
4.8300 4.5202 3.89197156316
4.8400 4.5106 3.90002947529
4.8500 4.5010 3.90808738743
4.8600 4.4914 3.91614529957
4.8700 4.4818 3.92420321171
4.8800 4.4723 3.93226112385
4.8900 4.4629 3.94031903599
4.9000 4.4534 3.94837694813
4.9100 4.4440 3.95643486027
4.9200 4.4347 3.96449277241
4.9300 4.4254 3.97255068455
4.9400 4.4161 3.98060859668
4.9500 4.4069 3.98866650882
4.9600 4.3977 3.99672442096
4.9700 4.3885 4.0047823331
4.9800 4.3794 4.01284024524
4.9900 4.3703 4.02089815738
5.0000 4.3612 4.02895606952
5.1000 4.2727 4.10953519091
5.1100 4.2640 4.11759310305
5.1200 4.2554 4.12565101519
5.1300 4.2468 4.13370892733
5.1400 4.2382 4.14176683947
5.1500 4.2297 4.1498247516
5.1600 4.2212 4.15788266374
5.1700 4.2127 4.16594057588
5.1800 4.2043 4.17399848802
5.1900 4.1959 4.18205640016
5.2000 4.1875 4.1901143123
5.2100 4.1792 4.19817222444
5.2200 4.1708 4.20623013658
5.2300 4.1626 4.21428804872
5.2400 4.1543 4.22234596086
5.2500 4.1461 4.23040387299
5.2600 4.1379 4.23846178513
5.2700 4.1298 4.24651969727
5.2800 4.1217 4.25457760941
5.2900 4.1136 4.26263552155
5.3000 4.1055 4.27069343369
5.3100 4.0975 4.27875134583
5.3200 4.0895 4.28680925797
5.3300 4.0815 4.29486717011
5.3400 4.0736 4.30292508225
5.3500 4.0657 4.31098299439
5.3600 4.0578 4.31904090652
5.3700 4.0500 4.32709881866
5.3800 4.0421 4.3351567308
5.3900 4.0344 4.34321464294
5.4000 4.0266 4.35127255508
5.4100 4.0189 4.35933046722
5.4200 4.0112 4.36738837936
5.4300 4.0035 4.3754462915
5.4400 3.9958 4.38350420364
5.4500 3.9882 4.39156211578
5.4600 3.9806 4.39962002791
5.4700 3.9731 4.40767794005
5.4800 3.9655 4.41573585219
5.4900 3.9580 4.42379376433
5.5000 3.9505 4.43185167647
5.5100 3.9431 4.43990958861
5.5200 3.9357 4.44796750075
5.5300 3.9282 4.45602541289
5.5400 3.9209 4.46408332503
5.5500 3.9135 4.47214123717
5.5600 3.9062 4.48019914931
5.5700 3.8989 4.48825706144
5.5800 3.8916 4.49631497358
5.5900 3.8844 4.50437288572
5.6000 3.8772 4.51243079786
5.6100 3.8700 4.52048871
5.6200 3.8628 4.52854662214
5.6300 3.8557 4.53660453428
5.6400 3.8486 4.54466244642
5.6500 3.8415 4.55272035856
5.6600 3.8344 4.5607782707
5.6700 3.8274 4.56883618283
5.6800 3.8204 4.57689409497
5.6900 3.8134 4.58495200711
5.7000 3.8064 4.59300991925
5.7100 3.7995 4.60106783139
5.7200 3.7925 4.60912574353
5.7300 3.7856 4.61718365567
5.7400 3.7788 4.62524156781
5.7500 3.7719 4.63329947995
5.7600 3.7651 4.64135739209
5.7700 3.7583 4.64941530422
5.7800 3.7515 4.65747321636
5.7900 3.7448 4.6655311285
5.8000 3.7381 4.67358904064
5.8100 3.7314 4.68164695278
5.8200 3.7247 4.68970486492
5.8300 3.7180 4.69776277706
5.8400 3.7114 4.7058206892
5.8500 3.7048 4.71387860134
5.8600 3.6982 4.72193651348
5.8700 3.6916 4.72999442562
5.8800 3.6851 4.73805233775
5.8900 3.6785 4.74611024989
5.9000 3.6720 4.75416816203
5.9100 3.6656 4.76222607417
5.9200 3.6591 4.77028398631
5.9300 3.6527 4.77834189845
5.9400 3.6462 4.78639981059
5.9500 3.6398 4.79445772273
5.9600 3.6335 4.80251563487
5.9700 3.6271 4.81057354701
5.9800 3.6208 4.81863145914
5.9900 3.6145 4.82668937128
6.0000 3.6082 4.83474728342
6.0100 3.6019 4.84280519556
6.0200 3.5957 4.8508631077
6.0300 3.5895 4.85892101984
6.0400 3.5833 4.86697893198
6.0500 3.5771 4.87503684412
6.0600 3.5709 4.88309475626
6.0700 3.5648 4.8911526684
6.0800 3.5586 4.89921058054
6.0900 3.5525 4.90726849267
6.1000 3.5465 4.91532640481
6.1100 3.5404 4.92338431695
6.1200 3.5344 4.93144222909
6.1300 3.5283 4.93950014123
6.1400 3.5223 4.94755805337
6.1500 3.5163 4.95561596551
6.1600 3.5104 4.96367387765
6.1700 3.5044 4.97173178979
6.1800 3.4985 4.97978970193
6.1900 3.4926 4.98784761406
6.2000 3.4867 4.9959055262
6.2100 3.4808 5.00396343834
6.2200 3.4750 5.01202135048
6.2300 3.4692 5.02007926262
6.2400 3.4633 5.02813717476
6.2500 3.4575 5.0361950869
6.2600 3.4518 5.04425299904
6.2700 3.4460 5.05231091118
6.2800 3.4403 5.06036882332
6.2900 3.4346 5.06842673545
6.3000 3.4288 5.07648464759
6.3100 3.4232 5.08454255973
6.3200 3.4175 5.09260047187
6.3300 3.4118 5.10065838401
6.3400 3.4062 5.10871629615
6.3500 3.4006 5.11677420829
6.3600 3.3950 5.12483212043
6.3700 3.3894 5.13289003257
6.3800 3.3839 5.14094794471
6.3900 3.3783 5.14900585685
6.4000 3.3728 5.15706376898
6.4100 3.3673 5.16512168112
6.4200 3.3618 5.17317959326
6.4300 3.3563 5.1812375054
6.4400 3.3509 5.18929541754
6.4500 3.3454 5.19735332968
6.4600 3.3400 5.20541124182
6.4700 3.3346 5.21346915396
6.4800 3.3292 5.2215270661
6.4900 3.3238 5.22958497824
6.5000 3.3185 5.23764289037
6.5100 3.3131 5.24570080251
6.5200 3.3078 5.25375871465
6.5300 3.3025 5.26181662679
6.5400 3.2972 5.26987453893
6.5500 3.2919 5.27793245107
6.5600 3.2867 5.28599036321
6.5700 3.2814 5.29404827535
6.5800 3.2762 5.30210618749
6.5900 3.2710 5.31016409963
6.6000 3.2658 5.31822201177
6.6100 3.2606 5.3262799239
6.6200 3.2554 5.33433783604
6.6300 3.2503 5.34239574818
6.6400 3.2451 5.35045366032
6.6500 3.2400 5.35851157246
6.6600 3.2349 5.3665694846
6.6700 3.2298 5.37462739674
6.6800 3.2248 5.38268530888
6.6900 3.2197 5.39074322102
6.7000 3.2147 5.39880113316
6.7100 3.2096 5.40685904529
6.7200 3.2046 5.41491695743
6.7300 3.1996 5.42297486957
6.7400 3.1946 5.43103278171
6.7500 3.1897 5.43909069385
6.7600 3.1847 5.44714860599
6.7700 3.1798 5.45520651813
6.7800 3.1748 5.46326443027
6.7900 3.1699 5.47132234241
6.8000 3.1650 5.47938025455
6.8100 3.1602 5.48743816668
6.8200 3.1553 5.49549607882
6.8300 3.1504 5.50355399096
6.8400 3.1456 5.5116119031
6.8500 3.1408 5.51966981524
6.8600 3.1360 5.52772772738
6.8700 3.1312 5.53578563952
6.8800 3.1264 5.54384355166
6.8900 3.1216 5.5519014638
6.9000 3.1169 5.55995937594
6.9100 3.1121 5.56801728808
6.9200 3.1074 5.57607520021
6.9300 3.1027 5.58413311235
6.9400 3.0980 5.59219102449
6.9500 3.0933 5.60024893663
6.9600 3.0886 5.60830684877
6.9700 3.0840 5.61636476091
6.9800 3.0793 5.62442267305
6.9900 3.0747 5.63248058519
7.0000 3.0700 5.64053849733
7.0100 3.0654 5.64859640947
7.0200 3.0608 5.6566543216
7.0300 3.0563 5.66471223374
7.0400 3.0517 5.67277014588
7.0500 3.0471 5.68082805802
7.0600 3.0426 5.68888597016
7.0700 3.0381 5.6969438823
7.0800 3.0336 5.70500179444
7.0900 3.0290 5.71305970658
7.1000 3.0246 5.72111761872
7.1100 3.0201 5.72917553086
7.1200 3.0156 5.737233443
7.1300 3.0112 5.74529135513
7.1400 3.0067 5.75334926727
7.1500 3.0023 5.76140717941
7.1600 2.9979 5.76946509155
7.1700 2.9935 5.77752300369
7.1800 2.9891 5.78558091583
7.1900 2.9847 5.79363882797
7.2000 2.9803 5.80169674011
7.2100 2.9760 5.80975465225
7.2200 2.9716 5.81781256439
7.2300 2.9673 5.82587047652
7.2400 2.9630 5.83392838866
7.2500 2.9587 5.8419863008
7.2600 2.9544 5.85004421294
7.2700 2.9501 5.85810212508
7.2800 2.9458 5.86616003722
7.2900 2.9416 5.87421794936
7.3000 2.9373 5.8822758615
7.3100 2.9331 5.89033377364
7.3200 2.9288 5.89839168578
7.3300 2.9246 5.90644959791
7.3400 2.9204 5.91450751005
7.3500 2.9162 5.92256542219
7.3600 2.9121 5.93062333433
7.3700 2.9079 5.93868124647
7.3800 2.9037 5.94673915861
7.3900 2.8996 5.95479707075
7.4000 2.8954 5.96285498289
7.4100 2.8913 5.97091289503
7.4200 2.8872 5.97897080717
7.4300 2.8831 5.98702871931
7.4400 2.8790 5.99508663144
7.4500 2.8749 6.00314454358
7.4600 2.8709 6.01120245572
7.4700 2.8668 6.01926036786
7.4800 2.8628 6.02731828
7.4900 2.8587 6.03537619214
7.5000 2.8547 6.04343410428
7.5100 2.8507 6.05149201642
7.5200 2.8467 6.05954992856
7.5300 2.8427 6.0676078407
7.5400 2.8387 6.07566575283
7.5500 2.8347 6.08372366497
7.5600 2.8308 6.09178157711
7.5700 2.8268 6.09983948925
7.5800 2.8229 6.10789740139
7.5900 2.8189 6.11595531353
7.6000 2.8150 6.12401322567
7.6100 2.8111 6.13207113781
7.6200 2.8072 6.14012904995
7.6300 2.8033 6.14818696209
7.6400 2.7994 6.15624487423
7.6500 2.7956 6.16430278636
7.6600 2.7917 6.1723606985
7.6700 2.7879 6.18041861064
7.6800 2.7840 6.18847652278
7.6900 2.7802 6.19653443492
7.7000 2.7764 6.20459234706
7.7100 2.7726 6.2126502592
7.7200 2.7688 6.22070817134
7.7300 2.7650 6.22876608348
7.7400 2.7612 6.23682399562
7.7500 2.7574 6.24488190775
7.7600 2.7537 6.25293981989
7.7700 2.7499 6.26099773203
7.7800 2.7462 6.26905564417
7.7900 2.7424 6.27711355631
7.8000 2.7387 6.28517146845
7.8100 2.7350 6.29322938059
7.8200 2.7313 6.30128729273
7.8300 2.7276 6.30934520487
7.8400 2.7239 6.31740311701
7.8500 2.7202 6.32546102914
7.8600 2.7166 6.33351894128
7.8700 2.7129 6.34157685342
7.8800 2.7093 6.34963476556
7.8900 2.7056 6.3576926777
7.9000 2.7020 6.36575058984
7.9100 2.6984 6.37380850198
7.9200 2.6948 6.38186641412
7.9300 2.6912 6.38992432626
7.9400 2.6876 6.3979822384
7.9500 2.6840 6.40604015054
7.9600 2.6804 6.41409806267
7.9700 2.6768 6.42215597481
7.9800 2.6733 6.43021388695
7.9900 2.6697 6.43827179909
8.0000 2.6662 6.44632971123
8.0100 2.6627 6.45438762337
8.0200 2.6591 6.46244553551
8.0300 2.6556 6.47050344765
8.0400 2.6521 6.47856135979
8.0500 2.6486 6.48661927193
8.0600 2.6451 6.49467718406
8.0700 2.6417 6.5027350962
8.0800 2.6382 6.51079300834
8.0900 2.6347 6.51885092048
8.1000 2.6313 6.52690883262
8.1100 2.6278 6.53496674476
8.1200 2.6244 6.5430246569
8.1300 2.6210 6.55108256904
8.1400 2.6176 6.55914048118
8.1500 2.6141 6.56719839332
8.1600 2.6107 6.57525630545
8.1700 2.6074 6.58331421759
8.1800 2.6040 6.59137212973
8.1900 2.6006 6.59943004187
8.2000 2.5972 6.60748795401
8.2100 2.5939 6.61554586615
8.2200 2.5905 6.62360377829
8.2300 2.5872 6.63166169043
8.2400 2.5838 6.63971960257
8.2500 2.5805 6.64777751471
8.2600 2.5772 6.65583542685
8.2700 2.5739 6.66389333898
8.2800 2.5706 6.67195125112
8.2900 2.5673 6.68000916326
8.3000 2.5640 6.6880670754
8.3100 2.5607 6.69612498754
8.3200 2.5574 6.70418289968
8.3300 2.5542 6.71224081182
8.3400 2.5509 6.72029872396
8.3500 2.5476 6.7283566361
8.3600 2.5444 6.73641454824
8.3700 2.5412 6.74447246037
8.3800 2.5379 6.75253037251
8.3900 2.5347 6.76058828465
8.4000 2.5315 6.76864619679
8.4100 2.5283 6.77670410893
8.4200 2.5251 6.78476202107
8.4300 2.5219 6.79281993321
8.4400 2.5187 6.80087784535
8.4500 2.5156 6.80893575749
8.4600 2.5124 6.81699366963
8.4700 2.5092 6.82505158177
8.4800 2.5061 6.8331094939
8.4900 2.5030 6.84116740604
8.5000 2.4998 6.84922531818
8.5100 2.4967 6.85728323032
8.5200 2.4936 6.86534114246
8.5300 2.4905 6.8733990546
8.5400 2.4873 6.88145696674
8.5500 2.4842 6.88951487888
8.5600 2.4812 6.89757279102
8.5700 2.4781 6.90563070316
8.5800 2.4750 6.91368861529
8.5900 2.4719 6.92174652743
8.6000 2.4689 6.92980443957
8.6100 2.4658 6.93786235171
8.6200 2.4627 6.94592026385
8.6300 2.4597 6.95397817599
8.6400 2.4567 6.96203608813
8.6500 2.4536 6.97009400027
8.6600 2.4506 6.97815191241
8.6700 2.4476 6.98620982455
8.6800 2.4446 6.99426773668
8.6900 2.4416 7.00232564882
8.7000 2.4386 7.01038356096
8.7100 2.4356 7.0184414731
8.7200 2.4326 7.02649938524
8.7300 2.4297 7.03455729738
8.7400 2.4267 7.04261520952
8.7500 2.4237 7.05067312166
8.7600 2.4208 7.0587310338
8.7700 2.4178 7.06678894594
8.7800 2.4149 7.07484685808
8.7900 2.4120 7.08290477021
8.8000 2.4090 7.09096268235
8.8100 2.4061 7.09902059449
8.8200 2.4032 7.10707850663
8.8300 2.4003 7.11513641877
8.8400 2.3974 7.12319433091
8.8500 2.3945 7.13125224305
8.8600 2.3916 7.13931015519
8.8700 2.3887 7.14736806733
8.8800 2.3859 7.15542597947
8.8900 2.3830 7.1634838916
8.9000 2.3801 7.17154180374
8.9100 2.3773 7.17959971588
8.9200 2.3744 7.18765762802
8.9300 2.3716 7.19571554016
8.9400 2.3688 7.2037734523
8.9500 2.3659 7.21183136444
8.9600 2.3631 7.21988927658
8.9700 2.3603 7.22794718872
8.9800 2.3575 7.23600510086
8.9900 2.3547 7.244063013
9.0000 2.3519 7.25212092513
9.0100 2.3491 7.26017883727
9.0200 2.3463 7.26823674941
9.0300 2.3435 7.27629466155
9.0400 2.3407 7.28435257369
9.0500 2.3380 7.29241048583
9.0600 2.3352 7.30046839797
9.0700 2.3325 7.30852631011
9.0800 2.3297 7.31658422225
9.0900 2.3270 7.32464213439
9.1000 2.3242 7.33270004652
9.1100 2.3215 7.34075795866
9.1200 2.3188 7.3488158708
9.1300 2.3160 7.35687378294
9.1400 2.3133 7.36493169508
9.1500 2.3106 7.37298960722
9.1600 2.3079 7.38104751936
9.1700 2.3052 7.3891054315
9.1800 2.3025 7.39716334364
9.1900 2.2999 7.40522125578
9.2000 2.2972 7.41327916791
9.2100 2.2945 7.42133708005
9.2200 2.2918 7.42939499219
9.2300 2.2892 7.43745290433
9.2400 2.2865 7.44551081647
9.2500 2.2839 7.45356872861
9.2600 2.2812 7.46162664075
9.2700 2.2786 7.46968455289
9.2800 2.2760 7.47774246503
9.2900 2.2733 7.48580037717
9.3000 2.2707 7.49385828931
9.3100 2.2681 7.50191620144
9.3200 2.2655 7.50997411358
9.3300 2.2629 7.51803202572
9.3400 2.2603 7.52608993786
9.3500 2.2577 7.53414785
9.3600 2.2551 7.54220576214
9.3700 2.2525 7.55026367428
9.3800 2.2499 7.55832158642
9.3900 2.2474 7.56637949856
9.4000 2.2448 7.5744374107
9.4100 2.2422 7.58249532283
9.4200 2.2397 7.59055323497
9.4300 2.2371 7.59861114711
9.4400 2.2346 7.60666905925
9.4500 2.2321 7.61472697139
9.4600 2.2295 7.62278488353
9.4700 2.2270 7.63084279567
9.4800 2.2245 7.63890070781
9.4900 2.2219 7.64695861995
9.5000 2.2194 7.65501653209
9.5100 2.2169 7.66307444423
9.5200 2.2144 7.67113235636
9.5300 2.2119 7.6791902685
9.5400 2.2094 7.68724818064
9.5500 2.2070 7.69530609278
9.5600 2.2045 7.70336400492
9.5700 2.2020 7.71142191706
9.5800 2.1995 7.7194798292
9.5900 2.1971 7.72753774134
9.6000 2.1946 7.73559565348
9.6100 2.1921 7.74365356562
9.6200 2.1897 7.75171147775
9.6300 2.1872 7.75976938989
9.6400 2.1848 7.76782730203
9.6500 2.1824 7.77588521417
9.6600 2.1799 7.78394312631
9.6700 2.1775 7.79200103845
9.6800 2.1751 7.80005895059
9.6900 2.1727 7.80811686273
9.7000 2.1703 7.81617477487
9.7100 2.1679 7.82423268701
9.7200 2.1655 7.83229059914
9.7300 2.1631 7.84034851128
9.7400 2.1607 7.84840642342
9.7500 2.1583 7.85646433556
9.7600 2.1559 7.8645222477
9.7700 2.1535 7.87258015984
9.7800 2.1512 7.88063807198
9.7900 2.1488 7.88869598412
9.8000 2.1464 7.89675389626
9.8100 2.1441 7.9048118084
9.8200 2.1417 7.91286972054
9.8300 2.1394 7.92092763267
9.8400 2.1370 7.92898554481
9.8500 2.1347 7.93704345695
9.8600 2.1324 7.94510136909
9.8700 2.1300 7.95315928123
9.8800 2.1277 7.96121719337
9.8900 2.1254 7.96927510551
9.9000 2.1231 7.97733301765
9.9100 2.1208 7.98539092979
9.9200 2.1185 7.99344884193
9.9300 2.1162 8.00150675406
9.9400 2.1139 8.0095646662
9.9500 2.1116 8.01762257834
9.9600 2.1093 8.02568049048
9.9700 2.1070 8.03373840262
9.9800 2.1047 8.04179631476
9.9900 2.1025 8.0498542269
10.000 2.1002 8.05791213904
10.100 2.0778 8.13849126043
10.110 2.0755 8.14654917257
10.120 2.0733 8.15460708471
10.130 2.0711 8.16266499685
10.140 2.0689 8.17072290898
10.150 2.0667 8.17878082112
10.160 2.0645 8.18683873326
10.170 2.0623 8.1948966454
10.180 2.0601 8.20295455754
10.190 2.0579 8.21101246968
10.200 2.0558 8.21907038182
10.210 2.0536 8.22712829396
10.220 2.0514 8.2351862061
10.230 2.0492 8.24324411824
10.240 2.0471 8.25130203037
10.250 2.0449 8.25935994251
10.260 2.0428 8.26741785465
10.270 2.0406 8.27547576679
10.280 2.0385 8.28353367893
10.290 2.0363 8.29159159107
10.300 2.0342 8.29964950321
10.310 2.0320 8.30770741535
10.320 2.0299 8.31576532749
10.330 2.0278 8.32382323963
10.340 2.0257 8.33188115177
10.350 2.0236 8.3399390639
10.360 2.0214 8.34799697604
10.370 2.0193 8.35605488818
10.380 2.0172 8.36411280032
10.390 2.0151 8.37217071246
10.400 2.0130 8.3802286246
10.410 2.0109 8.38828653674
10.420 2.0088 8.39634444888
10.430 2.0068 8.40440236102
10.440 2.0047 8.41246027316
10.450 2.0026 8.42051818529
10.460 2.0005 8.42857609743
10.470 1.9984 8.43663400957
10.480 1.9964 8.44469192171
10.490 1.9943 8.45274983385
10.500 1.9923 8.46080774599
10.510 1.9902 8.46886565813
10.520 1.9882 8.47692357027
10.530 1.9861 8.48498148241
10.540 1.9841 8.49303939455
10.550 1.9820 8.50109730669
10.560 1.9800 8.50915521882
10.570 1.9780 8.51721313096
10.580 1.9759 8.5252710431
10.590 1.9739 8.53332895524
10.600 1.9719 8.54138686738
10.610 1.9699 8.54944477952
10.620 1.9679 8.55750269166
10.630 1.9659 8.5655606038
10.640 1.9638 8.57361851594
10.650 1.9618 8.58167642808
10.660 1.9598 8.58973434021
10.670 1.9579 8.59779225235
10.680 1.9559 8.60585016449
10.690 1.9539 8.61390807663
10.700 1.9519 8.62196598877
10.710 1.9499 8.63002390091
10.720 1.9479 8.63808181305
10.730 1.9460 8.64613972519
10.740 1.9440 8.65419763733
10.750 1.9420 8.66225554947
10.760 1.9401 8.6703134616
10.770 1.9381 8.67837137374
10.780 1.9362 8.68642928588
10.790 1.9342 8.69448719802
10.800 1.9323 8.70254511016
10.810 1.9303 8.7106030223
10.820 1.9284 8.71866093444
10.830 1.9265 8.72671884658
10.840 1.9245 8.73477675872
10.850 1.9226 8.74283467086
10.860 1.9207 8.750892583
10.870 1.9187 8.75895049513
10.880 1.9168 8.76700840727
10.890 1.9149 8.77506631941
10.900 1.9130 8.78312423155
10.910 1.9111 8.79118214369
10.920 1.9092 8.79924005583
10.930 1.9073 8.80729796797
10.940 1.9054 8.81535588011
10.950 1.9035 8.82341379225
10.960 1.9016 8.83147170439
10.970 1.8997 8.83952961652
10.980 1.8978 8.84758752866
10.990 1.8960 8.8556454408
11.000 1.8941 8.86370335294
11.010 1.8922 8.87176126508
11.020 1.8903 8.87981917722
11.030 1.8885 8.88787708936
11.040 1.8866 8.8959350015
11.050 1.8848 8.90399291364
11.060 1.8829 8.91205082578
11.070 1.8810 8.92010873792
11.080 1.8792 8.92816665005
11.090 1.8773 8.93622456219
11.100 1.8755 8.94428247433
11.110 1.8737 8.95234038647
11.120 1.8718 8.96039829861
11.130 1.8700 8.96845621075
11.140 1.8682 8.97651412289
11.150 1.8663 8.98457203503
11.160 1.8645 8.99262994717
11.170 1.8627 9.00068785931
11.180 1.8609 9.00874577144
11.190 1.8591 9.01680368358
11.200 1.8573 9.02486159572
11.210 1.8554 9.03291950786
11.220 1.8536 9.04097742
11.230 1.8518 9.04903533214
11.240 1.8500 9.05709324428
11.250 1.8483 9.06515115642
11.260 1.8465 9.07320906856
11.270 1.8447 9.0812669807
11.280 1.8429 9.08932489283
11.290 1.8411 9.09738280497
11.300 1.8393 9.10544071711
11.310 1.8376 9.11349862925
11.320 1.8358 9.12155654139
11.330 1.8340 9.12961445353
11.340 1.8322 9.13767236567
11.350 1.8305 9.14573027781
11.360 1.8287 9.15378818995
11.370 1.8270 9.16184610209
11.380 1.8252 9.16990401423
11.390 1.8235 9.17796192636
11.400 1.8217 9.1860198385
11.410 1.8200 9.19407775064
11.420 1.8182 9.20213566278
11.430 1.8165 9.21019357492
11.440 1.8148 9.21825148706
11.450 1.8130 9.2263093992
11.460 1.8113 9.23436731134
11.470 1.8096 9.24242522348
11.480 1.8078 9.25048313562
11.490 1.8061 9.25854104775
11.500 1.8044 9.26659895989
11.510 1.8027 9.27465687203
11.520 1.8010 9.28271478417
11.530 1.7993 9.29077269631
11.540 1.7976 9.29883060845
11.550 1.7959 9.30688852059
11.560 1.7942 9.31494643273
11.570 1.7925 9.32300434487
11.580 1.7908 9.33106225701
11.590 1.7891 9.33912016915
11.600 1.7874 9.34717808128
11.610 1.7857 9.35523599342
11.620 1.7840 9.36329390556
11.630 1.7823 9.3713518177
11.640 1.7807 9.37940972984
11.650 1.7790 9.38746764198
11.660 1.7773 9.39552555412
11.670 1.7756 9.40358346626
11.680 1.7740 9.4116413784
11.690 1.7723 9.41969929054
11.700 1.7707 9.42775720267
11.710 1.7690 9.43581511481
11.720 1.7673 9.44387302695
11.730 1.7657 9.45193093909
11.740 1.7640 9.45998885123
11.750 1.7624 9.46804676337
11.760 1.7608 9.47610467551
11.770 1.7591 9.48416258765
11.780 1.7575 9.49222049979
11.790 1.7558 9.50027841193
11.800 1.7542 9.50833632406
11.810 1.7526 9.5163942362
11.820 1.7510 9.52445214834
11.830 1.7493 9.53251006048
11.840 1.7477 9.54056797262
11.850 1.7461 9.54862588476
11.860 1.7445 9.5566837969
11.870 1.7429 9.56474170904
11.880 1.7413 9.57279962118
11.890 1.7396 9.58085753332
11.900 1.7380 9.58891544546
11.910 1.7364 9.59697335759
11.920 1.7348 9.60503126973
11.930 1.7332 9.61308918187
11.940 1.7316 9.62114709401
11.950 1.7301 9.62920500615
11.960 1.7285 9.63726291829
11.970 1.7269 9.64532083043
11.980 1.7253 9.65337874257
11.990 1.7237 9.66143665471
12.000 1.7221 9.66949456685
12.010 1.7206 9.67755247898
12.020 1.7190 9.68561039112
12.030 1.7174 9.69366830326
12.040 1.7159 9.7017262154
12.050 1.7143 9.70978412754
12.060 1.7127 9.71784203968
12.070 1.7112 9.72589995182
12.080 1.7096 9.73395786396
12.090 1.7080 9.7420157761
12.100 1.7065 9.75007368824
12.110 1.7049 9.75813160037
12.120 1.7034 9.76618951251
12.130 1.7019 9.77424742465
12.140 1.7003 9.78230533679
12.150 1.6988 9.79036324893
12.160 1.6972 9.79842116107
12.170 1.6957 9.80647907321
12.180 1.6942 9.81453698535
12.190 1.6926 9.82259489749
12.200 1.6911 9.83065280963
12.210 1.6896 9.83871072177
12.220 1.6881 9.8467686339
12.230 1.6865 9.85482654604
12.240 1.6850 9.86288445818
12.250 1.6835 9.87094237032
12.260 1.6820 9.87900028246
12.270 1.6805 9.8870581946
12.280 1.6790 9.89511610674
12.290 1.6775 9.90317401888
12.300 1.6760 9.91123193102
12.310 1.6745 9.91928984316
12.320 1.6730 9.92734775529
12.330 1.6715 9.93540566743
12.340 1.6700 9.94346357957
12.350 1.6685 9.95152149171
12.360 1.6670 9.95957940385
12.370 1.6655 9.96763731599
12.380 1.6640 9.97569522813
12.390 1.6626 9.98375314027
12.400 1.6611 9.99181105241
12.410 1.6596 9.99986896455
12.420 1.6581 10.0079268767
12.430 1.6566 10.0159847888
12.440 1.6552 10.024042701
12.450 1.6537 10.0321006131
12.460 1.6522 10.0401585252
12.470 1.6508 10.0482164374
12.480 1.6493 10.0562743495
12.490 1.6479 10.0643322617
12.500 1.6464 10.0723901738
12.510 1.6450 10.0804480859
12.520 1.6435 10.0885059981
12.530 1.6421 10.0965639102
12.540 1.6406 10.1046218224
12.550 1.6392 10.1126797345
12.560 1.6377 10.1207376466
12.570 1.6363 10.1287955588
12.580 1.6348 10.1368534709
12.590 1.6334 10.144911383
12.600 1.6320 10.1529692952
12.610 1.6306 10.1610272073
12.620 1.6291 10.1690851195
12.630 1.6277 10.1771430316
12.640 1.6263 10.1852009437
12.650 1.6249 10.1932588559
12.660 1.6234 10.201316768
12.670 1.6220 10.2093746802
12.680 1.6206 10.2174325923
12.690 1.6192 10.2254905044
12.700 1.6178 10.2335484166
12.710 1.6164 10.2416063287
12.720 1.6150 10.2496642409
12.730 1.6136 10.257722153
12.740 1.6122 10.2657800651
12.750 1.6108 10.2738379773
12.760 1.6094 10.2818958894
12.770 1.6080 10.2899538016
12.780 1.6066 10.2980117137
12.790 1.6052 10.3060696258
12.800 1.6038 10.314127538
12.810 1.6024 10.3221854501
12.820 1.6010 10.3302433622
12.830 1.5996 10.3383012744
12.840 1.5983 10.3463591865
12.850 1.5969 10.3544170987
12.860 1.5955 10.3624750108
12.870 1.5941 10.3705329229
12.880 1.5928 10.3785908351
12.890 1.5914 10.3866487472
12.900 1.5900 10.3947066594
12.910 1.5887 10.4027645715
12.920 1.5873 10.4108224836
12.930 1.5859 10.4188803958
12.940 1.5846 10.4269383079
12.950 1.5832 10.4349962201
12.960 1.5819 10.4430541322
12.970 1.5805 10.4511120443
12.980 1.5792 10.4591699565
12.990 1.5778 10.4672278686
13.000 1.5765 10.4752857807
13.010 1.5751 10.4833436929
13.020 1.5738 10.491401605
13.030 1.5724 10.4994595172
13.040 1.5711 10.5075174293
13.050 1.5698 10.5155753414
13.060 1.5684 10.5236332536
13.070 1.5671 10.5316911657
13.080 1.5658 10.5397490779
13.090 1.5644 10.54780699
13.100 1.5631 10.5558649021
13.110 1.5618 10.5639228143
13.120 1.5605 10.5719807264
13.130 1.5591 10.5800386386
13.140 1.5578 10.5880965507
13.150 1.5565 10.5961544628
13.160 1.5552 10.604212375
13.170 1.5539 10.6122702871
13.180 1.5526 10.6203281993
13.190 1.5513 10.6283861114
13.200 1.5500 10.6364440235
13.210 1.5486 10.6445019357
13.220 1.5473 10.6525598478
13.230 1.5460 10.6606177599
13.240 1.5447 10.6686756721
13.250 1.5435 10.6767335842
13.260 1.5422 10.6847914964
13.270 1.5409 10.6928494085
13.280 1.5396 10.7009073206
13.290 1.5383 10.7089652328
13.300 1.5370 10.7170231449
13.310 1.5357 10.7250810571
13.320 1.5344 10.7331389692
13.330 1.5331 10.7411968813
13.340 1.5319 10.7492547935
13.350 1.5306 10.7573127056
13.360 1.5293 10.7653706178
13.370 1.5280 10.7734285299
13.380 1.5268 10.781486442
13.390 1.5255 10.7895443542
13.400 1.5242 10.7976022663
13.410 1.5230 10.8056601784
13.420 1.5217 10.8137180906
13.430 1.5204 10.8217760027
13.440 1.5192 10.8298339149
13.450 1.5179 10.837891827
13.460 1.5167 10.8459497391
13.470 1.5154 10.8540076513
13.480 1.5142 10.8620655634
13.490 1.5129 10.8701234756
13.500 1.5116 10.8781813877
13.510 1.5104 10.8862392998
13.520 1.5092 10.894297212
13.530 1.5079 10.9023551241
13.540 1.5067 10.9104130363
13.550 1.5054 10.9184709484
13.560 1.5042 10.9265288605
13.570 1.5030 10.9345867727
13.580 1.5017 10.9426446848
13.590 1.5005 10.950702597
13.600 1.4993 10.9587605091
13.610 1.4980 10.9668184212
13.620 1.4968 10.9748763334
13.630 1.4956 10.9829342455
13.640 1.4943 10.9909921576
13.650 1.4931 10.9990500698
13.660 1.4919 11.0071079819
13.670 1.4907 11.0151658941
13.680 1.4895 11.0232238062
13.690 1.4882 11.0312817183
13.700 1.4870 11.0393396305
13.710 1.4858 11.0473975426
13.720 1.4846 11.0554554548
13.730 1.4834 11.0635133669
13.740 1.4822 11.071571279
13.750 1.4810 11.0796291912
13.760 1.4798 11.0876871033
13.770 1.4786 11.0957450155
13.780 1.4774 11.1038029276
13.790 1.4762 11.1118608397
13.800 1.4750 11.1199187519
13.810 1.4738 11.127976664
13.820 1.4726 11.1360345762
13.830 1.4714 11.1440924883
13.840 1.4702 11.1521504004
13.850 1.4690 11.1602083126
13.860 1.4679 11.1682662247
13.870 1.4667 11.1763241368
13.880 1.4655 11.184382049
13.890 1.4643 11.1924399611
13.900 1.4631 11.2004978733
13.910 1.4619 11.2085557854
13.920 1.4608 11.2166136975
13.930 1.4596 11.2246716097
13.940 1.4584 11.2327295218
13.950 1.4573 11.240787434
13.960 1.4561 11.2488453461
13.970 1.4549 11.2569032582
13.980 1.4537 11.2649611704
13.990 1.4526 11.2730190825
14.000 1.4514 11.2810769947
14.010 1.4503 11.2891349068
14.020 1.4491 11.2971928189
14.030 1.4479 11.3052507311
14.040 1.4468 11.3133086432
14.050 1.4456 11.3213665553
14.060 1.4445 11.3294244675
14.070 1.4433 11.3374823796
14.080 1.4422 11.3455402918
14.090 1.4410 11.3535982039
14.100 1.4399 11.361656116
14.110 1.4387 11.3697140282
14.120 1.4376 11.3777719403
14.130 1.4365 11.3858298525
14.140 1.4353 11.3938877646
14.150 1.4342 11.4019456767
14.160 1.4330 11.4100035889
14.170 1.4319 11.418061501
14.180 1.4308 11.4261194132
14.190 1.4296 11.4341773253
14.200 1.4285 11.4422352374
14.210 1.4274 11.4502931496
14.220 1.4262 11.4583510617
14.230 1.4251 11.4664089739
14.240 1.4240 11.474466886
14.250 1.4229 11.4825247981
14.260 1.4218 11.4905827103
14.270 1.4206 11.4986406224
14.280 1.4195 11.5066985345
14.290 1.4184 11.5147564467
14.300 1.4173 11.5228143588
14.310 1.4162 11.530872271
14.320 1.4151 11.5389301831
14.330 1.4139 11.5469880952
14.340 1.4128 11.5550460074
14.350 1.4117 11.5631039195
14.360 1.4106 11.5711618317
14.370 1.4095 11.5792197438
14.380 1.4084 11.5872776559
14.390 1.4073 11.5953355681
14.400 1.4062 11.6033934802
14.410 1.4051 11.6114513924
14.420 1.4040 11.6195093045
14.430 1.4029 11.6275672166
14.440 1.4018 11.6356251288
14.450 1.4007 11.6436830409
14.460 1.3996 11.651740953
14.470 1.3986 11.6597988652
14.480 1.3975 11.6678567773
14.490 1.3964 11.6759146895
14.500 1.3953 11.6839726016
14.510 1.3942 11.6920305137
14.520 1.3931 11.7000884259
14.530 1.3921 11.708146338
14.540 1.3910 11.7162042502
14.550 1.3899 11.7242621623
14.560 1.3888 11.7323200744
14.570 1.3877 11.7403779866
14.580 1.3867 11.7484358987
14.590 1.3856 11.7564938109
14.600 1.3845 11.764551723
14.610 1.3835 11.7726096351
14.620 1.3824 11.7806675473
14.630 1.3813 11.7887254594
14.640 1.3803 11.7967833716
14.650 1.3792 11.8048412837
14.660 1.3781 11.8128991958
14.670 1.3771 11.820957108
14.680 1.3760 11.8290150201
14.690 1.3750 11.8370729322
14.700 1.3739 11.8451308444
14.710 1.3729 11.8531887565
14.720 1.3718 11.8612466687
14.730 1.3707 11.8693045808
14.740 1.3697 11.8773624929
14.750 1.3686 11.8854204051
14.760 1.3676 11.8934783172
14.770 1.3666 11.9015362294
14.780 1.3655 11.9095941415
14.790 1.3645 11.9176520536
14.800 1.3634 11.9257099658
14.810 1.3624 11.9337678779
14.820 1.3613 11.9418257901
14.830 1.3603 11.9498837022
14.840 1.3593 11.9579416143
14.850 1.3582 11.9659995265
14.860 1.3572 11.9740574386
14.870 1.3562 11.9821153507
14.880 1.3551 11.9901732629
14.890 1.3541 11.998231175
14.900 1.3531 12.0062890872
14.910 1.3521 12.0143469993
14.920 1.3510 12.0224049114
14.930 1.3500 12.0304628236
14.940 1.3490 12.0385207357
14.950 1.3480 12.0465786479
14.960 1.3469 12.05463656
14.970 1.3459 12.0626944721
14.980 1.3449 12.0707523843
14.990 1.3439 12.0788102964
15.000 1.3429 12.0868682086
15.100 1.3328 12.1674473299
15.110 1.3318 12.1755052421
15.120 1.3308 12.1835631542
15.130 1.3298 12.1916210664
15.140 1.3288 12.1996789785
15.150 1.3278 12.2077368906
15.160 1.3268 12.2157948028
15.170 1.3258 12.2238527149
15.180 1.3248 12.2319106271
15.190 1.3238 12.2399685392
15.200 1.3229 12.2480264513
15.210 1.3219 12.2560843635
15.220 1.3209 12.2641422756
15.230 1.3199 12.2722001878
15.240 1.3189 12.2802580999
15.250 1.3179 12.288316012
15.260 1.3170 12.2963739242
15.270 1.3160 12.3044318363
15.280 1.3150 12.3124897485
15.290 1.3140 12.3205476606
15.300 1.3130 12.3286055727
15.310 1.3121 12.3366634849
15.320 1.3111 12.344721397
15.330 1.3101 12.3527793091
15.340 1.3092 12.3608372213
15.350 1.3082 12.3688951334
15.360 1.3072 12.3769530456
15.370 1.3062 12.3850109577
15.380 1.3053 12.3930688698
15.390 1.3043 12.401126782
15.400 1.3034 12.4091846941
15.410 1.3024 12.4172426063
15.420 1.3014 12.4253005184
15.430 1.3005 12.4333584305
15.440 1.2995 12.4414163427
15.450 1.2986 12.4494742548
15.460 1.2976 12.457532167
15.470 1.2966 12.4655900791
15.480 1.2957 12.4736479912
15.490 1.2947 12.4817059034
15.500 1.2938 12.4897638155
15.510 1.2928 12.4978217276
15.520 1.2919 12.5058796398
15.530 1.2909 12.5139375519
15.540 1.2900 12.5219954641
15.550 1.2891 12.5300533762
15.560 1.2881 12.5381112883
15.570 1.2872 12.5461692005
15.580 1.2862 12.5542271126
15.590 1.2853 12.5622850248
15.600 1.2843 12.5703429369
15.610 1.2834 12.578400849
15.620 1.2825 12.5864587612
15.630 1.2815 12.5945166733
15.640 1.2806 12.6025745855
15.650 1.2797 12.6106324976
15.660 1.2787 12.6186904097
15.670 1.2778 12.6267483219
15.680 1.2769 12.634806234
15.690 1.2759 12.6428641462
15.700 1.2750 12.6509220583
15.710 1.2741 12.6589799704
15.720 1.2732 12.6670378826
15.730 1.2722 12.6750957947
15.740 1.2713 12.6831537068
15.750 1.2704 12.691211619
15.760 1.2695 12.6992695311
15.770 1.2686 12.7073274433
15.780 1.2676 12.7153853554
15.790 1.2667 12.7234432675
15.800 1.2658 12.7315011797
15.810 1.2649 12.7395590918
15.820 1.2640 12.747617004
15.830 1.2631 12.7556749161
15.840 1.2622 12.7637328282
15.850 1.2612 12.7717907404
15.860 1.2603 12.7798486525
15.870 1.2594 12.7879065647
15.880 1.2585 12.7959644768
15.890 1.2576 12.8040223889
15.900 1.2567 12.8120803011
15.910 1.2558 12.8201382132
15.920 1.2549 12.8281961253
15.930 1.2540 12.8362540375
15.940 1.2531 12.8443119496
15.950 1.2522 12.8523698618
15.960 1.2513 12.8604277739
15.970 1.2504 12.868485686
15.980 1.2495 12.8765435982
15.990 1.2486 12.8846015103
16.000 1.2477 12.8926594225
16.010 1.2468 12.9007173346
16.020 1.2459 12.9087752467
16.030 1.2451 12.9168331589
16.040 1.2442 12.924891071
16.050 1.2433 12.9329489832
16.060 1.2424 12.9410068953
16.070 1.2415 12.9490648074
16.080 1.2406 12.9571227196
16.090 1.2397 12.9651806317
16.100 1.2389 12.9732385439
16.110 1.2380 12.981296456
16.120 1.2371 12.9893543681
16.130 1.2362 12.9974122803
16.140 1.2353 13.0054701924
16.150 1.2345 13.0135281045
16.160 1.2336 13.0215860167
16.170 1.2327 13.0296439288
16.180 1.2318 13.037701841
16.190 1.2310 13.0457597531
16.200 1.2301 13.0538176652
16.210 1.2292 13.0618755774
16.220 1.2283 13.0699334895
16.230 1.2275 13.0779914017
16.240 1.2266 13.0860493138
16.250 1.2257 13.0941072259
16.260 1.2249 13.1021651381
16.270 1.2240 13.1102230502
16.280 1.2231 13.1182809624
16.290 1.2223 13.1263388745
16.300 1.2214 13.1343967866
16.310 1.2206 13.1424546988
16.320 1.2197 13.1505126109
16.330 1.2188 13.158570523
16.340 1.2180 13.1666284352
16.350 1.2171 13.1746863473
16.360 1.2163 13.1827442595
16.370 1.2154 13.1908021716
16.380 1.2146 13.1988600837
16.390 1.2137 13.2069179959
16.400 1.2129 13.214975908
16.410 1.2120 13.2230338202
16.420 1.2112 13.2310917323
16.430 1.2103 13.2391496444
16.440 1.2095 13.2472075566
16.450 1.2086 13.2552654687
16.460 1.2078 13.2633233809
16.470 1.2069 13.271381293
16.480 1.2061 13.2794392051
16.490 1.2053 13.2874971173
16.500 1.2044 13.2955550294
16.510 1.2036 13.3036129416
16.520 1.2027 13.3116708537
16.530 1.2019 13.3197287658
16.540 1.2011 13.327786678
16.550 1.2002 13.3358445901
16.560 1.1994 13.3439025022
16.570 1.1986 13.3519604144
16.580 1.1977 13.3600183265
16.590 1.1969 13.3680762387
16.600 1.1961 13.3761341508
16.610 1.1952 13.3841920629
16.620 1.1944 13.3922499751
16.630 1.1936 13.4003078872
16.640 1.1927 13.4083657994
16.650 1.1919 13.4164237115
16.660 1.1911 13.4244816236
16.670 1.1903 13.4325395358
16.680 1.1894 13.4405974479
16.690 1.1886 13.4486553601
16.700 1.1878 13.4567132722
16.710 1.1870 13.4647711843
16.720 1.1862 13.4728290965
16.730 1.1853 13.4808870086
16.740 1.1845 13.4889449207
16.750 1.1837 13.4970028329
16.760 1.1829 13.505060745
16.770 1.1821 13.5131186572
16.780 1.1813 13.5211765693
16.790 1.1805 13.5292344814
16.800 1.1796 13.5372923936
16.810 1.1788 13.5453503057
16.820 1.1780 13.5534082179
16.830 1.1772 13.56146613
16.840 1.1764 13.5695240421
16.850 1.1756 13.5775819543
16.860 1.1748 13.5856398664
16.870 1.1740 13.5936977786
16.880 1.1732 13.6017556907
16.890 1.1724 13.6098136028
16.900 1.1716 13.617871515
16.910 1.1708 13.6259294271
16.920 1.1700 13.6339873393
16.930 1.1692 13.6420452514
16.940 1.1684 13.6501031635
16.950 1.1676 13.6581610757
16.960 1.1668 13.6662189878
16.970 1.1660 13.6742768999
16.980 1.1652 13.6823348121
16.990 1.1644 13.6903927242
17.000 1.1636 13.6984506364
17.010 1.1628 13.7065085485
17.020 1.1620 13.7145664606
17.030 1.1612 13.7226243728
17.040 1.1604 13.7306822849
17.050 1.1597 13.7387401971
17.060 1.1589 13.7467981092
17.070 1.1581 13.7548560213
17.080 1.1573 13.7629139335
17.090 1.1565 13.7709718456
17.100 1.1557 13.7790297578
17.110 1.1549 13.7870876699
17.120 1.1542 13.795145582
17.130 1.1534 13.8032034942
17.140 1.1526 13.8112614063
17.150 1.1518 13.8193193185
17.160 1.1510 13.8273772306
17.170 1.1503 13.8354351427
17.180 1.1495 13.8434930549
17.190 1.1487 13.851550967
17.200 1.1479 13.8596088791
17.210 1.1472 13.8676667913
17.220 1.1464 13.8757247034
17.230 1.1456 13.8837826156
17.240 1.1448 13.8918405277
17.250 1.1441 13.8998984398
17.260 1.1433 13.907956352
17.270 1.1425 13.9160142641
17.280 1.1418 13.9240721763
17.290 1.1410 13.9321300884
17.300 1.1402 13.9401880005
17.310 1.1395 13.9482459127
17.320 1.1387 13.9563038248
17.330 1.1379 13.964361737
17.340 1.1372 13.9724196491
17.350 1.1364 13.9804775612
17.360 1.1356 13.9885354734
17.370 1.1349 13.9965933855
17.380 1.1341 14.0046512976
17.390 1.1334 14.0127092098
17.400 1.1326 14.0207671219
17.410 1.1319 14.0288250341
17.420 1.1311 14.0368829462
17.430 1.1303 14.0449408583
17.440 1.1296 14.0529987705
17.450 1.1288 14.0610566826
17.460 1.1281 14.0691145948
17.470 1.1273 14.0771725069
17.480 1.1266 14.085230419
17.490 1.1258 14.0932883312
17.500 1.1251 14.1013462433
17.510 1.1243 14.1094041555
17.520 1.1236 14.1174620676
17.530 1.1228 14.1255199797
17.540 1.1221 14.1335778919
17.550 1.1213 14.141635804
17.560 1.1206 14.1496937162
17.570 1.1199 14.1577516283
17.580 1.1191 14.1658095404
17.590 1.1184 14.1738674526
17.600 1.1176 14.1819253647
17.610 1.1169 14.1899832768
17.620 1.1162 14.198041189
17.630 1.1154 14.2060991011
17.640 1.1147 14.2141570133
17.650 1.1139 14.2222149254
17.660 1.1132 14.2302728375
17.670 1.1125 14.2383307497
17.680 1.1117 14.2463886618
17.690 1.1110 14.254446574
17.700 1.1103 14.2625044861
17.710 1.1095 14.2705623982
17.720 1.1088 14.2786203104
17.730 1.1081 14.2866782225
17.740 1.1073 14.2947361347
17.750 1.1066 14.3027940468
17.760 1.1059 14.3108519589
17.770 1.1052 14.3189098711
17.780 1.1044 14.3269677832
17.790 1.1037 14.3350256953
17.800 1.1030 14.3430836075
17.810 1.1023 14.3511415196
17.820 1.1015 14.3591994318
17.830 1.1008 14.3672573439
17.840 1.1001 14.375315256
17.850 1.0994 14.3833731682
17.860 1.0987 14.3914310803
17.870 1.0979 14.3994889925
17.880 1.0972 14.4075469046
17.890 1.0965 14.4156048167
17.900 1.0958 14.4236627289
17.910 1.0951 14.431720641
17.920 1.0944 14.4397785532
17.930 1.0936 14.4478364653
17.940 1.0929 14.4558943774
17.950 1.0922 14.4639522896
17.960 1.0915 14.4720102017
17.970 1.0908 14.4800681139
17.980 1.0901 14.488126026
17.990 1.0894 14.4961839381
18.000 1.0887 14.5042418503
18.010 1.0880 14.5122997624
18.020 1.0872 14.5203576745
18.030 1.0865 14.5284155867
18.040 1.0858 14.5364734988
18.050 1.0851 14.544531411
18.060 1.0844 14.5525893231
18.070 1.0837 14.5606472352
18.080 1.0830 14.5687051474
18.090 1.0823 14.5767630595
18.100 1.0816 14.5848209717
18.110 1.0809 14.5928788838
18.120 1.0802 14.6009367959
18.130 1.0795 14.6089947081
18.140 1.0788 14.6170526202
18.150 1.0781 14.6251105324
18.160 1.0774 14.6331684445
18.170 1.0767 14.6412263566
18.180 1.0760 14.6492842688
18.190 1.0753 14.6573421809
18.200 1.0746 14.665400093
18.210 1.0739 14.6734580052
18.220 1.0733 14.6815159173
18.230 1.0726 14.6895738295
18.240 1.0719 14.6976317416
18.250 1.0712 14.7056896537
18.260 1.0705 14.7137475659
18.270 1.0698 14.721805478
18.280 1.0691 14.7298633902
18.290 1.0684 14.7379213023
18.300 1.0677 14.7459792144
18.310 1.0671 14.7540371266
18.320 1.0664 14.7620950387
18.330 1.0657 14.7701529509
18.340 1.0650 14.778210863
18.350 1.0643 14.7862687751
18.360 1.0636 14.7943266873
18.370 1.0630 14.8023845994
18.380 1.0623 14.8104425116
18.390 1.0616 14.8185004237
18.400 1.0609 14.8265583358
18.410 1.0602 14.834616248
18.420 1.0596 14.8426741601
18.430 1.0589 14.8507320722
18.440 1.0582 14.8587899844
18.450 1.0575 14.8668478965
18.460 1.0569 14.8749058087
18.470 1.0562 14.8829637208
18.480 1.0555 14.8910216329
18.490 1.0548 14.8990795451
18.500 1.0542 14.9071374572
18.510 1.0535 14.9151953694
18.520 1.0528 14.9232532815
18.530 1.0521 14.9313111936
18.540 1.0515 14.9393691058
18.550 1.0508 14.9474270179
18.560 1.0501 14.9554849301
18.570 1.0495 14.9635428422
18.580 1.0488 14.9716007543
18.590 1.0481 14.9796586665
18.600 1.0475 14.9877165786
18.610 1.0468 14.9957744907
18.620 1.0461 15.0038324029
18.630 1.0455 15.011890315
18.640 1.0448 15.0199482272
18.650 1.0442 15.0280061393
18.660 1.0435 15.0360640514
18.670 1.0428 15.0441219636
18.680 1.0422 15.0521798757
18.690 1.0415 15.0602377879
18.700 1.0409 15.0682957
18.710 1.0402 15.0763536121
18.720 1.0395 15.0844115243
18.730 1.0389 15.0924694364
18.740 1.0382 15.1005273486
18.750 1.0376 15.1085852607
18.760 1.0369 15.1166431728
18.770 1.0363 15.124701085
18.780 1.0356 15.1327589971
18.790 1.0350 15.1408169093
18.800 1.0343 15.1488748214
18.810 1.0337 15.1569327335
18.820 1.0330 15.1649906457
18.830 1.0324 15.1730485578
18.840 1.0317 15.1811064699
18.850 1.0311 15.1891643821
18.860 1.0304 15.1972222942
18.870 1.0298 15.2052802064
18.880 1.0291 15.2133381185
18.890 1.0285 15.2213960306
18.900 1.0278 15.2294539428
18.910 1.0272 15.2375118549
18.920 1.0266 15.2455697671
18.930 1.0259 15.2536276792
18.940 1.0253 15.2616855913
18.950 1.0246 15.2697435035
18.960 1.0240 15.2778014156
18.970 1.0233 15.2858593278
18.980 1.0227 15.2939172399
18.990 1.0221 15.301975152
19.000 1.0214 15.3100330642
19.010 1.0208 15.3180909763
19.020 1.0202 15.3261488885
19.030 1.0195 15.3342068006
19.040 1.0189 15.3422647127
19.050 1.0183 15.3503226249
19.060 1.0176 15.358380537
19.070 1.0170 15.3664384491
19.080 1.0164 15.3744963613
19.090 1.0157 15.3825542734
19.100 1.0151 15.3906121856
19.110 1.0145 15.3986700977
19.120 1.0138 15.4067280098
19.130 1.0132 15.414785922
19.140 1.0126 15.4228438341
19.150 1.0119 15.4309017463
19.160 1.0113 15.4389596584
19.170 1.0107 15.4470175705
19.180 1.0101 15.4550754827
19.190 1.0094 15.4631333948
19.200 1.0088 15.471191307
19.210 1.0082 15.4792492191
19.220 1.0076 15.4873071312
19.230 1.0069 15.4953650434
19.240 1.0063 15.5034229555
19.250 1.0057 15.5114808676
19.260 1.0051 15.5195387798
19.270 1.0044 15.5275966919
19.280 1.0038 15.5356546041
19.290 1.0032 15.5437125162
19.300 1.0026 15.5517704283
19.310 1.0020 15.5598283405
19.320 1.0014 15.5678862526
19.330 1.0007 15.5759441648
19.340 1.0001 15.5840020769
19.350 0.99950 15.592059989
19.360 0.99889 15.6001179012
19.370 0.99827 15.6081758133
19.380 0.99766 15.6162337255
19.390 0.99705 15.6242916376
19.400 0.99643 15.6323495497
19.410 0.99582 15.6404074619
19.420 0.99521 15.648465374
19.430 0.99460 15.6565232862
19.440 0.99399 15.6645811983
19.450 0.99338 15.6726391104
19.460 0.99277 15.6806970226
19.470 0.99216 15.6887549347
19.480 0.99155 15.6968128468
19.490 0.99095 15.704870759
19.500 0.99034 15.7129286711
19.510 0.98973 15.7209865833
19.520 0.98913 15.7290444954
19.530 0.98852 15.7371024075
19.540 0.98792 15.7451603197
19.550 0.98732 15.7532182318
19.560 0.98671 15.761276144
19.570 0.98611 15.7693340561
19.580 0.98551 15.7773919682
19.590 0.98491 15.7854498804
19.600 0.98431 15.7935077925
19.610 0.98371 15.8015657047
19.620 0.98311 15.8096236168
19.630 0.98251 15.8176815289
19.640 0.98191 15.8257394411
19.650 0.98131 15.8337973532
19.660 0.98072 15.8418552653
19.670 0.98012 15.8499131775
19.680 0.97952 15.8579710896
19.690 0.97893 15.8660290018
19.700 0.97833 15.8740869139
19.710 0.97774 15.882144826
19.720 0.97715 15.8902027382
19.730 0.97655 15.8982606503
19.740 0.97596 15.9063185625
19.750 0.97537 15.9143764746
19.760 0.97478 15.9224343867
19.770 0.97419 15.9304922989
19.780 0.97360 15.938550211
19.790 0.97301 15.9466081232
19.800 0.97242 15.9546660353
19.810 0.97183 15.9627239474
19.820 0.97124 15.9707818596
19.830 0.97065 15.9788397717
19.840 0.97007 15.9868976839
19.850 0.96948 15.994955596
19.860 0.96890 16.0030135081
19.870 0.96831 16.0110714203
19.880 0.96773 16.0191293324
19.890 0.96714 16.0271872445
19.900 0.96656 16.0352451567
19.910 0.96598 16.0433030688
19.920 0.96540 16.051360981
19.930 0.96481 16.0594188931
19.940 0.96423 16.0674768052
19.950 0.96365 16.0755347174
19.960 0.96307 16.0835926295
19.970 0.96249 16.0916505417
19.980 0.96191 16.0997084538
19.990 0.96134 16.1077663659
20.000 0.96076 16.1158242781
20.100 0.95501 16.1964033995
20.110 0.95444 16.2044613116
20.120 0.95387 16.2125192237
20.130 0.95330 16.2205771359
20.140 0.95273 16.228635048
20.150 0.95216 16.2366929602
20.160 0.95159 16.2447508723
20.170 0.95103 16.2528087844
20.180 0.95046 16.2608666966
20.190 0.94989 16.2689246087
20.200 0.94932 16.2769825209
20.210 0.94876 16.285040433
20.220 0.94819 16.2930983451
20.230 0.94763 16.3011562573
20.240 0.94706 16.3092141694
20.250 0.94650 16.3172720816
20.260 0.94594 16.3253299937
20.270 0.94537 16.3333879058
20.280 0.94481 16.341445818
20.290 0.94425 16.3495037301
20.300 0.94369 16.3575616422
20.310 0.94313 16.3656195544
20.320 0.94257 16.3736774665
20.330 0.94201 16.3817353787
20.340 0.94145 16.3897932908
20.350 0.94089 16.3978512029
20.360 0.94033 16.4059091151
20.370 0.93978 16.4139670272
20.380 0.93922 16.4220249394
20.390 0.93866 16.4300828515
20.400 0.93811 16.4381407636
20.410 0.93755 16.4461986758
20.420 0.93700 16.4542565879
20.430 0.93644 16.4623145001
20.440 0.93589 16.4703724122
20.450 0.93534 16.4784303243
20.460 0.93478 16.4864882365
20.470 0.93423 16.4945461486
20.480 0.93368 16.5026040607
20.490 0.93313 16.5106619729
20.500 0.93258 16.518719885
20.510 0.93203 16.5267777972
20.520 0.93148 16.5348357093
20.530 0.93093 16.5428936214
20.540 0.93038 16.5509515336
20.550 0.92983 16.5590094457
20.560 0.92928 16.5670673579
20.570 0.92874 16.57512527
20.580 0.92819 16.5831831821
20.590 0.92764 16.5912410943
20.600 0.92710 16.5992990064
20.610 0.92655 16.6073569186
20.620 0.92601 16.6154148307
20.630 0.92547 16.6234727428
20.640 0.92492 16.631530655
20.650 0.92438 16.6395885671
20.660 0.92384 16.6476464793
20.670 0.92330 16.6557043914
20.680 0.92275 16.6637623035
20.690 0.92221 16.6718202157
20.700 0.92167 16.6798781278
20.710 0.92113 16.6879360399
20.720 0.92059 16.6959939521
20.730 0.92005 16.7040518642
20.740 0.91952 16.7121097764
20.750 0.91898 16.7201676885
20.760 0.91844 16.7282256006
20.770 0.91790 16.7362835128
20.780 0.91737 16.7443414249
20.790 0.91683 16.7523993371
20.800 0.91630 16.7604572492
20.810 0.91576 16.7685151613
20.820 0.91523 16.7765730735
20.830 0.91469 16.7846309856
20.840 0.91416 16.7926888978
20.850 0.91363 16.8007468099
20.860 0.91309 16.808804722
20.870 0.91256 16.8168626342
20.880 0.91203 16.8249205463
20.890 0.91150 16.8329784585
20.900 0.91097 16.8410363706
20.910 0.91044 16.8490942827
20.920 0.90991 16.8571521949
20.930 0.90938 16.865210107
20.940 0.90885 16.8732680191
20.950 0.90832 16.8813259313
20.960 0.90780 16.8893838434
20.970 0.90727 16.8974417556
20.980 0.90674 16.9054996677
20.990 0.90622 16.9135575798
21.000 0.90569 16.921615492
21.010 0.90517 16.9296734041
21.020 0.90464 16.9377313163
21.030 0.90412 16.9457892284
21.040 0.90359 16.9538471405
21.050 0.90307 16.9619050527
21.060 0.90255 16.9699629648
21.070 0.90203 16.978020877
21.080 0.90150 16.9860787891
21.090 0.90098 16.9941367012
21.100 0.90046 17.0021946134
21.110 0.89994 17.0102525255
21.120 0.89942 17.0183104376
21.130 0.89890 17.0263683498
21.140 0.89838 17.0344262619
21.150 0.89787 17.0424841741
21.160 0.89735 17.0505420862
21.170 0.89683 17.0585999983
21.180 0.89631 17.0666579105
21.190 0.89580 17.0747158226
21.200 0.89528 17.0827737348
21.210 0.89477 17.0908316469
21.220 0.89425 17.098889559
21.230 0.89374 17.1069474712
21.240 0.89322 17.1150053833
21.250 0.89271 17.1230632955
21.260 0.89219 17.1311212076
21.270 0.89168 17.1391791197
21.280 0.89117 17.1472370319
21.290 0.89066 17.155294944
21.300 0.89015 17.1633528562
21.310 0.88963 17.1714107683
21.320 0.88912 17.1794686804
21.330 0.88861 17.1875265926
21.340 0.88810 17.1955845047
21.350 0.88760 17.2036424168
21.360 0.88709 17.211700329
21.370 0.88658 17.2197582411
21.380 0.88607 17.2278161533
21.390 0.88556 17.2358740654
21.400 0.88506 17.2439319775
21.410 0.88455 17.2519898897
21.420 0.88404 17.2600478018
21.430 0.88354 17.268105714
21.440 0.88303 17.2761636261
21.450 0.88253 17.2842215382
21.460 0.88203 17.2922794504
21.470 0.88152 17.3003373625
21.480 0.88102 17.3083952747
21.490 0.88052 17.3164531868
21.500 0.88001 17.3245110989
21.510 0.87951 17.3325690111
21.520 0.87901 17.3406269232
21.530 0.87851 17.3486848353
21.540 0.87801 17.3567427475
21.550 0.87751 17.3648006596
21.560 0.87701 17.3728585718
21.570 0.87651 17.3809164839
21.580 0.87601 17.388974396
21.590 0.87551 17.3970323082
21.600 0.87501 17.4050902203
21.610 0.87452 17.4131481325
21.620 0.87402 17.4212060446
21.630 0.87352 17.4292639567
21.640 0.87303 17.4373218689
21.650 0.87253 17.445379781
21.660 0.87204 17.4534376932
21.670 0.87154 17.4614956053
21.680 0.87105 17.4695535174
21.690 0.87055 17.4776114296
21.700 0.87006 17.4856693417
21.710 0.86957 17.4937272539
21.720 0.86907 17.501785166
21.730 0.86858 17.5098430781
21.740 0.86809 17.5179009903
21.750 0.86760 17.5259589024
21.760 0.86711 17.5340168145
21.770 0.86662 17.5420747267
21.780 0.86613 17.5501326388
21.790 0.86564 17.558190551
21.800 0.86515 17.5662484631
21.810 0.86466 17.5743063752
21.820 0.86417 17.5823642874
21.830 0.86368 17.5904221995
21.840 0.86320 17.5984801117
21.850 0.86271 17.6065380238
21.860 0.86222 17.6145959359
21.870 0.86174 17.6226538481
21.880 0.86125 17.6307117602
21.890 0.86077 17.6387696724
21.900 0.86028 17.6468275845
21.910 0.85980 17.6548854966
21.920 0.85931 17.6629434088
21.930 0.85883 17.6710013209
21.940 0.85835 17.679059233
21.950 0.85786 17.6871171452
21.960 0.85738 17.6951750573
21.970 0.85690 17.7032329695
21.980 0.85642 17.7112908816
21.990 0.85594 17.7193487937
22.000 0.85546 17.7274067059
22.010 0.85498 17.735464618
22.020 0.85450 17.7435225302
22.030 0.85402 17.7515804423
22.040 0.85354 17.7596383544
22.050 0.85306 17.7676962666
22.060 0.85258 17.7757541787
22.070 0.85210 17.7838120909
22.080 0.85163 17.791870003
22.090 0.85115 17.7999279151
22.100 0.85067 17.8079858273
22.110 0.85020 17.8160437394
22.120 0.84972 17.8241016516
22.130 0.84925 17.8321595637
22.140 0.84877 17.8402174758
22.150 0.84830 17.848275388
22.160 0.84782 17.8563333001
22.170 0.84735 17.8643912122
22.180 0.84688 17.8724491244
22.190 0.84640 17.8805070365
22.200 0.84593 17.8885649487
22.210 0.84546 17.8966228608
22.220 0.84499 17.9046807729
22.230 0.84452 17.9127386851
22.240 0.84404 17.9207965972
22.250 0.84357 17.9288545094
22.260 0.84310 17.9369124215
22.270 0.84264 17.9449703336
22.280 0.84217 17.9530282458
22.290 0.84170 17.9610861579
22.300 0.84123 17.9691440701
22.310 0.84076 17.9772019822
22.320 0.84029 17.9852598943
22.330 0.83983 17.9933178065
22.340 0.83936 18.0013757186
22.350 0.83889 18.0094336307
22.360 0.83843 18.0174915429
22.370 0.83796 18.025549455
22.380 0.83750 18.0336073672
22.390 0.83703 18.0416652793
22.400 0.83657 18.0497231914
22.410 0.83610 18.0577811036
22.420 0.83564 18.0658390157
22.430 0.83518 18.0738969279
22.440 0.83471 18.08195484
22.450 0.83425 18.0900127521
22.460 0.83379 18.0980706643
22.470 0.83333 18.1061285764
22.480 0.83287 18.1141864886
22.490 0.83241 18.1222444007
22.500 0.83195 18.1303023128
22.510 0.83149 18.138360225
22.520 0.83103 18.1464181371
22.530 0.83057 18.1544760493
22.540 0.83011 18.1625339614
22.550 0.82965 18.1705918735
22.560 0.82919 18.1786497857
22.570 0.82873 18.1867076978
22.580 0.82828 18.1947656099
22.590 0.82782 18.2028235221
22.600 0.82736 18.2108814342
22.610 0.82691 18.2189393464
22.620 0.82645 18.2269972585
22.630 0.82599 18.2350551706
22.640 0.82554 18.2431130828
22.650 0.82509 18.2511709949
22.660 0.82463 18.2592289071
22.670 0.82418 18.2672868192
22.680 0.82372 18.2753447313
22.690 0.82327 18.2834026435
22.700 0.82282 18.2914605556
22.710 0.82237 18.2995184678
22.720 0.82191 18.3075763799
22.730 0.82146 18.315634292
22.740 0.82101 18.3236922042
22.750 0.82056 18.3317501163
22.760 0.82011 18.3398080285
22.770 0.81966 18.3478659406
22.780 0.81921 18.3559238527
22.790 0.81876 18.3639817649
22.800 0.81831 18.372039677
22.810 0.81786 18.3800975891
22.820 0.81741 18.3881555013
22.830 0.81697 18.3962134134
22.840 0.81652 18.4042713256
22.850 0.81607 18.4123292377
22.860 0.81563 18.4203871498
22.870 0.81518 18.428445062
22.880 0.81473 18.4365029741
22.890 0.81429 18.4445608863
22.900 0.81384 18.4526187984
22.910 0.81340 18.4606767105
22.920 0.81295 18.4687346227
22.930 0.81251 18.4767925348
22.940 0.81207 18.484850447
22.950 0.81162 18.4929083591
22.960 0.81118 18.5009662712
22.970 0.81074 18.5090241834
22.980 0.81029 18.5170820955
22.990 0.80985 18.5251400076
23.000 0.80941 18.5331979198
23.010 0.80897 18.5412558319
23.020 0.80853 18.5493137441
23.030 0.80809 18.5573716562
23.040 0.80765 18.5654295683
23.050 0.80721 18.5734874805
23.060 0.80677 18.5815453926
23.070 0.80633 18.5896033048
23.080 0.80589 18.5976612169
23.090 0.80545 18.605719129
23.100 0.80501 18.6137770412
23.110 0.80458 18.6218349533
23.120 0.80414 18.6298928655
23.130 0.80370 18.6379507776
23.140 0.80327 18.6460086897
23.150 0.80283 18.6540666019
23.160 0.80239 18.662124514
23.170 0.80196 18.6701824262
23.180 0.80152 18.6782403383
23.190 0.80109 18.6862982504
23.200 0.80066 18.6943561626
23.210 0.80022 18.7024140747
23.220 0.79979 18.7104719868
23.230 0.79935 18.718529899
23.240 0.79892 18.7265878111
23.250 0.79849 18.7346457233
23.260 0.79806 18.7427036354
23.270 0.79762 18.7507615475
23.280 0.79719 18.7588194597
23.290 0.79676 18.7668773718
23.300 0.79633 18.774935284
23.310 0.79590 18.7829931961
23.320 0.79547 18.7910511082
23.330 0.79504 18.7991090204
23.340 0.79461 18.8071669325
23.350 0.79418 18.8152248447
23.360 0.79375 18.8232827568
23.370 0.79333 18.8313406689
23.380 0.79290 18.8393985811
23.390 0.79247 18.8474564932
23.400 0.79204 18.8555144053
23.410 0.79162 18.8635723175
23.420 0.79119 18.8716302296
23.430 0.79076 18.8796881418
23.440 0.79034 18.8877460539
23.450 0.78991 18.895803966
23.460 0.78949 18.9038618782
23.470 0.78906 18.9119197903
23.480 0.78864 18.9199777025
23.490 0.78821 18.9280356146
23.500 0.78779 18.9360935267
23.510 0.78736 18.9441514389
23.520 0.78694 18.952209351
23.530 0.78652 18.9602672632
23.540 0.78610 18.9683251753
23.550 0.78567 18.9763830874
23.560 0.78525 18.9844409996
23.570 0.78483 18.9924989117
23.580 0.78441 19.0005568239
23.590 0.78399 19.008614736
23.600 0.78357 19.0166726481
23.610 0.78315 19.0247305603
23.620 0.78273 19.0327884724
23.630 0.78231 19.0408463845
23.640 0.78189 19.0489042967
23.650 0.78147 19.0569622088
23.660 0.78105 19.065020121
23.670 0.78063 19.0730780331
23.680 0.78022 19.0811359452
23.690 0.77980 19.0891938574
23.700 0.77938 19.0972517695
23.710 0.77896 19.1053096817
23.720 0.77855 19.1133675938
23.730 0.77813 19.1214255059
23.740 0.77772 19.1294834181
23.750 0.77730 19.1375413302
23.760 0.77688 19.1455992424
23.770 0.77647 19.1536571545
23.780 0.77606 19.1617150666
23.790 0.77564 19.1697729788
23.800 0.77523 19.1778308909
23.810 0.77481 19.185888803
23.820 0.77440 19.1939467152
23.830 0.77399 19.2020046273
23.840 0.77357 19.2100625395
23.850 0.77316 19.2181204516
23.860 0.77275 19.2261783637
23.870 0.77234 19.2342362759
23.880 0.77193 19.242294188
23.890 0.77152 19.2503521002
23.900 0.77111 19.2584100123
23.910 0.77070 19.2664679244
23.920 0.77029 19.2745258366
23.930 0.76988 19.2825837487
23.940 0.76947 19.2906416609
23.950 0.76906 19.298699573
23.960 0.76865 19.3067574851
23.970 0.76824 19.3148153973
23.980 0.76783 19.3228733094
23.990 0.76743 19.3309312216
24.000 0.76702 19.3389891337
24.010 0.76661 19.3470470458
24.020 0.76620 19.355104958
24.030 0.76580 19.3631628701
24.040 0.76539 19.3712207822
24.050 0.76499 19.3792786944
24.060 0.76458 19.3873366065
24.070 0.76418 19.3953945187
24.080 0.76377 19.4034524308
24.090 0.76337 19.4115103429
24.100 0.76296 19.4195682551
24.110 0.76256 19.4276261672
24.120 0.76215 19.4356840794
24.130 0.76175 19.4437419915
24.140 0.76135 19.4517999036
24.150 0.76095 19.4598578158
24.160 0.76054 19.4679157279
24.170 0.76014 19.4759736401
24.180 0.75974 19.4840315522
24.190 0.75934 19.4920894643
24.200 0.75894 19.5001473765
24.210 0.75854 19.5082052886
24.220 0.75814 19.5162632007
24.230 0.75774 19.5243211129
24.240 0.75734 19.532379025
24.250 0.75694 19.5404369372
24.260 0.75654 19.5484948493
24.270 0.75614 19.5565527614
24.280 0.75574 19.5646106736
24.290 0.75534 19.5726685857
24.300 0.75494 19.5807264979
24.310 0.75455 19.58878441
24.320 0.75415 19.5968423221
24.330 0.75375 19.6049002343
24.340 0.75336 19.6129581464
24.350 0.75296 19.6210160586
24.360 0.75256 19.6290739707
24.370 0.75217 19.6371318828
24.380 0.75177 19.645189795
24.390 0.75138 19.6532477071
24.400 0.75098 19.6613056193
24.410 0.75059 19.6693635314
24.420 0.75019 19.6774214435
24.430 0.74980 19.6854793557
24.440 0.74940 19.6935372678
24.450 0.74901 19.7015951799
24.460 0.74862 19.7096530921
24.470 0.74823 19.7177110042
24.480 0.74783 19.7257689164
24.490 0.74744 19.7338268285
24.500 0.74705 19.7418847406
24.510 0.74666 19.7499426528
24.520 0.74627 19.7580005649
24.530 0.74587 19.7660584771
24.540 0.74548 19.7741163892
24.550 0.74509 19.7821743013
24.560 0.74470 19.7902322135
24.570 0.74431 19.7982901256
24.580 0.74392 19.8063480378
24.590 0.74354 19.8144059499
24.600 0.74315 19.822463862
24.610 0.74276 19.8305217742
24.620 0.74237 19.8385796863
24.630 0.74198 19.8466375985
24.640 0.74159 19.8546955106
24.650 0.74121 19.8627534227
24.660 0.74082 19.8708113349
24.670 0.74043 19.878869247
24.680 0.74005 19.8869271591
24.690 0.73966 19.8949850713
24.700 0.73927 19.9030429834
24.710 0.73889 19.9111008956
24.720 0.73850 19.9191588077
24.730 0.73812 19.9272167198
24.740 0.73773 19.935274632
24.750 0.73735 19.9433325441
24.760 0.73696 19.9513904563
24.770 0.73658 19.9594483684
24.780 0.73620 19.9675062805
24.790 0.73581 19.9755641927
24.800 0.73543 19.9836221048
24.810 0.73505 19.991680017
24.820 0.73466 19.9997379291
24.830 0.73428 20.0077958412
24.840 0.73390 20.0158537534
24.850 0.73352 20.0239116655
24.860 0.73314 20.0319695776
24.870 0.73276 20.0400274898
24.880 0.73238 20.0480854019
24.890 0.73200 20.0561433141
24.900 0.73161 20.0642012262
24.910 0.73124 20.0722591383
24.920 0.73086 20.0803170505
24.930 0.73048 20.0883749626
24.940 0.73010 20.0964328748
24.950 0.72972 20.1044907869
24.960 0.72934 20.112548699
24.970 0.72896 20.1206066112
24.980 0.72858 20.1286645233
24.990 0.72821 20.1367224355
25.000 0.72783 20.1447803476
25.100 0.72407 20.225359469
25.110 0.72370 20.2334173811
25.120 0.72332 20.2414752933
25.130 0.72295 20.2495332054
25.140 0.72258 20.2575911175
25.150 0.72220 20.2656490297
25.160 0.72183 20.2737069418
25.170 0.72146 20.281764854
25.180 0.72108 20.2898227661
25.190 0.72071 20.2978806782
25.200 0.72034 20.3059385904
25.210 0.71997 20.3139965025
25.220 0.71960 20.3220544147
25.230 0.71923 20.3301123268
25.240 0.71886 20.3381702389
25.250 0.71849 20.3462281511
25.260 0.71812 20.3542860632
25.270 0.71775 20.3623439753
25.280 0.71738 20.3704018875
25.290 0.71701 20.3784597996
25.300 0.71664 20.3865177118
25.310 0.71627 20.3945756239
25.320 0.71590 20.402633536
25.330 0.71553 20.4106914482
25.340 0.71516 20.4187493603
25.350 0.71480 20.4268072725
25.360 0.71443 20.4348651846
25.370 0.71406 20.4429230967
25.380 0.71369 20.4509810089
25.390 0.71333 20.459038921
25.400 0.71296 20.4670968332
25.410 0.71260 20.4751547453
25.420 0.71223 20.4832126574
25.430 0.71186 20.4912705696
25.440 0.71150 20.4993284817
25.450 0.71113 20.5073863939
25.460 0.71077 20.515444306
25.470 0.71040 20.5235022181
25.480 0.71004 20.5315601303
25.490 0.70968 20.5396180424
25.500 0.70931 20.5476759545
25.510 0.70895 20.5557338667
25.520 0.70859 20.5637917788
25.530 0.70822 20.571849691
25.540 0.70786 20.5799076031
25.550 0.70750 20.5879655152
25.560 0.70714 20.5960234274
25.570 0.70677 20.6040813395
25.580 0.70641 20.6121392517
25.590 0.70605 20.6201971638
25.600 0.70569 20.6282550759
25.610 0.70533 20.6363129881
25.620 0.70497 20.6443709002
25.630 0.70461 20.6524288124
25.640 0.70425 20.6604867245
25.650 0.70389 20.6685446366
25.660 0.70353 20.6766025488
25.670 0.70317 20.6846604609
25.680 0.70281 20.692718373
25.690 0.70245 20.7007762852
25.700 0.70209 20.7088341973
25.710 0.70174 20.7168921095
25.720 0.70138 20.7249500216
25.730 0.70102 20.7330079337
25.740 0.70066 20.7410658459
25.750 0.70031 20.749123758
25.760 0.69995 20.7571816702
25.770 0.69959 20.7652395823
25.780 0.69924 20.7732974944
25.790 0.69888 20.7813554066
25.800 0.69852 20.7894133187
25.810 0.69817 20.7974712309
25.820 0.69781 20.805529143
25.830 0.69746 20.8135870551
25.840 0.69710 20.8216449673
25.850 0.69675 20.8297028794
25.860 0.69639 20.8377607916
25.870 0.69604 20.8458187037
25.880 0.69568 20.8538766158
25.890 0.69533 20.861934528
25.900 0.69498 20.8699924401
25.910 0.69462 20.8780503522
25.920 0.69427 20.8861082644
25.930 0.69392 20.8941661765
25.940 0.69357 20.9022240887
25.950 0.69321 20.9102820008
25.960 0.69286 20.9183399129
25.970 0.69251 20.9263978251
25.980 0.69216 20.9344557372
25.990 0.69181 20.9425136494
26.000 0.69146 20.9505715615
26.010 0.69111 20.9586294736
26.020 0.69076 20.9666873858
26.030 0.69041 20.9747452979
26.040 0.69006 20.9828032101
26.050 0.68971 20.9908611222
26.060 0.68936 20.9989190343
26.070 0.68901 21.0069769465
26.080 0.68866 21.0150348586
26.090 0.68831 21.0230927708
26.100 0.68796 21.0311506829
26.110 0.68761 21.039208595
26.120 0.68727 21.0472665072
26.130 0.68692 21.0553244193
26.140 0.68657 21.0633823314
26.150 0.68622 21.0714402436
26.160 0.68588 21.0794981557
26.170 0.68553 21.0875560679
26.180 0.68518 21.09561398
26.190 0.68484 21.1036718921
26.200 0.68449 21.1117298043
26.210 0.68415 21.1197877164
26.220 0.68380 21.1278456286
26.230 0.68346 21.1359035407
26.240 0.68311 21.1439614528
26.250 0.68277 21.152019365
26.260 0.68242 21.1600772771
26.270 0.68208 21.1681351893
26.280 0.68173 21.1761931014
26.290 0.68139 21.1842510135
26.300 0.68105 21.1923089257
26.310 0.68070 21.2003668378
26.320 0.68036 21.2084247499
26.330 0.68002 21.2164826621
26.340 0.67967 21.2245405742
26.350 0.67933 21.2325984864
26.360 0.67899 21.2406563985
26.370 0.67865 21.2487143106
26.380 0.67831 21.2567722228
26.390 0.67796 21.2648301349
26.400 0.67762 21.2728880471
26.410 0.67728 21.2809459592
26.420 0.67694 21.2890038713
26.430 0.67660 21.2970617835
26.440 0.67626 21.3051196956
26.450 0.67592 21.3131776078
26.460 0.67558 21.3212355199
26.470 0.67524 21.329293432
26.480 0.67490 21.3373513442
26.490 0.67456 21.3454092563
26.500 0.67423 21.3534671685
26.510 0.67389 21.3615250806
26.520 0.67355 21.3695829927
26.530 0.67321 21.3776409049
26.540 0.67287 21.385698817
26.550 0.67253 21.3937567291
26.560 0.67220 21.4018146413
26.570 0.67186 21.4098725534
26.580 0.67152 21.4179304656
26.590 0.67119 21.4259883777
26.600 0.67085 21.4340462898
26.610 0.67051 21.442104202
26.620 0.67018 21.4501621141
26.630 0.66984 21.4582200263
26.640 0.66951 21.4662779384
26.650 0.66917 21.4743358505
26.660 0.66884 21.4823937627
26.670 0.66850 21.4904516748
26.680 0.66817 21.498509587
26.690 0.66783 21.5065674991
26.700 0.66750 21.5146254112
26.710 0.66716 21.5226833234
26.720 0.66683 21.5307412355
26.730 0.66650 21.5387991476
26.740 0.66616 21.5468570598
26.750 0.66583 21.5549149719
26.760 0.66550 21.5629728841
26.770 0.66516 21.5710307962
26.780 0.66483 21.5790887083
26.790 0.66450 21.5871466205
26.800 0.66417 21.5952045326
26.810 0.66384 21.6032624448
26.820 0.66351 21.6113203569
26.830 0.66317 21.619378269
26.840 0.66284 21.6274361812
26.850 0.66251 21.6354940933
26.860 0.66218 21.6435520055
26.870 0.66185 21.6516099176
26.880 0.66152 21.6596678297
26.890 0.66119 21.6677257419
26.900 0.66086 21.675783654
26.910 0.66053 21.6838415662
26.920 0.66020 21.6918994783
26.930 0.65987 21.6999573904
26.940 0.65955 21.7080153026
26.950 0.65922 21.7160732147
26.960 0.65889 21.7241311268
26.970 0.65856 21.732189039
26.980 0.65823 21.7402469511
26.990 0.65790 21.7483048633
27.000 0.65758 21.7563627754
27.010 0.65725 21.7644206875
27.020 0.65692 21.7724785997
27.030 0.65660 21.7805365118
27.040 0.65627 21.788594424
27.050 0.65594 21.7966523361
27.060 0.65562 21.8047102482
27.070 0.65529 21.8127681604
27.080 0.65497 21.8208260725
27.090 0.65464 21.8288839847
27.100 0.65431 21.8369418968
27.110 0.65399 21.8449998089
27.120 0.65366 21.8530577211
27.130 0.65334 21.8611156332
27.140 0.65302 21.8691735453
27.150 0.65269 21.8772314575
27.160 0.65237 21.8852893696
27.170 0.65204 21.8933472818
27.180 0.65172 21.9014051939
27.190 0.65140 21.909463106
27.200 0.65107 21.9175210182
27.210 0.65075 21.9255789303
27.220 0.65043 21.9336368425
27.230 0.65011 21.9416947546
27.240 0.64978 21.9497526667
27.250 0.64946 21.9578105789
27.260 0.64914 21.965868491
27.270 0.64882 21.9739264032
27.280 0.64850 21.9819843153
27.290 0.64818 21.9900422274
27.300 0.64785 21.9981001396
27.310 0.64753 22.0061580517
27.320 0.64721 22.0142159639
27.330 0.64689 22.022273876
27.340 0.64657 22.0303317881
27.350 0.64625 22.0383897003
27.360 0.64593 22.0464476124
27.370 0.64561 22.0545055245
27.380 0.64529 22.0625634367
27.390 0.64498 22.0706213488
27.400 0.64466 22.078679261
27.410 0.64434 22.0867371731
27.420 0.64402 22.0947950852
27.430 0.64370 22.1028529974
27.440 0.64338 22.1109109095
27.450 0.64307 22.1189688217
27.460 0.64275 22.1270267338
27.470 0.64243 22.1350846459
27.480 0.64211 22.1431425581
27.490 0.64180 22.1512004702
27.500 0.64148 22.1592583824
27.510 0.64116 22.1673162945
27.520 0.64085 22.1753742066
27.530 0.64053 22.1834321188
27.540 0.64022 22.1914900309
27.550 0.63990 22.199547943
27.560 0.63958 22.2076058552
27.570 0.63927 22.2156637673
27.580 0.63895 22.2237216795
27.590 0.63864 22.2317795916
27.600 0.63832 22.2398375037
27.610 0.63801 22.2478954159
27.620 0.63770 22.255953328
27.630 0.63738 22.2640112402
27.640 0.63707 22.2720691523
27.650 0.63675 22.2801270644
27.660 0.63644 22.2881849766
27.670 0.63613 22.2962428887
27.680 0.63581 22.3043008009
27.690 0.63550 22.312358713
27.700 0.63519 22.3204166251
27.710 0.63488 22.3284745373
27.720 0.63456 22.3365324494
27.730 0.63425 22.3445903616
27.740 0.63394 22.3526482737
27.750 0.63363 22.3607061858
27.760 0.63332 22.368764098
27.770 0.63301 22.3768220101
27.780 0.63269 22.3848799222
27.790 0.63238 22.3929378344
27.800 0.63207 22.4009957465
27.810 0.63176 22.4090536587
27.820 0.63145 22.4171115708
27.830 0.63114 22.4251694829
27.840 0.63083 22.4332273951
27.850 0.63052 22.4412853072
27.860 0.63021 22.4493432194
27.870 0.62990 22.4574011315
27.880 0.62960 22.4654590436
27.890 0.62929 22.4735169558
27.900 0.62898 22.4815748679
27.910 0.62867 22.4896327801
27.920 0.62836 22.4976906922
27.930 0.62805 22.5057486043
27.940 0.62775 22.5138065165
27.950 0.62744 22.5218644286
27.960 0.62713 22.5299223408
27.970 0.62682 22.5379802529
27.980 0.62652 22.546038165
27.990 0.62621 22.5540960772
28.000 0.62590 22.5621539893
28.010 0.62560 22.5702119014
28.020 0.62529 22.5782698136
28.030 0.62498 22.5863277257
28.040 0.62468 22.5943856379
28.050 0.62437 22.60244355
28.060 0.62407 22.6105014621
28.070 0.62376 22.6185593743
28.080 0.62346 22.6266172864
28.090 0.62315 22.6346751986
28.100 0.62285 22.6427331107
28.110 0.62254 22.6507910228
28.120 0.62224 22.658848935
28.130 0.62193 22.6669068471
28.140 0.62163 22.6749647593
28.150 0.62133 22.6830226714
28.160 0.62102 22.6910805835
28.170 0.62072 22.6991384957
28.180 0.62042 22.7071964078
28.190 0.62011 22.7152543199
28.200 0.61981 22.7233122321
28.210 0.61951 22.7313701442
28.220 0.61920 22.7394280564
28.230 0.61890 22.7474859685
28.240 0.61860 22.7555438806
28.250 0.61830 22.7636017928
28.260 0.61800 22.7716597049
28.270 0.61770 22.7797176171
28.280 0.61739 22.7877755292
28.290 0.61709 22.7958334413
28.300 0.61679 22.8038913535
28.310 0.61649 22.8119492656
28.320 0.61619 22.8200071778
28.330 0.61589 22.8280650899
28.340 0.61559 22.836123002
28.350 0.61529 22.8441809142
28.360 0.61499 22.8522388263
28.370 0.61469 22.8602967385
28.380 0.61439 22.8683546506
28.390 0.61409 22.8764125627
28.400 0.61379 22.8844704749
28.410 0.61349 22.892528387
28.420 0.61320 22.9005862991
28.430 0.61290 22.9086442113
28.440 0.61260 22.9167021234
28.450 0.61230 22.9247600356
28.460 0.61200 22.9328179477
28.470 0.61171 22.9408758598
28.480 0.61141 22.948933772
28.490 0.61111 22.9569916841
28.500 0.61081 22.9650495963
28.510 0.61052 22.9731075084
28.520 0.61022 22.9811654205
28.530 0.60992 22.9892233327
28.540 0.60963 22.9972812448
28.550 0.60933 23.005339157
28.560 0.60903 23.0133970691
28.570 0.60874 23.0214549812
28.580 0.60844 23.0295128934
28.590 0.60815 23.0375708055
28.600 0.60785 23.0456287176
28.610 0.60756 23.0536866298
28.620 0.60726 23.0617445419
28.630 0.60697 23.0698024541
28.640 0.60667 23.0778603662
28.650 0.60638 23.0859182783
28.660 0.60608 23.0939761905
28.670 0.60579 23.1020341026
28.680 0.60550 23.1100920148
28.690 0.60520 23.1181499269
28.700 0.60491 23.126207839
28.710 0.60462 23.1342657512
28.720 0.60432 23.1423236633
28.730 0.60403 23.1503815755
28.740 0.60374 23.1584394876
28.750 0.60344 23.1664973997
28.760 0.60315 23.1745553119
28.770 0.60286 23.182613224
28.780 0.60257 23.1906711362
28.790 0.60227 23.1987290483
28.800 0.60198 23.2067869604
28.810 0.60169 23.2148448726
28.820 0.60140 23.2229027847
28.830 0.60111 23.2309606968
28.840 0.60082 23.239018609
28.850 0.60053 23.2470765211
28.860 0.60024 23.2551344333
28.870 0.59995 23.2631923454
28.880 0.59966 23.2712502575
28.890 0.59937 23.2793081697
28.900 0.59908 23.2873660818
28.910 0.59879 23.295423994
28.920 0.59850 23.3034819061
28.930 0.59821 23.3115398182
28.940 0.59792 23.3195977304
28.950 0.59763 23.3276556425
28.960 0.59734 23.3357135547
28.970 0.59705 23.3437714668
28.980 0.59676 23.3518293789
28.990 0.59647 23.3598872911
29.000 0.59619 23.3679452032
29.010 0.59590 23.3760031153
29.020 0.59561 23.3840610275
29.030 0.59532 23.3921189396
29.040 0.59503 23.4001768518
29.050 0.59475 23.4082347639
29.060 0.59446 23.416292676
29.070 0.59417 23.4243505882
29.080 0.59389 23.4324085003
29.090 0.59360 23.4404664125
29.100 0.59331 23.4485243246
29.110 0.59303 23.4565822367
29.120 0.59274 23.4646401489
29.130 0.59245 23.472698061
29.140 0.59217 23.4807559732
29.150 0.59188 23.4888138853
29.160 0.59160 23.4968717974
29.170 0.59131 23.5049297096
29.180 0.59103 23.5129876217
29.190 0.59074 23.5210455339
29.200 0.59046 23.529103446
29.210 0.59017 23.5371613581
29.220 0.58989 23.5452192703
29.230 0.58960 23.5532771824
29.240 0.58932 23.5613350945
29.250 0.58904 23.5693930067
29.260 0.58875 23.5774509188
29.270 0.58847 23.585508831
29.280 0.58819 23.5935667431
29.290 0.58790 23.6016246552
29.300 0.58762 23.6096825674
29.310 0.58734 23.6177404795
29.320 0.58705 23.6257983917
29.330 0.58677 23.6338563038
29.340 0.58649 23.6419142159
29.350 0.58621 23.6499721281
29.360 0.58592 23.6580300402
29.370 0.58564 23.6660879524
29.380 0.58536 23.6741458645
29.390 0.58508 23.6822037766
29.400 0.58480 23.6902616888
29.410 0.58452 23.6983196009
29.420 0.58424 23.706377513
29.430 0.58395 23.7144354252
29.440 0.58367 23.7224933373
29.450 0.58339 23.7305512495
29.460 0.58311 23.7386091616
29.470 0.58283 23.7466670737
29.480 0.58255 23.7547249859
29.490 0.58227 23.762782898
29.500 0.58199 23.7708408102
29.510 0.58171 23.7788987223
29.520 0.58143 23.7869566344
29.530 0.58115 23.7950145466
29.540 0.58088 23.8030724587
29.550 0.58060 23.8111303709
29.560 0.58032 23.819188283
29.570 0.58004 23.8272461951
29.580 0.57976 23.8353041073
29.590 0.57948 23.8433620194
29.600 0.57920 23.8514199316
29.610 0.57893 23.8594778437
29.620 0.57865 23.8675357558
29.630 0.57837 23.875593668
29.640 0.57809 23.8836515801
29.650 0.57782 23.8917094922
29.660 0.57754 23.8997674044
29.670 0.57726 23.9078253165
29.680 0.57698 23.9158832287
29.690 0.57671 23.9239411408
29.700 0.57643 23.9319990529
29.710 0.57616 23.9400569651
29.720 0.57588 23.9481148772
29.730 0.57560 23.9561727894
29.740 0.57533 23.9642307015
29.750 0.57505 23.9722886136
29.760 0.57478 23.9803465258
29.770 0.57450 23.9884044379
29.780 0.57423 23.9964623501
29.790 0.57395 24.0045202622
29.800 0.57368 24.0125781743
29.810 0.57340 24.0206360865
29.820 0.57313 24.0286939986
29.830 0.57285 24.0367519108
29.840 0.57258 24.0448098229
29.850 0.57230 24.052867735
29.860 0.57203 24.0609256472
29.870 0.57176 24.0689835593
29.880 0.57148 24.0770414714
29.890 0.57121 24.0850993836
29.900 0.57093 24.0931572957
29.910 0.57066 24.1012152079
29.920 0.57039 24.10927312
29.930 0.57012 24.1173310321
29.940 0.56984 24.1253889443
29.950 0.56957 24.1334468564
29.960 0.56930 24.1415047686
29.970 0.56903 24.1495626807
29.980 0.56875 24.1576205928
29.990 0.56848 24.165678505
30.000 0.56821 24.1737364171
