0.10000 241.94 0.0847059479634
0.11000 219.94 0.0931765427597
0.12000 201.60 0.101647137556
0.13000 186.08 0.110117732352
0.14000 172.78 0.118588327149
0.15000 161.25 0.127058921945
0.16000 151.17 0.135529516741
0.17000 142.27 0.144000111538
0.18000 134.36 0.152470706334
0.19000 127.28 0.16094130113
0.20000 120.91 0.169411895927
0.21000 115.15 0.177882490723
0.22000 109.91 0.186353085519
0.23000 105.12 0.194823680316
0.24000 100.74 0.203294275112
0.25000 96.702 0.211764869908
0.26000 92.978 0.220235464705
0.27000 89.530 0.228706059501
0.28000 86.328 0.237176654297
0.29000 83.346 0.245647249094
0.30000 80.564 0.25411784389
0.31000 77.961 0.262588438687
0.32000 75.521 0.271059033483
0.33000 73.229 0.279529628279
0.34000 71.071 0.288000223076
0.35000 69.037 0.296470817872
0.36000 67.116 0.304941412668
0.37000 65.298 0.313412007465
0.38000 63.577 0.321882602261
0.39000 61.943 0.330353197057
0.40000 60.391 0.338823791854
0.41000 58.915 0.34729438665
0.42000 57.510 0.355764981446
0.43000 56.169 0.364235576243
0.44000 54.890 0.372706171039
0.45000 53.667 0.381176765835
0.46000 52.498 0.389647360632
0.47000 51.378 0.398117955428
0.48000 50.305 0.406588550224
0.49000 49.276 0.415059145021
0.50000 48.288 0.423529739817
0.51000 47.339 0.432000334613
0.52000 46.426 0.44047092941
0.53000 45.547 0.448941524206
0.54000 44.702 0.457412119002
0.55000 43.887 0.465882713799
0.56000 43.101 0.474353308595
0.57000 42.342 0.482823903391
0.58000 41.610 0.491294498188
0.59000 40.903 0.499765092984
0.60000 40.219 0.50823568778
0.61000 39.557 0.516706282577
0.62000 38.917 0.525176877373
0.63000 38.298 0.533647472169
0.64000 37.697 0.542118066966
0.65000 37.115 0.550588661762
0.66000 36.551 0.559059256558
0.67000 36.004 0.567529851355
0.68000 35.472 0.576000446151
0.69000 34.956 0.584471040947
0.70000 34.455 0.592941635744
0.71000 33.968 0.60141223054
0.72000 33.495 0.609882825336
0.73000 33.034 0.618353420133
0.74000 32.586 0.626824014929
0.75000 32.150 0.635294609725
0.76000 31.725 0.643765204522
0.77000 31.311 0.652235799318
0.78000 30.908 0.660706394114
0.79000 30.515 0.669176988911
0.80000 30.132 0.677647583707
0.81000 29.759 0.686118178503
0.82000 29.394 0.6945887733
0.83000 29.039 0.703059368096
0.84000 28.691 0.711529962892
0.85000 28.352 0.720000557689
0.86000 28.021 0.728471152485
0.87000 27.698 0.736941747281
0.88000 27.382 0.745412342078
0.89000 27.072 0.753882936874
0.90000 26.770 0.76235353167
0.91000 26.475 0.770824126467
0.92000 26.186 0.779294721263
0.93000 25.903 0.78776531606
0.94000 25.626 0.796235910856
0.95000 25.355 0.804706505652
0.96000 25.089 0.813177100449
0.97000 24.829 0.821647695245
0.98000 24.575 0.830118290041
0.99000 24.325 0.838588884838
1.0000 24.081 0.847059479634
1.0100 23.841 0.85553007443
1.0200 23.606 0.864000669227
1.0300 23.375 0.872471264023
1.0400 23.149 0.880941858819
1.0500 22.928 0.889412453616
1.0600 22.710 0.897883048412
1.0700 22.497 0.906353643208
1.0800 22.287 0.914824238005
1.0900 22.082 0.923294832801
1.1000 21.880 0.931765427597
1.1100 21.682 0.940236022394
1.1200 21.487 0.94870661719
1.1300 21.296 0.957177211986
1.1400 21.108 0.965647806783
1.1500 20.923 0.974118401579
1.1600 20.742 0.982588996375
1.1700 20.563 0.991059591172
1.1800 20.388 0.999530185968
1.1900 20.215 1.00800078076
1.2000 20.046 1.01647137556
1.2100 19.879 1.02494197036
1.2200 19.715 1.03341256515
1.2300 19.554 1.04188315995
1.2400 19.395 1.05035375475
1.2500 19.239 1.05882434954
1.2600 19.085 1.06729494434
1.2700 18.934 1.07576553914
1.2800 18.785 1.08423613393
1.2900 18.639 1.09270672873
1.3000 18.494 1.10117732352
1.3100 18.352 1.10964791832
1.3200 18.212 1.11811851312
1.3300 18.074 1.12658910791
1.3400 17.938 1.13505970271
1.3500 17.804 1.14353029751
1.3600 17.673 1.1520008923
1.3700 17.543 1.1604714871
1.3800 17.415 1.16894208189
1.3900 17.288 1.17741267669
1.4000 17.164 1.18588327149
1.4100 17.041 1.19435386628
1.4200 16.921 1.20282446108
1.4300 16.801 1.21129505588
1.4400 16.684 1.21976565067
1.4500 16.568 1.22823624547
1.4600 16.453 1.23670684027
1.4700 16.341 1.24517743506
1.4800 16.229 1.25364802986
1.4900 16.120 1.26211862465
1.5000 16.011 1.27058921945
1.5100 15.904 1.27905981425
1.5200 15.799 1.28753040904
1.5300 15.695 1.29600100384
1.5400 15.592 1.30447159864
1.5500 15.491 1.31294219343
1.5600 15.391 1.32141278823
1.5700 15.292 1.32988338303
1.5800 15.194 1.33835397782
1.5900 15.098 1.34682457262
1.6000 15.003 1.35529516741
1.6100 14.909 1.36376576221
1.6200 14.816 1.37223635701
1.6300 14.724 1.3807069518
1.6400 14.634 1.3891775466
1.6500 14.544 1.3976481414
1.6600 14.456 1.40611873619
1.6700 14.368 1.41458933099
1.6800 14.282 1.42305992578
1.6900 14.197 1.43153052058
1.7000 14.113 1.44000111538
1.7100 14.029 1.44847171017
1.7200 13.947 1.45694230497
1.7300 13.866 1.46541289977
1.7400 13.785 1.47388349456
1.7500 13.706 1.48235408936
1.7600 13.627 1.49082468416
1.7700 13.549 1.49929527895
1.7800 13.473 1.50776587375
1.7900 13.397 1.51623646854
1.8000 13.321 1.52470706334
1.8100 13.247 1.53317765814
1.8200 13.174 1.54164825293
1.8300 13.101 1.55011884773
1.8400 13.029 1.55858944253
1.8500 12.958 1.56706003732
1.8600 12.888 1.57553063212
1.8700 12.818 1.58400122692
1.8800 12.749 1.59247182171
1.8900 12.681 1.60094241651
1.9000 12.614 1.6094130113
1.9100 12.547 1.6178836061
1.9200 12.481 1.6263542009
1.9300 12.416 1.63482479569
1.9400 12.351 1.64329539049
1.9500 12.287 1.65176598529
1.9600 12.224 1.66023658008
1.9700 12.161 1.66870717488
1.9800 12.099 1.67717776968
1.9900 12.037 1.68564836447
2.0000 11.977 1.69411895927
2.0100 11.916 1.70258955406
2.0200 11.857 1.71106014886
2.0300 11.798 1.71953074366
2.0400 11.739 1.72800133845
2.0500 11.681 1.73647193325
2.0600 11.624 1.74494252805
2.0700 11.567 1.75341312284
2.0800 11.511 1.76188371764
2.0900 11.455 1.77035431243
2.1000 11.400 1.77882490723
2.1100 11.346 1.78729550203
2.1200 11.291 1.79576609682
2.1300 11.238 1.80423669162
2.1400 11.185 1.81270728642
2.1500 11.132 1.82117788121
2.1600 11.080 1.82964847601
2.1700 11.028 1.83811907081
2.1800 10.977 1.8465896656
2.1900 10.926 1.8550602604
2.2000 10.876 1.86353085519
2.2100 10.826 1.87200144999
2.2200 10.777 1.88047204479
2.2300 10.728 1.88894263958
2.2400 10.680 1.89741323438
2.2500 10.632 1.90588382918
2.2600 10.584 1.91435442397
2.2700 10.537 1.92282501877
2.2800 10.490 1.93129561357
2.2900 10.444 1.93976620836
2.3000 10.398 1.94823680316
2.3100 10.352 1.95670739795
2.3200 10.307 1.96517799275
2.3300 10.262 1.97364858755
2.3400 10.218 1.98211918234
2.3500 10.174 1.99058977714
2.3600 10.130 1.99906037194
2.3700 10.087 2.00753096673
2.3800 10.044 2.01600156153
2.3900 10.001 2.02447215632
2.4000 9.9591 2.03294275112
2.4100 9.9172 2.04141334592
2.4200 9.8757 2.04988394071
2.4300 9.8346 2.05835453551
2.4400 9.7937 2.06682513031
2.4500 9.7532 2.0752957251
2.4600 9.7131 2.0837663199
2.4700 9.6732 2.0922369147
2.4800 9.6337 2.10070750949
2.4900 9.5945 2.10917810429
2.5000 9.5556 2.11764869908
2.5100 9.5170 2.12611929388
2.5200 9.4787 2.13458988868
2.5300 9.4408 2.14306048347
2.5400 9.4031 2.15153107827
2.5500 9.3657 2.16000167307
2.5600 9.3286 2.16847226786
2.5700 9.2918 2.17694286266
2.5800 9.2553 2.18541345746
2.5900 9.2191 2.19388405225
2.6000 9.1831 2.20235464705
2.6100 9.1475 2.21082524184
2.6200 9.1121 2.21929583664
2.6300 9.0769 2.22776643144
2.6400 9.0421 2.23623702623
2.6500 9.0074 2.24470762103
2.6600 8.9731 2.25317821583
2.6700 8.9390 2.26164881062
2.6800 8.9052 2.27011940542
2.6900 8.8716 2.27859000022
2.7000 8.8383 2.28706059501
2.7100 8.8052 2.29553118981
2.7200 8.7723 2.3040017846
2.7300 8.7397 2.3124723794
2.7400 8.7074 2.3209429742
2.7500 8.6752 2.32941356899
2.7600 8.6433 2.33788416379
2.7700 8.6117 2.34635475859
2.7800 8.5802 2.35482535338
2.7900 8.5490 2.36329594818
2.8000 8.5180 2.37176654297
2.8100 8.4872 2.38023713777
2.8200 8.4567 2.38870773257
2.8300 8.4264 2.39717832736
2.8400 8.3962 2.40564892216
2.8500 8.3663 2.41411951696
2.8600 8.3366 2.42259011175
2.8700 8.3071 2.43106070655
2.8800 8.2778 2.43953130135
2.8900 8.2487 2.44800189614
2.9000 8.2199 2.45647249094
2.9100 8.1912 2.46494308573
2.9200 8.1627 2.47341368053
2.9300 8.1344 2.48188427533
2.9400 8.1063 2.49035487012
2.9500 8.0783 2.49882546492
2.9600 8.0506 2.50729605972
2.9700 8.0231 2.51576665451
2.9800 7.9957 2.52423724931
2.9900 7.9686 2.53270784411
3.0000 7.9416 2.5411784389
3.0100 7.9147 2.5496490337
3.0200 7.8881 2.55811962849
3.0300 7.8617 2.56659022329
3.0400 7.8354 2.57506081809
3.0500 7.8093 2.58353141288
3.0600 7.7833 2.59200200768
3.0700 7.7575 2.60047260248
3.0800 7.7319 2.60894319727
3.0900 7.7065 2.61741379207
3.1000 7.6812 2.62588438687
3.1100 7.6561 2.63435498166
3.1200 7.6312 2.64282557646
3.1300 7.6064 2.65129617125
3.1400 7.5817 2.65976676605
3.1500 7.5573 2.66823736085
3.1600 7.5329 2.67670795564
3.1700 7.5088 2.68517855044
3.1800 7.4847 2.69364914524
3.1900 7.4609 2.70211974003
3.2000 7.4372 2.71059033483
3.2100 7.4136 2.71906092962
3.2200 7.3902 2.72753152442
3.2300 7.3669 2.73600211922
3.2400 7.3437 2.74447271401
3.2500 7.3207 2.75294330881
3.2600 7.2979 2.76141390361
3.2700 7.2752 2.7698844984
3.2800 7.2526 2.7783550932
3.2900 7.2302 2.786825688
3.3000 7.2079 2.79529628279
3.3100 7.1857 2.80376687759
3.3200 7.1637 2.81223747238
3.3300 7.1418 2.82070806718
3.3400 7.1200 2.82917866198
3.3500 7.0984 2.83764925677
3.3600 7.0768 2.84611985157
3.3700 7.0555 2.85459044637
3.3800 7.0342 2.86306104116
3.3900 7.0131 2.87153163596
3.4000 6.9921 2.88000223076
3.4100 6.9712 2.88847282555
3.4200 6.9504 2.89694342035
3.4300 6.9298 2.90541401514
3.4400 6.9093 2.91388460994
3.4500 6.8889 2.92235520474
3.4600 6.8686 2.93082579953
3.4700 6.8484 2.93929639433
3.4800 6.8284 2.94776698913
3.4900 6.8084 2.95623758392
3.5000 6.7886 2.96470817872
3.5100 6.7689 2.97317877351
3.5200 6.7493 2.98164936831
3.5300 6.7298 2.99011996311
3.5400 6.7104 2.9985905579
3.5500 6.6912 3.0070611527
3.5600 6.6720 3.0155317475
3.5700 6.6530 3.02400234229
3.5800 6.6340 3.03247293709
3.5900 6.6152 3.04094353189
3.6000 6.5964 3.04941412668
3.6100 6.5778 3.05788472148
3.6200 6.5593 3.06635531627
3.6300 6.5408 3.07482591107
3.6400 6.5225 3.08329650587
3.6500 6.5043 3.09176710066
3.6600 6.4862 3.10023769546
3.6700 6.4681 3.10870829026
3.6800 6.4502 3.11717888505
3.6900 6.4324 3.12564947985
3.7000 6.4147 3.13412007465
3.7100 6.3970 3.14259066944
3.7200 6.3795 3.15106126424
3.7300 6.3620 3.15953185903
3.7400 6.3447 3.16800245383
3.7500 6.3274 3.17647304863
3.7600 6.3102 3.18494364342
3.7700 6.2931 3.19341423822
3.7800 6.2761 3.20188483302
3.7900 6.2592 3.21035542781
3.8000 6.2424 3.21882602261
3.8100 6.2257 3.22729661741
3.8200 6.2091 3.2357672122
3.8300 6.1925 3.244237807
3.8400 6.1761 3.25270840179
3.8500 6.1597 3.26117899659
3.8600 6.1434 3.26964959139
3.8700 6.1272 3.27812018618
3.8800 6.1110 3.28659078098
3.8900 6.0950 3.29506137578
3.9000 6.0790 3.30353197057
3.9100 6.0632 3.31200256537
3.9200 6.0474 3.32047316016
3.9300 6.0316 3.32894375496
3.9400 6.0160 3.33741434976
3.9500 6.0005 3.34588494455
3.9600 5.9850 3.35435553935
3.9700 5.9696 3.36282613415
3.9800 5.9542 3.37129672894
3.9900 5.9390 3.37976732374
4.0000 5.9238 3.38823791854
4.0100 5.9087 3.39670851333
4.0200 5.8937 3.40517910813
4.0300 5.8788 3.41364970292
4.0400 5.8639 3.42212029772
4.0500 5.8491 3.43059089252
4.0600 5.8344 3.43906148731
4.0700 5.8197 3.44753208211
4.0800 5.8051 3.45600267691
4.0900 5.7906 3.4644732717
4.1000 5.7762 3.4729438665
4.1100 5.7618 3.4814144613
4.1200 5.7475 3.48988505609
4.1300 5.7333 3.49835565089
4.1400 5.7191 3.50682624568
4.1500 5.7050 3.51529684048
4.1600 5.6910 3.52376743528
4.1700 5.6770 3.53223803007
4.1800 5.6631 3.54070862487
4.1900 5.6493 3.54917921967
4.2000 5.6355 3.55764981446
4.2100 5.6218 3.56612040926
4.2200 5.6082 3.57459100405
4.2300 5.5947 3.58306159885
4.2400 5.5812 3.59153219365
4.2500 5.5677 3.60000278844
4.2600 5.5543 3.60847338324
4.2700 5.5410 3.61694397804
4.2800 5.5278 3.62541457283
4.2900 5.5146 3.63388516763
4.3000 5.5015 3.64235576243
4.3100 5.4884 3.65082635722
4.3200 5.4754 3.65929695202
4.3300 5.4624 3.66776754681
4.3400 5.4496 3.67623814161
4.3500 5.4367 3.68470873641
4.3600 5.4240 3.6931793312
4.3700 5.4112 3.701649926
4.3800 5.3986 3.7101205208
4.3900 5.3860 3.71859111559
4.4000 5.3735 3.72706171039
4.4100 5.3610 3.73553230519
4.4200 5.3486 3.74400289998
4.4300 5.3362 3.75247349478
4.4400 5.3239 3.76094408957
4.4500 5.3116 3.76941468437
4.4600 5.2994 3.77788527917
4.4700 5.2873 3.78635587396
4.4800 5.2752 3.79482646876
4.4900 5.2631 3.80329706356
4.5000 5.2512 3.81176765835
4.5100 5.2392 3.82023825315
4.5200 5.2273 3.82870884795
4.5300 5.2155 3.83717944274
4.5400 5.2037 3.84565003754
4.5500 5.1920 3.85412063233
4.5600 5.1803 3.86259122713
4.5700 5.1687 3.87106182193
4.5800 5.1572 3.87953241672
4.5900 5.1456 3.88800301152
4.6000 5.1342 3.89647360632
4.6100 5.1227 3.90494420111
4.6200 5.1114 3.91341479591
4.6300 5.1001 3.9218853907
4.6400 5.0888 3.9303559855
4.6500 5.0776 3.9388265803
4.6600 5.0664 3.94729717509
4.6700 5.0553 3.95576776989
4.6800 5.0442 3.96423836469
4.6900 5.0331 3.97270895948
4.7000 5.0221 3.98117955428
4.7100 5.0112 3.98965014908
4.7200 5.0003 3.99812074387
4.7300 4.9895 4.00659133867
4.7400 4.9787 4.01506193346
4.7500 4.9679 4.02353252826
4.7600 4.9572 4.03200312306
4.7700 4.9465 4.04047371785
4.7800 4.9359 4.04894431265
4.7900 4.9253 4.05741490745
4.8000 4.9148 4.06588550224
4.8100 4.9043 4.07435609704
4.8200 4.8939 4.08282669184
4.8300 4.8835 4.09129728663
4.8400 4.8731 4.09976788143
4.8500 4.8628 4.10823847622
4.8600 4.8525 4.11670907102
4.8700 4.8423 4.12517966582
4.8800 4.8321 4.13365026061
4.8900 4.8219 4.14212085541
4.9000 4.8118 4.15059145021
4.9100 4.8018 4.159062045
4.9200 4.7917 4.1675326398
4.9300 4.7818 4.1760032346
4.9400 4.7718 4.18447382939
4.9500 4.7619 4.19294442419
4.9600 4.7520 4.20141501898
4.9700 4.7422 4.20988561378
4.9800 4.7324 4.21835620858
4.9900 4.7227 4.22682680337
5.0000 4.7130 4.23529739817
5.1000 4.6180 4.32000334613
5.1100 4.6087 4.32847394093
5.1200 4.5994 4.33694453573
5.1300 4.5902 4.34541513052
5.1400 4.5810 4.35388572532
5.1500 4.5719 4.36235632011
5.1600 4.5628 4.37082691491
5.1700 4.5537 4.37929750971
5.1800 4.5446 4.3877681045
5.1900 4.5356 4.3962386993
5.2000 4.5267 4.4047092941
5.2100 4.5177 4.41317988889
5.2200 4.5088 4.42165048369
5.2300 4.4999 4.43012107849
5.2400 4.4911 4.43859167328
5.2500 4.4823 4.44706226808
5.2600 4.4735 4.45553286287
5.2700 4.4648 4.46400345767
5.2800 4.4561 4.47247405247
5.2900 4.4474 4.48094464726
5.3000 4.4388 4.48941524206
5.3100 4.4302 4.49788583686
5.3200 4.4216 4.50635643165
5.3300 4.4131 4.51482702645
5.3400 4.4045 4.52329762124
5.3500 4.3961 4.53176821604
5.3600 4.3876 4.54023881084
5.3700 4.3792 4.54870940563
5.3800 4.3708 4.55718000043
5.3900 4.3625 4.56565059523
5.4000 4.3542 4.57412119002
5.4100 4.3459 4.58259178482
5.4200 4.3376 4.59106237962
5.4300 4.3294 4.59953297441
5.4400 4.3212 4.60800356921
5.4500 4.3130 4.616474164
5.4600 4.3049 4.6249447588
5.4700 4.2967 4.6334153536
5.4800 4.2887 4.64188594839
5.4900 4.2806 4.65035654319
5.5000 4.2726 4.65882713799
5.5100 4.2646 4.66729773278
5.5200 4.2566 4.67576832758
5.5300 4.2487 4.68423892238
5.5400 4.2408 4.69270951717
5.5500 4.2329 4.70118011197
5.5600 4.2251 4.70965070676
5.5700 4.2172 4.71812130156
5.5800 4.2095 4.72659189636
5.5900 4.2017 4.73506249115
5.6000 4.1940 4.74353308595
5.6100 4.1862 4.75200368075
5.6200 4.1786 4.76047427554
5.6300 4.1709 4.76894487034
5.6400 4.1633 4.77741546514
5.6500 4.1557 4.78588605993
5.6600 4.1481 4.79435665473
5.6700 4.1405 4.80282724952
5.6800 4.1330 4.81129784432
5.6900 4.1255 4.81976843912
5.7000 4.1181 4.82823903391
5.7100 4.1106 4.83670962871
5.7200 4.1032 4.84518022351
5.7300 4.0958 4.8536508183
5.7400 4.0884 4.8621214131
5.7500 4.0811 4.87059200789
5.7600 4.0738 4.87906260269
5.7700 4.0665 4.88753319749
5.7800 4.0592 4.89600379228
5.7900 4.0520 4.90447438708
5.8000 4.0448 4.91294498188
5.8100 4.0376 4.92141557667
5.8200 4.0304 4.92988617147
5.8300 4.0233 4.93835676627
5.8400 4.0162 4.94682736106
5.8500 4.0091 4.95529795586
5.8600 4.0020 4.96376855065
5.8700 3.9950 4.97223914545
5.8800 3.9880 4.98070974025
5.8900 3.9810 4.98918033504
5.9000 3.9740 4.99765092984
5.9100 3.9671 5.00612152464
5.9200 3.9601 5.01459211943
5.9300 3.9532 5.02306271423
5.9400 3.9464 5.03153330903
5.9500 3.9395 5.04000390382
5.9600 3.9327 5.04847449862
5.9700 3.9259 5.05694509341
5.9800 3.9191 5.06541568821
5.9900 3.9123 5.07388628301
6.0000 3.9056 5.0823568778
6.0100 3.8989 5.0908274726
6.0200 3.8922 5.0992980674
6.0300 3.8855 5.10776866219
6.0400 3.8788 5.11623925699
6.0500 3.8722 5.12470985179
6.0600 3.8656 5.13318044658
6.0700 3.8590 5.14165104138
6.0800 3.8524 5.15012163617
6.0900 3.8459 5.15859223097
6.1000 3.8394 5.16706282577
6.1100 3.8329 5.17553342056
6.1200 3.8264 5.18400401536
6.1300 3.8199 5.19247461016
6.1400 3.8135 5.20094520495
6.1500 3.8071 5.20941579975
6.1600 3.8007 5.21788639454
6.1700 3.7943 5.22635698934
6.1800 3.7880 5.23482758414
6.1900 3.7816 5.24329817893
6.2000 3.7753 5.25176877373
6.2100 3.7690 5.26023936853
6.2200 3.7628 5.26870996332
6.2300 3.7565 5.27718055812
6.2400 3.7503 5.28565115292
6.2500 3.7441 5.29412174771
6.2600 3.7379 5.30259234251
6.2700 3.7317 5.3110629373
6.2800 3.7255 5.3195335321
6.2900 3.7194 5.3280041269
6.3000 3.7133 5.33647472169
6.3100 3.7072 5.34494531649
6.3200 3.7011 5.35341591129
6.3300 3.6951 5.36188650608
6.3400 3.6890 5.37035710088
6.3500 3.6830 5.37882769568
6.3600 3.6770 5.38729829047
6.3700 3.6710 5.39576888527
6.3800 3.6651 5.40423948006
6.3900 3.6591 5.41271007486
6.4000 3.6532 5.42118066966
6.4100 3.6473 5.42965126445
6.4200 3.6414 5.43812185925
6.4300 3.6355 5.44659245405
6.4400 3.6297 5.45506304884
6.4500 3.6239 5.46353364364
6.4600 3.6180 5.47200423843
6.4700 3.6123 5.48047483323
6.4800 3.6065 5.48894542803
6.4900 3.6007 5.49741602282
6.5000 3.5950 5.50588661762
6.5100 3.5892 5.51435721242
6.5200 3.5835 5.52282780721
6.5300 3.5778 5.53129840201
6.5400 3.5722 5.53976899681
6.5500 3.5665 5.5482395916
6.5600 3.5609 5.5567101864
6.5700 3.5553 5.56518078119
6.5800 3.5496 5.57365137599
6.5900 3.5441 5.58212197079
6.6000 3.5385 5.59059256558
6.6100 3.5329 5.59906316038
6.6200 3.5274 5.60753375518
6.6300 3.5219 5.61600434997
6.6400 3.5164 5.62447494477
6.6500 3.5109 5.63294553957
6.6600 3.5054 5.64141613436
6.6700 3.5000 5.64988672916
6.6800 3.4945 5.65835732395
6.6900 3.4891 5.66682791875
6.7000 3.4837 5.67529851355
6.7100 3.4783 5.68376910834
6.7200 3.4729 5.69223970314
6.7300 3.4676 5.70071029794
6.7400 3.4622 5.70918089273
6.7500 3.4569 5.71765148753
6.7600 3.4516 5.72612208233
6.7700 3.4463 5.73459267712
6.7800 3.4410 5.74306327192
6.7900 3.4358 5.75153386671
6.8000 3.4305 5.76000446151
6.8100 3.4253 5.76847505631
6.8200 3.4201 5.7769456511
6.8300 3.4149 5.7854162459
6.8400 3.4097 5.7938868407
6.8500 3.4045 5.80235743549
6.8600 3.3993 5.81082803029
6.8700 3.3942 5.81929862508
6.8800 3.3891 5.82776921988
6.8900 3.3840 5.83623981468
6.9000 3.3789 5.84471040947
6.9100 3.3738 5.85318100427
6.9200 3.3687 5.86165159907
6.9300 3.3637 5.87012219386
6.9400 3.3586 5.87859278866
6.9500 3.3536 5.88706338346
6.9600 3.3486 5.89553397825
6.9700 3.3436 5.90400457305
6.9800 3.3386 5.91247516784
6.9900 3.3337 5.92094576264
7.0000 3.3287 5.92941635744
7.0100 3.3238 5.93788695223
7.0200 3.3188 5.94635754703
7.0300 3.3139 5.95482814183
7.0400 3.3090 5.96329873662
7.0500 3.3041 5.97176933142
7.0600 3.2993 5.98023992622
7.0700 3.2944 5.98871052101
7.0800 3.2896 5.99718111581
7.0900 3.2848 6.0056517106
7.1000 3.2799 6.0141223054
7.1100 3.2751 6.0225929002
7.1200 3.2704 6.03106349499
7.1300 3.2656 6.03953408979
7.1400 3.2608 6.04800468459
7.1500 3.2561 6.05647527938
7.1600 3.2513 6.06494587418
7.1700 3.2466 6.07341646897
7.1800 3.2419 6.08188706377
7.1900 3.2372 6.09035765857
7.2000 3.2325 6.09882825336
7.2100 3.2279 6.10729884816
7.2200 3.2232 6.11576944296
7.2300 3.2186 6.12424003775
7.2400 3.2139 6.13271063255
7.2500 3.2093 6.14118122735
7.2600 3.2047 6.14965182214
7.2700 3.2001 6.15812241694
7.2800 3.1955 6.16659301173
7.2900 3.1910 6.17506360653
7.3000 3.1864 6.18353420133
7.3100 3.1819 6.19200479612
7.3200 3.1774 6.20047539092
7.3300 3.1728 6.20894598572
7.3400 3.1683 6.21741658051
7.3500 3.1638 6.22588717531
7.3600 3.1594 6.23435777011
7.3700 3.1549 6.2428283649
7.3800 3.1504 6.2512989597
7.3900 3.1460 6.25976955449
7.4000 3.1416 6.26824014929
7.4100 3.1371 6.27671074409
7.4200 3.1327 6.28518133888
7.4300 3.1283 6.29365193368
7.4400 3.1240 6.30212252848
7.4500 3.1196 6.31059312327
7.4600 3.1152 6.31906371807
7.4700 3.1109 6.32753431287
7.4800 3.1065 6.33600490766
7.4900 3.1022 6.34447550246
7.5000 3.0979 6.35294609725
7.5100 3.0936 6.36141669205
7.5200 3.0893 6.36988728685
7.5300 3.0850 6.37835788164
7.5400 3.0808 6.38682847644
7.5500 3.0765 6.39529907124
7.5600 3.0722 6.40376966603
7.5700 3.0680 6.41224026083
7.5800 3.0638 6.42071085562
7.5900 3.0596 6.42918145042
7.6000 3.0554 6.43765204522
7.6100 3.0512 6.44612264001
7.6200 3.0470 6.45459323481
7.6300 3.0428 6.46306382961
7.6400 3.0387 6.4715344244
7.6500 3.0345 6.4800050192
7.6600 3.0304 6.488475614
7.6700 3.0263 6.49694620879
7.6800 3.0222 6.50541680359
7.6900 3.0181 6.51388739838
7.7000 3.0140 6.52235799318
7.7100 3.0099 6.53082858798
7.7200 3.0058 6.53929918277
7.7300 3.0017 6.54776977757
7.7400 2.9977 6.55624037237
7.7500 2.9936 6.56471096716
7.7600 2.9896 6.57318156196
7.7700 2.9856 6.58165215676
7.7800 2.9816 6.59012275155
7.7900 2.9776 6.59859334635
7.8000 2.9736 6.60706394114
7.8100 2.9696 6.61553453594
7.8200 2.9657 6.62400513074
7.8300 2.9617 6.63247572553
7.8400 2.9577 6.64094632033
7.8500 2.9538 6.64941691513
7.8600 2.9499 6.65788750992
7.8700 2.9460 6.66635810472
7.8800 2.9421 6.67482869952
7.8900 2.9382 6.68329929431
7.9000 2.9343 6.69176988911
7.9100 2.9304 6.7002404839
7.9200 2.9265 6.7087110787
7.9300 2.9227 6.7171816735
7.9400 2.9188 6.72565226829
7.9500 2.9150 6.73412286309
7.9600 2.9111 6.74259345789
7.9700 2.9073 6.75106405268
7.9800 2.9035 6.75953464748
7.9900 2.8997 6.76800524227
8.0000 2.8959 6.77647583707
8.0100 2.8921 6.78494643187
8.0200 2.8884 6.79341702666
8.0300 2.8846 6.80188762146
8.0400 2.8808 6.81035821626
8.0500 2.8771 6.81882881105
8.0600 2.8734 6.82729940585
8.0700 2.8696 6.83577000065
8.0800 2.8659 6.84424059544
8.0900 2.8622 6.85271119024
8.1000 2.8585 6.86118178503
8.1100 2.8548 6.86965237983
8.1200 2.8511 6.87812297463
8.1300 2.8475 6.88659356942
8.1400 2.8438 6.89506416422
8.1500 2.8401 6.90353475902
8.1600 2.8365 6.91200535381
8.1700 2.8329 6.92047594861
8.1800 2.8292 6.92894654341
8.1900 2.8256 6.9374171382
8.2000 2.8220 6.945887733
8.2100 2.8184 6.95435832779
8.2200 2.8148 6.96282892259
8.2300 2.8112 6.97129951739
8.2400 2.8077 6.97977011218
8.2500 2.8041 6.98824070698
8.2600 2.8005 6.99671130178
8.2700 2.7970 7.00518189657
8.2800 2.7934 7.01365249137
8.2900 2.7899 7.02212308616
8.3000 2.7864 7.03059368096
8.3100 2.7829 7.03906427576
8.3200 2.7794 7.04753487055
8.3300 2.7759 7.05600546535
8.3400 2.7724 7.06447606015
8.3500 2.7689 7.07294665494
8.3600 2.7654 7.08141724974
8.3700 2.7620 7.08988784454
8.3800 2.7585 7.09835843933
8.3900 2.7550 7.10682903413
8.4000 2.7516 7.11529962892
8.4100 2.7482 7.12377022372
8.4200 2.7448 7.13224081852
8.4300 2.7413 7.14071141331
8.4400 2.7379 7.14918200811
8.4500 2.7345 7.15765260291
8.4600 2.7311 7.1661231977
8.4700 2.7278 7.1745937925
8.4800 2.7244 7.1830643873
8.4900 2.7210 7.19153498209
8.5000 2.7177 7.20000557689
8.5100 2.7143 7.20847617168
8.5200 2.7110 7.21694676648
8.5300 2.7076 7.22541736128
8.5400 2.7043 7.23388795607
8.5500 2.7010 7.24235855087
8.5600 2.6977 7.25082914567
8.5700 2.6944 7.25929974046
8.5800 2.6911 7.26777033526
8.5900 2.6878 7.27624093006
8.6000 2.6845 7.28471152485
8.6100 2.6812 7.29318211965
8.6200 2.6779 7.30165271444
8.6300 2.6747 7.31012330924
8.6400 2.6714 7.31859390404
8.6500 2.6682 7.32706449883
8.6600 2.6650 7.33553509363
8.6700 2.6617 7.34400568843
8.6800 2.6585 7.35247628322
8.6900 2.6553 7.36094687802
8.7000 2.6521 7.36941747281
8.7100 2.6489 7.37788806761
8.7200 2.6457 7.38635866241
8.7300 2.6425 7.3948292572
8.7400 2.6393 7.403299852
8.7500 2.6362 7.4117704468
8.7600 2.6330 7.42024104159
8.7700 2.6298 7.42871163639
8.7800 2.6267 7.43718223119
8.7900 2.6235 7.44565282598
8.8000 2.6204 7.45412342078
8.8100 2.6173 7.46259401557
8.8200 2.6142 7.47106461037
8.8300 2.6110 7.47953520517
8.8400 2.6079 7.48800579996
8.8500 2.6048 7.49647639476
8.8600 2.6017 7.50494698956
8.8700 2.5987 7.51341758435
8.8800 2.5956 7.52188817915
8.8900 2.5925 7.53035877395
8.9000 2.5894 7.53882936874
8.9100 2.5864 7.54729996354
8.9200 2.5833 7.55577055833
8.9300 2.5803 7.56424115313
8.9400 2.5773 7.57271174793
8.9500 2.5742 7.58118234272
8.9600 2.5712 7.58965293752
8.9700 2.5682 7.59812353232
8.9800 2.5652 7.60659412711
8.9900 2.5622 7.61506472191
9.0000 2.5592 7.6235353167
9.0100 2.5562 7.6320059115
9.0200 2.5532 7.6404765063
9.0300 2.5502 7.64894710109
9.0400 2.5472 7.65741769589
9.0500 2.5443 7.66588829069
9.0600 2.5413 7.67435888548
9.0700 2.5384 7.68282948028
9.0800 2.5354 7.69130007508
9.0900 2.5325 7.69977066987
9.1000 2.5296 7.70824126467
9.1100 2.5266 7.71671185946
9.1200 2.5237 7.72518245426
9.1300 2.5208 7.73365304906
9.1400 2.5179 7.74212364385
9.1500 2.5150 7.75059423865
9.1600 2.5121 7.75906483345
9.1700 2.5092 7.76753542824
9.1800 2.5063 7.77600602304
9.1900 2.5035 7.78447661784
9.2000 2.5006 7.79294721263
9.2100 2.4977 7.80141780743
9.2200 2.4949 7.80988840222
9.2300 2.4920 7.81835899702
9.2400 2.4892 7.82682959182
9.2500 2.4863 7.83530018661
9.2600 2.4835 7.84377078141
9.2700 2.4807 7.85224137621
9.2800 2.4779 7.860711971
9.2900 2.4751 7.8691825658
9.3000 2.4722 7.8776531606
9.3100 2.4694 7.88612375539
9.3200 2.4666 7.89459435019
9.3300 2.4639 7.90306494498
9.3400 2.4611 7.91153553978
9.3500 2.4583 7.92000613458
9.3600 2.4555 7.92847672937
9.3700 2.4528 7.93694732417
9.3800 2.4500 7.94541791897
9.3900 2.4472 7.95388851376
9.4000 2.4445 7.96235910856
9.4100 2.4418 7.97082970335
9.4200 2.4390 7.97930029815
9.4300 2.4363 7.98777089295
9.4400 2.4336 7.99624148774
9.4500 2.4308 8.00471208254
9.4600 2.4281 8.01318267734
9.4700 2.4254 8.02165327213
9.4800 2.4227 8.03012386693
9.4900 2.4200 8.03859446173
9.5000 2.4173 8.04706505652
9.5100 2.4147 8.05553565132
9.5200 2.4120 8.06400624611
9.5300 2.4093 8.07247684091
9.5400 2.4066 8.08094743571
9.5500 2.4040 8.0894180305
9.5600 2.4013 8.0978886253
9.5700 2.3987 8.1063592201
9.5800 2.3960 8.11482981489
9.5900 2.3934 8.12330040969
9.6000 2.3907 8.13177100449
9.6100 2.3881 8.14024159928
9.6200 2.3855 8.14871219408
9.6300 2.3829 8.15718278887
9.6400 2.3803 8.16565338367
9.6500 2.3777 8.17412397847
9.6600 2.3750 8.18259457326
9.6700 2.3725 8.19106516806
9.6800 2.3699 8.19953576286
9.6900 2.3673 8.20800635765
9.7000 2.3647 8.21647695245
9.7100 2.3621 8.22494754725
9.7200 2.3595 8.23341814204
9.7300 2.3570 8.24188873684
9.7400 2.3544 8.25035933163
9.7500 2.3519 8.25882992643
9.7600 2.3493 8.26730052123
9.7700 2.3468 8.27577111602
9.7800 2.3442 8.28424171082
9.7900 2.3417 8.29271230562
9.8000 2.3392 8.30118290041
9.8100 2.3366 8.30965349521
9.8200 2.3341 8.31812409
9.8300 2.3316 8.3265946848
9.8400 2.3291 8.3350652796
9.8500 2.3266 8.34353587439
9.8600 2.3241 8.35200646919
9.8700 2.3216 8.36047706399
9.8800 2.3191 8.36894765878
9.8900 2.3166 8.37741825358
9.9000 2.3142 8.38588884838
9.9100 2.3117 8.39435944317
9.9200 2.3092 8.40283003797
9.9300 2.3068 8.41130063276
9.9400 2.3043 8.41977122756
9.9500 2.3019 8.42824182236
9.9600 2.2994 8.43671241715
9.9700 2.2970 8.44518301195
9.9800 2.2945 8.45365360675
9.9900 2.2921 8.46212420154
10.000 2.2897 8.47059479634
10.100 2.2656 8.5553007443
10.110 2.2633 8.5637713391
10.120 2.2609 8.57224193389
10.130 2.2585 8.58071252869
10.140 2.2562 8.58918312349
10.150 2.2538 8.59765371828
10.160 2.2515 8.60612431308
10.170 2.2491 8.61459490788
10.180 2.2468 8.62306550267
10.190 2.2444 8.63153609747
10.200 2.2421 8.64000669227
10.210 2.2398 8.64847728706
10.220 2.2374 8.65694788186
10.230 2.2351 8.66541847665
10.240 2.2328 8.67388907145
10.250 2.2305 8.68235966625
10.260 2.2282 8.69083026104
10.270 2.2259 8.69930085584
10.280 2.2236 8.70777145064
10.290 2.2213 8.71624204543
10.300 2.2190 8.72471264023
10.310 2.2167 8.73318323503
10.320 2.2144 8.74165382982
10.330 2.2122 8.75012442462
10.340 2.2099 8.75859501941
10.350 2.2076 8.76706561421
10.360 2.2053 8.77553620901
10.370 2.2031 8.7840068038
10.380 2.2008 8.7924773986
10.390 2.1986 8.8009479934
10.400 2.1963 8.80941858819
10.410 2.1941 8.81788918299
10.420 2.1919 8.82635977779
10.430 2.1896 8.83483037258
10.440 2.1874 8.84330096738
10.450 2.1852 8.85177156217
10.460 2.1830 8.86024215697
10.470 2.1807 8.86871275177
10.480 2.1785 8.87718334656
10.490 2.1763 8.88565394136
10.500 2.1741 8.89412453616
10.510 2.1719 8.90259513095
10.520 2.1697 8.91106572575
10.530 2.1675 8.91953632054
10.540 2.1653 8.92800691534
10.550 2.1632 8.93647751014
10.560 2.1610 8.94494810493
10.570 2.1588 8.95341869973
10.580 2.1566 8.96188929453
10.590 2.1545 8.97035988932
10.600 2.1523 8.97883048412
10.610 2.1502 8.98730107892
10.620 2.1480 8.99577167371
10.630 2.1459 9.00424226851
10.640 2.1437 9.0127128633
10.650 2.1416 9.0211834581
10.660 2.1394 9.0296540529
10.670 2.1373 9.03812464769
10.680 2.1352 9.04659524249
10.690 2.1330 9.05506583729
10.700 2.1309 9.06353643208
10.710 2.1288 9.07200702688
10.720 2.1267 9.08047762168
10.730 2.1246 9.08894821647
10.740 2.1225 9.09741881127
10.750 2.1204 9.10588940606
10.760 2.1183 9.11436000086
10.770 2.1162 9.12283059566
10.780 2.1141 9.13130119045
10.790 2.1120 9.13977178525
10.800 2.1099 9.14824238005
10.810 2.1078 9.15671297484
10.820 2.1058 9.16518356964
10.830 2.1037 9.17365416443
10.840 2.1016 9.18212475923
10.850 2.0996 9.19059535403
10.860 2.0975 9.19906594882
10.870 2.0954 9.20753654362
10.880 2.0934 9.21600713842
10.890 2.0913 9.22447773321
10.900 2.0893 9.23294832801
10.910 2.0873 9.24141892281
10.920 2.0852 9.2498895176
10.930 2.0832 9.2583601124
10.940 2.0812 9.26683070719
10.950 2.0791 9.27530130199
10.960 2.0771 9.28377189679
10.970 2.0751 9.29224249158
10.980 2.0731 9.30071308638
10.990 2.0711 9.30918368118
11.000 2.0690 9.31765427597
11.010 2.0670 9.32612487077
11.020 2.0650 9.33459546557
11.030 2.0630 9.34306606036
11.040 2.0611 9.35153665516
11.050 2.0591 9.36000724995
11.060 2.0571 9.36847784475
11.070 2.0551 9.37694843955
11.080 2.0531 9.38541903434
11.090 2.0511 9.39388962914
11.100 2.0492 9.40236022394
11.110 2.0472 9.41083081873
11.120 2.0452 9.41930141353
11.130 2.0433 9.42777200833
11.140 2.0413 9.43624260312
11.150 2.0394 9.44471319792
11.160 2.0374 9.45318379271
11.170 2.0355 9.46165438751
11.180 2.0335 9.47012498231
11.190 2.0316 9.4785955771
11.200 2.0296 9.4870661719
11.210 2.0277 9.4955367667
11.220 2.0258 9.50400736149
11.230 2.0238 9.51247795629
11.240 2.0219 9.52094855108
11.250 2.0200 9.52941914588
11.260 2.0181 9.53788974068
11.270 2.0162 9.54636033547
11.280 2.0143 9.55483093027
11.290 2.0124 9.56330152507
11.300 2.0105 9.57177211986
11.310 2.0086 9.58024271466
11.320 2.0067 9.58871330946
11.330 2.0048 9.59718390425
11.340 2.0029 9.60565449905
11.350 2.0010 9.61412509384
11.360 1.9991 9.62259568864
11.370 1.9972 9.63106628344
11.380 1.9954 9.63953687823
11.390 1.9935 9.64800747303
11.400 1.9916 9.65647806783
11.410 1.9897 9.66494866262
11.420 1.9879 9.67341925742
11.430 1.9860 9.68188985222
11.440 1.9842 9.69036044701
11.450 1.9823 9.69883104181
11.460 1.9805 9.7073016366
11.470 1.9786 9.7157722314
11.480 1.9768 9.7242428262
11.490 1.9749 9.73271342099
11.500 1.9731 9.74118401579
11.510 1.9713 9.74965461059
11.520 1.9694 9.75812520538
11.530 1.9676 9.76659580018
11.540 1.9658 9.77506639498
11.550 1.9639 9.78353698977
11.560 1.9621 9.79200758457
11.570 1.9603 9.80047817936
11.580 1.9585 9.80894877416
11.590 1.9567 9.81741936896
11.600 1.9549 9.82588996375
11.610 1.9531 9.83436055855
11.620 1.9513 9.84283115335
11.630 1.9495 9.85130174814
11.640 1.9477 9.85977234294
11.650 1.9459 9.86824293773
11.660 1.9441 9.87671353253
11.670 1.9423 9.88518412733
11.680 1.9405 9.89365472212
11.690 1.9388 9.90212531692
11.700 1.9370 9.91059591172
11.710 1.9352 9.91906650651
11.720 1.9335 9.92753710131
11.730 1.9317 9.93600769611
11.740 1.9299 9.9444782909
11.750 1.9282 9.9529488857
11.760 1.9264 9.96141948049
11.770 1.9246 9.96989007529
11.780 1.9229 9.97836067009
11.790 1.9211 9.98683126488
11.800 1.9194 9.99530185968
11.810 1.9177 10.0037724545
11.820 1.9159 10.0122430493
11.830 1.9142 10.0207136441
11.840 1.9125 10.0291842389
11.850 1.9107 10.0376548337
11.860 1.9090 10.0461254285
11.870 1.9073 10.0545960233
11.880 1.9055 10.0630666181
11.890 1.9038 10.0715372128
11.900 1.9021 10.0800078076
11.910 1.9004 10.0884784024
11.920 1.8987 10.0969489972
11.930 1.8970 10.105419592
11.940 1.8953 10.1138901868
11.950 1.8936 10.1223607816
11.960 1.8919 10.1308313764
11.970 1.8902 10.1393019712
11.980 1.8885 10.147772566
11.990 1.8868 10.1562431608
12.000 1.8851 10.1647137556
12.010 1.8834 10.1731843504
12.020 1.8817 10.1816549452
12.030 1.8801 10.19012554
12.040 1.8784 10.1985961348
12.050 1.8767 10.2070667296
12.060 1.8750 10.2155373244
12.070 1.8734 10.2240079192
12.080 1.8717 10.232478514
12.090 1.8700 10.2409491088
12.100 1.8684 10.2494197036
12.110 1.8667 10.2578902984
12.120 1.8651 10.2663608932
12.130 1.8634 10.274831488
12.140 1.8618 10.2833020828
12.150 1.8601 10.2917726776
12.160 1.8585 10.3002432723
12.170 1.8568 10.3087138671
12.180 1.8552 10.3171844619
12.190 1.8535 10.3256550567
12.200 1.8519 10.3341256515
12.210 1.8503 10.3425962463
12.220 1.8487 10.3510668411
12.230 1.8470 10.3595374359
12.240 1.8454 10.3680080307
12.250 1.8438 10.3764786255
12.260 1.8422 10.3849492203
12.270 1.8406 10.3934198151
12.280 1.8389 10.4018904099
12.290 1.8373 10.4103610047
12.300 1.8357 10.4188315995
12.310 1.8341 10.4273021943
12.320 1.8325 10.4357727891
12.330 1.8309 10.4442433839
12.340 1.8293 10.4527139787
12.350 1.8277 10.4611845735
12.360 1.8261 10.4696551683
12.370 1.8246 10.4781257631
12.380 1.8230 10.4865963579
12.390 1.8214 10.4950669527
12.400 1.8198 10.5035375475
12.410 1.8182 10.5120081423
12.420 1.8166 10.5204787371
12.430 1.8151 10.5289493318
12.440 1.8135 10.5374199266
12.450 1.8119 10.5458905214
12.460 1.8104 10.5543611162
12.470 1.8088 10.562831711
12.480 1.8072 10.5713023058
12.490 1.8057 10.5797729006
12.500 1.8041 10.5882434954
12.510 1.8026 10.5967140902
12.520 1.8010 10.605184685
12.530 1.7995 10.6136552798
12.540 1.7979 10.6221258746
12.550 1.7964 10.6305964694
12.560 1.7948 10.6390670642
12.570 1.7933 10.647537659
12.580 1.7918 10.6560082538
12.590 1.7902 10.6644788486
12.600 1.7887 10.6729494434
12.610 1.7872 10.6814200382
12.620 1.7856 10.689890633
12.630 1.7841 10.6983612278
12.640 1.7826 10.7068318226
12.650 1.7811 10.7153024174
12.660 1.7796 10.7237730122
12.670 1.7780 10.732243607
12.680 1.7765 10.7407142018
12.690 1.7750 10.7491847966
12.700 1.7735 10.7576553914
12.710 1.7720 10.7661259861
12.720 1.7705 10.7745965809
12.730 1.7690 10.7830671757
12.740 1.7675 10.7915377705
12.750 1.7660 10.8000083653
12.760 1.7645 10.8084789601
12.770 1.7630 10.8169495549
12.780 1.7615 10.8254201497
12.790 1.7600 10.8338907445
12.800 1.7586 10.8423613393
12.810 1.7571 10.8508319341
12.820 1.7556 10.8593025289
12.830 1.7541 10.8677731237
12.840 1.7526 10.8762437185
12.850 1.7512 10.8847143133
12.860 1.7497 10.8931849081
12.870 1.7482 10.9016555029
12.880 1.7468 10.9101260977
12.890 1.7453 10.9185966925
12.900 1.7438 10.9270672873
12.910 1.7424 10.9355378821
12.920 1.7409 10.9440084769
12.930 1.7395 10.9524790717
12.940 1.7380 10.9609496665
12.950 1.7366 10.9694202613
12.960 1.7351 10.9778908561
12.970 1.7337 10.9863614509
12.980 1.7322 10.9948320456
12.990 1.7308 11.0033026404
13.000 1.7294 11.0117732352
13.010 1.7279 11.02024383
13.020 1.7265 11.0287144248
13.030 1.7250 11.0371850196
13.040 1.7236 11.0456556144
13.050 1.7222 11.0541262092
13.060 1.7208 11.062596804
13.070 1.7193 11.0710673988
13.080 1.7179 11.0795379936
13.090 1.7165 11.0880085884
13.100 1.7151 11.0964791832
13.110 1.7137 11.104949778
13.120 1.7123 11.1134203728
13.130 1.7108 11.1218909676
13.140 1.7094 11.1303615624
13.150 1.7080 11.1388321572
13.160 1.7066 11.147302752
13.170 1.7052 11.1557733468
13.180 1.7038 11.1642439416
13.190 1.7024 11.1727145364
13.200 1.7010 11.1811851312
13.210 1.6996 11.189655726
13.220 1.6982 11.1981263208
13.230 1.6968 11.2065969156
13.240 1.6955 11.2150675104
13.250 1.6941 11.2235381051
13.260 1.6927 11.2320086999
13.270 1.6913 11.2404792947
13.280 1.6899 11.2489498895
13.290 1.6886 11.2574204843
13.300 1.6872 11.2658910791
13.310 1.6858 11.2743616739
13.320 1.6844 11.2828322687
13.330 1.6831 11.2913028635
13.340 1.6817 11.2997734583
13.350 1.6803 11.3082440531
13.360 1.6790 11.3167146479
13.370 1.6776 11.3251852427
13.380 1.6762 11.3336558375
13.390 1.6749 11.3421264323
13.400 1.6735 11.3505970271
13.410 1.6722 11.3590676219
13.420 1.6708 11.3675382167
13.430 1.6695 11.3760088115
13.440 1.6681 11.3844794063
13.450 1.6668 11.3929500011
13.460 1.6654 11.4014205959
13.470 1.6641 11.4098911907
13.480 1.6628 11.4183617855
13.490 1.6614 11.4268323803
13.500 1.6601 11.4353029751
13.510 1.6588 11.4437735699
13.520 1.6574 11.4522441647
13.530 1.6561 11.4607147594
13.540 1.6548 11.4691853542
13.550 1.6535 11.477655949
13.560 1.6521 11.4861265438
13.570 1.6508 11.4945971386
13.580 1.6495 11.5030677334
13.590 1.6482 11.5115383282
13.600 1.6469 11.520008923
13.610 1.6455 11.5284795178
13.620 1.6442 11.5369501126
13.630 1.6429 11.5454207074
13.640 1.6416 11.5538913022
13.650 1.6403 11.562361897
13.660 1.6390 11.5708324918
13.670 1.6377 11.5793030866
13.680 1.6364 11.5877736814
13.690 1.6351 11.5962442762
13.700 1.6338 11.604714871
13.710 1.6325 11.6131854658
13.720 1.6312 11.6216560606
13.730 1.6299 11.6301266554
13.740 1.6286 11.6385972502
13.750 1.6273 11.647067845
13.760 1.6261 11.6555384398
13.770 1.6248 11.6640090346
13.780 1.6235 11.6724796294
13.790 1.6222 11.6809502242
13.800 1.6209 11.6894208189
13.810 1.6197 11.6978914137
13.820 1.6184 11.7063620085
13.830 1.6171 11.7148326033
13.840 1.6158 11.7233031981
13.850 1.6146 11.7317737929
13.860 1.6133 11.7402443877
13.870 1.6120 11.7487149825
13.880 1.6108 11.7571855773
13.890 1.6095 11.7656561721
13.900 1.6083 11.7741267669
13.910 1.6070 11.7825973617
13.920 1.6057 11.7910679565
13.930 1.6045 11.7995385513
13.940 1.6032 11.8080091461
13.950 1.6020 11.8164797409
13.960 1.6007 11.8249503357
13.970 1.5995 11.8334209305
13.980 1.5982 11.8418915253
13.990 1.5970 11.8503621201
14.000 1.5958 11.8588327149
14.010 1.5945 11.8673033097
14.020 1.5933 11.8757739045
14.030 1.5920 11.8842444993
14.040 1.5908 11.8927150941
14.050 1.5896 11.9011856889
14.060 1.5883 11.9096562837
14.070 1.5871 11.9181268784
14.080 1.5859 11.9265974732
14.090 1.5847 11.935068068
14.100 1.5834 11.9435386628
14.110 1.5822 11.9520092576
14.120 1.5810 11.9604798524
14.130 1.5798 11.9689504472
14.140 1.5786 11.977421042
14.150 1.5773 11.9858916368
14.160 1.5761 11.9943622316
14.170 1.5749 12.0028328264
14.180 1.5737 12.0113034212
14.190 1.5725 12.019774016
14.200 1.5713 12.0282446108
14.210 1.5701 12.0367152056
14.220 1.5689 12.0451858004
14.230 1.5677 12.0536563952
14.240 1.5665 12.06212699
14.250 1.5653 12.0705975848
14.260 1.5641 12.0790681796
14.270 1.5629 12.0875387744
14.280 1.5617 12.0960093692
14.290 1.5605 12.104479964
14.300 1.5593 12.1129505588
14.310 1.5581 12.1214211536
14.320 1.5569 12.1298917484
14.330 1.5558 12.1383623432
14.340 1.5546 12.1468329379
14.350 1.5534 12.1553035327
14.360 1.5522 12.1637741275
14.370 1.5510 12.1722447223
14.380 1.5498 12.1807153171
14.390 1.5487 12.1891859119
14.400 1.5475 12.1976565067
14.410 1.5463 12.2061271015
14.420 1.5452 12.2145976963
14.430 1.5440 12.2230682911
14.440 1.5428 12.2315388859
14.450 1.5417 12.2400094807
14.460 1.5405 12.2484800755
14.470 1.5393 12.2569506703
14.480 1.5382 12.2654212651
14.490 1.5370 12.2738918599
14.500 1.5358 12.2823624547
14.510 1.5347 12.2908330495
14.520 1.5335 12.2993036443
14.530 1.5324 12.3077742391
14.540 1.5312 12.3162448339
14.550 1.5301 12.3247154287
14.560 1.5289 12.3331860235
14.570 1.5278 12.3416566183
14.580 1.5266 12.3501272131
14.590 1.5255 12.3585978079
14.600 1.5244 12.3670684027
14.610 1.5232 12.3755389975
14.620 1.5221 12.3840095922
14.630 1.5209 12.392480187
14.640 1.5198 12.4009507818
14.650 1.5187 12.4094213766
14.660 1.5175 12.4178919714
14.670 1.5164 12.4263625662
14.680 1.5153 12.434833161
14.690 1.5141 12.4433037558
14.700 1.5130 12.4517743506
14.710 1.5119 12.4602449454
14.720 1.5108 12.4687155402
14.730 1.5096 12.477186135
14.740 1.5085 12.4856567298
14.750 1.5074 12.4941273246
14.760 1.5063 12.5025979194
14.770 1.5052 12.5110685142
14.780 1.5041 12.519539109
14.790 1.5029 12.5280097038
14.800 1.5018 12.5364802986
14.810 1.5007 12.5449508934
14.820 1.4996 12.5534214882
14.830 1.4985 12.561892083
14.840 1.4974 12.5703626778
14.850 1.4963 12.5788332726
14.860 1.4952 12.5873038674
14.870 1.4941 12.5957744622
14.880 1.4930 12.604245057
14.890 1.4919 12.6127156517
14.900 1.4908 12.6211862465
14.910 1.4897 12.6296568413
14.920 1.4886 12.6381274361
14.930 1.4875 12.6465980309
14.940 1.4864 12.6550686257
14.950 1.4853 12.6635392205
14.960 1.4842 12.6720098153
14.970 1.4831 12.6804804101
14.980 1.4821 12.6889510049
14.990 1.4810 12.6974215997
15.000 1.4799 12.7058921945
15.100 1.4691 12.7905981425
15.110 1.4681 12.7990687373
15.120 1.4670 12.8075393321
15.130 1.4660 12.8160099269
15.140 1.4649 12.8244805217
15.150 1.4638 12.8329511165
15.160 1.4628 12.8414217112
15.170 1.4617 12.849892306
15.180 1.4607 12.8583629008
15.190 1.4596 12.8668334956
15.200 1.4585 12.8753040904
15.210 1.4575 12.8837746852
15.220 1.4564 12.89224528
15.230 1.4554 12.9007158748
15.240 1.4543 12.9091864696
15.250 1.4533 12.9176570644
15.260 1.4522 12.9261276592
15.270 1.4512 12.934598254
15.280 1.4502 12.9430688488
15.290 1.4491 12.9515394436
15.300 1.4481 12.9600100384
15.310 1.4470 12.9684806332
15.320 1.4460 12.976951228
15.330 1.4450 12.9854218228
15.340 1.4439 12.9938924176
15.350 1.4429 13.0023630124
15.360 1.4419 13.0108336072
15.370 1.4408 13.019304202
15.380 1.4398 13.0277747968
15.390 1.4388 13.0362453916
15.400 1.4377 13.0447159864
15.410 1.4367 13.0531865812
15.420 1.4357 13.061657176
15.430 1.4347 13.0701277708
15.440 1.4336 13.0785983655
15.450 1.4326 13.0870689603
15.460 1.4316 13.0955395551
15.470 1.4306 13.1040101499
15.480 1.4296 13.1124807447
15.490 1.4286 13.1209513395
15.500 1.4275 13.1294219343
15.510 1.4265 13.1378925291
15.520 1.4255 13.1463631239
15.530 1.4245 13.1548337187
15.540 1.4235 13.1633043135
15.550 1.4225 13.1717749083
15.560 1.4215 13.1802455031
15.570 1.4205 13.1887160979
15.580 1.4195 13.1971866927
15.590 1.4185 13.2056572875
15.600 1.4175 13.2141278823
15.610 1.4165 13.2225984771
15.620 1.4155 13.2310690719
15.630 1.4145 13.2395396667
15.640 1.4135 13.2480102615
15.650 1.4125 13.2564808563
15.660 1.4115 13.2649514511
15.670 1.4105 13.2734220459
15.680 1.4095 13.2818926407
15.690 1.4085 13.2903632355
15.700 1.4075 13.2988338303
15.710 1.4065 13.307304425
15.720 1.4055 13.3157750198
15.730 1.4046 13.3242456146
15.740 1.4036 13.3327162094
15.750 1.4026 13.3411868042
15.760 1.4016 13.349657399
15.770 1.4006 13.3581279938
15.780 1.3997 13.3665985886
15.790 1.3987 13.3750691834
15.800 1.3977 13.3835397782
15.810 1.3967 13.392010373
15.820 1.3958 13.4004809678
15.830 1.3948 13.4089515626
15.840 1.3938 13.4174221574
15.850 1.3928 13.4258927522
15.860 1.3919 13.434363347
15.870 1.3909 13.4428339418
15.880 1.3899 13.4513045366
15.890 1.3890 13.4597751314
15.900 1.3880 13.4682457262
15.910 1.3870 13.476716321
15.920 1.3861 13.4851869158
15.930 1.3851 13.4936575106
15.940 1.3842 13.5021281054
15.950 1.3832 13.5105987002
15.960 1.3822 13.519069295
15.970 1.3813 13.5275398898
15.980 1.3803 13.5360104845
15.990 1.3794 13.5444810793
16.000 1.3784 13.5529516741
16.010 1.3775 13.5614222689
16.020 1.3765 13.5698928637
16.030 1.3756 13.5783634585
16.040 1.3746 13.5868340533
16.050 1.3737 13.5953046481
16.060 1.3727 13.6037752429
16.070 1.3718 13.6122458377
16.080 1.3708 13.6207164325
16.090 1.3699 13.6291870273
16.100 1.3690 13.6376576221
16.110 1.3680 13.6461282169
16.120 1.3671 13.6545988117
16.130 1.3662 13.6630694065
16.140 1.3652 13.6715400013
16.150 1.3643 13.6800105961
16.160 1.3633 13.6884811909
16.170 1.3624 13.6969517857
16.180 1.3615 13.7054223805
16.190 1.3606 13.7138929753
16.200 1.3596 13.7223635701
16.210 1.3587 13.7308341649
16.220 1.3578 13.7393047597
16.230 1.3568 13.7477753545
16.240 1.3559 13.7562459493
16.250 1.3550 13.7647165441
16.260 1.3541 13.7731871388
16.270 1.3532 13.7816577336
16.280 1.3522 13.7901283284
16.290 1.3513 13.7985989232
16.300 1.3504 13.807069518
16.310 1.3495 13.8155401128
16.320 1.3486 13.8240107076
16.330 1.3476 13.8324813024
16.340 1.3467 13.8409518972
16.350 1.3458 13.849422492
16.360 1.3449 13.8578930868
16.370 1.3440 13.8663636816
16.380 1.3431 13.8748342764
16.390 1.3422 13.8833048712
16.400 1.3413 13.891775466
16.410 1.3404 13.9002460608
16.420 1.3395 13.9087166556
16.430 1.3386 13.9171872504
16.440 1.3377 13.9256578452
16.450 1.3368 13.93412844
16.460 1.3359 13.9425990348
16.470 1.3350 13.9510696296
16.480 1.3341 13.9595402244
16.490 1.3332 13.9680108192
16.500 1.3323 13.976481414
16.510 1.3314 13.9849520088
16.520 1.3305 13.9934226036
16.530 1.3296 14.0018931983
16.540 1.3287 14.0103637931
16.550 1.3278 14.0188343879
16.560 1.3269 14.0273049827
16.570 1.3260 14.0357755775
16.580 1.3251 14.0442461723
16.590 1.3243 14.0527167671
16.600 1.3234 14.0611873619
16.610 1.3225 14.0696579567
16.620 1.3216 14.0781285515
16.630 1.3207 14.0865991463
16.640 1.3198 14.0950697411
16.650 1.3190 14.1035403359
16.660 1.3181 14.1120109307
16.670 1.3172 14.1204815255
16.680 1.3163 14.1289521203
16.690 1.3155 14.1374227151
16.700 1.3146 14.1458933099
16.710 1.3137 14.1543639047
16.720 1.3128 14.1628344995
16.730 1.3120 14.1713050943
16.740 1.3111 14.1797756891
16.750 1.3102 14.1882462839
16.760 1.3093 14.1967168787
16.770 1.3085 14.2051874735
16.780 1.3076 14.2136580683
16.790 1.3067 14.2221286631
16.800 1.3059 14.2305992578
16.810 1.3050 14.2390698526
16.820 1.3042 14.2475404474
16.830 1.3033 14.2560110422
16.840 1.3024 14.264481637
16.850 1.3016 14.2729522318
16.860 1.3007 14.2814228266
16.870 1.2999 14.2898934214
16.880 1.2990 14.2983640162
16.890 1.2982 14.306834611
16.900 1.2973 14.3153052058
16.910 1.2964 14.3237758006
16.920 1.2956 14.3322463954
16.930 1.2947 14.3407169902
16.940 1.2939 14.349187585
16.950 1.2930 14.3576581798
16.960 1.2922 14.3661287746
16.970 1.2913 14.3745993694
16.980 1.2905 14.3830699642
16.990 1.2897 14.391540559
17.000 1.2888 14.4000111538
17.010 1.2880 14.4084817486
17.020 1.2871 14.4169523434
17.030 1.2863 14.4254229382
17.040 1.2854 14.433893533
17.050 1.2846 14.4423641278
17.060 1.2838 14.4508347226
17.070 1.2829 14.4593053174
17.080 1.2821 14.4677759121
17.090 1.2813 14.4762465069
17.100 1.2804 14.4847171017
17.110 1.2796 14.4931876965
17.120 1.2788 14.5016582913
17.130 1.2779 14.5101288861
17.140 1.2771 14.5185994809
17.150 1.2763 14.5270700757
17.160 1.2754 14.5355406705
17.170 1.2746 14.5440112653
17.180 1.2738 14.5524818601
17.190 1.2730 14.5609524549
17.200 1.2721 14.5694230497
17.210 1.2713 14.5778936445
17.220 1.2705 14.5863642393
17.230 1.2697 14.5948348341
17.240 1.2688 14.6033054289
17.250 1.2680 14.6117760237
17.260 1.2672 14.6202466185
17.270 1.2664 14.6287172133
17.280 1.2656 14.6371878081
17.290 1.2647 14.6456584029
17.300 1.2639 14.6541289977
17.310 1.2631 14.6625995925
17.320 1.2623 14.6710701873
17.330 1.2615 14.6795407821
17.340 1.2607 14.6880113769
17.350 1.2599 14.6964819716
17.360 1.2591 14.7049525664
17.370 1.2582 14.7134231612
17.380 1.2574 14.721893756
17.390 1.2566 14.7303643508
17.400 1.2558 14.7388349456
17.410 1.2550 14.7473055404
17.420 1.2542 14.7557761352
17.430 1.2534 14.76424673
17.440 1.2526 14.7727173248
17.450 1.2518 14.7811879196
17.460 1.2510 14.7896585144
17.470 1.2502 14.7981291092
17.480 1.2494 14.806599704
17.490 1.2486 14.8150702988
17.500 1.2478 14.8235408936
17.510 1.2470 14.8320114884
17.520 1.2462 14.8404820832
17.530 1.2454 14.848952678
17.540 1.2446 14.8574232728
17.550 1.2438 14.8658938676
17.560 1.2430 14.8743644624
17.570 1.2423 14.8828350572
17.580 1.2415 14.891305652
17.590 1.2407 14.8997762468
17.600 1.2399 14.9082468416
17.610 1.2391 14.9167174364
17.620 1.2383 14.9251880311
17.630 1.2375 14.9336586259
17.640 1.2367 14.9421292207
17.650 1.2360 14.9505998155
17.660 1.2352 14.9590704103
17.670 1.2344 14.9675410051
17.680 1.2336 14.9760115999
17.690 1.2328 14.9844821947
17.700 1.2321 14.9929527895
17.710 1.2313 15.0014233843
17.720 1.2305 15.0098939791
17.730 1.2297 15.0183645739
17.740 1.2289 15.0268351687
17.750 1.2282 15.0353057635
17.760 1.2274 15.0437763583
17.770 1.2266 15.0522469531
17.780 1.2258 15.0607175479
17.790 1.2251 15.0691881427
17.800 1.2243 15.0776587375
17.810 1.2235 15.0861293323
17.820 1.2228 15.0945999271
17.830 1.2220 15.1030705219
17.840 1.2212 15.1115411167
17.850 1.2205 15.1200117115
17.860 1.2197 15.1284823063
17.870 1.2189 15.1369529011
17.880 1.2182 15.1454234959
17.890 1.2174 15.1538940907
17.900 1.2166 15.1623646854
17.910 1.2159 15.1708352802
17.920 1.2151 15.179305875
17.930 1.2144 15.1877764698
17.940 1.2136 15.1962470646
17.950 1.2128 15.2047176594
17.960 1.2121 15.2131882542
17.970 1.2113 15.221658849
17.980 1.2106 15.2301294438
17.990 1.2098 15.2386000386
18.000 1.2091 15.2470706334
18.010 1.2083 15.2555412282
18.020 1.2076 15.264011823
18.030 1.2068 15.2724824178
18.040 1.2061 15.2809530126
18.050 1.2053 15.2894236074
18.060 1.2046 15.2978942022
18.070 1.2038 15.306364797
18.080 1.2031 15.3148353918
18.090 1.2023 15.3233059866
18.100 1.2016 15.3317765814
18.110 1.2008 15.3402471762
18.120 1.2001 15.348717771
18.130 1.1993 15.3571883658
18.140 1.1986 15.3656589606
18.150 1.1979 15.3741295554
18.160 1.1971 15.3826001502
18.170 1.1964 15.3910707449
18.180 1.1956 15.3995413397
18.190 1.1949 15.4080119345
18.200 1.1942 15.4164825293
18.210 1.1934 15.4249531241
18.220 1.1927 15.4334237189
18.230 1.1920 15.4418943137
18.240 1.1912 15.4503649085
18.250 1.1905 15.4588355033
18.260 1.1898 15.4673060981
18.270 1.1890 15.4757766929
18.280 1.1883 15.4842472877
18.290 1.1876 15.4927178825
18.300 1.1868 15.5011884773
18.310 1.1861 15.5096590721
18.320 1.1854 15.5181296669
18.330 1.1846 15.5266002617
18.340 1.1839 15.5350708565
18.350 1.1832 15.5435414513
18.360 1.1825 15.5520120461
18.370 1.1817 15.5604826409
18.380 1.1810 15.5689532357
18.390 1.1803 15.5774238305
18.400 1.1796 15.5858944253
18.410 1.1789 15.5943650201
18.420 1.1781 15.6028356149
18.430 1.1774 15.6113062097
18.440 1.1767 15.6197768044
18.450 1.1760 15.6282473992
18.460 1.1753 15.636717994
18.470 1.1745 15.6451885888
18.480 1.1738 15.6536591836
18.490 1.1731 15.6621297784
18.500 1.1724 15.6706003732
18.510 1.1717 15.679070968
18.520 1.1710 15.6875415628
18.530 1.1703 15.6960121576
18.540 1.1695 15.7044827524
18.550 1.1688 15.7129533472
18.560 1.1681 15.721423942
18.570 1.1674 15.7298945368
18.580 1.1667 15.7383651316
18.590 1.1660 15.7468357264
18.600 1.1653 15.7553063212
18.610 1.1646 15.763776916
18.620 1.1639 15.7722475108
18.630 1.1632 15.7807181056
18.640 1.1625 15.7891887004
18.650 1.1618 15.7976592952
18.660 1.1611 15.80612989
18.670 1.1604 15.8146004848
18.680 1.1597 15.8230710796
18.690 1.1590 15.8315416744
18.700 1.1583 15.8400122692
18.710 1.1576 15.848482864
18.720 1.1569 15.8569534587
18.730 1.1562 15.8654240535
18.740 1.1555 15.8738946483
18.750 1.1548 15.8823652431
18.760 1.1541 15.8908358379
18.770 1.1534 15.8993064327
18.780 1.1527 15.9077770275
18.790 1.1520 15.9162476223
18.800 1.1513 15.9247182171
18.810 1.1506 15.9331888119
18.820 1.1499 15.9416594067
18.830 1.1493 15.9501300015
18.840 1.1486 15.9586005963
18.850 1.1479 15.9670711911
18.860 1.1472 15.9755417859
18.870 1.1465 15.9840123807
18.880 1.1458 15.9924829755
18.890 1.1451 16.0009535703
18.900 1.1444 16.0094241651
18.910 1.1438 16.0178947599
18.920 1.1431 16.0263653547
18.930 1.1424 16.0348359495
18.940 1.1417 16.0433065443
18.950 1.1410 16.0517771391
18.960 1.1404 16.0602477339
18.970 1.1397 16.0687183287
18.980 1.1390 16.0771889235
18.990 1.1383 16.0856595182
19.000 1.1376 16.094130113
19.010 1.1370 16.1026007078
19.020 1.1363 16.1110713026
19.030 1.1356 16.1195418974
19.040 1.1349 16.1280124922
19.050 1.1343 16.136483087
19.060 1.1336 16.1449536818
19.070 1.1329 16.1534242766
19.080 1.1322 16.1618948714
19.090 1.1316 16.1703654662
19.100 1.1309 16.178836061
19.110 1.1302 16.1873066558
19.120 1.1296 16.1957772506
19.130 1.1289 16.2042478454
19.140 1.1282 16.2127184402
19.150 1.1276 16.221189035
19.160 1.1269 16.2296596298
19.170 1.1262 16.2381302246
19.180 1.1256 16.2466008194
19.190 1.1249 16.2550714142
19.200 1.1242 16.263542009
19.210 1.1236 16.2720126038
19.220 1.1229 16.2804831986
19.230 1.1222 16.2889537934
19.240 1.1216 16.2974243882
19.250 1.1209 16.305894983
19.260 1.1203 16.3143655777
19.270 1.1196 16.3228361725
19.280 1.1190 16.3313067673
19.290 1.1183 16.3397773621
19.300 1.1176 16.3482479569
19.310 1.1170 16.3567185517
19.320 1.1163 16.3651891465
19.330 1.1157 16.3736597413
19.340 1.1150 16.3821303361
19.350 1.1144 16.3906009309
19.360 1.1137 16.3990715257
19.370 1.1131 16.4075421205
19.380 1.1124 16.4160127153
19.390 1.1118 16.4244833101
19.400 1.1111 16.4329539049
19.410 1.1105 16.4414244997
19.420 1.1098 16.4498950945
19.430 1.1092 16.4583656893
19.440 1.1085 16.4668362841
19.450 1.1079 16.4753068789
19.460 1.1072 16.4837774737
19.470 1.1066 16.4922480685
19.480 1.1059 16.5007186633
19.490 1.1053 16.5091892581
19.500 1.1046 16.5176598529
19.510 1.1040 16.5261304477
19.520 1.1034 16.5346010425
19.530 1.1027 16.5430716372
19.540 1.1021 16.551542232
19.550 1.1014 16.5600128268
19.560 1.1008 16.5684834216
19.570 1.1002 16.5769540164
19.580 1.0995 16.5854246112
19.590 1.0989 16.593895206
19.600 1.0982 16.6023658008
19.610 1.0976 16.6108363956
19.620 1.0970 16.6193069904
19.630 1.0963 16.6277775852
19.640 1.0957 16.63624818
19.650 1.0951 16.6447187748
19.660 1.0944 16.6531893696
19.670 1.0938 16.6616599644
19.680 1.0932 16.6701305592
19.690 1.0925 16.678601154
19.700 1.0919 16.6870717488
19.710 1.0913 16.6955423436
19.720 1.0906 16.7040129384
19.730 1.0900 16.7124835332
19.740 1.0894 16.720954128
19.750 1.0888 16.7294247228
19.760 1.0881 16.7378953176
19.770 1.0875 16.7463659124
19.780 1.0869 16.7548365072
19.790 1.0863 16.763307102
19.800 1.0856 16.7717776968
19.810 1.0850 16.7802482915
19.820 1.0844 16.7887188863
19.830 1.0838 16.7971894811
19.840 1.0831 16.8056600759
19.850 1.0825 16.8141306707
19.860 1.0819 16.8226012655
19.870 1.0813 16.8310718603
19.880 1.0807 16.8395424551
19.890 1.0800 16.8480130499
19.900 1.0794 16.8564836447
19.910 1.0788 16.8649542395
19.920 1.0782 16.8734248343
19.930 1.0776 16.8818954291
19.940 1.0770 16.8903660239
19.950 1.0763 16.8988366187
19.960 1.0757 16.9073072135
19.970 1.0751 16.9157778083
19.980 1.0745 16.9242484031
19.990 1.0739 16.9327189979
20.000 1.0733 16.9411895927
20.100 1.0672 17.0258955406
20.110 1.0666 17.0343661354
20.120 1.0660 17.0428367302
20.130 1.0654 17.051307325
20.140 1.0648 17.0597779198
20.150 1.0642 17.0682485146
20.160 1.0636 17.0767191094
20.170 1.0630 17.0851897042
20.180 1.0624 17.093660299
20.190 1.0618 17.1021308938
20.200 1.0612 17.1106014886
20.210 1.0606 17.1190720834
20.220 1.0600 17.1275426782
20.230 1.0594 17.136013273
20.240 1.0588 17.1444838678
20.250 1.0582 17.1529544626
20.260 1.0576 17.1614250574
20.270 1.0570 17.1698956522
20.280 1.0564 17.178366247
20.290 1.0558 17.1868368418
20.300 1.0552 17.1953074366
20.310 1.0546 17.2037780314
20.320 1.0540 17.2122486262
20.330 1.0534 17.220719221
20.340 1.0528 17.2291898158
20.350 1.0522 17.2376604105
20.360 1.0516 17.2461310053
20.370 1.0510 17.2546016001
20.380 1.0504 17.2630721949
20.390 1.0499 17.2715427897
20.400 1.0493 17.2800133845
20.410 1.0487 17.2884839793
20.420 1.0481 17.2969545741
20.430 1.0475 17.3054251689
20.440 1.0469 17.3138957637
20.450 1.0463 17.3223663585
20.460 1.0457 17.3308369533
20.470 1.0452 17.3393075481
20.480 1.0446 17.3477781429
20.490 1.0440 17.3562487377
20.500 1.0434 17.3647193325
20.510 1.0428 17.3731899273
20.520 1.0422 17.3816605221
20.530 1.0417 17.3901311169
20.540 1.0411 17.3986017117
20.550 1.0405 17.4070723065
20.560 1.0399 17.4155429013
20.570 1.0393 17.4240134961
20.580 1.0388 17.4324840909
20.590 1.0382 17.4409546857
20.600 1.0376 17.4494252805
20.610 1.0370 17.4578958753
20.620 1.0365 17.4663664701
20.630 1.0359 17.4748370648
20.640 1.0353 17.4833076596
20.650 1.0347 17.4917782544
20.660 1.0342 17.5002488492
20.670 1.0336 17.508719444
20.680 1.0330 17.5171900388
20.690 1.0324 17.5256606336
20.700 1.0319 17.5341312284
20.710 1.0313 17.5426018232
20.720 1.0307 17.551072418
20.730 1.0302 17.5595430128
20.740 1.0296 17.5680136076
20.750 1.0290 17.5764842024
20.760 1.0284 17.5849547972
20.770 1.0279 17.593425392
20.780 1.0273 17.6018959868
20.790 1.0267 17.6103665816
20.800 1.0262 17.6188371764
20.810 1.0256 17.6273077712
20.820 1.0250 17.635778366
20.830 1.0245 17.6442489608
20.840 1.0239 17.6527195556
20.850 1.0234 17.6611901504
20.860 1.0228 17.6696607452
20.870 1.0222 17.67813134
20.880 1.0217 17.6866019348
20.890 1.0211 17.6950725296
20.900 1.0205 17.7035431243
20.910 1.0200 17.7120137191
20.920 1.0194 17.7204843139
20.930 1.0189 17.7289549087
20.940 1.0183 17.7374255035
20.950 1.0177 17.7458960983
20.960 1.0172 17.7543666931
20.970 1.0166 17.7628372879
20.980 1.0161 17.7713078827
20.990 1.0155 17.7797784775
21.000 1.0150 17.7882490723
21.010 1.0144 17.7967196671
21.020 1.0138 17.8051902619
21.030 1.0133 17.8136608567
21.040 1.0127 17.8221314515
21.050 1.0122 17.8306020463
21.060 1.0116 17.8390726411
21.070 1.0111 17.8475432359
21.080 1.0105 17.8560138307
21.090 1.0100 17.8644844255
21.100 1.0094 17.8729550203
21.110 1.0089 17.8814256151
21.120 1.0083 17.8898962099
21.130 1.0078 17.8983668047
21.140 1.0072 17.9068373995
21.150 1.0067 17.9153079943
21.160 1.0061 17.9237785891
21.170 1.0056 17.9322491838
21.180 1.0050 17.9407197786
21.190 1.0045 17.9491903734
21.200 1.0039 17.9576609682
21.210 1.0034 17.966131563
21.220 1.0029 17.9746021578
21.230 1.0023 17.9830727526
21.240 1.0018 17.9915433474
21.250 1.0012 18.0000139422
21.260 1.0007 18.008484537
21.270 1.0001 18.0169551318
21.280 0.99960 18.0254257266
21.290 0.99906 18.0338963214
21.300 0.99852 18.0423669162
21.310 0.99798 18.050837511
21.320 0.99744 18.0593081058
21.330 0.99690 18.0677787006
21.340 0.99636 18.0762492954
21.350 0.99582 18.0847198902
21.360 0.99528 18.093190485
21.370 0.99475 18.1016610798
21.380 0.99421 18.1101316746
21.390 0.99367 18.1186022694
21.400 0.99314 18.1270728642
21.410 0.99260 18.135543459
21.420 0.99207 18.1440140538
21.430 0.99153 18.1524846486
21.440 0.99100 18.1609552434
21.450 0.99047 18.1694258381
21.460 0.98993 18.1778964329
21.470 0.98940 18.1863670277
21.480 0.98887 18.1948376225
21.490 0.98834 18.2033082173
21.500 0.98781 18.2117788121
21.510 0.98728 18.2202494069
21.520 0.98675 18.2287200017
21.530 0.98622 18.2371905965
21.540 0.98569 18.2456611913
21.550 0.98516 18.2541317861
21.560 0.98463 18.2626023809
21.570 0.98410 18.2710729757
21.580 0.98358 18.2795435705
21.590 0.98305 18.2880141653
21.600 0.98252 18.2964847601
21.610 0.98200 18.3049553549
21.620 0.98147 18.3134259497
21.630 0.98095 18.3218965445
21.640 0.98042 18.3303671393
21.650 0.97990 18.3388377341
21.660 0.97938 18.3473083289
21.670 0.97886 18.3557789237
21.680 0.97833 18.3642495185
21.690 0.97781 18.3727201133
21.700 0.97729 18.3811907081
21.710 0.97677 18.3896613029
21.720 0.97625 18.3981318976
21.730 0.97573 18.4066024924
21.740 0.97521 18.4150730872
21.750 0.97469 18.423543682
21.760 0.97417 18.4320142768
21.770 0.97365 18.4404848716
21.780 0.97314 18.4489554664
21.790 0.97262 18.4574260612
21.800 0.97210 18.465896656
21.810 0.97159 18.4743672508
21.820 0.97107 18.4828378456
21.830 0.97056 18.4913084404
21.840 0.97004 18.4997790352
21.850 0.96953 18.50824963
21.860 0.96901 18.5167202248
21.870 0.96850 18.5251908196
21.880 0.96799 18.5336614144
21.890 0.96747 18.5421320092
21.900 0.96696 18.550602604
21.910 0.96645 18.5590731988
21.920 0.96594 18.5675437936
21.930 0.96543 18.5760143884
21.940 0.96492 18.5844849832
21.950 0.96441 18.592955578
21.960 0.96390 18.6014261728
21.970 0.96339 18.6098967676
21.980 0.96288 18.6183673624
21.990 0.96238 18.6268379571
22.000 0.96187 18.6353085519
22.010 0.96136 18.6437791467
22.020 0.96085 18.6522497415
22.030 0.96035 18.6607203363
22.040 0.95984 18.6691909311
22.050 0.95934 18.6776615259
22.060 0.95883 18.6861321207
22.070 0.95833 18.6946027155
22.080 0.95783 18.7030733103
22.090 0.95732 18.7115439051
22.100 0.95682 18.7200144999
22.110 0.95632 18.7284850947
22.120 0.95581 18.7369556895
22.130 0.95531 18.7454262843
22.140 0.95481 18.7538968791
22.150 0.95431 18.7623674739
22.160 0.95381 18.7708380687
22.170 0.95331 18.7793086635
22.180 0.95281 18.7877792583
22.190 0.95231 18.7962498531
22.200 0.95181 18.8047204479
22.210 0.95132 18.8131910427
22.220 0.95082 18.8216616375
22.230 0.95032 18.8301322323
22.240 0.94983 18.8386028271
22.250 0.94933 18.8470734219
22.260 0.94883 18.8555440167
22.270 0.94834 18.8640146114
22.280 0.94784 18.8724852062
22.290 0.94735 18.880955801
22.300 0.94685 18.8894263958
22.310 0.94636 18.8978969906
22.320 0.94587 18.9063675854
22.330 0.94538 18.9148381802
22.340 0.94488 18.923308775
22.350 0.94439 18.9317793698
22.360 0.94390 18.9402499646
22.370 0.94341 18.9487205594
22.380 0.94292 18.9571911542
22.390 0.94243 18.965661749
22.400 0.94194 18.9741323438
22.410 0.94145 18.9826029386
22.420 0.94096 18.9910735334
22.430 0.94047 18.9995441282
22.440 0.93998 19.008014723
22.450 0.93950 19.0164853178
22.460 0.93901 19.0249559126
22.470 0.93852 19.0334265074
22.480 0.93804 19.0418971022
22.490 0.93755 19.050367697
22.500 0.93706 19.0588382918
22.510 0.93658 19.0673088866
22.520 0.93609 19.0757794814
22.530 0.93561 19.0842500762
22.540 0.93513 19.0927206709
22.550 0.93464 19.1011912657
22.560 0.93416 19.1096618605
22.570 0.93368 19.1181324553
22.580 0.93320 19.1266030501
22.590 0.93271 19.1350736449
22.600 0.93223 19.1435442397
22.610 0.93175 19.1520148345
22.620 0.93127 19.1604854293
22.630 0.93079 19.1689560241
22.640 0.93031 19.1774266189
22.650 0.92983 19.1858972137
22.660 0.92935 19.1943678085
22.670 0.92888 19.2028384033
22.680 0.92840 19.2113089981
22.690 0.92792 19.2197795929
22.700 0.92744 19.2282501877
22.710 0.92697 19.2367207825
22.720 0.92649 19.2451913773
22.730 0.92601 19.2536619721
22.740 0.92554 19.2621325669
22.750 0.92506 19.2706031617
22.760 0.92459 19.2790737565
22.770 0.92411 19.2875443513
22.780 0.92364 19.2960149461
22.790 0.92317 19.3044855409
22.800 0.92269 19.3129561357
22.810 0.92222 19.3214267304
22.820 0.92175 19.3298973252
22.830 0.92128 19.33836792
22.840 0.92081 19.3468385148
22.850 0.92033 19.3553091096
22.860 0.91986 19.3637797044
22.870 0.91939 19.3722502992
22.880 0.91892 19.380720894
22.890 0.91846 19.3891914888
22.900 0.91799 19.3976620836
22.910 0.91752 19.4061326784
22.920 0.91705 19.4146032732
22.930 0.91658 19.423073868
22.940 0.91611 19.4315444628
22.950 0.91565 19.4400150576
22.960 0.91518 19.4484856524
22.970 0.91471 19.4569562472
22.980 0.91425 19.465426842
22.990 0.91378 19.4738974368
23.000 0.91332 19.4823680316
23.010 0.91285 19.4908386264
23.020 0.91239 19.4993092212
23.030 0.91193 19.507779816
23.040 0.91146 19.5162504108
23.050 0.91100 19.5247210056
23.060 0.91054 19.5331916004
23.070 0.91007 19.5416621952
23.080 0.90961 19.55013279
23.090 0.90915 19.5586033847
23.100 0.90869 19.5670739795
23.110 0.90823 19.5755445743
23.120 0.90777 19.5840151691
23.130 0.90731 19.5924857639
23.140 0.90685 19.6009563587
23.150 0.90639 19.6094269535
23.160 0.90593 19.6178975483
23.170 0.90547 19.6263681431
23.180 0.90502 19.6348387379
23.190 0.90456 19.6433093327
23.200 0.90410 19.6517799275
23.210 0.90364 19.6602505223
23.220 0.90319 19.6687211171
23.230 0.90273 19.6771917119
23.240 0.90228 19.6856623067
23.250 0.90182 19.6941329015
23.260 0.90137 19.7026034963
23.270 0.90091 19.7110740911
23.280 0.90046 19.7195446859
23.290 0.90000 19.7280152807
23.300 0.89955 19.7364858755
23.310 0.89910 19.7449564703
23.320 0.89865 19.7534270651
23.330 0.89819 19.7618976599
23.340 0.89774 19.7703682547
23.350 0.89729 19.7788388495
23.360 0.89684 19.7873094442
23.370 0.89639 19.795780039
23.380 0.89594 19.8042506338
23.390 0.89549 19.8127212286
23.400 0.89504 19.8211918234
23.410 0.89459 19.8296624182
23.420 0.89414 19.838133013
23.430 0.89369 19.8466036078
23.440 0.89324 19.8550742026
23.450 0.89280 19.8635447974
23.460 0.89235 19.8720153922
23.470 0.89190 19.880485987
23.480 0.89146 19.8889565818
23.490 0.89101 19.8974271766
23.500 0.89056 19.9058977714
23.510 0.89012 19.9143683662
23.520 0.88967 19.922838961
23.530 0.88923 19.9313095558
23.540 0.88878 19.9397801506
23.550 0.88834 19.9482507454
23.560 0.88790 19.9567213402
23.570 0.88745 19.965191935
23.580 0.88701 19.9736625298
23.590 0.88657 19.9821331246
23.600 0.88613 19.9906037194
23.610 0.88568 19.9990743142
23.620 0.88524 20.007544909
23.630 0.88480 20.0160155037
23.640 0.88436 20.0244860985
23.650 0.88392 20.0329566933
23.660 0.88348 20.0414272881
23.670 0.88304 20.0498978829
23.680 0.88260 20.0583684777
23.690 0.88216 20.0668390725
23.700 0.88173 20.0753096673
23.710 0.88129 20.0837802621
23.720 0.88085 20.0922508569
23.730 0.88041 20.1007214517
23.740 0.87997 20.1091920465
23.750 0.87954 20.1176626413
23.760 0.87910 20.1261332361
23.770 0.87867 20.1346038309
23.780 0.87823 20.1430744257
23.790 0.87780 20.1515450205
23.800 0.87736 20.1600156153
23.810 0.87693 20.1684862101
23.820 0.87649 20.1769568049
23.830 0.87606 20.1854273997
23.840 0.87562 20.1938979945
23.850 0.87519 20.2023685893
23.860 0.87476 20.2108391841
23.870 0.87433 20.2193097789
23.880 0.87389 20.2277803737
23.890 0.87346 20.2362509685
23.900 0.87303 20.2447215632
23.910 0.87260 20.253192158
23.920 0.87217 20.2616627528
23.930 0.87174 20.2701333476
23.940 0.87131 20.2786039424
23.950 0.87088 20.2870745372
23.960 0.87045 20.295545132
23.970 0.87002 20.3040157268
23.980 0.86959 20.3124863216
23.990 0.86917 20.3209569164
24.000 0.86874 20.3294275112
24.010 0.86831 20.337898106
24.020 0.86788 20.3463687008
24.030 0.86746 20.3548392956
24.040 0.86703 20.3633098904
24.050 0.86660 20.3717804852
24.060 0.86618 20.38025108
24.070 0.86575 20.3887216748
24.080 0.86533 20.3971922696
24.090 0.86490 20.4056628644
24.100 0.86448 20.4141334592
24.110 0.86405 20.422604054
24.120 0.86363 20.4310746488
24.130 0.86321 20.4395452436
24.140 0.86278 20.4480158384
24.150 0.86236 20.4564864332
24.160 0.86194 20.464957028
24.170 0.86152 20.4734276228
24.180 0.86110 20.4818982175
24.190 0.86068 20.4903688123
24.200 0.86025 20.4988394071
24.210 0.85983 20.5073100019
24.220 0.85941 20.5157805967
24.230 0.85899 20.5242511915
24.240 0.85857 20.5327217863
24.250 0.85815 20.5411923811
24.260 0.85774 20.5496629759
24.270 0.85732 20.5581335707
24.280 0.85690 20.5666041655
24.290 0.85648 20.5750747603
24.300 0.85606 20.5835453551
24.310 0.85565 20.5920159499
24.320 0.85523 20.6004865447
24.330 0.85481 20.6089571395
24.340 0.85440 20.6174277343
24.350 0.85398 20.6258983291
24.360 0.85357 20.6343689239
24.370 0.85315 20.6428395187
24.380 0.85274 20.6513101135
24.390 0.85232 20.6597807083
24.400 0.85191 20.6682513031
24.410 0.85149 20.6767218979
24.420 0.85108 20.6851924927
24.430 0.85067 20.6936630875
24.440 0.85025 20.7021336823
24.450 0.84984 20.710604277
24.460 0.84943 20.7190748718
24.470 0.84902 20.7275454666
24.480 0.84860 20.7360160614
24.490 0.84819 20.7444866562
24.500 0.84778 20.752957251
24.510 0.84737 20.7614278458
24.520 0.84696 20.7698984406
24.530 0.84655 20.7783690354
24.540 0.84614 20.7868396302
24.550 0.84573 20.795310225
24.560 0.84532 20.8037808198
24.570 0.84492 20.8122514146
24.580 0.84451 20.8207220094
24.590 0.84410 20.8291926042
24.600 0.84369 20.837663199
24.610 0.84328 20.8461337938
24.620 0.84288 20.8546043886
24.630 0.84247 20.8630749834
24.640 0.84206 20.8715455782
24.650 0.84166 20.880016173
24.660 0.84125 20.8884867678
24.670 0.84085 20.8969573626
24.680 0.84044 20.9054279574
24.690 0.84004 20.9138985522
24.700 0.83963 20.922369147
24.710 0.83923 20.9308397418
24.720 0.83883 20.9393103365
24.730 0.83842 20.9477809313
24.740 0.83802 20.9562515261
24.750 0.83762 20.9647221209
24.760 0.83721 20.9731927157
24.770 0.83681 20.9816633105
24.780 0.83641 20.9901339053
24.790 0.83601 20.9986045001
24.800 0.83561 21.0070750949
24.810 0.83521 21.0155456897
24.820 0.83480 21.0240162845
24.830 0.83440 21.0324868793
24.840 0.83400 21.0409574741
24.850 0.83360 21.0494280689
24.860 0.83321 21.0578986637
24.870 0.83281 21.0663692585
24.880 0.83241 21.0748398533
24.890 0.83201 21.0833104481
24.900 0.83161 21.0917810429
24.910 0.83121 21.1002516377
24.920 0.83082 21.1087222325
24.930 0.83042 21.1171928273
24.940 0.83002 21.1256634221
24.950 0.82963 21.1341340169
24.960 0.82923 21.1426046117
24.970 0.82883 21.1510752065
24.980 0.82844 21.1595458013
24.990 0.82804 21.1680163961
25.000 0.82765 21.1764869908
25.100 0.82371 21.2611929388
25.110 0.82332 21.2696635336
25.120 0.82293 21.2781341284
25.130 0.82254 21.2866047232
25.140 0.82215 21.295075318
25.150 0.82176 21.3035459128
25.160 0.82137 21.3120165076
25.170 0.82098 21.3204871024
25.180 0.82059 21.3289576972
25.190 0.82020 21.337428292
25.200 0.81981 21.3458988868
25.210 0.81942 21.3543694816
25.220 0.81903 21.3628400764
25.230 0.81865 21.3713106712
25.240 0.81826 21.379781266
25.250 0.81787 21.3882518608
25.260 0.81748 21.3967224556
25.270 0.81710 21.4051930503
25.280 0.81671 21.4136636451
25.290 0.81632 21.4221342399
25.300 0.81594 21.4306048347
25.310 0.81555 21.4390754295
25.320 0.81517 21.4475460243
25.330 0.81478 21.4560166191
25.340 0.81440 21.4644872139
25.350 0.81401 21.4729578087
25.360 0.81363 21.4814284035
25.370 0.81324 21.4898989983
25.380 0.81286 21.4983695931
25.390 0.81248 21.5068401879
25.400 0.81209 21.5153107827
25.410 0.81171 21.5237813775
25.420 0.81133 21.5322519723
25.430 0.81095 21.5407225671
25.440 0.81057 21.5491931619
25.450 0.81018 21.5576637567
25.460 0.80980 21.5661343515
25.470 0.80942 21.5746049463
25.480 0.80904 21.5830755411
25.490 0.80866 21.5915461359
25.500 0.80828 21.6000167307
25.510 0.80790 21.6084873255
25.520 0.80752 21.6169579203
25.530 0.80714 21.6254285151
25.540 0.80676 21.6338991098
25.550 0.80639 21.6423697046
25.560 0.80601 21.6508402994
25.570 0.80563 21.6593108942
25.580 0.80525 21.667781489
25.590 0.80487 21.6762520838
25.600 0.80450 21.6847226786
25.610 0.80412 21.6931932734
25.620 0.80374 21.7016638682
25.630 0.80337 21.710134463
25.640 0.80299 21.7186050578
25.650 0.80261 21.7270756526
25.660 0.80224 21.7355462474
25.670 0.80186 21.7440168422
25.680 0.80149 21.752487437
25.690 0.80111 21.7609580318
25.700 0.80074 21.7694286266
25.710 0.80037 21.7778992214
25.720 0.79999 21.7863698162
25.730 0.79962 21.794840411
25.740 0.79925 21.8033110058
25.750 0.79887 21.8117816006
25.760 0.79850 21.8202521954
25.770 0.79813 21.8287227902
25.780 0.79776 21.837193385
25.790 0.79738 21.8456639798
25.800 0.79701 21.8541345746
25.810 0.79664 21.8626051694
25.820 0.79627 21.8710757641
25.830 0.79590 21.8795463589
25.840 0.79553 21.8880169537
25.850 0.79516 21.8964875485
25.860 0.79479 21.9049581433
25.870 0.79442 21.9134287381
25.880 0.79405 21.9218993329
25.890 0.79368 21.9303699277
25.900 0.79331 21.9388405225
25.910 0.79294 21.9473111173
25.920 0.79258 21.9557817121
25.930 0.79221 21.9642523069
25.940 0.79184 21.9727229017
25.950 0.79147 21.9811934965
25.960 0.79111 21.9896640913
25.970 0.79074 21.9981346861
25.980 0.79037 22.0066052809
25.990 0.79001 22.0150758757
26.000 0.78964 22.0235464705
26.010 0.78928 22.0320170653
26.020 0.78891 22.0404876601
26.030 0.78854 22.0489582549
26.040 0.78818 22.0574288497
26.050 0.78782 22.0658994445
26.060 0.78745 22.0743700393
26.070 0.78709 22.0828406341
26.080 0.78672 22.0913112289
26.090 0.78636 22.0997818236
26.100 0.78600 22.1082524184
26.110 0.78563 22.1167230132
26.120 0.78527 22.125193608
26.130 0.78491 22.1336642028
26.140 0.78455 22.1421347976
26.150 0.78418 22.1506053924
26.160 0.78382 22.1590759872
26.170 0.78346 22.167546582
26.180 0.78310 22.1760171768
26.190 0.78274 22.1844877716
26.200 0.78238 22.1929583664
26.210 0.78202 22.2014289612
26.220 0.78166 22.209899556
26.230 0.78130 22.2183701508
26.240 0.78094 22.2268407456
26.250 0.78058 22.2353113404
26.260 0.78022 22.2437819352
26.270 0.77986 22.25225253
26.280 0.77950 22.2607231248
26.290 0.77915 22.2691937196
26.300 0.77879 22.2776643144
26.310 0.77843 22.2861349092
26.320 0.77807 22.294605504
26.330 0.77772 22.3030760988
26.340 0.77736 22.3115466936
26.350 0.77700 22.3200172884
26.360 0.77665 22.3284878831
26.370 0.77629 22.3369584779
26.380 0.77593 22.3454290727
26.390 0.77558 22.3538996675
26.400 0.77522 22.3623702623
26.410 0.77487 22.3708408571
26.420 0.77451 22.3793114519
26.430 0.77416 22.3877820467
26.440 0.77380 22.3962526415
26.450 0.77345 22.4047232363
26.460 0.77310 22.4131938311
26.470 0.77274 22.4216644259
26.480 0.77239 22.4301350207
26.490 0.77204 22.4386056155
26.500 0.77168 22.4470762103
26.510 0.77133 22.4555468051
26.520 0.77098 22.4640173999
26.530 0.77063 22.4724879947
26.540 0.77028 22.4809585895
26.550 0.76992 22.4894291843
26.560 0.76957 22.4978997791
26.570 0.76922 22.5063703739
26.580 0.76887 22.5148409687
26.590 0.76852 22.5233115635
26.600 0.76817 22.5317821583
26.610 0.76782 22.5402527531
26.620 0.76747 22.5487233479
26.630 0.76712 22.5571939427
26.640 0.76677 22.5656645374
26.650 0.76642 22.5741351322
26.660 0.76608 22.582605727
26.670 0.76573 22.5910763218
26.680 0.76538 22.5995469166
26.690 0.76503 22.6080175114
26.700 0.76468 22.6164881062
26.710 0.76434 22.624958701
26.720 0.76399 22.6334292958
26.730 0.76364 22.6418998906
26.740 0.76330 22.6503704854
26.750 0.76295 22.6588410802
26.760 0.76260 22.667311675
26.770 0.76226 22.6757822698
26.780 0.76191 22.6842528646
26.790 0.76157 22.6927234594
26.800 0.76122 22.7011940542
26.810 0.76088 22.709664649
26.820 0.76053 22.7181352438
26.830 0.76019 22.7266058386
26.840 0.75984 22.7350764334
26.850 0.75950 22.7435470282
26.860 0.75916 22.752017623
26.870 0.75881 22.7604882178
26.880 0.75847 22.7689588126
26.890 0.75813 22.7774294074
26.900 0.75779 22.7859000022
26.910 0.75744 22.7943705969
26.920 0.75710 22.8028411917
26.930 0.75676 22.8113117865
26.940 0.75642 22.8197823813
26.950 0.75608 22.8282529761
26.960 0.75574 22.8367235709
26.970 0.75539 22.8451941657
26.980 0.75505 22.8536647605
26.990 0.75471 22.8621353553
27.000 0.75437 22.8706059501
27.010 0.75403 22.8790765449
27.020 0.75369 22.8875471397
27.030 0.75335 22.8960177345
27.040 0.75302 22.9044883293
27.050 0.75268 22.9129589241
27.060 0.75234 22.9214295189
27.070 0.75200 22.9299001137
27.080 0.75166 22.9383707085
27.090 0.75132 22.9468413033
27.100 0.75099 22.9553118981
27.110 0.75065 22.9637824929
27.120 0.75031 22.9722530877
27.130 0.74997 22.9807236825
27.140 0.74964 22.9891942773
27.150 0.74930 22.9976648721
27.160 0.74896 23.0061354669
27.170 0.74863 23.0146060617
27.180 0.74829 23.0230766564
27.190 0.74796 23.0315472512
27.200 0.74762 23.040017846
27.210 0.74729 23.0484884408
27.220 0.74695 23.0569590356
27.230 0.74662 23.0654296304
27.240 0.74628 23.0739002252
27.250 0.74595 23.08237082
27.260 0.74561 23.0908414148
27.270 0.74528 23.0993120096
27.280 0.74495 23.1077826044
27.290 0.74461 23.1162531992
27.300 0.74428 23.124723794
27.310 0.74395 23.1331943888
27.320 0.74362 23.1416649836
27.330 0.74328 23.1501355784
27.340 0.74295 23.1586061732
27.350 0.74262 23.167076768
27.360 0.74229 23.1755473628
27.370 0.74196 23.1840179576
27.380 0.74163 23.1924885524
27.390 0.74130 23.2009591472
27.400 0.74097 23.209429742
27.410 0.74063 23.2179003368
27.420 0.74030 23.2263709316
27.430 0.73997 23.2348415264
27.440 0.73965 23.2433121212
27.450 0.73932 23.251782716
27.460 0.73899 23.2602533107
27.470 0.73866 23.2687239055
27.480 0.73833 23.2771945003
27.490 0.73800 23.2856650951
27.500 0.73767 23.2941356899
27.510 0.73734 23.3026062847
27.520 0.73702 23.3110768795
27.530 0.73669 23.3195474743
27.540 0.73636 23.3280180691
27.550 0.73603 23.3364886639
27.560 0.73571 23.3449592587
27.570 0.73538 23.3534298535
27.580 0.73505 23.3619004483
27.590 0.73473 23.3703710431
27.600 0.73440 23.3788416379
27.610 0.73408 23.3873122327
27.620 0.73375 23.3957828275
27.630 0.73343 23.4042534223
27.640 0.73310 23.4127240171
27.650 0.73278 23.4211946119
27.660 0.73245 23.4296652067
27.670 0.73213 23.4381358015
27.680 0.73180 23.4466063963
27.690 0.73148 23.4550769911
27.700 0.73116 23.4635475859
27.710 0.73083 23.4720181807
27.720 0.73051 23.4804887755
27.730 0.73019 23.4889593702
27.740 0.72986 23.497429965
27.750 0.72954 23.5059005598
27.760 0.72922 23.5143711546
27.770 0.72890 23.5228417494
27.780 0.72857 23.5313123442
27.790 0.72825 23.539782939
27.800 0.72793 23.5482535338
27.810 0.72761 23.5567241286
27.820 0.72729 23.5651947234
27.830 0.72697 23.5736653182
27.840 0.72665 23.582135913
27.850 0.72633 23.5906065078
27.860 0.72601 23.5990771026
27.870 0.72569 23.6075476974
27.880 0.72537 23.6160182922
27.890 0.72505 23.624488887
27.900 0.72473 23.6329594818
27.910 0.72441 23.6414300766
27.920 0.72409 23.6499006714
27.930 0.72377 23.6583712662
27.940 0.72345 23.666841861
27.950 0.72314 23.6753124558
27.960 0.72282 23.6837830506
27.970 0.72250 23.6922536454
27.980 0.72218 23.7007242402
27.990 0.72186 23.709194835
28.000 0.72155 23.7176654297
28.010 0.72123 23.7261360245
28.020 0.72091 23.7346066193
28.030 0.72060 23.7430772141
28.040 0.72028 23.7515478089
28.050 0.71997 23.7600184037
28.060 0.71965 23.7684889985
28.070 0.71933 23.7769595933
28.080 0.71902 23.7854301881
28.090 0.71870 23.7939007829
28.100 0.71839 23.8023713777
28.110 0.71807 23.8108419725
28.120 0.71776 23.8193125673
28.130 0.71745 23.8277831621
28.140 0.71713 23.8362537569
28.150 0.71682 23.8447243517
28.160 0.71650 23.8531949465
28.170 0.71619 23.8616655413
28.180 0.71588 23.8701361361
28.190 0.71557 23.8786067309
28.200 0.71525 23.8870773257
28.210 0.71494 23.8955479205
28.220 0.71463 23.9040185153
28.230 0.71432 23.9124891101
28.240 0.71400 23.9209597049
28.250 0.71369 23.9294302997
28.260 0.71338 23.9379008945
28.270 0.71307 23.9463714892
28.280 0.71276 23.954842084
28.290 0.71245 23.9633126788
28.300 0.71214 23.9717832736
28.310 0.71183 23.9802538684
28.320 0.71152 23.9887244632
28.330 0.71121 23.997195058
28.340 0.71090 24.0056656528
28.350 0.71059 24.0141362476
28.360 0.71028 24.0226068424
28.370 0.70997 24.0310774372
28.380 0.70966 24.039548032
28.390 0.70935 24.0480186268
28.400 0.70904 24.0564892216
28.410 0.70873 24.0649598164
28.420 0.70843 24.0734304112
28.430 0.70812 24.081901006
28.440 0.70781 24.0903716008
28.450 0.70750 24.0988421956
28.460 0.70720 24.1073127904
28.470 0.70689 24.1157833852
28.480 0.70658 24.12425398
28.490 0.70628 24.1327245748
28.500 0.70597 24.1411951696
28.510 0.70566 24.1496657644
28.520 0.70536 24.1581363592
28.530 0.70505 24.166606954
28.540 0.70475 24.1750775488
28.550 0.70444 24.1835481435
28.560 0.70414 24.1920187383
28.570 0.70383 24.2004893331
28.580 0.70353 24.2089599279
28.590 0.70322 24.2174305227
28.600 0.70292 24.2259011175
28.610 0.70261 24.2343717123
28.620 0.70231 24.2428423071
28.630 0.70201 24.2513129019
28.640 0.70170 24.2597834967
28.650 0.70140 24.2682540915
28.660 0.70110 24.2767246863
28.670 0.70079 24.2851952811
28.680 0.70049 24.2936658759
28.690 0.70019 24.3021364707
28.700 0.69988 24.3106070655
28.710 0.69958 24.3190776603
28.720 0.69928 24.3275482551
28.730 0.69898 24.3360188499
28.740 0.69868 24.3444894447
28.750 0.69838 24.3529600395
28.760 0.69808 24.3614306343
28.770 0.69777 24.3699012291
28.780 0.69747 24.3783718239
28.790 0.69717 24.3868424187
28.800 0.69687 24.3953130135
28.810 0.69657 24.4037836083
28.820 0.69627 24.412254203
28.830 0.69597 24.4207247978
28.840 0.69567 24.4291953926
28.850 0.69537 24.4376659874
28.860 0.69508 24.4461365822
28.870 0.69478 24.454607177
28.880 0.69448 24.4630777718
28.890 0.69418 24.4715483666
28.900 0.69388 24.4800189614
28.910 0.69358 24.4884895562
28.920 0.69328 24.496960151
28.930 0.69299 24.5054307458
28.940 0.69269 24.5139013406
28.950 0.69239 24.5223719354
28.960 0.69210 24.5308425302
28.970 0.69180 24.539313125
28.980 0.69150 24.5477837198
28.990 0.69120 24.5562543146
29.000 0.69091 24.5647249094
29.010 0.69061 24.5731955042
29.020 0.69032 24.581666099
29.030 0.69002 24.5901366938
29.040 0.68973 24.5986072886
29.050 0.68943 24.6070778834
29.060 0.68913 24.6155484782
29.070 0.68884 24.624019073
29.080 0.68855 24.6324896678
29.090 0.68825 24.6409602625
29.100 0.68796 24.6494308573
29.110 0.68766 24.6579014521
29.120 0.68737 24.6663720469
29.130 0.68707 24.6748426417
29.140 0.68678 24.6833132365
29.150 0.68649 24.6917838313
29.160 0.68619 24.7002544261
29.170 0.68590 24.7087250209
29.180 0.68561 24.7171956157
29.190 0.68532 24.7256662105
29.200 0.68502 24.7341368053
29.210 0.68473 24.7426074001
29.220 0.68444 24.7510779949
29.230 0.68415 24.7595485897
29.240 0.68386 24.7680191845
29.250 0.68356 24.7764897793
29.260 0.68327 24.7849603741
29.270 0.68298 24.7934309689
29.280 0.68269 24.8019015637
29.290 0.68240 24.8103721585
29.300 0.68211 24.8188427533
29.310 0.68182 24.8273133481
29.320 0.68153 24.8357839429
29.330 0.68124 24.8442545377
29.340 0.68095 24.8527251325
29.350 0.68066 24.8611957273
29.360 0.68037 24.8696663221
29.370 0.68008 24.8781369168
29.380 0.67979 24.8866075116
29.390 0.67950 24.8950781064
29.400 0.67921 24.9035487012
29.410 0.67893 24.912019296
29.420 0.67864 24.9204898908
29.430 0.67835 24.9289604856
29.440 0.67806 24.9374310804
29.450 0.67777 24.9459016752
29.460 0.67749 24.95437227
29.470 0.67720 24.9628428648
29.480 0.67691 24.9713134596
29.490 0.67662 24.9797840544
29.500 0.67634 24.9882546492
29.510 0.67605 24.996725244
29.520 0.67577 25.0051958388
29.530 0.67548 25.0136664336
29.540 0.67519 25.0221370284
29.550 0.67491 25.0306076232
29.560 0.67462 25.039078218
29.570 0.67434 25.0475488128
29.580 0.67405 25.0560194076
29.590 0.67377 25.0644900024
29.600 0.67348 25.0729605972
29.610 0.67320 25.081431192
29.620 0.67291 25.0899017868
29.630 0.67263 25.0983723816
29.640 0.67234 25.1068429763
29.650 0.67206 25.1153135711
29.660 0.67178 25.1237841659
29.670 0.67149 25.1322547607
29.680 0.67121 25.1407253555
29.690 0.67092 25.1491959503
29.700 0.67064 25.1576665451
29.710 0.67036 25.1661371399
29.720 0.67008 25.1746077347
29.730 0.66979 25.1830783295
29.740 0.66951 25.1915489243
29.750 0.66923 25.2000195191
29.760 0.66895 25.2084901139
29.770 0.66867 25.2169607087
29.780 0.66838 25.2254313035
29.790 0.66810 25.2339018983
29.800 0.66782 25.2423724931
29.810 0.66754 25.2508430879
29.820 0.66726 25.2593136827
29.830 0.66698 25.2677842775
29.840 0.66670 25.2762548723
29.850 0.66642 25.2847254671
29.860 0.66614 25.2931960619
29.870 0.66586 25.3016666567
29.880 0.66558 25.3101372515
29.890 0.66530 25.3186078463
29.900 0.66502 25.3270784411
29.910 0.66474 25.3355490358
29.920 0.66446 25.3440196306
29.930 0.66418 25.3524902254
29.940 0.66390 25.3609608202
29.950 0.66362 25.369431415
29.960 0.66335 25.3779020098
29.970 0.66307 25.3863726046
29.980 0.66279 25.3948431994
29.990 0.66251 25.4033137942
30.000 0.66223 25.411784389
