0.10000 307.65
0.11000 279.67
0.12000 256.36
0.13000 236.63
0.14000 219.73
0.15000 205.07
0.16000 192.25
0.17000 180.94
0.18000 170.88
0.19000 161.89
0.20000 153.79
0.21000 146.46
0.22000 139.80
0.23000 133.72
0.24000 128.14
0.25000 123.02
0.26000 118.28
0.27000 113.90
0.28000 109.83
0.29000 106.04
0.30000 102.50
0.31000 99.192
0.32000 96.090
0.33000 93.176
0.34000 90.434
0.35000 87.848
0.36000 85.406
0.37000 83.096
0.38000 80.907
0.39000 78.831
0.40000 76.858
0.41000 74.982
0.42000 73.195
0.43000 71.491
0.44000 69.864
0.45000 68.310
0.46000 66.824
0.47000 65.400
0.48000 64.036
0.49000 62.728
0.50000 61.472
0.51000 60.265
0.52000 59.105
0.53000 57.989
0.54000 56.913
0.55000 55.877
0.56000 54.878
0.57000 53.914
0.58000 52.983
0.59000 52.084
0.60000 51.215
0.61000 50.374
0.62000 49.561
0.63000 48.773
0.64000 48.010
0.65000 47.270
0.66000 46.553
0.67000 45.857
0.68000 45.181
0.69000 44.525
0.70000 43.888
0.71000 43.269
0.72000 42.667
0.73000 42.082
0.74000 41.512
0.75000 40.958
0.76000 40.418
0.77000 39.892
0.78000 39.380
0.79000 38.880
0.80000 38.393
0.81000 37.919
0.82000 37.455
0.83000 37.003
0.84000 36.562
0.85000 36.131
0.86000 35.710
0.87000 35.299
0.88000 34.897
0.89000 34.504
0.90000 34.120
0.91000 33.744
0.92000 33.376
0.93000 33.017
0.94000 32.665
0.95000 32.320
0.96000 31.983
0.97000 31.652
0.98000 31.328
0.99000 31.011
1.0000 30.700
1.0100 30.396
1.0200 30.097
1.0300 29.804
1.0400 29.517
1.0500 29.235
1.0600 28.959
1.0700 28.687
1.0800 28.421
1.0900 28.160
1.1000 27.903
1.1100 27.651
1.1200 27.403
1.1300 27.160
1.1400 26.921
1.1500 26.687
1.1600 26.456
1.1700 26.229
1.1800 26.006
1.1900 25.787
1.2000 25.572
1.2100 25.360
1.2200 25.151
1.2300 24.946
1.2400 24.745
1.2500 24.546
1.2600 24.351
1.2700 24.158
1.2800 23.969
1.2900 23.783
1.3000 23.599
1.3100 23.419
1.3200 23.241
1.3300 23.065
1.3400 22.893
1.3500 22.723
1.3600 22.555
1.3700 22.390
1.3800 22.227
1.3900 22.067
1.4000 21.909
1.4100 21.753
1.4200 21.599
1.4300 21.447
1.4400 21.298
1.4500 21.151
1.4600 21.005
1.4700 20.862
1.4800 20.720
1.4900 20.581
1.5000 20.443
1.5100 20.307
1.5200 20.173
1.5300 20.041
1.5400 19.910
1.5500 19.781
1.5600 19.654
1.5700 19.529
1.5800 19.404
1.5900 19.282
1.6000 19.161
1.6100 19.042
1.6200 18.924
1.6300 18.807
1.6400 18.692
1.6500 18.578
1.6600 18.466
1.6700 18.355
1.6800 18.245
1.6900 18.137
1.7000 18.030
1.7100 17.924
1.7200 17.819
1.7300 17.716
1.7400 17.614
1.7500 17.513
1.7600 17.413
1.7700 17.314
1.7800 17.216
1.7900 17.120
1.8000 17.024
1.8100 16.930
1.8200 16.836
1.8300 16.744
1.8400 16.652
1.8500 16.562
1.8600 16.473
1.8700 16.384
1.8800 16.297
1.8900 16.210
1.9000 16.124
1.9100 16.040
1.9200 15.956
1.9300 15.873
1.9400 15.790
1.9500 15.709
1.9600 15.629
1.9700 15.549
1.9800 15.470
1.9900 15.392
2.0000 15.315
2.0100 15.238
2.0200 15.162
2.0300 15.087
2.0400 15.013
2.0500 14.939
2.0600 14.866
2.0700 14.794
2.0800 14.723
2.0900 14.652
2.1000 14.582
2.1100 14.512
2.1200 14.444
2.1300 14.376
2.1400 14.308
2.1500 14.241
2.1600 14.175
2.1700 14.109
2.1800 14.044
2.1900 13.980
2.2000 13.916
2.2100 13.853
2.2200 13.790
2.2300 13.728
2.2400 13.666
2.2500 13.605
2.2600 13.544
2.2700 13.485
2.2800 13.425
2.2900 13.366
2.3000 13.308
2.3100 13.250
2.3200 13.192
2.3300 13.135
2.3400 13.079
2.3500 13.023
2.3600 12.968
2.3700 12.913
2.3800 12.858
2.3900 12.804
2.4000 12.750
2.4100 12.697
2.4200 12.644
2.4300 12.592
2.4400 12.540
2.4500 12.489
2.4600 12.438
2.4700 12.387
2.4800 12.337
2.4900 12.287
2.5000 12.237
2.5100 12.188
2.5200 12.140
2.5300 12.091
2.5400 12.044
2.5500 11.996
2.5600 11.949
2.5700 11.902
2.5800 11.856
2.5900 11.810
2.6000 11.764
2.6100 11.719
2.6200 11.674
2.6300 11.629
2.6400 11.585
2.6500 11.541
2.6600 11.497
2.6700 11.454
2.6800 11.411
2.6900 11.368
2.7000 11.326
2.7100 11.284
2.7200 11.242
2.7300 11.200
2.7400 11.159
2.7500 11.118
2.7600 11.078
2.7700 11.038
2.7800 10.998
2.7900 10.958
2.8000 10.919
2.8100 10.879
2.8200 10.841
2.8300 10.802
2.8400 10.764
2.8500 10.726
2.8600 10.688
2.8700 10.651
2.8800 10.613
2.8900 10.576
2.9000 10.540
2.9100 10.503
2.9200 10.467
2.9300 10.431
2.9400 10.395
2.9500 10.360
2.9600 10.325
2.9700 10.290
2.9800 10.255
2.9900 10.220
3.0000 10.186
3.0100 10.152
3.0200 10.118
3.0300 10.084
3.0400 10.051
3.0500 10.018
3.0600 9.9848
3.0700 9.9520
3.0800 9.9195
3.0900 9.8871
3.1000 9.8550
3.1100 9.8231
3.1200 9.7914
3.1300 9.7599
3.1400 9.7286
3.1500 9.6974
3.1600 9.6665
3.1700 9.6358
3.1800 9.6053
3.1900 9.5750
3.2000 9.5448
3.2100 9.5148
3.2200 9.4851
3.2300 9.4555
3.2400 9.4261
3.2500 9.3969
3.2600 9.3678
3.2700 9.3390
3.2800 9.3103
3.2900 9.2817
3.3000 9.2534
3.3100 9.2252
3.3200 9.1972
3.3300 9.1694
3.3400 9.1417
3.3500 9.1142
3.3600 9.0869
3.3700 9.0597
3.3800 9.0327
3.3900 9.0058
3.4000 8.9791
3.4100 8.9526
3.4200 8.9262
3.4300 8.9000
3.4400 8.8739
3.4500 8.8480
3.4600 8.8222
3.4700 8.7966
3.4800 8.7711
3.4900 8.7457
3.5000 8.7206
3.5100 8.6955
3.5200 8.6706
3.5300 8.6458
3.5400 8.6212
3.5500 8.5967
3.5600 8.5724
3.5700 8.5482
3.5800 8.5241
3.5900 8.5001
3.6000 8.4763
3.6100 8.4526
3.6200 8.4291
3.6300 8.4057
3.6400 8.3824
3.6500 8.3592
3.6600 8.3362
3.6700 8.3133
3.6800 8.2905
3.6900 8.2678
3.7000 8.2453
3.7100 8.2229
3.7200 8.2006
3.7300 8.1784
3.7400 8.1564
3.7500 8.1344
3.7600 8.1126
3.7700 8.0909
3.7800 8.0693
3.7900 8.0478
3.8000 8.0264
3.8100 8.0052
3.8200 7.9840
3.8300 7.9630
3.8400 7.9421
3.8500 7.9213
3.8600 7.9006
3.8700 7.8800
3.8800 7.8595
3.8900 7.8391
3.9000 7.8188
3.9100 7.7986
3.9200 7.7785
3.9300 7.7586
3.9400 7.7387
3.9500 7.7189
3.9600 7.6992
3.9700 7.6797
3.9800 7.6602
3.9900 7.6408
4.0000 7.6215
4.0100 7.6024
4.0200 7.5833
4.0300 7.5643
4.0400 7.5454
4.0500 7.5266
4.0600 7.5078
4.0700 7.4892
4.0800 7.4707
4.0900 7.4523
4.1000 7.4339
4.1100 7.4156
4.1200 7.3975
4.1300 7.3794
4.1400 7.3614
4.1500 7.3435
4.1600 7.3256
4.1700 7.3079
4.1800 7.2903
4.1900 7.2727
4.2000 7.2552
4.2100 7.2378
4.2200 7.2205
4.2300 7.2032
4.2400 7.1861
4.2500 7.1690
4.2600 7.1520
4.2700 7.1351
4.2800 7.1182
4.2900 7.1015
4.3000 7.0848
4.3100 7.0682
4.3200 7.0517
4.3300 7.0352
4.3400 7.0188
4.3500 7.0025
4.3600 6.9863
4.3700 6.9702
4.3800 6.9541
4.3900 6.9381
4.4000 6.9222
4.4100 6.9063
4.4200 6.8905
4.4300 6.8748
4.4400 6.8592
4.4500 6.8436
4.4600 6.8281
4.4700 6.8126
4.4800 6.7973
4.4900 6.7820
4.5000 6.7667
4.5100 6.7516
4.5200 6.7365
4.5300 6.7215
4.5400 6.7065
4.5500 6.6916
4.5600 6.6768
4.5700 6.6620
4.5800 6.6473
4.5900 6.6327
4.6000 6.6181
4.6100 6.6036
4.6200 6.5891
4.6300 6.5747
4.6400 6.5604
4.6500 6.5462
4.6600 6.5319
4.6700 6.5178
4.6800 6.5037
4.6900 6.4897
4.7000 6.4757
4.7100 6.4618
4.7200 6.4480
4.7300 6.4342
4.7400 6.4205
4.7500 6.4068
4.7600 6.3932
4.7700 6.3797
4.7800 6.3662
4.7900 6.3527
4.8000 6.3393
4.8100 6.3260
4.8200 6.3127
4.8300 6.2995
4.8400 6.2864
4.8500 6.2733
4.8600 6.2602
4.8700 6.2472
4.8800 6.2342
4.8900 6.2213
4.9000 6.2085
4.9100 6.1957
4.9200 6.1830
4.9300 6.1703
4.9400 6.1577
4.9500 6.1451
4.9600 6.1325
4.9700 6.1201
4.9800 6.1076
4.9900 6.0952
5.0000 6.0829
5.1000 5.9622
5.1100 5.9504
5.1200 5.9387
5.1300 5.9269
5.1400 5.9153
5.1500 5.9036
5.1600 5.8921
5.1700 5.8805
5.1800 5.8690
5.1900 5.8576
5.2000 5.8462
5.2100 5.8348
5.2200 5.8235
5.2300 5.8122
5.2400 5.8010
5.2500 5.7898
5.2600 5.7787
5.2700 5.7676
5.2800 5.7565
5.2900 5.7455
5.3000 5.7345
5.3100 5.7236
5.3200 5.7127
5.3300 5.7018
5.3400 5.6910
5.3500 5.6803
5.3600 5.6695
5.3700 5.6588
5.3800 5.6482
5.3900 5.6376
5.4000 5.6270
5.4100 5.6165
5.4200 5.6060
5.4300 5.5955
5.4400 5.5851
5.4500 5.5747
5.4600 5.5644
5.4700 5.5541
5.4800 5.5438
5.4900 5.5336
5.5000 5.5234
5.5100 5.5132
5.5200 5.5031
5.5300 5.4930
5.5400 5.4830
5.5500 5.4730
5.5600 5.4630
5.5700 5.4531
5.5800 5.4432
5.5900 5.4333
5.6000 5.4235
5.6100 5.4137
5.6200 5.4039
5.6300 5.3942
5.6400 5.3845
5.6500 5.3748
5.6600 5.3652
5.6700 5.3556
5.6800 5.3461
5.6900 5.3366
5.7000 5.3271
5.7100 5.3176
5.7200 5.3082
5.7300 5.2988
5.7400 5.2895
5.7500 5.2801
5.7600 5.2708
5.7700 5.2616
5.7800 5.2523
5.7900 5.2432
5.8000 5.2340
5.8100 5.2249
5.8200 5.2158
5.8300 5.2067
5.8400 5.1976
5.8500 5.1886
5.8600 5.1797
5.8700 5.1707
5.8800 5.1618
5.8900 5.1529
5.9000 5.1441
5.9100 5.1352
5.9200 5.1264
5.9300 5.1177
5.9400 5.1089
5.9500 5.1002
5.9600 5.0916
5.9700 5.0829
5.9800 5.0743
5.9900 5.0657
6.0000 5.0571
6.0100 5.0486
6.0200 5.0401
6.0300 5.0316
6.0400 5.0232
6.0500 5.0147
6.0600 5.0063
6.0700 4.9980
6.0800 4.9896
6.0900 4.9813
6.1000 4.9731
6.1100 4.9648
6.1200 4.9566
6.1300 4.9484
6.1400 4.9402
6.1500 4.9320
6.1600 4.9239
6.1700 4.9158
6.1800 4.9077
6.1900 4.8997
6.2000 4.8917
6.2100 4.8837
6.2200 4.8757
6.2300 4.8678
6.2400 4.8599
6.2500 4.8520
6.2600 4.8441
6.2700 4.8363
6.2800 4.8285
6.2900 4.8207
6.3000 4.8129
6.3100 4.8052
6.3200 4.7974
6.3300 4.7897
6.3400 4.7821
6.3500 4.7744
6.3600 4.7668
6.3700 4.7592
6.3800 4.7516
6.3900 4.7441
6.4000 4.7366
6.4100 4.7291
6.4200 4.7216
6.4300 4.7141
6.4400 4.7067
6.4500 4.6993
6.4600 4.6919
6.4700 4.6845
6.4800 4.6772
6.4900 4.6699
6.5000 4.6626
6.5100 4.6553
6.5200 4.6481
6.5300 4.6408
6.5400 4.6336
6.5500 4.6265
6.5600 4.6193
6.5700 4.6122
6.5800 4.6050
6.5900 4.5979
6.6000 4.5909
6.6100 4.5838
6.6200 4.5768
6.6300 4.5698
6.6400 4.5628
6.6500 4.5558
6.6600 4.5489
6.6700 4.5419
6.6800 4.5350
6.6900 4.5281
6.7000 4.5213
6.7100 4.5144
6.7200 4.5076
6.7300 4.5008
6.7400 4.4940
6.7500 4.4872
6.7600 4.4805
6.7700 4.4738
6.7800 4.4671
6.7900 4.4604
6.8000 4.4537
6.8100 4.4471
6.8200 4.4405
6.8300 4.4338
6.8400 4.4273
6.8500 4.4207
6.8600 4.4141
6.8700 4.4076
6.8800 4.4011
6.8900 4.3946
6.9000 4.3881
6.9100 4.3817
6.9200 4.3752
6.9300 4.3688
6.9400 4.3624
6.9500 4.3560
6.9600 4.3497
6.9700 4.3433
6.9800 4.3370
6.9900 4.3307
7.0000 4.3244
7.0100 4.3182
7.0200 4.3119
7.0300 4.3057
7.0400 4.2994
7.0500 4.2932
7.0600 4.2871
7.0700 4.2809
7.0800 4.2747
7.0900 4.2686
7.1000 4.2625
7.1100 4.2564
7.1200 4.2503
7.1300 4.2443
7.1400 4.2382
7.1500 4.2322
7.1600 4.2262
7.1700 4.2202
7.1800 4.2142
7.1900 4.2082
7.2000 4.2023
7.2100 4.1964
7.2200 4.1905
7.2300 4.1846
7.2400 4.1787
7.2500 4.1728
7.2600 4.1670
7.2700 4.1611
7.2800 4.1553
7.2900 4.1495
7.3000 4.1438
7.3100 4.1380
7.3200 4.1322
7.3300 4.1265
7.3400 4.1208
7.3500 4.1151
7.3600 4.1094
7.3700 4.1037
7.3800 4.0981
7.3900 4.0924
7.4000 4.0868
7.4100 4.0812
7.4200 4.0756
7.4300 4.0700
7.4400 4.0644
7.4500 4.0589
7.4600 4.0533
7.4700 4.0478
7.4800 4.0423
7.4900 4.0368
7.5000 4.0313
7.5100 4.0259
7.5200 4.0204
7.5300 4.0150
7.5400 4.0096
7.5500 4.0042
7.5600 3.9988
7.5700 3.9934
7.5800 3.9880
7.5900 3.9827
7.6000 3.9773
7.6100 3.9720
7.6200 3.9667
7.6300 3.9614
7.6400 3.9561
7.6500 3.9509
7.6600 3.9456
7.6700 3.9404
7.6800 3.9352
7.6900 3.9300
7.7000 3.9248
7.7100 3.9196
7.7200 3.9144
7.7300 3.9092
7.7400 3.9041
7.7500 3.8990
7.7600 3.8939
7.7700 3.8887
7.7800 3.8837
7.7900 3.8786
7.8000 3.8735
7.8100 3.8685
7.8200 3.8634
7.8300 3.8584
7.8400 3.8534
7.8500 3.8484
7.8600 3.8434
7.8700 3.8384
7.8800 3.8335
7.8900 3.8285
7.9000 3.8236
7.9100 3.8186
7.9200 3.8137
7.9300 3.8088
7.9400 3.8039
7.9500 3.7991
7.9600 3.7942
7.9700 3.7894
7.9800 3.7845
7.9900 3.7797
8.0000 3.7749
8.0100 3.7701
8.0200 3.7653
8.0300 3.7605
8.0400 3.7557
8.0500 3.7510
8.0600 3.7462
8.0700 3.7415
8.0800 3.7368
8.0900 3.7321
8.1000 3.7274
8.1100 3.7227
8.1200 3.7180
8.1300 3.7134
8.1400 3.7087
8.1500 3.7041
8.1600 3.6994
8.1700 3.6948
8.1800 3.6902
8.1900 3.6856
8.2000 3.6811
8.2100 3.6765
8.2200 3.6719
8.2300 3.6674
8.2400 3.6628
8.2500 3.6583
8.2600 3.6538
8.2700 3.6493
8.2800 3.6448
8.2900 3.6403
8.3000 3.6358
8.3100 3.6314
8.3200 3.6269
8.3300 3.6225
8.3400 3.6180
8.3500 3.6136
8.3600 3.6092
8.3700 3.6048
8.3800 3.6004
8.3900 3.5961
8.4000 3.5917
8.4100 3.5873
8.4200 3.5830
8.4300 3.5787
8.4400 3.5743
8.4500 3.5700
8.4600 3.5657
8.4700 3.5614
8.4800 3.5571
8.4900 3.5529
8.5000 3.5486
8.5100 3.5443
8.5200 3.5401
8.5300 3.5359
8.5400 3.5316
8.5500 3.5274
8.5600 3.5232
8.5700 3.5190
8.5800 3.5148
8.5900 3.5107
8.6000 3.5065
8.6100 3.5023
8.6200 3.4982
8.6300 3.4940
8.6400 3.4899
8.6500 3.4858
8.6600 3.4817
8.6700 3.4776
8.6800 3.4735
8.6900 3.4694
8.7000 3.4654
8.7100 3.4613
8.7200 3.4572
8.7300 3.4532
8.7400 3.4492
8.7500 3.4451
8.7600 3.4411
8.7700 3.4371
8.7800 3.4331
8.7900 3.4291
8.8000 3.4252
8.8100 3.4212
8.8200 3.4172
8.8300 3.4133
8.8400 3.4093
8.8500 3.4054
8.8600 3.4015
8.8700 3.3976
8.8800 3.3937
8.8900 3.3898
8.9000 3.3859
8.9100 3.3820
8.9200 3.3781
8.9300 3.3742
8.9400 3.3704
8.9500 3.3665
8.9600 3.3627
8.9700 3.3589
8.9800 3.3551
8.9900 3.3512
9.0000 3.3474
9.0100 3.3436
9.0200 3.3399
9.0300 3.3361
9.0400 3.3323
9.0500 3.3285
9.0600 3.3248
9.0700 3.3211
9.0800 3.3173
9.0900 3.3136
9.1000 3.3099
9.1100 3.3062
9.1200 3.3024
9.1300 3.2988
9.1400 3.2951
9.1500 3.2914
9.1600 3.2877
9.1700 3.2840
9.1800 3.2804
9.1900 3.2767
9.2000 3.2731
9.2100 3.2695
9.2200 3.2658
9.2300 3.2622
9.2400 3.2586
9.2500 3.2550
9.2600 3.2514
9.2700 3.2478
9.2800 3.2443
9.2900 3.2407
9.3000 3.2371
9.3100 3.2336
9.3200 3.2300
9.3300 3.2265
9.3400 3.2230
9.3500 3.2194
9.3600 3.2159
9.3700 3.2124
9.3800 3.2089
9.3900 3.2054
9.4000 3.2019
9.4100 3.1985
9.4200 3.1950
9.4300 3.1915
9.4400 3.1881
9.4500 3.1846
9.4600 3.1812
9.4700 3.1777
9.4800 3.1743
9.4900 3.1709
9.5000 3.1675
9.5100 3.1641
9.5200 3.1607
9.5300 3.1573
9.5400 3.1539
9.5500 3.1505
9.5600 3.1471
9.5700 3.1438
9.5800 3.1404
9.5900 3.1371
9.6000 3.1337
9.6100 3.1304
9.6200 3.1271
9.6300 3.1237
9.6400 3.1204
9.6500 3.1171
9.6600 3.1138
9.6700 3.1105
9.6800 3.1072
9.6900 3.1039
9.7000 3.1007
9.7100 3.0974
9.7200 3.0941
9.7300 3.0909
9.7400 3.0876
9.7500 3.0844
9.7600 3.0812
9.7700 3.0779
9.7800 3.0747
9.7900 3.0715
9.8000 3.0683
9.8100 3.0651
9.8200 3.0619
9.8300 3.0587
9.8400 3.0555
9.8500 3.0524
9.8600 3.0492
9.8700 3.0460
9.8800 3.0429
9.8900 3.0397
9.9000 3.0366
9.9100 3.0334
9.9200 3.0303
9.9300 3.0272
9.9400 3.0241
9.9500 3.0210
9.9600 3.0178
9.9700 3.0147
9.9800 3.0117
9.9900 3.0086
10.000 3.0055
10.100 2.9750
10.110 2.9720
10.120 2.9690
10.130 2.9660
10.140 2.9630
10.150 2.9600
10.160 2.9570
10.170 2.9540
10.180 2.9511
10.190 2.9481
10.200 2.9451
10.210 2.9422
10.220 2.9392
10.230 2.9363
10.240 2.9334
10.250 2.9304
10.260 2.9275
10.270 2.9246
10.280 2.9217
10.290 2.9187
10.300 2.9158
10.310 2.9129
10.320 2.9101
10.330 2.9072
10.340 2.9043
10.350 2.9014
10.360 2.8985
10.370 2.8957
10.380 2.8928
10.390 2.8900
10.400 2.8871
10.410 2.8843
10.420 2.8814
10.430 2.8786
10.440 2.8758
10.450 2.8730
10.460 2.8701
10.470 2.8673
10.480 2.8645
10.490 2.8617
10.500 2.8589
10.510 2.8561
10.520 2.8534
10.530 2.8506
10.540 2.8478
10.550 2.8450
10.560 2.8423
10.570 2.8395
10.580 2.8368
10.590 2.8340
10.600 2.8313
10.610 2.8285
10.620 2.8258
10.630 2.8231
10.640 2.8204
10.650 2.8176
10.660 2.8149
10.670 2.8122
10.680 2.8095
10.690 2.8068
10.700 2.8041
10.710 2.8015
10.720 2.7988
10.730 2.7961
10.740 2.7934
10.750 2.7908
10.760 2.7881
10.770 2.7854
10.780 2.7828
10.790 2.7801
10.800 2.7775
10.810 2.7749
10.820 2.7722
10.830 2.7696
10.840 2.7670
10.850 2.7644
10.860 2.7618
10.870 2.7592
10.880 2.7566
10.890 2.7540
10.900 2.7514
10.910 2.7488
10.920 2.7462
10.930 2.7436
10.940 2.7410
10.950 2.7385
10.960 2.7359
10.970 2.7333
10.980 2.7308
10.990 2.7282
11.000 2.7257
11.010 2.7231
11.020 2.7206
11.030 2.7181
11.040 2.7156
11.050 2.7130
11.060 2.7105
11.070 2.7080
11.080 2.7055
11.090 2.7030
11.100 2.7005
11.110 2.6980
11.120 2.6955
11.130 2.6930
11.140 2.6905
11.150 2.6880
11.160 2.6856
11.170 2.6831
11.180 2.6806
11.190 2.6782
11.200 2.6757
11.210 2.6733
11.220 2.6708
11.230 2.6684
11.240 2.6659
11.250 2.6635
11.260 2.6611
11.270 2.6587
11.280 2.6562
11.290 2.6538
11.300 2.6514
11.310 2.6490
11.320 2.6466
11.330 2.6442
11.340 2.6418
11.350 2.6394
11.360 2.6370
11.370 2.6346
11.380 2.6323
11.390 2.6299
11.400 2.6275
11.410 2.6251
11.420 2.6228
11.430 2.6204
11.440 2.6181
11.450 2.6157
11.460 2.6134
11.470 2.6110
11.480 2.6087
11.490 2.6064
11.500 2.6040
11.510 2.6017
11.520 2.5994
11.530 2.5971
11.540 2.5948
11.550 2.5925
11.560 2.5901
11.570 2.5878
11.580 2.5855
11.590 2.5833
11.600 2.5810
11.610 2.5787
11.620 2.5764
11.630 2.5741
11.640 2.5718
11.650 2.5696
11.660 2.5673
11.670 2.5651
11.680 2.5628
11.690 2.5605
11.700 2.5583
11.710 2.5560
11.720 2.5538
11.730 2.5516
11.740 2.5493
11.750 2.5471
11.760 2.5449
11.770 2.5426
11.780 2.5404
11.790 2.5382
11.800 2.5360
11.810 2.5338
11.820 2.5316
11.830 2.5294
11.840 2.5272
11.850 2.5250
11.860 2.5228
11.870 2.5206
11.880 2.5184
11.890 2.5163
11.900 2.5141
11.910 2.5119
11.920 2.5097
11.930 2.5076
11.940 2.5054
11.950 2.5033
11.960 2.5011
11.970 2.4989
11.980 2.4968
11.990 2.4947
12.000 2.4925
12.010 2.4904
12.020 2.4883
12.030 2.4861
12.040 2.4840
12.050 2.4819
12.060 2.4798
12.070 2.4776
12.080 2.4755
12.090 2.4734
12.100 2.4713
12.110 2.4692
12.120 2.4671
12.130 2.4650
12.140 2.4629
12.150 2.4609
12.160 2.4588
12.170 2.4567
12.180 2.4546
12.190 2.4525
12.200 2.4505
12.210 2.4484
12.220 2.4463
12.230 2.4443
12.240 2.4422
12.250 2.4402
12.260 2.4381
12.270 2.4361
12.280 2.4340
12.290 2.4320
12.300 2.4300
12.310 2.4279
12.320 2.4259
12.330 2.4239
12.340 2.4219
12.350 2.4198
12.360 2.4178
12.370 2.4158
12.380 2.4138
12.390 2.4118
12.400 2.4098
12.410 2.4078
12.420 2.4058
12.430 2.4038
12.440 2.4018
12.450 2.3998
12.460 2.3978
12.470 2.3958
12.480 2.3939
12.490 2.3919
12.500 2.3899
12.510 2.3880
12.520 2.3860
12.530 2.3840
12.540 2.3821
12.550 2.3801
12.560 2.3782
12.570 2.3762
12.580 2.3743
12.590 2.3723
12.600 2.3704
12.610 2.3684
12.620 2.3665
12.630 2.3646
12.640 2.3627
12.650 2.3607
12.660 2.3588
12.670 2.3569
12.680 2.3550
12.690 2.3531
12.700 2.3511
12.710 2.3492
12.720 2.3473
12.730 2.3454
12.740 2.3435
12.750 2.3416
12.760 2.3397
12.770 2.3379
12.780 2.3360
12.790 2.3341
12.800 2.3322
12.810 2.3303
12.820 2.3285
12.830 2.3266
12.840 2.3247
12.850 2.3229
12.860 2.3210
12.870 2.3191
12.880 2.3173
12.890 2.3154
12.900 2.3136
12.910 2.3117
12.920 2.3099
12.930 2.3080
12.940 2.3062
12.950 2.3044
12.960 2.3025
12.970 2.3007
12.980 2.2989
12.990 2.2970
13.000 2.2952
13.010 2.2934
13.020 2.2916
13.030 2.2898
13.040 2.2880
13.050 2.2861
13.060 2.2843
13.070 2.2825
13.080 2.2807
13.090 2.2789
13.100 2.2771
13.110 2.2753
13.120 2.2736
13.130 2.2718
13.140 2.2700
13.150 2.2682
13.160 2.2664
13.170 2.2647
13.180 2.2629
13.190 2.2611
13.200 2.2593
13.210 2.2576
13.220 2.2558
13.230 2.2541
13.240 2.2523
13.250 2.2505
13.260 2.2488
13.270 2.2470
13.280 2.2453
13.290 2.2436
13.300 2.2418
13.310 2.2401
13.320 2.2383
13.330 2.2366
13.340 2.2349
13.350 2.2331
13.360 2.2314
13.370 2.2297
13.380 2.2280
13.390 2.2263
13.400 2.2245
13.410 2.2228
13.420 2.2211
13.430 2.2194
13.440 2.2177
13.450 2.2160
13.460 2.2143
13.470 2.2126
13.480 2.2109
13.490 2.2092
13.500 2.2075
13.510 2.2058
13.520 2.2041
13.530 2.2025
13.540 2.2008
13.550 2.1991
13.560 2.1974
13.570 2.1958
13.580 2.1941
13.590 2.1924
13.600 2.1908
13.610 2.1891
13.620 2.1874
13.630 2.1858
13.640 2.1841
13.650 2.1825
13.660 2.1808
13.670 2.1792
13.680 2.1775
13.690 2.1759
13.700 2.1742
13.710 2.1726
13.720 2.1710
13.730 2.1693
13.740 2.1677
13.750 2.1661
13.760 2.1644
13.770 2.1628
13.780 2.1612
13.790 2.1596
13.800 2.1580
13.810 2.1563
13.820 2.1547
13.830 2.1531
13.840 2.1515
13.850 2.1499
13.860 2.1483
13.870 2.1467
13.880 2.1451
13.890 2.1435
13.900 2.1419
13.910 2.1403
13.920 2.1387
13.930 2.1371
13.940 2.1356
13.950 2.1340
13.960 2.1324
13.970 2.1308
13.980 2.1292
13.990 2.1277
14.000 2.1261
14.010 2.1245
14.020 2.1230
14.030 2.1214
14.040 2.1198
14.050 2.1183
14.060 2.1167
14.070 2.1152
14.080 2.1136
14.090 2.1120
14.100 2.1105
14.110 2.1089
14.120 2.1074
14.130 2.1059
14.140 2.1043
14.150 2.1028
14.160 2.1012
14.170 2.0997
14.180 2.0982
14.190 2.0966
14.200 2.0951
14.210 2.0936
14.220 2.0921
14.230 2.0906
14.240 2.0890
14.250 2.0875
14.260 2.0860
14.270 2.0845
14.280 2.0830
14.290 2.0815
14.300 2.0800
14.310 2.0785
14.320 2.0770
14.330 2.0755
14.340 2.0740
14.350 2.0725
14.360 2.0710
14.370 2.0695
14.380 2.0680
14.390 2.0665
14.400 2.0650
14.410 2.0635
14.420 2.0620
14.430 2.0606
14.440 2.0591
14.450 2.0576
14.460 2.0561
14.470 2.0547
14.480 2.0532
14.490 2.0517
14.500 2.0503
14.510 2.0488
14.520 2.0473
14.530 2.0459
14.540 2.0444
14.550 2.0430
14.560 2.0415
14.570 2.0401
14.580 2.0386
14.590 2.0372
14.600 2.0357
14.610 2.0343
14.620 2.0328
14.630 2.0314
14.640 2.0300
14.650 2.0285
14.660 2.0271
14.670 2.0257
14.680 2.0242
14.690 2.0228
14.700 2.0214
14.710 2.0200
14.720 2.0185
14.730 2.0171
14.740 2.0157
14.750 2.0143
14.760 2.0129
14.770 2.0115
14.780 2.0101
14.790 2.0086
14.800 2.0072
14.810 2.0058
14.820 2.0044
14.830 2.0030
14.840 2.0016
14.850 2.0002
14.860 1.9988
14.870 1.9974
14.880 1.9961
14.890 1.9947
14.900 1.9933
14.910 1.9919
14.920 1.9905
14.930 1.9891
14.940 1.9877
14.950 1.9864
14.960 1.9850
14.970 1.9836
14.980 1.9822
14.990 1.9809
15.000 1.9795
15.100 1.9659
15.110 1.9646
15.120 1.9632
15.130 1.9619
15.140 1.9605
15.150 1.9592
15.160 1.9578
15.170 1.9565
15.180 1.9552
15.190 1.9538
15.200 1.9525
15.210 1.9512
15.220 1.9498
15.230 1.9485
15.240 1.9472
15.250 1.9459
15.260 1.9445
15.270 1.9432
15.280 1.9419
15.290 1.9406
15.300 1.9393
15.310 1.9380
15.320 1.9366
15.330 1.9353
15.340 1.9340
15.350 1.9327
15.360 1.9314
15.370 1.9301
15.380 1.9288
15.390 1.9275
15.400 1.9262
15.410 1.9249
15.420 1.9236
15.430 1.9223
15.440 1.9210
15.450 1.9197
15.460 1.9184
15.470 1.9172
15.480 1.9159
15.490 1.9146
15.500 1.9133
15.510 1.9120
15.520 1.9107
15.530 1.9095
15.540 1.9082
15.550 1.9069
15.560 1.9056
15.570 1.9044
15.580 1.9031
15.590 1.9018
15.600 1.9006
15.610 1.8993
15.620 1.8980
15.630 1.8968
15.640 1.8955
15.650 1.8943
15.660 1.8930
15.670 1.8918
15.680 1.8905
15.690 1.8893
15.700 1.8880
15.710 1.8868
15.720 1.8855
15.730 1.8843
15.740 1.8830
15.750 1.8818
15.760 1.8805
15.770 1.8793
15.780 1.8781
15.790 1.8768
15.800 1.8756
15.810 1.8744
15.820 1.8731
15.830 1.8719
15.840 1.8707
15.850 1.8694
15.860 1.8682
15.870 1.8670
15.880 1.8658
15.890 1.8646
15.900 1.8633
15.910 1.8621
15.920 1.8609
15.930 1.8597
15.940 1.8585
15.950 1.8573
15.960 1.8561
15.970 1.8549
15.980 1.8536
15.990 1.8524
16.000 1.8512
16.010 1.8500
16.020 1.8488
16.030 1.8476
16.040 1.8464
16.050 1.8452
16.060 1.8441
16.070 1.8429
16.080 1.8417
16.090 1.8405
16.100 1.8393
16.110 1.8381
16.120 1.8369
16.130 1.8357
16.140 1.8346
16.150 1.8334
16.160 1.8322
16.170 1.8310
16.180 1.8298
16.190 1.8287
16.200 1.8275
16.210 1.8263
16.220 1.8251
16.230 1.8240
16.240 1.8228
16.250 1.8216
16.260 1.8205
16.270 1.8193
16.280 1.8181
16.290 1.8170
16.300 1.8158
16.310 1.8147
16.320 1.8135
16.330 1.8124
16.340 1.8112
16.350 1.8101
16.360 1.8089
16.370 1.8078
16.380 1.8066
16.390 1.8055
16.400 1.8043
16.410 1.8032
16.420 1.8020
16.430 1.8009
16.440 1.7997
16.450 1.7986
16.460 1.7975
16.470 1.7963
16.480 1.7952
16.490 1.7941
16.500 1.7929
16.510 1.7918
16.520 1.7907
16.530 1.7895
16.540 1.7884
16.550 1.7873
16.560 1.7862
16.570 1.7851
16.580 1.7839
16.590 1.7828
16.600 1.7817
16.610 1.7806
16.620 1.7795
16.630 1.7783
16.640 1.7772
16.650 1.7761
16.660 1.7750
16.670 1.7739
16.680 1.7728
16.690 1.7717
16.700 1.7706
16.710 1.7695
16.720 1.7684
16.730 1.7673
16.740 1.7662
16.750 1.7651
16.760 1.7640
16.770 1.7629
16.780 1.7618
16.790 1.7607
16.800 1.7596
16.810 1.7585
16.820 1.7574
16.830 1.7564
16.840 1.7553
16.850 1.7542
16.860 1.7531
16.870 1.7520
16.880 1.7509
16.890 1.7499
16.900 1.7488
16.910 1.7477
16.920 1.7466
16.930 1.7455
16.940 1.7445
16.950 1.7434
16.960 1.7423
16.970 1.7413
16.980 1.7402
16.990 1.7391
17.000 1.7381
17.010 1.7370
17.020 1.7359
17.030 1.7349
17.040 1.7338
17.050 1.7327
17.060 1.7317
17.070 1.7306
17.080 1.7296
17.090 1.7285
17.100 1.7275
17.110 1.7264
17.120 1.7254
17.130 1.7243
17.140 1.7233
17.150 1.7222
17.160 1.7212
17.170 1.7201
17.180 1.7191
17.190 1.7180
17.200 1.7170
17.210 1.7160
17.220 1.7149
17.230 1.7139
17.240 1.7128
17.250 1.7118
17.260 1.7108
17.270 1.7097
17.280 1.7087
17.290 1.7077
17.300 1.7067
17.310 1.7056
17.320 1.7046
17.330 1.7036
17.340 1.7025
17.350 1.7015
17.360 1.7005
17.370 1.6995
17.380 1.6985
17.390 1.6974
17.400 1.6964
17.410 1.6954
17.420 1.6944
17.430 1.6934
17.440 1.6924
17.450 1.6914
17.460 1.6903
17.470 1.6893
17.480 1.6883
17.490 1.6873
17.500 1.6863
17.510 1.6853
17.520 1.6843
17.530 1.6833
17.540 1.6823
17.550 1.6813
17.560 1.6803
17.570 1.6793
17.580 1.6783
17.590 1.6773
17.600 1.6763
17.610 1.6753
17.620 1.6743
17.630 1.6733
17.640 1.6724
17.650 1.6714
17.660 1.6704
17.670 1.6694
17.680 1.6684
17.690 1.6674
17.700 1.6664
17.710 1.6655
17.720 1.6645
17.730 1.6635
17.740 1.6625
17.750 1.6615
17.760 1.6606
17.770 1.6596
17.780 1.6586
17.790 1.6576
17.800 1.6567
17.810 1.6557
17.820 1.6547
17.830 1.6538
17.840 1.6528
17.850 1.6518
17.860 1.6509
17.870 1.6499
17.880 1.6489
17.890 1.6480
17.900 1.6470
17.910 1.6460
17.920 1.6451
17.930 1.6441
17.940 1.6432
17.950 1.6422
17.960 1.6413
17.970 1.6403
17.980 1.6393
17.990 1.6384
18.000 1.6374
18.010 1.6365
18.020 1.6355
18.030 1.6346
18.040 1.6337
18.050 1.6327
18.060 1.6318
18.070 1.6308
18.080 1.6299
18.090 1.6289
18.100 1.6280
18.110 1.6271
18.120 1.6261
18.130 1.6252
18.140 1.6242
18.150 1.6233
18.160 1.6224
18.170 1.6214
18.180 1.6205
18.190 1.6196
18.200 1.6186
18.210 1.6177
18.220 1.6168
18.230 1.6159
18.240 1.6149
18.250 1.6140
18.260 1.6131
18.270 1.6122
18.280 1.6112
18.290 1.6103
18.300 1.6094
18.310 1.6085
18.320 1.6076
18.330 1.6067
18.340 1.6057
18.350 1.6048
18.360 1.6039
18.370 1.6030
18.380 1.6021
18.390 1.6012
18.400 1.6003
18.410 1.5994
18.420 1.5984
18.430 1.5975
18.440 1.5966
18.450 1.5957
18.460 1.5948
18.470 1.5939
18.480 1.5930
18.490 1.5921
18.500 1.5912
18.510 1.5903
18.520 1.5894
18.530 1.5885
18.540 1.5876
18.550 1.5867
18.560 1.5858
18.570 1.5849
18.580 1.5840
18.590 1.5832
18.600 1.5823
18.610 1.5814
18.620 1.5805
18.630 1.5796
18.640 1.5787
18.650 1.5778
18.660 1.5769
18.670 1.5761
18.680 1.5752
18.690 1.5743
18.700 1.5734
18.710 1.5725
18.720 1.5717
18.730 1.5708
18.740 1.5699
18.750 1.5690
18.760 1.5681
18.770 1.5673
18.780 1.5664
18.790 1.5655
18.800 1.5647
18.810 1.5638
18.820 1.5629
18.830 1.5620
18.840 1.5612
18.850 1.5603
18.860 1.5594
18.870 1.5586
18.880 1.5577
18.890 1.5569
18.900 1.5560
18.910 1.5551
18.920 1.5543
18.930 1.5534
18.940 1.5526
18.950 1.5517
18.960 1.5508
18.970 1.5500
18.980 1.5491
18.990 1.5483
19.000 1.5474
19.010 1.5466
19.020 1.5457
19.030 1.5449
19.040 1.5440
19.050 1.5432
19.060 1.5423
19.070 1.5415
19.080 1.5406
19.090 1.5398
19.100 1.5389
19.110 1.5381
19.120 1.5372
19.130 1.5364
19.140 1.5356
19.150 1.5347
19.160 1.5339
19.170 1.5330
19.180 1.5322
19.190 1.5314
19.200 1.5305
19.210 1.5297
19.220 1.5289
19.230 1.5280
19.240 1.5272
19.250 1.5264
19.260 1.5255
19.270 1.5247
19.280 1.5239
19.290 1.5231
19.300 1.5222
19.310 1.5214
19.320 1.5206
19.330 1.5198
19.340 1.5189
19.350 1.5181
19.360 1.5173
19.370 1.5165
19.380 1.5156
19.390 1.5148
19.400 1.5140
19.410 1.5132
19.420 1.5124
19.430 1.5116
19.440 1.5107
19.450 1.5099
19.460 1.5091
19.470 1.5083
19.480 1.5075
19.490 1.5067
19.500 1.5059
19.510 1.5051
19.520 1.5042
19.530 1.5034
19.540 1.5026
19.550 1.5018
19.560 1.5010
19.570 1.5002
19.580 1.4994
19.590 1.4986
19.600 1.4978
19.610 1.4970
19.620 1.4962
19.630 1.4954
19.640 1.4946
19.650 1.4938
19.660 1.4930
19.670 1.4922
19.680 1.4914
19.690 1.4906
19.700 1.4898
19.710 1.4890
19.720 1.4882
19.730 1.4875
19.740 1.4867
19.750 1.4859
19.760 1.4851
19.770 1.4843
19.780 1.4835
19.790 1.4827
19.800 1.4819
19.810 1.4812
19.820 1.4804
19.830 1.4796
19.840 1.4788
19.850 1.4780
19.860 1.4772
19.870 1.4765
19.880 1.4757
19.890 1.4749
19.900 1.4741
19.910 1.4733
19.920 1.4726
19.930 1.4718
19.940 1.4710
19.950 1.4702
19.960 1.4695
19.970 1.4687
19.980 1.4679
19.990 1.4672
20.000 1.4664
20.100 1.4587
20.110 1.4580
20.120 1.4572
20.130 1.4564
20.140 1.4557
20.150 1.4549
20.160 1.4542
20.170 1.4534
20.180 1.4527
20.190 1.4519
20.200 1.4511
20.210 1.4504
20.220 1.4496
20.230 1.4489
20.240 1.4481
20.250 1.4474
20.260 1.4466
20.270 1.4459
20.280 1.4451
20.290 1.4444
20.300 1.4436
20.310 1.4429
20.320 1.4421
20.330 1.4414
20.340 1.4407
20.350 1.4399
20.360 1.4392
20.370 1.4384
20.380 1.4377
20.390 1.4369
20.400 1.4362
20.410 1.4355
20.420 1.4347
20.430 1.4340
20.440 1.4332
20.450 1.4325
20.460 1.4318
20.470 1.4310
20.480 1.4303
20.490 1.4296
20.500 1.4288
20.510 1.4281
20.520 1.4274
20.530 1.4266
20.540 1.4259
20.550 1.4252
20.560 1.4245
20.570 1.4237
20.580 1.4230
20.590 1.4223
20.600 1.4215
20.610 1.4208
20.620 1.4201
20.630 1.4194
20.640 1.4186
20.650 1.4179
20.660 1.4172
20.670 1.4165
20.680 1.4158
20.690 1.4150
20.700 1.4143
20.710 1.4136
20.720 1.4129
20.730 1.4122
20.740 1.4115
20.750 1.4107
20.760 1.4100
20.770 1.4093
20.780 1.4086
20.790 1.4079
20.800 1.4072
20.810 1.4065
20.820 1.4057
20.830 1.4050
20.840 1.4043
20.850 1.4036
20.860 1.4029
20.870 1.4022
20.880 1.4015
20.890 1.4008
20.900 1.4001
20.910 1.3994
20.920 1.3987
20.930 1.3980
20.940 1.3973
20.950 1.3966
20.960 1.3959
20.970 1.3952
20.980 1.3945
20.990 1.3938
21.000 1.3931
21.010 1.3924
21.020 1.3917
21.030 1.3910
21.040 1.3903
21.050 1.3896
21.060 1.3889
21.070 1.3882
21.080 1.3875
21.090 1.3868
21.100 1.3861
21.110 1.3854
21.120 1.3847
21.130 1.3840
21.140 1.3834
21.150 1.3827
21.160 1.3820
21.170 1.3813
21.180 1.3806
21.190 1.3799
21.200 1.3792
21.210 1.3786
21.220 1.3779
21.230 1.3772
21.240 1.3765
21.250 1.3758
21.260 1.3751
21.270 1.3745
21.280 1.3738
21.290 1.3731
21.300 1.3724
21.310 1.3717
21.320 1.3711
21.330 1.3704
21.340 1.3697
21.350 1.3690
21.360 1.3684
21.370 1.3677
21.380 1.3670
21.390 1.3663
21.400 1.3657
21.410 1.3650
21.420 1.3643
21.430 1.3636
21.440 1.3630
21.450 1.3623
21.460 1.3616
21.470 1.3610
21.480 1.3603
21.490 1.3596
21.500 1.3590
21.510 1.3583
21.520 1.3576
21.530 1.3570
21.540 1.3563
21.550 1.3556
21.560 1.3550
21.570 1.3543
21.580 1.3537
21.590 1.3530
21.600 1.3523
21.610 1.3517
21.620 1.3510
21.630 1.3504
21.640 1.3497
21.650 1.3490
21.660 1.3484
21.670 1.3477
21.680 1.3471
21.690 1.3464
21.700 1.3458
21.710 1.3451
21.720 1.3445
21.730 1.3438
21.740 1.3432
21.750 1.3425
21.760 1.3419
21.770 1.3412
21.780 1.3406
21.790 1.3399
21.800 1.3393
21.810 1.3386
21.820 1.3380
21.830 1.3373
21.840 1.3367
21.850 1.3360
21.860 1.3354
21.870 1.3347
21.880 1.3341
21.890 1.3334
21.900 1.3328
21.910 1.3322
21.920 1.3315
21.930 1.3309
21.940 1.3302
21.950 1.3296
21.960 1.3290
21.970 1.3283
21.980 1.3277
21.990 1.3270
22.000 1.3264
22.010 1.3258
22.020 1.3251
22.030 1.3245
22.040 1.3239
22.050 1.3232
22.060 1.3226
22.070 1.3220
22.080 1.3213
22.090 1.3207
22.100 1.3201
22.110 1.3194
22.120 1.3188
22.130 1.3182
22.140 1.3176
22.150 1.3169
22.160 1.3163
22.170 1.3157
22.180 1.3151
22.190 1.3144
22.200 1.3138
22.210 1.3132
22.220 1.3126
22.230 1.3119
22.240 1.3113
22.250 1.3107
22.260 1.3101
22.270 1.3094
22.280 1.3088
22.290 1.3082
22.300 1.3076
22.310 1.3070
22.320 1.3063
22.330 1.3057
22.340 1.3051
22.350 1.3045
22.360 1.3039
22.370 1.3033
22.380 1.3026
22.390 1.3020
22.400 1.3014
22.410 1.3008
22.420 1.3002
22.430 1.2996
22.440 1.2990
22.450 1.2984
22.460 1.2977
22.470 1.2971
22.480 1.2965
22.490 1.2959
22.500 1.2953
22.510 1.2947
22.520 1.2941
22.530 1.2935
22.540 1.2929
22.550 1.2923
22.560 1.2917
22.570 1.2911
22.580 1.2905
22.590 1.2899
22.600 1.2892
22.610 1.2886
22.620 1.2880
22.630 1.2874
22.640 1.2868
22.650 1.2862
22.660 1.2856
22.670 1.2850
22.680 1.2844
22.690 1.2838
22.700 1.2832
22.710 1.2826
22.720 1.2820
22.730 1.2815
22.740 1.2809
22.750 1.2803
22.760 1.2797
22.770 1.2791
22.780 1.2785
22.790 1.2779
22.800 1.2773
22.810 1.2767
22.820 1.2761
22.830 1.2755
22.840 1.2749
22.850 1.2743
22.860 1.2737
22.870 1.2732
22.880 1.2726
22.890 1.2720
22.900 1.2714
22.910 1.2708
22.920 1.2702
22.930 1.2696
22.940 1.2690
22.950 1.2685
22.960 1.2679
22.970 1.2673
22.980 1.2667
22.990 1.2661
23.000 1.2655
23.010 1.2650
23.020 1.2644
23.030 1.2638
23.040 1.2632
23.050 1.2626
23.060 1.2621
23.070 1.2615
23.080 1.2609
23.090 1.2603
23.100 1.2597
23.110 1.2592
23.120 1.2586
23.130 1.2580
23.140 1.2574
23.150 1.2569
23.160 1.2563
23.170 1.2557
23.180 1.2551
23.190 1.2546
23.200 1.2540
23.210 1.2534
23.220 1.2529
23.230 1.2523
23.240 1.2517
23.250 1.2511
23.260 1.2506
23.270 1.2500
23.280 1.2494
23.290 1.2489
23.300 1.2483
23.310 1.2477
23.320 1.2472
23.330 1.2466
23.340 1.2460
23.350 1.2455
23.360 1.2449
23.370 1.2443
23.380 1.2438
23.390 1.2432
23.400 1.2427
23.410 1.2421
23.420 1.2415
23.430 1.2410
23.440 1.2404
23.450 1.2398
23.460 1.2393
23.470 1.2387
23.480 1.2382
23.490 1.2376
23.500 1.2371
23.510 1.2365
23.520 1.2359
23.530 1.2354
23.540 1.2348
23.550 1.2343
23.560 1.2337
23.570 1.2332
23.580 1.2326
23.590 1.2321
23.600 1.2315
23.610 1.2309
23.620 1.2304
23.630 1.2298
23.640 1.2293
23.650 1.2287
23.660 1.2282
23.670 1.2276
23.680 1.2271
23.690 1.2265
23.700 1.2260
23.710 1.2254
23.720 1.2249
23.730 1.2244
23.740 1.2238
23.750 1.2233
23.760 1.2227
23.770 1.2222
23.780 1.2216
23.790 1.2211
23.800 1.2205
23.810 1.2200
23.820 1.2194
23.830 1.2189
23.840 1.2184
23.850 1.2178
23.860 1.2173
23.870 1.2167
23.880 1.2162
23.890 1.2157
23.900 1.2151
23.910 1.2146
23.920 1.2140
23.930 1.2135
23.940 1.2130
23.950 1.2124
23.960 1.2119
23.970 1.2114
23.980 1.2108
23.990 1.2103
24.000 1.2097
24.010 1.2092
24.020 1.2087
24.030 1.2081
24.040 1.2076
24.050 1.2071
24.060 1.2065
24.070 1.2060
24.080 1.2055
24.090 1.2050
24.100 1.2044
24.110 1.2039
24.120 1.2034
24.130 1.2028
24.140 1.2023
24.150 1.2018
24.160 1.2012
24.170 1.2007
24.180 1.2002
24.190 1.1997
24.200 1.1991
24.210 1.1986
24.220 1.1981
24.230 1.1976
24.240 1.1970
24.250 1.1965
24.260 1.1960
24.270 1.1955
24.280 1.1949
24.290 1.1944
24.300 1.1939
24.310 1.1934
24.320 1.1929
24.330 1.1923
24.340 1.1918
24.350 1.1913
24.360 1.1908
24.370 1.1903
24.380 1.1897
24.390 1.1892
24.400 1.1887
24.410 1.1882
24.420 1.1877
24.430 1.1872
24.440 1.1866
24.450 1.1861
24.460 1.1856
24.470 1.1851
24.480 1.1846
24.490 1.1841
24.500 1.1836
24.510 1.1830
24.520 1.1825
24.530 1.1820
24.540 1.1815
24.550 1.1810
24.560 1.1805
24.570 1.1800
24.580 1.1795
24.590 1.1790
24.600 1.1784
24.610 1.1779
24.620 1.1774
24.630 1.1769
24.640 1.1764
24.650 1.1759
24.660 1.1754
24.670 1.1749
24.680 1.1744
24.690 1.1739
24.700 1.1734
24.710 1.1729
24.720 1.1724
24.730 1.1719
24.740 1.1714
24.750 1.1709
24.760 1.1704
24.770 1.1699
24.780 1.1693
24.790 1.1688
24.800 1.1683
24.810 1.1678
24.820 1.1673
24.830 1.1668
24.840 1.1663
24.850 1.1658
24.860 1.1653
24.870 1.1649
24.880 1.1644
24.890 1.1639
24.900 1.1634
24.910 1.1629
24.920 1.1624
24.930 1.1619
24.940 1.1614
24.950 1.1609
24.960 1.1604
24.970 1.1599
24.980 1.1594
24.990 1.1589
25.000 1.1584
25.100 1.1535
25.110 1.1530
25.120 1.1525
25.130 1.1520
25.140 1.1515
25.150 1.1511
25.160 1.1506
25.170 1.1501
25.180 1.1496
25.190 1.1491
25.200 1.1486
25.210 1.1481
25.220 1.1477
25.230 1.1472
25.240 1.1467
25.250 1.1462
25.260 1.1457
25.270 1.1452
25.280 1.1448
25.290 1.1443
25.300 1.1438
25.310 1.1433
25.320 1.1428
25.330 1.1424
25.340 1.1419
25.350 1.1414
25.360 1.1409
25.370 1.1404
25.380 1.1400
25.390 1.1395
25.400 1.1390
25.410 1.1385
25.420 1.1381
25.430 1.1376
25.440 1.1371
25.450 1.1366
25.460 1.1361
25.470 1.1357
25.480 1.1352
25.490 1.1347
25.500 1.1342
25.510 1.1338
25.520 1.1333
25.530 1.1328
25.540 1.1324
25.550 1.1319
25.560 1.1314
25.570 1.1309
25.580 1.1305
25.590 1.1300
25.600 1.1295
25.610 1.1291
25.620 1.1286
25.630 1.1281
25.640 1.1277
25.650 1.1272
25.660 1.1267
25.670 1.1262
25.680 1.1258
25.690 1.1253
25.700 1.1248
25.710 1.1244
25.720 1.1239
25.730 1.1235
25.740 1.1230
25.750 1.1225
25.760 1.1221
25.770 1.1216
25.780 1.1211
25.790 1.1207
25.800 1.1202
25.810 1.1197
25.820 1.1193
25.830 1.1188
25.840 1.1184
25.850 1.1179
25.860 1.1174
25.870 1.1170
25.880 1.1165
25.890 1.1161
25.900 1.1156
25.910 1.1151
25.920 1.1147
25.930 1.1142
25.940 1.1138
25.950 1.1133
25.960 1.1128
25.970 1.1124
25.980 1.1119
25.990 1.1115
26.000 1.1110
26.010 1.1106
26.020 1.1101
26.030 1.1097
26.040 1.1092
26.050 1.1087
26.060 1.1083
26.070 1.1078
26.080 1.1074
26.090 1.1069
26.100 1.1065
26.110 1.1060
26.120 1.1056
26.130 1.1051
26.140 1.1047
26.150 1.1042
26.160 1.1038
26.170 1.1033
26.180 1.1029
26.190 1.1024
26.200 1.1020
26.210 1.1015
26.220 1.1011
26.230 1.1006
26.240 1.1002
26.250 1.0997
26.260 1.0993
26.270 1.0988
26.280 1.0984
26.290 1.0979
26.300 1.0975
26.310 1.0971
26.320 1.0966
26.330 1.0962
26.340 1.0957
26.350 1.0953
26.360 1.0948
26.370 1.0944
26.380 1.0939
26.390 1.0935
26.400 1.0931
26.410 1.0926
26.420 1.0922
26.430 1.0917
26.440 1.0913
26.450 1.0909
26.460 1.0904
26.470 1.0900
26.480 1.0895
26.490 1.0891
26.500 1.0887
26.510 1.0882
26.520 1.0878
26.530 1.0873
26.540 1.0869
26.550 1.0865
26.560 1.0860
26.570 1.0856
26.580 1.0852
26.590 1.0847
26.600 1.0843
26.610 1.0839
26.620 1.0834
26.630 1.0830
26.640 1.0825
26.650 1.0821
26.660 1.0817
26.670 1.0812
26.680 1.0808
26.690 1.0804
26.700 1.0800
26.710 1.0795
26.720 1.0791
26.730 1.0787
26.740 1.0782
26.750 1.0778
26.760 1.0774
26.770 1.0769
26.780 1.0765
26.790 1.0761
26.800 1.0756
26.810 1.0752
26.820 1.0748
26.830 1.0744
26.840 1.0739
26.850 1.0735
26.860 1.0731
26.870 1.0727
26.880 1.0722
26.890 1.0718
26.900 1.0714
26.910 1.0709
26.920 1.0705
26.930 1.0701
26.940 1.0697
26.950 1.0692
26.960 1.0688
26.970 1.0684
26.980 1.0680
26.990 1.0676
27.000 1.0671
27.010 1.0667
27.020 1.0663
27.030 1.0659
27.040 1.0654
27.050 1.0650
27.060 1.0646
27.070 1.0642
27.080 1.0638
27.090 1.0633
27.100 1.0629
27.110 1.0625
27.120 1.0621
27.130 1.0617
27.140 1.0612
27.150 1.0608
27.160 1.0604
27.170 1.0600
27.180 1.0596
27.190 1.0592
27.200 1.0587
27.210 1.0583
27.220 1.0579
27.230 1.0575
27.240 1.0571
27.250 1.0567
27.260 1.0562
27.270 1.0558
27.280 1.0554
27.290 1.0550
27.300 1.0546
27.310 1.0542
27.320 1.0538
27.330 1.0534
27.340 1.0529
27.350 1.0525
27.360 1.0521
27.370 1.0517
27.380 1.0513
27.390 1.0509
27.400 1.0505
27.410 1.0501
27.420 1.0497
27.430 1.0492
27.440 1.0488
27.450 1.0484
27.460 1.0480
27.470 1.0476
27.480 1.0472
27.490 1.0468
27.500 1.0464
27.510 1.0460
27.520 1.0456
27.530 1.0452
27.540 1.0448
27.550 1.0443
27.560 1.0439
27.570 1.0435
27.580 1.0431
27.590 1.0427
27.600 1.0423
27.610 1.0419
27.620 1.0415
27.630 1.0411
27.640 1.0407
27.650 1.0403
27.660 1.0399
27.670 1.0395
27.680 1.0391
27.690 1.0387
27.700 1.0383
27.710 1.0379
27.720 1.0375
27.730 1.0371
27.740 1.0367
27.750 1.0363
27.760 1.0359
27.770 1.0355
27.780 1.0351
27.790 1.0347
27.800 1.0343
27.810 1.0339
27.820 1.0335
27.830 1.0331
27.840 1.0327
27.850 1.0323
27.860 1.0319
27.870 1.0315
27.880 1.0311
27.890 1.0307
27.900 1.0303
27.910 1.0299
27.920 1.0295
27.930 1.0291
27.940 1.0287
27.950 1.0283
27.960 1.0279
27.970 1.0276
27.980 1.0272
27.990 1.0268
28.000 1.0264
28.010 1.0260
28.020 1.0256
28.030 1.0252
28.040 1.0248
28.050 1.0244
28.060 1.0240
28.070 1.0236
28.080 1.0232
28.090 1.0228
28.100 1.0225
28.110 1.0221
28.120 1.0217
28.130 1.0213
28.140 1.0209
28.150 1.0205
28.160 1.0201
28.170 1.0197
28.180 1.0193
28.190 1.0190
28.200 1.0186
28.210 1.0182
28.220 1.0178
28.230 1.0174
28.240 1.0170
28.250 1.0166
28.260 1.0162
28.270 1.0159
28.280 1.0155
28.290 1.0151
28.300 1.0147
28.310 1.0143
28.320 1.0139
28.330 1.0136
28.340 1.0132
28.350 1.0128
28.360 1.0124
28.370 1.0120
28.380 1.0116
28.390 1.0113
28.400 1.0109
28.410 1.0105
28.420 1.0101
28.430 1.0097
28.440 1.0093
28.450 1.0090
28.460 1.0086
28.470 1.0082
28.480 1.0078
28.490 1.0074
28.500 1.0071
28.510 1.0067
28.520 1.0063
28.530 1.0059
28.540 1.0056
28.550 1.0052
28.560 1.0048
28.570 1.0044
28.580 1.0040
28.590 1.0037
28.600 1.0033
28.610 1.0029
28.620 1.0025
28.630 1.0022
28.640 1.0018
28.650 1.0014
28.660 1.0010
28.670 1.0007
28.680 1.0003
28.690 0.99991
28.700 0.99953
28.710 0.99916
28.720 0.99878
28.730 0.99841
28.740 0.99804
28.750 0.99767
28.760 0.99729
28.770 0.99692
28.780 0.99655
28.790 0.99618
28.800 0.99580
28.810 0.99543
28.820 0.99506
28.830 0.99469
28.840 0.99432
28.850 0.99395
28.860 0.99358
28.870 0.99321
28.880 0.99284
28.890 0.99247
28.900 0.99210
28.910 0.99173
28.920 0.99136
28.930 0.99100
28.940 0.99063
28.950 0.99026
28.960 0.98989
28.970 0.98953
28.980 0.98916
28.990 0.98879
29.000 0.98843
29.010 0.98806
29.020 0.98769
29.030 0.98733
29.040 0.98696
29.050 0.98660
29.060 0.98623
29.070 0.98587
29.080 0.98550
29.090 0.98514
29.100 0.98477
29.110 0.98441
29.120 0.98405
29.130 0.98368
29.140 0.98332
29.150 0.98296
29.160 0.98259
29.170 0.98223
29.180 0.98187
29.190 0.98151
29.200 0.98115
29.210 0.98079
29.220 0.98042
29.230 0.98006
29.240 0.97970
29.250 0.97934
29.260 0.97898
29.270 0.97862
29.280 0.97826
29.290 0.97790
29.300 0.97755
29.310 0.97719
29.320 0.97683
29.330 0.97647
29.340 0.97611
29.350 0.97575
29.360 0.97540
29.370 0.97504
29.380 0.97468
29.390 0.97432
29.400 0.97397
29.410 0.97361
29.420 0.97326
29.430 0.97290
29.440 0.97254
29.450 0.97219
29.460 0.97183
29.470 0.97148
29.480 0.97112
29.490 0.97077
29.500 0.97041
29.510 0.97006
29.520 0.96971
29.530 0.96935
29.540 0.96900
29.550 0.96865
29.560 0.96829
29.570 0.96794
29.580 0.96759
29.590 0.96724
29.600 0.96689
29.610 0.96653
29.620 0.96618
29.630 0.96583
29.640 0.96548
29.650 0.96513
29.660 0.96478
29.670 0.96443
29.680 0.96408
29.690 0.96373
29.700 0.96338
29.710 0.96303
29.720 0.96268
29.730 0.96233
29.740 0.96198
29.750 0.96164
29.760 0.96129
29.770 0.96094
29.780 0.96059
29.790 0.96024
29.800 0.95990
29.810 0.95955
29.820 0.95920
29.830 0.95886
29.840 0.95851
29.850 0.95817
29.860 0.95782
29.870 0.95747
29.880 0.95713
29.890 0.95678
29.900 0.95644
29.910 0.95609
29.920 0.95575
29.930 0.95541
29.940 0.95506
29.950 0.95472
29.960 0.95437
29.970 0.95403
29.980 0.95369
29.990 0.95335
30.000 0.95300
