0.10000 324.07 0.0943968594849
0.11000 294.60 0.103836545433
0.12000 270.04 0.113276231382
0.13000 249.27 0.12271591733
0.14000 231.46 0.132155603279
0.15000 216.02 0.141595289227
0.16000 202.52 0.151034975176
0.17000 190.60 0.160474661124
0.18000 180.01 0.169914347073
0.19000 170.53 0.179354033021
0.20000 162.00 0.18879371897
0.21000 154.28 0.198233404918
0.22000 147.27 0.207673090867
0.23000 140.86 0.217112776815
0.24000 134.99 0.226552462764
0.25000 129.59 0.235992148712
0.26000 124.60 0.245431834661
0.27000 119.99 0.254871520609
0.28000 115.70 0.264311206558
0.29000 111.71 0.273750892506
0.30000 107.98 0.283190578455
0.31000 104.50 0.292630264403
0.32000 101.23 0.302069950352
0.33000 98.158 0.3115096363
0.34000 95.270 0.320949322249
0.35000 92.546 0.330389008197
0.36000 89.973 0.339828694146
0.37000 87.540 0.349268380094
0.38000 85.235 0.358708066043
0.39000 83.048 0.368147751991
0.40000 80.970 0.37758743794
0.41000 78.993 0.387027123888
0.42000 77.111 0.396466809837
0.43000 75.316 0.405906495785
0.44000 73.603 0.415346181734
0.45000 71.966 0.424785867682
0.46000 70.400 0.434225553631
0.47000 68.901 0.443665239579
0.48000 67.464 0.453104925528
0.49000 66.086 0.462544611476
0.50000 64.763 0.471984297425
0.51000 63.492 0.481423983373
0.52000 62.270 0.490863669322
0.53000 61.094 0.50030335527
0.54000 59.961 0.509743041218
0.55000 58.870 0.519182727167
0.56000 57.818 0.528622413115
0.57000 56.802 0.538062099064
0.58000 55.822 0.547501785012
0.59000 54.875 0.556941470961
0.60000 53.959 0.566381156909
0.61000 53.074 0.575820842858
0.62000 52.216 0.585260528806
0.63000 51.387 0.594700214755
0.64000 50.583 0.604139900703
0.65000 49.804 0.613579586652
0.66000 49.048 0.6230192726
0.67000 48.315 0.632458958549
0.68000 47.604 0.641898644497
0.69000 46.913 0.651338330446
0.70000 46.242 0.660778016394
0.71000 45.590 0.670217702343
0.72000 44.956 0.679657388291
0.73000 44.339 0.68909707424
0.74000 43.739 0.698536760188
0.75000 43.155 0.707976446137
0.76000 42.586 0.717416132085
0.77000 42.032 0.726855818034
0.78000 41.493 0.736295503982
0.79000 40.967 0.745735189931
0.80000 40.454 0.755174875879
0.81000 39.954 0.764614561828
0.82000 39.466 0.774054247776
0.83000 38.989 0.783493933725
0.84000 38.524 0.792933619673
0.85000 38.070 0.802373305622
0.86000 37.627 0.81181299157
0.87000 37.194 0.821252677519
0.88000 36.770 0.830692363467
0.89000 36.357 0.840132049416
0.90000 35.952 0.849571735364
0.91000 35.556 0.859011421313
0.92000 35.169 0.868451107261
0.93000 34.790 0.87789079321
0.94000 34.419 0.887330479158
0.95000 34.056 0.896770165107
0.96000 33.701 0.906209851055
0.97000 33.353 0.915649537004
0.98000 33.012 0.925089222952
0.99000 32.678 0.934528908901
1.0000 32.351 0.943968594849
1.0100 32.030 0.953408280798
1.0200 31.715 0.962847966746
1.0300 31.406 0.972287652695
1.0400 31.104 0.981727338643
1.0500 30.807 0.991167024592
1.0600 30.516 1.00060671054
1.0700 30.230 1.01004639649
1.0800 29.950 1.01948608244
1.0900 29.674 1.02892576839
1.1000 29.404 1.03836545433
1.1100 29.138 1.04780514028
1.1200 28.878 1.05724482623
1.1300 28.622 1.06668451218
1.1400 28.370 1.07612419813
1.1500 28.123 1.08556388408
1.1600 27.880 1.09500357002
1.1700 27.641 1.10444325597
1.1800 27.406 1.11388294192
1.1900 27.175 1.12332262787
1.2000 26.948 1.13276231382
1.2100 26.725 1.14220199977
1.2200 26.506 1.15164168572
1.2300 26.290 1.16108137166
1.2400 26.077 1.17052105761
1.2500 25.868 1.17996074356
1.2600 25.662 1.18940042951
1.2700 25.460 1.19884011546
1.2800 25.260 1.20827980141
1.2900 25.064 1.21771948736
1.3000 24.871 1.2271591733
1.3100 24.680 1.23659885925
1.3200 24.493 1.2460385452
1.3300 24.308 1.25547823115
1.3400 24.126 1.2649179171
1.3500 23.947 1.27435760305
1.3600 23.771 1.28379728899
1.3700 23.597 1.29323697494
1.3800 23.425 1.30267666089
1.3900 23.256 1.31211634684
1.4000 23.090 1.32155603279
1.4100 22.926 1.33099571874
1.4200 22.764 1.34043540469
1.4300 22.604 1.34987509063
1.4400 22.447 1.35931477658
1.4500 22.291 1.36875446253
1.4600 22.138 1.37819414848
1.4700 21.987 1.38763383443
1.4800 21.838 1.39707352038
1.4900 21.691 1.40651320633
1.5000 21.546 1.41595289227
1.5100 21.403 1.42539257822
1.5200 21.262 1.43483226417
1.5300 21.123 1.44427195012
1.5400 20.985 1.45371163607
1.5500 20.849 1.46315132202
1.5600 20.715 1.47259100796
1.5700 20.583 1.48203069391
1.5800 20.452 1.49147037986
1.5900 20.323 1.50091006581
1.6000 20.196 1.51034975176
1.6100 20.070 1.51978943771
1.6200 19.946 1.52922912366
1.6300 19.823 1.5386688096
1.6400 19.702 1.54810849555
1.6500 19.582 1.5575481815
1.6600 19.463 1.56698786745
1.6700 19.347 1.5764275534
1.6800 19.231 1.58586723935
1.6900 19.117 1.59530692529
1.7000 19.004 1.60474661124
1.7100 18.893 1.61418629719
1.7200 18.782 1.62362598314
1.7300 18.673 1.63306566909
1.7400 18.566 1.64250535504
1.7500 18.459 1.65194504099
1.7600 18.354 1.66138472693
1.7700 18.250 1.67082441288
1.7800 18.147 1.68026409883
1.7900 18.045 1.68970378478
1.8000 17.945 1.69914347073
1.8100 17.845 1.70858315668
1.8200 17.747 1.71802284263
1.8300 17.650 1.72746252857
1.8400 17.553 1.73690221452
1.8500 17.458 1.74634190047
1.8600 17.364 1.75578158642
1.8700 17.271 1.76522127237
1.8800 17.179 1.77466095832
1.8900 17.087 1.78410064426
1.9000 16.997 1.79354033021
1.9100 16.908 1.80298001616
1.9200 16.819 1.81241970211
1.9300 16.732 1.82185938806
1.9400 16.645 1.83129907401
1.9500 16.560 1.84073875996
1.9600 16.475 1.8501784459
1.9700 16.391 1.85961813185
1.9800 16.308 1.8690578178
1.9900 16.226 1.87849750375
2.0000 16.144 1.8879371897
2.0100 16.063 1.89737687565
2.0200 15.984 1.9068165616
2.0300 15.905 1.91625624754
2.0400 15.826 1.92569593349
2.0500 15.749 1.93513561944
2.0600 15.672 1.94457530539
2.0700 15.596 1.95401499134
2.0800 15.521 1.96345467729
2.0900 15.446 1.97289436323
2.1000 15.372 1.98233404918
2.1100 15.299 1.99177373513
2.1200 15.227 2.00121342108
2.1300 15.155 2.01065310703
2.1400 15.084 2.02009279298
2.1500 15.013 2.02953247893
2.1600 14.944 2.03897216487
2.1700 14.874 2.04841185082
2.1800 14.806 2.05785153677
2.1900 14.738 2.06729122272
2.2000 14.671 2.07673090867
2.2100 14.604 2.08617059462
2.2200 14.538 2.09561028056
2.2300 14.473 2.10504996651
2.2400 14.408 2.11448965246
2.2500 14.343 2.12392933841
2.2600 14.280 2.13336902436
2.2700 14.216 2.14280871031
2.2800 14.154 2.15224839626
2.2900 14.092 2.1616880822
2.3000 14.030 2.17112776815
2.3100 13.969 2.1805674541
2.3200 13.909 2.19000714005
2.3300 13.849 2.199446826
2.3400 13.789 2.20888651195
2.3500 13.730 2.2183261979
2.3600 13.672 2.22776588384
2.3700 13.614 2.23720556979
2.3800 13.557 2.24664525574
2.3900 13.500 2.25608494169
2.4000 13.443 2.26552462764
2.4100 13.387 2.27496431359
2.4200 13.331 2.28440399953
2.4300 13.276 2.29384368548
2.4400 13.222 2.30328337143
2.4500 13.167 2.31272305738
2.4600 13.114 2.32216274333
2.4700 13.060 2.33160242928
2.4800 13.007 2.34104211523
2.4900 12.955 2.35048180117
2.5000 12.903 2.35992148712
2.5100 12.851 2.36936117307
2.5200 12.800 2.37880085902
2.5300 12.749 2.38824054497
2.5400 12.699 2.39768023092
2.5500 12.649 2.40711991687
2.5600 12.599 2.41655960281
2.5700 12.550 2.42599928876
2.5800 12.501 2.43543897471
2.5900 12.452 2.44487866066
2.6000 12.404 2.45431834661
2.6100 12.356 2.46375803256
2.6200 12.309 2.4731977185
2.6300 12.262 2.48263740445
2.6400 12.215 2.4920770904
2.6500 12.169 2.50151677635
2.6600 12.123 2.5109564623
2.6700 12.077 2.52039614825
2.6800 12.032 2.5298358342
2.6900 11.987 2.53927552014
2.7000 11.942 2.54871520609
2.7100 11.898 2.55815489204
2.7200 11.854 2.56759457799
2.7300 11.810 2.57703426394
2.7400 11.767 2.58647394989
2.7500 11.724 2.59591363583
2.7600 11.681 2.60535332178
2.7700 11.639 2.61479300773
2.7800 11.597 2.62423269368
2.7900 11.555 2.63367237963
2.8000 11.514 2.64311206558
2.8100 11.472 2.65255175153
2.8200 11.432 2.66199143747
2.8300 11.391 2.67143112342
2.8400 11.351 2.68087080937
2.8500 11.311 2.69031049532
2.8600 11.271 2.69975018127
2.8700 11.231 2.70918986722
2.8800 11.192 2.71862955317
2.8900 11.153 2.72806923911
2.9000 11.114 2.73750892506
2.9100 11.076 2.74694861101
2.9200 11.038 2.75638829696
2.9300 11.000 2.76582798291
2.9400 10.962 2.77526766886
2.9500 10.925 2.7847073548
2.9600 10.888 2.79414704075
2.9700 10.851 2.8035867267
2.9800 10.814 2.81302641265
2.9900 10.778 2.8224660986
3.0000 10.742 2.83190578455
3.0100 10.706 2.8413454705
3.0200 10.670 2.85078515644
3.0300 10.635 2.86022484239
3.0400 10.600 2.86966452834
3.0500 10.565 2.87910421429
3.0600 10.530 2.88854390024
3.0700 10.496 2.89798358619
3.0800 10.461 2.90742327214
3.0900 10.427 2.91686295808
3.1000 10.393 2.92630264403
3.1100 10.360 2.93574232998
3.1200 10.326 2.94518201593
3.1300 10.293 2.95462170188
3.1400 10.260 2.96406138783
3.1500 10.227 2.97350107377
3.1600 10.195 2.98294075972
3.1700 10.163 2.99238044567
3.1800 10.130 3.00182013162
3.1900 10.098 3.01125981757
3.2000 10.067 3.02069950352
3.2100 10.035 3.03013918947
3.2200 10.004 3.03957887541
3.2300 9.9726 3.04901856136
3.2400 9.9416 3.05845824731
3.2500 9.9108 3.06789793326
3.2600 9.8802 3.07733761921
3.2700 9.8498 3.08677730516
3.2800 9.8196 3.0962169911
3.2900 9.7896 3.10565667705
3.3000 9.7597 3.115096363
3.3100 9.7300 3.12453604895
3.3200 9.7006 3.1339757349
3.3300 9.6712 3.14341542085
3.3400 9.6421 3.1528551068
3.3500 9.6131 3.16229479274
3.3600 9.5843 3.17173447869
3.3700 9.5557 3.18117416464
3.3800 9.5272 3.19061385059
3.3900 9.4990 3.20005353654
3.4000 9.4708 3.20949322249
3.4100 9.4429 3.21893290844
3.4200 9.4151 3.22837259438
3.4300 9.3875 3.23781228033
3.4400 9.3600 3.24725196628
3.4500 9.3327 3.25669165223
3.4600 9.3055 3.26613133818
3.4700 9.2785 3.27557102413
3.4800 9.2517 3.28501071007
3.4900 9.2250 3.29445039602
3.5000 9.1985 3.30389008197
3.5100 9.1721 3.31332976792
3.5200 9.1458 3.32276945387
3.5300 9.1198 3.33220913982
3.5400 9.0938 3.34164882577
3.5500 9.0680 3.35108851171
3.5600 9.0424 3.36052819766
3.5700 9.0169 3.36996788361
3.5800 8.9915 3.37940756956
3.5900 8.9663 3.38884725551
3.6000 8.9412 3.39828694146
3.6100 8.9163 3.40772662741
3.6200 8.8915 3.41716631335
3.6300 8.8668 3.4266059993
3.6400 8.8423 3.43604568525
3.6500 8.8179 3.4454853712
3.6600 8.7936 3.45492505715
3.6700 8.7695 3.4643647431
3.6800 8.7455 3.47380442904
3.6900 8.7216 3.48324411499
3.7000 8.6979 3.49268380094
3.7100 8.6743 3.50212348689
3.7200 8.6508 3.51156317284
3.7300 8.6274 3.52100285879
3.7400 8.6042 3.53044254474
3.7500 8.5811 3.53988223068
3.7600 8.5581 3.54932191663
3.7700 8.5352 3.55876160258
3.7800 8.5125 3.56820128853
3.7900 8.4898 3.57764097448
3.8000 8.4673 3.58708066043
3.8100 8.4449 3.59652034637
3.8200 8.4227 3.60596003232
3.8300 8.4005 3.61539971827
3.8400 8.3785 3.62483940422
3.8500 8.3566 3.63427909017
3.8600 8.3347 3.64371877612
3.8700 8.3130 3.65315846207
3.8800 8.2915 3.66259814801
3.8900 8.2700 3.67203783396
3.9000 8.2486 3.68147751991
3.9100 8.2274 3.69091720586
3.9200 8.2062 3.70035689181
3.9300 8.1852 3.70979657776
3.9400 8.1642 3.71923626371
3.9500 8.1434 3.72867594965
3.9600 8.1227 3.7381156356
3.9700 8.1021 3.74755532155
3.9800 8.0816 3.7569950075
3.9900 8.0612 3.76643469345
4.0000 8.0408 3.7758743794
4.0100 8.0206 3.78531406534
4.0200 8.0005 3.79475375129
4.0300 7.9805 3.80419343724
4.0400 7.9606 3.81363312319
4.0500 7.9408 3.82307280914
4.0600 7.9211 3.83251249509
4.0700 7.9015 3.84195218104
4.0800 7.8820 3.85139186698
4.0900 7.8625 3.86083155293
4.1000 7.8432 3.87027123888
4.1100 7.8240 3.87971092483
4.1200 7.8048 3.88915061078
4.1300 7.7858 3.89859029673
4.1400 7.7668 3.90802998268
4.1500 7.7480 3.91746966862
4.1600 7.7292 3.92690935457
4.1700 7.7105 3.93634904052
4.1800 7.6919 3.94578872647
4.1900 7.6734 3.95522841242
4.2000 7.6550 3.96466809837
4.2100 7.6366 3.97410778431
4.2200 7.6184 3.98354747026
4.2300 7.6002 3.99298715621
4.2400 7.5822 4.00242684216
4.2500 7.5642 4.01186652811
4.2600 7.5463 4.02130621406
4.2700 7.5285 4.03074590001
4.2800 7.5107 4.04018558595
4.2900 7.4931 4.0496252719
4.3000 7.4755 4.05906495785
4.3100 7.4580 4.0685046438
4.3200 7.4406 4.07794432975
4.3300 7.4233 4.0873840157
4.3400 7.4060 4.09682370164
4.3500 7.3889 4.10626338759
4.3600 7.3718 4.11570307354
4.3700 7.3548 4.12514275949
4.3800 7.3378 4.13458244544
4.3900 7.3210 4.14402213139
4.4000 7.3042 4.15346181734
4.4100 7.2875 4.16290150328
4.4200 7.2709 4.17234118923
4.4300 7.2543 4.18178087518
4.4400 7.2378 4.19122056113
4.4500 7.2214 4.20066024708
4.4600 7.2051 4.21009993303
4.4700 7.1888 4.21953961898
4.4800 7.1726 4.22897930492
4.4900 7.1565 4.23841899087
4.5000 7.1405 4.24785867682
4.5100 7.1245 4.25729836277
4.5200 7.1086 4.26673804872
4.5300 7.0928 4.27617773467
4.5400 7.0770 4.28561742061
4.5500 7.0613 4.29505710656
4.5600 7.0457 4.30449679251
4.5700 7.0302 4.31393647846
4.5800 7.0147 4.32337616441
4.5900 6.9992 4.33281585036
4.6000 6.9839 4.34225553631
4.6100 6.9686 4.35169522225
4.6200 6.9534 4.3611349082
4.6300 6.9382 4.37057459415
4.6400 6.9232 4.3800142801
4.6500 6.9081 4.38945396605
4.6600 6.8932 4.398893652
4.6700 6.8783 4.40833333795
4.6800 6.8634 4.41777302389
4.6900 6.8487 4.42721270984
4.7000 6.8340 4.43665239579
4.7100 6.8193 4.44609208174
4.7200 6.8048 4.45553176769
4.7300 6.7902 4.46497145364
4.7400 6.7758 4.47441113958
4.7500 6.7614 4.48385082553
4.7600 6.7470 4.49329051148
4.7700 6.7328 4.50273019743
4.7800 6.7186 4.51216988338
4.7900 6.7044 4.52160956933
4.8000 6.6903 4.53104925528
4.8100 6.6763 4.54048894122
4.8200 6.6623 4.54992862717
4.8300 6.6484 4.55936831312
4.8400 6.6345 4.56880799907
4.8500 6.6207 4.57824768502
4.8600 6.6069 4.58768737097
4.8700 6.5932 4.59712705691
4.8800 6.5796 4.60656674286
4.8900 6.5660 4.61600642881
4.9000 6.5525 4.62544611476
4.9100 6.5390 4.63488580071
4.9200 6.5256 4.64432548666
4.9300 6.5122 4.65376517261
4.9400 6.4989 4.66320485855
4.9500 6.4857 4.6726445445
4.9600 6.4725 4.68208423045
4.9700 6.4593 4.6915239164
4.9800 6.4462 4.70096360235
4.9900 6.4332 4.7104032883
5.0000 6.4202 4.71984297425
5.1000 6.2931 4.81423983373
5.1100 6.2806 4.82367951968
5.1200 6.2683 4.83311920563
5.1300 6.2559 4.84255889158
5.1400 6.2436 4.85199857752
5.1500 6.2314 4.86143826347
5.1600 6.2192 4.87087794942
5.1700 6.2070 4.88031763537
5.1800 6.1949 4.88975732132
5.1900 6.1829 4.89919700727
5.2000 6.1709 4.90863669322
5.2100 6.1589 4.91807637916
5.2200 6.1470 4.92751606511
5.2300 6.1351 4.93695575106
5.2400 6.1233 4.94639543701
5.2500 6.1115 4.95583512296
5.2600 6.0998 4.96527480891
5.2700 6.0881 4.97471449485
5.2800 6.0764 4.9841541808
5.2900 6.0648 4.99359386675
5.3000 6.0532 5.0030335527
5.3100 6.0417 5.01247323865
5.3200 6.0303 5.0219129246
5.3300 6.0188 5.03135261055
5.3400 6.0074 5.04079229649
5.3500 5.9961 5.05023198244
5.3600 5.9848 5.05967166839
5.3700 5.9735 5.06911135434
5.3800 5.9623 5.07855104029
5.3900 5.9511 5.08799072624
5.4000 5.9400 5.09743041218
5.4100 5.9289 5.10687009813
5.4200 5.9178 5.11630978408
5.4300 5.9068 5.12574947003
5.4400 5.8959 5.13518915598
5.4500 5.8849 5.14462884193
5.4600 5.8740 5.15406852788
5.4700 5.8632 5.16350821382
5.4800 5.8524 5.17294789977
5.4900 5.8416 5.18238758572
5.5000 5.8309 5.19182727167
5.5100 5.8202 5.20126695762
5.5200 5.8095 5.21070664357
5.5300 5.7989 5.22014632952
5.5400 5.7883 5.22958601546
5.5500 5.7778 5.23902570141
5.5600 5.7673 5.24846538736
5.5700 5.7568 5.25790507331
5.5800 5.7464 5.26734475926
5.5900 5.7360 5.27678444521
5.6000 5.7256 5.28622413115
5.6100 5.7153 5.2956638171
5.6200 5.7050 5.30510350305
5.6300 5.6948 5.314543189
5.6400 5.6846 5.32398287495
5.6500 5.6744 5.3334225609
5.6600 5.6643 5.34286224685
5.6700 5.6542 5.35230193279
5.6800 5.6441 5.36174161874
5.6900 5.6341 5.37118130469
5.7000 5.6241 5.38062099064
5.7100 5.6141 5.39006067659
5.7200 5.6042 5.39950036254
5.7300 5.5943 5.40894004849
5.7400 5.5844 5.41837973443
5.7500 5.5746 5.42781942038
5.7600 5.5648 5.43725910633
5.7700 5.5551 5.44669879228
5.7800 5.5454 5.45613847823
5.7900 5.5357 5.46557816418
5.8000 5.5260 5.47501785012
5.8100 5.5164 5.48445753607
5.8200 5.5068 5.49389722202
5.8300 5.4973 5.50333690797
5.8400 5.4878 5.51277659392
5.8500 5.4783 5.52221627987
5.8600 5.4688 5.53165596582
5.8700 5.4594 5.54109565176
5.8800 5.4500 5.55053533771
5.8900 5.4406 5.55997502366
5.9000 5.4313 5.56941470961
5.9100 5.4220 5.57885439556
5.9200 5.4127 5.58829408151
5.9300 5.4035 5.59773376745
5.9400 5.3943 5.6071734534
5.9500 5.3851 5.61661313935
5.9600 5.3760 5.6260528253
5.9700 5.3669 5.63549251125
5.9800 5.3578 5.6449321972
5.9900 5.3488 5.65437188315
6.0000 5.3397 5.66381156909
6.0100 5.3308 5.67325125504
6.0200 5.3218 5.68269094099
6.0300 5.3129 5.69213062694
6.0400 5.3040 5.70157031289
6.0500 5.2951 5.71100999884
6.0600 5.2863 5.72044968479
6.0700 5.2774 5.72988937073
6.0800 5.2687 5.73932905668
6.0900 5.2599 5.74876874263
6.1000 5.2512 5.75820842858
6.1100 5.2425 5.76764811453
6.1200 5.2338 5.77708780048
6.1300 5.2252 5.78652748642
6.1400 5.2166 5.79596717237
6.1500 5.2080 5.80540685832
6.1600 5.1994 5.81484654427
6.1700 5.1909 5.82428623022
6.1800 5.1824 5.83372591617
6.1900 5.1739 5.84316560212
6.2000 5.1655 5.85260528806
6.2100 5.1571 5.86204497401
6.2200 5.1487 5.87148465996
6.2300 5.1403 5.88092434591
6.2400 5.1320 5.89036403186
6.2500 5.1237 5.89980371781
6.2600 5.1154 5.90924340376
6.2700 5.1071 5.9186830897
6.2800 5.0989 5.92812277565
6.2900 5.0907 5.9375624616
6.3000 5.0825 5.94700214755
6.3100 5.0743 5.9564418335
6.3200 5.0662 5.96588151945
6.3300 5.0581 5.97532120539
6.3400 5.0500 5.98476089134
6.3500 5.0420 5.99420057729
6.3600 5.0340 6.00364026324
6.3700 5.0260 6.01307994919
6.3800 5.0180 6.02251963514
6.3900 5.0100 6.03195932109
6.4000 5.0021 6.04139900703
6.4100 4.9942 6.05083869298
6.4200 4.9863 6.06027837893
6.4300 4.9785 6.06971806488
6.4400 4.9706 6.07915775083
6.4500 4.9628 6.08859743678
6.4600 4.9551 6.09803712272
6.4700 4.9473 6.10747680867
6.4800 4.9396 6.11691649462
6.4900 4.9319 6.12635618057
6.5000 4.9242 6.13579586652
6.5100 4.9165 6.14523555247
6.5200 4.9089 6.15467523842
6.5300 4.9013 6.16411492436
6.5400 4.8937 6.17355461031
6.5500 4.8861 6.18299429626
6.5600 4.8786 6.19243398221
6.5700 4.8711 6.20187366816
6.5800 4.8636 6.21131335411
6.5900 4.8561 6.22075304006
6.6000 4.8486 6.230192726
6.6100 4.8412 6.23963241195
6.6200 4.8338 6.2490720979
6.6300 4.8264 6.25851178385
6.6400 4.8190 6.2679514698
6.6500 4.8117 6.27739115575
6.6600 4.8044 6.28683084169
6.6700 4.7971 6.29627052764
6.6800 4.7898 6.30571021359
6.6900 4.7826 6.31514989954
6.7000 4.7753 6.32458958549
6.7100 4.7681 6.33402927144
6.7200 4.7609 6.34346895739
6.7300 4.7538 6.35290864333
6.7400 4.7466 6.36234832928
6.7500 4.7395 6.37178801523
6.7600 4.7324 6.38122770118
6.7700 4.7253 6.39066738713
6.7800 4.7182 6.40010707308
6.7900 4.7112 6.40954675903
6.8000 4.7042 6.41898644497
6.8100 4.6972 6.42842613092
6.8200 4.6902 6.43786581687
6.8300 4.6832 6.44730550282
6.8400 4.6763 6.45674518877
6.8500 4.6694 6.46618487472
6.8600 4.6625 6.47562456066
6.8700 4.6556 6.48506424661
6.8800 4.6488 6.49450393256
6.8900 4.6419 6.50394361851
6.9000 4.6351 6.51338330446
6.9100 4.6283 6.52282299041
6.9200 4.6215 6.53226267636
6.9300 4.6148 6.5417023623
6.9400 4.6080 6.55114204825
6.9500 4.6013 6.5605817342
6.9600 4.5946 6.57002142015
6.9700 4.5879 6.5794611061
6.9800 4.5813 6.58890079205
6.9900 4.5746 6.59834047799
7.0000 4.5680 6.60778016394
7.0100 4.5614 6.61721984989
7.0200 4.5548 6.62665953584
7.0300 4.5482 6.63609922179
7.0400 4.5417 6.64553890774
7.0500 4.5352 6.65497859369
7.0600 4.5286 6.66441827963
7.0700 4.5221 6.67385796558
7.0800 4.5157 6.68329765153
7.0900 4.5092 6.69273733748
7.1000 4.5028 6.70217702343
7.1100 4.4964 6.71161670938
7.1200 4.4900 6.72105639533
7.1300 4.4836 6.73049608127
7.1400 4.4772 6.73993576722
7.1500 4.4708 6.74937545317
7.1600 4.4645 6.75881513912
7.1700 4.4582 6.76825482507
7.1800 4.4519 6.77769451102
7.1900 4.4456 6.78713419696
7.2000 4.4394 6.79657388291
7.2100 4.4331 6.80601356886
7.2200 4.4269 6.81545325481
7.2300 4.4207 6.82489294076
7.2400 4.4145 6.83433262671
7.2500 4.4083 6.84377231266
7.2600 4.4022 6.8532119986
7.2700 4.3960 6.86265168455
7.2800 4.3899 6.8720913705
7.2900 4.3838 6.88153105645
7.3000 4.3777 6.8909707424
7.3100 4.3716 6.90041042835
7.3200 4.3656 6.9098501143
7.3300 4.3595 6.91928980024
7.3400 4.3535 6.92872948619
7.3500 4.3475 6.93816917214
7.3600 4.3415 6.94760885809
7.3700 4.3355 6.95704854404
7.3800 4.3296 6.96648822999
7.3900 4.3236 6.97592791593
7.4000 4.3177 6.98536760188
7.4100 4.3118 6.99480728783
7.4200 4.3059 7.00424697378
7.4300 4.3000 7.01368665973
7.4400 4.2941 7.02312634568
7.4500 4.2883 7.03256603163
7.4600 4.2825 7.04200571757
7.4700 4.2766 7.05144540352
7.4800 4.2708 7.06088508947
7.4900 4.2651 7.07032477542
7.5000 4.2593 7.07976446137
7.5100 4.2535 7.08920414732
7.5200 4.2478 7.09864383326
7.5300 4.2421 7.10808351921
7.5400 4.2364 7.11752320516
7.5500 4.2307 7.12696289111
7.5600 4.2250 7.13640257706
7.5700 4.2193 7.14584226301
7.5800 4.2137 7.15528194896
7.5900 4.2080 7.1647216349
7.6000 4.2024 7.17416132085
7.6100 4.1968 7.1836010068
7.6200 4.1912 7.19304069275
7.6300 4.1857 7.2024803787
7.6400 4.1801 7.21192006465
7.6500 4.1745 7.2213597506
7.6600 4.1690 7.23079943654
7.6700 4.1635 7.24023912249
7.6800 4.1580 7.24967880844
7.6900 4.1525 7.25911849439
7.7000 4.1470 7.26855818034
7.7100 4.1416 7.27799786629
7.7200 4.1361 7.28743755223
7.7300 4.1307 7.29687723818
7.7400 4.1253 7.30631692413
7.7500 4.1199 7.31575661008
7.7600 4.1145 7.32519629603
7.7700 4.1091 7.33463598198
7.7800 4.1037 7.34407566793
7.7900 4.0984 7.35351535387
7.8000 4.0931 7.36295503982
7.8100 4.0877 7.37239472577
7.8200 4.0824 7.38183441172
7.8300 4.0771 7.39127409767
7.8400 4.0719 7.40071378362
7.8500 4.0666 7.41015346957
7.8600 4.0613 7.41959315551
7.8700 4.0561 7.42903284146
7.8800 4.0509 7.43847252741
7.8900 4.0457 7.44791221336
7.9000 4.0405 7.45735189931
7.9100 4.0353 7.46679158526
7.9200 4.0301 7.4762312712
7.9300 4.0249 7.48567095715
7.9400 4.0198 7.4951106431
7.9500 4.0147 7.50455032905
7.9600 4.0095 7.513990015
7.9700 4.0044 7.52342970095
7.9800 3.9993 7.5328693869
7.9900 3.9942 7.54230907284
8.0000 3.9892 7.55174875879
8.0100 3.9841 7.56118844474
8.0200 3.9791 7.57062813069
8.0300 3.9740 7.58006781664
8.0400 3.9690 7.58950750259
8.0500 3.9640 7.59894718853
8.0600 3.9590 7.60838687448
8.0700 3.9540 7.61782656043
8.0800 3.9491 7.62726624638
8.0900 3.9441 7.63670593233
8.1000 3.9392 7.64614561828
8.1100 3.9342 7.65558530423
8.1200 3.9293 7.66502499017
8.1300 3.9244 7.67446467612
8.1400 3.9195 7.68390436207
8.1500 3.9146 7.69334404802
8.1600 3.9097 7.70278373397
8.1700 3.9049 7.71222341992
8.1800 3.9000 7.72166310587
8.1900 3.8952 7.73110279181
8.2000 3.8904 7.74054247776
8.2100 3.8855 7.74998216371
8.2200 3.8807 7.75942184966
8.2300 3.8759 7.76886153561
8.2400 3.8712 7.77830122156
8.2500 3.8664 7.7877409075
8.2600 3.8616 7.79718059345
8.2700 3.8569 7.8066202794
8.2800 3.8522 7.81605996535
8.2900 3.8474 7.8254996513
8.3000 3.8427 7.83493933725
8.3100 3.8380 7.8443790232
8.3200 3.8333 7.85381870914
8.3300 3.8287 7.86325839509
8.3400 3.8240 7.87269808104
8.3500 3.8193 7.88213776699
8.3600 3.8147 7.89157745294
8.3700 3.8101 7.90101713889
8.3800 3.8054 7.91045682484
8.3900 3.8008 7.91989651078
8.4000 3.7962 7.92933619673
8.4100 3.7916 7.93877588268
8.4200 3.7871 7.94821556863
8.4300 3.7825 7.95765525458
8.4400 3.7779 7.96709494053
8.4500 3.7734 7.97653462647
8.4600 3.7689 7.98597431242
8.4700 3.7643 7.99541399837
8.4800 3.7598 8.00485368432
8.4900 3.7553 8.01429337027
8.5000 3.7508 8.02373305622
8.5100 3.7464 8.03317274217
8.5200 3.7419 8.04261242811
8.5300 3.7374 8.05205211406
8.5400 3.7330 8.06149180001
8.5500 3.7285 8.07093148596
8.5600 3.7241 8.08037117191
8.5700 3.7197 8.08981085786
8.5800 3.7153 8.0992505438
8.5900 3.7109 8.10869022975
8.6000 3.7065 8.1181299157
8.6100 3.7021 8.12756960165
8.6200 3.6978 8.1370092876
8.6300 3.6934 8.14644897355
8.6400 3.6890 8.1558886595
8.6500 3.6847 8.16532834544
8.6600 3.6804 8.17476803139
8.6700 3.6761 8.18420771734
8.6800 3.6718 8.19364740329
8.6900 3.6675 8.20308708924
8.7000 3.6632 8.21252677519
8.7100 3.6589 8.22196646114
8.7200 3.6546 8.23140614708
8.7300 3.6504 8.24084583303
8.7400 3.6461 8.25028551898
8.7500 3.6419 8.25972520493
8.7600 3.6377 8.26916489088
8.7700 3.6334 8.27860457683
8.7800 3.6292 8.28804426277
8.7900 3.6250 8.29748394872
8.8000 3.6208 8.30692363467
8.8100 3.6167 8.31636332062
8.8200 3.6125 8.32580300657
8.8300 3.6083 8.33524269252
8.8400 3.6042 8.34468237847
8.8500 3.6000 8.35412206441
8.8600 3.5959 8.36356175036
8.8700 3.5918 8.37300143631
8.8800 3.5877 8.38244112226
8.8900 3.5835 8.39188080821
8.9000 3.5794 8.40132049416
8.9100 3.5754 8.41076018011
8.9200 3.5713 8.42019986605
8.9300 3.5672 8.429639552
8.9400 3.5632 8.43907923795
8.9500 3.5591 8.4485189239
8.9600 3.5551 8.45795860985
8.9700 3.5510 8.4673982958
8.9800 3.5470 8.47683798174
8.9900 3.5430 8.48627766769
9.0000 3.5390 8.49571735364
9.0100 3.5350 8.50515703959
9.0200 3.5310 8.51459672554
9.0300 3.5270 8.52403641149
9.0400 3.5230 8.53347609744
9.0500 3.5191 8.54291578338
9.0600 3.5151 8.55235546933
9.0700 3.5112 8.56179515528
9.0800 3.5072 8.57123484123
9.0900 3.5033 8.58067452718
9.1000 3.4994 8.59011421313
9.1100 3.4955 8.59955389907
9.1200 3.4916 8.60899358502
9.1300 3.4877 8.61843327097
9.1400 3.4838 8.62787295692
9.1500 3.4799 8.63731264287
9.1600 3.4761 8.64675232882
9.1700 3.4722 8.65619201477
9.1800 3.4684 8.66563170071
9.1900 3.4645 8.67507138666
9.2000 3.4607 8.68451107261
9.2100 3.4569 8.69395075856
9.2200 3.4530 8.70339044451
9.2300 3.4492 8.71283013046
9.2400 3.4454 8.72226981641
9.2500 3.4416 8.73170950235
9.2600 3.4379 8.7411491883
9.2700 3.4341 8.75058887425
9.2800 3.4303 8.7600285602
9.2900 3.4266 8.76946824615
9.3000 3.4228 8.7789079321
9.3100 3.4191 8.78834761804
9.3200 3.4153 8.79778730399
9.3300 3.4116 8.80722698994
9.3400 3.4079 8.81666667589
9.3500 3.4042 8.82610636184
9.3600 3.4005 8.83554604779
9.3700 3.3968 8.84498573374
9.3800 3.3931 8.85442541968
9.3900 3.3894 8.86386510563
9.4000 3.3857 8.87330479158
9.4100 3.3821 8.88274447753
9.4200 3.3784 8.89218416348
9.4300 3.3748 8.90162384943
9.4400 3.3711 8.91106353538
9.4500 3.3675 8.92050322132
9.4600 3.3639 8.92994290727
9.4700 3.3602 8.93938259322
9.4800 3.3566 8.94882227917
9.4900 3.3530 8.95826196512
9.5000 3.3494 8.96770165107
9.5100 3.3458 8.97714133701
9.5200 3.3423 8.98658102296
9.5300 3.3387 8.99602070891
9.5400 3.3351 9.00546039486
9.5500 3.3316 9.01490008081
9.5600 3.3280 9.02433976676
9.5700 3.3245 9.03377945271
9.5800 3.3209 9.04321913865
9.5900 3.3174 9.0526588246
9.6000 3.3139 9.06209851055
9.6100 3.3104 9.0715381965
9.6200 3.3069 9.08097788245
9.6300 3.3034 9.0904175684
9.6400 3.2999 9.09985725435
9.6500 3.2964 9.10929694029
9.6600 3.2929 9.11873662624
9.6700 3.2894 9.12817631219
9.6800 3.2860 9.13761599814
9.6900 3.2825 9.14705568409
9.7000 3.2791 9.15649537004
9.7100 3.2756 9.16593505598
9.7200 3.2722 9.17537474193
9.7300 3.2688 9.18481442788
9.7400 3.2653 9.19425411383
9.7500 3.2619 9.20369379978
9.7600 3.2585 9.21313348573
9.7700 3.2551 9.22257317168
9.7800 3.2517 9.23201285762
9.7900 3.2484 9.24145254357
9.8000 3.2450 9.25089222952
9.8100 3.2416 9.26033191547
9.8200 3.2382 9.26977160142
9.8300 3.2349 9.27921128737
9.8400 3.2315 9.28865097331
9.8500 3.2282 9.29809065926
9.8600 3.2248 9.30753034521
9.8700 3.2215 9.31697003116
9.8800 3.2182 9.32640971711
9.8900 3.2149 9.33584940306
9.9000 3.2116 9.34528908901
9.9100 3.2083 9.35472877495
9.9200 3.2050 9.3641684609
9.9300 3.2017 9.37360814685
9.9400 3.1984 9.3830478328
9.9500 3.1951 9.39248751875
9.9600 3.1918 9.4019272047
9.9700 3.1886 9.41136689065
9.9800 3.1853 9.42080657659
9.9900 3.1821 9.43024626254
10.000 3.1788 9.43968594849
10.100 3.1467 9.53408280798
10.110 3.1436 9.54352249392
10.120 3.1404 9.55296217987
10.130 3.1372 9.56240186582
10.140 3.1341 9.57184155177
10.150 3.1309 9.58128123772
10.160 3.1278 9.59072092367
10.170 3.1246 9.60016060962
10.180 3.1215 9.60960029556
10.190 3.1184 9.61903998151
10.200 3.1153 9.62847966746
10.210 3.1122 9.63791935341
10.220 3.1090 9.64735903936
10.230 3.1059 9.65679872531
10.240 3.1028 9.66623841125
10.250 3.0998 9.6756780972
10.260 3.0967 9.68511778315
10.270 3.0936 9.6945574691
10.280 3.0905 9.70399715505
10.290 3.0875 9.713436841
10.300 3.0844 9.72287652695
10.310 3.0814 9.73231621289
10.320 3.0783 9.74175589884
10.330 3.0753 9.75119558479
10.340 3.0722 9.76063527074
10.350 3.0692 9.77007495669
10.360 3.0662 9.77951464264
10.370 3.0632 9.78895432858
10.380 3.0602 9.79839401453
10.390 3.0571 9.80783370048
10.400 3.0542 9.81727338643
10.410 3.0512 9.82671307238
10.420 3.0482 9.83615275833
10.430 3.0452 9.84559244428
10.440 3.0422 9.85503213022
10.450 3.0392 9.86447181617
10.460 3.0363 9.87391150212
10.470 3.0333 9.88335118807
10.480 3.0304 9.89279087402
10.490 3.0274 9.90223055997
10.500 3.0245 9.91167024592
10.510 3.0215 9.92110993186
10.520 3.0186 9.93054961781
10.530 3.0157 9.93998930376
10.540 3.0128 9.94942898971
10.550 3.0098 9.95886867566
10.560 3.0069 9.96830836161
10.570 3.0040 9.97774804755
10.580 3.0011 9.9871877335
10.590 2.9982 9.99662741945
10.600 2.9953 10.0060671054
10.610 2.9925 10.0155067913
10.620 2.9896 10.0249464773
10.630 2.9867 10.0343861632
10.640 2.9838 10.0438258492
10.650 2.9810 10.0532655351
10.660 2.9781 10.0627052211
10.670 2.9753 10.072144907
10.680 2.9724 10.081584593
10.690 2.9696 10.0910242789
10.700 2.9668 10.1004639649
10.710 2.9639 10.1099036508
10.720 2.9611 10.1193433368
10.730 2.9583 10.1287830227
10.740 2.9555 10.1382227087
10.750 2.9527 10.1476623946
10.760 2.9499 10.1571020806
10.770 2.9471 10.1665417665
10.780 2.9443 10.1759814525
10.790 2.9415 10.1854211384
10.800 2.9387 10.1948608244
10.810 2.9359 10.2043005103
10.820 2.9332 10.2137401963
10.830 2.9304 10.2231798822
10.840 2.9276 10.2326195682
10.850 2.9249 10.2420592541
10.860 2.9221 10.2514989401
10.870 2.9194 10.260938626
10.880 2.9166 10.270378312
10.890 2.9139 10.2798179979
10.900 2.9112 10.2892576839
10.910 2.9085 10.2986973698
10.920 2.9057 10.3081370558
10.930 2.9030 10.3175767417
10.940 2.9003 10.3270164276
10.950 2.8976 10.3364561136
10.960 2.8949 10.3458957995
10.970 2.8922 10.3553354855
10.980 2.8895 10.3647751714
10.990 2.8868 10.3742148574
11.000 2.8841 10.3836545433
11.010 2.8815 10.3930942293
11.020 2.8788 10.4025339152
11.030 2.8761 10.4119736012
11.040 2.8735 10.4214132871
11.050 2.8708 10.4308529731
11.060 2.8682 10.440292659
11.070 2.8655 10.449732345
11.080 2.8629 10.4591720309
11.090 2.8602 10.4686117169
11.100 2.8576 10.4780514028
11.110 2.8550 10.4874910888
11.120 2.8523 10.4969307747
11.130 2.8497 10.5063704607
11.140 2.8471 10.5158101466
11.150 2.8445 10.5252498326
11.160 2.8419 10.5346895185
11.170 2.8393 10.5441292045
11.180 2.8367 10.5535688904
11.190 2.8341 10.5630085764
11.200 2.8315 10.5724482623
11.210 2.8289 10.5818879483
11.220 2.8264 10.5913276342
11.230 2.8238 10.6007673202
11.240 2.8212 10.6102070061
11.250 2.8187 10.6196466921
11.260 2.8161 10.629086378
11.270 2.8135 10.6385260639
11.280 2.8110 10.6479657499
11.290 2.8084 10.6574054358
11.300 2.8059 10.6668451218
11.310 2.8034 10.6762848077
11.320 2.8008 10.6857244937
11.330 2.7983 10.6951641796
11.340 2.7958 10.7046038656
11.350 2.7933 10.7140435515
11.360 2.7908 10.7234832375
11.370 2.7882 10.7329229234
11.380 2.7857 10.7423626094
11.390 2.7832 10.7518022953
11.400 2.7807 10.7612419813
11.410 2.7783 10.7706816672
11.420 2.7758 10.7801213532
11.430 2.7733 10.7895610391
11.440 2.7708 10.7990007251
11.450 2.7683 10.808440411
11.460 2.7659 10.817880097
11.470 2.7634 10.8273197829
11.480 2.7609 10.8367594689
11.490 2.7585 10.8461991548
11.500 2.7560 10.8556388408
11.510 2.7536 10.8650785267
11.520 2.7511 10.8745182127
11.530 2.7487 10.8839578986
11.540 2.7463 10.8933975846
11.550 2.7438 10.9028372705
11.560 2.7414 10.9122769565
11.570 2.7390 10.9217166424
11.580 2.7365 10.9311563284
11.590 2.7341 10.9405960143
11.600 2.7317 10.9500357002
11.610 2.7293 10.9594753862
11.620 2.7269 10.9689150721
11.630 2.7245 10.9783547581
11.640 2.7221 10.987794444
11.650 2.7197 10.99723413
11.660 2.7173 11.0066738159
11.670 2.7150 11.0161135019
11.680 2.7126 11.0255531878
11.690 2.7102 11.0349928738
11.700 2.7078 11.0444325597
11.710 2.7055 11.0538722457
11.720 2.7031 11.0633119316
11.730 2.7008 11.0727516176
11.740 2.6984 11.0821913035
11.750 2.6960 11.0916309895
11.760 2.6937 11.1010706754
11.770 2.6914 11.1105103614
11.780 2.6890 11.1199500473
11.790 2.6867 11.1293897333
11.800 2.6844 11.1388294192
11.810 2.6820 11.1482691052
11.820 2.6797 11.1577087911
11.830 2.6774 11.1671484771
11.840 2.6751 11.176588163
11.850 2.6728 11.186027849
11.860 2.6705 11.1954675349
11.870 2.6682 11.2049072209
11.880 2.6659 11.2143469068
11.890 2.6636 11.2237865928
11.900 2.6613 11.2332262787
11.910 2.6590 11.2426659647
11.920 2.6567 11.2521056506
11.930 2.6544 11.2615453365
11.940 2.6521 11.2709850225
11.950 2.6499 11.2804247084
11.960 2.6476 11.2898643944
11.970 2.6453 11.2993040803
11.980 2.6431 11.3087437663
11.990 2.6408 11.3181834522
12.000 2.6386 11.3276231382
12.010 2.6363 11.3370628241
12.020 2.6341 11.3465025101
12.030 2.6318 11.355942196
12.040 2.6296 11.365381882
12.050 2.6274 11.3748215679
12.060 2.6251 11.3842612539
12.070 2.6229 11.3937009398
12.080 2.6207 11.4031406258
12.090 2.6185 11.4125803117
12.100 2.6162 11.4220199977
12.110 2.6140 11.4314596836
12.120 2.6118 11.4408993696
12.130 2.6096 11.4503390555
12.140 2.6074 11.4597787415
12.150 2.6052 11.4692184274
12.160 2.6030 11.4786581134
12.170 2.6008 11.4880977993
12.180 2.5987 11.4975374853
12.190 2.5965 11.5069771712
12.200 2.5943 11.5164168572
12.210 2.5921 11.5258565431
12.220 2.5899 11.5352962291
12.230 2.5878 11.544735915
12.240 2.5856 11.554175601
12.250 2.5834 11.5636152869
12.260 2.5813 11.5730549728
12.270 2.5791 11.5824946588
12.280 2.5770 11.5919343447
12.290 2.5748 11.6013740307
12.300 2.5727 11.6108137166
12.310 2.5705 11.6202534026
12.320 2.5684 11.6296930885
12.330 2.5663 11.6391327745
12.340 2.5641 11.6485724604
12.350 2.5620 11.6580121464
12.360 2.5599 11.6674518323
12.370 2.5578 11.6768915183
12.380 2.5557 11.6863312042
12.390 2.5535 11.6957708902
12.400 2.5514 11.7052105761
12.410 2.5493 11.7146502621
12.420 2.5472 11.724089948
12.430 2.5451 11.733529634
12.440 2.5430 11.7429693199
12.450 2.5409 11.7524090059
12.460 2.5388 11.7618486918
12.470 2.5368 11.7712883778
12.480 2.5347 11.7807280637
12.490 2.5326 11.7901677497
12.500 2.5305 11.7996074356
12.510 2.5285 11.8090471216
12.520 2.5264 11.8184868075
12.530 2.5243 11.8279264935
12.540 2.5223 11.8373661794
12.550 2.5202 11.8468058654
12.560 2.5181 11.8562455513
12.570 2.5161 11.8656852373
12.580 2.5140 11.8751249232
12.590 2.5120 11.8845646091
12.600 2.5099 11.8940042951
12.610 2.5079 11.903443981
12.620 2.5059 11.912883667
12.630 2.5038 11.9223233529
12.640 2.5018 11.9317630389
12.650 2.4998 11.9412027248
12.660 2.4977 11.9506424108
12.670 2.4957 11.9600820967
12.680 2.4937 11.9695217827
12.690 2.4917 11.9789614686
12.700 2.4897 11.9884011546
12.710 2.4877 11.9978408405
12.720 2.4857 12.0072805265
12.730 2.4837 12.0167202124
12.740 2.4817 12.0261598984
12.750 2.4797 12.0355995843
12.760 2.4777 12.0450392703
12.770 2.4757 12.0544789562
12.780 2.4737 12.0639186422
12.790 2.4717 12.0733583281
12.800 2.4697 12.0827980141
12.810 2.4678 12.0922377
12.820 2.4658 12.101677386
12.830 2.4638 12.1111170719
12.840 2.4619 12.1205567579
12.850 2.4599 12.1299964438
12.860 2.4579 12.1394361298
12.870 2.4560 12.1488758157
12.880 2.4540 12.1583155017
12.890 2.4521 12.1677551876
12.900 2.4501 12.1771948736
12.910 2.4482 12.1866345595
12.920 2.4462 12.1960742454
12.930 2.4443 12.2055139314
12.940 2.4423 12.2149536173
12.950 2.4404 12.2243933033
12.960 2.4385 12.2338329892
12.970 2.4366 12.2432726752
12.980 2.4346 12.2527123611
12.990 2.4327 12.2621520471
13.000 2.4308 12.271591733
13.010 2.4289 12.281031419
13.020 2.4270 12.2904711049
13.030 2.4250 12.2999107909
13.040 2.4231 12.3093504768
13.050 2.4212 12.3187901628
13.060 2.4193 12.3282298487
13.070 2.4174 12.3376695347
13.080 2.4155 12.3471092206
13.090 2.4136 12.3565489066
13.100 2.4117 12.3659885925
13.110 2.4099 12.3754282785
13.120 2.4080 12.3848679644
13.130 2.4061 12.3943076504
13.140 2.4042 12.4037473363
13.150 2.4023 12.4131870223
13.160 2.4005 12.4226267082
13.170 2.3986 12.4320663942
13.180 2.3967 12.4415060801
13.190 2.3949 12.4509457661
13.200 2.3930 12.460385452
13.210 2.3911 12.469825138
13.220 2.3893 12.4792648239
13.230 2.3874 12.4887045099
13.240 2.3856 12.4981441958
13.250 2.3837 12.5075838818
13.260 2.3819 12.5170235677
13.270 2.3800 12.5264632536
13.280 2.3782 12.5359029396
13.290 2.3764 12.5453426255
13.300 2.3745 12.5547823115
13.310 2.3727 12.5642219974
13.320 2.3709 12.5736616834
13.330 2.3691 12.5831013693
13.340 2.3672 12.5925410553
13.350 2.3654 12.6019807412
13.360 2.3636 12.6114204272
13.370 2.3618 12.6208601131
13.380 2.3600 12.6302997991
13.390 2.3582 12.639739485
13.400 2.3564 12.649179171
13.410 2.3545 12.6586188569
13.420 2.3527 12.6680585429
13.430 2.3509 12.6774982288
13.440 2.3492 12.6869379148
13.450 2.3474 12.6963776007
13.460 2.3456 12.7058172867
13.470 2.3438 12.7152569726
13.480 2.3420 12.7246966586
13.490 2.3402 12.7341363445
13.500 2.3384 12.7435760305
13.510 2.3367 12.7530157164
13.520 2.3349 12.7624554024
13.530 2.3331 12.7718950883
13.540 2.3313 12.7813347743
13.550 2.3296 12.7907744602
13.560 2.3278 12.8002141462
13.570 2.3260 12.8096538321
13.580 2.3243 12.8190935181
13.590 2.3225 12.828533204
13.600 2.3208 12.8379728899
13.610 2.3190 12.8474125759
13.620 2.3173 12.8568522618
13.630 2.3155 12.8662919478
13.640 2.3138 12.8757316337
13.650 2.3120 12.8851713197
13.660 2.3103 12.8946110056
13.670 2.3086 12.9040506916
13.680 2.3068 12.9134903775
13.690 2.3051 12.9229300635
13.700 2.3034 12.9323697494
13.710 2.3017 12.9418094354
13.720 2.2999 12.9512491213
13.730 2.2982 12.9606888073
13.740 2.2965 12.9701284932
13.750 2.2948 12.9795681792
13.760 2.2931 12.9890078651
13.770 2.2913 12.9984475511
13.780 2.2896 13.007887237
13.790 2.2879 13.017326923
13.800 2.2862 13.0267666089
13.810 2.2845 13.0362062949
13.820 2.2828 13.0456459808
13.830 2.2811 13.0550856668
13.840 2.2794 13.0645253527
13.850 2.2778 13.0739650387
13.860 2.2761 13.0834047246
13.870 2.2744 13.0928444106
13.880 2.2727 13.1022840965
13.890 2.2710 13.1117237825
13.900 2.2693 13.1211634684
13.910 2.2677 13.1306031544
13.920 2.2660 13.1400428403
13.930 2.2643 13.1494825262
13.940 2.2626 13.1589222122
13.950 2.2610 13.1683618981
13.960 2.2593 13.1778015841
13.970 2.2576 13.18724127
13.980 2.2560 13.196680956
13.990 2.2543 13.2061206419
14.000 2.2527 13.2155603279
14.010 2.2510 13.2250000138
14.020 2.2494 13.2344396998
14.030 2.2477 13.2438793857
14.040 2.2461 13.2533190717
14.050 2.2444 13.2627587576
14.060 2.2428 13.2721984436
14.070 2.2412 13.2816381295
14.080 2.2395 13.2910778155
14.090 2.2379 13.3005175014
14.100 2.2363 13.3099571874
14.110 2.2346 13.3193968733
14.120 2.2330 13.3288365593
14.130 2.2314 13.3382762452
14.140 2.2297 13.3477159312
14.150 2.2281 13.3571556171
14.160 2.2265 13.3665953031
14.170 2.2249 13.376034989
14.180 2.2233 13.385474675
14.190 2.2217 13.3949143609
14.200 2.2201 13.4043540469
14.210 2.2185 13.4137937328
14.220 2.2169 13.4232334188
14.230 2.2153 13.4326731047
14.240 2.2137 13.4421127907
14.250 2.2121 13.4515524766
14.260 2.2105 13.4609921625
14.270 2.2089 13.4704318485
14.280 2.2073 13.4798715344
14.290 2.2057 13.4893112204
14.300 2.2041 13.4987509063
14.310 2.2025 13.5081905923
14.320 2.2009 13.5176302782
14.330 2.1994 13.5270699642
14.340 2.1978 13.5365096501
14.350 2.1962 13.5459493361
14.360 2.1946 13.555389022
14.370 2.1931 13.564828708
14.380 2.1915 13.5742683939
14.390 2.1899 13.5837080799
14.400 2.1884 13.5931477658
14.410 2.1868 13.6025874518
14.420 2.1852 13.6120271377
14.430 2.1837 13.6214668237
14.440 2.1821 13.6309065096
14.450 2.1806 13.6403461956
14.460 2.1790 13.6497858815
14.470 2.1775 13.6592255675
14.480 2.1759 13.6686652534
14.490 2.1744 13.6781049394
14.500 2.1728 13.6875446253
14.510 2.1713 13.6969843113
14.520 2.1698 13.7064239972
14.530 2.1682 13.7158636832
14.540 2.1667 13.7253033691
14.550 2.1651 13.7347430551
14.560 2.1636 13.744182741
14.570 2.1621 13.753622427
14.580 2.1606 13.7630621129
14.590 2.1590 13.7725017988
14.600 2.1575 13.7819414848
14.610 2.1560 13.7913811707
14.620 2.1545 13.8008208567
14.630 2.1530 13.8102605426
14.640 2.1515 13.8197002286
14.650 2.1499 13.8291399145
14.660 2.1484 13.8385796005
14.670 2.1469 13.8480192864
14.680 2.1454 13.8574589724
14.690 2.1439 13.8668986583
14.700 2.1424 13.8763383443
14.710 2.1409 13.8857780302
14.720 2.1394 13.8952177162
14.730 2.1379 13.9046574021
14.740 2.1364 13.9140970881
14.750 2.1349 13.923536774
14.760 2.1335 13.93297646
14.770 2.1320 13.9424161459
14.780 2.1305 13.9518558319
14.790 2.1290 13.9612955178
14.800 2.1275 13.9707352038
14.810 2.1260 13.9801748897
14.820 2.1246 13.9896145757
14.830 2.1231 13.9990542616
14.840 2.1216 14.0084939476
14.850 2.1201 14.0179336335
14.860 2.1187 14.0273733195
14.870 2.1172 14.0368130054
14.880 2.1157 14.0462526914
14.890 2.1143 14.0556923773
14.900 2.1128 14.0651320633
14.910 2.1114 14.0745717492
14.920 2.1099 14.0840114351
14.930 2.1084 14.0934511211
14.940 2.1070 14.102890807
14.950 2.1055 14.112330493
14.960 2.1041 14.1217701789
14.970 2.1026 14.1312098649
14.980 2.1012 14.1406495508
14.990 2.0998 14.1500892368
15.000 2.0983 14.1595289227
15.100 2.0840 14.2539257822
15.110 2.0826 14.2633654682
15.120 2.0812 14.2728051541
15.130 2.0797 14.2822448401
15.140 2.0783 14.291684526
15.150 2.0769 14.301124212
15.160 2.0755 14.3105638979
15.170 2.0741 14.3200035839
15.180 2.0727 14.3294432698
15.190 2.0713 14.3388829558
15.200 2.0699 14.3483226417
15.210 2.0685 14.3577623277
15.220 2.0671 14.3672020136
15.230 2.0657 14.3766416996
15.240 2.0643 14.3860813855
15.250 2.0629 14.3955210714
15.260 2.0615 14.4049607574
15.270 2.0601 14.4144004433
15.280 2.0587 14.4238401293
15.290 2.0573 14.4332798152
15.300 2.0559 14.4427195012
15.310 2.0546 14.4521591871
15.320 2.0532 14.4615988731
15.330 2.0518 14.471038559
15.340 2.0504 14.480478245
15.350 2.0490 14.4899179309
15.360 2.0477 14.4993576169
15.370 2.0463 14.5087973028
15.380 2.0449 14.5182369888
15.390 2.0435 14.5276766747
15.400 2.0422 14.5371163607
15.410 2.0408 14.5465560466
15.420 2.0394 14.5559957326
15.430 2.0381 14.5654354185
15.440 2.0367 14.5748751045
15.450 2.0354 14.5843147904
15.460 2.0340 14.5937544764
15.470 2.0327 14.6031941623
15.480 2.0313 14.6126338483
15.490 2.0299 14.6220735342
15.500 2.0286 14.6315132202
15.510 2.0272 14.6409529061
15.520 2.0259 14.6503925921
15.530 2.0246 14.659832278
15.540 2.0232 14.669271964
15.550 2.0219 14.6787116499
15.560 2.0205 14.6881513359
15.570 2.0192 14.6975910218
15.580 2.0179 14.7070307077
15.590 2.0165 14.7164703937
15.600 2.0152 14.7259100796
15.610 2.0139 14.7353497656
15.620 2.0125 14.7447894515
15.630 2.0112 14.7542291375
15.640 2.0099 14.7636688234
15.650 2.0086 14.7731085094
15.660 2.0072 14.7825481953
15.670 2.0059 14.7919878813
15.680 2.0046 14.8014275672
15.690 2.0033 14.8108672532
15.700 2.0020 14.8203069391
15.710 2.0006 14.8297466251
15.720 1.9993 14.839186311
15.730 1.9980 14.848625997
15.740 1.9967 14.8580656829
15.750 1.9954 14.8675053689
15.760 1.9941 14.8769450548
15.770 1.9928 14.8863847408
15.780 1.9915 14.8958244267
15.790 1.9902 14.9052641127
15.800 1.9889 14.9147037986
15.810 1.9876 14.9241434846
15.820 1.9863 14.9335831705
15.830 1.9850 14.9430228565
15.840 1.9837 14.9524625424
15.850 1.9824 14.9619022284
15.860 1.9811 14.9713419143
15.870 1.9798 14.9807816003
15.880 1.9786 14.9902212862
15.890 1.9773 14.9996609722
15.900 1.9760 15.0091006581
15.910 1.9747 15.018540344
15.920 1.9734 15.02798003
15.930 1.9721 15.0374197159
15.940 1.9709 15.0468594019
15.950 1.9696 15.0562990878
15.960 1.9683 15.0657387738
15.970 1.9670 15.0751784597
15.980 1.9658 15.0846181457
15.990 1.9645 15.0940578316
16.000 1.9632 15.1034975176
16.010 1.9620 15.1129372035
16.020 1.9607 15.1223768895
16.030 1.9594 15.1318165754
16.040 1.9582 15.1412562614
16.050 1.9569 15.1506959473
16.060 1.9557 15.1601356333
16.070 1.9544 15.1695753192
16.080 1.9532 15.1790150052
16.090 1.9519 15.1884546911
16.100 1.9507 15.1978943771
16.110 1.9494 15.207334063
16.120 1.9482 15.216773749
16.130 1.9469 15.2262134349
16.140 1.9457 15.2356531209
16.150 1.9444 15.2450928068
16.160 1.9432 15.2545324928
16.170 1.9419 15.2639721787
16.180 1.9407 15.2734118647
16.190 1.9395 15.2828515506
16.200 1.9382 15.2922912366
16.210 1.9370 15.3017309225
16.220 1.9358 15.3111706085
16.230 1.9345 15.3206102944
16.240 1.9333 15.3300499803
16.250 1.9321 15.3394896663
16.260 1.9308 15.3489293522
16.270 1.9296 15.3583690382
16.280 1.9284 15.3678087241
16.290 1.9272 15.3772484101
16.300 1.9260 15.386688096
16.310 1.9247 15.396127782
16.320 1.9235 15.4055674679
16.330 1.9223 15.4150071539
16.340 1.9211 15.4244468398
16.350 1.9199 15.4338865258
16.360 1.9187 15.4433262117
16.370 1.9174 15.4527658977
16.380 1.9162 15.4622055836
16.390 1.9150 15.4716452696
16.400 1.9138 15.4810849555
16.410 1.9126 15.4905246415
16.420 1.9114 15.4999643274
16.430 1.9102 15.5094040134
16.440 1.9090 15.5188436993
16.450 1.9078 15.5282833853
16.460 1.9066 15.5377230712
16.470 1.9054 15.5471627572
16.480 1.9042 15.5566024431
16.490 1.9030 15.5660421291
16.500 1.9018 15.575481815
16.510 1.9007 15.584921501
16.520 1.8995 15.5943611869
16.530 1.8983 15.6038008729
16.540 1.8971 15.6132405588
16.550 1.8959 15.6226802448
16.560 1.8947 15.6321199307
16.570 1.8935 15.6415596166
16.580 1.8924 15.6509993026
16.590 1.8912 15.6604389885
16.600 1.8900 15.6698786745
16.610 1.8888 15.6793183604
16.620 1.8877 15.6887580464
16.630 1.8865 15.6981977323
16.640 1.8853 15.7076374183
16.650 1.8841 15.7170771042
16.660 1.8830 15.7265167902
16.670 1.8818 15.7359564761
16.680 1.8806 15.7453961621
16.690 1.8795 15.754835848
16.700 1.8783 15.764275534
16.710 1.8772 15.7737152199
16.720 1.8760 15.7831549059
16.730 1.8748 15.7925945918
16.740 1.8737 15.8020342778
16.750 1.8725 15.8114739637
16.760 1.8714 15.8209136497
16.770 1.8702 15.8303533356
16.780 1.8691 15.8397930216
16.790 1.8679 15.8492327075
16.800 1.8668 15.8586723935
16.810 1.8656 15.8681120794
16.820 1.8645 15.8775517654
16.830 1.8633 15.8869914513
16.840 1.8622 15.8964311373
16.850 1.8610 15.9058708232
16.860 1.8599 15.9153105092
16.870 1.8588 15.9247501951
16.880 1.8576 15.9341898811
16.890 1.8565 15.943629567
16.900 1.8553 15.9530692529
16.910 1.8542 15.9625089389
16.920 1.8531 15.9719486248
16.930 1.8519 15.9813883108
16.940 1.8508 15.9908279967
16.950 1.8497 16.0002676827
16.960 1.8486 16.0097073686
16.970 1.8474 16.0191470546
16.980 1.8463 16.0285867405
16.990 1.8452 16.0380264265
17.000 1.8441 16.0474661124
17.010 1.8429 16.0569057984
17.020 1.8418 16.0663454843
17.030 1.8407 16.0757851703
17.040 1.8396 16.0852248562
17.050 1.8385 16.0946645422
17.060 1.8374 16.1041042281
17.070 1.8362 16.1135439141
17.080 1.8351 16.1229836
17.090 1.8340 16.132423286
17.100 1.8329 16.1418629719
17.110 1.8318 16.1513026579
17.120 1.8307 16.1607423438
17.130 1.8296 16.1701820298
17.140 1.8285 16.1796217157
17.150 1.8274 16.1890614017
17.160 1.8263 16.1985010876
17.170 1.8252 16.2079407736
17.180 1.8241 16.2173804595
17.190 1.8230 16.2268201455
17.200 1.8219 16.2362598314
17.210 1.8208 16.2456995174
17.220 1.8197 16.2551392033
17.230 1.8186 16.2645788892
17.240 1.8175 16.2740185752
17.250 1.8164 16.2834582611
17.260 1.8153 16.2928979471
17.270 1.8142 16.302337633
17.280 1.8132 16.311777319
17.290 1.8121 16.3212170049
17.300 1.8110 16.3306566909
17.310 1.8099 16.3400963768
17.320 1.8088 16.3495360628
17.330 1.8077 16.3589757487
17.340 1.8067 16.3684154347
17.350 1.8056 16.3778551206
17.360 1.8045 16.3872948066
17.370 1.8034 16.3967344925
17.380 1.8024 16.4061741785
17.390 1.8013 16.4156138644
17.400 1.8002 16.4250535504
17.410 1.7992 16.4344932363
17.420 1.7981 16.4439329223
17.430 1.7970 16.4533726082
17.440 1.7960 16.4628122942
17.450 1.7949 16.4722519801
17.460 1.7938 16.4816916661
17.470 1.7928 16.491131352
17.480 1.7917 16.500571038
17.490 1.7906 16.5100107239
17.500 1.7896 16.5194504099
17.510 1.7885 16.5288900958
17.520 1.7875 16.5383297818
17.530 1.7864 16.5477694677
17.540 1.7854 16.5572091537
17.550 1.7843 16.5666488396
17.560 1.7832 16.5760885255
17.570 1.7822 16.5855282115
17.580 1.7811 16.5949678974
17.590 1.7801 16.6044075834
17.600 1.7791 16.6138472693
17.610 1.7780 16.6232869553
17.620 1.7770 16.6327266412
17.630 1.7759 16.6421663272
17.640 1.7749 16.6516060131
17.650 1.7738 16.6610456991
17.660 1.7728 16.670485385
17.670 1.7718 16.679925071
17.680 1.7707 16.6893647569
17.690 1.7697 16.6988044429
17.700 1.7686 16.7082441288
17.710 1.7676 16.7176838148
17.720 1.7666 16.7271235007
17.730 1.7655 16.7365631867
17.740 1.7645 16.7460028726
17.750 1.7635 16.7554425586
17.760 1.7625 16.7648822445
17.770 1.7614 16.7743219305
17.780 1.7604 16.7837616164
17.790 1.7594 16.7932013024
17.800 1.7584 16.8026409883
17.810 1.7573 16.8120806743
17.820 1.7563 16.8215203602
17.830 1.7553 16.8309600462
17.840 1.7543 16.8403997321
17.850 1.7533 16.8498394181
17.860 1.7522 16.859279104
17.870 1.7512 16.86871879
17.880 1.7502 16.8781584759
17.890 1.7492 16.8875981618
17.900 1.7482 16.8970378478
17.910 1.7472 16.9064775337
17.920 1.7462 16.9159172197
17.930 1.7452 16.9253569056
17.940 1.7441 16.9347965916
17.950 1.7431 16.9442362775
17.960 1.7421 16.9536759635
17.970 1.7411 16.9631156494
17.980 1.7401 16.9725553354
17.990 1.7391 16.9819950213
18.000 1.7381 16.9914347073
18.010 1.7371 17.0008743932
18.020 1.7361 17.0103140792
18.030 1.7351 17.0197537651
18.040 1.7341 17.0291934511
18.050 1.7331 17.038633137
18.060 1.7321 17.048072823
18.070 1.7311 17.0575125089
18.080 1.7302 17.0669521949
18.090 1.7292 17.0763918808
18.100 1.7282 17.0858315668
18.110 1.7272 17.0952712527
18.120 1.7262 17.1047109387
18.130 1.7252 17.1141506246
18.140 1.7242 17.1235903106
18.150 1.7232 17.1330299965
18.160 1.7223 17.1424696825
18.170 1.7213 17.1519093684
18.180 1.7203 17.1613490544
18.190 1.7193 17.1707887403
18.200 1.7183 17.1802284263
18.210 1.7174 17.1896681122
18.220 1.7164 17.1991077981
18.230 1.7154 17.2085474841
18.240 1.7144 17.21798717
18.250 1.7134 17.227426856
18.260 1.7125 17.2368665419
18.270 1.7115 17.2463062279
18.280 1.7105 17.2557459138
18.290 1.7096 17.2651855998
18.300 1.7086 17.2746252857
18.310 1.7076 17.2840649717
18.320 1.7067 17.2935046576
18.330 1.7057 17.3029443436
18.340 1.7047 17.3123840295
18.350 1.7038 17.3218237155
18.360 1.7028 17.3312634014
18.370 1.7018 17.3407030874
18.380 1.7009 17.3501427733
18.390 1.6999 17.3595824593
18.400 1.6990 17.3690221452
18.410 1.6980 17.3784618312
18.420 1.6971 17.3879015171
18.430 1.6961 17.3973412031
18.440 1.6951 17.406780889
18.450 1.6942 17.416220575
18.460 1.6932 17.4256602609
18.470 1.6923 17.4350999469
18.480 1.6913 17.4445396328
18.490 1.6904 17.4539793188
18.500 1.6894 17.4634190047
18.510 1.6885 17.4728586907
18.520 1.6876 17.4822983766
18.530 1.6866 17.4917380626
18.540 1.6857 17.5011777485
18.550 1.6847 17.5106174345
18.560 1.6838 17.5200571204
18.570 1.6828 17.5294968063
18.580 1.6819 17.5389364923
18.590 1.6810 17.5483761782
18.600 1.6800 17.5578158642
18.610 1.6791 17.5672555501
18.620 1.6782 17.5766952361
18.630 1.6772 17.586134922
18.640 1.6763 17.595574608
18.650 1.6754 17.6050142939
18.660 1.6744 17.6144539799
18.670 1.6735 17.6238936658
18.680 1.6726 17.6333333518
18.690 1.6716 17.6427730377
18.700 1.6707 17.6522127237
18.710 1.6698 17.6616524096
18.720 1.6689 17.6710920956
18.730 1.6679 17.6805317815
18.740 1.6670 17.6899714675
18.750 1.6661 17.6994111534
18.760 1.6652 17.7088508394
18.770 1.6642 17.7182905253
18.780 1.6633 17.7277302113
18.790 1.6624 17.7371698972
18.800 1.6615 17.7466095832
18.810 1.6606 17.7560492691
18.820 1.6596 17.7654889551
18.830 1.6587 17.774928641
18.840 1.6578 17.784368327
18.850 1.6569 17.7938080129
18.860 1.6560 17.8032476989
18.870 1.6551 17.8126873848
18.880 1.6542 17.8221270708
18.890 1.6533 17.8315667567
18.900 1.6524 17.8410064426
18.910 1.6515 17.8504461286
18.920 1.6505 17.8598858145
18.930 1.6496 17.8693255005
18.940 1.6487 17.8787651864
18.950 1.6478 17.8882048724
18.960 1.6469 17.8976445583
18.970 1.6460 17.9070842443
18.980 1.6451 17.9165239302
18.990 1.6442 17.9259636162
19.000 1.6433 17.9354033021
19.010 1.6424 17.9448429881
19.020 1.6415 17.954282674
19.030 1.6406 17.96372236
19.040 1.6397 17.9731620459
19.050 1.6389 17.9826017319
19.060 1.6380 17.9920414178
19.070 1.6371 18.0014811038
19.080 1.6362 18.0109207897
19.090 1.6353 18.0203604757
19.100 1.6344 18.0298001616
19.110 1.6335 18.0392398476
19.120 1.6326 18.0486795335
19.130 1.6317 18.0581192195
19.140 1.6308 18.0675589054
19.150 1.6300 18.0769985914
19.160 1.6291 18.0864382773
19.170 1.6282 18.0958779633
19.180 1.6273 18.1053176492
19.190 1.6264 18.1147573352
19.200 1.6256 18.1241970211
19.210 1.6247 18.1336367071
19.220 1.6238 18.143076393
19.230 1.6229 18.1525160789
19.240 1.6220 18.1619557649
19.250 1.6212 18.1713954508
19.260 1.6203 18.1808351368
19.270 1.6194 18.1902748227
19.280 1.6186 18.1997145087
19.290 1.6177 18.2091541946
19.300 1.6168 18.2185938806
19.310 1.6159 18.2280335665
19.320 1.6151 18.2374732525
19.330 1.6142 18.2469129384
19.340 1.6133 18.2563526244
19.350 1.6125 18.2657923103
19.360 1.6116 18.2752319963
19.370 1.6107 18.2846716822
19.380 1.6099 18.2941113682
19.390 1.6090 18.3035510541
19.400 1.6081 18.3129907401
19.410 1.6073 18.322430426
19.420 1.6064 18.331870112
19.430 1.6056 18.3413097979
19.440 1.6047 18.3507494839
19.450 1.6039 18.3601891698
19.460 1.6030 18.3696288558
19.470 1.6021 18.3790685417
19.480 1.6013 18.3885082277
19.490 1.6004 18.3979479136
19.500 1.5996 18.4073875996
19.510 1.5987 18.4168272855
19.520 1.5979 18.4262669715
19.530 1.5970 18.4357066574
19.540 1.5962 18.4451463434
19.550 1.5953 18.4545860293
19.560 1.5945 18.4640257152
19.570 1.5936 18.4734654012
19.580 1.5928 18.4829050871
19.590 1.5919 18.4923447731
19.600 1.5911 18.501784459
19.610 1.5903 18.511224145
19.620 1.5894 18.5206638309
19.630 1.5886 18.5301035169
19.640 1.5877 18.5395432028
19.650 1.5869 18.5489828888
19.660 1.5860 18.5584225747
19.670 1.5852 18.5678622607
19.680 1.5844 18.5773019466
19.690 1.5835 18.5867416326
19.700 1.5827 18.5961813185
19.710 1.5819 18.6056210045
19.720 1.5810 18.6150606904
19.730 1.5802 18.6245003764
19.740 1.5794 18.6339400623
19.750 1.5785 18.6433797483
19.760 1.5777 18.6528194342
19.770 1.5769 18.6622591202
19.780 1.5760 18.6716988061
19.790 1.5752 18.6811384921
19.800 1.5744 18.690578178
19.810 1.5736 18.700017864
19.820 1.5727 18.7094575499
19.830 1.5719 18.7188972359
19.840 1.5711 18.7283369218
19.850 1.5703 18.7377766078
19.860 1.5694 18.7472162937
19.870 1.5686 18.7566559797
19.880 1.5678 18.7660956656
19.890 1.5670 18.7755353515
19.900 1.5662 18.7849750375
19.910 1.5653 18.7944147234
19.920 1.5645 18.8038544094
19.930 1.5637 18.8132940953
19.940 1.5629 18.8227337813
19.950 1.5621 18.8321734672
19.960 1.5613 18.8416131532
19.970 1.5605 18.8510528391
19.980 1.5596 18.8604925251
19.990 1.5588 18.869932211
20.000 1.5580 18.879371897
20.100 1.5500 18.9737687565
20.110 1.5492 18.9832084424
20.120 1.5483 18.9926481284
20.130 1.5475 19.0020878143
20.140 1.5467 19.0115275003
20.150 1.5459 19.0209671862
20.160 1.5452 19.0304068722
20.170 1.5444 19.0398465581
20.180 1.5436 19.0492862441
20.190 1.5428 19.05872593
20.200 1.5420 19.068165616
20.210 1.5412 19.0776053019
20.220 1.5404 19.0870449878
20.230 1.5396 19.0964846738
20.240 1.5388 19.1059243597
20.250 1.5380 19.1153640457
20.260 1.5372 19.1248037316
20.270 1.5364 19.1342434176
20.280 1.5356 19.1436831035
20.290 1.5348 19.1531227895
20.300 1.5341 19.1625624754
20.310 1.5333 19.1720021614
20.320 1.5325 19.1814418473
20.330 1.5317 19.1908815333
20.340 1.5309 19.2003212192
20.350 1.5301 19.2097609052
20.360 1.5294 19.2192005911
20.370 1.5286 19.2286402771
20.380 1.5278 19.238079963
20.390 1.5270 19.247519649
20.400 1.5262 19.2569593349
20.410 1.5255 19.2663990209
20.420 1.5247 19.2758387068
20.430 1.5239 19.2852783928
20.440 1.5231 19.2947180787
20.450 1.5223 19.3041577647
20.460 1.5216 19.3135974506
20.470 1.5208 19.3230371366
20.480 1.5200 19.3324768225
20.490 1.5193 19.3419165085
20.500 1.5185 19.3513561944
20.510 1.5177 19.3607958804
20.520 1.5169 19.3702355663
20.530 1.5162 19.3796752523
20.540 1.5154 19.3891149382
20.550 1.5146 19.3985546241
20.560 1.5139 19.4079943101
20.570 1.5131 19.417433996
20.580 1.5123 19.426873682
20.590 1.5116 19.4363133679
20.600 1.5108 19.4457530539
20.610 1.5100 19.4551927398
20.620 1.5093 19.4646324258
20.630 1.5085 19.4740721117
20.640 1.5078 19.4835117977
20.650 1.5070 19.4929514836
20.660 1.5062 19.5023911696
20.670 1.5055 19.5118308555
20.680 1.5047 19.5212705415
20.690 1.5040 19.5307102274
20.700 1.5032 19.5401499134
20.710 1.5024 19.5495895993
20.720 1.5017 19.5590292853
20.730 1.5009 19.5684689712
20.740 1.5002 19.5779086572
20.750 1.4994 19.5873483431
20.760 1.4987 19.5967880291
20.770 1.4979 19.606227715
20.780 1.4972 19.615667401
20.790 1.4964 19.6251070869
20.800 1.4957 19.6345467729
20.810 1.4949 19.6439864588
20.820 1.4942 19.6534261448
20.830 1.4934 19.6628658307
20.840 1.4927 19.6723055167
20.850 1.4919 19.6817452026
20.860 1.4912 19.6911848886
20.870 1.4904 19.7006245745
20.880 1.4897 19.7100642604
20.890 1.4890 19.7195039464
20.900 1.4882 19.7289436323
20.910 1.4875 19.7383833183
20.920 1.4867 19.7478230042
20.930 1.4860 19.7572626902
20.940 1.4853 19.7667023761
20.950 1.4845 19.7761420621
20.960 1.4838 19.785581748
20.970 1.4830 19.795021434
20.980 1.4823 19.8044611199
20.990 1.4816 19.8139008059
21.000 1.4808 19.8233404918
21.010 1.4801 19.8327801778
21.020 1.4794 19.8422198637
21.030 1.4786 19.8516595497
21.040 1.4779 19.8610992356
21.050 1.4772 19.8705389216
21.060 1.4764 19.8799786075
21.070 1.4757 19.8894182935
21.080 1.4750 19.8988579794
21.090 1.4742 19.9082976654
21.100 1.4735 19.9177373513
21.110 1.4728 19.9271770373
21.120 1.4721 19.9366167232
21.130 1.4713 19.9460564092
21.140 1.4706 19.9554960951
21.150 1.4699 19.9649357811
21.160 1.4692 19.974375467
21.170 1.4684 19.983815153
21.180 1.4677 19.9932548389
21.190 1.4670 20.0026945249
21.200 1.4663 20.0121342108
21.210 1.4655 20.0215738967
21.220 1.4648 20.0310135827
21.230 1.4641 20.0404532686
21.240 1.4634 20.0498929546
21.250 1.4627 20.0593326405
21.260 1.4619 20.0687723265
21.270 1.4612 20.0782120124
21.280 1.4605 20.0876516984
21.290 1.4598 20.0970913843
21.300 1.4591 20.1065310703
21.310 1.4584 20.1159707562
21.320 1.4577 20.1254104422
21.330 1.4569 20.1348501281
21.340 1.4562 20.1442898141
21.350 1.4555 20.1537295
21.360 1.4548 20.163169186
21.370 1.4541 20.1726088719
21.380 1.4534 20.1820485579
21.390 1.4527 20.1914882438
21.400 1.4520 20.2009279298
21.410 1.4513 20.2103676157
21.420 1.4506 20.2198073017
21.430 1.4499 20.2292469876
21.440 1.4491 20.2386866736
21.450 1.4484 20.2481263595
21.460 1.4477 20.2575660455
21.470 1.4470 20.2670057314
21.480 1.4463 20.2764454174
21.490 1.4456 20.2858851033
21.500 1.4449 20.2953247893
21.510 1.4442 20.3047644752
21.520 1.4435 20.3142041612
21.530 1.4428 20.3236438471
21.540 1.4421 20.333083533
21.550 1.4414 20.342523219
21.560 1.4407 20.3519629049
21.570 1.4400 20.3614025909
21.580 1.4393 20.3708422768
21.590 1.4386 20.3802819628
21.600 1.4379 20.3897216487
21.610 1.4372 20.3991613347
21.620 1.4366 20.4086010206
21.630 1.4359 20.4180407066
21.640 1.4352 20.4274803925
21.650 1.4345 20.4369200785
21.660 1.4338 20.4463597644
21.670 1.4331 20.4557994504
21.680 1.4324 20.4652391363
21.690 1.4317 20.4746788223
21.700 1.4310 20.4841185082
21.710 1.4303 20.4935581942
21.720 1.4297 20.5029978801
21.730 1.4290 20.5124375661
21.740 1.4283 20.521877252
21.750 1.4276 20.531316938
21.760 1.4269 20.5407566239
21.770 1.4262 20.5501963099
21.780 1.4255 20.5596359958
21.790 1.4249 20.5690756818
21.800 1.4242 20.5785153677
21.810 1.4235 20.5879550537
21.820 1.4228 20.5973947396
21.830 1.4221 20.6068344256
21.840 1.4214 20.6162741115
21.850 1.4208 20.6257137975
21.860 1.4201 20.6351534834
21.870 1.4194 20.6445931693
21.880 1.4187 20.6540328553
21.890 1.4181 20.6634725412
21.900 1.4174 20.6729122272
21.910 1.4167 20.6823519131
21.920 1.4160 20.6917915991
21.930 1.4154 20.701231285
21.940 1.4147 20.710670971
21.950 1.4140 20.7201106569
21.960 1.4133 20.7295503429
21.970 1.4127 20.7389900288
21.980 1.4120 20.7484297148
21.990 1.4113 20.7578694007
22.000 1.4107 20.7673090867
22.010 1.4100 20.7767487726
22.020 1.4093 20.7861884586
22.030 1.4086 20.7956281445
22.040 1.4080 20.8050678305
22.050 1.4073 20.8145075164
22.060 1.4066 20.8239472024
22.070 1.4060 20.8333868883
22.080 1.4053 20.8428265743
22.090 1.4046 20.8522662602
22.100 1.4040 20.8617059462
22.110 1.4033 20.8711456321
22.120 1.4027 20.8805853181
22.130 1.4020 20.890025004
22.140 1.4013 20.89946469
22.150 1.4007 20.9089043759
22.160 1.4000 20.9183440619
22.170 1.3994 20.9277837478
22.180 1.3987 20.9372234338
22.190 1.3980 20.9466631197
22.200 1.3974 20.9561028056
22.210 1.3967 20.9655424916
22.220 1.3961 20.9749821775
22.230 1.3954 20.9844218635
22.240 1.3948 20.9938615494
22.250 1.3941 21.0033012354
22.260 1.3934 21.0127409213
22.270 1.3928 21.0221806073
22.280 1.3921 21.0316202932
22.290 1.3915 21.0410599792
22.300 1.3908 21.0504996651
22.310 1.3902 21.0599393511
22.320 1.3895 21.069379037
22.330 1.3889 21.078818723
22.340 1.3882 21.0882584089
22.350 1.3876 21.0976980949
22.360 1.3869 21.1071377808
22.370 1.3863 21.1165774668
22.380 1.3856 21.1260171527
22.390 1.3850 21.1354568387
22.400 1.3843 21.1448965246
22.410 1.3837 21.1543362106
22.420 1.3830 21.1637758965
22.430 1.3824 21.1732155825
22.440 1.3818 21.1826552684
22.450 1.3811 21.1920949544
22.460 1.3805 21.2015346403
22.470 1.3798 21.2109743263
22.480 1.3792 21.2204140122
22.490 1.3785 21.2298536982
22.500 1.3779 21.2392933841
22.510 1.3773 21.2487330701
22.520 1.3766 21.258172756
22.530 1.3760 21.2676124419
22.540 1.3753 21.2770521279
22.550 1.3747 21.2864918138
22.560 1.3741 21.2959314998
22.570 1.3734 21.3053711857
22.580 1.3728 21.3148108717
22.590 1.3722 21.3242505576
22.600 1.3715 21.3336902436
22.610 1.3709 21.3431299295
22.620 1.3703 21.3525696155
22.630 1.3696 21.3620093014
22.640 1.3690 21.3714489874
22.650 1.3684 21.3808886733
22.660 1.3677 21.3903283593
22.670 1.3671 21.3997680452
22.680 1.3665 21.4092077312
22.690 1.3658 21.4186474171
22.700 1.3652 21.4280871031
22.710 1.3646 21.437526789
22.720 1.3640 21.446966475
22.730 1.3633 21.4564061609
22.740 1.3627 21.4658458469
22.750 1.3621 21.4752855328
22.760 1.3614 21.4847252188
22.770 1.3608 21.4941649047
22.780 1.3602 21.5036045907
22.790 1.3596 21.5130442766
22.800 1.3589 21.5224839626
22.810 1.3583 21.5319236485
22.820 1.3577 21.5413633345
22.830 1.3571 21.5508030204
22.840 1.3565 21.5602427064
22.850 1.3558 21.5696823923
22.860 1.3552 21.5791220782
22.870 1.3546 21.5885617642
22.880 1.3540 21.5980014501
22.890 1.3534 21.6074411361
22.900 1.3527 21.616880822
22.910 1.3521 21.626320508
22.920 1.3515 21.6357601939
22.930 1.3509 21.6451998799
22.940 1.3503 21.6546395658
22.950 1.3497 21.6640792518
22.960 1.3490 21.6735189377
22.970 1.3484 21.6829586237
22.980 1.3478 21.6923983096
22.990 1.3472 21.7018379956
23.000 1.3466 21.7112776815
23.010 1.3460 21.7207173675
23.020 1.3454 21.7301570534
23.030 1.3447 21.7395967394
23.040 1.3441 21.7490364253
23.050 1.3435 21.7584761113
23.060 1.3429 21.7679157972
23.070 1.3423 21.7773554832
23.080 1.3417 21.7867951691
23.090 1.3411 21.7962348551
23.100 1.3405 21.805674541
23.110 1.3399 21.815114227
23.120 1.3393 21.8245539129
23.130 1.3387 21.8339935989
23.140 1.3381 21.8434332848
23.150 1.3374 21.8528729708
23.160 1.3368 21.8623126567
23.170 1.3362 21.8717523427
23.180 1.3356 21.8811920286
23.190 1.3350 21.8906317145
23.200 1.3344 21.9000714005
23.210 1.3338 21.9095110864
23.220 1.3332 21.9189507724
23.230 1.3326 21.9283904583
23.240 1.3320 21.9378301443
23.250 1.3314 21.9472698302
23.260 1.3308 21.9567095162
23.270 1.3302 21.9661492021
23.280 1.3296 21.9755888881
23.290 1.3290 21.985028574
23.300 1.3284 21.99446826
23.310 1.3278 22.0039079459
23.320 1.3272 22.0133476319
23.330 1.3266 22.0227873178
23.340 1.3260 22.0322270038
23.350 1.3255 22.0416666897
23.360 1.3249 22.0511063757
23.370 1.3243 22.0605460616
23.380 1.3237 22.0699857476
23.390 1.3231 22.0794254335
23.400 1.3225 22.0888651195
23.410 1.3219 22.0983048054
23.420 1.3213 22.1077444914
23.430 1.3207 22.1171841773
23.440 1.3201 22.1266238633
23.450 1.3195 22.1360635492
23.460 1.3189 22.1455032352
23.470 1.3184 22.1549429211
23.480 1.3178 22.1643826071
23.490 1.3172 22.173822293
23.500 1.3166 22.183261979
23.510 1.3160 22.1927016649
23.520 1.3154 22.2021413509
23.530 1.3148 22.2115810368
23.540 1.3142 22.2210207227
23.550 1.3137 22.2304604087
23.560 1.3131 22.2399000946
23.570 1.3125 22.2493397806
23.580 1.3119 22.2587794665
23.590 1.3113 22.2682191525
23.600 1.3107 22.2776588384
23.610 1.3102 22.2870985244
23.620 1.3096 22.2965382103
23.630 1.3090 22.3059778963
23.640 1.3084 22.3154175822
23.650 1.3078 22.3248572682
23.660 1.3073 22.3342969541
23.670 1.3067 22.3437366401
23.680 1.3061 22.353176326
23.690 1.3055 22.362616012
23.700 1.3049 22.3720556979
23.710 1.3044 22.3814953839
23.720 1.3038 22.3909350698
23.730 1.3032 22.4003747558
23.740 1.3026 22.4098144417
23.750 1.3021 22.4192541277
23.760 1.3015 22.4286938136
23.770 1.3009 22.4381334996
23.780 1.3003 22.4475731855
23.790 1.2998 22.4570128715
23.800 1.2992 22.4664525574
23.810 1.2986 22.4758922434
23.820 1.2981 22.4853319293
23.830 1.2975 22.4947716153
23.840 1.2969 22.5042113012
23.850 1.2963 22.5136509872
23.860 1.2958 22.5230906731
23.870 1.2952 22.532530359
23.880 1.2946 22.541970045
23.890 1.2941 22.5514097309
23.900 1.2935 22.5608494169
23.910 1.2929 22.5702891028
23.920 1.2924 22.5797287888
23.930 1.2918 22.5891684747
23.940 1.2912 22.5986081607
23.950 1.2907 22.6080478466
23.960 1.2901 22.6174875326
23.970 1.2895 22.6269272185
23.980 1.2890 22.6363669045
23.990 1.2884 22.6458065904
24.000 1.2878 22.6552462764
24.010 1.2873 22.6646859623
24.020 1.2867 22.6741256483
24.030 1.2862 22.6835653342
24.040 1.2856 22.6930050202
24.050 1.2850 22.7024447061
24.060 1.2845 22.7118843921
24.070 1.2839 22.721324078
24.080 1.2834 22.730763764
24.090 1.2828 22.7402034499
24.100 1.2822 22.7496431359
24.110 1.2817 22.7590828218
24.120 1.2811 22.7685225078
24.130 1.2806 22.7779621937
24.140 1.2800 22.7874018797
24.150 1.2795 22.7968415656
24.160 1.2789 22.8062812516
24.170 1.2783 22.8157209375
24.180 1.2778 22.8251606235
24.190 1.2772 22.8346003094
24.200 1.2767 22.8440399953
24.210 1.2761 22.8534796813
24.220 1.2756 22.8629193672
24.230 1.2750 22.8723590532
24.240 1.2745 22.8817987391
24.250 1.2739 22.8912384251
24.260 1.2734 22.900678111
24.270 1.2728 22.910117797
24.280 1.2723 22.9195574829
24.290 1.2717 22.9289971689
24.300 1.2712 22.9384368548
24.310 1.2706 22.9478765408
24.320 1.2701 22.9573162267
24.330 1.2695 22.9667559127
24.340 1.2690 22.9761955986
24.350 1.2684 22.9856352846
24.360 1.2679 22.9950749705
24.370 1.2673 23.0045146565
24.380 1.2668 23.0139543424
24.390 1.2662 23.0233940284
24.400 1.2657 23.0328337143
24.410 1.2652 23.0422734003
24.420 1.2646 23.0517130862
24.430 1.2641 23.0611527722
24.440 1.2635 23.0705924581
24.450 1.2630 23.0800321441
24.460 1.2624 23.08947183
24.470 1.2619 23.098911516
24.480 1.2614 23.1083512019
24.490 1.2608 23.1177908879
24.500 1.2603 23.1272305738
24.510 1.2597 23.1366702598
24.520 1.2592 23.1461099457
24.530 1.2587 23.1555496316
24.540 1.2581 23.1649893176
24.550 1.2576 23.1744290035
24.560 1.2570 23.1838686895
24.570 1.2565 23.1933083754
24.580 1.2560 23.2027480614
24.590 1.2554 23.2121877473
24.600 1.2549 23.2216274333
24.610 1.2544 23.2310671192
24.620 1.2538 23.2405068052
24.630 1.2533 23.2499464911
24.640 1.2528 23.2593861771
24.650 1.2522 23.268825863
24.660 1.2517 23.278265549
24.670 1.2512 23.2877052349
24.680 1.2506 23.2971449209
24.690 1.2501 23.3065846068
24.700 1.2496 23.3160242928
24.710 1.2490 23.3254639787
24.720 1.2485 23.3349036647
24.730 1.2480 23.3443433506
24.740 1.2474 23.3537830366
24.750 1.2469 23.3632227225
24.760 1.2464 23.3726624085
24.770 1.2459 23.3821020944
24.780 1.2453 23.3915417804
24.790 1.2448 23.4009814663
24.800 1.2443 23.4104211523
24.810 1.2437 23.4198608382
24.820 1.2432 23.4293005242
24.830 1.2427 23.4387402101
24.840 1.2422 23.4481798961
24.850 1.2416 23.457619582
24.860 1.2411 23.4670592679
24.870 1.2406 23.4764989539
24.880 1.2401 23.4859386398
24.890 1.2395 23.4953783258
24.900 1.2390 23.5048180117
24.910 1.2385 23.5142576977
24.920 1.2380 23.5236973836
24.930 1.2375 23.5331370696
24.940 1.2369 23.5425767555
24.950 1.2364 23.5520164415
24.960 1.2359 23.5614561274
24.970 1.2354 23.5708958134
24.980 1.2348 23.5803354993
24.990 1.2343 23.5897751853
25.000 1.2338 23.5992148712
25.100 1.2286 23.6936117307
25.110 1.2281 23.7030514167
25.120 1.2276 23.7124911026
25.130 1.2271 23.7219307886
25.140 1.2266 23.7313704745
25.150 1.2261 23.7408101605
25.160 1.2256 23.7502498464
25.170 1.2251 23.7596895324
25.180 1.2245 23.7691292183
25.190 1.2240 23.7785689042
25.200 1.2235 23.7880085902
25.210 1.2230 23.7974482761
25.220 1.2225 23.8068879621
25.230 1.2220 23.816327648
25.240 1.2215 23.825767334
25.250 1.2210 23.8352070199
25.260 1.2205 23.8446467059
25.270 1.2200 23.8540863918
25.280 1.2194 23.8635260778
25.290 1.2189 23.8729657637
25.300 1.2184 23.8824054497
25.310 1.2179 23.8918451356
25.320 1.2174 23.9012848216
25.330 1.2169 23.9107245075
25.340 1.2164 23.9201641935
25.350 1.2159 23.9296038794
25.360 1.2154 23.9390435654
25.370 1.2149 23.9484832513
25.380 1.2144 23.9579229373
25.390 1.2139 23.9673626232
25.400 1.2134 23.9768023092
25.410 1.2129 23.9862419951
25.420 1.2124 23.9956816811
25.430 1.2119 24.005121367
25.440 1.2114 24.014561053
25.450 1.2109 24.0240007389
25.460 1.2104 24.0334404249
25.470 1.2099 24.0428801108
25.480 1.2094 24.0523197968
25.490 1.2089 24.0617594827
25.500 1.2084 24.0711991687
25.510 1.2079 24.0806388546
25.520 1.2074 24.0900785405
25.530 1.2069 24.0995182265
25.540 1.2064 24.1089579124
25.550 1.2059 24.1183975984
25.560 1.2054 24.1278372843
25.570 1.2049 24.1372769703
25.580 1.2044 24.1467166562
25.590 1.2039 24.1561563422
25.600 1.2034 24.1655960281
25.610 1.2029 24.1750357141
25.620 1.2024 24.1844754
25.630 1.2019 24.193915086
25.640 1.2014 24.2033547719
25.650 1.2009 24.2127944579
25.660 1.2005 24.2222341438
25.670 1.2000 24.2316738298
25.680 1.1995 24.2411135157
25.690 1.1990 24.2505532017
25.700 1.1985 24.2599928876
25.710 1.1980 24.2694325736
25.720 1.1975 24.2788722595
25.730 1.1970 24.2883119455
25.740 1.1965 24.2977516314
25.750 1.1960 24.3071913174
25.760 1.1955 24.3166310033
25.770 1.1951 24.3260706893
25.780 1.1946 24.3355103752
25.790 1.1941 24.3449500612
25.800 1.1936 24.3543897471
25.810 1.1931 24.3638294331
25.820 1.1926 24.373269119
25.830 1.1921 24.382708805
25.840 1.1916 24.3921484909
25.850 1.1912 24.4015881768
25.860 1.1907 24.4110278628
25.870 1.1902 24.4204675487
25.880 1.1897 24.4299072347
25.890 1.1892 24.4393469206
25.900 1.1887 24.4487866066
25.910 1.1883 24.4582262925
25.920 1.1878 24.4676659785
25.930 1.1873 24.4771056644
25.940 1.1868 24.4865453504
25.950 1.1863 24.4959850363
25.960 1.1858 24.5054247223
25.970 1.1854 24.5148644082
25.980 1.1849 24.5243040942
25.990 1.1844 24.5337437801
26.000 1.1839 24.5431834661
26.010 1.1834 24.552623152
26.020 1.1830 24.562062838
26.030 1.1825 24.5715025239
26.040 1.1820 24.5809422099
26.050 1.1815 24.5903818958
26.060 1.1811 24.5998215818
26.070 1.1806 24.6092612677
26.080 1.1801 24.6187009537
26.090 1.1796 24.6281406396
26.100 1.1792 24.6375803256
26.110 1.1787 24.6470200115
26.120 1.1782 24.6564596975
26.130 1.1777 24.6658993834
26.140 1.1772 24.6753390694
26.150 1.1768 24.6847787553
26.160 1.1763 24.6942184413
26.170 1.1758 24.7036581272
26.180 1.1754 24.7130978131
26.190 1.1749 24.7225374991
26.200 1.1744 24.731977185
26.210 1.1739 24.741416871
26.220 1.1735 24.7508565569
26.230 1.1730 24.7602962429
26.240 1.1725 24.7697359288
26.250 1.1721 24.7791756148
26.260 1.1716 24.7886153007
26.270 1.1711 24.7980549867
26.280 1.1706 24.8074946726
26.290 1.1702 24.8169343586
26.300 1.1697 24.8263740445
26.310 1.1692 24.8358137305
26.320 1.1688 24.8452534164
26.330 1.1683 24.8546931024
26.340 1.1678 24.8641327883
26.350 1.1674 24.8735724743
26.360 1.1669 24.8830121602
26.370 1.1664 24.8924518462
26.380 1.1660 24.9018915321
26.390 1.1655 24.9113312181
26.400 1.1650 24.920770904
26.410 1.1646 24.93021059
26.420 1.1641 24.9396502759
26.430 1.1636 24.9490899619
26.440 1.1632 24.9585296478
26.450 1.1627 24.9679693338
26.460 1.1622 24.9774090197
26.470 1.1618 24.9868487057
26.480 1.1613 24.9962883916
26.490 1.1609 25.0057280776
26.500 1.1604 25.0151677635
26.510 1.1599 25.0246074494
26.520 1.1595 25.0340471354
26.530 1.1590 25.0434868213
26.540 1.1586 25.0529265073
26.550 1.1581 25.0623661932
26.560 1.1576 25.0718058792
26.570 1.1572 25.0812455651
26.580 1.1567 25.0906852511
26.590 1.1563 25.100124937
26.600 1.1558 25.109564623
26.610 1.1553 25.1190043089
26.620 1.1549 25.1284439949
26.630 1.1544 25.1378836808
26.640 1.1540 25.1473233668
26.650 1.1535 25.1567630527
26.660 1.1531 25.1662027387
26.670 1.1526 25.1756424246
26.680 1.1521 25.1850821106
26.690 1.1517 25.1945217965
26.700 1.1512 25.2039614825
26.710 1.1508 25.2134011684
26.720 1.1503 25.2228408544
26.730 1.1499 25.2322805403
26.740 1.1494 25.2417202263
26.750 1.1490 25.2511599122
26.760 1.1485 25.2605995982
26.770 1.1481 25.2700392841
26.780 1.1476 25.2794789701
26.790 1.1472 25.288918656
26.800 1.1467 25.298358342
26.810 1.1463 25.3077980279
26.820 1.1458 25.3172377139
26.830 1.1453 25.3266773998
26.840 1.1449 25.3361170857
26.850 1.1444 25.3455567717
26.860 1.1440 25.3549964576
26.870 1.1436 25.3644361436
26.880 1.1431 25.3738758295
26.890 1.1427 25.3833155155
26.900 1.1422 25.3927552014
26.910 1.1418 25.4021948874
26.920 1.1413 25.4116345733
26.930 1.1409 25.4210742593
26.940 1.1404 25.4305139452
26.950 1.1400 25.4399536312
26.960 1.1395 25.4493933171
26.970 1.1391 25.4588330031
26.980 1.1386 25.468272689
26.990 1.1382 25.477712375
27.000 1.1377 25.4871520609
27.010 1.1373 25.4965917469
27.020 1.1369 25.5060314328
27.030 1.1364 25.5154711188
27.040 1.1360 25.5249108047
27.050 1.1355 25.5343504907
27.060 1.1351 25.5437901766
27.070 1.1346 25.5532298626
27.080 1.1342 25.5626695485
27.090 1.1338 25.5721092345
27.100 1.1333 25.5815489204
27.110 1.1329 25.5909886064
27.120 1.1324 25.6004282923
27.130 1.1320 25.6098679783
27.140 1.1315 25.6193076642
27.150 1.1311 25.6287473502
27.160 1.1307 25.6381870361
27.170 1.1302 25.647626722
27.180 1.1298 25.657066408
27.190 1.1293 25.6665060939
27.200 1.1289 25.6759457799
27.210 1.1285 25.6853854658
27.220 1.1280 25.6948251518
27.230 1.1276 25.7042648377
27.240 1.1272 25.7137045237
27.250 1.1267 25.7231442096
27.260 1.1263 25.7325838956
27.270 1.1259 25.7420235815
27.280 1.1254 25.7514632675
27.290 1.1250 25.7609029534
27.300 1.1245 25.7703426394
27.310 1.1241 25.7797823253
27.320 1.1237 25.7892220113
27.330 1.1232 25.7986616972
27.340 1.1228 25.8081013832
27.350 1.1224 25.8175410691
27.360 1.1219 25.8269807551
27.370 1.1215 25.836420441
27.380 1.1211 25.845860127
27.390 1.1206 25.8552998129
27.400 1.1202 25.8647394989
27.410 1.1198 25.8741791848
27.420 1.1193 25.8836188708
27.430 1.1189 25.8930585567
27.440 1.1185 25.9024982427
27.450 1.1181 25.9119379286
27.460 1.1176 25.9213776146
27.470 1.1172 25.9308173005
27.480 1.1168 25.9402569865
27.490 1.1163 25.9496966724
27.500 1.1159 25.9591363583
27.510 1.1155 25.9685760443
27.520 1.1150 25.9780157302
27.530 1.1146 25.9874554162
27.540 1.1142 25.9968951021
27.550 1.1138 26.0063347881
27.560 1.1133 26.015774474
27.570 1.1129 26.02521416
27.580 1.1125 26.0346538459
27.590 1.1121 26.0440935319
27.600 1.1116 26.0535332178
27.610 1.1112 26.0629729038
27.620 1.1108 26.0724125897
27.630 1.1104 26.0818522757
27.640 1.1099 26.0912919616
27.650 1.1095 26.1007316476
27.660 1.1091 26.1101713335
27.670 1.1087 26.1196110195
27.680 1.1082 26.1290507054
27.690 1.1078 26.1384903914
27.700 1.1074 26.1479300773
27.710 1.1070 26.1573697633
27.720 1.1065 26.1668094492
27.730 1.1061 26.1762491352
27.740 1.1057 26.1856888211
27.750 1.1053 26.1951285071
27.760 1.1049 26.204568193
27.770 1.1044 26.214007879
27.780 1.1040 26.2234475649
27.790 1.1036 26.2328872509
27.800 1.1032 26.2423269368
27.810 1.1028 26.2517666228
27.820 1.1023 26.2612063087
27.830 1.1019 26.2706459946
27.840 1.1015 26.2800856806
27.850 1.1011 26.2895253665
27.860 1.1007 26.2989650525
27.870 1.1003 26.3084047384
27.880 1.0998 26.3178444244
27.890 1.0994 26.3272841103
27.900 1.0990 26.3367237963
27.910 1.0986 26.3461634822
27.920 1.0982 26.3556031682
27.930 1.0978 26.3650428541
27.940 1.0973 26.3744825401
27.950 1.0969 26.383922226
27.960 1.0965 26.393361912
27.970 1.0961 26.4028015979
27.980 1.0957 26.4122412839
27.990 1.0953 26.4216809698
28.000 1.0949 26.4311206558
28.010 1.0944 26.4405603417
28.020 1.0940 26.4500000277
28.030 1.0936 26.4594397136
28.040 1.0932 26.4688793996
28.050 1.0928 26.4783190855
28.060 1.0924 26.4877587715
28.070 1.0920 26.4971984574
28.080 1.0916 26.5066381434
28.090 1.0911 26.5160778293
28.100 1.0907 26.5255175153
28.110 1.0903 26.5349572012
28.120 1.0899 26.5443968872
28.130 1.0895 26.5538365731
28.140 1.0891 26.5632762591
28.150 1.0887 26.572715945
28.160 1.0883 26.5821556309
28.170 1.0879 26.5915953169
28.180 1.0875 26.6010350028
28.190 1.0870 26.6104746888
28.200 1.0866 26.6199143747
28.210 1.0862 26.6293540607
28.220 1.0858 26.6387937466
28.230 1.0854 26.6482334326
28.240 1.0850 26.6576731185
28.250 1.0846 26.6671128045
28.260 1.0842 26.6765524904
28.270 1.0838 26.6859921764
28.280 1.0834 26.6954318623
28.290 1.0830 26.7048715483
28.300 1.0826 26.7143112342
28.310 1.0822 26.7237509202
28.320 1.0818 26.7331906061
28.330 1.0814 26.7426302921
28.340 1.0810 26.752069978
28.350 1.0806 26.761509664
28.360 1.0802 26.7709493499
28.370 1.0797 26.7803890359
28.380 1.0793 26.7898287218
28.390 1.0789 26.7992684078
28.400 1.0785 26.8087080937
28.410 1.0781 26.8181477797
28.420 1.0777 26.8275874656
28.430 1.0773 26.8370271516
28.440 1.0769 26.8464668375
28.450 1.0765 26.8559065235
28.460 1.0761 26.8653462094
28.470 1.0757 26.8747858954
28.480 1.0753 26.8842255813
28.490 1.0749 26.8936652672
28.500 1.0745 26.9031049532
28.510 1.0741 26.9125446391
28.520 1.0737 26.9219843251
28.530 1.0733 26.931424011
28.540 1.0729 26.940863697
28.550 1.0725 26.9503033829
28.560 1.0721 26.9597430689
28.570 1.0717 26.9691827548
28.580 1.0714 26.9786224408
28.590 1.0710 26.9880621267
28.600 1.0706 26.9975018127
28.610 1.0702 27.0069414986
28.620 1.0698 27.0163811846
28.630 1.0694 27.0258208705
28.640 1.0690 27.0352605565
28.650 1.0686 27.0447002424
28.660 1.0682 27.0541399284
28.670 1.0678 27.0635796143
28.680 1.0674 27.0730193003
28.690 1.0670 27.0824589862
28.700 1.0666 27.0918986722
28.710 1.0662 27.1013383581
28.720 1.0658 27.1107780441
28.730 1.0654 27.12021773
28.740 1.0650 27.129657416
28.750 1.0646 27.1390971019
28.760 1.0642 27.1485367879
28.770 1.0639 27.1579764738
28.780 1.0635 27.1674161598
28.790 1.0631 27.1768558457
28.800 1.0627 27.1862955317
28.810 1.0623 27.1957352176
28.820 1.0619 27.2051749036
28.830 1.0615 27.2146145895
28.840 1.0611 27.2240542754
28.850 1.0607 27.2334939614
28.860 1.0603 27.2429336473
28.870 1.0600 27.2523733333
28.880 1.0596 27.2618130192
28.890 1.0592 27.2712527052
28.900 1.0588 27.2806923911
28.910 1.0584 27.2901320771
28.920 1.0580 27.299571763
28.930 1.0576 27.309011449
28.940 1.0572 27.3184511349
28.950 1.0569 27.3278908209
28.960 1.0565 27.3373305068
28.970 1.0561 27.3467701928
28.980 1.0557 27.3562098787
28.990 1.0553 27.3656495647
29.000 1.0549 27.3750892506
29.010 1.0545 27.3845289366
29.020 1.0541 27.3939686225
29.030 1.0538 27.4034083085
29.040 1.0534 27.4128479944
29.050 1.0530 27.4222876804
29.060 1.0526 27.4317273663
29.070 1.0522 27.4411670523
29.080 1.0518 27.4506067382
29.090 1.0515 27.4600464242
29.100 1.0511 27.4694861101
29.110 1.0507 27.4789257961
29.120 1.0503 27.488365482
29.130 1.0499 27.497805168
29.140 1.0495 27.5072448539
29.150 1.0492 27.5166845399
29.160 1.0488 27.5261242258
29.170 1.0484 27.5355639117
29.180 1.0480 27.5450035977
29.190 1.0476 27.5544432836
29.200 1.0473 27.5638829696
29.210 1.0469 27.5733226555
29.220 1.0465 27.5827623415
29.230 1.0461 27.5922020274
29.240 1.0457 27.6016417134
29.250 1.0454 27.6110813993
29.260 1.0450 27.6205210853
29.270 1.0446 27.6299607712
29.280 1.0442 27.6394004572
29.290 1.0438 27.6488401431
29.300 1.0435 27.6582798291
29.310 1.0431 27.667719515
29.320 1.0427 27.677159201
29.330 1.0423 27.6865988869
29.340 1.0420 27.6960385729
29.350 1.0416 27.7054782588
29.360 1.0412 27.7149179448
29.370 1.0408 27.7243576307
29.380 1.0405 27.7337973167
29.390 1.0401 27.7432370026
29.400 1.0397 27.7526766886
29.410 1.0393 27.7621163745
29.420 1.0390 27.7715560605
29.430 1.0386 27.7809957464
29.440 1.0382 27.7904354324
29.450 1.0378 27.7998751183
29.460 1.0375 27.8093148043
29.470 1.0371 27.8187544902
29.480 1.0367 27.8281941762
29.490 1.0363 27.8376338621
29.500 1.0360 27.847073548
29.510 1.0356 27.856513234
29.520 1.0352 27.8659529199
29.530 1.0349 27.8753926059
29.540 1.0345 27.8848322918
29.550 1.0341 27.8942719778
29.560 1.0337 27.9037116637
29.570 1.0334 27.9131513497
29.580 1.0330 27.9225910356
29.590 1.0326 27.9320307216
29.600 1.0323 27.9414704075
29.610 1.0319 27.9509100935
29.620 1.0315 27.9603497794
29.630 1.0311 27.9697894654
29.640 1.0308 27.9792291513
29.650 1.0304 27.9886688373
29.660 1.0300 27.9981085232
29.670 1.0297 28.0075482092
29.680 1.0293 28.0169878951
29.690 1.0289 28.0264275811
29.700 1.0286 28.035867267
29.710 1.0282 28.045306953
29.720 1.0278 28.0547466389
29.730 1.0275 28.0641863249
29.740 1.0271 28.0736260108
29.750 1.0267 28.0830656968
29.760 1.0264 28.0925053827
29.770 1.0260 28.1019450687
29.780 1.0256 28.1113847546
29.790 1.0253 28.1208244406
29.800 1.0249 28.1302641265
29.810 1.0245 28.1397038125
29.820 1.0242 28.1491434984
29.830 1.0238 28.1585831843
29.840 1.0234 28.1680228703
29.850 1.0231 28.1774625562
29.860 1.0227 28.1869022422
29.870 1.0224 28.1963419281
29.880 1.0220 28.2057816141
29.890 1.0216 28.2152213
29.900 1.0213 28.224660986
29.910 1.0209 28.2341006719
29.920 1.0205 28.2435403579
29.930 1.0202 28.2529800438
29.940 1.0198 28.2624197298
29.950 1.0195 28.2718594157
29.960 1.0191 28.2812991017
29.970 1.0187 28.2907387876
29.980 1.0184 28.3001784736
29.990 1.0180 28.3096181595
30.000 1.0176 28.3190578455
