110,10,0.855772,0.814853,0.826617,8.41174,4.35275,9.42307436811
140,10,0.938351,0.912755,0.924354,9.17654,7.92127,10.1799106259
170,10,0.975355,0.952618,0.960878,9.53561,8.89251,10.3843022585
200,10,0.992131,0.972672,0.978523,9.72688,9.38226,10.6176115595
230,10,1.00123,0.983931,0.988174,9.83738,9.65843,10.7529739588
260,10,1.00702,0.990708,0.993911,9.90498,9.82468,10.8027966561
290,10,1.00709,0.994988,0.997494,9.94809,9.92958,10.72137836
330,10,1.01271,0.998494,1.00041,9.98365,10.015,10.8534822551
370,10,1.0132,1.00056,1.0021,10.0047,10.0649,11.0319059836
410,10,1.01496,1.00181,1.00311,10.0175,10.0946,10.9078942227
77,10,0.0561765,0.0483235,0,0.970733,0,3.10933154284
