110,0.1,1.00833,0.998366,0.998526,0.0998368,0.0435275,0.103798214442
140,0.1,1.00876,0.999153,0.999301,0.0999153,0.0792127,0.102892628456
170,0.1,1.0131,0.999523,0.999588,0.0999523,0.0889251,0.103346369127
200,0.1,1.01034,0.99972,0.999789,0.099972,0.0938226,0.102752830305
230,0.1,1.0122,0.999833,0.999884,0.0999833,0.0965843,0.102575128503
260,0.1,1.01243,0.999902,0.999957,0.0999902,0.0982468,0.103058860116
290,0.1,1.0161,0.999946,0.999974,0.0999946,0.0992958,0.103926365212
330,0.1,1.01049,0.999982,1,0.0999982,0.10015,0.10237322279
370,0.1,1.00591,1,1.00003,0.1,0.100649,0.101743170898
410,0.1,1.01281,1.00002,1.00004,0.100002,0.100946,0.103153944041
77,0.1,1.00524,0.995976,0,0.099599,0,0.121310051554
