110,20,0.087946,0.538164,0.0988267,13.628,8.70551,13.3526542965
140,20,0.833282,0.819324,0.840475,16.7946,15.8425,18.5043980209
170,20,0.921879,0.906172,0.921192,18.1927,17.785,20.4119959026
200,20,0.965954,0.946933,0.957623,18.9367,18.7645,20.959556741
230,20,0.98317,0.96921,0.977079,19.3676,19.3169,21.0997700033
260,20,0.997079,0.982445,0.988427,19.6318,19.6494,21.5693793106
290,20,1.00733,0.990743,0.995519,19.8005,19.8592,22.22002414
330,20,1.01262,0.997505,1.00115,19.9398,20.03,21.8017638065
370,20,1.01229,1.00148,1.00444,20.0225,20.1297,21.6220873176
410,20,1.01747,1.00387,1.00638,20.0727,20.1892,22.1115244009
77,20,0.108229,0.0963108,0,1.01871,0,3.82726251709
