0.10000 118.79
0.11000 107.97
0.12000 98.961
0.13000 91.334
0.14000 84.796
0.15000 79.130
0.16000 74.172
0.17000 69.798
0.18000 65.909
0.19000 62.430
0.20000 59.299
0.21000 56.466
0.22000 53.891
0.23000 51.539
0.24000 49.384
0.25000 47.401
0.26000 45.570
0.27000 43.875
0.28000 42.301
0.29000 40.836
0.30000 39.468
0.31000 38.189
0.32000 36.989
0.33000 35.863
0.34000 34.802
0.35000 33.802
0.36000 32.858
0.37000 31.965
0.38000 31.118
0.39000 30.315
0.40000 29.553
0.41000 28.827
0.42000 28.136
0.43000 27.477
0.44000 26.848
0.45000 26.247
0.46000 25.672
0.47000 25.122
0.48000 24.595
0.49000 24.089
0.50000 23.603
0.51000 23.136
0.52000 22.688
0.53000 22.256
0.54000 21.840
0.55000 21.440
0.56000 21.053
0.57000 20.680
0.58000 20.320
0.59000 19.973
0.60000 19.637
0.61000 19.311
0.62000 18.997
0.63000 18.692
0.64000 18.397
0.65000 18.111
0.66000 17.834
0.67000 17.565
0.68000 17.303
0.69000 17.050
0.70000 16.803
0.71000 16.564
0.72000 16.331
0.73000 16.105
0.74000 15.884
0.75000 15.670
0.76000 15.461
0.77000 15.258
0.78000 15.060
0.79000 14.867
0.80000 14.678
0.81000 14.495
0.82000 14.315
0.83000 14.141
0.84000 13.970
0.85000 13.803
0.86000 13.640
0.87000 13.481
0.88000 13.326
0.89000 13.174
0.90000 13.025
0.91000 12.880
0.92000 12.738
0.93000 12.599
0.94000 12.463
0.95000 12.329
0.96000 12.199
0.97000 12.071
0.98000 11.946
0.99000 11.823
1.0000 11.703
1.0100 11.585
1.0200 11.470
1.0300 11.356
1.0400 11.245
1.0500 11.136
1.0600 11.029
1.0700 10.924
1.0800 10.821
1.0900 10.720
1.1000 10.621
1.1100 10.524
1.1200 10.428
1.1300 10.334
1.1400 10.241
1.1500 10.151
1.1600 10.061
1.1700 9.9737
1.1800 9.8875
1.1900 9.8027
1.2000 9.7194
1.2100 9.6374
1.2200 9.5567
1.2300 9.4774
1.2400 9.3994
1.2500 9.3226
1.2600 9.2470
1.2700 9.1726
1.2800 9.0994
1.2900 9.0273
1.3000 8.9563
1.3100 8.8864
1.3200 8.8176
1.3300 8.7498
1.3400 8.6830
1.3500 8.6172
1.3600 8.5523
1.3700 8.4884
1.3800 8.4255
1.3900 8.3634
1.4000 8.3022
1.4100 8.2419
1.4200 8.1824
1.4300 8.1238
1.4400 8.0660
1.4500 8.0090
1.4600 7.9527
1.4700 7.8973
1.4800 7.8426
1.4900 7.7886
1.5000 7.7353
1.5100 7.6827
1.5200 7.6309
1.5300 7.5797
1.5400 7.5291
1.5500 7.4792
1.5600 7.4300
1.5700 7.3814
1.5800 7.3334
1.5900 7.2860
1.6000 7.2392
1.6100 7.1930
1.6200 7.1473
1.6300 7.1022
1.6400 7.0577
1.6500 7.0137
1.6600 6.9702
1.6700 6.9272
1.6800 6.8848
1.6900 6.8429
1.7000 6.8014
1.7100 6.7605
1.7200 6.7200
1.7300 6.6799
1.7400 6.6404
1.7500 6.6013
1.7600 6.5626
1.7700 6.5244
1.7800 6.4866
1.7900 6.4492
1.8000 6.4122
1.8100 6.3757
1.8200 6.3395
1.8300 6.3038
1.8400 6.2684
1.8500 6.2334
1.8600 6.1988
1.8700 6.1646
1.8800 6.1307
1.8900 6.0972
1.9000 6.0640
1.9100 6.0312
1.9200 5.9987
1.9300 5.9666
1.9400 5.9347
1.9500 5.9033
1.9600 5.8721
1.9700 5.8412
1.9800 5.8107
1.9900 5.7805
2.0000 5.7505
2.0100 5.7209
2.0200 5.6916
2.0300 5.6625
2.0400 5.6338
2.0500 5.6053
2.0600 5.5771
2.0700 5.5491
2.0800 5.5215
2.0900 5.4940
2.1000 5.4669
2.1100 5.4400
2.1200 5.4134
2.1300 5.3870
2.1400 5.3609
2.1500 5.3350
2.1600 5.3093
2.1700 5.2839
2.1800 5.2587
2.1900 5.2337
2.2000 5.2090
2.2100 5.1845
2.2200 5.1602
2.2300 5.1362
2.2400 5.1123
2.2500 5.0887
2.2600 5.0652
2.2700 5.0420
2.2800 5.0190
2.2900 4.9962
2.3000 4.9735
2.3100 4.9511
2.3200 4.9289
2.3300 4.9068
2.3400 4.8850
2.3500 4.8633
2.3600 4.8418
2.3700 4.8205
2.3800 4.7994
2.3900 4.7784
2.4000 4.7576
2.4100 4.7370
2.4200 4.7166
2.4300 4.6963
2.4400 4.6762
2.4500 4.6563
2.4600 4.6365
2.4700 4.6169
2.4800 4.5974
2.4900 4.5781
2.5000 4.5590
2.5100 4.5400
2.5200 4.5211
2.5300 4.5024
2.5400 4.4839
2.5500 4.4655
2.5600 4.4472
2.5700 4.4291
2.5800 4.4111
2.5900 4.3933
2.6000 4.3756
2.6100 4.3580
2.6200 4.3406
2.6300 4.3233
2.6400 4.3061
2.6500 4.2890
2.6600 4.2721
2.6700 4.2553
2.6800 4.2387
2.6900 4.2221
2.7000 4.2057
2.7100 4.1894
2.7200 4.1732
2.7300 4.1572
2.7400 4.1412
2.7500 4.1254
2.7600 4.1097
2.7700 4.0941
2.7800 4.0786
2.7900 4.0632
2.8000 4.0480
2.8100 4.0328
2.8200 4.0178
2.8300 4.0028
2.8400 3.9880
2.8500 3.9733
2.8600 3.9586
2.8700 3.9441
2.8800 3.9297
2.8900 3.9153
2.9000 3.9011
2.9100 3.8870
2.9200 3.8729
2.9300 3.8590
2.9400 3.8451
2.9500 3.8314
2.9600 3.8177
2.9700 3.8041
2.9800 3.7907
2.9900 3.7773
3.0000 3.7640
3.0100 3.7508
3.0200 3.7376
3.0300 3.7246
3.0400 3.7116
3.0500 3.6988
3.0600 3.6860
3.0700 3.6733
3.0800 3.6607
3.0900 3.6481
3.1000 3.6357
3.1100 3.6233
3.1200 3.6110
3.1300 3.5988
3.1400 3.5866
3.1500 3.5746
3.1600 3.5626
3.1700 3.5507
3.1800 3.5388
3.1900 3.5270
3.2000 3.5154
3.2100 3.5037
3.2200 3.4922
3.2300 3.4807
3.2400 3.4693
3.2500 3.4580
3.2600 3.4467
3.2700 3.4355
3.2800 3.4244
3.2900 3.4133
3.3000 3.4023
3.3100 3.3914
3.3200 3.3805
3.3300 3.3697
3.3400 3.3590
3.3500 3.3483
3.3600 3.3377
3.3700 3.3272
3.3800 3.3167
3.3900 3.3063
3.4000 3.2959
3.4100 3.2856
3.4200 3.2754
3.4300 3.2652
3.4400 3.2551
3.4500 3.2450
3.4600 3.2350
3.4700 3.2250
3.4800 3.2152
3.4900 3.2053
3.5000 3.1955
3.5100 3.1858
3.5200 3.1762
3.5300 3.1665
3.5400 3.1570
3.5500 3.1475
3.5600 3.1380
3.5700 3.1286
3.5800 3.1193
3.5900 3.1100
3.6000 3.1007
3.6100 3.0915
3.6200 3.0824
3.6300 3.0733
3.6400 3.0643
3.6500 3.0553
3.6600 3.0463
3.6700 3.0374
3.6800 3.0286
3.6900 3.0198
3.7000 3.0110
3.7100 3.0023
3.7200 2.9937
3.7300 2.9851
3.7400 2.9765
3.7500 2.9680
3.7600 2.9595
3.7700 2.9511
3.7800 2.9427
3.7900 2.9343
3.8000 2.9260
3.8100 2.9178
3.8200 2.9096
3.8300 2.9014
3.8400 2.8933
3.8500 2.8852
3.8600 2.8771
3.8700 2.8691
3.8800 2.8612
3.8900 2.8532
3.9000 2.8454
3.9100 2.8375
3.9200 2.8297
3.9300 2.8220
3.9400 2.8142
3.9500 2.8066
3.9600 2.7989
3.9700 2.7913
3.9800 2.7837
3.9900 2.7762
4.0000 2.7687
4.0100 2.7612
4.0200 2.7538
4.0300 2.7464
4.0400 2.7391
4.0500 2.7318
4.0600 2.7245
4.0700 2.7173
4.0800 2.7101
4.0900 2.7029
4.1000 2.6958
4.1100 2.6887
4.1200 2.6816
4.1300 2.6746
4.1400 2.6676
4.1500 2.6606
4.1600 2.6537
4.1700 2.6468
4.1800 2.6399
4.1900 2.6331
4.2000 2.6263
4.2100 2.6195
4.2200 2.6128
4.2300 2.6061
4.2400 2.5994
4.2500 2.5928
4.2600 2.5861
4.2700 2.5796
4.2800 2.5730
4.2900 2.5665
4.3000 2.5600
4.3100 2.5535
4.3200 2.5471
4.3300 2.5407
4.3400 2.5343
4.3500 2.5280
4.3600 2.5217
4.3700 2.5154
4.3800 2.5091
4.3900 2.5029
4.4000 2.4967
4.4100 2.4905
4.4200 2.4844
4.4300 2.4783
4.4400 2.4722
4.4500 2.4661
4.4600 2.4601
4.4700 2.4541
4.4800 2.4481
4.4900 2.4422
4.5000 2.4362
4.5100 2.4303
4.5200 2.4245
4.5300 2.4186
4.5400 2.4128
4.5500 2.4070
4.5600 2.4012
4.5700 2.3954
4.5800 2.3897
4.5900 2.3840
4.6000 2.3783
4.6100 2.3727
4.6200 2.3671
4.6300 2.3615
4.6400 2.3559
4.6500 2.3503
4.6600 2.3448
4.6700 2.3393
4.6800 2.3338
4.6900 2.3283
4.7000 2.3229
4.7100 2.3175
4.7200 2.3121
4.7300 2.3067
4.7400 2.3014
4.7500 2.2961
4.7600 2.2908
4.7700 2.2855
4.7800 2.2802
4.7900 2.2750
4.8000 2.2698
4.8100 2.2646
4.8200 2.2594
4.8300 2.2542
4.8400 2.2491
4.8500 2.2440
4.8600 2.2389
4.8700 2.2338
4.8800 2.2288
4.8900 2.2238
4.9000 2.2188
4.9100 2.2138
4.9200 2.2088
4.9300 2.2039
4.9400 2.1989
4.9500 2.1940
4.9600 2.1891
4.9700 2.1843
4.9800 2.1794
4.9900 2.1746
5.0000 2.1698
5.1000 2.1227
5.1100 2.1181
5.1200 2.1135
5.1300 2.1089
5.1400 2.1044
5.1500 2.0998
5.1600 2.0953
5.1700 2.0908
5.1800 2.0863
5.1900 2.0819
5.2000 2.0774
5.2100 2.0730
5.2200 2.0686
5.2300 2.0642
5.2400 2.0598
5.2500 2.0554
5.2600 2.0511
5.2700 2.0467
5.2800 2.0424
5.2900 2.0381
5.3000 2.0338
5.3100 2.0295
5.3200 2.0253
5.3300 2.0211
5.3400 2.0168
5.3500 2.0126
5.3600 2.0084
5.3700 2.0043
5.3800 2.0001
5.3900 1.9959
5.4000 1.9918
5.4100 1.9877
5.4200 1.9836
5.4300 1.9795
5.4400 1.9754
5.4500 1.9714
5.4600 1.9673
5.4700 1.9633
5.4800 1.9593
5.4900 1.9553
5.5000 1.9513
5.5100 1.9473
5.5200 1.9434
5.5300 1.9394
5.5400 1.9355
5.5500 1.9316
5.5600 1.9277
5.5700 1.9238
5.5800 1.9200
5.5900 1.9161
5.6000 1.9122
5.6100 1.9084
5.6200 1.9046
5.6300 1.9008
5.6400 1.8970
5.6500 1.8932
5.6600 1.8895
5.6700 1.8857
5.6800 1.8820
5.6900 1.8782
5.7000 1.8745
5.7100 1.8708
5.7200 1.8671
5.7300 1.8635
5.7400 1.8598
5.7500 1.8562
5.7600 1.8525
5.7700 1.8489
5.7800 1.8453
5.7900 1.8417
5.8000 1.8381
5.8100 1.8345
5.8200 1.8310
5.8300 1.8274
5.8400 1.8239
5.8500 1.8203
5.8600 1.8168
5.8700 1.8133
5.8800 1.8098
5.8900 1.8063
5.9000 1.8029
5.9100 1.7994
5.9200 1.7960
5.9300 1.7925
5.9400 1.7891
5.9500 1.7857
5.9600 1.7823
5.9700 1.7789
5.9800 1.7755
5.9900 1.7722
6.0000 1.7688
6.0100 1.7655
6.0200 1.7621
6.0300 1.7588
6.0400 1.7555
6.0500 1.7522
6.0600 1.7489
6.0700 1.7456
6.0800 1.7424
6.0900 1.7391
6.1000 1.7358
6.1100 1.7326
6.1200 1.7294
6.1300 1.7262
6.1400 1.7230
6.1500 1.7198
6.1600 1.7166
6.1700 1.7134
6.1800 1.7102
6.1900 1.7071
6.2000 1.7039
6.2100 1.7008
6.2200 1.6977
6.2300 1.6945
6.2400 1.6914
6.2500 1.6883
6.2600 1.6852
6.2700 1.6822
6.2800 1.6791
6.2900 1.6760
6.3000 1.6730
6.3100 1.6699
6.3200 1.6669
6.3300 1.6639
6.3400 1.6609
6.3500 1.6579
6.3600 1.6549
6.3700 1.6519
6.3800 1.6489
6.3900 1.6460
6.4000 1.6430
6.4100 1.6401
6.4200 1.6371
6.4300 1.6342
6.4400 1.6313
6.4500 1.6284
6.4600 1.6255
6.4700 1.6226
6.4800 1.6197
6.4900 1.6168
6.5000 1.6139
6.5100 1.6111
6.5200 1.6082
6.5300 1.6054
6.5400 1.6025
6.5500 1.5997
6.5600 1.5969
6.5700 1.5941
6.5800 1.5913
6.5900 1.5885
6.6000 1.5857
6.6100 1.5829
6.6200 1.5802
6.6300 1.5774
6.6400 1.5747
6.6500 1.5719
6.6600 1.5692
6.6700 1.5664
6.6800 1.5637
6.6900 1.5610
6.7000 1.5583
6.7100 1.5556
6.7200 1.5529
6.7300 1.5502
6.7400 1.5476
6.7500 1.5449
6.7600 1.5423
6.7700 1.5396
6.7800 1.5370
6.7900 1.5343
6.8000 1.5317
6.8100 1.5291
6.8200 1.5265
6.8300 1.5239
6.8400 1.5213
6.8500 1.5187
6.8600 1.5161
6.8700 1.5135
6.8800 1.5110
6.8900 1.5084
6.9000 1.5058
6.9100 1.5033
6.9200 1.5008
6.9300 1.4982
6.9400 1.4957
6.9500 1.4932
6.9600 1.4907
6.9700 1.4882
6.9800 1.4857
6.9900 1.4832
7.0000 1.4807
7.0100 1.4782
7.0200 1.4758
7.0300 1.4733
7.0400 1.4708
7.0500 1.4684
7.0600 1.4660
7.0700 1.4635
7.0800 1.4611
7.0900 1.4587
7.1000 1.4563
7.1100 1.4538
7.1200 1.4514
7.1300 1.4490
7.1400 1.4467
7.1500 1.4443
7.1600 1.4419
7.1700 1.4395
7.1800 1.4372
7.1900 1.4348
7.2000 1.4325
7.2100 1.4301
7.2200 1.4278
7.2300 1.4254
7.2400 1.4231
7.2500 1.4208
7.2600 1.4185
7.2700 1.4162
7.2800 1.4139
7.2900 1.4116
7.3000 1.4093
7.3100 1.4070
7.3200 1.4047
7.3300 1.4025
7.3400 1.4002
7.3500 1.3979
7.3600 1.3957
7.3700 1.3934
7.3800 1.3912
7.3900 1.3890
7.4000 1.3867
7.4100 1.3845
7.4200 1.3823
7.4300 1.3801
7.4400 1.3779
7.4500 1.3757
7.4600 1.3735
7.4700 1.3713
7.4800 1.3691
7.4900 1.3669
7.5000 1.3648
7.5100 1.3626
7.5200 1.3604
7.5300 1.3583
7.5400 1.3561
7.5500 1.3540
7.5600 1.3519
7.5700 1.3497
7.5800 1.3476
7.5900 1.3455
7.6000 1.3433
7.6100 1.3412
7.6200 1.3391
7.6300 1.3370
7.6400 1.3349
7.6500 1.3328
7.6600 1.3308
7.6700 1.3287
7.6800 1.3266
7.6900 1.3245
7.7000 1.3225
7.7100 1.3204
7.7200 1.3184
7.7300 1.3163
7.7400 1.3143
7.7500 1.3122
7.7600 1.3102
7.7700 1.3082
7.7800 1.3061
7.7900 1.3041
7.8000 1.3021
7.8100 1.3001
7.8200 1.2981
7.8300 1.2961
7.8400 1.2941
7.8500 1.2921
7.8600 1.2901
7.8700 1.2881
7.8800 1.2862
7.8900 1.2842
7.9000 1.2822
7.9100 1.2803
7.9200 1.2783
7.9300 1.2764
7.9400 1.2744
7.9500 1.2725
7.9600 1.2705
7.9700 1.2686
7.9800 1.2667
7.9900 1.2647
8.0000 1.2628
8.0100 1.2609
8.0200 1.2590
8.0300 1.2571
8.0400 1.2552
8.0500 1.2533
8.0600 1.2514
8.0700 1.2495
8.0800 1.2476
8.0900 1.2458
8.1000 1.2439
8.1100 1.2420
8.1200 1.2401
8.1245 1.2393
8.1245 0.043636
8.1300 0.043636
8.1400 0.043636
8.1500 0.043636
8.1600 0.043636
8.1700 0.043635
8.1800 0.043635
8.1900 0.043635
8.2000 0.043635
8.2100 0.043634
8.2200 0.043634
8.2300 0.043634
8.2400 0.043634
8.2500 0.043633
8.2600 0.043633
8.2700 0.043633
8.2800 0.043633
8.2900 0.043632
8.3000 0.043632
8.3100 0.043632
8.3200 0.043632
8.3300 0.043631
8.3400 0.043631
8.3500 0.043631
8.3600 0.043631
8.3700 0.043630
8.3800 0.043630
8.3900 0.043630
8.4000 0.043629
8.4100 0.043629
8.4200 0.043629
8.4300 0.043629
8.4400 0.043628
8.4500 0.043628
8.4600 0.043628
8.4700 0.043628
8.4800 0.043627
8.4900 0.043627
8.5000 0.043627
8.5100 0.043627
8.5200 0.043626
8.5300 0.043626
8.5400 0.043626
8.5500 0.043626
8.5600 0.043625
8.5700 0.043625
8.5800 0.043625
8.5900 0.043625
8.6000 0.043624
8.6100 0.043624
8.6200 0.043624
8.6300 0.043624
8.6400 0.043623
8.6500 0.043623
8.6600 0.043623
8.6700 0.043623
8.6800 0.043622
8.6900 0.043622
8.7000 0.043622
8.7100 0.043622
8.7200 0.043621
8.7300 0.043621
8.7400 0.043621
8.7500 0.043621
8.7600 0.043620
8.7700 0.043620
8.7800 0.043620
8.7900 0.043620
8.8000 0.043619
8.8100 0.043619
8.8200 0.043619
8.8300 0.043619
8.8400 0.043618
8.8500 0.043618
8.8600 0.043618
8.8700 0.043618
8.8800 0.043617
8.8900 0.043617
8.9000 0.043617
8.9100 0.043617
8.9200 0.043616
8.9300 0.043616
8.9400 0.043616
8.9500 0.043616
8.9600 0.043615
8.9700 0.043615
8.9800 0.043615
8.9900 0.043615
9.0000 0.043614
9.0100 0.043614
9.0200 0.043614
9.0300 0.043614
9.0400 0.043613
9.0500 0.043613
9.0600 0.043613
9.0700 0.043613
9.0800 0.043612
9.0900 0.043612
9.1000 0.043612
9.1100 0.043612
9.1200 0.043611
9.1300 0.043611
9.1400 0.043611
9.1500 0.043611
9.1600 0.043610
9.1700 0.043610
9.1800 0.043610
9.1900 0.043610
9.2000 0.043609
9.2100 0.043609
9.2200 0.043609
9.2300 0.043609
9.2400 0.043608
9.2500 0.043608
9.2600 0.043608
9.2700 0.043607
9.2800 0.043607
9.2900 0.043607
9.3000 0.043607
9.3100 0.043606
9.3200 0.043606
9.3300 0.043606
9.3400 0.043606
9.3500 0.043605
9.3600 0.043605
9.3700 0.043605
9.3800 0.043605
9.3900 0.043604
9.4000 0.043604
9.4100 0.043604
9.4200 0.043604
9.4300 0.043603
9.4400 0.043603
9.4500 0.043603
9.4600 0.043603
9.4700 0.043602
9.4800 0.043602
9.4900 0.043602
9.5000 0.043602
9.5100 0.043601
9.5200 0.043601
9.5300 0.043601
9.5400 0.043601
9.5500 0.043600
9.5600 0.043600
9.5700 0.043600
9.5800 0.043600
9.5900 0.043599
9.6000 0.043599
9.6100 0.043599
9.6200 0.043599
9.6300 0.043598
9.6400 0.043598
9.6500 0.043598
9.6600 0.043598
9.6700 0.043597
9.6800 0.043597
9.6900 0.043597
9.7000 0.043597
9.7100 0.043596
9.7200 0.043596
9.7300 0.043596
9.7400 0.043596
9.7500 0.043595
9.7600 0.043595
9.7700 0.043595
9.7800 0.043595
9.7900 0.043594
9.8000 0.043594
9.8100 0.043594
9.8200 0.043594
9.8300 0.043593
9.8400 0.043593
9.8500 0.043593
9.8600 0.043593
9.8700 0.043592
9.8800 0.043592
9.8900 0.043592
9.9000 0.043592
9.9100 0.043591
9.9200 0.043591
9.9300 0.043591
9.9400 0.043591
9.9500 0.043590
9.9600 0.043590
9.9700 0.043590
9.9800 0.043590
9.9900 0.043589
10.000 0.043589
10.100 0.043587
10.110 0.043586
10.120 0.043586
10.130 0.043586
10.140 0.043586
10.150 0.043585
10.160 0.043585
10.170 0.043585
10.180 0.043585
10.190 0.043584
10.200 0.043584
10.210 0.043584
10.220 0.043584
10.230 0.043583
10.240 0.043583
10.250 0.043583
10.260 0.043583
10.270 0.043582
10.280 0.043582
10.290 0.043582
10.300 0.043582
10.310 0.043581
10.320 0.043581
10.330 0.043581
10.340 0.043581
10.350 0.043580
10.360 0.043580
10.370 0.043580
10.380 0.043580
10.390 0.043579
10.400 0.043579
10.410 0.043579
10.420 0.043579
10.430 0.043578
10.440 0.043578
10.450 0.043578
10.460 0.043578
10.470 0.043577
10.480 0.043577
10.490 0.043577
10.500 0.043577
10.510 0.043576
10.520 0.043576
10.530 0.043576
10.540 0.043576
10.550 0.043575
10.560 0.043575
10.570 0.043575
10.580 0.043575
10.590 0.043574
10.600 0.043574
10.610 0.043574
10.620 0.043574
10.630 0.043573
10.640 0.043573
10.650 0.043573
10.660 0.043573
10.670 0.043572
10.680 0.043572
10.690 0.043572
10.700 0.043572
10.710 0.043571
10.720 0.043571
10.730 0.043571
10.740 0.043571
10.750 0.043570
10.760 0.043570
10.770 0.043570
10.780 0.043570
10.790 0.043569
10.800 0.043569
10.810 0.043569
10.820 0.043569
10.830 0.043568
10.840 0.043568
10.850 0.043568
10.860 0.043568
10.870 0.043567
10.880 0.043567
10.890 0.043567
10.900 0.043567
10.910 0.043566
10.920 0.043566
10.930 0.043566
10.940 0.043566
10.950 0.043565
10.960 0.043565
10.970 0.043565
10.980 0.043565
10.990 0.043564
11.000 0.043564
11.010 0.043564
11.020 0.043564
11.030 0.043563
11.040 0.043563
11.050 0.043563
11.060 0.043563
11.070 0.043562
11.080 0.043562
11.090 0.043562
11.100 0.043562
11.110 0.043561
11.120 0.043561
11.130 0.043561
11.140 0.043561
11.150 0.043560
11.160 0.043560
11.170 0.043560
11.180 0.043560
11.190 0.043559
11.200 0.043559
11.210 0.043559
11.220 0.043559
11.230 0.043558
11.240 0.043558
11.250 0.043558
11.260 0.043558
11.270 0.043557
11.280 0.043557
11.290 0.043557
11.300 0.043557
11.310 0.043556
11.320 0.043556
11.330 0.043556
11.340 0.043556
11.350 0.043555
11.360 0.043555
11.370 0.043555
11.380 0.043555
11.390 0.043554
11.400 0.043554
11.410 0.043554
11.420 0.043554
11.430 0.043553
11.440 0.043553
11.450 0.043553
11.460 0.043553
11.470 0.043552
11.480 0.043552
11.490 0.043552
11.500 0.043552
11.510 0.043551
11.520 0.043551
11.530 0.043551
11.540 0.043551
11.550 0.043550
11.560 0.043550
11.570 0.043550
11.580 0.043550
11.590 0.043549
11.600 0.043549
11.610 0.043549
11.620 0.043549
11.630 0.043548
11.640 0.043548
11.650 0.043548
11.660 0.043548
11.670 0.043547
11.680 0.043547
11.690 0.043547
11.700 0.043547
11.710 0.043546
11.720 0.043546
11.730 0.043546
11.740 0.043546
11.750 0.043545
11.760 0.043545
11.770 0.043545
11.780 0.043545
11.790 0.043545
11.800 0.043544
11.810 0.043544
11.820 0.043544
11.830 0.043544
11.840 0.043543
11.850 0.043543
11.860 0.043543
11.870 0.043543
11.880 0.043542
11.890 0.043542
11.900 0.043542
11.910 0.043542
11.920 0.043541
11.930 0.043541
11.940 0.043541
11.950 0.043541
11.960 0.043540
11.970 0.043540
11.980 0.043540
11.990 0.043540
12.000 0.043539
12.010 0.043539
12.020 0.043539
12.030 0.043539
12.040 0.043538
12.050 0.043538
12.060 0.043538
12.070 0.043538
12.080 0.043537
12.090 0.043537
12.100 0.043537
12.110 0.043537
12.120 0.043536
12.130 0.043536
12.140 0.043536
12.150 0.043536
12.160 0.043535
12.170 0.043535
12.180 0.043535
12.190 0.043535
12.200 0.043534
12.210 0.043534
12.220 0.043534
12.230 0.043534
12.240 0.043533
12.250 0.043533
12.260 0.043533
12.270 0.043533
12.280 0.043532
12.290 0.043532
12.300 0.043532
12.310 0.043532
12.320 0.043531
12.330 0.043531
12.340 0.043531
12.350 0.043531
12.360 0.043530
12.370 0.043530
12.380 0.043530
12.390 0.043530
12.400 0.043529
12.410 0.043529
12.420 0.043529
12.430 0.043529
12.440 0.043528
12.450 0.043528
12.460 0.043528
12.470 0.043528
12.480 0.043527
12.490 0.043527
12.500 0.043527
12.510 0.043527
12.520 0.043526
12.530 0.043526
12.540 0.043526
12.550 0.043526
12.560 0.043525
12.570 0.043525
12.580 0.043525
12.590 0.043525
12.600 0.043524
12.610 0.043524
12.620 0.043524
12.630 0.043524
12.640 0.043523
12.650 0.043523
12.660 0.043523
12.670 0.043523
12.680 0.043523
12.690 0.043522
12.700 0.043522
12.710 0.043522
12.720 0.043522
12.730 0.043521
12.740 0.043521
12.750 0.043521
12.760 0.043521
12.770 0.043520
12.780 0.043520
12.790 0.043520
12.800 0.043520
12.810 0.043519
12.820 0.043519
12.830 0.043519
12.840 0.043519
12.850 0.043518
12.860 0.043518
12.870 0.043518
12.880 0.043518
12.890 0.043517
12.900 0.043517
12.910 0.043517
12.920 0.043517
12.930 0.043516
12.940 0.043516
12.950 0.043516
12.960 0.043516
12.970 0.043515
12.980 0.043515
12.990 0.043515
13.000 0.043515
13.010 0.043514
13.020 0.043514
13.030 0.043514
13.040 0.043514
13.050 0.043513
13.060 0.043513
13.070 0.043513
13.080 0.043513
13.090 0.043512
13.100 0.043512
13.110 0.043512
13.120 0.043512
13.130 0.043511
13.140 0.043511
13.150 0.043511
13.160 0.043511
13.170 0.043510
13.180 0.043510
13.190 0.043510
13.200 0.043510
13.210 0.043509
13.220 0.043509
13.230 0.043509
13.240 0.043509
13.250 0.043508
13.260 0.043508
13.270 0.043508
13.280 0.043508
13.290 0.043507
13.300 0.043507
13.310 0.043507
13.320 0.043507
13.330 0.043507
13.340 0.043506
13.350 0.043506
13.360 0.043506
13.370 0.043506
13.380 0.043505
13.390 0.043505
13.400 0.043505
13.410 0.043505
13.420 0.043504
13.430 0.043504
13.440 0.043504
13.450 0.043504
13.460 0.043503
13.470 0.043503
13.480 0.043503
13.490 0.043503
13.500 0.043502
13.510 0.043502
13.520 0.043502
13.530 0.043502
13.540 0.043501
13.550 0.043501
13.560 0.043501
13.570 0.043501
13.580 0.043500
13.590 0.043500
13.600 0.043500
13.610 0.043500
13.620 0.043499
13.630 0.043499
13.640 0.043499
13.650 0.043499
13.660 0.043498
13.670 0.043498
13.680 0.043498
13.690 0.043498
13.700 0.043497
13.710 0.043497
13.720 0.043497
13.730 0.043497
13.740 0.043496
13.750 0.043496
13.760 0.043496
13.770 0.043496
13.780 0.043495
13.790 0.043495
13.800 0.043495
13.810 0.043495
13.820 0.043495
13.830 0.043494
13.840 0.043494
13.850 0.043494
13.860 0.043494
13.870 0.043493
13.880 0.043493
13.890 0.043493
13.900 0.043493
13.910 0.043492
13.920 0.043492
13.930 0.043492
13.940 0.043492
13.950 0.043491
13.960 0.043491
13.970 0.043491
13.980 0.043491
13.990 0.043490
14.000 0.043490
14.010 0.043490
14.020 0.043490
14.030 0.043489
14.040 0.043489
14.050 0.043489
14.060 0.043489
14.070 0.043488
14.080 0.043488
14.090 0.043488
14.100 0.043488
14.110 0.043487
14.120 0.043487
14.130 0.043487
14.140 0.043487
14.150 0.043486
14.160 0.043486
14.170 0.043486
14.180 0.043486
14.190 0.043485
14.200 0.043485
14.210 0.043485
14.220 0.043485
14.230 0.043484
14.240 0.043484
14.250 0.043484
14.260 0.043484
14.270 0.043484
14.280 0.043483
14.290 0.043483
14.300 0.043483
14.310 0.043483
14.320 0.043482
14.330 0.043482
14.340 0.043482
14.350 0.043482
14.360 0.043481
14.370 0.043481
14.380 0.043481
14.390 0.043481
14.400 0.043480
14.410 0.043480
14.420 0.043480
14.430 0.043480
14.440 0.043479
14.450 0.043479
14.460 0.043479
14.470 0.043479
14.480 0.043478
14.490 0.043478
14.500 0.043478
14.510 0.043478
14.520 0.043477
14.530 0.043477
14.540 0.043477
14.550 0.043477
14.560 0.043476
14.570 0.043476
14.580 0.043476
14.590 0.043476
14.600 0.043475
14.610 0.043475
14.620 0.043475
14.630 0.043475
14.640 0.043474
14.650 0.043474
14.660 0.043474
14.670 0.043474
14.680 0.043474
14.690 0.043473
14.700 0.043473
14.710 0.043473
14.720 0.043473
14.730 0.043472
14.740 0.043472
14.750 0.043472
14.760 0.043472
14.770 0.043471
14.780 0.043471
14.790 0.043471
14.800 0.043471
14.810 0.043470
14.820 0.043470
14.830 0.043470
14.840 0.043470
14.850 0.043469
14.860 0.043469
14.870 0.043469
14.880 0.043469
14.890 0.043468
14.900 0.043468
14.910 0.043468
14.920 0.043468
14.930 0.043467
14.940 0.043467
14.950 0.043467
14.960 0.043467
14.970 0.043466
14.980 0.043466
14.990 0.043466
15.000 0.043466
15.100 0.043463
15.110 0.043463
15.120 0.043463
15.130 0.043463
15.140 0.043462
15.150 0.043462
15.160 0.043462
15.170 0.043462
15.180 0.043461
15.190 0.043461
15.200 0.043461
15.210 0.043461
15.220 0.043460
15.230 0.043460
15.240 0.043460
15.250 0.043460
15.260 0.043459
15.270 0.043459
15.280 0.043459
15.290 0.043459
15.300 0.043458
15.310 0.043458
15.320 0.043458
15.330 0.043458
15.340 0.043457
15.350 0.043457
15.360 0.043457
15.370 0.043457
15.380 0.043457
15.390 0.043456
15.400 0.043456
15.410 0.043456
15.420 0.043456
15.430 0.043455
15.440 0.043455
15.450 0.043455
15.460 0.043455
15.470 0.043454
15.480 0.043454
15.490 0.043454
15.500 0.043454
15.510 0.043453
15.520 0.043453
15.530 0.043453
15.540 0.043453
15.550 0.043452
15.560 0.043452
15.570 0.043452
15.580 0.043452
15.590 0.043451
15.600 0.043451
15.610 0.043451
15.620 0.043451
15.630 0.043450
15.640 0.043450
15.650 0.043450
15.660 0.043450
15.670 0.043449
15.680 0.043449
15.690 0.043449
15.700 0.043449
15.710 0.043449
15.720 0.043448
15.730 0.043448
15.740 0.043448
15.750 0.043448
15.760 0.043447
15.770 0.043447
15.780 0.043447
15.790 0.043447
15.800 0.043446
15.810 0.043446
15.820 0.043446
15.830 0.043446
15.840 0.043445
15.850 0.043445
15.860 0.043445
15.870 0.043445
15.880 0.043444
15.890 0.043444
15.900 0.043444
15.910 0.043444
15.920 0.043443
15.930 0.043443
15.940 0.043443
15.950 0.043443
15.960 0.043442
15.970 0.043442
15.980 0.043442
15.990 0.043442
16.000 0.043442
16.010 0.043441
16.020 0.043441
16.030 0.043441
16.040 0.043441
16.050 0.043440
16.060 0.043440
16.070 0.043440
16.080 0.043440
16.090 0.043439
16.100 0.043439
16.110 0.043439
16.120 0.043439
16.130 0.043438
16.140 0.043438
16.150 0.043438
16.160 0.043438
16.170 0.043437
16.180 0.043437
16.190 0.043437
16.200 0.043437
16.210 0.043436
16.220 0.043436
16.230 0.043436
16.240 0.043436
16.250 0.043435
16.260 0.043435
16.270 0.043435
16.280 0.043435
16.290 0.043435
16.300 0.043434
16.310 0.043434
16.320 0.043434
16.330 0.043434
16.340 0.043433
16.350 0.043433
16.360 0.043433
16.370 0.043433
16.380 0.043432
16.390 0.043432
16.400 0.043432
16.410 0.043432
16.420 0.043431
16.430 0.043431
16.440 0.043431
16.450 0.043431
16.460 0.043430
16.470 0.043430
16.480 0.043430
16.490 0.043430
16.500 0.043429
16.510 0.043429
16.520 0.043429
16.530 0.043429
16.540 0.043429
16.550 0.043428
16.560 0.043428
16.570 0.043428
16.580 0.043428
16.590 0.043427
16.600 0.043427
16.610 0.043427
16.620 0.043427
16.630 0.043426
16.640 0.043426
16.650 0.043426
16.660 0.043426
16.670 0.043425
16.680 0.043425
16.690 0.043425
16.700 0.043425
16.710 0.043424
16.720 0.043424
16.730 0.043424
16.740 0.043424
16.750 0.043423
16.760 0.043423
16.770 0.043423
16.780 0.043423
16.790 0.043423
16.800 0.043422
16.810 0.043422
16.820 0.043422
16.830 0.043422
16.840 0.043421
16.850 0.043421
16.860 0.043421
16.870 0.043421
16.880 0.043420
16.890 0.043420
16.900 0.043420
16.910 0.043420
16.920 0.043419
16.930 0.043419
16.940 0.043419
16.950 0.043419
16.960 0.043418
16.970 0.043418
16.980 0.043418
16.990 0.043418
17.000 0.043417
17.010 0.043417
17.020 0.043417
17.030 0.043417
17.040 0.043417
17.050 0.043416
17.060 0.043416
17.070 0.043416
17.080 0.043416
17.090 0.043415
17.100 0.043415
17.110 0.043415
17.120 0.043415
17.130 0.043414
17.140 0.043414
17.150 0.043414
17.160 0.043414
17.170 0.043413
17.180 0.043413
17.190 0.043413
17.200 0.043413
17.210 0.043412
17.220 0.043412
17.230 0.043412
17.240 0.043412
17.250 0.043411
17.260 0.043411
17.270 0.043411
17.280 0.043411
17.290 0.043411
17.300 0.043410
17.310 0.043410
17.320 0.043410
17.330 0.043410
17.340 0.043409
17.350 0.043409
17.360 0.043409
17.370 0.043409
17.380 0.043408
17.390 0.043408
17.400 0.043408
17.410 0.043408
17.420 0.043407
17.430 0.043407
17.440 0.043407
17.450 0.043407
17.460 0.043406
17.470 0.043406
17.480 0.043406
17.490 0.043406
17.500 0.043405
17.510 0.043405
17.520 0.043405
17.530 0.043405
17.540 0.043405
17.550 0.043404
17.560 0.043404
17.570 0.043404
17.580 0.043404
17.590 0.043403
17.600 0.043403
17.610 0.043403
17.620 0.043403
17.630 0.043402
17.640 0.043402
17.650 0.043402
17.660 0.043402
17.670 0.043401
17.680 0.043401
17.690 0.043401
17.700 0.043401
17.710 0.043400
17.720 0.043400
17.730 0.043400
17.740 0.043400
17.750 0.043400
17.760 0.043399
17.770 0.043399
17.780 0.043399
17.790 0.043399
17.800 0.043398
17.810 0.043398
17.820 0.043398
17.830 0.043398
17.840 0.043397
17.850 0.043397
17.860 0.043397
17.870 0.043397
17.880 0.043396
17.890 0.043396
17.900 0.043396
17.910 0.043396
17.920 0.043395
17.930 0.043395
17.940 0.043395
17.950 0.043395
17.960 0.043395
17.970 0.043394
17.980 0.043394
17.990 0.043394
18.000 0.043394
18.010 0.043393
18.020 0.043393
18.030 0.043393
18.040 0.043393
18.050 0.043392
18.060 0.043392
18.070 0.043392
18.080 0.043392
18.090 0.043391
18.100 0.043391
18.110 0.043391
18.120 0.043391
18.130 0.043390
18.140 0.043390
18.150 0.043390
18.160 0.043390
18.170 0.043390
18.180 0.043389
18.190 0.043389
18.200 0.043389
18.210 0.043389
18.220 0.043388
18.230 0.043388
18.240 0.043388
18.250 0.043388
18.260 0.043387
18.270 0.043387
18.280 0.043387
18.290 0.043387
18.300 0.043386
18.310 0.043386
18.320 0.043386
18.330 0.043386
18.340 0.043385
18.350 0.043385
18.360 0.043385
18.370 0.043385
18.380 0.043385
18.390 0.043384
18.400 0.043384
18.410 0.043384
18.420 0.043384
18.430 0.043383
18.440 0.043383
18.450 0.043383
18.460 0.043383
18.470 0.043382
18.480 0.043382
18.490 0.043382
18.500 0.043382
18.510 0.043381
18.520 0.043381
18.530 0.043381
18.540 0.043381
18.550 0.043380
18.560 0.043380
18.570 0.043380
18.580 0.043380
18.590 0.043380
18.600 0.043379
18.610 0.043379
18.620 0.043379
18.630 0.043379
18.640 0.043378
18.650 0.043378
18.660 0.043378
18.670 0.043378
18.680 0.043377
18.690 0.043377
18.700 0.043377
18.710 0.043377
18.720 0.043376
18.730 0.043376
18.740 0.043376
18.750 0.043376
18.760 0.043375
18.770 0.043375
18.780 0.043375
18.790 0.043375
18.800 0.043375
18.810 0.043374
18.820 0.043374
18.830 0.043374
18.840 0.043374
18.850 0.043373
18.860 0.043373
18.870 0.043373
18.880 0.043373
18.890 0.043372
18.900 0.043372
18.910 0.043372
18.920 0.043372
18.930 0.043371
18.940 0.043371
18.950 0.043371
18.960 0.043371
18.970 0.043370
18.980 0.043370
18.990 0.043370
19.000 0.043370
19.010 0.043370
19.020 0.043369
19.030 0.043369
19.040 0.043369
19.050 0.043369
19.060 0.043368
19.070 0.043368
19.080 0.043368
19.090 0.043368
19.100 0.043367
19.110 0.043367
19.120 0.043367
19.130 0.043367
19.140 0.043366
19.150 0.043366
19.160 0.043366
19.170 0.043366
19.180 0.043366
19.190 0.043365
19.200 0.043365
19.210 0.043365
19.220 0.043365
19.230 0.043364
19.240 0.043364
19.250 0.043364
19.260 0.043364
19.270 0.043363
19.280 0.043363
19.290 0.043363
19.300 0.043363
19.310 0.043362
19.320 0.043362
19.330 0.043362
19.340 0.043362
19.350 0.043362
19.360 0.043361
19.370 0.043361
19.380 0.043361
19.390 0.043361
19.400 0.043360
19.410 0.043360
19.420 0.043360
19.430 0.043360
19.440 0.043359
19.450 0.043359
19.460 0.043359
19.470 0.043359
19.480 0.043358
19.490 0.043358
19.500 0.043358
19.510 0.043358
19.520 0.043357
19.530 0.043357
19.540 0.043357
19.550 0.043357
19.560 0.043357
19.570 0.043356
19.580 0.043356
19.590 0.043356
19.600 0.043356
19.610 0.043355
19.620 0.043355
19.630 0.043355
19.640 0.043355
19.650 0.043354
19.660 0.043354
19.670 0.043354
19.680 0.043354
19.690 0.043353
19.700 0.043353
19.710 0.043353
19.720 0.043353
19.730 0.043353
19.740 0.043352
19.750 0.043352
19.760 0.043352
19.770 0.043352
19.780 0.043351
19.790 0.043351
19.800 0.043351
19.810 0.043351
19.820 0.043350
19.830 0.043350
19.840 0.043350
19.850 0.043350
19.860 0.043349
19.870 0.043349
19.880 0.043349
19.890 0.043349
19.900 0.043349
19.910 0.043348
19.920 0.043348
19.930 0.043348
19.940 0.043348
19.950 0.043347
19.960 0.043347
19.970 0.043347
19.980 0.043347
19.990 0.043346
20.000 0.043346
20.100 0.043344
20.110 0.043344
20.120 0.043343
20.130 0.043343
20.140 0.043343
20.150 0.043343
20.160 0.043342
20.170 0.043342
20.180 0.043342
20.190 0.043342
20.200 0.043341
20.210 0.043341
20.220 0.043341
20.230 0.043341
20.240 0.043341
20.250 0.043340
20.260 0.043340
20.270 0.043340
20.280 0.043340
20.290 0.043339
20.300 0.043339
20.310 0.043339
20.320 0.043339
20.330 0.043338
20.340 0.043338
20.350 0.043338
20.360 0.043338
20.370 0.043337
20.380 0.043337
20.390 0.043337
20.400 0.043337
20.410 0.043337
20.420 0.043336
20.430 0.043336
20.440 0.043336
20.450 0.043336
20.460 0.043335
20.470 0.043335
20.480 0.043335
20.490 0.043335
20.500 0.043334
20.510 0.043334
20.520 0.043334
20.530 0.043334
20.540 0.043333
20.550 0.043333
20.560 0.043333
20.570 0.043333
20.580 0.043333
20.590 0.043332
20.600 0.043332
20.610 0.043332
20.620 0.043332
20.630 0.043331
20.640 0.043331
20.650 0.043331
20.660 0.043331
20.670 0.043330
20.680 0.043330
20.690 0.043330
20.700 0.043330
20.710 0.043329
20.720 0.043329
20.730 0.043329
20.740 0.043329
20.750 0.043329
20.760 0.043328
20.770 0.043328
20.780 0.043328
20.790 0.043328
20.800 0.043327
20.810 0.043327
20.820 0.043327
20.830 0.043327
20.840 0.043326
20.850 0.043326
20.860 0.043326
20.870 0.043326
20.880 0.043326
20.890 0.043325
20.900 0.043325
20.910 0.043325
20.920 0.043325
20.930 0.043324
20.940 0.043324
20.950 0.043324
20.960 0.043324
20.970 0.043323
20.980 0.043323
20.990 0.043323
21.000 0.043323
21.010 0.043322
21.020 0.043322
21.030 0.043322
21.040 0.043322
21.050 0.043322
21.060 0.043321
21.070 0.043321
21.080 0.043321
21.090 0.043321
21.100 0.043320
21.110 0.043320
21.120 0.043320
21.130 0.043320
21.140 0.043319
21.150 0.043319
21.160 0.043319
21.170 0.043319
21.180 0.043318
21.190 0.043318
21.200 0.043318
21.210 0.043318
21.220 0.043318
21.230 0.043317
21.240 0.043317
21.250 0.043317
21.260 0.043317
21.270 0.043316
21.280 0.043316
21.290 0.043316
21.300 0.043316
21.310 0.043315
21.320 0.043315
21.330 0.043315
21.340 0.043315
21.350 0.043315
21.360 0.043314
21.370 0.043314
21.380 0.043314
21.390 0.043314
21.400 0.043313
21.410 0.043313
21.420 0.043313
21.430 0.043313
21.440 0.043312
21.450 0.043312
21.460 0.043312
21.470 0.043312
21.480 0.043311
21.490 0.043311
21.500 0.043311
21.510 0.043311
21.520 0.043311
21.530 0.043310
21.540 0.043310
21.550 0.043310
21.560 0.043310
21.570 0.043309
21.580 0.043309
21.590 0.043309
21.600 0.043309
21.610 0.043308
21.620 0.043308
21.630 0.043308
21.640 0.043308
21.650 0.043308
21.660 0.043307
21.670 0.043307
21.680 0.043307
21.690 0.043307
21.700 0.043306
21.710 0.043306
21.720 0.043306
21.730 0.043306
21.740 0.043305
21.750 0.043305
21.760 0.043305
21.770 0.043305
21.780 0.043304
21.790 0.043304
21.800 0.043304
21.810 0.043304
21.820 0.043304
21.830 0.043303
21.840 0.043303
21.850 0.043303
21.860 0.043303
21.870 0.043302
21.880 0.043302
21.890 0.043302
21.900 0.043302
21.910 0.043301
21.920 0.043301
21.930 0.043301
21.940 0.043301
21.950 0.043301
21.960 0.043300
21.970 0.043300
21.980 0.043300
21.990 0.043300
22.000 0.043299
22.010 0.043299
22.020 0.043299
22.030 0.043299
22.040 0.043298
22.050 0.043298
22.060 0.043298
22.070 0.043298
22.080 0.043297
22.090 0.043297
22.100 0.043297
22.110 0.043297
22.120 0.043297
22.130 0.043296
22.140 0.043296
22.150 0.043296
22.160 0.043296
22.170 0.043295
22.180 0.043295
22.190 0.043295
22.200 0.043295
22.210 0.043294
22.220 0.043294
22.230 0.043294
22.240 0.043294
22.250 0.043294
22.260 0.043293
22.270 0.043293
22.280 0.043293
22.290 0.043293
22.300 0.043292
22.310 0.043292
22.320 0.043292
22.330 0.043292
22.340 0.043291
22.350 0.043291
22.360 0.043291
22.370 0.043291
22.380 0.043291
22.390 0.043290
22.400 0.043290
22.410 0.043290
22.420 0.043290
22.430 0.043289
22.440 0.043289
22.450 0.043289
22.460 0.043289
22.470 0.043288
22.480 0.043288
22.490 0.043288
22.500 0.043288
22.510 0.043288
22.520 0.043287
22.530 0.043287
22.540 0.043287
22.550 0.043287
22.560 0.043286
22.570 0.043286
22.580 0.043286
22.590 0.043286
22.600 0.043285
22.610 0.043285
22.620 0.043285
22.630 0.043285
22.640 0.043284
22.650 0.043284
22.660 0.043284
22.670 0.043284
22.680 0.043284
22.690 0.043283
22.700 0.043283
22.710 0.043283
22.720 0.043283
22.730 0.043282
22.740 0.043282
22.750 0.043282
22.760 0.043282
22.770 0.043281
22.780 0.043281
22.790 0.043281
22.800 0.043281
22.810 0.043281
22.820 0.043280
22.830 0.043280
22.840 0.043280
22.850 0.043280
22.860 0.043279
22.870 0.043279
22.880 0.043279
22.890 0.043279
22.900 0.043278
22.910 0.043278
22.920 0.043278
22.930 0.043278
22.940 0.043278
22.950 0.043277
22.960 0.043277
22.970 0.043277
22.980 0.043277
22.990 0.043276
23.000 0.043276
23.010 0.043276
23.020 0.043276
23.030 0.043275
23.040 0.043275
23.050 0.043275
23.060 0.043275
23.070 0.043275
23.080 0.043274
23.090 0.043274
23.100 0.043274
23.110 0.043274
23.120 0.043273
23.130 0.043273
23.140 0.043273
23.150 0.043273
23.160 0.043272
23.170 0.043272
23.180 0.043272
23.190 0.043272
23.200 0.043272
23.210 0.043271
23.220 0.043271
23.230 0.043271
23.240 0.043271
23.250 0.043270
23.260 0.043270
23.270 0.043270
23.280 0.043270
23.290 0.043269
23.300 0.043269
23.310 0.043269
23.320 0.043269
23.330 0.043269
23.340 0.043268
23.350 0.043268
23.360 0.043268
23.370 0.043268
23.380 0.043267
23.390 0.043267
23.400 0.043267
23.410 0.043267
23.420 0.043266
23.430 0.043266
23.440 0.043266
23.450 0.043266
23.460 0.043266
23.470 0.043265
23.480 0.043265
23.490 0.043265
23.500 0.043265
23.510 0.043264
23.520 0.043264
23.530 0.043264
23.540 0.043264
23.550 0.043263
23.560 0.043263
23.570 0.043263
23.580 0.043263
23.590 0.043263
23.600 0.043262
23.610 0.043262
23.620 0.043262
23.630 0.043262
23.640 0.043261
23.650 0.043261
23.660 0.043261
23.670 0.043261
23.680 0.043260
23.690 0.043260
23.700 0.043260
23.710 0.043260
23.720 0.043260
23.730 0.043259
23.740 0.043259
23.750 0.043259
23.760 0.043259
23.770 0.043258
23.780 0.043258
23.790 0.043258
23.800 0.043258
23.810 0.043257
23.820 0.043257
23.830 0.043257
23.840 0.043257
23.850 0.043257
23.860 0.043256
23.870 0.043256
23.880 0.043256
23.890 0.043256
23.900 0.043255
23.910 0.043255
23.920 0.043255
23.930 0.043255
23.940 0.043254
23.950 0.043254
23.960 0.043254
23.970 0.043254
23.980 0.043254
23.990 0.043253
24.000 0.043253
24.010 0.043253
24.020 0.043253
24.030 0.043252
24.040 0.043252
24.050 0.043252
24.060 0.043252
24.070 0.043251
24.080 0.043251
24.090 0.043251
24.100 0.043251
24.110 0.043251
24.120 0.043250
24.130 0.043250
24.140 0.043250
24.150 0.043250
24.160 0.043249
24.170 0.043249
24.180 0.043249
24.190 0.043249
24.200 0.043249
24.210 0.043248
24.220 0.043248
24.230 0.043248
24.240 0.043248
24.250 0.043247
24.260 0.043247
24.270 0.043247
24.280 0.043247
24.290 0.043246
24.300 0.043246
24.310 0.043246
24.320 0.043246
24.330 0.043246
24.340 0.043245
24.350 0.043245
24.360 0.043245
24.370 0.043245
24.380 0.043244
24.390 0.043244
24.400 0.043244
24.410 0.043244
24.420 0.043243
24.430 0.043243
24.440 0.043243
24.450 0.043243
24.460 0.043243
24.470 0.043242
24.480 0.043242
24.490 0.043242
24.500 0.043242
24.510 0.043241
24.520 0.043241
24.530 0.043241
24.540 0.043241
24.550 0.043240
24.560 0.043240
24.570 0.043240
24.580 0.043240
24.590 0.043240
24.600 0.043239
24.610 0.043239
24.620 0.043239
24.630 0.043239
24.640 0.043238
24.650 0.043238
24.660 0.043238
24.670 0.043238
24.680 0.043238
24.690 0.043237
24.700 0.043237
24.710 0.043237
24.720 0.043237
24.730 0.043236
24.740 0.043236
24.750 0.043236
24.760 0.043236
24.770 0.043235
24.780 0.043235
24.790 0.043235
24.800 0.043235
24.810 0.043235
24.820 0.043234
24.830 0.043234
24.840 0.043234
24.850 0.043234
24.860 0.043233
24.870 0.043233
24.880 0.043233
24.890 0.043233
24.900 0.043232
24.910 0.043232
24.920 0.043232
24.930 0.043232
24.940 0.043232
24.950 0.043231
24.960 0.043231
24.970 0.043231
24.980 0.043231
24.990 0.043230
25.000 0.043230
25.100 0.043228
25.110 0.043228
25.120 0.043227
25.130 0.043227
25.140 0.043227
25.150 0.043227
25.160 0.043227
25.170 0.043226
25.180 0.043226
25.190 0.043226
25.200 0.043226
25.210 0.043225
25.220 0.043225
25.230 0.043225
25.240 0.043225
25.250 0.043224
25.260 0.043224
25.270 0.043224
25.280 0.043224
25.290 0.043224
25.300 0.043223
25.310 0.043223
25.320 0.043223
25.330 0.043223
25.340 0.043222
25.350 0.043222
25.360 0.043222
25.370 0.043222
25.380 0.043222
25.390 0.043221
25.400 0.043221
25.410 0.043221
25.420 0.043221
25.430 0.043220
25.440 0.043220
25.450 0.043220
25.460 0.043220
25.470 0.043219
25.480 0.043219
25.490 0.043219
25.500 0.043219
25.510 0.043219
25.520 0.043218
25.530 0.043218
25.540 0.043218
25.550 0.043218
25.560 0.043217
25.570 0.043217
25.580 0.043217
25.590 0.043217
25.600 0.043216
25.610 0.043216
25.620 0.043216
25.630 0.043216
25.640 0.043216
25.650 0.043215
25.660 0.043215
25.670 0.043215
25.680 0.043215
25.690 0.043214
25.700 0.043214
25.710 0.043214
25.720 0.043214
25.730 0.043214
25.740 0.043213
25.750 0.043213
25.760 0.043213
25.770 0.043213
25.780 0.043212
25.790 0.043212
25.800 0.043212
25.810 0.043212
25.820 0.043211
25.830 0.043211
25.840 0.043211
25.850 0.043211
25.860 0.043211
25.870 0.043210
25.880 0.043210
25.890 0.043210
25.900 0.043210
25.910 0.043209
25.920 0.043209
25.930 0.043209
25.940 0.043209
25.950 0.043209
25.960 0.043208
25.970 0.043208
25.980 0.043208
25.990 0.043208
26.000 0.043207
26.010 0.043207
26.020 0.043207
26.030 0.043207
26.040 0.043206
26.050 0.043206
26.060 0.043206
26.070 0.043206
26.080 0.043206
26.090 0.043205
26.100 0.043205
26.110 0.043205
26.120 0.043205
26.130 0.043204
26.140 0.043204
26.150 0.043204
26.160 0.043204
26.170 0.043204
26.180 0.043203
26.190 0.043203
26.200 0.043203
26.210 0.043203
26.220 0.043202
26.230 0.043202
26.240 0.043202
26.250 0.043202
26.260 0.043201
26.270 0.043201
26.280 0.043201
26.290 0.043201
26.300 0.043201
26.310 0.043200
26.320 0.043200
26.330 0.043200
26.340 0.043200
26.350 0.043199
26.360 0.043199
26.370 0.043199
26.380 0.043199
26.390 0.043199
26.400 0.043198
26.410 0.043198
26.420 0.043198
26.430 0.043198
26.440 0.043197
26.450 0.043197
26.460 0.043197
26.470 0.043197
26.480 0.043197
26.490 0.043196
26.500 0.043196
26.510 0.043196
26.520 0.043196
26.530 0.043195
26.540 0.043195
26.550 0.043195
26.560 0.043195
26.570 0.043194
26.580 0.043194
26.590 0.043194
26.600 0.043194
26.610 0.043194
26.620 0.043193
26.630 0.043193
26.640 0.043193
26.650 0.043193
26.660 0.043192
26.670 0.043192
26.680 0.043192
26.690 0.043192
26.700 0.043192
26.710 0.043191
26.720 0.043191
26.730 0.043191
26.740 0.043191
26.750 0.043190
26.760 0.043190
26.770 0.043190
26.780 0.043190
26.790 0.043189
26.800 0.043189
26.810 0.043189
26.820 0.043189
26.830 0.043189
26.840 0.043188
26.850 0.043188
26.860 0.043188
26.870 0.043188
26.880 0.043187
26.890 0.043187
26.900 0.043187
26.910 0.043187
26.920 0.043187
26.930 0.043186
26.940 0.043186
26.950 0.043186
26.960 0.043186
26.970 0.043185
26.980 0.043185
26.990 0.043185
27.000 0.043185
27.010 0.043185
27.020 0.043184
27.030 0.043184
27.040 0.043184
27.050 0.043184
27.060 0.043183
27.070 0.043183
27.080 0.043183
27.090 0.043183
27.100 0.043182
27.110 0.043182
27.120 0.043182
27.130 0.043182
27.140 0.043182
27.150 0.043181
27.160 0.043181
27.170 0.043181
27.180 0.043181
27.190 0.043180
27.200 0.043180
27.210 0.043180
27.220 0.043180
27.230 0.043180
27.240 0.043179
27.250 0.043179
27.260 0.043179
27.270 0.043179
27.280 0.043178
27.290 0.043178
27.300 0.043178
27.310 0.043178
27.320 0.043178
27.330 0.043177
27.340 0.043177
27.350 0.043177
27.360 0.043177
27.370 0.043176
27.380 0.043176
27.390 0.043176
27.400 0.043176
27.410 0.043175
27.420 0.043175
27.430 0.043175
27.440 0.043175
27.450 0.043175
27.460 0.043174
27.470 0.043174
27.480 0.043174
27.490 0.043174
27.500 0.043173
27.510 0.043173
27.520 0.043173
27.530 0.043173
27.540 0.043173
27.550 0.043172
27.560 0.043172
27.570 0.043172
27.580 0.043172
27.590 0.043171
27.600 0.043171
27.610 0.043171
27.620 0.043171
27.630 0.043171
27.640 0.043170
27.650 0.043170
27.660 0.043170
27.670 0.043170
27.680 0.043169
27.690 0.043169
27.700 0.043169
27.710 0.043169
27.720 0.043169
27.730 0.043168
27.740 0.043168
27.750 0.043168
27.760 0.043168
27.770 0.043167
27.780 0.043167
27.790 0.043167
27.800 0.043167
27.810 0.043166
27.820 0.043166
27.830 0.043166
27.840 0.043166
27.850 0.043166
27.860 0.043165
27.870 0.043165
27.880 0.043165
27.890 0.043165
27.900 0.043164
27.910 0.043164
27.920 0.043164
27.930 0.043164
27.940 0.043164
27.950 0.043163
27.960 0.043163
27.970 0.043163
27.980 0.043163
27.990 0.043162
28.000 0.043162
28.010 0.043162
28.020 0.043162
28.030 0.043162
28.040 0.043161
28.050 0.043161
28.060 0.043161
28.070 0.043161
28.080 0.043160
28.090 0.043160
28.100 0.043160
28.110 0.043160
28.120 0.043160
28.130 0.043159
28.140 0.043159
28.150 0.043159
28.160 0.043159
28.170 0.043158
28.180 0.043158
28.190 0.043158
28.200 0.043158
28.210 0.043158
28.220 0.043157
28.230 0.043157
28.240 0.043157
28.250 0.043157
28.260 0.043156
28.270 0.043156
28.280 0.043156
28.290 0.043156
28.300 0.043155
28.310 0.043155
28.320 0.043155
28.330 0.043155
28.340 0.043155
28.350 0.043154
28.360 0.043154
28.370 0.043154
28.380 0.043154
28.390 0.043153
28.400 0.043153
28.410 0.043153
28.420 0.043153
28.430 0.043153
28.440 0.043152
28.450 0.043152
28.460 0.043152
28.470 0.043152
28.480 0.043151
28.490 0.043151
28.500 0.043151
28.510 0.043151
28.520 0.043151
28.530 0.043150
28.540 0.043150
28.550 0.043150
28.560 0.043150
28.570 0.043149
28.580 0.043149
28.590 0.043149
28.600 0.043149
28.610 0.043149
28.620 0.043148
28.630 0.043148
28.640 0.043148
28.650 0.043148
28.660 0.043147
28.670 0.043147
28.680 0.043147
28.690 0.043147
28.700 0.043147
28.710 0.043146
28.720 0.043146
28.730 0.043146
28.740 0.043146
28.750 0.043145
28.760 0.043145
28.770 0.043145
28.780 0.043145
28.790 0.043145
28.800 0.043144
28.810 0.043144
28.820 0.043144
28.830 0.043144
28.840 0.043143
28.850 0.043143
28.860 0.043143
28.870 0.043143
28.880 0.043143
28.890 0.043142
28.900 0.043142
28.910 0.043142
28.920 0.043142
28.930 0.043141
28.940 0.043141
28.950 0.043141
28.960 0.043141
28.970 0.043140
28.980 0.043140
28.990 0.043140
29.000 0.043140
29.010 0.043140
29.020 0.043139
29.030 0.043139
29.040 0.043139
29.050 0.043139
29.060 0.043138
29.070 0.043138
29.080 0.043138
29.090 0.043138
29.100 0.043138
29.110 0.043137
29.120 0.043137
29.130 0.043137
29.140 0.043137
29.150 0.043136
29.160 0.043136
29.170 0.043136
29.180 0.043136
29.190 0.043136
29.200 0.043135
29.210 0.043135
29.220 0.043135
29.230 0.043135
29.240 0.043134
29.250 0.043134
29.260 0.043134
29.270 0.043134
29.280 0.043134
29.290 0.043133
29.300 0.043133
29.310 0.043133
29.320 0.043133
29.330 0.043132
29.340 0.043132
29.350 0.043132
29.360 0.043132
29.370 0.043132
29.380 0.043131
29.390 0.043131
29.400 0.043131
29.410 0.043131
29.420 0.043130
29.430 0.043130
29.440 0.043130
29.450 0.043130
29.460 0.043130
29.470 0.043129
29.480 0.043129
29.490 0.043129
29.500 0.043129
29.510 0.043128
29.520 0.043128
29.530 0.043128
29.540 0.043128
29.550 0.043128
29.560 0.043127
29.570 0.043127
29.580 0.043127
29.590 0.043127
29.600 0.043126
29.610 0.043126
29.620 0.043126
29.630 0.043126
29.640 0.043126
29.650 0.043125
29.660 0.043125
29.670 0.043125
29.680 0.043125
29.690 0.043124
29.700 0.043124
29.710 0.043124
29.720 0.043124
29.730 0.043124
29.740 0.043123
29.750 0.043123
29.760 0.043123
29.770 0.043123
29.780 0.043122
29.790 0.043122
29.800 0.043122
29.810 0.043122
29.820 0.043122
29.830 0.043121
29.840 0.043121
29.850 0.043121
29.860 0.043121
29.870 0.043120
29.880 0.043120
29.890 0.043120
29.900 0.043120
29.910 0.043120
29.920 0.043119
29.930 0.043119
29.940 0.043119
29.950 0.043119
29.960 0.043118
29.970 0.043118
29.980 0.043118
29.990 0.043118
30.000 0.043118
