0.10000 204.96
0.11000 186.31
0.12000 170.77
0.13000 157.62
0.14000 146.35
0.15000 136.58
0.16000 128.03
0.17000 120.49
0.18000 113.79
0.19000 107.79
0.20000 102.39
0.21000 97.507
0.22000 93.066
0.23000 89.012
0.24000 85.296
0.25000 81.876
0.26000 78.720
0.27000 75.798
0.28000 73.085
0.29000 70.558
0.30000 68.200
0.31000 65.994
0.32000 63.926
0.33000 61.984
0.34000 60.155
0.35000 58.431
0.36000 56.803
0.37000 55.263
0.38000 53.804
0.39000 52.420
0.40000 51.105
0.41000 49.854
0.42000 48.663
0.43000 47.527
0.44000 46.442
0.45000 45.406
0.46000 44.415
0.47000 43.466
0.48000 42.557
0.49000 41.685
0.50000 40.847
0.51000 40.043
0.52000 39.269
0.53000 38.525
0.54000 37.808
0.55000 37.117
0.56000 36.451
0.57000 35.809
0.58000 35.188
0.59000 34.589
0.60000 34.009
0.61000 33.449
0.62000 32.906
0.63000 32.381
0.64000 31.872
0.65000 31.379
0.66000 30.901
0.67000 30.437
0.68000 29.987
0.69000 29.549
0.70000 29.125
0.71000 28.712
0.72000 28.311
0.73000 27.920
0.74000 27.540
0.75000 27.171
0.76000 26.811
0.77000 26.460
0.78000 26.119
0.79000 25.786
0.80000 25.461
0.81000 25.145
0.82000 24.836
0.83000 24.534
0.84000 24.240
0.85000 23.953
0.86000 23.672
0.87000 23.398
0.88000 23.130
0.89000 22.868
0.90000 22.612
0.91000 22.361
0.92000 22.116
0.93000 21.877
0.94000 21.642
0.95000 21.412
0.96000 21.187
0.97000 20.967
0.98000 20.751
0.99000 20.540
1.0000 20.332
1.0100 20.129
1.0200 19.930
1.0300 19.735
1.0400 19.543
1.0500 19.355
1.0600 19.171
1.0700 18.990
1.0800 18.813
1.0900 18.638
1.1000 18.467
1.1100 18.299
1.1200 18.134
1.1300 17.972
1.1400 17.813
1.1500 17.656
1.1600 17.503
1.1700 17.351
1.1800 17.203
1.1900 17.057
1.2000 16.913
1.2100 16.772
1.2200 16.633
1.2300 16.496
1.2400 16.362
1.2500 16.229
1.2600 16.099
1.2700 15.971
1.2800 15.844
1.2900 15.720
1.3000 15.598
1.3100 15.477
1.3200 15.359
1.3300 15.242
1.3400 15.127
1.3500 15.013
1.3600 14.902
1.3700 14.791
1.3800 14.683
1.3900 14.576
1.4000 14.471
1.4100 14.367
1.4200 14.264
1.4300 14.163
1.4400 14.063
1.4500 13.965
1.4600 13.868
1.4700 13.773
1.4800 13.678
1.4900 13.585
1.5000 13.494
1.5100 13.403
1.5200 13.314
1.5300 13.225
1.5400 13.138
1.5500 13.052
1.5600 12.967
1.5700 12.884
1.5800 12.801
1.5900 12.719
1.6000 12.639
1.6100 12.559
1.6200 12.480
1.6300 12.403
1.6400 12.326
1.6500 12.250
1.6600 12.175
1.6700 12.101
1.6800 12.028
1.6900 11.956
1.7000 11.884
1.7100 11.814
1.7200 11.744
1.7300 11.675
1.7400 11.607
1.7500 11.539
1.7600 11.473
1.7700 11.407
1.7800 11.342
1.7900 11.277
1.8000 11.214
1.8100 11.151
1.8200 11.088
1.8300 11.027
1.8400 10.966
1.8500 10.906
1.8600 10.846
1.8700 10.787
1.8800 10.729
1.8900 10.671
1.9000 10.614
1.9100 10.557
1.9200 10.501
1.9300 10.446
1.9400 10.391
1.9500 10.337
1.9600 10.283
1.9700 10.230
1.9800 10.177
1.9900 10.125
2.0000 10.074
2.0100 10.023
2.0200 9.9722
2.0300 9.9221
2.0400 9.8726
2.0500 9.8235
2.0600 9.7749
2.0700 9.7268
2.0800 9.6791
2.0900 9.6319
2.1000 9.5852
2.1100 9.5389
2.1200 9.4930
2.1300 9.4476
2.1400 9.4025
2.1500 9.3579
2.1600 9.3137
2.1700 9.2700
2.1800 9.2266
2.1900 9.1836
2.2000 9.1410
2.2100 9.0988
2.2200 9.0570
2.2300 9.0155
2.2400 8.9744
2.2500 8.9337
2.2600 8.8934
2.2700 8.8534
2.2800 8.8137
2.2900 8.7744
2.3000 8.7354
2.3100 8.6968
2.3200 8.6585
2.3300 8.6206
2.3400 8.5829
2.3500 8.5456
2.3600 8.5086
2.3700 8.4719
2.3800 8.4355
2.3900 8.3994
2.4000 8.3637
2.4100 8.3282
2.4200 8.2930
2.4300 8.2581
2.4400 8.2235
2.4500 8.1891
2.4600 8.1551
2.4700 8.1213
2.4800 8.0878
2.4900 8.0546
2.5000 8.0216
2.5100 7.9889
2.5200 7.9565
2.5300 7.9243
2.5400 7.8923
2.5500 7.8606
2.5600 7.8292
2.5700 7.7980
2.5800 7.7671
2.5900 7.7363
2.6000 7.7059
2.6100 7.6756
2.6200 7.6456
2.6300 7.6158
2.6400 7.5863
2.6500 7.5569
2.6600 7.5278
2.6700 7.4989
2.6800 7.4702
2.6900 7.4417
2.7000 7.4135
2.7100 7.3854
2.7200 7.3576
2.7300 7.3299
2.7400 7.3025
2.7500 7.2753
2.7600 7.2482
2.7700 7.2214
2.7800 7.1947
2.7900 7.1683
2.8000 7.1420
2.8100 7.1159
2.8200 7.0900
2.8300 7.0643
2.8400 7.0387
2.8500 7.0134
2.8600 6.9882
2.8700 6.9632
2.8800 6.9384
2.8900 6.9137
2.9000 6.8892
2.9100 6.8649
2.9200 6.8407
2.9300 6.8167
2.9400 6.7929
2.9500 6.7692
2.9600 6.7457
2.9700 6.7224
2.9800 6.6992
2.9900 6.6761
3.0000 6.6533
3.0100 6.6305
3.0200 6.6079
3.0300 6.5855
3.0400 6.5632
3.0500 6.5411
3.0600 6.5191
3.0700 6.4972
3.0800 6.4755
3.0900 6.4539
3.1000 6.4325
3.1100 6.4112
3.1200 6.3901
3.1300 6.3690
3.1400 6.3482
3.1500 6.3274
3.1600 6.3068
3.1700 6.2863
3.1800 6.2659
3.1900 6.2457
3.2000 6.2256
3.2100 6.2056
3.2200 6.1857
3.2300 6.1660
3.2400 6.1464
3.2500 6.1269
3.2600 6.1075
3.2700 6.0882
3.2800 6.0691
3.2900 6.0501
3.3000 6.0312
3.3100 6.0124
3.3200 5.9937
3.3300 5.9751
3.3400 5.9566
3.3500 5.9383
3.3600 5.9201
3.3700 5.9019
3.3800 5.8839
3.3900 5.8660
3.4000 5.8482
3.4100 5.8305
3.4200 5.8129
3.4300 5.7954
3.4400 5.7780
3.4500 5.7607
3.4600 5.7434
3.4700 5.7263
3.4800 5.7093
3.4900 5.6924
3.5000 5.6756
3.5100 5.6589
3.5200 5.6423
3.5300 5.6258
3.5400 5.6093
3.5500 5.5930
3.5600 5.5768
3.5700 5.5606
3.5800 5.5445
3.5900 5.5286
3.6000 5.5127
3.6100 5.4969
3.6200 5.4812
3.6300 5.4655
3.6400 5.4500
3.6500 5.4345
3.6600 5.4192
3.6700 5.4039
3.6800 5.3887
3.6900 5.3735
3.7000 5.3585
3.7100 5.3435
3.7200 5.3287
3.7300 5.3139
3.7400 5.2991
3.7500 5.2845
3.7600 5.2699
3.7700 5.2554
3.7800 5.2410
3.7900 5.2267
3.8000 5.2124
3.8100 5.1983
3.8200 5.1841
3.8300 5.1701
3.8400 5.1561
3.8500 5.1423
3.8600 5.1284
3.8700 5.1147
3.8800 5.1010
3.8900 5.0874
3.9000 5.0739
3.9100 5.0604
3.9200 5.0470
3.9300 5.0337
3.9400 5.0204
3.9500 5.0072
3.9600 4.9941
3.9700 4.9810
3.9800 4.9680
3.9900 4.9551
4.0000 4.9422
4.0100 4.9294
4.0200 4.9167
4.0300 4.9040
4.0400 4.8914
4.0500 4.8788
4.0600 4.8663
4.0700 4.8539
4.0800 4.8415
4.0900 4.8292
4.1000 4.8170
4.1100 4.8048
4.1200 4.7927
4.1300 4.7806
4.1400 4.7686
4.1500 4.7566
4.1600 4.7447
4.1700 4.7329
4.1800 4.7211
4.1900 4.7094
4.2000 4.6977
4.2100 4.6861
4.2200 4.6745
4.2300 4.6630
4.2400 4.6515
4.2500 4.6401
4.2600 4.6288
4.2700 4.6175
4.2800 4.6063
4.2900 4.5951
4.3000 4.5839
4.3100 4.5729
4.3200 4.5618
4.3300 4.5508
4.3400 4.5399
4.3500 4.5290
4.3600 4.5182
4.3700 4.5074
4.3800 4.4967
4.3900 4.4860
4.4000 4.4754
4.4100 4.4648
4.4200 4.4542
4.4300 4.4437
4.4400 4.4333
4.4500 4.4229
4.4600 4.4125
4.4700 4.4022
4.4800 4.3920
4.4900 4.3818
4.5000 4.3716
4.5100 4.3615
4.5200 4.3514
4.5300 4.3414
4.5400 4.3314
4.5500 4.3214
4.5600 4.3115
4.5700 4.3017
4.5800 4.2918
4.5900 4.2821
4.6000 4.2723
4.6100 4.2626
4.6200 4.2530
4.6300 4.2434
4.6400 4.2338
4.6500 4.2243
4.6600 4.2148
4.6700 4.2054
4.6800 4.1960
4.6900 4.1866
4.7000 4.1773
4.7100 4.1680
4.7200 4.1588
4.7300 4.1496
4.7400 4.1404
4.7500 4.1313
4.7600 4.1222
4.7700 4.1131
4.7800 4.1041
4.7900 4.0951
4.8000 4.0862
4.8100 4.0773
4.8200 4.0684
4.8300 4.0596
4.8400 4.0508
4.8500 4.0421
4.8600 4.0333
4.8700 4.0247
4.8800 4.0160
4.8900 4.0074
4.9000 3.9988
4.9100 3.9903
4.9200 3.9818
4.9300 3.9733
4.9400 3.9649
4.9500 3.9565
4.9600 3.9481
4.9700 3.9397
4.9800 3.9314
4.9900 3.9232
5.0000 3.9149
5.1000 3.8343
5.1100 3.8264
5.1200 3.8186
5.1300 3.8108
5.1400 3.8030
5.1500 3.7952
5.1600 3.7875
5.1700 3.7797
5.1800 3.7721
5.1900 3.7644
5.2000 3.7568
5.2100 3.7492
5.2200 3.7417
5.2300 3.7341
5.2400 3.7266
5.2500 3.7192
5.2600 3.7117
5.2700 3.7043
5.2800 3.6969
5.2900 3.6895
5.3000 3.6822
5.3100 3.6749
5.3200 3.6676
5.3300 3.6604
5.3400 3.6532
5.3500 3.6460
5.3600 3.6388
5.3700 3.6316
5.3800 3.6245
5.3900 3.6174
5.4000 3.6104
5.4100 3.6033
5.4200 3.5963
5.4300 3.5893
5.4400 3.5824
5.4500 3.5754
5.4600 3.5685
5.4700 3.5616
5.4800 3.5548
5.4900 3.5479
5.5000 3.5411
5.5100 3.5344
5.5200 3.5276
5.5300 3.5209
5.5400 3.5141
5.5500 3.5075
5.5600 3.5008
5.5700 3.4941
5.5800 3.4875
5.5900 3.4809
5.6000 3.4744
5.6100 3.4678
5.6200 3.4613
5.6300 3.4548
5.6400 3.4483
5.6500 3.4419
5.6600 3.4354
5.6700 3.4290
5.6800 3.4226
5.6900 3.4163
5.7000 3.4099
5.7100 3.4036
5.7200 3.3973
5.7300 3.3910
5.7400 3.3848
5.7500 3.3786
5.7600 3.3724
5.7700 3.3662
5.7800 3.3600
5.7900 3.3538
5.8000 3.3477
5.8100 3.3416
5.8200 3.3355
5.8300 3.3295
5.8400 3.3234
5.8500 3.3174
5.8600 3.3114
5.8700 3.3054
5.8800 3.2995
5.8900 3.2935
5.9000 3.2876
5.9100 3.2817
5.9200 3.2758
5.9300 3.2700
5.9400 3.2641
5.9500 3.2583
5.9600 3.2525
5.9700 3.2467
5.9800 3.2410
5.9900 3.2352
6.0000 3.2295
6.0100 3.2238
6.0200 3.2181
6.0300 3.2124
6.0400 3.2068
6.0500 3.2012
6.0600 3.1955
6.0700 3.1899
6.0800 3.1844
6.0900 3.1788
6.1000 3.1733
6.1100 3.1678
6.1200 3.1623
6.1300 3.1568
6.1400 3.1513
6.1500 3.1459
6.1600 3.1404
6.1700 3.1350
6.1800 3.1296
6.1900 3.1242
6.2000 3.1189
6.2100 3.1135
6.2200 3.1082
6.2300 3.1029
6.2400 3.0976
6.2500 3.0923
6.2600 3.0871
6.2700 3.0818
6.2800 3.0766
6.2900 3.0714
6.3000 3.0662
6.3100 3.0610
6.3200 3.0558
6.3300 3.0507
6.3400 3.0456
6.3500 3.0405
6.3600 3.0354
6.3700 3.0303
6.3800 3.0252
6.3900 3.0202
6.4000 3.0151
6.4100 3.0101
6.4200 3.0051
6.4300 3.0001
6.4400 2.9952
6.4500 2.9902
6.4600 2.9853
6.4700 2.9803
6.4800 2.9754
6.4900 2.9705
6.5000 2.9657
6.5100 2.9608
6.5200 2.9559
6.5300 2.9511
6.5400 2.9463
6.5500 2.9415
6.5600 2.9367
6.5700 2.9319
6.5800 2.9271
6.5900 2.9224
6.6000 2.9177
6.6100 2.9129
6.6200 2.9082
6.6300 2.9035
6.6400 2.8989
6.6500 2.8942
6.6600 2.8896
6.6700 2.8849
6.6800 2.8803
6.6900 2.8757
6.7000 2.8711
6.7100 2.8665
6.7200 2.8620
6.7300 2.8574
6.7400 2.8529
6.7500 2.8483
6.7600 2.8438
6.7700 2.8393
6.7800 2.8348
6.7900 2.8304
6.8000 2.8259
6.8100 2.8215
6.8200 2.8170
6.8300 2.8126
6.8400 2.8082
6.8500 2.8038
6.8600 2.7994
6.8700 2.7950
6.8800 2.7907
6.8900 2.7863
6.9000 2.7820
6.9100 2.7777
6.9200 2.7734
6.9300 2.7691
6.9400 2.7648
6.9500 2.7605
6.9600 2.7563
6.9700 2.7520
6.9800 2.7478
6.9900 2.7436
7.0000 2.7394
7.0100 2.7352
7.0200 2.7310
7.0300 2.7268
7.0400 2.7226
7.0500 2.7185
7.0600 2.7144
7.0700 2.7102
7.0800 2.7061
7.0900 2.7020
7.1000 2.6979
7.1100 2.6938
7.1200 2.6898
7.1300 2.6857
7.1400 2.6817
7.1500 2.6776
7.1600 2.6736
7.1700 2.6696
7.1800 2.6656
7.1900 2.6616
7.2000 2.6576
7.2100 2.6536
7.2200 2.6497
7.2300 2.6457
7.2400 2.6418
7.2500 2.6379
7.2600 2.6340
7.2700 2.6301
7.2800 2.6262
7.2900 2.6223
7.3000 2.6184
7.3100 2.6146
7.3200 2.6107
7.3300 2.6069
7.3400 2.6030
7.3500 2.5992
7.3600 2.5954
7.3700 2.5916
7.3800 2.5878
7.3900 2.5840
7.4000 2.5803
7.4100 2.5765
7.4200 2.5728
7.4300 2.5690
7.4400 2.5653
7.4500 2.5616
7.4600 2.5579
7.4700 2.5542
7.4800 2.5505
7.4900 2.5468
7.5000 2.5431
7.5100 2.5395
7.5200 2.5358
7.5300 2.5322
7.5400 2.5285
7.5500 2.5249
7.5600 2.5213
7.5700 2.5177
7.5800 2.5141
7.5900 2.5105
7.6000 2.5070
7.6100 2.5034
7.6200 2.4998
7.6300 2.4963
7.6400 2.4928
7.6500 2.4892
7.6600 2.4857
7.6700 2.4822
7.6800 2.4787
7.6900 2.4752
7.7000 2.4717
7.7100 2.4683
7.7200 2.4648
7.7300 2.4613
7.7400 2.4579
7.7500 2.4544
7.7600 2.4510
7.7700 2.4476
7.7800 2.4442
7.7900 2.4408
7.8000 2.4374
7.8100 2.4340
7.8200 2.4306
7.8300 2.4273
7.8400 2.4239
7.8500 2.4206
7.8600 2.4172
7.8700 2.4139
7.8800 2.4105
7.8900 2.4072
7.9000 2.4039
7.9100 2.4006
7.9200 2.3973
7.9300 2.3940
7.9400 2.3908
7.9500 2.3875
7.9600 2.3842
7.9700 2.3810
7.9800 2.3777
7.9900 2.3745
8.0000 2.3713
8.0100 2.3681
8.0200 2.3649
8.0300 2.3616
8.0400 2.3585
8.0500 2.3553
8.0600 2.3521
8.0700 2.3489
8.0800 2.3458
8.0900 2.3426
8.1000 2.3394
8.1100 2.3363
8.1200 2.3332
8.1300 2.3300
8.1400 2.3269
8.1500 2.3238
8.1600 2.3207
8.1700 2.3176
8.1800 2.3145
8.1900 2.3115
8.2000 2.3084
8.2100 2.3053
8.2200 2.3023
8.2300 2.2992
8.2400 2.2962
8.2500 2.2931
8.2600 2.2901
8.2700 2.2871
8.2800 2.2841
8.2900 2.2811
8.3000 2.2781
8.3100 2.2751
8.3200 2.2721
8.3300 2.2691
8.3400 2.2661
8.3500 2.2632
8.3600 2.2602
8.3700 2.2573
8.3800 2.2543
8.3900 2.2514
8.4000 2.2485
8.4100 2.2455
8.4200 2.2426
8.4300 2.2397
8.4400 2.2368
8.4500 2.2339
8.4600 2.2310
8.4700 2.2281
8.4800 2.2253
8.4900 2.2224
8.5000 2.2195
8.5100 2.2167
8.5200 2.2138
8.5300 2.2110
8.5400 2.2082
8.5500 2.2053
8.5600 2.2025
8.5700 2.1997
8.5800 2.1969
8.5900 2.1941
8.6000 2.1913
8.6100 2.1885
8.6200 2.1857
8.6300 2.1829
8.6400 2.1802
8.6500 2.1774
8.6600 2.1747
8.6700 2.1719
8.6800 2.1692
8.6900 2.1664
8.7000 2.1637
8.7100 2.1610
8.7200 2.1582
8.7300 2.1555
8.7400 2.1528
8.7500 2.1501
8.7600 2.1474
8.7700 2.1447
8.7800 2.1421
8.7900 2.1394
8.8000 2.1367
8.8100 2.1340
8.8200 2.1314
8.8300 2.1287
8.8400 2.1261
8.8500 2.1234
8.8600 2.1208
8.8700 2.1182
8.8800 2.1156
8.8900 2.1129
8.9000 2.1103
8.9100 2.1077
8.9200 2.1051
8.9300 2.1025
8.9400 2.0999
8.9500 2.0974
8.9600 2.0948
8.9700 2.0922
8.9800 2.0896
8.9900 2.0871
9.0000 2.0845
9.0100 2.0820
9.0200 2.0794
9.0300 2.0769
9.0400 2.0744
9.0500 2.0718
9.0600 2.0693
9.0700 2.0668
9.0800 2.0643
9.0900 2.0618
9.1000 2.0593
9.1100 2.0568
9.1200 2.0543
9.1300 2.0518
9.1400 2.0494
9.1500 2.0469
9.1600 2.0444
9.1700 2.0420
9.1800 2.0395
9.1900 2.0370
9.2000 2.0346
9.2100 2.0322
9.2200 2.0297
9.2300 2.0273
9.2400 2.0249
9.2500 2.0225
9.2600 2.0200
9.2700 2.0176
9.2800 2.0152
9.2900 2.0128
9.3000 2.0104
9.3100 2.0080
9.3200 2.0057
9.3300 2.0033
9.3400 2.0009
9.3500 1.9985
9.3600 1.9962
9.3700 1.9938
9.3800 1.9915
9.3900 1.9891
9.4000 1.9868
9.4100 1.9844
9.4200 1.9821
9.4300 1.9798
9.4400 1.9775
9.4500 1.9751
9.4600 1.9728
9.4700 1.9705
9.4800 1.9682
9.4900 1.9659
9.5000 1.9636
9.5100 1.9613
9.5200 1.9590
9.5300 1.9568
9.5400 1.9545
9.5500 1.9522
9.5600 1.9499
9.5700 1.9477
9.5800 1.9454
9.5900 1.9432
9.6000 1.9409
9.6100 1.9387
9.6200 1.9364
9.6300 1.9342
9.6400 1.9320
9.6500 1.9298
9.6600 1.9275
9.6700 1.9253
9.6800 1.9231
9.6900 1.9209
9.7000 1.9187
9.7100 1.9165
9.7200 1.9143
9.7300 1.9121
9.7400 1.9099
9.7500 1.9078
9.7600 1.9056
9.7700 1.9034
9.7800 1.9013
9.7900 1.8991
9.8000 1.8969
9.8100 1.8948
9.8200 1.8926
9.8300 1.8905
9.8400 1.8883
9.8500 1.8862
9.8600 1.8841
9.8700 1.8820
9.8800 1.8798
9.8900 1.8777
9.9000 1.8756
9.9100 1.8735
9.9200 1.8714
9.9300 1.8693
9.9400 1.8672
9.9500 1.8651
9.9600 1.8630
9.9700 1.8609
9.9800 1.8588
9.9900 1.8568
10.000 1.8547
10.100 1.8342
10.110 1.8321
10.120 1.8301
10.130 1.8281
10.140 1.8261
10.150 1.8241
10.160 1.8221
10.170 1.8201
10.180 1.8181
10.190 1.8161
10.200 1.8141
10.210 1.8121
10.220 1.8101
10.230 1.8081
10.240 1.8061
10.250 1.8042
10.260 1.8022
10.270 1.8002
10.280 1.7983
10.290 1.7963
10.300 1.7943
10.310 1.7924
10.320 1.7904
10.330 1.7885
10.340 1.7866
10.350 1.7846
10.360 1.7827
10.370 1.7808
10.380 1.7788
10.390 1.7769
10.400 1.7750
10.410 1.7731
10.420 1.7712
10.430 1.7693
10.440 1.7674
10.450 1.7655
10.460 1.7636
10.470 1.7617
10.480 1.7598
10.490 1.7579
10.500 1.7560
10.510 1.7541
10.520 1.7522
10.530 1.7504
10.540 1.7485
10.550 1.7466
10.560 1.7448
10.570 1.7429
10.580 1.7411
10.590 1.7392
10.600 1.7374
10.610 1.7355
10.620 1.7337
10.630 1.7318
10.640 1.7300
10.650 1.7282
10.660 1.7264
10.670 1.7245
10.680 1.7227
10.690 1.7209
10.700 1.7191
10.710 1.7173
10.720 1.7155
10.730 1.7137
10.740 1.7119
10.750 1.7101
10.760 1.7083
10.770 1.7065
10.780 1.7047
10.790 1.7029
10.800 1.7011
10.810 1.6993
10.820 1.6976
10.830 1.6958
10.840 1.6940
10.850 1.6923
10.860 1.6905
10.870 1.6888
10.880 1.6870
10.890 1.6852
10.900 1.6835
10.910 1.6818
10.920 1.6800
10.930 1.6783
10.940 1.6765
10.950 1.6748
10.960 1.6731
10.970 1.6713
10.980 1.6696
10.990 1.6679
11.000 1.6662
11.010 1.6645
11.020 1.6628
11.030 1.6610
11.040 1.6593
11.050 1.6576
11.060 1.6559
11.070 1.6542
11.080 1.6526
11.090 1.6509
11.100 1.6492
11.110 1.6475
11.120 1.6458
11.130 1.6441
11.140 1.6425
11.150 1.6408
11.160 1.6391
11.170 1.6375
11.180 1.6358
11.190 1.6341
11.200 1.6325
11.210 1.6308
11.220 1.6292
11.230 1.6275
11.240 1.6259
11.250 1.6242
11.260 1.6226
11.270 1.6209
11.280 1.6193
11.290 1.6177
11.300 1.6161
11.310 1.6144
11.320 1.6128
11.330 1.6112
11.340 1.6096
11.350 1.6080
11.360 1.6063
11.370 1.6047
11.380 1.6031
11.390 1.6015
11.400 1.5999
11.410 1.5983
11.420 1.5967
11.430 1.5951
11.440 1.5935
11.450 1.5920
11.460 1.5904
11.470 1.5888
11.480 1.5872
11.490 1.5856
11.500 1.5841
11.510 1.5825
11.520 1.5809
11.530 1.5794
11.540 1.5778
11.550 1.5762
11.560 1.5747
11.570 1.5731
11.580 1.5716
11.590 1.5700
11.600 1.5685
11.610 1.5669
11.620 1.5654
11.630 1.5638
11.640 1.5623
11.650 1.5608
11.660 1.5592
11.670 1.5577
11.680 1.5562
11.690 1.5547
11.700 1.5531
11.710 1.5516
11.720 1.5501
11.730 1.5486
11.740 1.5471
11.750 1.5456
11.760 1.5441
11.770 1.5426
11.780 1.5411
11.790 1.5396
11.800 1.5381
11.810 1.5366
11.820 1.5351
11.830 1.5336
11.840 1.5321
11.850 1.5306
11.860 1.5292
11.870 1.5277
11.880 1.5262
11.890 1.5247
11.900 1.5233
11.910 1.5218
11.920 1.5203
11.930 1.5189
11.940 1.5174
11.950 1.5159
11.960 1.5145
11.970 1.5130
11.980 1.5116
11.990 1.5101
12.000 1.5087
12.010 1.5072
12.020 1.5058
12.030 1.5043
12.040 1.5029
12.050 1.5015
12.060 1.5000
12.070 1.4986
12.080 1.4972
12.090 1.4958
12.100 1.4943
12.110 1.4929
12.120 1.4915
12.130 1.4901
12.140 1.4887
12.150 1.4872
12.160 1.4858
12.170 1.4844
12.180 1.4830
12.190 1.4816
12.200 1.4802
12.210 1.4788
12.220 1.4774
12.230 1.4760
12.240 1.4746
12.250 1.4732
12.260 1.4719
12.270 1.4705
12.280 1.4691
12.290 1.4677
12.300 1.4663
12.310 1.4650
12.320 1.4636
12.330 1.4622
12.340 1.4608
12.350 1.4595
12.360 1.4581
12.370 1.4567
12.380 1.4554
12.390 1.4540
12.400 1.4527
12.410 1.4513
12.420 1.4500
12.430 1.4486
12.440 1.4473
12.450 1.4459
12.460 1.4446
12.470 1.4432
12.480 1.4419
12.490 1.4405
12.500 1.4392
12.510 1.4379
12.520 1.4365
12.530 1.4352
12.540 1.4339
12.550 1.4326
12.560 1.4312
12.570 1.4299
12.580 1.4286
12.590 1.4273
12.600 1.4260
12.610 1.4246
12.620 1.4233
12.630 1.4220
12.640 1.4207
12.650 1.4194
12.660 1.4181
12.670 1.4168
12.680 1.4155
12.690 1.4142
12.700 1.4129
12.710 1.4116
12.720 1.4103
12.730 1.4090
12.740 1.4078
12.750 1.4065
12.760 1.4052
12.770 1.4039
12.780 1.4026
12.790 1.4014
12.800 1.4001
12.810 1.3988
12.820 1.3975
12.830 1.3963
12.840 1.3950
12.850 1.3937
12.860 1.3925
12.870 1.3912
12.880 1.3899
12.890 1.3887
12.900 1.3874
12.910 1.3862
12.920 1.3849
12.930 1.3837
12.940 1.3824
12.950 1.3812
12.960 1.3799
12.970 1.3787
12.980 1.3774
12.990 1.3762
13.000 1.3750
13.010 1.3737
13.020 1.3725
13.030 1.3713
13.040 1.3700
13.050 1.3688
13.060 1.3676
13.070 1.3664
13.080 1.3651
13.090 1.3639
13.100 1.3627
13.110 1.3615
13.120 1.3603
13.130 1.3590
13.140 1.3578
13.150 1.3566
13.160 1.3554
13.170 1.3542
13.180 1.3530
13.190 1.3518
13.200 1.3506
13.210 1.3494
13.220 1.3482
13.230 1.3470
13.240 1.3458
13.250 1.3446
13.260 1.3434
13.270 1.3422
13.280 1.3411
13.290 1.3399
13.300 1.3387
13.310 1.3375
13.320 1.3363
13.330 1.3352
13.340 1.3340
13.350 1.3328
13.360 1.3316
13.370 1.3305
13.380 1.3293
13.390 1.3281
13.400 1.3270
13.410 1.3258
13.420 1.3246
13.430 1.3235
13.440 1.3223
13.450 1.3211
13.460 1.3200
13.470 1.3188
13.480 1.3177
13.490 1.3165
13.500 1.3154
13.510 1.3142
13.520 1.3131
13.530 1.3119
13.540 1.3108
13.550 1.3097
13.560 1.3085
13.570 1.3074
13.580 1.3062
13.590 1.3051
13.600 1.3040
13.610 1.3028
13.620 1.3017
13.630 1.3006
13.640 1.2995
13.650 1.2983
13.660 1.2972
13.670 1.2961
13.680 1.2950
13.690 1.2938
13.700 1.2927
13.710 1.2916
13.720 1.2905
13.730 1.2894
13.740 1.2883
13.750 1.2872
13.760 1.2861
13.770 1.2850
13.780 1.2838
13.790 1.2827
13.800 1.2816
13.810 1.2805
13.820 1.2794
13.830 1.2783
13.840 1.2773
13.850 1.2762
13.860 1.2751
13.870 1.2740
13.880 1.2729
13.890 1.2718
13.900 1.2707
13.910 1.2696
13.920 1.2685
13.930 1.2675
13.940 1.2664
13.950 1.2653
13.960 1.2642
13.970 1.2632
13.980 1.2621
13.990 1.2610
14.000 1.2599
14.010 1.2589
14.020 1.2578
14.030 1.2567
14.040 1.2557
14.050 1.2546
14.060 1.2535
14.070 1.2525
14.080 1.2514
14.090 1.2504
14.100 1.2493
14.110 1.2482
14.120 1.2472
14.130 1.2461
14.140 1.2451
14.150 1.2440
14.160 1.2430
14.170 1.2419
14.180 1.2409
14.190 1.2399
14.200 1.2388
14.210 1.2378
14.220 1.2367
14.230 1.2357
14.240 1.2347
14.250 1.2336
14.260 1.2326
14.270 1.2316
14.280 1.2305
14.290 1.2295
14.300 1.2285
14.310 1.2274
14.320 1.2264
14.330 1.2254
14.340 1.2244
14.350 1.2234
14.360 1.2223
14.370 1.2213
14.380 1.2203
14.390 1.2193
14.400 1.2183
14.410 1.2173
14.420 1.2162
14.430 1.2152
14.440 1.2142
14.450 1.2132
14.460 1.2122
14.470 1.2112
14.480 1.2102
14.490 1.2092
14.500 1.2082
14.510 1.2072
14.520 1.2062
14.530 1.2052
14.540 1.2042
14.550 1.2032
14.560 1.2022
14.570 1.2012
14.580 1.2002
14.590 1.1993
14.600 1.1983
14.610 1.1973
14.620 1.1963
14.630 1.1953
14.640 1.1943
14.650 1.1933
14.660 1.1924
14.670 1.1914
14.680 1.1904
14.690 1.1894
14.700 1.1885
14.710 1.1875
14.720 1.1865
14.730 1.1855
14.740 1.1846
14.750 1.1836
14.760 1.1826
14.770 1.1817
14.780 1.1807
14.790 1.1797
14.800 1.1788
14.810 1.1778
14.820 1.1769
14.830 1.1759
14.840 1.1749
14.850 1.1740
14.860 1.1730
14.870 1.1721
14.880 1.1711
14.890 1.1702
14.900 1.1692
14.910 1.1683
14.920 1.1673
14.930 1.1664
14.940 1.1654
14.950 1.1645
14.960 1.1636
14.970 1.1626
14.980 1.1617
14.990 1.1607
15.000 1.1598
15.100 1.1505
15.110 1.1496
15.120 1.1486
15.130 1.1477
15.140 1.1468
15.150 1.1459
15.160 1.1450
15.170 1.1440
15.180 1.1431
15.190 1.1422
15.200 1.1413
15.210 1.1404
15.220 1.1395
15.230 1.1386
15.240 1.1377
15.250 1.1367
15.260 1.1358
15.270 1.1349
15.280 1.1340
15.290 1.1331
15.300 1.1322
15.310 1.1313
15.320 1.1304
15.330 1.1295
15.340 1.1286
15.350 1.1277
15.360 1.1268
15.370 1.1259
15.380 1.1250
15.390 1.1241
15.400 1.1233
15.410 1.1224
15.420 1.1215
15.430 1.1206
15.440 1.1197
15.450 1.1188
15.460 1.1179
15.470 1.1170
15.480 1.1162
15.490 1.1153
15.500 1.1144
15.510 1.1135
15.520 1.1126
15.530 1.1118
15.540 1.1109
15.550 1.1100
15.560 1.1091
15.570 1.1083
15.580 1.1074
15.590 1.1065
15.600 1.1057
15.610 1.1048
15.620 1.1039
15.630 1.1031
15.640 1.1022
15.650 1.1013
15.660 1.1005
15.670 1.0996
15.680 1.0987
15.690 1.0979
15.700 1.0970
15.710 1.0962
15.720 1.0953
15.730 1.0945
15.740 1.0936
15.750 1.0927
15.760 1.0919
15.770 1.0910
15.780 1.0902
15.790 1.0893
15.800 1.0885
15.810 1.0876
15.820 1.0868
15.830 1.0860
15.840 1.0851
15.850 1.0843
15.860 1.0834
15.870 1.0826
15.880 1.0817
15.890 1.0809
15.900 1.0801
15.910 1.0792
15.920 1.0784
15.930 1.0776
15.940 1.0767
15.950 1.0759
15.960 1.0751
15.970 1.0742
15.980 1.0734
15.990 1.0726
16.000 1.0717
16.010 1.0709
16.020 1.0701
16.030 1.0693
16.040 1.0684
16.050 1.0676
16.060 1.0668
16.070 1.0660
16.080 1.0651
16.090 1.0643
16.100 1.0635
16.110 1.0627
16.120 1.0619
16.130 1.0610
16.140 1.0602
16.150 1.0594
16.160 1.0586
16.170 1.0578
16.180 1.0570
16.190 1.0562
16.200 1.0554
16.210 1.0546
16.220 1.0537
16.230 1.0529
16.240 1.0521
16.250 1.0513
16.260 1.0505
16.270 1.0497
16.280 1.0489
16.290 1.0481
16.300 1.0473
16.310 1.0465
16.320 1.0457
16.330 1.0449
16.340 1.0441
16.350 1.0433
16.360 1.0425
16.370 1.0418
16.380 1.0410
16.390 1.0402
16.400 1.0394
16.410 1.0386
16.420 1.0378
16.430 1.0370
16.440 1.0362
16.450 1.0354
16.460 1.0347
16.470 1.0339
16.480 1.0331
16.490 1.0323
16.500 1.0315
16.510 1.0307
16.520 1.0300
16.530 1.0292
16.540 1.0284
16.550 1.0276
16.560 1.0269
16.570 1.0261
16.580 1.0253
16.590 1.0245
16.600 1.0238
16.610 1.0230
16.620 1.0222
16.630 1.0214
16.640 1.0207
16.650 1.0199
16.660 1.0191
16.670 1.0184
16.680 1.0176
16.690 1.0168
16.700 1.0161
16.710 1.0153
16.720 1.0146
16.730 1.0138
16.740 1.0130
16.750 1.0123
16.760 1.0115
16.770 1.0108
16.780 1.0100
16.790 1.0092
16.800 1.0085
16.810 1.0077
16.820 1.0070
16.830 1.0062
16.840 1.0055
16.850 1.0047
16.860 1.0040
16.870 1.0032
16.880 1.0025
16.890 1.0017
16.900 1.0010
16.910 1.0002
16.920 0.99949
16.930 0.99875
16.940 0.99800
16.950 0.99726
16.960 0.99652
16.970 0.99578
16.980 0.99504
16.990 0.99430
17.000 0.99356
17.010 0.99282
17.020 0.99208
17.030 0.99135
17.040 0.99061
17.050 0.98988
17.060 0.98914
17.070 0.98841
17.080 0.98768
17.090 0.98695
17.100 0.98622
17.110 0.98549
17.120 0.98476
17.130 0.98403
17.140 0.98330
17.150 0.98258
17.160 0.98185
17.170 0.98113
17.180 0.98040
17.190 0.97968
17.200 0.97896
17.210 0.97823
17.220 0.97751
17.230 0.97679
17.240 0.97607
17.250 0.97535
17.260 0.97464
17.270 0.97392
17.280 0.97320
17.290 0.97249
17.300 0.97177
17.310 0.97106
17.320 0.97035
17.330 0.96963
17.340 0.96892
17.350 0.96821
17.360 0.96750
17.370 0.96679
17.380 0.96608
17.390 0.96537
17.400 0.96467
17.410 0.96396
17.420 0.96326
17.430 0.96255
17.440 0.96185
17.450 0.96114
17.460 0.96044
17.470 0.95974
17.480 0.95904
17.490 0.95834
17.500 0.95764
17.510 0.95694
17.520 0.95624
17.530 0.95554
17.540 0.95485
17.550 0.95415
17.560 0.95346
17.570 0.95276
17.580 0.95207
17.590 0.95138
17.600 0.95068
17.610 0.94999
17.620 0.94930
17.630 0.94861
17.640 0.94792
17.650 0.94723
17.660 0.94655
17.670 0.94586
17.680 0.94517
17.690 0.94449
17.700 0.94380
17.710 0.94312
17.720 0.94243
17.730 0.94175
17.740 0.94107
17.750 0.94039
17.760 0.93971
17.770 0.93903
17.780 0.93835
17.790 0.93767
17.800 0.93699
17.810 0.93632
17.820 0.93564
17.830 0.93496
17.840 0.93429
17.850 0.93361
17.860 0.93294
17.870 0.93227
17.880 0.93160
17.890 0.93093
17.900 0.93025
17.910 0.92958
17.920 0.92892
17.930 0.92825
17.940 0.92758
17.950 0.92691
17.960 0.92624
17.970 0.92558
17.980 0.92491
17.990 0.92425
18.000 0.92359
18.010 0.92292
18.020 0.92226
18.030 0.92160
18.040 0.92094
18.050 0.92028
18.060 0.91962
18.070 0.91896
18.080 0.91830
18.090 0.91764
18.100 0.91698
18.110 0.91633
18.120 0.91567
18.130 0.91502
18.140 0.91436
18.150 0.91371
18.160 0.91306
18.170 0.91240
18.180 0.91175
18.190 0.91110
18.200 0.91045
18.210 0.90980
18.220 0.90915
18.230 0.90850
18.240 0.90786
18.250 0.90721
18.260 0.90656
18.270 0.90592
18.280 0.90527
18.290 0.90463
18.300 0.90398
18.310 0.90334
18.320 0.90270
18.330 0.90206
18.340 0.90141
18.350 0.90077
18.360 0.90013
18.370 0.89949
18.380 0.89886
18.390 0.89822
18.400 0.89758
18.410 0.89694
18.420 0.89631
18.430 0.89567
18.440 0.89504
18.450 0.89440
18.460 0.89377
18.470 0.89314
18.480 0.89250
18.490 0.89187
18.500 0.89124
18.510 0.89061
18.520 0.88998
18.530 0.88935
18.540 0.88872
18.550 0.88809
18.560 0.88747
18.570 0.88684
18.580 0.88621
18.590 0.88559
18.600 0.88496
18.610 0.88434
18.620 0.88372
18.630 0.88309
18.640 0.88247
18.650 0.88185
18.660 0.88123
18.670 0.88061
18.680 0.87999
18.690 0.87937
18.700 0.87875
18.710 0.87813
18.720 0.87751
18.730 0.87690
18.740 0.87628
18.750 0.87566
18.760 0.87505
18.770 0.87443
18.780 0.87382
18.790 0.87321
18.800 0.87259
18.810 0.87198
18.820 0.87137
18.830 0.87076
18.840 0.87015
18.850 0.86954
18.860 0.86893
18.870 0.86832
18.880 0.86771
18.890 0.86711
18.900 0.86650
18.910 0.86589
18.920 0.86529
18.930 0.86468
18.940 0.86408
18.950 0.86347
18.960 0.86287
18.970 0.86227
18.980 0.86167
18.990 0.86106
19.000 0.86046
19.010 0.85986
19.020 0.85926
19.030 0.85866
19.040 0.85806
19.050 0.85747
19.060 0.85687
19.070 0.85627
19.080 0.85567
19.090 0.85508
19.100 0.85448
19.110 0.85389
19.120 0.85329
19.130 0.85270
19.140 0.85211
19.150 0.85152
19.160 0.85092
19.170 0.85033
19.180 0.84974
19.190 0.84915
19.200 0.84856
19.210 0.84797
19.220 0.84738
19.230 0.84679
19.240 0.84621
19.250 0.84562
19.260 0.84503
19.270 0.84445
19.280 0.84386
19.290 0.84328
19.300 0.84269
19.310 0.84211
19.320 0.84153
19.330 0.84094
19.340 0.84036
19.350 0.83978
19.360 0.83920
19.370 0.83862
19.380 0.83804
19.390 0.83746
19.400 0.83688
19.410 0.83630
19.420 0.83572
19.430 0.83515
19.440 0.83457
19.450 0.83399
19.460 0.83342
19.470 0.83284
19.480 0.83227
19.490 0.83170
19.500 0.83112
19.510 0.83055
19.520 0.82998
19.530 0.82940
19.540 0.82883
19.550 0.82826
19.560 0.82769
19.570 0.82712
19.580 0.82655
19.590 0.82598
19.600 0.82542
19.610 0.82485
19.620 0.82428
19.630 0.82371
19.640 0.82315
19.650 0.82258
19.660 0.82202
19.670 0.82145
19.680 0.82089
19.690 0.82032
19.700 0.81976
19.710 0.81920
19.720 0.81864
19.730 0.81808
19.740 0.81751
19.750 0.81695
19.760 0.81639
19.770 0.81583
19.780 0.81527
19.790 0.81472
19.800 0.81416
19.810 0.81360
19.820 0.81304
19.830 0.81249
19.840 0.81193
19.850 0.81138
19.860 0.81082
19.870 0.81027
19.880 0.80971
19.890 0.80916
19.900 0.80861
19.910 0.80805
19.920 0.80750
19.930 0.80695
19.940 0.80640
19.950 0.80585
19.960 0.80530
19.970 0.80475
19.980 0.80420
19.990 0.80365
20.000 0.80310
20.100 0.79765
20.110 0.79710
20.120 0.79656
20.130 0.79602
20.140 0.79548
20.150 0.79494
20.160 0.79440
20.170 0.79386
20.180 0.79332
20.190 0.79278
20.200 0.79224
20.210 0.79170
20.220 0.79116
20.230 0.79063
20.240 0.79009
20.250 0.78955
20.260 0.78902
20.270 0.78848
20.280 0.78795
20.290 0.78741
20.300 0.78688
20.310 0.78635
20.320 0.78581
20.330 0.78528
20.340 0.78475
20.350 0.78422
20.360 0.78368
20.370 0.78315
20.380 0.78262
20.390 0.78209
20.400 0.78156
20.410 0.78104
20.420 0.78051
20.430 0.77998
20.440 0.77945
20.450 0.77892
20.460 0.77840
20.470 0.77787
20.480 0.77735
20.490 0.77682
20.500 0.77630
20.510 0.77577
20.520 0.77525
20.530 0.77472
20.540 0.77420
20.550 0.77368
20.560 0.77316
20.570 0.77263
20.580 0.77211
20.590 0.77159
20.600 0.77107
20.610 0.77055
20.620 0.77003
20.630 0.76951
20.640 0.76899
20.650 0.76848
20.660 0.76796
20.670 0.76744
20.680 0.76692
20.690 0.76641
20.700 0.76589
20.710 0.76538
20.720 0.76486
20.730 0.76435
20.740 0.76383
20.750 0.76332
20.760 0.76280
20.770 0.76229
20.780 0.76178
20.790 0.76127
20.800 0.76075
20.810 0.76024
20.820 0.75973
20.830 0.75922
20.840 0.75871
20.850 0.75820
20.860 0.75769
20.870 0.75718
20.880 0.75667
20.890 0.75617
20.900 0.75566
20.910 0.75515
20.920 0.75465
20.930 0.75414
20.940 0.75363
20.950 0.75313
20.960 0.75262
20.970 0.75212
20.980 0.75161
20.990 0.75111
21.000 0.75061
21.010 0.75010
21.020 0.74960
21.030 0.74910
21.040 0.74860
21.050 0.74810
21.060 0.74759
21.070 0.74709
21.080 0.74659
21.090 0.74609
21.100 0.74559
21.110 0.74510
21.120 0.74460
21.130 0.74410
21.140 0.74360
21.150 0.74310
21.160 0.74261
21.170 0.74211
21.180 0.74161
21.190 0.74112
21.200 0.74062
21.210 0.74013
21.220 0.73963
21.230 0.73914
21.240 0.73865
21.250 0.73815
21.260 0.73766
21.270 0.73717
21.280 0.73667
21.290 0.73618
21.300 0.73569
21.310 0.73520
21.320 0.73471
21.330 0.73422
21.340 0.73373
21.350 0.73324
21.360 0.73275
21.370 0.73226
21.380 0.73177
21.390 0.73129
21.400 0.73080
21.410 0.73031
21.420 0.72983
21.430 0.72934
21.440 0.72885
21.450 0.72837
21.460 0.72788
21.470 0.72740
21.480 0.72691
21.490 0.72643
21.500 0.72594
21.510 0.72546
21.520 0.72498
21.530 0.72450
21.540 0.72401
21.550 0.72353
21.560 0.72305
21.570 0.72257
21.580 0.72209
21.590 0.72161
21.600 0.72113
21.610 0.72065
21.620 0.72017
21.630 0.71969
21.640 0.71921
21.650 0.71873
21.660 0.71826
21.670 0.71778
21.680 0.71730
21.690 0.71683
21.700 0.71635
21.710 0.71587
21.720 0.71540
21.730 0.71492
21.740 0.71445
21.750 0.71397
21.760 0.71350
21.770 0.71303
21.780 0.71255
21.790 0.71208
21.800 0.71161
21.810 0.71113
21.820 0.71066
21.830 0.71019
21.840 0.70972
21.850 0.70925
21.860 0.70878
21.870 0.70831
21.880 0.70784
21.890 0.70737
21.900 0.70690
21.910 0.70643
21.920 0.70596
21.930 0.70549
21.940 0.70503
21.950 0.70456
21.960 0.70409
21.970 0.70363
21.980 0.70316
21.990 0.70269
22.000 0.70223
22.010 0.70176
22.020 0.70130
22.030 0.70083
22.040 0.70037
22.050 0.69990
22.060 0.69944
22.070 0.69898
22.080 0.69852
22.090 0.69805
22.100 0.69759
22.110 0.69713
22.120 0.69667
22.130 0.69621
22.140 0.69575
22.150 0.69528
22.160 0.69482
22.170 0.69436
22.180 0.69391
22.190 0.69345
22.200 0.69299
22.210 0.69253
22.220 0.69207
22.230 0.69161
22.240 0.69116
22.250 0.69070
22.260 0.69024
22.270 0.68979
22.280 0.68933
22.290 0.68887
22.300 0.68842
22.310 0.68796
22.320 0.68751
22.330 0.68705
22.340 0.68660
22.350 0.68615
22.360 0.68569
22.370 0.68524
22.380 0.68479
22.390 0.68433
22.400 0.68388
22.410 0.68343
22.420 0.68298
22.430 0.68253
22.440 0.68208
22.450 0.68163
22.460 0.68118
22.470 0.68073
22.480 0.68028
22.490 0.67983
22.500 0.67938
22.510 0.67893
22.520 0.67848
22.530 0.67803
22.540 0.67758
22.550 0.67714
22.560 0.67669
22.570 0.67624
22.580 0.67580
22.590 0.67535
22.600 0.67491
22.610 0.67446
22.620 0.67401
22.630 0.67357
22.640 0.67312
22.650 0.67268
22.660 0.67224
22.670 0.67179
22.680 0.67135
22.690 0.67091
22.700 0.67046
22.710 0.67002
22.720 0.66958
22.730 0.66914
22.740 0.66870
22.750 0.66825
22.760 0.66781
22.770 0.66737
22.780 0.66693
22.790 0.66649
22.800 0.66605
22.810 0.66561
22.820 0.66517
22.830 0.66474
22.840 0.66430
22.850 0.66386
22.860 0.66342
22.870 0.66298
22.880 0.66255
22.890 0.66211
22.900 0.66167
22.910 0.66124
22.920 0.66080
22.930 0.66036
22.940 0.65993
22.950 0.65949
22.960 0.65906
22.970 0.65862
22.980 0.65819
22.990 0.65776
23.000 0.65732
23.010 0.65689
23.020 0.65646
23.030 0.65602
23.040 0.65559
23.050 0.65516
23.060 0.65473
23.070 0.65429
23.080 0.65386
23.090 0.65343
23.100 0.65300
23.110 0.65257
23.120 0.65214
23.130 0.65171
23.140 0.65128
23.150 0.65085
23.160 0.65042
23.170 0.64999
23.180 0.64956
23.190 0.64913
23.200 0.64871
23.210 0.64828
23.220 0.64785
23.230 0.64742
23.240 0.64700
23.250 0.64657
23.260 0.64614
23.270 0.64572
23.280 0.64529
23.290 0.64487
23.300 0.64444
23.310 0.64402
23.320 0.64359
23.330 0.64317
23.340 0.64274
23.350 0.64232
23.360 0.64190
23.370 0.64147
23.380 0.64105
23.390 0.64063
23.400 0.64020
23.410 0.63978
23.420 0.63936
23.430 0.63894
23.440 0.63852
23.450 0.63809
23.460 0.63767
23.470 0.63725
23.480 0.63683
23.490 0.63641
23.500 0.63599
23.510 0.63557
23.520 0.63515
23.530 0.63473
23.540 0.63431
23.550 0.63390
23.560 0.63348
23.570 0.63306
23.580 0.63264
23.590 0.63222
23.600 0.63181
23.610 0.63139
23.620 0.63097
23.630 0.63056
23.640 0.63014
23.650 0.62972
23.660 0.62931
23.670 0.62889
23.680 0.62848
23.690 0.62806
23.700 0.62765
23.710 0.62723
23.720 0.62682
23.730 0.62641
23.740 0.62599
23.750 0.62558
23.760 0.62517
23.770 0.62475
23.780 0.62434
23.790 0.62393
23.800 0.62351
23.810 0.62310
23.820 0.62269
23.830 0.62228
23.840 0.62187
23.850 0.62146
23.860 0.62105
23.870 0.62064
23.880 0.62023
23.890 0.61982
23.900 0.61941
23.910 0.61900
23.912 0.61892
23.912 0.058735
23.920 0.058734
23.930 0.058733
23.940 0.058733
23.950 0.058732
23.960 0.058731
23.970 0.058731
23.980 0.058730
23.990 0.058729
24.000 0.058729
24.010 0.058728
24.020 0.058727
24.030 0.058727
24.040 0.058726
24.050 0.058725
24.060 0.058725
24.070 0.058724
24.080 0.058723
24.090 0.058723
24.100 0.058722
24.110 0.058721
24.120 0.058721
24.130 0.058720
24.140 0.058719
24.150 0.058719
24.160 0.058718
24.170 0.058717
24.180 0.058717
24.190 0.058716
24.200 0.058715
24.210 0.058715
24.220 0.058714
24.230 0.058713
24.240 0.058713
24.250 0.058712
24.260 0.058712
24.270 0.058711
24.280 0.058710
24.290 0.058710
24.300 0.058709
24.310 0.058708
24.320 0.058708
24.330 0.058707
24.340 0.058706
24.350 0.058706
24.360 0.058705
24.370 0.058704
24.380 0.058704
24.390 0.058703
24.400 0.058702
24.410 0.058702
24.420 0.058701
24.430 0.058700
24.440 0.058700
24.450 0.058699
24.460 0.058698
24.470 0.058698
24.480 0.058697
24.490 0.058696
24.500 0.058696
24.510 0.058695
24.520 0.058694
24.530 0.058694
24.540 0.058693
24.550 0.058692
24.560 0.058692
24.570 0.058691
24.580 0.058690
24.590 0.058690
24.600 0.058689
24.610 0.058688
24.620 0.058688
24.630 0.058687
24.640 0.058686
24.650 0.058686
24.660 0.058685
24.670 0.058684
24.680 0.058684
24.690 0.058683
24.700 0.058682
24.710 0.058682
24.720 0.058681
24.730 0.058680
24.740 0.058680
24.750 0.058679
24.760 0.058678
24.770 0.058678
24.780 0.058677
24.790 0.058676
24.800 0.058676
24.810 0.058675
24.820 0.058674
24.830 0.058674
24.840 0.058673
24.850 0.058672
24.860 0.058672
24.870 0.058671
24.880 0.058670
24.890 0.058670
24.900 0.058669
24.910 0.058668
24.920 0.058668
24.930 0.058667
24.940 0.058667
24.950 0.058666
24.960 0.058665
24.970 0.058665
24.980 0.058664
24.990 0.058663
25.000 0.058663
25.100 0.058656
25.110 0.058655
25.120 0.058655
25.130 0.058654
25.140 0.058653
25.150 0.058653
25.160 0.058652
25.170 0.058651
25.180 0.058651
25.190 0.058650
25.200 0.058649
25.210 0.058649
25.220 0.058648
25.230 0.058647
25.240 0.058647
25.250 0.058646
25.260 0.058645
25.270 0.058645
25.280 0.058644
25.290 0.058644
25.300 0.058643
25.310 0.058642
25.320 0.058642
25.330 0.058641
25.340 0.058640
25.350 0.058640
25.360 0.058639
25.370 0.058638
25.380 0.058638
25.390 0.058637
25.400 0.058636
25.410 0.058636
25.420 0.058635
25.430 0.058634
25.440 0.058634
25.450 0.058633
25.460 0.058632
25.470 0.058632
25.480 0.058631
25.490 0.058630
25.500 0.058630
25.510 0.058629
25.520 0.058628
25.530 0.058628
25.540 0.058627
25.550 0.058627
25.560 0.058626
25.570 0.058625
25.580 0.058625
25.590 0.058624
25.600 0.058623
25.610 0.058623
25.620 0.058622
25.630 0.058621
25.640 0.058621
25.650 0.058620
25.660 0.058619
25.670 0.058619
25.680 0.058618
25.690 0.058617
25.700 0.058617
25.710 0.058616
25.720 0.058615
25.730 0.058615
25.740 0.058614
25.750 0.058613
25.760 0.058613
25.770 0.058612
25.780 0.058612
25.790 0.058611
25.800 0.058610
25.810 0.058610
25.820 0.058609
25.830 0.058608
25.840 0.058608
25.850 0.058607
25.860 0.058606
25.870 0.058606
25.880 0.058605
25.890 0.058604
25.900 0.058604
25.910 0.058603
25.920 0.058602
25.930 0.058602
25.940 0.058601
25.950 0.058600
25.960 0.058600
25.970 0.058599
25.980 0.058599
25.990 0.058598
26.000 0.058597
26.010 0.058597
26.020 0.058596
26.030 0.058595
26.040 0.058595
26.050 0.058594
26.060 0.058593
26.070 0.058593
26.080 0.058592
26.090 0.058591
26.100 0.058591
26.110 0.058590
26.120 0.058589
26.130 0.058589
26.140 0.058588
26.150 0.058587
26.160 0.058587
26.170 0.058586
26.180 0.058586
26.190 0.058585
26.200 0.058584
26.210 0.058584
26.220 0.058583
26.230 0.058582
26.240 0.058582
26.250 0.058581
26.260 0.058580
26.270 0.058580
26.280 0.058579
26.290 0.058578
26.300 0.058578
26.310 0.058577
26.320 0.058576
26.330 0.058576
26.340 0.058575
26.350 0.058575
26.360 0.058574
26.370 0.058573
26.380 0.058573
26.390 0.058572
26.400 0.058571
26.410 0.058571
26.420 0.058570
26.430 0.058569
26.440 0.058569
26.450 0.058568
26.460 0.058567
26.470 0.058567
26.480 0.058566
26.490 0.058566
26.500 0.058565
26.510 0.058564
26.520 0.058564
26.530 0.058563
26.540 0.058562
26.550 0.058562
26.560 0.058561
26.570 0.058560
26.580 0.058560
26.590 0.058559
26.600 0.058558
26.610 0.058558
26.620 0.058557
26.630 0.058556
26.640 0.058556
26.650 0.058555
26.660 0.058555
26.670 0.058554
26.680 0.058553
26.690 0.058553
26.700 0.058552
26.710 0.058551
26.720 0.058551
26.730 0.058550
26.740 0.058549
26.750 0.058549
26.760 0.058548
26.770 0.058547
26.780 0.058547
26.790 0.058546
26.800 0.058546
26.810 0.058545
26.820 0.058544
26.830 0.058544
26.840 0.058543
26.850 0.058542
26.860 0.058542
26.870 0.058541
26.880 0.058540
26.890 0.058540
26.900 0.058539
26.910 0.058539
26.920 0.058538
26.930 0.058537
26.940 0.058537
26.950 0.058536
26.960 0.058535
26.970 0.058535
26.980 0.058534
26.990 0.058533
27.000 0.058533
27.010 0.058532
27.020 0.058531
27.030 0.058531
27.040 0.058530
27.050 0.058530
27.060 0.058529
27.070 0.058528
27.080 0.058528
27.090 0.058527
27.100 0.058526
27.110 0.058526
27.120 0.058525
27.130 0.058524
27.140 0.058524
27.150 0.058523
27.160 0.058523
27.170 0.058522
27.180 0.058521
27.190 0.058521
27.200 0.058520
27.210 0.058519
27.220 0.058519
27.230 0.058518
27.240 0.058517
27.250 0.058517
27.260 0.058516
27.270 0.058515
27.280 0.058515
27.290 0.058514
27.300 0.058514
27.310 0.058513
27.320 0.058512
27.330 0.058512
27.340 0.058511
27.350 0.058510
27.360 0.058510
27.370 0.058509
27.380 0.058508
27.390 0.058508
27.400 0.058507
27.410 0.058507
27.420 0.058506
27.430 0.058505
27.440 0.058505
27.450 0.058504
27.460 0.058503
27.470 0.058503
27.480 0.058502
27.490 0.058501
27.500 0.058501
27.510 0.058500
27.520 0.058500
27.530 0.058499
27.540 0.058498
27.550 0.058498
27.560 0.058497
27.570 0.058496
27.580 0.058496
27.590 0.058495
27.600 0.058494
27.610 0.058494
27.620 0.058493
27.630 0.058493
27.640 0.058492
27.650 0.058491
27.660 0.058491
27.670 0.058490
27.680 0.058489
27.690 0.058489
27.700 0.058488
27.710 0.058487
27.720 0.058487
27.730 0.058486
27.740 0.058486
27.750 0.058485
27.760 0.058484
27.770 0.058484
27.780 0.058483
27.790 0.058482
27.800 0.058482
27.810 0.058481
27.820 0.058481
27.830 0.058480
27.840 0.058479
27.850 0.058479
27.860 0.058478
27.870 0.058477
27.880 0.058477
27.890 0.058476
27.900 0.058475
27.910 0.058475
27.920 0.058474
27.930 0.058474
27.940 0.058473
27.950 0.058472
27.960 0.058472
27.970 0.058471
27.980 0.058470
27.990 0.058470
28.000 0.058469
28.010 0.058468
28.020 0.058468
28.030 0.058467
28.040 0.058467
28.050 0.058466
28.060 0.058465
28.070 0.058465
28.080 0.058464
28.090 0.058463
28.100 0.058463
28.110 0.058462
28.120 0.058462
28.130 0.058461
28.140 0.058460
28.150 0.058460
28.160 0.058459
28.170 0.058458
28.180 0.058458
28.190 0.058457
28.200 0.058456
28.210 0.058456
28.220 0.058455
28.230 0.058455
28.240 0.058454
28.250 0.058453
28.260 0.058453
28.270 0.058452
28.280 0.058451
28.290 0.058451
28.300 0.058450
28.310 0.058450
28.320 0.058449
28.330 0.058448
28.340 0.058448
28.350 0.058447
28.360 0.058446
28.370 0.058446
28.380 0.058445
28.390 0.058445
28.400 0.058444
28.410 0.058443
28.420 0.058443
28.430 0.058442
28.440 0.058441
28.450 0.058441
28.460 0.058440
28.470 0.058439
28.480 0.058439
28.490 0.058438
28.500 0.058438
28.510 0.058437
28.520 0.058436
28.530 0.058436
28.540 0.058435
28.550 0.058434
28.560 0.058434
28.570 0.058433
28.580 0.058433
28.590 0.058432
28.600 0.058431
28.610 0.058431
28.620 0.058430
28.630 0.058429
28.640 0.058429
28.650 0.058428
28.660 0.058428
28.670 0.058427
28.680 0.058426
28.690 0.058426
28.700 0.058425
28.710 0.058424
28.720 0.058424
28.730 0.058423
28.740 0.058423
28.750 0.058422
28.760 0.058421
28.770 0.058421
28.780 0.058420
28.790 0.058419
28.800 0.058419
28.810 0.058418
28.820 0.058418
28.830 0.058417
28.840 0.058416
28.850 0.058416
28.860 0.058415
28.870 0.058414
28.880 0.058414
28.890 0.058413
28.900 0.058413
28.910 0.058412
28.920 0.058411
28.930 0.058411
28.940 0.058410
28.950 0.058409
28.960 0.058409
28.970 0.058408
28.980 0.058408
28.990 0.058407
29.000 0.058406
29.010 0.058406
29.020 0.058405
29.030 0.058404
29.040 0.058404
29.050 0.058403
29.060 0.058403
29.070 0.058402
29.080 0.058401
29.090 0.058401
29.100 0.058400
29.110 0.058399
29.120 0.058399
29.130 0.058398
29.140 0.058398
29.150 0.058397
29.160 0.058396
29.170 0.058396
29.180 0.058395
29.190 0.058394
29.200 0.058394
29.210 0.058393
29.220 0.058393
29.230 0.058392
29.240 0.058391
29.250 0.058391
29.260 0.058390
29.270 0.058389
29.280 0.058389
29.290 0.058388
29.300 0.058388
29.310 0.058387
29.320 0.058386
29.330 0.058386
29.340 0.058385
29.350 0.058385
29.360 0.058384
29.370 0.058383
29.380 0.058383
29.390 0.058382
29.400 0.058381
29.410 0.058381
29.420 0.058380
29.430 0.058380
29.440 0.058379
29.450 0.058378
29.460 0.058378
29.470 0.058377
29.480 0.058376
29.490 0.058376
29.500 0.058375
29.510 0.058375
29.520 0.058374
29.530 0.058373
29.540 0.058373
29.550 0.058372
29.560 0.058371
29.570 0.058371
29.580 0.058370
29.590 0.058370
29.600 0.058369
29.610 0.058368
29.620 0.058368
29.630 0.058367
29.640 0.058367
29.650 0.058366
29.660 0.058365
29.670 0.058365
29.680 0.058364
29.690 0.058363
29.700 0.058363
29.710 0.058362
29.720 0.058362
29.730 0.058361
29.740 0.058360
29.750 0.058360
29.760 0.058359
29.770 0.058359
29.780 0.058358
29.790 0.058357
29.800 0.058357
29.810 0.058356
29.820 0.058355
29.830 0.058355
29.840 0.058354
29.850 0.058354
29.860 0.058353
29.870 0.058352
29.880 0.058352
29.890 0.058351
29.900 0.058350
29.910 0.058350
29.920 0.058349
29.930 0.058349
29.940 0.058348
29.950 0.058347
29.960 0.058347
29.970 0.058346
29.980 0.058346
29.990 0.058345
30.000 0.058344
