0.10000 221.40
0.11000 201.26
0.12000 184.47
0.13000 170.27
0.14000 158.10
0.15000 147.55
0.16000 138.32
0.17000 130.17
0.18000 122.93
0.19000 116.45
0.20000 110.62
0.21000 105.35
0.22000 100.55
0.23000 96.172
0.24000 92.158
0.25000 88.466
0.26000 85.057
0.27000 81.901
0.28000 78.971
0.29000 76.242
0.30000 73.695
0.31000 71.313
0.32000 69.080
0.33000 66.982
0.34000 65.007
0.35000 63.145
0.36000 61.387
0.37000 59.723
0.38000 58.148
0.39000 56.653
0.40000 55.232
0.41000 53.881
0.42000 52.595
0.43000 51.368
0.44000 50.197
0.45000 49.078
0.46000 48.008
0.47000 46.983
0.48000 46.001
0.49000 45.059
0.50000 44.155
0.51000 43.286
0.52000 42.450
0.53000 41.646
0.54000 40.872
0.55000 40.126
0.56000 39.407
0.57000 38.713
0.58000 38.043
0.59000 37.395
0.60000 36.769
0.61000 36.164
0.62000 35.578
0.63000 35.011
0.64000 34.461
0.65000 33.929
0.66000 33.412
0.67000 32.911
0.68000 32.425
0.69000 31.953
0.70000 31.494
0.71000 31.048
0.72000 30.615
0.73000 30.193
0.74000 29.783
0.75000 29.384
0.76000 28.995
0.77000 28.617
0.78000 28.248
0.79000 27.888
0.80000 27.538
0.81000 27.196
0.82000 26.862
0.83000 26.537
0.84000 26.219
0.85000 25.909
0.86000 25.605
0.87000 25.309
0.88000 25.020
0.89000 24.737
0.90000 24.460
0.91000 24.190
0.92000 23.925
0.93000 23.666
0.94000 23.413
0.95000 23.165
0.96000 22.922
0.97000 22.684
0.98000 22.451
0.99000 22.222
1.0000 21.999
1.0100 21.779
1.0200 21.564
1.0300 21.353
1.0400 21.146
1.0500 20.944
1.0600 20.744
1.0700 20.549
1.0800 20.357
1.0900 20.169
1.1000 19.984
1.1100 19.803
1.1200 19.625
1.1300 19.450
1.1400 19.278
1.1500 19.109
1.1600 18.943
1.1700 18.779
1.1800 18.619
1.1900 18.461
1.2000 18.306
1.2100 18.153
1.2200 18.003
1.2300 17.856
1.2400 17.710
1.2500 17.567
1.2600 17.427
1.2700 17.288
1.2800 17.152
1.2900 17.018
1.3000 16.886
1.3100 16.755
1.3200 16.627
1.3300 16.501
1.3400 16.377
1.3500 16.254
1.3600 16.134
1.3700 16.015
1.3800 15.897
1.3900 15.782
1.4000 15.668
1.4100 15.556
1.4200 15.445
1.4300 15.336
1.4400 15.228
1.4500 15.122
1.4600 15.018
1.4700 14.914
1.4800 14.813
1.4900 14.712
1.5000 14.613
1.5100 14.515
1.5200 14.419
1.5300 14.323
1.5400 14.229
1.5500 14.136
1.5600 14.045
1.5700 13.954
1.5800 13.865
1.5900 13.777
1.6000 13.690
1.6100 13.604
1.6200 13.519
1.6300 13.435
1.6400 13.352
1.6500 13.270
1.6600 13.189
1.6700 13.109
1.6800 13.030
1.6900 12.952
1.7000 12.875
1.7100 12.799
1.7200 12.724
1.7300 12.649
1.7400 12.575
1.7500 12.503
1.7600 12.431
1.7700 12.360
1.7800 12.289
1.7900 12.220
1.8000 12.151
1.8100 12.083
1.8200 12.016
1.8300 11.949
1.8400 11.883
1.8500 11.818
1.8600 11.754
1.8700 11.690
1.8800 11.627
1.8900 11.565
1.9000 11.503
1.9100 11.442
1.9200 11.382
1.9300 11.322
1.9400 11.263
1.9500 11.204
1.9600 11.146
1.9700 11.089
1.9800 11.032
1.9900 10.976
2.0000 10.920
2.0100 10.865
2.0200 10.810
2.0300 10.756
2.0400 10.703
2.0500 10.650
2.0600 10.597
2.0700 10.545
2.0800 10.494
2.0900 10.443
2.1000 10.392
2.1100 10.342
2.1200 10.293
2.1300 10.244
2.1400 10.195
2.1500 10.147
2.1600 10.099
2.1700 10.052
2.1800 10.005
2.1900 9.9587
2.2000 9.9127
2.2100 9.8671
2.2200 9.8220
2.2300 9.7772
2.2400 9.7328
2.2500 9.6889
2.2600 9.6453
2.2700 9.6021
2.2800 9.5593
2.2900 9.5168
2.3000 9.4748
2.3100 9.4330
2.3200 9.3917
2.3300 9.3507
2.3400 9.3101
2.3500 9.2698
2.3600 9.2298
2.3700 9.1902
2.3800 9.1509
2.3900 9.1119
2.4000 9.0733
2.4100 9.0350
2.4200 8.9970
2.4300 8.9593
2.4400 8.9219
2.4500 8.8849
2.4600 8.8481
2.4700 8.8116
2.4800 8.7754
2.4900 8.7395
2.5000 8.7039
2.5100 8.6686
2.5200 8.6336
2.5300 8.5988
2.5400 8.5643
2.5500 8.5301
2.5600 8.4962
2.5700 8.4625
2.5800 8.4291
2.5900 8.3959
2.6000 8.3630
2.6100 8.3303
2.6200 8.2979
2.6300 8.2658
2.6400 8.2339
2.6500 8.2022
2.6600 8.1707
2.6700 8.1395
2.6800 8.1086
2.6900 8.0778
2.7000 8.0473
2.7100 8.0170
2.7200 7.9869
2.7300 7.9571
2.7400 7.9275
2.7500 7.8981
2.7600 7.8689
2.7700 7.8399
2.7800 7.8111
2.7900 7.7825
2.8000 7.7541
2.8100 7.7260
2.8200 7.6980
2.8300 7.6702
2.8400 7.6427
2.8500 7.6153
2.8600 7.5881
2.8700 7.5611
2.8800 7.5343
2.8900 7.5076
2.9000 7.4812
2.9100 7.4549
2.9200 7.4289
2.9300 7.4029
2.9400 7.3772
2.9500 7.3517
2.9600 7.3263
2.9700 7.3011
2.9800 7.2760
2.9900 7.2512
3.0000 7.2264
3.0100 7.2019
3.0200 7.1775
3.0300 7.1533
3.0400 7.1292
3.0500 7.1053
3.0600 7.0816
3.0700 7.0580
3.0800 7.0345
3.0900 7.0113
3.1000 6.9881
3.1100 6.9651
3.1200 6.9423
3.1300 6.9196
3.1400 6.8970
3.1500 6.8746
3.1600 6.8524
3.1700 6.8302
3.1800 6.8082
3.1900 6.7864
3.2000 6.7647
3.2100 6.7431
3.2200 6.7217
3.2300 6.7003
3.2400 6.6792
3.2500 6.6581
3.2600 6.6372
3.2700 6.6164
3.2800 6.5957
3.2900 6.5752
3.3000 6.5548
3.3100 6.5345
3.3200 6.5143
3.3300 6.4943
3.3400 6.4743
3.3500 6.4545
3.3600 6.4348
3.3700 6.4153
3.3800 6.3958
3.3900 6.3765
3.4000 6.3572
3.4100 6.3381
3.4200 6.3191
3.4300 6.3002
3.4400 6.2814
3.4500 6.2627
3.4600 6.2442
3.4700 6.2257
3.4800 6.2073
3.4900 6.1891
3.5000 6.1709
3.5100 6.1529
3.5200 6.1350
3.5300 6.1171
3.5400 6.0994
3.5500 6.0817
3.5600 6.0642
3.5700 6.0468
3.5800 6.0294
3.5900 6.0122
3.6000 5.9950
3.6100 5.9780
3.6200 5.9610
3.6300 5.9441
3.6400 5.9273
3.6500 5.9107
3.6600 5.8941
3.6700 5.8776
3.6800 5.8611
3.6900 5.8448
3.7000 5.8286
3.7100 5.8124
3.7200 5.7964
3.7300 5.7804
3.7400 5.7645
3.7500 5.7487
3.7600 5.7330
3.7700 5.7173
3.7800 5.7018
3.7900 5.6863
3.8000 5.6709
3.8100 5.6556
3.8200 5.6404
3.8300 5.6252
3.8400 5.6101
3.8500 5.5951
3.8600 5.5802
3.8700 5.5654
3.8800 5.5506
3.8900 5.5359
3.9000 5.5213
3.9100 5.5068
3.9200 5.4923
3.9300 5.4779
3.9400 5.4636
3.9500 5.4494
3.9600 5.4352
3.9700 5.4211
3.9800 5.4070
3.9900 5.3931
4.0000 5.3792
4.0100 5.3654
4.0200 5.3516
4.0300 5.3379
4.0400 5.3243
4.0500 5.3108
4.0600 5.2973
4.0700 5.2839
4.0800 5.2705
4.0900 5.2572
4.1000 5.2440
4.1100 5.2308
4.1200 5.2178
4.1300 5.2047
4.1400 5.1918
4.1500 5.1788
4.1600 5.1660
4.1700 5.1532
4.1800 5.1405
4.1900 5.1278
4.2000 5.1152
4.2100 5.1027
4.2200 5.0902
4.2300 5.0778
4.2400 5.0654
4.2500 5.0531
4.2600 5.0409
4.2700 5.0287
4.2800 5.0166
4.2900 5.0045
4.3000 4.9925
4.3100 4.9805
4.3200 4.9686
4.3300 4.9567
4.3400 4.9449
4.3500 4.9332
4.3600 4.9215
4.3700 4.9099
4.3800 4.8983
4.3900 4.8868
4.4000 4.8753
4.4100 4.8638
4.4200 4.8525
4.4300 4.8411
4.4400 4.8299
4.4500 4.8186
4.4600 4.8075
4.4700 4.7964
4.4800 4.7853
4.4900 4.7743
4.5000 4.7633
4.5100 4.7524
4.5200 4.7415
4.5300 4.7306
4.5400 4.7199
4.5500 4.7091
4.5600 4.6984
4.5700 4.6878
4.5800 4.6772
4.5900 4.6667
4.6000 4.6561
4.6100 4.6457
4.6200 4.6353
4.6300 4.6249
4.6400 4.6146
4.6500 4.6043
4.6600 4.5941
4.6700 4.5839
4.6800 4.5737
4.6900 4.5636
4.7000 4.5536
4.7100 4.5436
4.7200 4.5336
4.7300 4.5236
4.7400 4.5138
4.7500 4.5039
4.7600 4.4941
4.7700 4.4843
4.7800 4.4746
4.7900 4.4649
4.8000 4.4553
4.8100 4.4457
4.8200 4.4361
4.8300 4.4266
4.8400 4.4171
4.8500 4.4076
4.8600 4.3982
4.8700 4.3889
4.8800 4.3795
4.8900 4.3702
4.9000 4.3610
4.9100 4.3518
4.9200 4.3426
4.9300 4.3334
4.9400 4.3243
4.9500 4.3152
4.9600 4.3062
4.9700 4.2972
4.9800 4.2883
4.9900 4.2793
5.0000 4.2704
5.1000 4.1835
5.1100 4.1749
5.1200 4.1665
5.1300 4.1580
5.1400 4.1496
5.1500 4.1412
5.1600 4.1329
5.1700 4.1246
5.1800 4.1163
5.1900 4.1080
5.2000 4.0998
5.2100 4.0916
5.2200 4.0835
5.2300 4.0753
5.2400 4.0672
5.2500 4.0592
5.2600 4.0512
5.2700 4.0432
5.2800 4.0352
5.2900 4.0272
5.3000 4.0193
5.3100 4.0114
5.3200 4.0036
5.3300 3.9958
5.3400 3.9880
5.3500 3.9802
5.3600 3.9725
5.3700 3.9648
5.3800 3.9571
5.3900 3.9494
5.4000 3.9418
5.4100 3.9342
5.4200 3.9267
5.4300 3.9191
5.4400 3.9116
5.4500 3.9041
5.4600 3.8967
5.4700 3.8892
5.4800 3.8818
5.4900 3.8745
5.5000 3.8671
5.5100 3.8598
5.5200 3.8525
5.5300 3.8452
5.5400 3.8380
5.5500 3.8308
5.5600 3.8236
5.5700 3.8164
5.5800 3.8093
5.5900 3.8022
5.6000 3.7951
5.6100 3.7880
5.6200 3.7810
5.6300 3.7740
5.6400 3.7670
5.6500 3.7600
5.6600 3.7531
5.6700 3.7462
5.6800 3.7393
5.6900 3.7324
5.7000 3.7256
5.7100 3.7188
5.7200 3.7120
5.7300 3.7052
5.7400 3.6984
5.7500 3.6917
5.7600 3.6850
5.7700 3.6783
5.7800 3.6717
5.7900 3.6651
5.8000 3.6585
5.8100 3.6519
5.8200 3.6453
5.8300 3.6388
5.8400 3.6322
5.8500 3.6258
5.8600 3.6193
5.8700 3.6128
5.8800 3.6064
5.8900 3.6000
5.9000 3.5936
5.9100 3.5872
5.9200 3.5809
5.9300 3.5746
5.9400 3.5683
5.9500 3.5620
5.9600 3.5557
5.9700 3.5495
5.9800 3.5433
5.9900 3.5371
6.0000 3.5309
6.0100 3.5248
6.0200 3.5186
6.0300 3.5125
6.0400 3.5064
6.0500 3.5003
6.0600 3.4943
6.0700 3.4883
6.0800 3.4822
6.0900 3.4763
6.1000 3.4703
6.1100 3.4643
6.1200 3.4584
6.1300 3.4525
6.1400 3.4466
6.1500 3.4407
6.1600 3.4348
6.1700 3.4290
6.1800 3.4232
6.1900 3.4174
6.2000 3.4116
6.2100 3.4058
6.2200 3.4001
6.2300 3.3944
6.2400 3.3886
6.2500 3.3830
6.2600 3.3773
6.2700 3.3716
6.2800 3.3660
6.2900 3.3604
6.3000 3.3548
6.3100 3.3492
6.3200 3.3436
6.3300 3.3381
6.3400 3.3325
6.3500 3.3270
6.3600 3.3215
6.3700 3.3161
6.3800 3.3106
6.3900 3.3051
6.4000 3.2997
6.4100 3.2943
6.4200 3.2889
6.4300 3.2835
6.4400 3.2782
6.4500 3.2728
6.4600 3.2675
6.4700 3.2622
6.4800 3.2569
6.4900 3.2516
6.5000 3.2464
6.5100 3.2411
6.5200 3.2359
6.5300 3.2307
6.5400 3.2255
6.5500 3.2203
6.5600 3.2151
6.5700 3.2100
6.5800 3.2048
6.5900 3.1997
6.6000 3.1946
6.6100 3.1895
6.6200 3.1844
6.6300 3.1794
6.6400 3.1743
6.6500 3.1693
6.6600 3.1643
6.6700 3.1593
6.6800 3.1543
6.6900 3.1494
6.7000 3.1444
6.7100 3.1395
6.7200 3.1345
6.7300 3.1296
6.7400 3.1247
6.7500 3.1199
6.7600 3.1150
6.7700 3.1101
6.7800 3.1053
6.7900 3.1005
6.8000 3.0957
6.8100 3.0909
6.8200 3.0861
6.8300 3.0813
6.8400 3.0766
6.8500 3.0718
6.8600 3.0671
6.8700 3.0624
6.8800 3.0577
6.8900 3.0530
6.9000 3.0483
6.9100 3.0437
6.9200 3.0390
6.9300 3.0344
6.9400 3.0298
6.9500 3.0252
6.9600 3.0206
6.9700 3.0160
6.9800 3.0115
6.9900 3.0069
7.0000 3.0024
7.0100 2.9978
7.0200 2.9933
7.0300 2.9888
7.0400 2.9843
7.0500 2.9799
7.0600 2.9754
7.0700 2.9710
7.0800 2.9665
7.0900 2.9621
7.1000 2.9577
7.1100 2.9533
7.1200 2.9489
7.1300 2.9445
7.1400 2.9402
7.1500 2.9358
7.1600 2.9315
7.1700 2.9271
7.1800 2.9228
7.1900 2.9185
7.2000 2.9142
7.2100 2.9100
7.2200 2.9057
7.2300 2.9014
7.2400 2.8972
7.2500 2.8930
7.2600 2.8887
7.2700 2.8845
7.2800 2.8803
7.2900 2.8762
7.3000 2.8720
7.3100 2.8678
7.3200 2.8637
7.3300 2.8595
7.3400 2.8554
7.3500 2.8513
7.3600 2.8472
7.3700 2.8431
7.3800 2.8390
7.3900 2.8349
7.4000 2.8309
7.4100 2.8268
7.4200 2.8228
7.4300 2.8187
7.4400 2.8147
7.4500 2.8107
7.4600 2.8067
7.4700 2.8027
7.4800 2.7988
7.4900 2.7948
7.5000 2.7908
7.5100 2.7869
7.5200 2.7830
7.5300 2.7790
7.5400 2.7751
7.5500 2.7712
7.5600 2.7673
7.5700 2.7634
7.5800 2.7596
7.5900 2.7557
7.6000 2.7519
7.6100 2.7480
7.6200 2.7442
7.6300 2.7404
7.6400 2.7366
7.6500 2.7328
7.6600 2.7290
7.6700 2.7252
7.6800 2.7214
7.6900 2.7176
7.7000 2.7139
7.7100 2.7102
7.7200 2.7064
7.7300 2.7027
7.7400 2.6990
7.7500 2.6953
7.7600 2.6916
7.7700 2.6879
7.7800 2.6842
7.7900 2.6806
7.8000 2.6769
7.8100 2.6733
7.8200 2.6696
7.8300 2.6660
7.8400 2.6624
7.8500 2.6588
7.8600 2.6552
7.8700 2.6516
7.8800 2.6480
7.8900 2.6444
7.9000 2.6408
7.9100 2.6373
7.9200 2.6337
7.9300 2.6302
7.9400 2.6267
7.9500 2.6231
7.9600 2.6196
7.9700 2.6161
7.9800 2.6126
7.9900 2.6092
8.0000 2.6057
8.0100 2.6022
8.0200 2.5987
8.0300 2.5953
8.0400 2.5919
8.0500 2.5884
8.0600 2.5850
8.0700 2.5816
8.0800 2.5782
8.0900 2.5748
8.1000 2.5714
8.1100 2.5680
8.1200 2.5646
8.1300 2.5613
8.1400 2.5579
8.1500 2.5545
8.1600 2.5512
8.1700 2.5479
8.1800 2.5445
8.1900 2.5412
8.2000 2.5379
8.2100 2.5346
8.2200 2.5313
8.2300 2.5280
8.2400 2.5248
8.2500 2.5215
8.2600 2.5182
8.2700 2.5150
8.2800 2.5117
8.2900 2.5085
8.3000 2.5053
8.3100 2.5020
8.3200 2.4988
8.3300 2.4956
8.3400 2.4924
8.3500 2.4892
8.3600 2.4860
8.3700 2.4829
8.3800 2.4797
8.3900 2.4765
8.4000 2.4734
8.4100 2.4702
8.4200 2.4671
8.4300 2.4639
8.4400 2.4608
8.4500 2.4577
8.4600 2.4546
8.4700 2.4515
8.4800 2.4484
8.4900 2.4453
8.5000 2.4422
8.5100 2.4392
8.5200 2.4361
8.5300 2.4330
8.5400 2.4300
8.5500 2.4269
8.5600 2.4239
8.5700 2.4209
8.5800 2.4178
8.5900 2.4148
8.6000 2.4118
8.6100 2.4088
8.6200 2.4058
8.6300 2.4028
8.6400 2.3998
8.6500 2.3969
8.6600 2.3939
8.6700 2.3909
8.6800 2.3880
8.6900 2.3850
8.7000 2.3821
8.7100 2.3792
8.7200 2.3762
8.7300 2.3733
8.7400 2.3704
8.7500 2.3675
8.7600 2.3646
8.7700 2.3617
8.7800 2.3588
8.7900 2.3559
8.8000 2.3530
8.8100 2.3502
8.8200 2.3473
8.8300 2.3445
8.8400 2.3416
8.8500 2.3388
8.8600 2.3359
8.8700 2.3331
8.8800 2.3303
8.8900 2.3274
8.9000 2.3246
8.9100 2.3218
8.9200 2.3190
8.9300 2.3162
8.9400 2.3135
8.9500 2.3107
8.9600 2.3079
8.9700 2.3051
8.9800 2.3024
8.9900 2.2996
9.0000 2.2969
9.0100 2.2941
9.0200 2.2914
9.0300 2.2887
9.0400 2.2859
9.0500 2.2832
9.0600 2.2805
9.0700 2.2778
9.0800 2.2751
9.0900 2.2724
9.1000 2.2697
9.1100 2.2670
9.1200 2.2643
9.1300 2.2617
9.1400 2.2590
9.1500 2.2563
9.1600 2.2537
9.1700 2.2510
9.1800 2.2484
9.1900 2.2458
9.2000 2.2431
9.2100 2.2405
9.2200 2.2379
9.2300 2.2353
9.2400 2.2327
9.2500 2.2301
9.2600 2.2275
9.2700 2.2249
9.2800 2.2223
9.2900 2.2197
9.3000 2.2171
9.3100 2.2146
9.3200 2.2120
9.3300 2.2094
9.3400 2.2069
9.3500 2.2043
9.3600 2.2018
9.3700 2.1992
9.3800 2.1967
9.3900 2.1942
9.4000 2.1917
9.4100 2.1892
9.4200 2.1866
9.4300 2.1841
9.4400 2.1816
9.4500 2.1791
9.4600 2.1767
9.4700 2.1742
9.4800 2.1717
9.4900 2.1692
9.5000 2.1667
9.5100 2.1643
9.5200 2.1618
9.5300 2.1594
9.5400 2.1569
9.5500 2.1545
9.5600 2.1520
9.5700 2.1496
9.5800 2.1472
9.5900 2.1448
9.6000 2.1423
9.6100 2.1399
9.6200 2.1375
9.6300 2.1351
9.6400 2.1327
9.6500 2.1303
9.6600 2.1279
9.6700 2.1256
9.6800 2.1232
9.6900 2.1208
9.7000 2.1184
9.7100 2.1161
9.7200 2.1137
9.7300 2.1114
9.7400 2.1090
9.7500 2.1067
9.7600 2.1043
9.7700 2.1020
9.7800 2.0997
9.7900 2.0973
9.8000 2.0950
9.8100 2.0927
9.8200 2.0904
9.8300 2.0881
9.8400 2.0858
9.8500 2.0835
9.8600 2.0812
9.8700 2.0789
9.8800 2.0766
9.8900 2.0743
9.9000 2.0721
9.9100 2.0698
9.9200 2.0675
9.9300 2.0653
9.9400 2.0630
9.9500 2.0608
9.9600 2.0585
9.9700 2.0563
9.9800 2.0540
9.9900 2.0518
10.000 2.0496
10.100 2.0275
10.110 2.0253
10.120 2.0232
10.130 2.0210
10.140 2.0188
10.150 2.0167
10.160 2.0145
10.170 2.0123
10.180 2.0102
10.190 2.0080
10.200 2.0059
10.210 2.0038
10.220 2.0016
10.230 1.9995
10.240 1.9974
10.250 1.9952
10.260 1.9931
10.270 1.9910
10.280 1.9889
10.290 1.9868
10.300 1.9847
10.310 1.9826
10.320 1.9805
10.330 1.9784
10.340 1.9763
10.350 1.9742
10.360 1.9722
10.370 1.9701
10.380 1.9680
10.390 1.9660
10.400 1.9639
10.410 1.9618
10.420 1.9598
10.430 1.9577
10.440 1.9557
10.450 1.9536
10.460 1.9516
10.470 1.9496
10.480 1.9475
10.490 1.9455
10.500 1.9435
10.510 1.9415
10.520 1.9395
10.530 1.9374
10.540 1.9354
10.550 1.9334
10.560 1.9314
10.570 1.9294
10.580 1.9274
10.590 1.9255
10.600 1.9235
10.610 1.9215
10.620 1.9195
10.630 1.9175
10.640 1.9156
10.650 1.9136
10.660 1.9116
10.670 1.9097
10.680 1.9077
10.690 1.9058
10.700 1.9038
10.710 1.9019
10.720 1.8999
10.730 1.8980
10.740 1.8961
10.750 1.8941
10.760 1.8922
10.770 1.8903
10.780 1.8884
10.790 1.8864
10.800 1.8845
10.810 1.8826
10.820 1.8807
10.830 1.8788
10.840 1.8769
10.850 1.8750
10.860 1.8731
10.870 1.8712
10.880 1.8694
10.890 1.8675
10.900 1.8656
10.910 1.8637
10.920 1.8619
10.930 1.8600
10.940 1.8581
10.950 1.8563
10.960 1.8544
10.970 1.8525
10.980 1.8507
10.990 1.8488
11.000 1.8470
11.010 1.8452
11.020 1.8433
11.030 1.8415
11.040 1.8397
11.050 1.8378
11.060 1.8360
11.070 1.8342
11.080 1.8324
11.090 1.8306
11.100 1.8287
11.110 1.8269
11.120 1.8251
11.130 1.8233
11.140 1.8215
11.150 1.8197
11.160 1.8179
11.170 1.8161
11.180 1.8144
11.190 1.8126
11.200 1.8108
11.210 1.8090
11.220 1.8072
11.230 1.8055
11.240 1.8037
11.250 1.8019
11.260 1.8002
11.270 1.7984
11.280 1.7967
11.290 1.7949
11.300 1.7932
11.310 1.7914
11.320 1.7897
11.330 1.7879
11.340 1.7862
11.350 1.7845
11.360 1.7827
11.370 1.7810
11.380 1.7793
11.390 1.7776
11.400 1.7759
11.410 1.7741
11.420 1.7724
11.430 1.7707
11.440 1.7690
11.450 1.7673
11.460 1.7656
11.470 1.7639
11.480 1.7622
11.490 1.7605
11.500 1.7588
11.510 1.7572
11.520 1.7555
11.530 1.7538
11.540 1.7521
11.550 1.7504
11.560 1.7488
11.570 1.7471
11.580 1.7454
11.590 1.7438
11.600 1.7421
11.610 1.7405
11.620 1.7388
11.630 1.7371
11.640 1.7355
11.650 1.7339
11.660 1.7322
11.670 1.7306
11.680 1.7289
11.690 1.7273
11.700 1.7257
11.710 1.7240
11.720 1.7224
11.730 1.7208
11.740 1.7192
11.750 1.7175
11.760 1.7159
11.770 1.7143
11.780 1.7127
11.790 1.7111
11.800 1.7095
11.810 1.7079
11.820 1.7063
11.830 1.7047
11.840 1.7031
11.850 1.7015
11.860 1.6999
11.870 1.6983
11.880 1.6968
11.890 1.6952
11.900 1.6936
11.910 1.6920
11.920 1.6905
11.930 1.6889
11.940 1.6873
11.950 1.6857
11.960 1.6842
11.970 1.6826
11.980 1.6811
11.990 1.6795
12.000 1.6780
12.010 1.6764
12.020 1.6749
12.030 1.6733
12.040 1.6718
12.050 1.6702
12.060 1.6687
12.070 1.6672
12.080 1.6656
12.090 1.6641
12.100 1.6626
12.110 1.6611
12.120 1.6595
12.130 1.6580
12.140 1.6565
12.150 1.6550
12.160 1.6535
12.170 1.6520
12.180 1.6505
12.190 1.6490
12.200 1.6475
12.210 1.6460
12.220 1.6445
12.230 1.6430
12.240 1.6415
12.250 1.6400
12.260 1.6385
12.270 1.6370
12.280 1.6355
12.290 1.6340
12.300 1.6326
12.310 1.6311
12.320 1.6296
12.330 1.6281
12.340 1.6267
12.350 1.6252
12.360 1.6238
12.370 1.6223
12.380 1.6208
12.390 1.6194
12.400 1.6179
12.410 1.6165
12.420 1.6150
12.430 1.6136
12.440 1.6121
12.450 1.6107
12.460 1.6092
12.470 1.6078
12.480 1.6064
12.490 1.6049
12.500 1.6035
12.510 1.6021
12.520 1.6006
12.530 1.5992
12.540 1.5978
12.550 1.5964
12.560 1.5950
12.570 1.5935
12.580 1.5921
12.590 1.5907
12.600 1.5893
12.610 1.5879
12.620 1.5865
12.630 1.5851
12.640 1.5837
12.650 1.5823
12.660 1.5809
12.670 1.5795
12.680 1.5781
12.690 1.5767
12.700 1.5753
12.710 1.5740
12.720 1.5726
12.730 1.5712
12.740 1.5698
12.750 1.5684
12.760 1.5671
12.770 1.5657
12.780 1.5643
12.790 1.5630
12.800 1.5616
12.810 1.5602
12.820 1.5589
12.830 1.5575
12.840 1.5561
12.850 1.5548
12.860 1.5534
12.870 1.5521
12.880 1.5507
12.890 1.5494
12.900 1.5480
12.910 1.5467
12.920 1.5454
12.930 1.5440
12.940 1.5427
12.950 1.5414
12.960 1.5400
12.970 1.5387
12.980 1.5374
12.990 1.5360
13.000 1.5347
13.010 1.5334
13.020 1.5321
13.030 1.5307
13.040 1.5294
13.050 1.5281
13.060 1.5268
13.070 1.5255
13.080 1.5242
13.090 1.5229
13.100 1.5216
13.110 1.5203
13.120 1.5190
13.130 1.5177
13.140 1.5164
13.150 1.5151
13.160 1.5138
13.170 1.5125
13.180 1.5112
13.190 1.5099
13.200 1.5086
13.210 1.5074
13.220 1.5061
13.230 1.5048
13.240 1.5035
13.250 1.5022
13.260 1.5010
13.270 1.4997
13.280 1.4984
13.290 1.4972
13.300 1.4959
13.310 1.4946
13.320 1.4934
13.330 1.4921
13.340 1.4908
13.350 1.4896
13.360 1.4883
13.370 1.4871
13.380 1.4858
13.390 1.4846
13.400 1.4833
13.410 1.4821
13.420 1.4808
13.430 1.4796
13.440 1.4784
13.450 1.4771
13.460 1.4759
13.470 1.4747
13.480 1.4734
13.490 1.4722
13.500 1.4710
13.510 1.4697
13.520 1.4685
13.530 1.4673
13.540 1.4661
13.550 1.4648
13.560 1.4636
13.570 1.4624
13.580 1.4612
13.590 1.4600
13.600 1.4588
13.610 1.4576
13.620 1.4563
13.630 1.4551
13.640 1.4539
13.650 1.4527
13.660 1.4515
13.670 1.4503
13.680 1.4491
13.690 1.4479
13.700 1.4467
13.710 1.4456
13.720 1.4444
13.730 1.4432
13.740 1.4420
13.750 1.4408
13.760 1.4396
13.770 1.4384
13.780 1.4373
13.790 1.4361
13.800 1.4349
13.810 1.4337
13.820 1.4326
13.830 1.4314
13.840 1.4302
13.850 1.4290
13.860 1.4279
13.870 1.4267
13.880 1.4255
13.890 1.4244
13.900 1.4232
13.910 1.4221
13.920 1.4209
13.930 1.4198
13.940 1.4186
13.950 1.4174
13.960 1.4163
13.970 1.4151
13.980 1.4140
13.990 1.4129
14.000 1.4117
14.010 1.4106
14.020 1.4094
14.030 1.4083
14.040 1.4071
14.050 1.4060
14.060 1.4049
14.070 1.4037
14.080 1.4026
14.090 1.4015
14.100 1.4004
14.110 1.3992
14.120 1.3981
14.130 1.3970
14.140 1.3959
14.150 1.3947
14.160 1.3936
14.170 1.3925
14.180 1.3914
14.190 1.3903
14.200 1.3892
14.210 1.3880
14.220 1.3869
14.230 1.3858
14.240 1.3847
14.250 1.3836
14.260 1.3825
14.270 1.3814
14.280 1.3803
14.290 1.3792
14.300 1.3781
14.310 1.3770
14.320 1.3759
14.330 1.3748
14.340 1.3737
14.350 1.3727
14.360 1.3716
14.370 1.3705
14.380 1.3694
14.390 1.3683
14.400 1.3672
14.410 1.3661
14.420 1.3651
14.430 1.3640
14.440 1.3629
14.450 1.3618
14.460 1.3608
14.470 1.3597
14.480 1.3586
14.490 1.3576
14.500 1.3565
14.510 1.3554
14.520 1.3544
14.530 1.3533
14.540 1.3522
14.550 1.3512
14.560 1.3501
14.570 1.3491
14.580 1.3480
14.590 1.3469
14.600 1.3459
14.610 1.3448
14.620 1.3438
14.630 1.3427
14.640 1.3417
14.650 1.3406
14.660 1.3396
14.670 1.3386
14.680 1.3375
14.690 1.3365
14.700 1.3354
14.710 1.3344
14.720 1.3334
14.730 1.3323
14.740 1.3313
14.750 1.3303
14.760 1.3292
14.770 1.3282
14.780 1.3272
14.790 1.3261
14.800 1.3251
14.810 1.3241
14.820 1.3231
14.830 1.3221
14.840 1.3210
14.850 1.3200
14.860 1.3190
14.870 1.3180
14.880 1.3170
14.890 1.3160
14.900 1.3149
14.910 1.3139
14.920 1.3129
14.930 1.3119
14.940 1.3109
14.950 1.3099
14.960 1.3089
14.970 1.3079
14.980 1.3069
14.990 1.3059
15.000 1.3049
15.100 1.2950
15.110 1.2940
15.120 1.2930
15.130 1.2920
15.140 1.2910
15.150 1.2901
15.160 1.2891
15.170 1.2881
15.180 1.2871
15.190 1.2862
15.200 1.2852
15.210 1.2842
15.220 1.2832
15.230 1.2823
15.240 1.2813
15.250 1.2803
15.260 1.2794
15.270 1.2784
15.280 1.2775
15.290 1.2765
15.300 1.2755
15.310 1.2746
15.320 1.2736
15.330 1.2727
15.340 1.2717
15.350 1.2707
15.360 1.2698
15.370 1.2688
15.380 1.2679
15.390 1.2669
15.400 1.2660
15.410 1.2650
15.420 1.2641
15.430 1.2632
15.440 1.2622
15.450 1.2613
15.460 1.2603
15.470 1.2594
15.480 1.2584
15.490 1.2575
15.500 1.2566
15.510 1.2556
15.520 1.2547
15.530 1.2538
15.540 1.2528
15.550 1.2519
15.560 1.2510
15.570 1.2501
15.580 1.2491
15.590 1.2482
15.600 1.2473
15.610 1.2464
15.620 1.2454
15.630 1.2445
15.640 1.2436
15.650 1.2427
15.660 1.2418
15.670 1.2408
15.680 1.2399
15.690 1.2390
15.700 1.2381
15.710 1.2372
15.720 1.2363
15.730 1.2354
15.740 1.2345
15.750 1.2335
15.760 1.2326
15.770 1.2317
15.780 1.2308
15.790 1.2299
15.800 1.2290
15.810 1.2281
15.820 1.2272
15.830 1.2263
15.840 1.2254
15.850 1.2245
15.860 1.2236
15.870 1.2227
15.880 1.2218
15.890 1.2210
15.900 1.2201
15.910 1.2192
15.920 1.2183
15.930 1.2174
15.940 1.2165
15.950 1.2156
15.960 1.2147
15.970 1.2139
15.980 1.2130
15.990 1.2121
16.000 1.2112
16.010 1.2103
16.020 1.2095
16.030 1.2086
16.040 1.2077
16.050 1.2068
16.060 1.2060
16.070 1.2051
16.080 1.2042
16.090 1.2033
16.100 1.2025
16.110 1.2016
16.120 1.2007
16.130 1.1999
16.140 1.1990
16.150 1.1982
16.160 1.1973
16.170 1.1964
16.180 1.1956
16.190 1.1947
16.200 1.1938
16.210 1.1930
16.220 1.1921
16.230 1.1913
16.240 1.1904
16.250 1.1896
16.260 1.1887
16.270 1.1879
16.280 1.1870
16.290 1.1862
16.300 1.1853
16.310 1.1845
16.320 1.1836
16.330 1.1828
16.340 1.1819
16.350 1.1811
16.360 1.1802
16.370 1.1794
16.380 1.1786
16.390 1.1777
16.400 1.1769
16.410 1.1761
16.420 1.1752
16.430 1.1744
16.440 1.1735
16.450 1.1727
16.460 1.1719
16.470 1.1710
16.480 1.1702
16.490 1.1694
16.500 1.1686
16.510 1.1677
16.520 1.1669
16.530 1.1661
16.540 1.1653
16.550 1.1644
16.560 1.1636
16.570 1.1628
16.580 1.1620
16.590 1.1611
16.600 1.1603
16.610 1.1595
16.620 1.1587
16.630 1.1579
16.640 1.1571
16.650 1.1563
16.660 1.1554
16.670 1.1546
16.680 1.1538
16.690 1.1530
16.700 1.1522
16.710 1.1514
16.720 1.1506
16.730 1.1498
16.740 1.1490
16.750 1.1482
16.760 1.1474
16.770 1.1466
16.780 1.1458
16.790 1.1450
16.800 1.1442
16.810 1.1434
16.820 1.1426
16.830 1.1418
16.840 1.1410
16.850 1.1402
16.860 1.1394
16.870 1.1386
16.880 1.1378
16.890 1.1370
16.900 1.1362
16.910 1.1354
16.920 1.1346
16.930 1.1338
16.940 1.1331
16.950 1.1323
16.960 1.1315
16.970 1.1307
16.980 1.1299
16.990 1.1291
17.000 1.1284
17.010 1.1276
17.020 1.1268
17.030 1.1260
17.040 1.1252
17.050 1.1245
17.060 1.1237
17.070 1.1229
17.080 1.1221
17.090 1.1214
17.100 1.1206
17.110 1.1198
17.120 1.1191
17.130 1.1183
17.140 1.1175
17.150 1.1167
17.160 1.1160
17.170 1.1152
17.180 1.1144
17.190 1.1137
17.200 1.1129
17.210 1.1122
17.220 1.1114
17.230 1.1106
17.240 1.1099
17.250 1.1091
17.260 1.1084
17.270 1.1076
17.280 1.1068
17.290 1.1061
17.300 1.1053
17.310 1.1046
17.320 1.1038
17.330 1.1031
17.340 1.1023
17.350 1.1016
17.360 1.1008
17.370 1.1001
17.380 1.0993
17.390 1.0986
17.400 1.0978
17.410 1.0971
17.420 1.0963
17.430 1.0956
17.440 1.0948
17.450 1.0941
17.460 1.0934
17.470 1.0926
17.480 1.0919
17.490 1.0911
17.500 1.0904
17.510 1.0897
17.520 1.0889
17.530 1.0882
17.540 1.0875
17.550 1.0867
17.560 1.0860
17.570 1.0853
17.580 1.0845
17.590 1.0838
17.600 1.0831
17.610 1.0823
17.620 1.0816
17.630 1.0809
17.640 1.0801
17.650 1.0794
17.660 1.0787
17.670 1.0780
17.680 1.0772
17.690 1.0765
17.700 1.0758
17.710 1.0751
17.720 1.0744
17.730 1.0736
17.740 1.0729
17.750 1.0722
17.760 1.0715
17.770 1.0708
17.780 1.0701
17.790 1.0693
17.800 1.0686
17.810 1.0679
17.820 1.0672
17.830 1.0665
17.840 1.0658
17.850 1.0651
17.860 1.0644
17.870 1.0636
17.880 1.0629
17.890 1.0622
17.900 1.0615
17.910 1.0608
17.920 1.0601
17.930 1.0594
17.940 1.0587
17.950 1.0580
17.960 1.0573
17.970 1.0566
17.980 1.0559
17.990 1.0552
18.000 1.0545
18.010 1.0538
18.020 1.0531
18.030 1.0524
18.040 1.0517
18.050 1.0510
18.060 1.0503
18.070 1.0496
18.080 1.0489
18.090 1.0482
18.100 1.0475
18.110 1.0469
18.120 1.0462
18.130 1.0455
18.140 1.0448
18.150 1.0441
18.160 1.0434
18.170 1.0427
18.180 1.0420
18.190 1.0414
18.200 1.0407
18.210 1.0400
18.220 1.0393
18.230 1.0386
18.240 1.0379
18.250 1.0373
18.260 1.0366
18.270 1.0359
18.280 1.0352
18.290 1.0345
18.300 1.0339
18.310 1.0332
18.320 1.0325
18.330 1.0318
18.340 1.0312
18.350 1.0305
18.360 1.0298
18.370 1.0291
18.380 1.0285
18.390 1.0278
18.400 1.0271
18.410 1.0265
18.420 1.0258
18.430 1.0251
18.440 1.0245
18.450 1.0238
18.460 1.0231
18.470 1.0225
18.480 1.0218
18.490 1.0211
18.500 1.0205
18.510 1.0198
18.520 1.0192
18.530 1.0185
18.540 1.0178
18.550 1.0172
18.560 1.0165
18.570 1.0159
18.580 1.0152
18.590 1.0145
18.600 1.0139
18.610 1.0132
18.620 1.0126
18.630 1.0119
18.640 1.0113
18.650 1.0106
18.660 1.0100
18.670 1.0093
18.680 1.0087
18.690 1.0080
18.700 1.0074
18.710 1.0067
18.720 1.0061
18.730 1.0054
18.740 1.0048
18.750 1.0041
18.760 1.0035
18.770 1.0028
18.780 1.0022
18.790 1.0016
18.800 1.0009
18.810 1.0003
18.820 0.99963
18.830 0.99899
18.840 0.99835
18.850 0.99771
18.860 0.99707
18.870 0.99643
18.880 0.99579
18.890 0.99516
18.900 0.99452
18.910 0.99389
18.920 0.99325
18.930 0.99262
18.940 0.99198
18.950 0.99135
18.960 0.99072
18.970 0.99009
18.980 0.98946
18.990 0.98883
19.000 0.98820
19.010 0.98757
19.020 0.98694
19.030 0.98631
19.040 0.98569
19.050 0.98506
19.060 0.98443
19.070 0.98381
19.080 0.98318
19.090 0.98256
19.100 0.98194
19.110 0.98132
19.120 0.98069
19.130 0.98007
19.140 0.97945
19.150 0.97883
19.160 0.97821
19.170 0.97759
19.180 0.97698
19.190 0.97636
19.200 0.97574
19.210 0.97512
19.220 0.97451
19.230 0.97389
19.240 0.97328
19.250 0.97267
19.260 0.97205
19.270 0.97144
19.280 0.97083
19.290 0.97022
19.300 0.96961
19.310 0.96900
19.320 0.96839
19.330 0.96778
19.340 0.96717
19.350 0.96656
19.360 0.96595
19.370 0.96535
19.380 0.96474
19.390 0.96414
19.400 0.96353
19.410 0.96293
19.420 0.96232
19.430 0.96172
19.440 0.96112
19.450 0.96052
19.460 0.95992
19.470 0.95932
19.480 0.95872
19.490 0.95812
19.500 0.95752
19.510 0.95692
19.520 0.95632
19.530 0.95573
19.540 0.95513
19.550 0.95453
19.560 0.95394
19.570 0.95334
19.580 0.95275
19.590 0.95216
19.600 0.95156
19.610 0.95097
19.620 0.95038
19.630 0.94979
19.640 0.94920
19.650 0.94861
19.660 0.94802
19.670 0.94743
19.680 0.94684
19.690 0.94625
19.700 0.94567
19.710 0.94508
19.720 0.94449
19.730 0.94391
19.740 0.94332
19.750 0.94274
19.760 0.94216
19.770 0.94157
19.780 0.94099
19.790 0.94041
19.800 0.93983
19.810 0.93925
19.820 0.93867
19.830 0.93809
19.840 0.93751
19.850 0.93693
19.860 0.93635
19.870 0.93577
19.880 0.93520
19.890 0.93462
19.900 0.93404
19.910 0.93347
19.920 0.93290
19.930 0.93232
19.940 0.93175
19.950 0.93117
19.960 0.93060
19.970 0.93003
19.980 0.92946
19.990 0.92889
20.000 0.92832
20.100 0.92265
20.110 0.92208
20.120 0.92152
20.130 0.92095
20.140 0.92039
20.150 0.91983
20.160 0.91927
20.170 0.91871
20.180 0.91815
20.190 0.91759
20.200 0.91703
20.210 0.91647
20.220 0.91591
20.230 0.91535
20.240 0.91479
20.250 0.91424
20.260 0.91368
20.270 0.91313
20.280 0.91257
20.290 0.91202
20.300 0.91146
20.310 0.91091
20.320 0.91035
20.330 0.90980
20.340 0.90925
20.350 0.90870
20.360 0.90815
20.370 0.90760
20.380 0.90705
20.390 0.90650
20.400 0.90595
20.410 0.90540
20.420 0.90485
20.430 0.90430
20.440 0.90376
20.450 0.90321
20.460 0.90267
20.470 0.90212
20.480 0.90158
20.490 0.90103
20.500 0.90049
20.510 0.89994
20.520 0.89940
20.530 0.89886
20.540 0.89832
20.550 0.89778
20.560 0.89723
20.570 0.89669
20.580 0.89615
20.590 0.89561
20.600 0.89508
20.610 0.89454
20.620 0.89400
20.630 0.89346
20.640 0.89293
20.650 0.89239
20.660 0.89185
20.670 0.89132
20.680 0.89078
20.690 0.89025
20.700 0.88972
20.710 0.88918
20.720 0.88865
20.730 0.88812
20.740 0.88758
20.750 0.88705
20.760 0.88652
20.770 0.88599
20.780 0.88546
20.790 0.88493
20.800 0.88440
20.810 0.88388
20.820 0.88335
20.830 0.88282
20.840 0.88229
20.850 0.88177
20.860 0.88124
20.870 0.88071
20.880 0.88019
20.890 0.87966
20.900 0.87914
20.910 0.87862
20.920 0.87809
20.930 0.87757
20.940 0.87705
20.950 0.87653
20.960 0.87601
20.970 0.87548
20.980 0.87496
20.990 0.87444
21.000 0.87393
21.010 0.87341
21.020 0.87289
21.030 0.87237
21.040 0.87185
21.050 0.87134
21.060 0.87082
21.070 0.87030
21.080 0.86979
21.090 0.86927
21.100 0.86876
21.110 0.86824
21.120 0.86773
21.130 0.86722
21.140 0.86670
21.150 0.86619
21.160 0.86568
21.170 0.86517
21.180 0.86466
21.190 0.86415
21.200 0.86364
21.210 0.86313
21.220 0.86262
21.230 0.86211
21.240 0.86160
21.250 0.86109
21.260 0.86058
21.270 0.86008
21.280 0.85957
21.290 0.85907
21.300 0.85856
21.310 0.85805
21.320 0.85755
21.330 0.85705
21.340 0.85654
21.350 0.85604
21.360 0.85554
21.370 0.85503
21.380 0.85453
21.390 0.85403
21.400 0.85353
21.410 0.85303
21.420 0.85253
21.430 0.85203
21.440 0.85153
21.450 0.85103
21.460 0.85053
21.470 0.85003
21.480 0.84954
21.490 0.84904
21.500 0.84854
21.510 0.84805
21.520 0.84755
21.530 0.84706
21.540 0.84656
21.550 0.84607
21.560 0.84557
21.570 0.84508
21.580 0.84459
21.590 0.84409
21.600 0.84360
21.610 0.84311
21.620 0.84262
21.630 0.84213
21.640 0.84164
21.650 0.84115
21.660 0.84066
21.670 0.84017
21.680 0.83968
21.690 0.83919
21.700 0.83870
21.710 0.83821
21.720 0.83773
21.730 0.83724
21.740 0.83675
21.750 0.83627
21.760 0.83578
21.770 0.83530
21.780 0.83481
21.790 0.83433
21.800 0.83385
21.810 0.83336
21.820 0.83288
21.830 0.83240
21.840 0.83191
21.850 0.83143
21.860 0.83095
21.870 0.83047
21.880 0.82999
21.890 0.82951
21.900 0.82903
21.910 0.82855
21.920 0.82807
21.930 0.82759
21.940 0.82712
21.950 0.82664
21.960 0.82616
21.970 0.82569
21.980 0.82521
21.990 0.82473
22.000 0.82426
22.010 0.82378
22.020 0.82331
22.030 0.82283
22.040 0.82236
22.050 0.82189
22.060 0.82141
22.070 0.82094
22.080 0.82047
22.090 0.82000
22.100 0.81953
22.110 0.81905
22.120 0.81858
22.130 0.81811
22.140 0.81764
22.150 0.81717
22.160 0.81671
22.170 0.81624
22.180 0.81577
22.190 0.81530
22.200 0.81483
22.210 0.81437
22.220 0.81390
22.230 0.81343
22.240 0.81297
22.250 0.81250
22.260 0.81204
22.270 0.81157
22.280 0.81111
22.290 0.81064
22.300 0.81018
22.310 0.80972
22.320 0.80926
22.330 0.80879
22.340 0.80833
22.350 0.80787
22.360 0.80741
22.370 0.80695
22.380 0.80649
22.390 0.80603
22.400 0.80557
22.410 0.80511
22.420 0.80465
22.430 0.80419
22.440 0.80373
22.450 0.80328
22.460 0.80282
22.470 0.80236
22.480 0.80191
22.490 0.80145
22.500 0.80099
22.510 0.80054
22.520 0.80008
22.530 0.79963
22.540 0.79917
22.550 0.79872
22.560 0.79827
22.570 0.79781
22.580 0.79736
22.590 0.79691
22.600 0.79646
22.610 0.79601
22.620 0.79555
22.630 0.79510
22.640 0.79465
22.650 0.79420
22.660 0.79375
22.670 0.79330
22.680 0.79286
22.690 0.79241
22.700 0.79196
22.710 0.79151
22.720 0.79106
22.730 0.79062
22.740 0.79017
22.750 0.78972
22.760 0.78928
22.770 0.78883
22.780 0.78839
22.790 0.78794
22.800 0.78750
22.810 0.78705
22.820 0.78661
22.830 0.78617
22.840 0.78572
22.850 0.78528
22.860 0.78484
22.870 0.78440
22.880 0.78395
22.890 0.78351
22.900 0.78307
22.910 0.78263
22.920 0.78219
22.930 0.78175
22.940 0.78131
22.950 0.78087
22.960 0.78043
22.970 0.78000
22.980 0.77956
22.990 0.77912
23.000 0.77868
23.010 0.77825
23.020 0.77781
23.030 0.77737
23.040 0.77694
23.050 0.77650
23.060 0.77607
23.070 0.77563
23.080 0.77520
23.090 0.77476
23.100 0.77433
23.110 0.77390
23.120 0.77346
23.130 0.77303
23.140 0.77260
23.150 0.77217
23.160 0.77173
23.170 0.77130
23.180 0.77087
23.190 0.77044
23.200 0.77001
23.210 0.76958
23.220 0.76915
23.230 0.76872
23.240 0.76829
23.250 0.76786
23.260 0.76744
23.270 0.76701
23.280 0.76658
23.290 0.76615
23.300 0.76573
23.310 0.76530
23.320 0.76487
23.330 0.76445
23.340 0.76402
23.350 0.76360
23.360 0.76317
23.370 0.76275
23.380 0.76232
23.390 0.76190
23.400 0.76148
23.410 0.76105
23.420 0.76063
23.430 0.76021
23.440 0.75979
23.450 0.75936
23.460 0.75894
23.470 0.75852
23.480 0.75810
23.490 0.75768
23.500 0.75726
23.510 0.75684
23.520 0.75642
23.530 0.75600
23.540 0.75558
23.550 0.75517
23.560 0.75475
23.570 0.75433
23.580 0.75391
23.590 0.75350
23.600 0.75308
23.610 0.75266
23.620 0.75225
23.630 0.75183
23.640 0.75141
23.650 0.75100
23.660 0.75058
23.670 0.75017
23.680 0.74976
23.690 0.74934
23.700 0.74893
23.710 0.74852
23.720 0.74810
23.730 0.74769
23.740 0.74728
23.750 0.74687
23.760 0.74645
23.770 0.74604
23.780 0.74563
23.790 0.74522
23.800 0.74481
23.810 0.74440
23.820 0.74399
23.830 0.74358
23.840 0.74317
23.850 0.74276
23.860 0.74236
23.870 0.74195
23.880 0.74154
23.890 0.74113
23.900 0.74073
23.910 0.74032
23.920 0.73991
23.930 0.73951
23.940 0.73910
23.950 0.73869
23.960 0.73829
23.970 0.73788
23.980 0.73748
23.990 0.73708
24.000 0.73667
24.010 0.73627
24.020 0.73586
24.030 0.73546
24.040 0.73506
24.050 0.73466
24.060 0.73425
24.070 0.73385
24.080 0.73345
24.090 0.73305
24.100 0.73265
24.110 0.73225
24.120 0.73185
24.130 0.73145
24.140 0.73105
24.150 0.73065
24.160 0.73025
24.170 0.72985
24.180 0.72945
24.190 0.72905
24.200 0.72866
24.210 0.72826
24.220 0.72786
24.230 0.72746
24.240 0.72707
24.250 0.72667
24.260 0.72628
24.270 0.72588
24.280 0.72548
24.290 0.72509
24.300 0.72469
24.310 0.72430
24.320 0.72391
24.330 0.72351
24.340 0.72312
24.350 0.72273
24.360 0.72233
24.370 0.72194
24.380 0.72155
24.390 0.72115
24.400 0.72076
24.410 0.72037
24.420 0.71998
24.430 0.71959
24.440 0.71920
24.450 0.71881
24.460 0.71842
24.470 0.71803
24.480 0.71764
24.490 0.71725
24.500 0.71686
24.510 0.71647
24.520 0.71608
24.530 0.71570
24.540 0.71531
24.550 0.71492
24.560 0.71453
24.570 0.71415
24.580 0.71376
24.590 0.71337
24.600 0.71299
24.610 0.71260
24.620 0.71222
24.630 0.71183
24.640 0.71145
24.650 0.71106
24.660 0.71068
24.670 0.71029
24.680 0.70991
24.690 0.70953
24.700 0.70914
24.710 0.70876
24.720 0.70838
24.730 0.70800
24.740 0.70761
24.750 0.70723
24.760 0.70685
24.770 0.70647
24.780 0.70609
24.790 0.70571
24.800 0.70533
24.810 0.70495
24.820 0.70457
24.830 0.70419
24.840 0.70381
24.850 0.70343
24.860 0.70305
24.870 0.70267
24.880 0.70229
24.890 0.70192
24.900 0.70154
24.910 0.70116
24.920 0.70078
24.930 0.70041
24.940 0.70003
24.950 0.69966
24.960 0.69928
24.970 0.69890
24.980 0.69853
24.990 0.69815
25.000 0.69778
25.100 0.69405
25.110 0.69367
25.120 0.69330
25.130 0.69293
25.140 0.69256
25.150 0.69219
25.160 0.69182
25.170 0.69145
25.180 0.69108
25.190 0.69071
25.200 0.69034
25.210 0.68997
25.220 0.68960
25.230 0.68923
25.240 0.68887
25.250 0.68850
25.260 0.68813
25.270 0.68776
25.280 0.68739
25.290 0.68703
25.300 0.68666
25.310 0.68629
25.320 0.68593
25.330 0.68556
25.340 0.68520
25.350 0.68483
25.360 0.68447
25.370 0.68410
25.380 0.68374
25.390 0.68337
25.400 0.68301
25.410 0.68264
25.420 0.68228
25.430 0.68192
25.440 0.68155
25.450 0.68119
25.460 0.68083
25.470 0.68047
25.480 0.68010
25.490 0.67974
25.500 0.67938
25.510 0.67902
25.520 0.67866
25.530 0.67830
25.540 0.67794
25.550 0.67758
25.560 0.67722
25.570 0.67686
25.580 0.67650
25.590 0.67614
25.600 0.67578
25.610 0.67542
25.620 0.67506
25.630 0.67470
25.640 0.67435
25.650 0.67399
25.660 0.67363
25.670 0.67327
25.680 0.67292
25.690 0.67256
25.700 0.67220
25.710 0.67185
25.720 0.67149
25.730 0.67114
25.740 0.67078
25.750 0.67042
25.760 0.67007
25.770 0.66971
25.780 0.66936
25.790 0.66901
25.800 0.66865
25.810 0.66830
25.820 0.66794
25.830 0.66759
25.840 0.66724
25.850 0.66689
25.860 0.66653
25.870 0.66618
25.880 0.66583
25.890 0.66548
25.900 0.66513
25.910 0.66477
25.920 0.66442
25.930 0.66407
25.940 0.66372
25.950 0.66337
25.960 0.66302
25.970 0.66267
25.980 0.66232
25.990 0.66197
26.000 0.66162
26.010 0.66127
26.020 0.66093
26.030 0.66058
26.040 0.66023
26.050 0.65988
26.060 0.65953
26.070 0.65919
26.080 0.65884
26.090 0.65849
26.100 0.65815
26.110 0.65780
26.120 0.65745
26.130 0.65711
26.140 0.65676
26.150 0.65642
26.160 0.65607
26.170 0.65573
26.180 0.65538
26.190 0.65504
26.200 0.65469
26.210 0.65435
26.220 0.65400
26.230 0.65366
26.240 0.65332
26.250 0.65297
26.260 0.65263
26.270 0.65229
26.280 0.65195
26.290 0.65160
26.300 0.65126
26.310 0.65092
26.320 0.65058
26.330 0.65024
26.340 0.64990
26.350 0.64955
26.360 0.64921
26.370 0.64887
26.380 0.64853
26.390 0.64819
26.400 0.64785
26.410 0.64751
26.420 0.64717
26.430 0.64684
26.440 0.64650
26.450 0.64616
26.460 0.64582
26.470 0.64548
26.480 0.64514
26.490 0.64481
26.500 0.64447
26.510 0.64413
26.520 0.64379
26.530 0.64346
26.540 0.64312
26.550 0.64279
26.560 0.64245
26.570 0.64211
26.580 0.64178
26.590 0.64144
26.600 0.64111
26.610 0.64077
26.620 0.64044
26.630 0.64010
26.640 0.63977
26.650 0.63943
26.660 0.63910
26.670 0.63877
26.680 0.63843
26.690 0.63810
26.700 0.63777
26.710 0.63743
26.720 0.63710
26.730 0.63677
26.740 0.63644
26.750 0.63611
26.760 0.63577
26.770 0.63544
26.780 0.63511
26.790 0.63478
26.800 0.63445
26.810 0.63412
26.820 0.63379
26.830 0.63346
26.840 0.63313
26.850 0.63280
26.860 0.63247
26.870 0.63214
26.880 0.63181
26.890 0.63148
26.900 0.63115
26.910 0.63083
26.920 0.63050
26.930 0.63017
26.940 0.62984
26.950 0.62951
26.960 0.62919
26.970 0.62886
26.980 0.62853
26.990 0.62821
27.000 0.62788
27.010 0.62755
27.020 0.62723
27.030 0.62690
27.040 0.62658
27.050 0.62625
27.060 0.62593
27.070 0.62560
27.080 0.62528
27.090 0.62495
27.100 0.62463
27.110 0.62430
27.120 0.62398
27.130 0.62365
27.140 0.62333
27.150 0.62301
27.160 0.62268
27.170 0.62236
27.180 0.62204
27.190 0.62172
27.200 0.62139
27.210 0.62107
27.220 0.62075
27.230 0.62043
27.240 0.62011
27.250 0.61979
27.260 0.61946
27.270 0.61914
27.280 0.61882
27.290 0.61850
27.300 0.61818
27.310 0.61786
27.320 0.61754
27.330 0.61722
27.340 0.61690
27.350 0.61658
27.360 0.61627
27.370 0.61595
27.380 0.61563
27.390 0.61531
27.400 0.61499
27.410 0.61467
27.420 0.61436
27.430 0.61404
27.440 0.61372
27.450 0.61340
27.460 0.61309
27.470 0.61277
27.480 0.61245
27.490 0.61214
27.500 0.61182
27.510 0.61151
27.520 0.61119
27.530 0.61087
27.540 0.61056
27.550 0.61024
27.560 0.60993
27.570 0.60961
27.580 0.60930
27.590 0.60898
27.600 0.60867
27.610 0.60836
27.620 0.60804
27.630 0.60773
27.640 0.60742
27.650 0.60710
27.660 0.60679
27.670 0.60648
27.680 0.60616
27.690 0.60585
27.700 0.60554
27.710 0.60523
27.720 0.60492
27.730 0.60460
27.740 0.60429
27.750 0.60398
27.760 0.60367
27.770 0.60336
27.780 0.60305
27.790 0.60274
27.800 0.60243
27.810 0.60212
27.820 0.60181
27.830 0.60150
27.840 0.60119
27.850 0.60088
27.860 0.60057
27.870 0.60026
27.880 0.59995
27.890 0.59964
27.900 0.59934
27.910 0.59903
27.920 0.59872
27.930 0.59841
27.940 0.59810
27.950 0.59780
27.960 0.59749
27.970 0.59718
27.980 0.59688
27.990 0.59657
28.000 0.59626
28.010 0.59596
28.020 0.59565
28.030 0.59534
28.040 0.59504
28.050 0.59473
28.060 0.59443
28.070 0.59412
28.080 0.59382
28.090 0.59351
28.100 0.59321
28.110 0.59290
28.120 0.59260
28.130 0.59229
28.140 0.59199
28.150 0.59169
28.160 0.59138
28.170 0.59108
28.180 0.59078
28.190 0.59047
28.200 0.59017
28.210 0.58987
28.220 0.58957
28.230 0.58926
28.240 0.58896
28.250 0.58866
28.260 0.58836
28.270 0.58806
28.280 0.58776
28.290 0.58745
28.300 0.58715
28.310 0.58685
28.320 0.58655
28.330 0.58625
28.340 0.58595
28.350 0.58565
28.360 0.58535
28.370 0.58505
28.380 0.58475
28.390 0.58445
28.400 0.58415
28.410 0.58385
28.420 0.58356
28.430 0.58326
28.440 0.58296
28.450 0.58266
28.460 0.58236
28.470 0.58206
28.480 0.58177
28.490 0.58147
28.500 0.58117
28.510 0.58087
28.520 0.58058
28.530 0.58028
28.540 0.57998
28.550 0.57969
28.560 0.57939
28.570 0.57910
28.580 0.57880
28.590 0.57850
28.600 0.57821
28.610 0.57791
28.620 0.57762
28.630 0.57732
28.640 0.57703
28.650 0.57673
28.660 0.57644
28.670 0.57614
28.680 0.57585
28.690 0.57555
28.700 0.57526
28.710 0.57497
28.720 0.57467
28.730 0.57438
28.740 0.57409
28.750 0.57379
28.760 0.57350
28.770 0.57321
28.780 0.57292
28.790 0.57262
28.800 0.57233
28.810 0.57204
28.820 0.57175
28.830 0.57146
28.840 0.57116
28.850 0.57087
28.860 0.57058
28.870 0.57029
28.880 0.57000
28.890 0.56971
28.900 0.56942
28.910 0.56913
28.920 0.56884
28.930 0.56855
28.940 0.56826
28.950 0.56797
28.960 0.56768
28.970 0.56739
28.980 0.56710
28.990 0.56681
29.000 0.56652
29.010 0.56623
29.020 0.56595
29.030 0.56566
29.040 0.56537
29.050 0.56508
29.060 0.56479
29.070 0.56450
29.080 0.56422
29.090 0.56393
29.100 0.56364
29.110 0.56336
29.120 0.56307
29.130 0.56278
29.140 0.56250
29.150 0.56221
29.160 0.56192
29.170 0.56164
29.180 0.56135
29.190 0.56107
29.200 0.56078
29.210 0.56049
29.220 0.56021
29.230 0.55992
29.240 0.55964
29.250 0.55935
29.260 0.55907
29.270 0.55879
29.280 0.55850
29.290 0.55822
29.300 0.55793
29.310 0.55765
29.320 0.55737
29.330 0.55708
29.340 0.55680
29.350 0.55652
29.360 0.55623
29.370 0.55595
29.380 0.55567
29.390 0.55538
29.400 0.55510
29.410 0.55482
29.420 0.55454
29.430 0.55426
29.440 0.55397
29.450 0.55369
29.460 0.55341
29.470 0.55313
29.480 0.55285
29.490 0.55257
29.500 0.55229
29.510 0.55201
29.520 0.55173
29.530 0.55144
29.540 0.55116
29.550 0.55088
29.560 0.55060
29.570 0.55032
29.580 0.55005
29.590 0.54977
29.600 0.54949
29.610 0.54921
29.620 0.54893
29.630 0.54865
29.640 0.54837
29.650 0.54809
29.660 0.54781
29.670 0.54754
29.680 0.54726
29.690 0.54698
29.700 0.54670
29.710 0.54642
29.720 0.54615
29.730 0.54587
29.740 0.54559
29.750 0.54532
29.760 0.54504
29.770 0.54476
29.780 0.54449
29.790 0.54421
29.800 0.54393
29.810 0.54366
29.820 0.54338
29.830 0.54310
29.840 0.54283
29.850 0.54255
29.860 0.54228
29.870 0.54200
29.880 0.54173
29.890 0.54145
29.900 0.54118
29.910 0.54090
29.920 0.54063
29.930 0.54035
29.940 0.54008
29.950 0.53981
29.960 0.53953
29.970 0.53926
29.980 0.53899
29.990 0.53871
30.000 0.53844
