0.10000 254.26
0.11000 231.13
0.12000 211.86
0.13000 195.56
0.14000 181.58
0.15000 169.47
0.16000 158.87
0.17000 149.51
0.18000 141.20
0.19000 133.76
0.20000 127.07
0.21000 121.01
0.22000 115.51
0.23000 110.48
0.24000 105.87
0.25000 101.63
0.26000 97.718
0.27000 94.095
0.28000 90.730
0.29000 87.597
0.30000 84.673
0.31000 81.938
0.32000 79.374
0.33000 76.965
0.34000 74.698
0.35000 72.560
0.36000 70.541
0.37000 68.631
0.38000 66.822
0.39000 65.106
0.40000 63.475
0.41000 61.924
0.42000 60.447
0.43000 59.038
0.44000 57.694
0.45000 56.409
0.46000 55.180
0.47000 54.003
0.48000 52.876
0.49000 51.794
0.50000 50.756
0.51000 49.758
0.52000 48.799
0.53000 47.876
0.54000 46.987
0.55000 46.131
0.56000 45.305
0.57000 44.508
0.58000 43.739
0.59000 42.995
0.60000 42.277
0.61000 41.582
0.62000 40.909
0.63000 40.258
0.64000 39.627
0.65000 39.015
0.66000 38.422
0.67000 37.847
0.68000 37.289
0.69000 36.747
0.70000 36.220
0.71000 35.708
0.72000 35.211
0.73000 34.727
0.74000 34.256
0.75000 33.797
0.76000 33.351
0.77000 32.916
0.78000 32.493
0.79000 32.080
0.80000 31.678
0.81000 31.285
0.82000 30.902
0.83000 30.528
0.84000 30.163
0.85000 29.807
0.86000 29.459
0.87000 29.119
0.88000 28.787
0.89000 28.462
0.90000 28.144
0.91000 27.834
0.92000 27.530
0.93000 27.233
0.94000 26.942
0.95000 26.657
0.96000 26.378
0.97000 26.105
0.98000 25.837
0.99000 25.575
1.0000 25.318
1.0100 25.066
1.0200 24.819
1.0300 24.577
1.0400 24.340
1.0500 24.107
1.0600 23.878
1.0700 23.654
1.0800 23.434
1.0900 23.218
1.1000 23.005
1.1100 22.797
1.1200 22.592
1.1300 22.391
1.1400 22.194
1.1500 22.000
1.1600 21.809
1.1700 21.622
1.1800 21.438
1.1900 21.256
1.2000 21.078
1.2100 20.903
1.2200 20.731
1.2300 20.561
1.2400 20.394
1.2500 20.230
1.2600 20.069
1.2700 19.910
1.2800 19.753
1.2900 19.599
1.3000 19.448
1.3100 19.298
1.3200 19.151
1.3300 19.006
1.3400 18.863
1.3500 18.723
1.3600 18.584
1.3700 18.448
1.3800 18.313
1.3900 18.181
1.4000 18.050
1.4100 17.921
1.4200 17.794
1.4300 17.669
1.4400 17.545
1.4500 17.423
1.4600 17.303
1.4700 17.185
1.4800 17.068
1.4900 16.952
1.5000 16.839
1.5100 16.726
1.5200 16.615
1.5300 16.506
1.5400 16.398
1.5500 16.291
1.5600 16.186
1.5700 16.082
1.5800 15.980
1.5900 15.879
1.6000 15.779
1.6100 15.680
1.6200 15.582
1.6300 15.486
1.6400 15.391
1.6500 15.297
1.6600 15.204
1.6700 15.112
1.6800 15.021
1.6900 14.932
1.7000 14.843
1.7100 14.756
1.7200 14.669
1.7300 14.584
1.7400 14.499
1.7500 14.416
1.7600 14.333
1.7700 14.252
1.7800 14.171
1.7900 14.091
1.8000 14.012
1.8100 13.934
1.8200 13.857
1.8300 13.780
1.8400 13.705
1.8500 13.630
1.8600 13.556
1.8700 13.483
1.8800 13.411
1.8900 13.339
1.9000 13.268
1.9100 13.198
1.9200 13.129
1.9300 13.060
1.9400 12.992
1.9500 12.925
1.9600 12.858
1.9700 12.792
1.9800 12.727
1.9900 12.663
2.0000 12.599
2.0100 12.535
2.0200 12.473
2.0300 12.411
2.0400 12.349
2.0500 12.288
2.0600 12.228
2.0700 12.169
2.0800 12.109
2.0900 12.051
2.1000 11.993
2.1100 11.936
2.1200 11.879
2.1300 11.822
2.1400 11.767
2.1500 11.711
2.1600 11.656
2.1700 11.602
2.1800 11.548
2.1900 11.495
2.2000 11.442
2.2100 11.390
2.2200 11.338
2.2300 11.287
2.2400 11.236
2.2500 11.185
2.2600 11.135
2.2700 11.086
2.2800 11.037
2.2900 10.988
2.3000 10.940
2.3100 10.892
2.3200 10.844
2.3300 10.797
2.3400 10.751
2.3500 10.704
2.3600 10.658
2.3700 10.613
2.3800 10.568
2.3900 10.523
2.4000 10.479
2.4100 10.435
2.4200 10.391
2.4300 10.348
2.4400 10.305
2.4500 10.262
2.4600 10.220
2.4700 10.178
2.4800 10.137
2.4900 10.096
2.5000 10.055
2.5100 10.014
2.5200 9.9740
2.5300 9.9341
2.5400 9.8945
2.5500 9.8552
2.5600 9.8162
2.5700 9.7775
2.5800 9.7392
2.5900 9.7011
2.6000 9.6633
2.6100 9.6258
2.6200 9.5886
2.6300 9.5517
2.6400 9.5151
2.6500 9.4787
2.6600 9.4426
2.6700 9.4068
2.6800 9.3712
2.6900 9.3360
2.7000 9.3009
2.7100 9.2662
2.7200 9.2316
2.7300 9.1974
2.7400 9.1634
2.7500 9.1296
2.7600 9.0961
2.7700 9.0628
2.7800 9.0298
2.7900 8.9970
2.8000 8.9644
2.8100 8.9321
2.8200 8.9000
2.8300 8.8681
2.8400 8.8364
2.8500 8.8050
2.8600 8.7738
2.8700 8.7428
2.8800 8.7120
2.8900 8.6814
2.9000 8.6511
2.9100 8.6209
2.9200 8.5910
2.9300 8.5613
2.9400 8.5317
2.9500 8.5024
2.9600 8.4733
2.9700 8.4443
2.9800 8.4156
2.9900 8.3870
3.0000 8.3587
3.0100 8.3305
3.0200 8.3025
3.0300 8.2747
3.0400 8.2471
3.0500 8.2196
3.0600 8.1924
3.0700 8.1653
3.0800 8.1384
3.0900 8.1117
3.1000 8.0851
3.1100 8.0587
3.1200 8.0325
3.1300 8.0064
3.1400 7.9806
3.1500 7.9548
3.1600 7.9293
3.1700 7.9039
3.1800 7.8786
3.1900 7.8536
3.2000 7.8286
3.2100 7.8039
3.2200 7.7792
3.2300 7.7548
3.2400 7.7305
3.2500 7.7063
3.2600 7.6823
3.2700 7.6584
3.2800 7.6347
3.2900 7.6111
3.3000 7.5877
3.3100 7.5644
3.3200 7.5413
3.3300 7.5182
3.3400 7.4954
3.3500 7.4726
3.3600 7.4500
3.3700 7.4276
3.3800 7.4052
3.3900 7.3830
3.4000 7.3609
3.4100 7.3390
3.4200 7.3172
3.4300 7.2955
3.4400 7.2739
3.4500 7.2525
3.4600 7.2312
3.4700 7.2100
3.4800 7.1889
3.4900 7.1680
3.5000 7.1471
3.5100 7.1264
3.5200 7.1058
3.5300 7.0854
3.5400 7.0650
3.5500 7.0448
3.5600 7.0246
3.5700 7.0046
3.5800 6.9847
3.5900 6.9649
3.6000 6.9452
3.6100 6.9256
3.6200 6.9062
3.6300 6.8868
3.6400 6.8675
3.6500 6.8484
3.6600 6.8293
3.6700 6.8104
3.6800 6.7916
3.6900 6.7728
3.7000 6.7542
3.7100 6.7357
3.7200 6.7172
3.7300 6.6989
3.7400 6.6806
3.7500 6.6625
3.7600 6.6445
3.7700 6.6265
3.7800 6.6087
3.7900 6.5909
3.8000 6.5732
3.8100 6.5557
3.8200 6.5382
3.8300 6.5208
3.8400 6.5035
3.8500 6.4863
3.8600 6.4692
3.8700 6.4521
3.8800 6.4352
3.8900 6.4183
3.9000 6.4015
3.9100 6.3849
3.9200 6.3683
3.9300 6.3517
3.9400 6.3353
3.9500 6.3190
3.9600 6.3027
3.9700 6.2865
3.9800 6.2704
3.9900 6.2544
4.0000 6.2384
4.0100 6.2226
4.0200 6.2068
4.0300 6.1911
4.0400 6.1755
4.0500 6.1599
4.0600 6.1444
4.0700 6.1290
4.0800 6.1137
4.0900 6.0985
4.1000 6.0833
4.1100 6.0682
4.1200 6.0532
4.1300 6.0382
4.1400 6.0233
4.1500 6.0085
4.1600 5.9938
4.1700 5.9791
4.1800 5.9645
4.1900 5.9500
4.2000 5.9355
4.2100 5.9211
4.2200 5.9068
4.2300 5.8926
4.2400 5.8784
4.2500 5.8643
4.2600 5.8502
4.2700 5.8362
4.2800 5.8223
4.2900 5.8084
4.3000 5.7946
4.3100 5.7809
4.3200 5.7672
4.3300 5.7536
4.3400 5.7401
4.3500 5.7266
4.3600 5.7132
4.3700 5.6998
4.3800 5.6866
4.3900 5.6733
4.4000 5.6601
4.4100 5.6470
4.4200 5.6340
4.4300 5.6210
4.4400 5.6080
4.4500 5.5952
4.4600 5.5823
4.4700 5.5696
4.4800 5.5569
4.4900 5.5442
4.5000 5.5316
4.5100 5.5191
4.5200 5.5066
4.5300 5.4942
4.5400 5.4818
4.5500 5.4695
4.5600 5.4572
4.5700 5.4450
4.5800 5.4329
4.5900 5.4208
4.6000 5.4087
4.6100 5.3967
4.6200 5.3848
4.6300 5.3729
4.6400 5.3610
4.6500 5.3492
4.6600 5.3375
4.6700 5.3258
4.6800 5.3141
4.6900 5.3025
4.7000 5.2910
4.7100 5.2795
4.7200 5.2681
4.7300 5.2567
4.7400 5.2453
4.7500 5.2340
4.7600 5.2228
4.7700 5.2115
4.7800 5.2004
4.7900 5.1893
4.8000 5.1782
4.8100 5.1672
4.8200 5.1562
4.8300 5.1453
4.8400 5.1344
4.8500 5.1236
4.8600 5.1128
4.8700 5.1020
4.8800 5.0913
4.8900 5.0806
4.9000 5.0700
4.9100 5.0594
4.9200 5.0489
4.9300 5.0384
4.9400 5.0280
4.9500 5.0176
4.9600 5.0072
4.9700 4.9969
4.9800 4.9866
4.9900 4.9763
5.0000 4.9661
5.1000 4.8663
5.1100 4.8566
5.1200 4.8469
5.1300 4.8372
5.1400 4.8275
5.1500 4.8179
5.1600 4.8083
5.1700 4.7988
5.1800 4.7893
5.1900 4.7798
5.2000 4.7704
5.2100 4.7610
5.2200 4.7516
5.2300 4.7423
5.2400 4.7330
5.2500 4.7238
5.2600 4.7146
5.2700 4.7054
5.2800 4.6962
5.2900 4.6871
5.3000 4.6780
5.3100 4.6690
5.3200 4.6600
5.3300 4.6510
5.3400 4.6421
5.3500 4.6332
5.3600 4.6243
5.3700 4.6154
5.3800 4.6066
5.3900 4.5979
5.4000 4.5891
5.4100 4.5804
5.4200 4.5717
5.4300 4.5631
5.4400 4.5545
5.4500 4.5459
5.4600 4.5373
5.4700 4.5288
5.4800 4.5203
5.4900 4.5119
5.5000 4.5034
5.5100 4.4950
5.5200 4.4867
5.5300 4.4783
5.5400 4.4700
5.5500 4.4617
5.5600 4.4535
5.5700 4.4453
5.5800 4.4371
5.5900 4.4289
5.6000 4.4208
5.6100 4.4127
5.6200 4.4046
5.6300 4.3966
5.6400 4.3886
5.6500 4.3806
5.6600 4.3726
5.6700 4.3647
5.6800 4.3568
5.6900 4.3489
5.7000 4.3411
5.7100 4.3332
5.7200 4.3255
5.7300 4.3177
5.7400 4.3099
5.7500 4.3022
5.7600 4.2946
5.7700 4.2869
5.7800 4.2793
5.7900 4.2717
5.8000 4.2641
5.8100 4.2565
5.8200 4.2490
5.8300 4.2415
5.8400 4.2340
5.8500 4.2266
5.8600 4.2191
5.8700 4.2117
5.8800 4.2044
5.8900 4.1970
5.9000 4.1897
5.9100 4.1824
5.9200 4.1751
5.9300 4.1679
5.9400 4.1606
5.9500 4.1534
5.9600 4.1463
5.9700 4.1391
5.9800 4.1320
5.9900 4.1249
6.0000 4.1178
6.0100 4.1107
6.0200 4.1037
6.0300 4.0967
6.0400 4.0897
6.0500 4.0827
6.0600 4.0758
6.0700 4.0689
6.0800 4.0620
6.0900 4.0551
6.1000 4.0483
6.1100 4.0414
6.1200 4.0346
6.1300 4.0278
6.1400 4.0211
6.1500 4.0143
6.1600 4.0076
6.1700 4.0009
6.1800 3.9942
6.1900 3.9876
6.2000 3.9810
6.2100 3.9743
6.2200 3.9678
6.2300 3.9612
6.2400 3.9546
6.2500 3.9481
6.2600 3.9416
6.2700 3.9351
6.2800 3.9287
6.2900 3.9222
6.3000 3.9158
6.3100 3.9094
6.3200 3.9030
6.3300 3.8966
6.3400 3.8903
6.3500 3.8840
6.3600 3.8777
6.3700 3.8714
6.3800 3.8651
6.3900 3.8589
6.4000 3.8527
6.4100 3.8464
6.4200 3.8403
6.4300 3.8341
6.4400 3.8279
6.4500 3.8218
6.4600 3.8157
6.4700 3.8096
6.4800 3.8036
6.4900 3.7975
6.5000 3.7915
6.5100 3.7854
6.5200 3.7795
6.5300 3.7735
6.5400 3.7675
6.5500 3.7616
6.5600 3.7556
6.5700 3.7497
6.5800 3.7438
6.5900 3.7380
6.6000 3.7321
6.6100 3.7263
6.6200 3.7205
6.6300 3.7147
6.6400 3.7089
6.6500 3.7031
6.6600 3.6974
6.6700 3.6916
6.6800 3.6859
6.6900 3.6802
6.7000 3.6746
6.7100 3.6689
6.7200 3.6632
6.7300 3.6576
6.7400 3.6520
6.7500 3.6464
6.7600 3.6408
6.7700 3.6353
6.7800 3.6297
6.7900 3.6242
6.8000 3.6187
6.8100 3.6132
6.8200 3.6077
6.8300 3.6022
6.8400 3.5968
6.8500 3.5914
6.8600 3.5859
6.8700 3.5805
6.8800 3.5751
6.8900 3.5698
6.9000 3.5644
6.9100 3.5591
6.9200 3.5538
6.9300 3.5485
6.9400 3.5432
6.9500 3.5379
6.9600 3.5326
6.9700 3.5274
6.9800 3.5221
6.9900 3.5169
7.0000 3.5117
7.0100 3.5065
7.0200 3.5014
7.0300 3.4962
7.0400 3.4911
7.0500 3.4859
7.0600 3.4808
7.0700 3.4757
7.0800 3.4706
7.0900 3.4655
7.1000 3.4605
7.1100 3.4554
7.1200 3.4504
7.1300 3.4454
7.1400 3.4404
7.1500 3.4354
7.1600 3.4304
7.1700 3.4255
7.1800 3.4205
7.1900 3.4156
7.2000 3.4107
7.2100 3.4058
7.2200 3.4009
7.2300 3.3960
7.2400 3.3912
7.2500 3.3863
7.2600 3.3815
7.2700 3.3766
7.2800 3.3718
7.2900 3.3670
7.3000 3.3622
7.3100 3.3575
7.3200 3.3527
7.3300 3.3480
7.3400 3.3432
7.3500 3.3385
7.3600 3.3338
7.3700 3.3291
7.3800 3.3244
7.3900 3.3198
7.4000 3.3151
7.4100 3.3105
7.4200 3.3058
7.4300 3.3012
7.4400 3.2966
7.4500 3.2920
7.4600 3.2874
7.4700 3.2829
7.4800 3.2783
7.4900 3.2738
7.5000 3.2692
7.5100 3.2647
7.5200 3.2602
7.5300 3.2557
7.5400 3.2512
7.5500 3.2468
7.5600 3.2423
7.5700 3.2378
7.5800 3.2334
7.5900 3.2290
7.6000 3.2246
7.6100 3.2202
7.6200 3.2158
7.6300 3.2114
7.6400 3.2070
7.6500 3.2027
7.6600 3.1983
7.6700 3.1940
7.6800 3.1897
7.6900 3.1854
7.7000 3.1811
7.7100 3.1768
7.7200 3.1725
7.7300 3.1682
7.7400 3.1640
7.7500 3.1597
7.7600 3.1555
7.7700 3.1513
7.7800 3.1471
7.7900 3.1429
7.8000 3.1387
7.8100 3.1345
7.8200 3.1303
7.8300 3.1262
7.8400 3.1220
7.8500 3.1179
7.8600 3.1137
7.8700 3.1096
7.8800 3.1055
7.8900 3.1014
7.9000 3.0973
7.9100 3.0933
7.9200 3.0892
7.9300 3.0851
7.9400 3.0811
7.9500 3.0771
7.9600 3.0730
7.9700 3.0690
7.9800 3.0650
7.9900 3.0610
8.0000 3.0570
8.0100 3.0531
8.0200 3.0491
8.0300 3.0451
8.0400 3.0412
8.0500 3.0373
8.0600 3.0333
8.0700 3.0294
8.0800 3.0255
8.0900 3.0216
8.1000 3.0177
8.1100 3.0139
8.1200 3.0100
8.1300 3.0061
8.1400 3.0023
8.1500 2.9985
8.1600 2.9946
8.1700 2.9908
8.1800 2.9870
8.1900 2.9832
8.2000 2.9794
8.2100 2.9756
8.2200 2.9718
8.2300 2.9681
8.2400 2.9643
8.2500 2.9606
8.2600 2.9568
8.2700 2.9531
8.2800 2.9494
8.2900 2.9457
8.3000 2.9420
8.3100 2.9383
8.3200 2.9346
8.3300 2.9309
8.3400 2.9273
8.3500 2.9236
8.3600 2.9200
8.3700 2.9163
8.3800 2.9127
8.3900 2.9091
8.4000 2.9055
8.4100 2.9018
8.4200 2.8983
8.4300 2.8947
8.4400 2.8911
8.4500 2.8875
8.4600 2.8840
8.4700 2.8804
8.4800 2.8769
8.4900 2.8733
8.5000 2.8698
8.5100 2.8663
8.5200 2.8628
8.5300 2.8592
8.5400 2.8557
8.5500 2.8523
8.5600 2.8488
8.5700 2.8453
8.5800 2.8418
8.5900 2.8384
8.6000 2.8349
8.6100 2.8315
8.6200 2.8281
8.6300 2.8246
8.6400 2.8212
8.6500 2.8178
8.6600 2.8144
8.6700 2.8110
8.6800 2.8076
8.6900 2.8043
8.7000 2.8009
8.7100 2.7975
8.7200 2.7942
8.7300 2.7908
8.7400 2.7875
8.7500 2.7842
8.7600 2.7808
8.7700 2.7775
8.7800 2.7742
8.7900 2.7709
8.8000 2.7676
8.8100 2.7643
8.8200 2.7611
8.8300 2.7578
8.8400 2.7545
8.8500 2.7513
8.8600 2.7480
8.8700 2.7448
8.8800 2.7416
8.8900 2.7383
8.9000 2.7351
8.9100 2.7319
8.9200 2.7287
8.9300 2.7255
8.9400 2.7223
8.9500 2.7191
8.9600 2.7159
8.9700 2.7128
8.9800 2.7096
8.9900 2.7065
9.0000 2.7033
9.0100 2.7002
9.0200 2.6970
9.0300 2.6939
9.0400 2.6908
9.0500 2.6877
9.0600 2.6846
9.0700 2.6815
9.0800 2.6784
9.0900 2.6753
9.1000 2.6722
9.1100 2.6691
9.1200 2.6661
9.1300 2.6630
9.1400 2.6600
9.1500 2.6569
9.1600 2.6539
9.1700 2.6508
9.1800 2.6478
9.1900 2.6448
9.2000 2.6418
9.2100 2.6388
9.2200 2.6358
9.2300 2.6328
9.2400 2.6298
9.2500 2.6268
9.2600 2.6238
9.2700 2.6209
9.2800 2.6179
9.2900 2.6149
9.3000 2.6120
9.3100 2.6091
9.3200 2.6061
9.3300 2.6032
9.3400 2.6003
9.3500 2.5974
9.3600 2.5944
9.3700 2.5915
9.3800 2.5886
9.3900 2.5857
9.4000 2.5829
9.4100 2.5800
9.4200 2.5771
9.4300 2.5742
9.4400 2.5714
9.4500 2.5685
9.4600 2.5657
9.4700 2.5628
9.4800 2.5600
9.4900 2.5572
9.5000 2.5543
9.5100 2.5515
9.5200 2.5487
9.5300 2.5459
9.5400 2.5431
9.5500 2.5403
9.5600 2.5375
9.5700 2.5347
9.5800 2.5319
9.5900 2.5292
9.6000 2.5264
9.6100 2.5236
9.6200 2.5209
9.6300 2.5181
9.6400 2.5154
9.6500 2.5126
9.6600 2.5099
9.6700 2.5072
9.6800 2.5045
9.6900 2.5017
9.7000 2.4990
9.7100 2.4963
9.7200 2.4936
9.7300 2.4909
9.7400 2.4882
9.7500 2.4856
9.7600 2.4829
9.7700 2.4802
9.7800 2.4775
9.7900 2.4749
9.8000 2.4722
9.8100 2.4696
9.8200 2.4669
9.8300 2.4643
9.8400 2.4617
9.8500 2.4590
9.8600 2.4564
9.8700 2.4538
9.8800 2.4512
9.8900 2.4486
9.9000 2.4460
9.9100 2.4434
9.9200 2.4408
9.9300 2.4382
9.9400 2.4356
9.9500 2.4330
9.9600 2.4305
9.9700 2.4279
9.9800 2.4253
9.9900 2.4228
10.000 2.4202
10.100 2.3950
10.110 2.3925
10.120 2.3900
10.130 2.3875
10.140 2.3850
10.150 2.3826
10.160 2.3801
10.170 2.3776
10.180 2.3752
10.190 2.3727
10.200 2.3703
10.210 2.3678
10.220 2.3654
10.230 2.3629
10.240 2.3605
10.250 2.3581
10.260 2.3556
10.270 2.3532
10.280 2.3508
10.290 2.3484
10.300 2.3460
10.310 2.3436
10.320 2.3412
10.330 2.3388
10.340 2.3364
10.350 2.3340
10.360 2.3317
10.370 2.3293
10.380 2.3269
10.390 2.3246
10.400 2.3222
10.410 2.3199
10.420 2.3175
10.430 2.3152
10.440 2.3128
10.450 2.3105
10.460 2.3082
10.470 2.3058
10.480 2.3035
10.490 2.3012
10.500 2.2989
10.510 2.2966
10.520 2.2943
10.530 2.2920
10.540 2.2897
10.550 2.2874
10.560 2.2851
10.570 2.2828
10.580 2.2805
10.590 2.2782
10.600 2.2760
10.610 2.2737
10.620 2.2714
10.630 2.2692
10.640 2.2669
10.650 2.2647
10.660 2.2624
10.670 2.2602
10.680 2.2580
10.690 2.2557
10.700 2.2535
10.710 2.2513
10.720 2.2491
10.730 2.2468
10.740 2.2446
10.750 2.2424
10.760 2.2402
10.770 2.2380
10.780 2.2358
10.790 2.2336
10.800 2.2314
10.810 2.2293
10.820 2.2271
10.830 2.2249
10.840 2.2227
10.850 2.2206
10.860 2.2184
10.870 2.2162
10.880 2.2141
10.890 2.2119
10.900 2.2098
10.910 2.2076
10.920 2.2055
10.930 2.2034
10.940 2.2012
10.950 2.1991
10.960 2.1970
10.970 2.1949
10.980 2.1927
10.990 2.1906
11.000 2.1885
11.010 2.1864
11.020 2.1843
11.030 2.1822
11.040 2.1801
11.050 2.1780
11.060 2.1760
11.070 2.1739
11.080 2.1718
11.090 2.1697
11.100 2.1676
11.110 2.1656
11.120 2.1635
11.130 2.1615
11.140 2.1594
11.150 2.1573
11.160 2.1553
11.170 2.1533
11.180 2.1512
11.190 2.1492
11.200 2.1471
11.210 2.1451
11.220 2.1431
11.230 2.1411
11.240 2.1390
11.250 2.1370
11.260 2.1350
11.270 2.1330
11.280 2.1310
11.290 2.1290
11.300 2.1270
11.310 2.1250
11.320 2.1230
11.330 2.1210
11.340 2.1190
11.350 2.1171
11.360 2.1151
11.370 2.1131
11.380 2.1111
11.390 2.1092
11.400 2.1072
11.410 2.1052
11.420 2.1033
11.430 2.1013
11.440 2.0994
11.450 2.0974
11.460 2.0955
11.470 2.0936
11.480 2.0916
11.490 2.0897
11.500 2.0878
11.510 2.0858
11.520 2.0839
11.530 2.0820
11.540 2.0801
11.550 2.0782
11.560 2.0762
11.570 2.0743
11.580 2.0724
11.590 2.0705
11.600 2.0686
11.610 2.0668
11.620 2.0649
11.630 2.0630
11.640 2.0611
11.650 2.0592
11.660 2.0573
11.670 2.0555
11.680 2.0536
11.690 2.0517
11.700 2.0499
11.710 2.0480
11.720 2.0461
11.730 2.0443
11.740 2.0424
11.750 2.0406
11.760 2.0387
11.770 2.0369
11.780 2.0351
11.790 2.0332
11.800 2.0314
11.810 2.0296
11.820 2.0277
11.830 2.0259
11.840 2.0241
11.850 2.0223
11.860 2.0205
11.870 2.0186
11.880 2.0168
11.890 2.0150
11.900 2.0132
11.910 2.0114
11.920 2.0096
11.930 2.0078
11.940 2.0060
11.950 2.0043
11.960 2.0025
11.970 2.0007
11.980 1.9989
11.990 1.9971
12.000 1.9954
12.010 1.9936
12.020 1.9918
12.030 1.9901
12.040 1.9883
12.050 1.9865
12.060 1.9848
12.070 1.9830
12.080 1.9813
12.090 1.9795
12.100 1.9778
12.110 1.9761
12.120 1.9743
12.130 1.9726
12.140 1.9709
12.150 1.9691
12.160 1.9674
12.170 1.9657
12.180 1.9640
12.190 1.9622
12.200 1.9605
12.210 1.9588
12.220 1.9571
12.230 1.9554
12.240 1.9537
12.250 1.9520
12.260 1.9503
12.270 1.9486
12.280 1.9469
12.290 1.9452
12.300 1.9435
12.310 1.9418
12.320 1.9402
12.330 1.9385
12.340 1.9368
12.350 1.9351
12.360 1.9335
12.370 1.9318
12.380 1.9301
12.390 1.9285
12.400 1.9268
12.410 1.9251
12.420 1.9235
12.430 1.9218
12.440 1.9202
12.450 1.9185
12.460 1.9169
12.470 1.9153
12.480 1.9136
12.490 1.9120
12.500 1.9103
12.510 1.9087
12.520 1.9071
12.530 1.9055
12.540 1.9038
12.550 1.9022
12.560 1.9006
12.570 1.8990
12.580 1.8974
12.590 1.8958
12.600 1.8941
12.610 1.8925
12.620 1.8909
12.630 1.8893
12.640 1.8877
12.650 1.8861
12.660 1.8846
12.670 1.8830
12.680 1.8814
12.690 1.8798
12.700 1.8782
12.710 1.8766
12.720 1.8750
12.730 1.8735
12.740 1.8719
12.750 1.8703
12.760 1.8688
12.770 1.8672
12.780 1.8656
12.790 1.8641
12.800 1.8625
12.810 1.8610
12.820 1.8594
12.830 1.8578
12.840 1.8563
12.850 1.8548
12.860 1.8532
12.870 1.8517
12.880 1.8501
12.890 1.8486
12.900 1.8471
12.910 1.8455
12.920 1.8440
12.930 1.8425
12.940 1.8409
12.950 1.8394
12.960 1.8379
12.970 1.8364
12.980 1.8349
12.990 1.8334
13.000 1.8318
13.010 1.8303
13.020 1.8288
13.030 1.8273
13.040 1.8258
13.050 1.8243
13.060 1.8228
13.070 1.8213
13.080 1.8198
13.090 1.8183
13.100 1.8169
13.110 1.8154
13.120 1.8139
13.130 1.8124
13.140 1.8109
13.150 1.8095
13.160 1.8080
13.170 1.8065
13.180 1.8050
13.190 1.8036
13.200 1.8021
13.210 1.8006
13.220 1.7992
13.230 1.7977
13.240 1.7963
13.250 1.7948
13.260 1.7934
13.270 1.7919
13.280 1.7905
13.290 1.7890
13.300 1.7876
13.310 1.7861
13.320 1.7847
13.330 1.7832
13.340 1.7818
13.350 1.7804
13.360 1.7790
13.370 1.7775
13.380 1.7761
13.390 1.7747
13.400 1.7732
13.410 1.7718
13.420 1.7704
13.430 1.7690
13.440 1.7676
13.450 1.7662
13.460 1.7648
13.470 1.7634
13.480 1.7619
13.490 1.7605
13.500 1.7591
13.510 1.7577
13.520 1.7563
13.530 1.7549
13.540 1.7536
13.550 1.7522
13.560 1.7508
13.570 1.7494
13.580 1.7480
13.590 1.7466
13.600 1.7452
13.610 1.7439
13.620 1.7425
13.630 1.7411
13.640 1.7397
13.650 1.7384
13.660 1.7370
13.670 1.7356
13.680 1.7343
13.690 1.7329
13.700 1.7315
13.710 1.7302
13.720 1.7288
13.730 1.7275
13.740 1.7261
13.750 1.7248
13.760 1.7234
13.770 1.7221
13.780 1.7207
13.790 1.7194
13.800 1.7180
13.810 1.7167
13.820 1.7154
13.830 1.7140
13.840 1.7127
13.850 1.7114
13.860 1.7100
13.870 1.7087
13.880 1.7074
13.890 1.7061
13.900 1.7047
13.910 1.7034
13.920 1.7021
13.930 1.7008
13.940 1.6995
13.950 1.6981
13.960 1.6968
13.970 1.6955
13.980 1.6942
13.990 1.6929
14.000 1.6916
14.010 1.6903
14.020 1.6890
14.030 1.6877
14.040 1.6864
14.050 1.6851
14.060 1.6838
14.070 1.6825
14.080 1.6812
14.090 1.6800
14.100 1.6787
14.110 1.6774
14.120 1.6761
14.130 1.6748
14.140 1.6736
14.150 1.6723
14.160 1.6710
14.170 1.6697
14.180 1.6685
14.190 1.6672
14.200 1.6659
14.210 1.6647
14.220 1.6634
14.230 1.6621
14.240 1.6609
14.250 1.6596
14.260 1.6584
14.270 1.6571
14.280 1.6559
14.290 1.6546
14.300 1.6534
14.310 1.6521
14.320 1.6509
14.330 1.6496
14.340 1.6484
14.350 1.6471
14.360 1.6459
14.370 1.6447
14.380 1.6434
14.390 1.6422
14.400 1.6410
14.410 1.6397
14.420 1.6385
14.430 1.6373
14.440 1.6360
14.450 1.6348
14.460 1.6336
14.470 1.6324
14.480 1.6312
14.490 1.6299
14.500 1.6287
14.510 1.6275
14.520 1.6263
14.530 1.6251
14.540 1.6239
14.550 1.6227
14.560 1.6215
14.570 1.6203
14.580 1.6191
14.590 1.6179
14.600 1.6167
14.610 1.6155
14.620 1.6143
14.630 1.6131
14.640 1.6119
14.650 1.6107
14.660 1.6095
14.670 1.6083
14.680 1.6071
14.690 1.6059
14.700 1.6048
14.710 1.6036
14.720 1.6024
14.730 1.6012
14.740 1.6000
14.750 1.5989
14.760 1.5977
14.770 1.5965
14.780 1.5954
14.790 1.5942
14.800 1.5930
14.810 1.5919
14.820 1.5907
14.830 1.5895
14.840 1.5884
14.850 1.5872
14.860 1.5860
14.870 1.5849
14.880 1.5837
14.890 1.5826
14.900 1.5814
14.910 1.5803
14.920 1.5791
14.930 1.5780
14.940 1.5768
14.950 1.5757
14.960 1.5746
14.970 1.5734
14.980 1.5723
14.990 1.5711
15.000 1.5700
15.100 1.5587
15.110 1.5576
15.120 1.5565
15.130 1.5554
15.140 1.5543
15.150 1.5531
15.160 1.5520
15.170 1.5509
15.180 1.5498
15.190 1.5487
15.200 1.5476
15.210 1.5465
15.220 1.5454
15.230 1.5443
15.240 1.5432
15.250 1.5421
15.260 1.5410
15.270 1.5399
15.280 1.5388
15.290 1.5377
15.300 1.5366
15.310 1.5355
15.320 1.5344
15.330 1.5333
15.340 1.5323
15.350 1.5312
15.360 1.5301
15.370 1.5290
15.380 1.5279
15.390 1.5268
15.400 1.5258
15.410 1.5247
15.420 1.5236
15.430 1.5225
15.440 1.5215
15.450 1.5204
15.460 1.5193
15.470 1.5183
15.480 1.5172
15.490 1.5161
15.500 1.5151
15.510 1.5140
15.520 1.5129
15.530 1.5119
15.540 1.5108
15.550 1.5098
15.560 1.5087
15.570 1.5077
15.580 1.5066
15.590 1.5055
15.600 1.5045
15.610 1.5034
15.620 1.5024
15.630 1.5014
15.640 1.5003
15.650 1.4993
15.660 1.4982
15.670 1.4972
15.680 1.4961
15.690 1.4951
15.700 1.4941
15.710 1.4930
15.720 1.4920
15.730 1.4910
15.740 1.4899
15.750 1.4889
15.760 1.4879
15.770 1.4868
15.780 1.4858
15.790 1.4848
15.800 1.4838
15.810 1.4827
15.820 1.4817
15.830 1.4807
15.840 1.4797
15.850 1.4787
15.860 1.4776
15.870 1.4766
15.880 1.4756
15.890 1.4746
15.900 1.4736
15.910 1.4726
15.920 1.4716
15.930 1.4706
15.940 1.4695
15.950 1.4685
15.960 1.4675
15.970 1.4665
15.980 1.4655
15.990 1.4645
16.000 1.4635
16.010 1.4625
16.020 1.4615
16.030 1.4605
16.040 1.4596
16.050 1.4586
16.060 1.4576
16.070 1.4566
16.080 1.4556
16.090 1.4546
16.100 1.4536
16.110 1.4526
16.120 1.4516
16.130 1.4507
16.140 1.4497
16.150 1.4487
16.160 1.4477
16.170 1.4467
16.180 1.4458
16.190 1.4448
16.200 1.4438
16.210 1.4428
16.220 1.4419
16.230 1.4409
16.240 1.4399
16.250 1.4390
16.260 1.4380
16.270 1.4370
16.280 1.4361
16.290 1.4351
16.300 1.4341
16.310 1.4332
16.320 1.4322
16.330 1.4312
16.340 1.4303
16.350 1.4293
16.360 1.4284
16.370 1.4274
16.380 1.4265
16.390 1.4255
16.400 1.4246
16.410 1.4236
16.420 1.4227
16.430 1.4217
16.440 1.4208
16.450 1.4198
16.460 1.4189
16.470 1.4179
16.480 1.4170
16.490 1.4161
16.500 1.4151
16.510 1.4142
16.520 1.4132
16.530 1.4123
16.540 1.4114
16.550 1.4104
16.560 1.4095
16.570 1.4086
16.580 1.4076
16.590 1.4067
16.600 1.4058
16.610 1.4049
16.620 1.4039
16.630 1.4030
16.640 1.4021
16.650 1.4012
16.660 1.4002
16.670 1.3993
16.680 1.3984
16.690 1.3975
16.700 1.3966
16.710 1.3956
16.720 1.3947
16.730 1.3938
16.740 1.3929
16.750 1.3920
16.760 1.3911
16.770 1.3902
16.780 1.3893
16.790 1.3883
16.800 1.3874
16.810 1.3865
16.820 1.3856
16.830 1.3847
16.840 1.3838
16.850 1.3829
16.860 1.3820
16.870 1.3811
16.880 1.3802
16.890 1.3793
16.900 1.3784
16.910 1.3775
16.920 1.3766
16.930 1.3757
16.940 1.3749
16.950 1.3740
16.960 1.3731
16.970 1.3722
16.980 1.3713
16.990 1.3704
17.000 1.3695
17.010 1.3686
17.020 1.3678
17.030 1.3669
17.040 1.3660
17.050 1.3651
17.060 1.3642
17.070 1.3634
17.080 1.3625
17.090 1.3616
17.100 1.3607
17.110 1.3599
17.120 1.3590
17.130 1.3581
17.140 1.3572
17.150 1.3564
17.160 1.3555
17.170 1.3546
17.180 1.3538
17.190 1.3529
17.200 1.3520
17.210 1.3512
17.220 1.3503
17.230 1.3494
17.240 1.3486
17.250 1.3477
17.260 1.3469
17.270 1.3460
17.280 1.3451
17.290 1.3443
17.300 1.3434
17.310 1.3426
17.320 1.3417
17.330 1.3409
17.340 1.3400
17.350 1.3392
17.360 1.3383
17.370 1.3375
17.380 1.3366
17.390 1.3358
17.400 1.3349
17.410 1.3341
17.420 1.3332
17.430 1.3324
17.440 1.3316
17.450 1.3307
17.460 1.3299
17.470 1.3290
17.480 1.3282
17.490 1.3274
17.500 1.3265
17.510 1.3257
17.520 1.3249
17.530 1.3240
17.540 1.3232
17.550 1.3224
17.560 1.3215
17.570 1.3207
17.580 1.3199
17.590 1.3190
17.600 1.3182
17.610 1.3174
17.620 1.3166
17.630 1.3157
17.640 1.3149
17.650 1.3141
17.660 1.3133
17.670 1.3125
17.680 1.3116
17.690 1.3108
17.700 1.3100
17.710 1.3092
17.720 1.3084
17.730 1.3076
17.740 1.3067
17.750 1.3059
17.760 1.3051
17.770 1.3043
17.780 1.3035
17.790 1.3027
17.800 1.3019
17.810 1.3011
17.820 1.3003
17.830 1.2995
17.840 1.2987
17.850 1.2979
17.860 1.2971
17.870 1.2962
17.880 1.2954
17.890 1.2946
17.900 1.2938
17.910 1.2931
17.920 1.2923
17.930 1.2915
17.940 1.2907
17.950 1.2899
17.960 1.2891
17.970 1.2883
17.980 1.2875
17.990 1.2867
18.000 1.2859
18.010 1.2851
18.020 1.2843
18.030 1.2835
18.040 1.2828
18.050 1.2820
18.060 1.2812
18.070 1.2804
18.080 1.2796
18.090 1.2788
18.100 1.2780
18.110 1.2773
18.120 1.2765
18.130 1.2757
18.140 1.2749
18.150 1.2742
18.160 1.2734
18.170 1.2726
18.180 1.2718
18.190 1.2710
18.200 1.2703
18.210 1.2695
18.220 1.2687
18.230 1.2680
18.240 1.2672
18.250 1.2664
18.260 1.2657
18.270 1.2649
18.280 1.2641
18.290 1.2634
18.300 1.2626
18.310 1.2618
18.320 1.2611
18.330 1.2603
18.340 1.2595
18.350 1.2588
18.360 1.2580
18.370 1.2573
18.380 1.2565
18.390 1.2557
18.400 1.2550
18.410 1.2542
18.420 1.2535
18.430 1.2527
18.440 1.2520
18.450 1.2512
18.460 1.2505
18.470 1.2497
18.480 1.2490
18.490 1.2482
18.500 1.2475
18.510 1.2467
18.520 1.2460
18.530 1.2452
18.540 1.2445
18.550 1.2437
18.560 1.2430
18.570 1.2422
18.580 1.2415
18.590 1.2408
18.600 1.2400
18.610 1.2393
18.620 1.2385
18.630 1.2378
18.640 1.2371
18.650 1.2363
18.660 1.2356
18.670 1.2349
18.680 1.2341
18.690 1.2334
18.700 1.2327
18.710 1.2319
18.720 1.2312
18.730 1.2305
18.740 1.2297
18.750 1.2290
18.760 1.2283
18.770 1.2275
18.780 1.2268
18.790 1.2261
18.800 1.2254
18.810 1.2246
18.820 1.2239
18.830 1.2232
18.840 1.2225
18.850 1.2218
18.860 1.2210
18.870 1.2203
18.880 1.2196
18.890 1.2189
18.900 1.2182
18.910 1.2174
18.920 1.2167
18.930 1.2160
18.940 1.2153
18.950 1.2146
18.960 1.2139
18.970 1.2132
18.980 1.2124
18.990 1.2117
19.000 1.2110
19.010 1.2103
19.020 1.2096
19.030 1.2089
19.040 1.2082
19.050 1.2075
19.060 1.2068
19.070 1.2061
19.080 1.2054
19.090 1.2047
19.100 1.2040
19.110 1.2033
19.120 1.2026
19.130 1.2019
19.140 1.2012
19.150 1.2005
19.160 1.1998
19.170 1.1991
19.180 1.1984
19.190 1.1977
19.200 1.1970
19.210 1.1963
19.220 1.1956
19.230 1.1949
19.240 1.1942
19.250 1.1935
19.260 1.1928
19.270 1.1921
19.280 1.1914
19.290 1.1907
19.300 1.1901
19.310 1.1894
19.320 1.1887
19.330 1.1880
19.340 1.1873
19.350 1.1866
19.360 1.1859
19.370 1.1853
19.380 1.1846
19.390 1.1839
19.400 1.1832
19.410 1.1825
19.420 1.1819
19.430 1.1812
19.440 1.1805
19.450 1.1798
19.460 1.1791
19.470 1.1785
19.480 1.1778
19.490 1.1771
19.500 1.1764
19.510 1.1758
19.520 1.1751
19.530 1.1744
19.540 1.1737
19.550 1.1731
19.560 1.1724
19.570 1.1717
19.580 1.1711
19.590 1.1704
19.600 1.1697
19.610 1.1691
19.620 1.1684
19.630 1.1677
19.640 1.1671
19.650 1.1664
19.660 1.1657
19.670 1.1651
19.680 1.1644
19.690 1.1638
19.700 1.1631
19.710 1.1624
19.720 1.1618
19.730 1.1611
19.740 1.1605
19.750 1.1598
19.760 1.1591
19.770 1.1585
19.780 1.1578
19.790 1.1572
19.800 1.1565
19.810 1.1559
19.820 1.1552
19.830 1.1546
19.840 1.1539
19.850 1.1533
19.860 1.1526
19.870 1.1520
19.880 1.1513
19.890 1.1507
19.900 1.1500
19.910 1.1494
19.920 1.1487
19.930 1.1481
19.940 1.1474
19.950 1.1468
19.960 1.1461
19.970 1.1455
19.980 1.1449
19.990 1.1442
20.000 1.1436
20.100 1.1372
20.110 1.1366
20.120 1.1359
20.130 1.1353
20.140 1.1347
20.150 1.1340
20.160 1.1334
20.170 1.1328
20.180 1.1321
20.190 1.1315
20.200 1.1309
20.210 1.1302
20.220 1.1296
20.230 1.1290
20.240 1.1284
20.250 1.1277
20.260 1.1271
20.270 1.1265
20.280 1.1259
20.290 1.1252
20.300 1.1246
20.310 1.1240
20.320 1.1234
20.330 1.1228
20.340 1.1221
20.350 1.1215
20.360 1.1209
20.370 1.1203
20.380 1.1197
20.390 1.1190
20.400 1.1184
20.410 1.1178
20.420 1.1172
20.430 1.1166
20.440 1.1160
20.450 1.1154
20.460 1.1147
20.470 1.1141
20.480 1.1135
20.490 1.1129
20.500 1.1123
20.510 1.1117
20.520 1.1111
20.530 1.1105
20.540 1.1099
20.550 1.1092
20.560 1.1086
20.570 1.1080
20.580 1.1074
20.590 1.1068
20.600 1.1062
20.610 1.1056
20.620 1.1050
20.630 1.1044
20.640 1.1038
20.650 1.1032
20.660 1.1026
20.670 1.1020
20.680 1.1014
20.690 1.1008
20.700 1.1002
20.710 1.0996
20.720 1.0990
20.730 1.0984
20.740 1.0978
20.750 1.0972
20.760 1.0966
20.770 1.0960
20.780 1.0954
20.790 1.0948
20.800 1.0942
20.810 1.0936
20.820 1.0931
20.830 1.0925
20.840 1.0919
20.850 1.0913
20.860 1.0907
20.870 1.0901
20.880 1.0895
20.890 1.0889
20.900 1.0883
20.910 1.0877
20.920 1.0872
20.930 1.0866
20.940 1.0860
20.950 1.0854
20.960 1.0848
20.970 1.0842
20.980 1.0837
20.990 1.0831
21.000 1.0825
21.010 1.0819
21.020 1.0813
21.030 1.0807
21.040 1.0802
21.050 1.0796
21.060 1.0790
21.070 1.0784
21.080 1.0778
21.090 1.0773
21.100 1.0767
21.110 1.0761
21.120 1.0755
21.130 1.0750
21.140 1.0744
21.150 1.0738
21.160 1.0732
21.170 1.0727
21.180 1.0721
21.190 1.0715
21.200 1.0710
21.210 1.0704
21.220 1.0698
21.230 1.0692
21.240 1.0687
21.250 1.0681
21.260 1.0675
21.270 1.0670
21.280 1.0664
21.290 1.0658
21.300 1.0653
21.310 1.0647
21.320 1.0641
21.330 1.0636
21.340 1.0630
21.350 1.0624
21.360 1.0619
21.370 1.0613
21.380 1.0608
21.390 1.0602
21.400 1.0596
21.410 1.0591
21.420 1.0585
21.430 1.0580
21.440 1.0574
21.450 1.0568
21.460 1.0563
21.470 1.0557
21.480 1.0552
21.490 1.0546
21.500 1.0541
21.510 1.0535
21.520 1.0529
21.530 1.0524
21.540 1.0518
21.550 1.0513
21.560 1.0507
21.570 1.0502
21.580 1.0496
21.590 1.0491
21.600 1.0485
21.610 1.0480
21.620 1.0474
21.630 1.0469
21.640 1.0463
21.650 1.0458
21.660 1.0452
21.670 1.0447
21.680 1.0441
21.690 1.0436
21.700 1.0430
21.710 1.0425
21.720 1.0420
21.730 1.0414
21.740 1.0409
21.750 1.0403
21.760 1.0398
21.770 1.0392
21.780 1.0387
21.790 1.0382
21.800 1.0376
21.810 1.0371
21.820 1.0365
21.830 1.0360
21.840 1.0355
21.850 1.0349
21.860 1.0344
21.870 1.0338
21.880 1.0333
21.890 1.0328
21.900 1.0322
21.910 1.0317
21.920 1.0312
21.930 1.0306
21.940 1.0301
21.950 1.0296
21.960 1.0290
21.970 1.0285
21.980 1.0280
21.990 1.0274
22.000 1.0269
22.010 1.0264
22.020 1.0258
22.030 1.0253
22.040 1.0248
22.050 1.0243
22.060 1.0237
22.070 1.0232
22.080 1.0227
22.090 1.0221
22.100 1.0216
22.110 1.0211
22.120 1.0206
22.130 1.0200
22.140 1.0195
22.150 1.0190
22.160 1.0185
22.170 1.0179
22.180 1.0174
22.190 1.0169
22.200 1.0164
22.210 1.0159
22.220 1.0153
22.230 1.0148
22.240 1.0143
22.250 1.0138
22.260 1.0133
22.270 1.0127
22.280 1.0122
22.290 1.0117
22.300 1.0112
22.310 1.0107
22.320 1.0102
22.330 1.0096
22.340 1.0091
22.350 1.0086
22.360 1.0081
22.370 1.0076
22.380 1.0071
22.390 1.0066
22.400 1.0060
22.410 1.0055
22.420 1.0050
22.430 1.0045
22.440 1.0040
22.450 1.0035
22.460 1.0030
22.470 1.0025
22.480 1.0020
22.490 1.0014
22.500 1.0009
22.510 1.0004
22.520 0.99993
22.530 0.99942
22.540 0.99891
22.550 0.99841
22.560 0.99790
22.570 0.99740
22.580 0.99689
22.590 0.99639
22.600 0.99589
22.610 0.99538
22.620 0.99488
22.630 0.99438
22.640 0.99388
22.650 0.99337
22.660 0.99287
22.670 0.99237
22.680 0.99187
22.690 0.99137
22.700 0.99087
22.710 0.99037
22.720 0.98988
22.730 0.98938
22.740 0.98888
22.750 0.98838
22.760 0.98789
22.770 0.98739
22.780 0.98689
22.790 0.98640
22.800 0.98590
22.810 0.98541
22.820 0.98492
22.830 0.98442
22.840 0.98393
22.850 0.98344
22.860 0.98294
22.870 0.98245
22.880 0.98196
22.890 0.98147
22.900 0.98098
22.910 0.98049
22.920 0.98000
22.930 0.97951
22.940 0.97902
22.950 0.97853
22.960 0.97804
22.970 0.97756
22.980 0.97707
22.990 0.97658
23.000 0.97610
23.010 0.97561
23.020 0.97512
23.030 0.97464
23.040 0.97415
23.050 0.97367
23.060 0.97319
23.070 0.97270
23.080 0.97222
23.090 0.97174
23.100 0.97125
23.110 0.97077
23.120 0.97029
23.130 0.96981
23.140 0.96933
23.150 0.96885
23.160 0.96837
23.170 0.96789
23.180 0.96741
23.190 0.96693
23.200 0.96645
23.210 0.96597
23.220 0.96550
23.230 0.96502
23.240 0.96454
23.250 0.96407
23.260 0.96359
23.270 0.96312
23.280 0.96264
23.290 0.96217
23.300 0.96169
23.310 0.96122
23.320 0.96075
23.330 0.96027
23.340 0.95980
23.350 0.95933
23.360 0.95886
23.370 0.95838
23.380 0.95791
23.390 0.95744
23.400 0.95697
23.410 0.95650
23.420 0.95603
23.430 0.95556
23.440 0.95510
23.450 0.95463
23.460 0.95416
23.470 0.95369
23.480 0.95323
23.490 0.95276
23.500 0.95229
23.510 0.95183
23.520 0.95136
23.530 0.95090
23.540 0.95043
23.550 0.94997
23.560 0.94950
23.570 0.94904
23.580 0.94858
23.590 0.94811
23.600 0.94765
23.610 0.94719
23.620 0.94673
23.630 0.94627
23.640 0.94581
23.650 0.94535
23.660 0.94489
23.670 0.94443
23.680 0.94397
23.690 0.94351
23.700 0.94305
23.710 0.94259
23.720 0.94213
23.730 0.94168
23.740 0.94122
23.750 0.94076
23.760 0.94031
23.770 0.93985
23.780 0.93939
23.790 0.93894
23.800 0.93848
23.810 0.93803
23.820 0.93758
23.830 0.93712
23.840 0.93667
23.850 0.93622
23.860 0.93576
23.870 0.93531
23.880 0.93486
23.890 0.93441
23.900 0.93396
23.910 0.93351
23.920 0.93306
23.930 0.93261
23.940 0.93216
23.950 0.93171
23.960 0.93126
23.970 0.93081
23.980 0.93036
23.990 0.92992
24.000 0.92947
24.010 0.92902
24.020 0.92858
24.030 0.92813
24.040 0.92768
24.050 0.92724
24.060 0.92679
24.070 0.92635
24.080 0.92590
24.090 0.92546
24.100 0.92502
24.110 0.92457
24.120 0.92413
24.130 0.92369
24.140 0.92324
24.150 0.92280
24.160 0.92236
24.170 0.92192
24.180 0.92148
24.190 0.92104
24.200 0.92060
24.210 0.92016
24.220 0.91972
24.230 0.91928
24.240 0.91884
24.250 0.91840
24.260 0.91797
24.270 0.91753
24.280 0.91709
24.290 0.91666
24.300 0.91622
24.310 0.91578
24.320 0.91535
24.330 0.91491
24.340 0.91448
24.350 0.91404
24.360 0.91361
24.370 0.91317
24.380 0.91274
24.390 0.91231
24.400 0.91187
24.410 0.91144
24.420 0.91101
24.430 0.91058
24.440 0.91014
24.450 0.90971
24.460 0.90928
24.470 0.90885
24.480 0.90842
24.490 0.90799
24.500 0.90756
24.510 0.90713
24.520 0.90670
24.530 0.90628
24.540 0.90585
24.550 0.90542
24.560 0.90499
24.570 0.90457
24.580 0.90414
24.590 0.90371
24.600 0.90329
24.610 0.90286
24.620 0.90244
24.630 0.90201
24.640 0.90159
24.650 0.90116
24.660 0.90074
24.670 0.90031
24.680 0.89989
24.690 0.89947
24.700 0.89904
24.710 0.89862
24.720 0.89820
24.730 0.89778
24.740 0.89736
24.750 0.89694
24.760 0.89652
24.770 0.89610
24.780 0.89568
24.790 0.89526
24.800 0.89484
24.810 0.89442
24.820 0.89400
24.830 0.89358
24.840 0.89316
24.850 0.89275
24.860 0.89233
24.870 0.89191
24.880 0.89149
24.890 0.89108
24.900 0.89066
24.910 0.89025
24.920 0.88983
24.930 0.88942
24.940 0.88900
24.950 0.88859
24.960 0.88817
24.970 0.88776
24.980 0.88735
24.990 0.88693
25.000 0.88652
25.100 0.88241
25.110 0.88200
25.120 0.88159
25.130 0.88118
25.140 0.88078
25.150 0.88037
25.160 0.87996
25.170 0.87955
25.180 0.87915
25.190 0.87874
25.200 0.87833
25.210 0.87793
25.220 0.87752
25.230 0.87712
25.240 0.87671
25.250 0.87631
25.260 0.87590
25.270 0.87550
25.280 0.87509
25.290 0.87469
25.300 0.87429
25.310 0.87388
25.320 0.87348
25.330 0.87308
25.340 0.87268
25.350 0.87228
25.360 0.87187
25.370 0.87147
25.380 0.87107
25.390 0.87067
25.400 0.87027
25.410 0.86987
25.420 0.86947
25.430 0.86907
25.440 0.86868
25.450 0.86828
25.460 0.86788
25.470 0.86748
25.480 0.86708
25.490 0.86669
25.500 0.86629
25.510 0.86589
25.520 0.86550
25.530 0.86510
25.540 0.86470
25.550 0.86431
25.560 0.86391
25.570 0.86352
25.580 0.86312
25.590 0.86273
25.600 0.86234
25.610 0.86194
25.620 0.86155
25.630 0.86116
25.640 0.86076
25.650 0.86037
25.660 0.85998
25.670 0.85959
25.680 0.85920
25.690 0.85880
25.700 0.85841
25.710 0.85802
25.720 0.85763
25.730 0.85724
25.740 0.85685
25.750 0.85646
25.760 0.85607
25.770 0.85568
25.780 0.85530
25.790 0.85491
25.800 0.85452
25.810 0.85413
25.820 0.85375
25.830 0.85336
25.840 0.85297
25.850 0.85258
25.860 0.85220
25.870 0.85181
25.880 0.85143
25.890 0.85104
25.900 0.85066
25.910 0.85027
25.920 0.84989
25.930 0.84950
25.940 0.84912
25.950 0.84874
25.960 0.84835
25.970 0.84797
25.980 0.84759
25.990 0.84720
26.000 0.84682
26.010 0.84644
26.020 0.84606
26.030 0.84568
26.040 0.84530
26.050 0.84492
26.060 0.84454
26.070 0.84416
26.080 0.84378
26.090 0.84340
26.100 0.84302
26.110 0.84264
26.120 0.84226
26.130 0.84188
26.140 0.84150
26.150 0.84113
26.160 0.84075
26.170 0.84037
26.180 0.83999
26.190 0.83962
26.200 0.83924
26.210 0.83886
26.220 0.83849
26.230 0.83811
26.240 0.83774
26.250 0.83736
26.260 0.83699
26.270 0.83661
26.280 0.83624
26.290 0.83587
26.300 0.83549
26.310 0.83512
26.320 0.83475
26.330 0.83437
26.340 0.83400
26.350 0.83363
26.360 0.83326
26.370 0.83288
26.380 0.83251
26.390 0.83214
26.400 0.83177
26.410 0.83140
26.420 0.83103
26.430 0.83066
26.440 0.83029
26.450 0.82992
26.460 0.82955
26.470 0.82918
26.480 0.82881
26.490 0.82845
26.500 0.82808
26.510 0.82771
26.520 0.82734
26.530 0.82698
26.540 0.82661
26.550 0.82624
26.560 0.82588
26.570 0.82551
26.580 0.82514
26.590 0.82478
26.600 0.82441
26.610 0.82405
26.620 0.82368
26.630 0.82332
26.640 0.82295
26.650 0.82259
26.660 0.82223
26.670 0.82186
26.680 0.82150
26.690 0.82114
26.700 0.82077
26.710 0.82041
26.720 0.82005
26.730 0.81969
26.740 0.81933
26.750 0.81896
26.760 0.81860
26.770 0.81824
26.780 0.81788
26.790 0.81752
26.800 0.81716
26.810 0.81680
26.820 0.81644
26.830 0.81608
26.840 0.81572
26.850 0.81536
26.860 0.81501
26.870 0.81465
26.880 0.81429
26.890 0.81393
26.900 0.81357
26.910 0.81322
26.920 0.81286
26.930 0.81250
26.940 0.81215
26.950 0.81179
26.960 0.81144
26.970 0.81108
26.980 0.81072
26.990 0.81037
27.000 0.81001
27.010 0.80966
27.020 0.80931
27.030 0.80895
27.040 0.80860
27.050 0.80824
27.060 0.80789
27.070 0.80754
27.080 0.80719
27.090 0.80683
27.100 0.80648
27.110 0.80613
27.120 0.80578
27.130 0.80543
27.140 0.80507
27.150 0.80472
27.160 0.80437
27.170 0.80402
27.180 0.80367
27.190 0.80332
27.200 0.80297
27.210 0.80262
27.220 0.80227
27.230 0.80192
27.240 0.80158
27.250 0.80123
27.260 0.80088
27.270 0.80053
27.280 0.80018
27.290 0.79984
27.300 0.79949
27.310 0.79914
27.320 0.79879
27.330 0.79845
27.340 0.79810
27.350 0.79776
27.360 0.79741
27.370 0.79706
27.380 0.79672
27.390 0.79637
27.400 0.79603
27.410 0.79568
27.420 0.79534
27.430 0.79500
27.440 0.79465
27.450 0.79431
27.460 0.79397
27.470 0.79362
27.480 0.79328
27.490 0.79294
27.500 0.79260
27.510 0.79225
27.520 0.79191
27.530 0.79157
27.540 0.79123
27.550 0.79089
27.560 0.79055
27.570 0.79021
27.580 0.78987
27.590 0.78953
27.600 0.78919
27.610 0.78885
27.620 0.78851
27.630 0.78817
27.640 0.78783
27.650 0.78749
27.660 0.78715
27.670 0.78681
27.680 0.78648
27.690 0.78614
27.700 0.78580
27.710 0.78546
27.720 0.78513
27.730 0.78479
27.740 0.78445
27.750 0.78412
27.760 0.78378
27.770 0.78344
27.780 0.78311
27.790 0.78277
27.800 0.78244
27.810 0.78210
27.820 0.78177
27.830 0.78143
27.840 0.78110
27.850 0.78077
27.860 0.78043
27.870 0.78010
27.880 0.77977
27.890 0.77943
27.900 0.77910
27.910 0.77877
27.920 0.77844
27.930 0.77810
27.940 0.77777
27.950 0.77744
27.960 0.77711
27.970 0.77678
27.980 0.77645
27.990 0.77612
28.000 0.77579
28.010 0.77545
28.020 0.77512
28.030 0.77480
28.040 0.77447
28.050 0.77414
28.060 0.77381
28.070 0.77348
28.080 0.77315
28.090 0.77282
28.100 0.77249
28.110 0.77217
28.120 0.77184
28.130 0.77151
28.140 0.77118
28.150 0.77086
28.160 0.77053
28.170 0.77020
28.180 0.76988
28.190 0.76955
28.200 0.76922
28.210 0.76890
28.220 0.76857
28.230 0.76825
28.240 0.76792
28.250 0.76760
28.260 0.76727
28.270 0.76695
28.280 0.76663
28.290 0.76630
28.300 0.76598
28.310 0.76565
28.320 0.76533
28.330 0.76501
28.340 0.76469
28.350 0.76436
28.360 0.76404
28.370 0.76372
28.380 0.76340
28.390 0.76308
28.400 0.76275
28.410 0.76243
28.420 0.76211
28.430 0.76179
28.440 0.76147
28.450 0.76115
28.460 0.76083
28.470 0.76051
28.480 0.76019
28.490 0.75987
28.500 0.75955
28.510 0.75923
28.520 0.75891
28.530 0.75860
28.540 0.75828
28.550 0.75796
28.560 0.75764
28.570 0.75732
28.580 0.75701
28.590 0.75669
28.600 0.75637
28.610 0.75606
28.620 0.75574
28.630 0.75542
28.640 0.75511
28.650 0.75479
28.660 0.75447
28.670 0.75416
28.680 0.75384
28.690 0.75353
28.700 0.75321
28.710 0.75290
28.720 0.75258
28.730 0.75227
28.740 0.75196
28.750 0.75164
28.760 0.75133
28.770 0.75102
28.780 0.75070
28.790 0.75039
28.800 0.75008
28.810 0.74976
28.820 0.74945
28.830 0.74914
28.840 0.74883
28.850 0.74852
28.860 0.74820
28.870 0.74789
28.880 0.74758
28.890 0.74727
28.900 0.74696
28.910 0.74665
28.920 0.74634
28.930 0.74603
28.940 0.74572
28.950 0.74541
28.960 0.74510
28.970 0.74479
28.980 0.74448
28.990 0.74417
29.000 0.74387
29.010 0.74356
29.020 0.74325
29.030 0.74294
29.040 0.74263
29.050 0.74233
29.060 0.74202
29.070 0.74171
29.080 0.74140
29.090 0.74110
29.100 0.74079
29.110 0.74049
29.120 0.74018
29.130 0.73987
29.140 0.73957
29.150 0.73926
29.160 0.73896
29.170 0.73865
29.180 0.73835
29.190 0.73804
29.200 0.73774
29.210 0.73743
29.220 0.73713
29.230 0.73683
29.240 0.73652
29.250 0.73622
29.260 0.73592
29.270 0.73561
29.280 0.73531
29.290 0.73501
29.300 0.73470
29.310 0.73440
29.320 0.73410
29.330 0.73380
29.340 0.73350
29.350 0.73320
29.360 0.73289
29.370 0.73259
29.380 0.73229
29.390 0.73199
29.400 0.73169
29.410 0.73139
29.420 0.73109
29.430 0.73079
29.440 0.73049
29.450 0.73019
29.460 0.72989
29.470 0.72959
29.480 0.72930
29.490 0.72900
29.500 0.72870
29.510 0.72840
29.520 0.72810
29.530 0.72780
29.540 0.72751
29.550 0.72721
29.560 0.72691
29.570 0.72662
29.580 0.72632
29.590 0.72602
29.600 0.72573
29.610 0.72543
29.620 0.72513
29.630 0.72484
29.640 0.72454
29.650 0.72425
29.660 0.72395
29.670 0.72366
29.680 0.72336
29.690 0.72307
29.700 0.72277
29.710 0.72248
29.720 0.72218
29.730 0.72189
29.740 0.72159
29.750 0.72130
29.760 0.72101
29.770 0.72071
29.780 0.72042
29.790 0.72013
29.800 0.71984
29.810 0.71954
29.820 0.71925
29.830 0.71896
29.840 0.71867
29.850 0.71838
29.860 0.71808
29.870 0.71779
29.880 0.71750
29.890 0.71721
29.900 0.71692
29.910 0.71663
29.920 0.71634
29.930 0.71605
29.940 0.71576
29.950 0.71547
29.960 0.71518
29.970 0.71489
29.980 0.71460
29.990 0.71431
30.000 0.71402
