100,20,1.01253,0.971425,0.998034,19.3717,19.9238,22.0309892782
140,20,1.02386,0.993932,1.0113,19.8506,20.3336,22.4136942674
180,20,1.03367,1.00145,1.0138,20.0144,20.4139,22.359570976
20,20,0.246696,0.266799,0.333998,1.03211,1.02411,2.02594902228
220,20,1.02414,1.00441,1.01369,20.08,20.412,22.336346724
260,20,1.02706,1.00563,1.01289,20.1076,20.3878,22.4772686926
300,20,1.02533,1.00608,1.01189,20.1186,20.3586,21.9447264432
340,20,1.02658,1.00618,1.01091,20.1216,20.3297,21.9653470711
380,20,1.02458,1.00611,1.01008,20.1208,20.3033,22.158728175
420,20,1.024,1.00595,1.00928,20.1181,20.2797,22.0956648568
60,20,1.10604,0.868338,0,17.3755,0,20.6909968811
