100,5,1.00706,0.991603,0.999058,4.95717,4.98095,5.42918868714
140,5,1.0118,0.997946,1.00265,4.98928,5.08341,5.46807093824
180,5,1.01419,1.00009,1.00336,5.00021,5.10347,5.43922534138
20,5,0.0604729,0.0681971,0.0855347,0.843127,0.256027,1.6377859376
220,5,1.01866,1.00095,1.0034,5.00459,5.103,5.43906636634
260,5,1.01857,1.00131,1.00319,5.00646,5.09696,5.46405447084
300,5,1.01555,1.00146,1.00296,5.00723,5.08964,5.33658408656
340,5,1.01274,1.0015,1.00272,5.00747,5.08243,5.36285457886
380,5,1.01576,1.00149,1.00252,5.00745,5.07582,5.39801231357
420,5,1.01897,1.00146,1.00232,5.0073,5.06992,5.36670409089
60,5,0.987045,0.963793,0,4.82023,0,5.26197911459
