100,10,1.01031,0.984036,0.998363,9.83347,9.9619,10.9209426605
140,10,1.01767,0.996254,1.00539,9.95899,10.1668,11.0496431243
180,10,1.01755,1.00036,1.00682,10.0018,10.2069,10.9952467956
20,10,0.124964,0.135307,0.169613,0.902382,0.512053,1.69669431067
220,10,1.01804,1.002,1.00678,10.0189,10.206,11.0180098162
260,10,1.01905,1.00268,1.00643,10.0262,10.1939,11.0702394186
300,10,1.02,1.00296,1.00592,10.0292,10.1793,10.8077395899
340,10,1.01603,1.00303,1.00547,10.0301,10.1649,10.8337948648
380,10,1.01795,1.00301,1.00504,10.0299,10.1516,10.9215180133
420,10,1.02088,1.00294,1.00464,10.0293,10.1398,10.8859443626
60,10,0.959941,0.929456,0,9.30189,0,10.3122072362
