0.10000 94.068
0.11000 85.489
0.12000 78.340
0.13000 72.291
0.14000 67.105
0.15000 62.612
0.16000 58.680
0.17000 55.210
0.18000 52.126
0.19000 49.367
0.20000 46.883
0.21000 44.636
0.22000 42.594
0.23000 40.729
0.24000 39.019
0.25000 37.446
0.26000 35.994
0.27000 34.650
0.28000 33.401
0.29000 32.239
0.30000 31.154
0.31000 30.139
0.32000 29.188
0.33000 28.294
0.34000 27.453
0.35000 26.660
0.36000 25.911
0.37000 25.202
0.38000 24.531
0.39000 23.894
0.40000 23.289
0.41000 22.713
0.42000 22.165
0.43000 21.643
0.44000 21.144
0.45000 20.667
0.46000 20.211
0.47000 19.774
0.48000 19.356
0.49000 18.955
0.50000 18.569
0.51000 18.199
0.52000 17.843
0.53000 17.501
0.54000 17.171
0.55000 16.853
0.56000 16.546
0.57000 16.251
0.58000 15.965
0.59000 15.689
0.60000 15.422
0.61000 15.164
0.62000 14.915
0.63000 14.673
0.64000 14.439
0.65000 14.212
0.66000 13.992
0.67000 13.778
0.68000 13.571
0.69000 13.370
0.70000 13.174
0.71000 12.984
0.72000 12.800
0.73000 12.620
0.74000 12.445
0.75000 12.275
0.76000 12.109
0.77000 11.948
0.78000 11.791
0.79000 11.637
0.80000 11.488
0.81000 11.342
0.82000 11.200
0.83000 11.061
0.84000 10.926
0.85000 10.793
0.86000 10.664
0.87000 10.538
0.88000 10.414
0.89000 10.294
0.90000 10.176
0.91000 10.061
0.92000 9.9477
0.93000 9.8372
0.94000 9.7291
0.95000 9.6233
0.96000 9.5197
0.97000 9.4183
0.98000 9.3188
0.99000 9.2214
1.0000 9.1260
1.0100 9.0324
1.0200 8.9407
1.0300 8.8507
1.0400 8.7625
1.0500 8.6759
1.0600 8.5910
1.0700 8.5077
1.0800 8.4259
1.0900 8.3456
1.1000 8.2667
1.1100 8.1893
1.1200 8.1133
1.1300 8.0386
1.1400 7.9652
1.1500 7.8931
1.1600 7.8222
1.1700 7.7525
1.1800 7.6840
1.1900 7.6167
1.2000 7.5505
1.2100 7.4853
1.2200 7.4213
1.2300 7.3582
1.2400 7.2962
1.2500 7.2352
1.2600 7.1751
1.2700 7.1160
1.2800 7.0578
1.2900 7.0005
1.3000 6.9441
1.3049 6.9171
1.3049 0.038431
1.3100 0.038431
1.3200 0.038431
1.3300 0.038430
1.3400 0.038430
1.3500 0.038430
1.3600 0.038430
1.3700 0.038430
1.3800 0.038430
1.3900 0.038430
1.4000 0.038430
1.4100 0.038430
1.4200 0.038430
1.4300 0.038429
1.4400 0.038429
1.4500 0.038429
1.4600 0.038429
1.4700 0.038429
1.4800 0.038429
1.4900 0.038429
1.5000 0.038429
1.5100 0.038429
1.5200 0.038429
1.5300 0.038429
1.5400 0.038428
1.5500 0.038428
1.5600 0.038428
1.5700 0.038428
1.5800 0.038428
1.5900 0.038428
1.6000 0.038428
1.6100 0.038428
1.6200 0.038428
1.6300 0.038428
1.6400 0.038428
1.6500 0.038427
1.6600 0.038427
1.6700 0.038427
1.6800 0.038427
1.6900 0.038427
1.7000 0.038427
1.7100 0.038427
1.7200 0.038427
1.7300 0.038427
1.7400 0.038427
1.7500 0.038426
1.7600 0.038426
1.7700 0.038426
1.7800 0.038426
1.7900 0.038426
1.8000 0.038426
1.8100 0.038426
1.8200 0.038426
1.8300 0.038426
1.8400 0.038426
1.8500 0.038426
1.8600 0.038425
1.8700 0.038425
1.8800 0.038425
1.8900 0.038425
1.9000 0.038425
1.9100 0.038425
1.9200 0.038425
1.9300 0.038425
1.9400 0.038425
1.9500 0.038425
1.9600 0.038424
1.9700 0.038424
1.9800 0.038424
1.9900 0.038424
2.0000 0.038424
2.0100 0.038424
2.0200 0.038424
2.0300 0.038424
2.0400 0.038424
2.0500 0.038424
2.0600 0.038424
2.0700 0.038423
2.0800 0.038423
2.0900 0.038423
2.1000 0.038423
2.1100 0.038423
2.1200 0.038423
2.1300 0.038423
2.1400 0.038423
2.1500 0.038423
2.1600 0.038423
2.1700 0.038423
2.1800 0.038422
2.1900 0.038422
2.2000 0.038422
2.2100 0.038422
2.2200 0.038422
2.2300 0.038422
2.2400 0.038422
2.2500 0.038422
2.2600 0.038422
2.2700 0.038422
2.2800 0.038421
2.2900 0.038421
2.3000 0.038421
2.3100 0.038421
2.3200 0.038421
2.3300 0.038421
2.3400 0.038421
2.3500 0.038421
2.3600 0.038421
2.3700 0.038421
2.3800 0.038421
2.3900 0.038420
2.4000 0.038420
2.4100 0.038420
2.4200 0.038420
2.4300 0.038420
2.4400 0.038420
2.4500 0.038420
2.4600 0.038420
2.4700 0.038420
2.4800 0.038420
2.4900 0.038420
2.5000 0.038419
2.5100 0.038419
2.5200 0.038419
2.5300 0.038419
2.5400 0.038419
2.5500 0.038419
2.5600 0.038419
2.5700 0.038419
2.5800 0.038419
2.5900 0.038419
2.6000 0.038418
2.6100 0.038418
2.6200 0.038418
2.6300 0.038418
2.6400 0.038418
2.6500 0.038418
2.6600 0.038418
2.6700 0.038418
2.6800 0.038418
2.6900 0.038418
2.7000 0.038418
2.7100 0.038417
2.7200 0.038417
2.7300 0.038417
2.7400 0.038417
2.7500 0.038417
2.7600 0.038417
2.7700 0.038417
2.7800 0.038417
2.7900 0.038417
2.8000 0.038417
2.8100 0.038417
2.8200 0.038416
2.8300 0.038416
2.8400 0.038416
2.8500 0.038416
2.8600 0.038416
2.8700 0.038416
2.8800 0.038416
2.8900 0.038416
2.9000 0.038416
2.9100 0.038416
2.9200 0.038415
2.9300 0.038415
2.9400 0.038415
2.9500 0.038415
2.9600 0.038415
2.9700 0.038415
2.9800 0.038415
2.9900 0.038415
3.0000 0.038415
3.0100 0.038415
3.0200 0.038415
3.0300 0.038414
3.0400 0.038414
3.0500 0.038414
3.0600 0.038414
3.0700 0.038414
3.0800 0.038414
3.0900 0.038414
3.1000 0.038414
3.1100 0.038414
3.1200 0.038414
3.1300 0.038414
3.1400 0.038413
3.1500 0.038413
3.1600 0.038413
3.1700 0.038413
3.1800 0.038413
3.1900 0.038413
3.2000 0.038413
3.2100 0.038413
3.2200 0.038413
3.2300 0.038413
3.2400 0.038412
3.2500 0.038412
3.2600 0.038412
3.2700 0.038412
3.2800 0.038412
3.2900 0.038412
3.3000 0.038412
3.3100 0.038412
3.3200 0.038412
3.3300 0.038412
3.3400 0.038412
3.3500 0.038411
3.3600 0.038411
3.3700 0.038411
3.3800 0.038411
3.3900 0.038411
3.4000 0.038411
3.4100 0.038411
3.4200 0.038411
3.4300 0.038411
3.4400 0.038411
3.4500 0.038411
3.4600 0.038410
3.4700 0.038410
3.4800 0.038410
3.4900 0.038410
3.5000 0.038410
3.5100 0.038410
3.5200 0.038410
3.5300 0.038410
3.5400 0.038410
3.5500 0.038410
3.5600 0.038409
3.5700 0.038409
3.5800 0.038409
3.5900 0.038409
3.6000 0.038409
3.6100 0.038409
3.6200 0.038409
3.6300 0.038409
3.6400 0.038409
3.6500 0.038409
3.6600 0.038409
3.6700 0.038408
3.6800 0.038408
3.6900 0.038408
3.7000 0.038408
3.7100 0.038408
3.7200 0.038408
3.7300 0.038408
3.7400 0.038408
3.7500 0.038408
3.7600 0.038408
3.7700 0.038408
3.7800 0.038407
3.7900 0.038407
3.8000 0.038407
3.8100 0.038407
3.8200 0.038407
3.8300 0.038407
3.8400 0.038407
3.8500 0.038407
3.8600 0.038407
3.8700 0.038407
3.8800 0.038406
3.8900 0.038406
3.9000 0.038406
3.9100 0.038406
3.9200 0.038406
3.9300 0.038406
3.9400 0.038406
3.9500 0.038406
3.9600 0.038406
3.9700 0.038406
3.9800 0.038406
3.9900 0.038405
4.0000 0.038405
4.0100 0.038405
4.0200 0.038405
4.0300 0.038405
4.0400 0.038405
4.0500 0.038405
4.0600 0.038405
4.0700 0.038405
4.0800 0.038405
4.0900 0.038405
4.1000 0.038404
4.1100 0.038404
4.1200 0.038404
4.1300 0.038404
4.1400 0.038404
4.1500 0.038404
4.1600 0.038404
4.1700 0.038404
4.1800 0.038404
4.1900 0.038404
4.2000 0.038404
4.2100 0.038403
4.2200 0.038403
4.2300 0.038403
4.2400 0.038403
4.2500 0.038403
4.2600 0.038403
4.2700 0.038403
4.2800 0.038403
4.2900 0.038403
4.3000 0.038403
4.3100 0.038402
4.3200 0.038402
4.3300 0.038402
4.3400 0.038402
4.3500 0.038402
4.3600 0.038402
4.3700 0.038402
4.3800 0.038402
4.3900 0.038402
4.4000 0.038402
4.4100 0.038402
4.4200 0.038401
4.4300 0.038401
4.4400 0.038401
4.4500 0.038401
4.4600 0.038401
4.4700 0.038401
4.4800 0.038401
4.4900 0.038401
4.5000 0.038401
4.5100 0.038401
4.5200 0.038401
4.5300 0.038400
4.5400 0.038400
4.5500 0.038400
4.5600 0.038400
4.5700 0.038400
4.5800 0.038400
4.5900 0.038400
4.6000 0.038400
4.6100 0.038400
4.6200 0.038400
4.6300 0.038399
4.6400 0.038399
4.6500 0.038399
4.6600 0.038399
4.6700 0.038399
4.6800 0.038399
4.6900 0.038399
4.7000 0.038399
4.7100 0.038399
4.7200 0.038399
4.7300 0.038399
4.7400 0.038398
4.7500 0.038398
4.7600 0.038398
4.7700 0.038398
4.7800 0.038398
4.7900 0.038398
4.8000 0.038398
4.8100 0.038398
4.8200 0.038398
4.8300 0.038398
4.8400 0.038398
4.8500 0.038397
4.8600 0.038397
4.8700 0.038397
4.8800 0.038397
4.8900 0.038397
4.9000 0.038397
4.9100 0.038397
4.9200 0.038397
4.9300 0.038397
4.9400 0.038397
4.9500 0.038397
4.9600 0.038396
4.9700 0.038396
4.9800 0.038396
4.9900 0.038396
5.0000 0.038396
5.1000 0.038395
5.1100 0.038395
5.1200 0.038395
5.1300 0.038395
5.1400 0.038395
5.1500 0.038395
5.1600 0.038395
5.1700 0.038394
5.1800 0.038394
5.1900 0.038394
5.2000 0.038394
5.2100 0.038394
5.2200 0.038394
5.2300 0.038394
5.2400 0.038394
5.2500 0.038394
5.2600 0.038394
5.2700 0.038394
5.2800 0.038393
5.2900 0.038393
5.3000 0.038393
5.3100 0.038393
5.3200 0.038393
5.3300 0.038393
5.3400 0.038393
5.3500 0.038393
5.3600 0.038393
5.3700 0.038393
5.3800 0.038392
5.3900 0.038392
5.4000 0.038392
5.4100 0.038392
5.4200 0.038392
5.4300 0.038392
5.4400 0.038392
5.4500 0.038392
5.4600 0.038392
5.4700 0.038392
5.4800 0.038392
5.4900 0.038391
5.5000 0.038391
5.5100 0.038391
5.5200 0.038391
5.5300 0.038391
5.5400 0.038391
5.5500 0.038391
5.5600 0.038391
5.5700 0.038391
5.5800 0.038391
5.5900 0.038391
5.6000 0.038390
5.6100 0.038390
5.6200 0.038390
5.6300 0.038390
5.6400 0.038390
5.6500 0.038390
5.6600 0.038390
5.6700 0.038390
5.6800 0.038390
5.6900 0.038390
5.7000 0.038390
5.7100 0.038389
5.7200 0.038389
5.7300 0.038389
5.7400 0.038389
5.7500 0.038389
5.7600 0.038389
5.7700 0.038389
5.7800 0.038389
5.7900 0.038389
5.8000 0.038389
5.8100 0.038388
5.8200 0.038388
5.8300 0.038388
5.8400 0.038388
5.8500 0.038388
5.8600 0.038388
5.8700 0.038388
5.8800 0.038388
5.8900 0.038388
5.9000 0.038388
5.9100 0.038388
5.9200 0.038387
5.9300 0.038387
5.9400 0.038387
5.9500 0.038387
5.9600 0.038387
5.9700 0.038387
5.9800 0.038387
5.9900 0.038387
6.0000 0.038387
6.0100 0.038387
6.0200 0.038387
6.0300 0.038386
6.0400 0.038386
6.0500 0.038386
6.0600 0.038386
6.0700 0.038386
6.0800 0.038386
6.0900 0.038386
6.1000 0.038386
6.1100 0.038386
6.1200 0.038386
6.1300 0.038386
6.1400 0.038385
6.1500 0.038385
6.1600 0.038385
6.1700 0.038385
6.1800 0.038385
6.1900 0.038385
6.2000 0.038385
6.2100 0.038385
6.2200 0.038385
6.2300 0.038385
6.2400 0.038384
6.2500 0.038384
6.2600 0.038384
6.2700 0.038384
6.2800 0.038384
6.2900 0.038384
6.3000 0.038384
6.3100 0.038384
6.3200 0.038384
6.3300 0.038384
6.3400 0.038384
6.3500 0.038383
6.3600 0.038383
6.3700 0.038383
6.3800 0.038383
6.3900 0.038383
6.4000 0.038383
6.4100 0.038383
6.4200 0.038383
6.4300 0.038383
6.4400 0.038383
6.4500 0.038383
6.4600 0.038382
6.4700 0.038382
6.4800 0.038382
6.4900 0.038382
6.5000 0.038382
6.5100 0.038382
6.5200 0.038382
6.5300 0.038382
6.5400 0.038382
6.5500 0.038382
6.5600 0.038382
6.5700 0.038381
6.5800 0.038381
6.5900 0.038381
6.6000 0.038381
6.6100 0.038381
6.6200 0.038381
6.6300 0.038381
6.6400 0.038381
6.6500 0.038381
6.6600 0.038381
6.6700 0.038380
6.6800 0.038380
6.6900 0.038380
6.7000 0.038380
6.7100 0.038380
6.7200 0.038380
6.7300 0.038380
6.7400 0.038380
6.7500 0.038380
6.7600 0.038380
6.7700 0.038380
6.7800 0.038379
6.7900 0.038379
6.8000 0.038379
6.8100 0.038379
6.8200 0.038379
6.8300 0.038379
6.8400 0.038379
6.8500 0.038379
6.8600 0.038379
6.8700 0.038379
6.8800 0.038379
6.8900 0.038378
6.9000 0.038378
6.9100 0.038378
6.9200 0.038378
6.9300 0.038378
6.9400 0.038378
6.9500 0.038378
6.9600 0.038378
6.9700 0.038378
6.9800 0.038378
6.9900 0.038378
7.0000 0.038377
7.0100 0.038377
7.0200 0.038377
7.0300 0.038377
7.0400 0.038377
7.0500 0.038377
7.0600 0.038377
7.0700 0.038377
7.0800 0.038377
7.0900 0.038377
7.1000 0.038377
7.1100 0.038376
7.1200 0.038376
7.1300 0.038376
7.1400 0.038376
7.1500 0.038376
7.1600 0.038376
7.1700 0.038376
7.1800 0.038376
7.1900 0.038376
7.2000 0.038376
7.2100 0.038375
7.2200 0.038375
7.2300 0.038375
7.2400 0.038375
7.2500 0.038375
7.2600 0.038375
7.2700 0.038375
7.2800 0.038375
7.2900 0.038375
7.3000 0.038375
7.3100 0.038375
7.3200 0.038374
7.3300 0.038374
7.3400 0.038374
7.3500 0.038374
7.3600 0.038374
7.3700 0.038374
7.3800 0.038374
7.3900 0.038374
7.4000 0.038374
7.4100 0.038374
7.4200 0.038374
7.4300 0.038373
7.4400 0.038373
7.4500 0.038373
7.4600 0.038373
7.4700 0.038373
7.4800 0.038373
7.4900 0.038373
7.5000 0.038373
7.5100 0.038373
7.5200 0.038373
7.5300 0.038373
7.5400 0.038372
7.5500 0.038372
7.5600 0.038372
7.5700 0.038372
7.5800 0.038372
7.5900 0.038372
7.6000 0.038372
7.6100 0.038372
7.6200 0.038372
7.6300 0.038372
7.6400 0.038371
7.6500 0.038371
7.6600 0.038371
7.6700 0.038371
7.6800 0.038371
7.6900 0.038371
7.7000 0.038371
7.7100 0.038371
7.7200 0.038371
7.7300 0.038371
7.7400 0.038371
7.7500 0.038370
7.7600 0.038370
7.7700 0.038370
7.7800 0.038370
7.7900 0.038370
7.8000 0.038370
7.8100 0.038370
7.8200 0.038370
7.8300 0.038370
7.8400 0.038370
7.8500 0.038370
7.8600 0.038369
7.8700 0.038369
7.8800 0.038369
7.8900 0.038369
7.9000 0.038369
7.9100 0.038369
7.9200 0.038369
7.9300 0.038369
7.9400 0.038369
7.9500 0.038369
7.9600 0.038369
7.9700 0.038368
7.9800 0.038368
7.9900 0.038368
8.0000 0.038368
8.0100 0.038368
8.0200 0.038368
8.0300 0.038368
8.0400 0.038368
8.0500 0.038368
8.0600 0.038368
8.0700 0.038368
8.0800 0.038367
8.0900 0.038367
8.1000 0.038367
8.1100 0.038367
8.1200 0.038367
8.1300 0.038367
8.1400 0.038367
8.1500 0.038367
8.1600 0.038367
8.1700 0.038367
8.1800 0.038367
8.1900 0.038366
8.2000 0.038366
8.2100 0.038366
8.2200 0.038366
8.2300 0.038366
8.2400 0.038366
8.2500 0.038366
8.2600 0.038366
8.2700 0.038366
8.2800 0.038366
8.2900 0.038365
8.3000 0.038365
8.3100 0.038365
8.3200 0.038365
8.3300 0.038365
8.3400 0.038365
8.3500 0.038365
8.3600 0.038365
8.3700 0.038365
8.3800 0.038365
8.3900 0.038365
8.4000 0.038364
8.4100 0.038364
8.4200 0.038364
8.4300 0.038364
8.4400 0.038364
8.4500 0.038364
8.4600 0.038364
8.4700 0.038364
8.4800 0.038364
8.4900 0.038364
8.5000 0.038364
8.5100 0.038363
8.5200 0.038363
8.5300 0.038363
8.5400 0.038363
8.5500 0.038363
8.5600 0.038363
8.5700 0.038363
8.5800 0.038363
8.5900 0.038363
8.6000 0.038363
8.6100 0.038363
8.6200 0.038362
8.6300 0.038362
8.6400 0.038362
8.6500 0.038362
8.6600 0.038362
8.6700 0.038362
8.6800 0.038362
8.6900 0.038362
8.7000 0.038362
8.7100 0.038362
8.7200 0.038362
8.7300 0.038361
8.7400 0.038361
8.7500 0.038361
8.7600 0.038361
8.7700 0.038361
8.7800 0.038361
8.7900 0.038361
8.8000 0.038361
8.8100 0.038361
8.8200 0.038361
8.8300 0.038360
8.8400 0.038360
8.8500 0.038360
8.8600 0.038360
8.8700 0.038360
8.8800 0.038360
8.8900 0.038360
8.9000 0.038360
8.9100 0.038360
8.9200 0.038360
8.9300 0.038360
8.9400 0.038359
8.9500 0.038359
8.9600 0.038359
8.9700 0.038359
8.9800 0.038359
8.9900 0.038359
9.0000 0.038359
9.0100 0.038359
9.0200 0.038359
9.0300 0.038359
9.0400 0.038359
9.0500 0.038358
9.0600 0.038358
9.0700 0.038358
9.0800 0.038358
9.0900 0.038358
9.1000 0.038358
9.1100 0.038358
9.1200 0.038358
9.1300 0.038358
9.1400 0.038358
9.1500 0.038358
9.1600 0.038357
9.1700 0.038357
9.1800 0.038357
9.1900 0.038357
9.2000 0.038357
9.2100 0.038357
9.2200 0.038357
9.2300 0.038357
9.2400 0.038357
9.2500 0.038357
9.2600 0.038357
9.2700 0.038356
9.2800 0.038356
9.2900 0.038356
9.3000 0.038356
9.3100 0.038356
9.3200 0.038356
9.3300 0.038356
9.3400 0.038356
9.3500 0.038356
9.3600 0.038356
9.3700 0.038356
9.3800 0.038355
9.3900 0.038355
9.4000 0.038355
9.4100 0.038355
9.4200 0.038355
9.4300 0.038355
9.4400 0.038355
9.4500 0.038355
9.4600 0.038355
9.4700 0.038355
9.4800 0.038354
9.4900 0.038354
9.5000 0.038354
9.5100 0.038354
9.5200 0.038354
9.5300 0.038354
9.5400 0.038354
9.5500 0.038354
9.5600 0.038354
9.5700 0.038354
9.5800 0.038354
9.5900 0.038353
9.6000 0.038353
9.6100 0.038353
9.6200 0.038353
9.6300 0.038353
9.6400 0.038353
9.6500 0.038353
9.6600 0.038353
9.6700 0.038353
9.6800 0.038353
9.6900 0.038353
9.7000 0.038352
9.7100 0.038352
9.7200 0.038352
9.7300 0.038352
9.7400 0.038352
9.7500 0.038352
9.7600 0.038352
9.7700 0.038352
9.7800 0.038352
9.7900 0.038352
9.8000 0.038352
9.8100 0.038351
9.8200 0.038351
9.8300 0.038351
9.8400 0.038351
9.8500 0.038351
9.8600 0.038351
9.8700 0.038351
9.8800 0.038351
9.8900 0.038351
9.9000 0.038351
9.9100 0.038351
9.9200 0.038350
9.9300 0.038350
9.9400 0.038350
9.9500 0.038350
9.9600 0.038350
9.9700 0.038350
9.9800 0.038350
9.9900 0.038350
10.000 0.038350
10.100 0.038349
10.110 0.038349
10.120 0.038349
10.130 0.038349
10.140 0.038348
10.150 0.038348
10.160 0.038348
10.170 0.038348
10.180 0.038348
10.190 0.038348
10.200 0.038348
10.210 0.038348
10.220 0.038348
10.230 0.038348
10.240 0.038347
10.250 0.038347
10.260 0.038347
10.270 0.038347
10.280 0.038347
10.290 0.038347
10.300 0.038347
10.310 0.038347
10.320 0.038347
10.330 0.038347
10.340 0.038347
10.350 0.038346
10.360 0.038346
10.370 0.038346
10.380 0.038346
10.390 0.038346
10.400 0.038346
10.410 0.038346
10.420 0.038346
10.430 0.038346
10.440 0.038346
10.450 0.038346
10.460 0.038345
10.470 0.038345
10.480 0.038345
10.490 0.038345
10.500 0.038345
10.510 0.038345
10.520 0.038345
10.530 0.038345
10.540 0.038345
10.550 0.038345
10.560 0.038345
10.570 0.038344
10.580 0.038344
10.590 0.038344
10.600 0.038344
10.610 0.038344
10.620 0.038344
10.630 0.038344
10.640 0.038344
10.650 0.038344
10.660 0.038344
10.670 0.038344
10.680 0.038343
10.690 0.038343
10.700 0.038343
10.710 0.038343
10.720 0.038343
10.730 0.038343
10.740 0.038343
10.750 0.038343
10.760 0.038343
10.770 0.038343
10.780 0.038343
10.790 0.038342
10.800 0.038342
10.810 0.038342
10.820 0.038342
10.830 0.038342
10.840 0.038342
10.850 0.038342
10.860 0.038342
10.870 0.038342
10.880 0.038342
10.890 0.038342
10.900 0.038341
10.910 0.038341
10.920 0.038341
10.930 0.038341
10.940 0.038341
10.950 0.038341
10.960 0.038341
10.970 0.038341
10.980 0.038341
10.990 0.038341
11.000 0.038341
11.010 0.038340
11.020 0.038340
11.030 0.038340
11.040 0.038340
11.050 0.038340
11.060 0.038340
11.070 0.038340
11.080 0.038340
11.090 0.038340
11.100 0.038340
11.110 0.038340
11.120 0.038339
11.130 0.038339
11.140 0.038339
11.150 0.038339
11.160 0.038339
11.170 0.038339
11.180 0.038339
11.190 0.038339
11.200 0.038339
11.210 0.038339
11.220 0.038338
11.230 0.038338
11.240 0.038338
11.250 0.038338
11.260 0.038338
11.270 0.038338
11.280 0.038338
11.290 0.038338
11.300 0.038338
11.310 0.038338
11.320 0.038338
11.330 0.038337
11.340 0.038337
11.350 0.038337
11.360 0.038337
11.370 0.038337
11.380 0.038337
11.390 0.038337
11.400 0.038337
11.410 0.038337
11.420 0.038337
11.430 0.038337
11.440 0.038336
11.450 0.038336
11.460 0.038336
11.470 0.038336
11.480 0.038336
11.490 0.038336
11.500 0.038336
11.510 0.038336
11.520 0.038336
11.530 0.038336
11.540 0.038336
11.550 0.038335
11.560 0.038335
11.570 0.038335
11.580 0.038335
11.590 0.038335
11.600 0.038335
11.610 0.038335
11.620 0.038335
11.630 0.038335
11.640 0.038335
11.650 0.038335
11.660 0.038334
11.670 0.038334
11.680 0.038334
11.690 0.038334
11.700 0.038334
11.710 0.038334
11.720 0.038334
11.730 0.038334
11.740 0.038334
11.750 0.038334
11.760 0.038334
11.770 0.038333
11.780 0.038333
11.790 0.038333
11.800 0.038333
11.810 0.038333
11.820 0.038333
11.830 0.038333
11.840 0.038333
11.850 0.038333
11.860 0.038333
11.870 0.038333
11.880 0.038332
11.890 0.038332
11.900 0.038332
11.910 0.038332
11.920 0.038332
11.930 0.038332
11.940 0.038332
11.950 0.038332
11.960 0.038332
11.970 0.038332
11.980 0.038332
11.990 0.038331
12.000 0.038331
12.010 0.038331
12.020 0.038331
12.030 0.038331
12.040 0.038331
12.050 0.038331
12.060 0.038331
12.070 0.038331
12.080 0.038331
12.090 0.038331
12.100 0.038330
12.110 0.038330
12.120 0.038330
12.130 0.038330
12.140 0.038330
12.150 0.038330
12.160 0.038330
12.170 0.038330
12.180 0.038330
12.190 0.038330
12.200 0.038330
12.210 0.038329
12.220 0.038329
12.230 0.038329
12.240 0.038329
12.250 0.038329
12.260 0.038329
12.270 0.038329
12.280 0.038329
12.290 0.038329
12.300 0.038329
12.310 0.038329
12.320 0.038328
12.330 0.038328
12.340 0.038328
12.350 0.038328
12.360 0.038328
12.370 0.038328
12.380 0.038328
12.390 0.038328
12.400 0.038328
12.410 0.038328
12.420 0.038327
12.430 0.038327
12.440 0.038327
12.450 0.038327
12.460 0.038327
12.470 0.038327
12.480 0.038327
12.490 0.038327
12.500 0.038327
12.510 0.038327
12.520 0.038327
12.530 0.038326
12.540 0.038326
12.550 0.038326
12.560 0.038326
12.570 0.038326
12.580 0.038326
12.590 0.038326
12.600 0.038326
12.610 0.038326
12.620 0.038326
12.630 0.038326
12.640 0.038325
12.650 0.038325
12.660 0.038325
12.670 0.038325
12.680 0.038325
12.690 0.038325
12.700 0.038325
12.710 0.038325
12.720 0.038325
12.730 0.038325
12.740 0.038325
12.750 0.038324
12.760 0.038324
12.770 0.038324
12.780 0.038324
12.790 0.038324
12.800 0.038324
12.810 0.038324
12.820 0.038324
12.830 0.038324
12.840 0.038324
12.850 0.038324
12.860 0.038323
12.870 0.038323
12.880 0.038323
12.890 0.038323
12.900 0.038323
12.910 0.038323
12.920 0.038323
12.930 0.038323
12.940 0.038323
12.950 0.038323
12.960 0.038323
12.970 0.038322
12.980 0.038322
12.990 0.038322
13.000 0.038322
13.010 0.038322
13.020 0.038322
13.030 0.038322
13.040 0.038322
13.050 0.038322
13.060 0.038322
13.070 0.038322
13.080 0.038321
13.090 0.038321
13.100 0.038321
13.110 0.038321
13.120 0.038321
13.130 0.038321
13.140 0.038321
13.150 0.038321
13.160 0.038321
13.170 0.038321
13.180 0.038321
13.190 0.038320
13.200 0.038320
13.210 0.038320
13.220 0.038320
13.230 0.038320
13.240 0.038320
13.250 0.038320
13.260 0.038320
13.270 0.038320
13.280 0.038320
13.290 0.038320
13.300 0.038319
13.310 0.038319
13.320 0.038319
13.330 0.038319
13.340 0.038319
13.350 0.038319
13.360 0.038319
13.370 0.038319
13.380 0.038319
13.390 0.038319
13.400 0.038319
13.410 0.038318
13.420 0.038318
13.430 0.038318
13.440 0.038318
13.450 0.038318
13.460 0.038318
13.470 0.038318
13.480 0.038318
13.490 0.038318
13.500 0.038318
13.510 0.038318
13.520 0.038317
13.530 0.038317
13.540 0.038317
13.550 0.038317
13.560 0.038317
13.570 0.038317
13.580 0.038317
13.590 0.038317
13.600 0.038317
13.610 0.038317
13.620 0.038317
13.630 0.038316
13.640 0.038316
13.650 0.038316
13.660 0.038316
13.670 0.038316
13.680 0.038316
13.690 0.038316
13.700 0.038316
13.710 0.038316
13.720 0.038316
13.730 0.038316
13.740 0.038315
13.750 0.038315
13.760 0.038315
13.770 0.038315
13.780 0.038315
13.790 0.038315
13.800 0.038315
13.810 0.038315
13.820 0.038315
13.830 0.038315
13.840 0.038315
13.850 0.038314
13.860 0.038314
13.870 0.038314
13.880 0.038314
13.890 0.038314
13.900 0.038314
13.910 0.038314
13.920 0.038314
13.930 0.038314
13.940 0.038314
13.950 0.038314
13.960 0.038313
13.970 0.038313
13.980 0.038313
13.990 0.038313
14.000 0.038313
14.010 0.038313
14.020 0.038313
14.030 0.038313
14.040 0.038313
14.050 0.038313
14.060 0.038313
14.070 0.038312
14.080 0.038312
14.090 0.038312
14.100 0.038312
14.110 0.038312
14.120 0.038312
14.130 0.038312
14.140 0.038312
14.150 0.038312
14.160 0.038312
14.170 0.038312
14.180 0.038311
14.190 0.038311
14.200 0.038311
14.210 0.038311
14.220 0.038311
14.230 0.038311
14.240 0.038311
14.250 0.038311
14.260 0.038311
14.270 0.038311
14.280 0.038311
14.290 0.038310
14.300 0.038310
14.310 0.038310
14.320 0.038310
14.330 0.038310
14.340 0.038310
14.350 0.038310
14.360 0.038310
14.370 0.038310
14.380 0.038310
14.390 0.038310
14.400 0.038309
14.410 0.038309
14.420 0.038309
14.430 0.038309
14.440 0.038309
14.450 0.038309
14.460 0.038309
14.470 0.038309
14.480 0.038309
14.490 0.038309
14.500 0.038309
14.510 0.038308
14.520 0.038308
14.530 0.038308
14.540 0.038308
14.550 0.038308
14.560 0.038308
14.570 0.038308
14.580 0.038308
14.590 0.038308
14.600 0.038308
14.610 0.038308
14.620 0.038307
14.630 0.038307
14.640 0.038307
14.650 0.038307
14.660 0.038307
14.670 0.038307
14.680 0.038307
14.690 0.038307
14.700 0.038307
14.710 0.038307
14.720 0.038307
14.730 0.038306
14.740 0.038306
14.750 0.038306
14.760 0.038306
14.770 0.038306
14.780 0.038306
14.790 0.038306
14.800 0.038306
14.810 0.038306
14.820 0.038306
14.830 0.038306
14.840 0.038305
14.850 0.038305
14.860 0.038305
14.870 0.038305
14.880 0.038305
14.890 0.038305
14.900 0.038305
14.910 0.038305
14.920 0.038305
14.930 0.038305
14.940 0.038305
14.950 0.038304
14.960 0.038304
14.970 0.038304
14.980 0.038304
14.990 0.038304
15.000 0.038304
15.100 0.038303
15.110 0.038303
15.120 0.038303
15.130 0.038303
15.140 0.038303
15.150 0.038303
15.160 0.038303
15.170 0.038302
15.180 0.038302
15.190 0.038302
15.200 0.038302
15.210 0.038302
15.220 0.038302
15.230 0.038302
15.240 0.038302
15.250 0.038302
15.260 0.038302
15.270 0.038302
15.280 0.038301
15.290 0.038301
15.300 0.038301
15.310 0.038301
15.320 0.038301
15.330 0.038301
15.340 0.038301
15.350 0.038301
15.360 0.038301
15.370 0.038301
15.380 0.038301
15.390 0.038300
15.400 0.038300
15.410 0.038300
15.420 0.038300
15.430 0.038300
15.440 0.038300
15.450 0.038300
15.460 0.038300
15.470 0.038300
15.480 0.038300
15.490 0.038300
15.500 0.038299
15.510 0.038299
15.520 0.038299
15.530 0.038299
15.540 0.038299
15.550 0.038299
15.560 0.038299
15.570 0.038299
15.580 0.038299
15.590 0.038299
15.600 0.038299
15.610 0.038298
15.620 0.038298
15.630 0.038298
15.640 0.038298
15.650 0.038298
15.660 0.038298
15.670 0.038298
15.680 0.038298
15.690 0.038298
15.700 0.038298
15.710 0.038298
15.720 0.038297
15.730 0.038297
15.740 0.038297
15.750 0.038297
15.760 0.038297
15.770 0.038297
15.780 0.038297
15.790 0.038297
15.800 0.038297
15.810 0.038297
15.820 0.038297
15.830 0.038296
15.840 0.038296
15.850 0.038296
15.860 0.038296
15.870 0.038296
15.880 0.038296
15.890 0.038296
15.900 0.038296
15.910 0.038296
15.920 0.038296
15.930 0.038296
15.940 0.038295
15.950 0.038295
15.960 0.038295
15.970 0.038295
15.980 0.038295
15.990 0.038295
16.000 0.038295
16.010 0.038295
16.020 0.038295
16.030 0.038295
16.040 0.038295
16.050 0.038294
16.060 0.038294
16.070 0.038294
16.080 0.038294
16.090 0.038294
16.100 0.038294
16.110 0.038294
16.120 0.038294
16.130 0.038294
16.140 0.038294
16.150 0.038294
16.160 0.038293
16.170 0.038293
16.180 0.038293
16.190 0.038293
16.200 0.038293
16.210 0.038293
16.220 0.038293
16.230 0.038293
16.240 0.038293
16.250 0.038293
16.260 0.038293
16.270 0.038292
16.280 0.038292
16.290 0.038292
16.300 0.038292
16.310 0.038292
16.320 0.038292
16.330 0.038292
16.340 0.038292
16.350 0.038292
16.360 0.038292
16.370 0.038292
16.380 0.038291
16.390 0.038291
16.400 0.038291
16.410 0.038291
16.420 0.038291
16.430 0.038291
16.440 0.038291
16.450 0.038291
16.460 0.038291
16.470 0.038291
16.480 0.038291
16.490 0.038290
16.500 0.038290
16.510 0.038290
16.520 0.038290
16.530 0.038290
16.540 0.038290
16.550 0.038290
16.560 0.038290
16.570 0.038290
16.580 0.038290
16.590 0.038290
16.600 0.038289
16.610 0.038289
16.620 0.038289
16.630 0.038289
16.640 0.038289
16.650 0.038289
16.660 0.038289
16.670 0.038289
16.680 0.038289
16.690 0.038289
16.700 0.038289
16.710 0.038288
16.720 0.038288
16.730 0.038288
16.740 0.038288
16.750 0.038288
16.760 0.038288
16.770 0.038288
16.780 0.038288
16.790 0.038288
16.800 0.038288
16.810 0.038288
16.820 0.038287
16.830 0.038287
16.840 0.038287
16.850 0.038287
16.860 0.038287
16.870 0.038287
16.880 0.038287
16.890 0.038287
16.900 0.038287
16.910 0.038287
16.920 0.038287
16.930 0.038286
16.940 0.038286
16.950 0.038286
16.960 0.038286
16.970 0.038286
16.980 0.038286
16.990 0.038286
17.000 0.038286
17.010 0.038286
17.020 0.038286
17.030 0.038286
17.040 0.038285
17.050 0.038285
17.060 0.038285
17.070 0.038285
17.080 0.038285
17.090 0.038285
17.100 0.038285
17.110 0.038285
17.120 0.038285
17.130 0.038285
17.140 0.038285
17.150 0.038284
17.160 0.038284
17.170 0.038284
17.180 0.038284
17.190 0.038284
17.200 0.038284
17.210 0.038284
17.220 0.038284
17.230 0.038284
17.240 0.038284
17.250 0.038284
17.260 0.038283
17.270 0.038283
17.280 0.038283
17.290 0.038283
17.300 0.038283
17.310 0.038283
17.320 0.038283
17.330 0.038283
17.340 0.038283
17.350 0.038283
17.360 0.038283
17.370 0.038282
17.380 0.038282
17.390 0.038282
17.400 0.038282
17.410 0.038282
17.420 0.038282
17.430 0.038282
17.440 0.038282
17.450 0.038282
17.460 0.038282
17.470 0.038282
17.480 0.038281
17.490 0.038281
17.500 0.038281
17.510 0.038281
17.520 0.038281
17.530 0.038281
17.540 0.038281
17.550 0.038281
17.560 0.038281
17.570 0.038281
17.580 0.038281
17.590 0.038280
17.600 0.038280
17.610 0.038280
17.620 0.038280
17.630 0.038280
17.640 0.038280
17.650 0.038280
17.660 0.038280
17.670 0.038280
17.680 0.038280
17.690 0.038280
17.700 0.038280
17.710 0.038279
17.720 0.038279
17.730 0.038279
17.740 0.038279
17.750 0.038279
17.760 0.038279
17.770 0.038279
17.780 0.038279
17.790 0.038279
17.800 0.038279
17.810 0.038279
17.820 0.038278
17.830 0.038278
17.840 0.038278
17.850 0.038278
17.860 0.038278
17.870 0.038278
17.880 0.038278
17.890 0.038278
17.900 0.038278
17.910 0.038278
17.920 0.038278
17.930 0.038277
17.940 0.038277
17.950 0.038277
17.960 0.038277
17.970 0.038277
17.980 0.038277
17.990 0.038277
18.000 0.038277
18.010 0.038277
18.020 0.038277
18.030 0.038277
18.040 0.038276
18.050 0.038276
18.060 0.038276
18.070 0.038276
18.080 0.038276
18.090 0.038276
18.100 0.038276
18.110 0.038276
18.120 0.038276
18.130 0.038276
18.140 0.038276
18.150 0.038275
18.160 0.038275
18.170 0.038275
18.180 0.038275
18.190 0.038275
18.200 0.038275
18.210 0.038275
18.220 0.038275
18.230 0.038275
18.240 0.038275
18.250 0.038275
18.260 0.038274
18.270 0.038274
18.280 0.038274
18.290 0.038274
18.300 0.038274
18.310 0.038274
18.320 0.038274
18.330 0.038274
18.340 0.038274
18.350 0.038274
18.360 0.038274
18.370 0.038273
18.380 0.038273
18.390 0.038273
18.400 0.038273
18.410 0.038273
18.420 0.038273
18.430 0.038273
18.440 0.038273
18.450 0.038273
18.460 0.038273
18.470 0.038273
18.480 0.038272
18.490 0.038272
18.500 0.038272
18.510 0.038272
18.520 0.038272
18.530 0.038272
18.540 0.038272
18.550 0.038272
18.560 0.038272
18.570 0.038272
18.580 0.038272
18.590 0.038271
18.600 0.038271
18.610 0.038271
18.620 0.038271
18.630 0.038271
18.640 0.038271
18.650 0.038271
18.660 0.038271
18.670 0.038271
18.680 0.038271
18.690 0.038271
18.700 0.038270
18.710 0.038270
18.720 0.038270
18.730 0.038270
18.740 0.038270
18.750 0.038270
18.760 0.038270
18.770 0.038270
18.780 0.038270
18.790 0.038270
18.800 0.038270
18.810 0.038269
18.820 0.038269
18.830 0.038269
18.840 0.038269
18.850 0.038269
18.860 0.038269
18.870 0.038269
18.880 0.038269
18.890 0.038269
18.900 0.038269
18.910 0.038269
18.920 0.038269
18.930 0.038268
18.940 0.038268
18.950 0.038268
18.960 0.038268
18.970 0.038268
18.980 0.038268
18.990 0.038268
19.000 0.038268
19.010 0.038268
19.020 0.038268
19.030 0.038268
19.040 0.038267
19.050 0.038267
19.060 0.038267
19.070 0.038267
19.080 0.038267
19.090 0.038267
19.100 0.038267
19.110 0.038267
19.120 0.038267
19.130 0.038267
19.140 0.038267
19.150 0.038266
19.160 0.038266
19.170 0.038266
19.180 0.038266
19.190 0.038266
19.200 0.038266
19.210 0.038266
19.220 0.038266
19.230 0.038266
19.240 0.038266
19.250 0.038266
19.260 0.038265
19.270 0.038265
19.280 0.038265
19.290 0.038265
19.300 0.038265
19.310 0.038265
19.320 0.038265
19.330 0.038265
19.340 0.038265
19.350 0.038265
19.360 0.038265
19.370 0.038264
19.380 0.038264
19.390 0.038264
19.400 0.038264
19.410 0.038264
19.420 0.038264
19.430 0.038264
19.440 0.038264
19.450 0.038264
19.460 0.038264
19.470 0.038264
19.480 0.038263
19.490 0.038263
19.500 0.038263
19.510 0.038263
19.520 0.038263
19.530 0.038263
19.540 0.038263
19.550 0.038263
19.560 0.038263
19.570 0.038263
19.580 0.038263
19.590 0.038262
19.600 0.038262
19.610 0.038262
19.620 0.038262
19.630 0.038262
19.640 0.038262
19.650 0.038262
19.660 0.038262
19.670 0.038262
19.680 0.038262
19.690 0.038262
19.700 0.038261
19.710 0.038261
19.720 0.038261
19.730 0.038261
19.740 0.038261
19.750 0.038261
19.760 0.038261
19.770 0.038261
19.780 0.038261
19.790 0.038261
19.800 0.038261
19.810 0.038260
19.820 0.038260
19.830 0.038260
19.840 0.038260
19.850 0.038260
19.860 0.038260
19.870 0.038260
19.880 0.038260
19.890 0.038260
19.900 0.038260
19.910 0.038260
19.920 0.038260
19.930 0.038259
19.940 0.038259
19.950 0.038259
19.960 0.038259
19.970 0.038259
19.980 0.038259
19.990 0.038259
20.000 0.038259
20.100 0.038258
20.110 0.038258
20.120 0.038258
20.130 0.038258
20.140 0.038258
20.150 0.038257
20.160 0.038257
20.170 0.038257
20.180 0.038257
20.190 0.038257
20.200 0.038257
20.210 0.038257
20.220 0.038257
20.230 0.038257
20.240 0.038257
20.250 0.038257
20.260 0.038256
20.270 0.038256
20.280 0.038256
20.290 0.038256
20.300 0.038256
20.310 0.038256
20.320 0.038256
20.330 0.038256
20.340 0.038256
20.350 0.038256
20.360 0.038256
20.370 0.038255
20.380 0.038255
20.390 0.038255
20.400 0.038255
20.410 0.038255
20.420 0.038255
20.430 0.038255
20.440 0.038255
20.450 0.038255
20.460 0.038255
20.470 0.038255
20.480 0.038254
20.490 0.038254
20.500 0.038254
20.510 0.038254
20.520 0.038254
20.530 0.038254
20.540 0.038254
20.550 0.038254
20.560 0.038254
20.570 0.038254
20.580 0.038254
20.590 0.038253
20.600 0.038253
20.610 0.038253
20.620 0.038253
20.630 0.038253
20.640 0.038253
20.650 0.038253
20.660 0.038253
20.670 0.038253
20.680 0.038253
20.690 0.038253
20.700 0.038253
20.710 0.038252
20.720 0.038252
20.730 0.038252
20.740 0.038252
20.750 0.038252
20.760 0.038252
20.770 0.038252
20.780 0.038252
20.790 0.038252
20.800 0.038252
20.810 0.038252
20.820 0.038251
20.830 0.038251
20.840 0.038251
20.850 0.038251
20.860 0.038251
20.870 0.038251
20.880 0.038251
20.890 0.038251
20.900 0.038251
20.910 0.038251
20.920 0.038251
20.930 0.038250
20.940 0.038250
20.950 0.038250
20.960 0.038250
20.970 0.038250
20.980 0.038250
20.990 0.038250
21.000 0.038250
21.010 0.038250
21.020 0.038250
21.030 0.038250
21.040 0.038249
21.050 0.038249
21.060 0.038249
21.070 0.038249
21.080 0.038249
21.090 0.038249
21.100 0.038249
21.110 0.038249
21.120 0.038249
21.130 0.038249
21.140 0.038249
21.150 0.038248
21.160 0.038248
21.170 0.038248
21.180 0.038248
21.190 0.038248
21.200 0.038248
21.210 0.038248
21.220 0.038248
21.230 0.038248
21.240 0.038248
21.250 0.038248
21.260 0.038247
21.270 0.038247
21.280 0.038247
21.290 0.038247
21.300 0.038247
21.310 0.038247
21.320 0.038247
21.330 0.038247
21.340 0.038247
21.350 0.038247
21.360 0.038247
21.370 0.038247
21.380 0.038246
21.390 0.038246
21.400 0.038246
21.410 0.038246
21.420 0.038246
21.430 0.038246
21.440 0.038246
21.450 0.038246
21.460 0.038246
21.470 0.038246
21.480 0.038246
21.490 0.038245
21.500 0.038245
21.510 0.038245
21.520 0.038245
21.530 0.038245
21.540 0.038245
21.550 0.038245
21.560 0.038245
21.570 0.038245
21.580 0.038245
21.590 0.038245
21.600 0.038244
21.610 0.038244
21.620 0.038244
21.630 0.038244
21.640 0.038244
21.650 0.038244
21.660 0.038244
21.670 0.038244
21.680 0.038244
21.690 0.038244
21.700 0.038244
21.710 0.038243
21.720 0.038243
21.730 0.038243
21.740 0.038243
21.750 0.038243
21.760 0.038243
21.770 0.038243
21.780 0.038243
21.790 0.038243
21.800 0.038243
21.810 0.038243
21.820 0.038242
21.830 0.038242
21.840 0.038242
21.850 0.038242
21.860 0.038242
21.870 0.038242
21.880 0.038242
21.890 0.038242
21.900 0.038242
21.910 0.038242
21.920 0.038242
21.930 0.038242
21.940 0.038241
21.950 0.038241
21.960 0.038241
21.970 0.038241
21.980 0.038241
21.990 0.038241
22.000 0.038241
22.010 0.038241
22.020 0.038241
22.030 0.038241
22.040 0.038241
22.050 0.038240
22.060 0.038240
22.070 0.038240
22.080 0.038240
22.090 0.038240
22.100 0.038240
22.110 0.038240
22.120 0.038240
22.130 0.038240
22.140 0.038240
22.150 0.038240
22.160 0.038239
22.170 0.038239
22.180 0.038239
22.190 0.038239
22.200 0.038239
22.210 0.038239
22.220 0.038239
22.230 0.038239
22.240 0.038239
22.250 0.038239
22.260 0.038239
22.270 0.038238
22.280 0.038238
22.290 0.038238
22.300 0.038238
22.310 0.038238
22.320 0.038238
22.330 0.038238
22.340 0.038238
22.350 0.038238
22.360 0.038238
22.370 0.038238
22.380 0.038237
22.390 0.038237
22.400 0.038237
22.410 0.038237
22.420 0.038237
22.430 0.038237
22.440 0.038237
22.450 0.038237
22.460 0.038237
22.470 0.038237
22.480 0.038237
22.490 0.038237
22.500 0.038236
22.510 0.038236
22.520 0.038236
22.530 0.038236
22.540 0.038236
22.550 0.038236
22.560 0.038236
22.570 0.038236
22.580 0.038236
22.590 0.038236
22.600 0.038236
22.610 0.038235
22.620 0.038235
22.630 0.038235
22.640 0.038235
22.650 0.038235
22.660 0.038235
22.670 0.038235
22.680 0.038235
22.690 0.038235
22.700 0.038235
22.710 0.038235
22.720 0.038234
22.730 0.038234
22.740 0.038234
22.750 0.038234
22.760 0.038234
22.770 0.038234
22.780 0.038234
22.790 0.038234
22.800 0.038234
22.810 0.038234
22.820 0.038234
22.830 0.038233
22.840 0.038233
22.850 0.038233
22.860 0.038233
22.870 0.038233
22.880 0.038233
22.890 0.038233
22.900 0.038233
22.910 0.038233
22.920 0.038233
22.930 0.038233
22.940 0.038232
22.950 0.038232
22.960 0.038232
22.970 0.038232
22.980 0.038232
22.990 0.038232
23.000 0.038232
23.010 0.038232
23.020 0.038232
23.030 0.038232
23.040 0.038232
23.050 0.038232
23.060 0.038231
23.070 0.038231
23.080 0.038231
23.090 0.038231
23.100 0.038231
23.110 0.038231
23.120 0.038231
23.130 0.038231
23.140 0.038231
23.150 0.038231
23.160 0.038231
23.170 0.038230
23.180 0.038230
23.190 0.038230
23.200 0.038230
23.210 0.038230
23.220 0.038230
23.230 0.038230
23.240 0.038230
23.250 0.038230
23.260 0.038230
23.270 0.038230
23.280 0.038229
23.290 0.038229
23.300 0.038229
23.310 0.038229
23.320 0.038229
23.330 0.038229
23.340 0.038229
23.350 0.038229
23.360 0.038229
23.370 0.038229
23.380 0.038229
23.390 0.038228
23.400 0.038228
23.410 0.038228
23.420 0.038228
23.430 0.038228
23.440 0.038228
23.450 0.038228
23.460 0.038228
23.470 0.038228
23.480 0.038228
23.490 0.038228
23.500 0.038228
23.510 0.038227
23.520 0.038227
23.530 0.038227
23.540 0.038227
23.550 0.038227
23.560 0.038227
23.570 0.038227
23.580 0.038227
23.590 0.038227
23.600 0.038227
23.610 0.038227
23.620 0.038226
23.630 0.038226
23.640 0.038226
23.650 0.038226
23.660 0.038226
23.670 0.038226
23.680 0.038226
23.690 0.038226
23.700 0.038226
23.710 0.038226
23.720 0.038226
23.730 0.038225
23.740 0.038225
23.750 0.038225
23.760 0.038225
23.770 0.038225
23.780 0.038225
23.790 0.038225
23.800 0.038225
23.810 0.038225
23.820 0.038225
23.830 0.038225
23.840 0.038224
23.850 0.038224
23.860 0.038224
23.870 0.038224
23.880 0.038224
23.890 0.038224
23.900 0.038224
23.910 0.038224
23.920 0.038224
23.930 0.038224
23.940 0.038224
23.950 0.038223
23.960 0.038223
23.970 0.038223
23.980 0.038223
23.990 0.038223
24.000 0.038223
24.010 0.038223
24.020 0.038223
24.030 0.038223
24.040 0.038223
24.050 0.038223
24.060 0.038223
24.070 0.038222
24.080 0.038222
24.090 0.038222
24.100 0.038222
24.110 0.038222
24.120 0.038222
24.130 0.038222
24.140 0.038222
24.150 0.038222
24.160 0.038222
24.170 0.038222
24.180 0.038221
24.190 0.038221
24.200 0.038221
24.210 0.038221
24.220 0.038221
24.230 0.038221
24.240 0.038221
24.250 0.038221
24.260 0.038221
24.270 0.038221
24.280 0.038221
24.290 0.038220
24.300 0.038220
24.310 0.038220
24.320 0.038220
24.330 0.038220
24.340 0.038220
24.350 0.038220
24.360 0.038220
24.370 0.038220
24.380 0.038220
24.390 0.038220
24.400 0.038219
24.410 0.038219
24.420 0.038219
24.430 0.038219
24.440 0.038219
24.450 0.038219
24.460 0.038219
24.470 0.038219
24.480 0.038219
24.490 0.038219
24.500 0.038219
24.510 0.038219
24.520 0.038218
24.530 0.038218
24.540 0.038218
24.550 0.038218
24.560 0.038218
24.570 0.038218
24.580 0.038218
24.590 0.038218
24.600 0.038218
24.610 0.038218
24.620 0.038218
24.630 0.038217
24.640 0.038217
24.650 0.038217
24.660 0.038217
24.670 0.038217
24.680 0.038217
24.690 0.038217
24.700 0.038217
24.710 0.038217
24.720 0.038217
24.730 0.038217
24.740 0.038216
24.750 0.038216
24.760 0.038216
24.770 0.038216
24.780 0.038216
24.790 0.038216
24.800 0.038216
24.810 0.038216
24.820 0.038216
24.830 0.038216
24.840 0.038216
24.850 0.038216
24.860 0.038215
24.870 0.038215
24.880 0.038215
24.890 0.038215
24.900 0.038215
24.910 0.038215
24.920 0.038215
24.930 0.038215
24.940 0.038215
24.950 0.038215
24.960 0.038215
24.970 0.038214
24.980 0.038214
24.990 0.038214
25.000 0.038214
25.100 0.038213
25.110 0.038213
25.120 0.038213
25.130 0.038213
25.140 0.038213
25.150 0.038213
25.160 0.038213
25.170 0.038213
25.180 0.038213
25.190 0.038212
25.200 0.038212
25.210 0.038212
25.220 0.038212
25.230 0.038212
25.240 0.038212
25.250 0.038212
25.260 0.038212
25.270 0.038212
25.280 0.038212
25.290 0.038212
25.300 0.038212
25.310 0.038211
25.320 0.038211
25.330 0.038211
25.340 0.038211
25.350 0.038211
25.360 0.038211
25.370 0.038211
25.380 0.038211
25.390 0.038211
25.400 0.038211
25.410 0.038211
25.420 0.038210
25.430 0.038210
25.440 0.038210
25.450 0.038210
25.460 0.038210
25.470 0.038210
25.480 0.038210
25.490 0.038210
25.500 0.038210
25.510 0.038210
25.520 0.038210
25.530 0.038209
25.540 0.038209
25.550 0.038209
25.560 0.038209
25.570 0.038209
25.580 0.038209
25.590 0.038209
25.600 0.038209
25.610 0.038209
25.620 0.038209
25.630 0.038209
25.640 0.038209
25.650 0.038208
25.660 0.038208
25.670 0.038208
25.680 0.038208
25.690 0.038208
25.700 0.038208
25.710 0.038208
25.720 0.038208
25.730 0.038208
25.740 0.038208
25.750 0.038208
25.760 0.038207
25.770 0.038207
25.780 0.038207
25.790 0.038207
25.800 0.038207
25.810 0.038207
25.820 0.038207
25.830 0.038207
25.840 0.038207
25.850 0.038207
25.860 0.038207
25.870 0.038206
25.880 0.038206
25.890 0.038206
25.900 0.038206
25.910 0.038206
25.920 0.038206
25.930 0.038206
25.940 0.038206
25.950 0.038206
25.960 0.038206
25.970 0.038206
25.980 0.038205
25.990 0.038205
26.000 0.038205
26.010 0.038205
26.020 0.038205
26.030 0.038205
26.040 0.038205
26.050 0.038205
26.060 0.038205
26.070 0.038205
26.080 0.038205
26.090 0.038205
26.100 0.038204
26.110 0.038204
26.120 0.038204
26.130 0.038204
26.140 0.038204
26.150 0.038204
26.160 0.038204
26.170 0.038204
26.180 0.038204
26.190 0.038204
26.200 0.038204
26.210 0.038203
26.220 0.038203
26.230 0.038203
26.240 0.038203
26.250 0.038203
26.260 0.038203
26.270 0.038203
26.280 0.038203
26.290 0.038203
26.300 0.038203
26.310 0.038203
26.320 0.038202
26.330 0.038202
26.340 0.038202
26.350 0.038202
26.360 0.038202
26.370 0.038202
26.380 0.038202
26.390 0.038202
26.400 0.038202
26.410 0.038202
26.420 0.038202
26.430 0.038202
26.440 0.038201
26.450 0.038201
26.460 0.038201
26.470 0.038201
26.480 0.038201
26.490 0.038201
26.500 0.038201
26.510 0.038201
26.520 0.038201
26.530 0.038201
26.540 0.038201
26.550 0.038200
26.560 0.038200
26.570 0.038200
26.580 0.038200
26.590 0.038200
26.600 0.038200
26.610 0.038200
26.620 0.038200
26.630 0.038200
26.640 0.038200
26.650 0.038200
26.660 0.038199
26.670 0.038199
26.680 0.038199
26.690 0.038199
26.700 0.038199
26.710 0.038199
26.720 0.038199
26.730 0.038199
26.740 0.038199
26.750 0.038199
26.760 0.038199
26.770 0.038199
26.780 0.038198
26.790 0.038198
26.800 0.038198
26.810 0.038198
26.820 0.038198
26.830 0.038198
26.840 0.038198
26.850 0.038198
26.860 0.038198
26.870 0.038198
26.880 0.038198
26.890 0.038197
26.900 0.038197
26.910 0.038197
26.920 0.038197
26.930 0.038197
26.940 0.038197
26.950 0.038197
26.960 0.038197
26.970 0.038197
26.980 0.038197
26.990 0.038197
27.000 0.038196
27.010 0.038196
27.020 0.038196
27.030 0.038196
27.040 0.038196
27.050 0.038196
27.060 0.038196
27.070 0.038196
27.080 0.038196
27.090 0.038196
27.100 0.038196
27.110 0.038196
27.120 0.038195
27.130 0.038195
27.140 0.038195
27.150 0.038195
27.160 0.038195
27.170 0.038195
27.180 0.038195
27.190 0.038195
27.200 0.038195
27.210 0.038195
27.220 0.038195
27.230 0.038194
27.240 0.038194
27.250 0.038194
27.260 0.038194
27.270 0.038194
27.280 0.038194
27.290 0.038194
27.300 0.038194
27.310 0.038194
27.320 0.038194
27.330 0.038194
27.340 0.038193
27.350 0.038193
27.360 0.038193
27.370 0.038193
27.380 0.038193
27.390 0.038193
27.400 0.038193
27.410 0.038193
27.420 0.038193
27.430 0.038193
27.440 0.038193
27.450 0.038193
27.460 0.038192
27.470 0.038192
27.480 0.038192
27.490 0.038192
27.500 0.038192
27.510 0.038192
27.520 0.038192
27.530 0.038192
27.540 0.038192
27.550 0.038192
27.560 0.038192
27.570 0.038191
27.580 0.038191
27.590 0.038191
27.600 0.038191
27.610 0.038191
27.620 0.038191
27.630 0.038191
27.640 0.038191
27.650 0.038191
27.660 0.038191
27.670 0.038191
27.680 0.038190
27.690 0.038190
27.700 0.038190
27.710 0.038190
27.720 0.038190
27.730 0.038190
27.740 0.038190
27.750 0.038190
27.760 0.038190
27.770 0.038190
27.780 0.038190
27.790 0.038190
27.800 0.038189
27.810 0.038189
27.820 0.038189
27.830 0.038189
27.840 0.038189
27.850 0.038189
27.860 0.038189
27.870 0.038189
27.880 0.038189
27.890 0.038189
27.900 0.038189
27.910 0.038188
27.920 0.038188
27.930 0.038188
27.940 0.038188
27.950 0.038188
27.960 0.038188
27.970 0.038188
27.980 0.038188
27.990 0.038188
28.000 0.038188
28.010 0.038188
28.020 0.038187
28.030 0.038187
28.040 0.038187
28.050 0.038187
28.060 0.038187
28.070 0.038187
28.080 0.038187
28.090 0.038187
28.100 0.038187
28.110 0.038187
28.120 0.038187
28.130 0.038187
28.140 0.038186
28.150 0.038186
28.160 0.038186
28.170 0.038186
28.180 0.038186
28.190 0.038186
28.200 0.038186
28.210 0.038186
28.220 0.038186
28.230 0.038186
28.240 0.038186
28.250 0.038185
28.260 0.038185
28.270 0.038185
28.280 0.038185
28.290 0.038185
28.300 0.038185
28.310 0.038185
28.320 0.038185
28.330 0.038185
28.340 0.038185
28.350 0.038185
28.360 0.038184
28.370 0.038184
28.380 0.038184
28.390 0.038184
28.400 0.038184
28.410 0.038184
28.420 0.038184
28.430 0.038184
28.440 0.038184
28.450 0.038184
28.460 0.038184
28.470 0.038184
28.480 0.038183
28.490 0.038183
28.500 0.038183
28.510 0.038183
28.520 0.038183
28.530 0.038183
28.540 0.038183
28.550 0.038183
28.560 0.038183
28.570 0.038183
28.580 0.038183
28.590 0.038182
28.600 0.038182
28.610 0.038182
28.620 0.038182
28.630 0.038182
28.640 0.038182
28.650 0.038182
28.660 0.038182
28.670 0.038182
28.680 0.038182
28.690 0.038182
28.700 0.038182
28.710 0.038181
28.720 0.038181
28.730 0.038181
28.740 0.038181
28.750 0.038181
28.760 0.038181
28.770 0.038181
28.780 0.038181
28.790 0.038181
28.800 0.038181
28.810 0.038181
28.820 0.038180
28.830 0.038180
28.840 0.038180
28.850 0.038180
28.860 0.038180
28.870 0.038180
28.880 0.038180
28.890 0.038180
28.900 0.038180
28.910 0.038180
28.920 0.038180
28.930 0.038179
28.940 0.038179
28.950 0.038179
28.960 0.038179
28.970 0.038179
28.980 0.038179
28.990 0.038179
29.000 0.038179
29.010 0.038179
29.020 0.038179
29.030 0.038179
29.040 0.038179
29.050 0.038178
29.060 0.038178
29.070 0.038178
29.080 0.038178
29.090 0.038178
29.100 0.038178
29.110 0.038178
29.120 0.038178
29.130 0.038178
29.140 0.038178
29.150 0.038178
29.160 0.038177
29.170 0.038177
29.180 0.038177
29.190 0.038177
29.200 0.038177
29.210 0.038177
29.220 0.038177
29.230 0.038177
29.240 0.038177
29.250 0.038177
29.260 0.038177
29.270 0.038176
29.280 0.038176
29.290 0.038176
29.300 0.038176
29.310 0.038176
29.320 0.038176
29.330 0.038176
29.340 0.038176
29.350 0.038176
29.360 0.038176
29.370 0.038176
29.380 0.038176
29.390 0.038175
29.400 0.038175
29.410 0.038175
29.420 0.038175
29.430 0.038175
29.440 0.038175
29.450 0.038175
29.460 0.038175
29.470 0.038175
29.480 0.038175
29.490 0.038175
29.500 0.038174
29.510 0.038174
29.520 0.038174
29.530 0.038174
29.540 0.038174
29.550 0.038174
29.560 0.038174
29.570 0.038174
29.580 0.038174
29.590 0.038174
29.600 0.038174
29.610 0.038174
29.620 0.038173
29.630 0.038173
29.640 0.038173
29.650 0.038173
29.660 0.038173
29.670 0.038173
29.680 0.038173
29.690 0.038173
29.700 0.038173
29.710 0.038173
29.720 0.038173
29.730 0.038172
29.740 0.038172
29.750 0.038172
29.760 0.038172
29.770 0.038172
29.780 0.038172
29.790 0.038172
29.800 0.038172
29.810 0.038172
29.820 0.038172
29.830 0.038172
29.840 0.038171
29.850 0.038171
29.860 0.038171
29.870 0.038171
29.880 0.038171
29.890 0.038171
29.900 0.038171
29.910 0.038171
29.920 0.038171
29.930 0.038171
29.940 0.038171
29.950 0.038171
29.960 0.038170
29.970 0.038170
29.980 0.038170
29.990 0.038170
30.000 0.038170
