0.10000 94.068 0.00560445268311
0.11000 85.489 0.00616489795142
0.12000 78.340 0.00672534321973
0.13000 72.291 0.00728578848804
0.14000 67.105 0.00784623375635
0.15000 62.612 0.00840667902466
0.16000 58.680 0.00896712429297
0.17000 55.210 0.00952756956128
0.18000 52.126 0.0100880148296
0.19000 49.367 0.0106484600979
0.20000 46.883 0.0112089053662
0.21000 44.636 0.0117693506345
0.22000 42.594 0.0123297959028
0.23000 40.729 0.0128902411711
0.24000 39.019 0.0134506864395
0.25000 37.446 0.0140111317078
0.26000 35.994 0.0145715769761
0.27000 34.650 0.0151320222444
0.28000 33.401 0.0156924675127
0.29000 32.239 0.016252912781
0.30000 31.154 0.0168133580493
0.31000 30.139 0.0173738033176
0.32000 29.188 0.0179342485859
0.33000 28.294 0.0184946938543
0.34000 27.453 0.0190551391226
0.35000 26.660 0.0196155843909
0.36000 25.911 0.0201760296592
0.37000 25.202 0.0207364749275
0.38000 24.531 0.0212969201958
0.39000 23.894 0.0218573654641
0.40000 23.289 0.0224178107324
0.41000 22.713 0.0229782560007
0.42000 22.165 0.0235387012691
0.43000 21.643 0.0240991465374
0.44000 21.144 0.0246595918057
0.45000 20.667 0.025220037074
0.46000 20.211 0.0257804823423
0.47000 19.774 0.0263409276106
0.48000 19.356 0.0269013728789
0.49000 18.955 0.0274618181472
0.50000 18.569 0.0280222634155
0.51000 18.199 0.0285827086839
0.52000 17.843 0.0291431539522
0.53000 17.501 0.0297035992205
0.54000 17.171 0.0302640444888
0.55000 16.853 0.0308244897571
0.56000 16.546 0.0313849350254
0.57000 16.251 0.0319453802937
0.58000 15.965 0.032505825562
0.59000 15.689 0.0330662708303
0.60000 15.422 0.0336267160986
0.61000 15.164 0.034187161367
0.62000 14.915 0.0347476066353
0.63000 14.673 0.0353080519036
0.64000 14.439 0.0358684971719
0.65000 14.212 0.0364289424402
0.66000 13.992 0.0369893877085
0.67000 13.778 0.0375498329768
0.68000 13.571 0.0381102782451
0.69000 13.370 0.0386707235134
0.70000 13.174 0.0392311687818
0.71000 12.984 0.0397916140501
0.72000 12.800 0.0403520593184
0.73000 12.620 0.0409125045867
0.74000 12.445 0.041472949855
0.75000 12.275 0.0420333951233
0.76000 12.109 0.0425938403916
0.77000 11.948 0.0431542856599
0.78000 11.791 0.0437147309282
0.79000 11.637 0.0442751761966
0.80000 11.488 0.0448356214649
0.81000 11.342 0.0453960667332
0.82000 11.200 0.0459565120015
0.83000 11.061 0.0465169572698
0.84000 10.926 0.0470774025381
0.85000 10.793 0.0476378478064
0.86000 10.664 0.0481982930747
0.87000 10.538 0.048758738343
0.88000 10.414 0.0493191836114
0.89000 10.294 0.0498796288797
0.90000 10.176 0.050440074148
0.91000 10.061 0.0510005194163
0.92000 9.9477 0.0515609646846
0.93000 9.8372 0.0521214099529
0.94000 9.7291 0.0526818552212
0.95000 9.6233 0.0532423004895
0.96000 9.5197 0.0538027457578
0.97000 9.4183 0.0543631910261
0.98000 9.3188 0.0549236362945
0.99000 9.2214 0.0554840815628
1.0000 9.1260 0.0560445268311
1.0100 9.0324 0.0566049720994
1.0200 8.9407 0.0571654173677
1.0300 8.8507 0.057725862636
1.0400 8.7625 0.0582863079043
1.0500 8.6759 0.0588467531726
1.0600 8.5910 0.0594071984409
1.0700 8.5077 0.0599676437093
1.0800 8.4259 0.0605280889776
1.0900 8.3456 0.0610885342459
1.1000 8.2667 0.0616489795142
1.1100 8.1893 0.0622094247825
1.1200 8.1133 0.0627698700508
1.1300 8.0386 0.0633303153191
1.1400 7.9652 0.0638907605874
1.1500 7.8931 0.0644512058557
1.1600 7.8222 0.0650116511241
1.1700 7.7525 0.0655720963924
1.1800 7.6840 0.0661325416607
1.1900 7.6167 0.066692986929
1.2000 7.5505 0.0672534321973
1.2100 7.4853 0.0678138774656
1.2200 7.4213 0.0683743227339
1.2300 7.3582 0.0689347680022
1.2400 7.2962 0.0694952132705
1.2500 7.2352 0.0700556585388
1.2600 7.1751 0.0706161038072
1.2700 7.1160 0.0711765490755
1.2800 7.0578 0.0717369943438
1.2900 7.0005 0.0722974396121
1.3000 6.9441 0.0728578848804
1.3049 6.9171 0.0731325030619
1.3049 0.038431 0.0731325030619
1.3100 0.038431 0.0734183301487
1.3200 0.038431 0.073978775417
1.3300 0.038430 0.0745392206853
1.3400 0.038430 0.0750996659536
1.3500 0.038430 0.075660111222
1.3600 0.038430 0.0762205564903
1.3700 0.038430 0.0767810017586
1.3800 0.038430 0.0773414470269
1.3900 0.038430 0.0779018922952
1.4000 0.038430 0.0784623375635
1.4100 0.038430 0.0790227828318
1.4200 0.038430 0.0795832281001
1.4300 0.038429 0.0801436733684
1.4400 0.038429 0.0807041186368
1.4500 0.038429 0.0812645639051
1.4600 0.038429 0.0818250091734
1.4700 0.038429 0.0823854544417
1.4800 0.038429 0.08294589971
1.4900 0.038429 0.0835063449783
1.5000 0.038429 0.0840667902466
1.5100 0.038429 0.0846272355149
1.5200 0.038429 0.0851876807832
1.5300 0.038429 0.0857481260516
1.5400 0.038428 0.0863085713199
1.5500 0.038428 0.0868690165882
1.5600 0.038428 0.0874294618565
1.5700 0.038428 0.0879899071248
1.5800 0.038428 0.0885503523931
1.5900 0.038428 0.0891107976614
1.6000 0.038428 0.0896712429297
1.6100 0.038428 0.090231688198
1.6200 0.038428 0.0907921334663
1.6300 0.038428 0.0913525787347
1.6400 0.038428 0.091913024003
1.6500 0.038427 0.0924734692713
1.6600 0.038427 0.0930339145396
1.6700 0.038427 0.0935943598079
1.6800 0.038427 0.0941548050762
1.6900 0.038427 0.0947152503445
1.7000 0.038427 0.0952756956128
1.7100 0.038427 0.0958361408811
1.7200 0.038427 0.0963965861495
1.7300 0.038427 0.0969570314178
1.7400 0.038427 0.0975174766861
1.7500 0.038426 0.0980779219544
1.7600 0.038426 0.0986383672227
1.7700 0.038426 0.099198812491
1.7800 0.038426 0.0997592577593
1.7900 0.038426 0.100319703028
1.8000 0.038426 0.100880148296
1.8100 0.038426 0.101440593564
1.8200 0.038426 0.102001038833
1.8300 0.038426 0.102561484101
1.8400 0.038426 0.103121929369
1.8500 0.038426 0.103682374637
1.8600 0.038425 0.104242819906
1.8700 0.038425 0.104803265174
1.8800 0.038425 0.105363710442
1.8900 0.038425 0.105924155711
1.9000 0.038425 0.106484600979
1.9100 0.038425 0.107045046247
1.9200 0.038425 0.107605491516
1.9300 0.038425 0.108165936784
1.9400 0.038425 0.108726382052
1.9500 0.038425 0.109286827321
1.9600 0.038424 0.109847272589
1.9700 0.038424 0.110407717857
1.9800 0.038424 0.110968163126
1.9900 0.038424 0.111528608394
2.0000 0.038424 0.112089053662
2.0100 0.038424 0.11264949893
2.0200 0.038424 0.113209944199
2.0300 0.038424 0.113770389467
2.0400 0.038424 0.114330834735
2.0500 0.038424 0.114891280004
2.0600 0.038424 0.115451725272
2.0700 0.038423 0.11601217054
2.0800 0.038423 0.116572615809
2.0900 0.038423 0.117133061077
2.1000 0.038423 0.117693506345
2.1100 0.038423 0.118253951614
2.1200 0.038423 0.118814396882
2.1300 0.038423 0.11937484215
2.1400 0.038423 0.119935287419
2.1500 0.038423 0.120495732687
2.1600 0.038423 0.121056177955
2.1700 0.038423 0.121616623223
2.1800 0.038422 0.122177068492
2.1900 0.038422 0.12273751376
2.2000 0.038422 0.123297959028
2.2100 0.038422 0.123858404297
2.2200 0.038422 0.124418849565
2.2300 0.038422 0.124979294833
2.2400 0.038422 0.125539740102
2.2500 0.038422 0.12610018537
2.2600 0.038422 0.126660630638
2.2700 0.038422 0.127221075907
2.2800 0.038421 0.127781521175
2.2900 0.038421 0.128341966443
2.3000 0.038421 0.128902411711
2.3100 0.038421 0.12946285698
2.3200 0.038421 0.130023302248
2.3300 0.038421 0.130583747516
2.3400 0.038421 0.131144192785
2.3500 0.038421 0.131704638053
2.3600 0.038421 0.132265083321
2.3700 0.038421 0.13282552859
2.3800 0.038421 0.133385973858
2.3900 0.038420 0.133946419126
2.4000 0.038420 0.134506864395
2.4100 0.038420 0.135067309663
2.4200 0.038420 0.135627754931
2.4300 0.038420 0.1361882002
2.4400 0.038420 0.136748645468
2.4500 0.038420 0.137309090736
2.4600 0.038420 0.137869536004
2.4700 0.038420 0.138429981273
2.4800 0.038420 0.138990426541
2.4900 0.038420 0.139550871809
2.5000 0.038419 0.140111317078
2.5100 0.038419 0.140671762346
2.5200 0.038419 0.141232207614
2.5300 0.038419 0.141792652883
2.5400 0.038419 0.142353098151
2.5500 0.038419 0.142913543419
2.5600 0.038419 0.143473988688
2.5700 0.038419 0.144034433956
2.5800 0.038419 0.144594879224
2.5900 0.038419 0.145155324492
2.6000 0.038418 0.145715769761
2.6100 0.038418 0.146276215029
2.6200 0.038418 0.146836660297
2.6300 0.038418 0.147397105566
2.6400 0.038418 0.147957550834
2.6500 0.038418 0.148517996102
2.6600 0.038418 0.149078441371
2.6700 0.038418 0.149638886639
2.6800 0.038418 0.150199331907
2.6900 0.038418 0.150759777176
2.7000 0.038418 0.151320222444
2.7100 0.038417 0.151880667712
2.7200 0.038417 0.152441112981
2.7300 0.038417 0.153001558249
2.7400 0.038417 0.153562003517
2.7500 0.038417 0.154122448785
2.7600 0.038417 0.154682894054
2.7700 0.038417 0.155243339322
2.7800 0.038417 0.15580378459
2.7900 0.038417 0.156364229859
2.8000 0.038417 0.156924675127
2.8100 0.038417 0.157485120395
2.8200 0.038416 0.158045565664
2.8300 0.038416 0.158606010932
2.8400 0.038416 0.1591664562
2.8500 0.038416 0.159726901469
2.8600 0.038416 0.160287346737
2.8700 0.038416 0.160847792005
2.8800 0.038416 0.161408237274
2.8900 0.038416 0.161968682542
2.9000 0.038416 0.16252912781
2.9100 0.038416 0.163089573078
2.9200 0.038415 0.163650018347
2.9300 0.038415 0.164210463615
2.9400 0.038415 0.164770908883
2.9500 0.038415 0.165331354152
2.9600 0.038415 0.16589179942
2.9700 0.038415 0.166452244688
2.9800 0.038415 0.167012689957
2.9900 0.038415 0.167573135225
3.0000 0.038415 0.168133580493
3.0100 0.038415 0.168694025762
3.0200 0.038415 0.16925447103
3.0300 0.038414 0.169814916298
3.0400 0.038414 0.170375361566
3.0500 0.038414 0.170935806835
3.0600 0.038414 0.171496252103
3.0700 0.038414 0.172056697371
3.0800 0.038414 0.17261714264
3.0900 0.038414 0.173177587908
3.1000 0.038414 0.173738033176
3.1100 0.038414 0.174298478445
3.1200 0.038414 0.174858923713
3.1300 0.038414 0.175419368981
3.1400 0.038413 0.17597981425
3.1500 0.038413 0.176540259518
3.1600 0.038413 0.177100704786
3.1700 0.038413 0.177661150055
3.1800 0.038413 0.178221595323
3.1900 0.038413 0.178782040591
3.2000 0.038413 0.179342485859
3.2100 0.038413 0.179902931128
3.2200 0.038413 0.180463376396
3.2300 0.038413 0.181023821664
3.2400 0.038412 0.181584266933
3.2500 0.038412 0.182144712201
3.2600 0.038412 0.182705157469
3.2700 0.038412 0.183265602738
3.2800 0.038412 0.183826048006
3.2900 0.038412 0.184386493274
3.3000 0.038412 0.184946938543
3.3100 0.038412 0.185507383811
3.3200 0.038412 0.186067829079
3.3300 0.038412 0.186628274347
3.3400 0.038412 0.187188719616
3.3500 0.038411 0.187749164884
3.3600 0.038411 0.188309610152
3.3700 0.038411 0.188870055421
3.3800 0.038411 0.189430500689
3.3900 0.038411 0.189990945957
3.4000 0.038411 0.190551391226
3.4100 0.038411 0.191111836494
3.4200 0.038411 0.191672281762
3.4300 0.038411 0.192232727031
3.4400 0.038411 0.192793172299
3.4500 0.038411 0.193353617567
3.4600 0.038410 0.193914062836
3.4700 0.038410 0.194474508104
3.4800 0.038410 0.195034953372
3.4900 0.038410 0.19559539864
3.5000 0.038410 0.196155843909
3.5100 0.038410 0.196716289177
3.5200 0.038410 0.197276734445
3.5300 0.038410 0.197837179714
3.5400 0.038410 0.198397624982
3.5500 0.038410 0.19895807025
3.5600 0.038409 0.199518515519
3.5700 0.038409 0.200078960787
3.5800 0.038409 0.200639406055
3.5900 0.038409 0.201199851324
3.6000 0.038409 0.201760296592
3.6100 0.038409 0.20232074186
3.6200 0.038409 0.202881187129
3.6300 0.038409 0.203441632397
3.6400 0.038409 0.204002077665
3.6500 0.038409 0.204562522933
3.6600 0.038409 0.205122968202
3.6700 0.038408 0.20568341347
3.6800 0.038408 0.206243858738
3.6900 0.038408 0.206804304007
3.7000 0.038408 0.207364749275
3.7100 0.038408 0.207925194543
3.7200 0.038408 0.208485639812
3.7300 0.038408 0.20904608508
3.7400 0.038408 0.209606530348
3.7500 0.038408 0.210166975617
3.7600 0.038408 0.210727420885
3.7700 0.038408 0.211287866153
3.7800 0.038407 0.211848311421
3.7900 0.038407 0.21240875669
3.8000 0.038407 0.212969201958
3.8100 0.038407 0.213529647226
3.8200 0.038407 0.214090092495
3.8300 0.038407 0.214650537763
3.8400 0.038407 0.215210983031
3.8500 0.038407 0.2157714283
3.8600 0.038407 0.216331873568
3.8700 0.038407 0.216892318836
3.8800 0.038406 0.217452764105
3.8900 0.038406 0.218013209373
3.9000 0.038406 0.218573654641
3.9100 0.038406 0.21913409991
3.9200 0.038406 0.219694545178
3.9300 0.038406 0.220254990446
3.9400 0.038406 0.220815435714
3.9500 0.038406 0.221375880983
3.9600 0.038406 0.221936326251
3.9700 0.038406 0.222496771519
3.9800 0.038406 0.223057216788
3.9900 0.038405 0.223617662056
4.0000 0.038405 0.224178107324
4.0100 0.038405 0.224738552593
4.0200 0.038405 0.225298997861
4.0300 0.038405 0.225859443129
4.0400 0.038405 0.226419888398
4.0500 0.038405 0.226980333666
4.0600 0.038405 0.227540778934
4.0700 0.038405 0.228101224202
4.0800 0.038405 0.228661669471
4.0900 0.038405 0.229222114739
4.1000 0.038404 0.229782560007
4.1100 0.038404 0.230343005276
4.1200 0.038404 0.230903450544
4.1300 0.038404 0.231463895812
4.1400 0.038404 0.232024341081
4.1500 0.038404 0.232584786349
4.1600 0.038404 0.233145231617
4.1700 0.038404 0.233705676886
4.1800 0.038404 0.234266122154
4.1900 0.038404 0.234826567422
4.2000 0.038404 0.235387012691
4.2100 0.038403 0.235947457959
4.2200 0.038403 0.236507903227
4.2300 0.038403 0.237068348495
4.2400 0.038403 0.237628793764
4.2500 0.038403 0.238189239032
4.2600 0.038403 0.2387496843
4.2700 0.038403 0.239310129569
4.2800 0.038403 0.239870574837
4.2900 0.038403 0.240431020105
4.3000 0.038403 0.240991465374
4.3100 0.038402 0.241551910642
4.3200 0.038402 0.24211235591
4.3300 0.038402 0.242672801179
4.3400 0.038402 0.243233246447
4.3500 0.038402 0.243793691715
4.3600 0.038402 0.244354136984
4.3700 0.038402 0.244914582252
4.3800 0.038402 0.24547502752
4.3900 0.038402 0.246035472788
4.4000 0.038402 0.246595918057
4.4100 0.038402 0.247156363325
4.4200 0.038401 0.247716808593
4.4300 0.038401 0.248277253862
4.4400 0.038401 0.24883769913
4.4500 0.038401 0.249398144398
4.4600 0.038401 0.249958589667
4.4700 0.038401 0.250519034935
4.4800 0.038401 0.251079480203
4.4900 0.038401 0.251639925472
4.5000 0.038401 0.25220037074
4.5100 0.038401 0.252760816008
4.5200 0.038401 0.253321261276
4.5300 0.038400 0.253881706545
4.5400 0.038400 0.254442151813
4.5500 0.038400 0.255002597081
4.5600 0.038400 0.25556304235
4.5700 0.038400 0.256123487618
4.5800 0.038400 0.256683932886
4.5900 0.038400 0.257244378155
4.6000 0.038400 0.257804823423
4.6100 0.038400 0.258365268691
4.6200 0.038400 0.25892571396
4.6300 0.038399 0.259486159228
4.6400 0.038399 0.260046604496
4.6500 0.038399 0.260607049765
4.6600 0.038399 0.261167495033
4.6700 0.038399 0.261727940301
4.6800 0.038399 0.262288385569
4.6900 0.038399 0.262848830838
4.7000 0.038399 0.263409276106
4.7100 0.038399 0.263969721374
4.7200 0.038399 0.264530166643
4.7300 0.038399 0.265090611911
4.7400 0.038398 0.265651057179
4.7500 0.038398 0.266211502448
4.7600 0.038398 0.266771947716
4.7700 0.038398 0.267332392984
4.7800 0.038398 0.267892838253
4.7900 0.038398 0.268453283521
4.8000 0.038398 0.269013728789
4.8100 0.038398 0.269574174057
4.8200 0.038398 0.270134619326
4.8300 0.038398 0.270695064594
4.8400 0.038398 0.271255509862
4.8500 0.038397 0.271815955131
4.8600 0.038397 0.272376400399
4.8700 0.038397 0.272936845667
4.8800 0.038397 0.273497290936
4.8900 0.038397 0.274057736204
4.9000 0.038397 0.274618181472
4.9100 0.038397 0.275178626741
4.9200 0.038397 0.275739072009
4.9300 0.038397 0.276299517277
4.9400 0.038397 0.276859962546
4.9500 0.038397 0.277420407814
4.9600 0.038396 0.277980853082
4.9700 0.038396 0.27854129835
4.9800 0.038396 0.279101743619
4.9900 0.038396 0.279662188887
5.0000 0.038396 0.280222634155
5.1000 0.038395 0.285827086839
5.1100 0.038395 0.286387532107
5.1200 0.038395 0.286947977375
5.1300 0.038395 0.287508422643
5.1400 0.038395 0.288068867912
5.1500 0.038395 0.28862931318
5.1600 0.038395 0.289189758448
5.1700 0.038394 0.289750203717
5.1800 0.038394 0.290310648985
5.1900 0.038394 0.290871094253
5.2000 0.038394 0.291431539522
5.2100 0.038394 0.29199198479
5.2200 0.038394 0.292552430058
5.2300 0.038394 0.293112875327
5.2400 0.038394 0.293673320595
5.2500 0.038394 0.294233765863
5.2600 0.038394 0.294794211131
5.2700 0.038394 0.2953546564
5.2800 0.038393 0.295915101668
5.2900 0.038393 0.296475546936
5.3000 0.038393 0.297035992205
5.3100 0.038393 0.297596437473
5.3200 0.038393 0.298156882741
5.3300 0.038393 0.29871732801
5.3400 0.038393 0.299277773278
5.3500 0.038393 0.299838218546
5.3600 0.038393 0.300398663815
5.3700 0.038393 0.300959109083
5.3800 0.038392 0.301519554351
5.3900 0.038392 0.30207999962
5.4000 0.038392 0.302640444888
5.4100 0.038392 0.303200890156
5.4200 0.038392 0.303761335424
5.4300 0.038392 0.304321780693
5.4400 0.038392 0.304882225961
5.4500 0.038392 0.305442671229
5.4600 0.038392 0.306003116498
5.4700 0.038392 0.306563561766
5.4800 0.038392 0.307124007034
5.4900 0.038391 0.307684452303
5.5000 0.038391 0.308244897571
5.5100 0.038391 0.308805342839
5.5200 0.038391 0.309365788108
5.5300 0.038391 0.309926233376
5.5400 0.038391 0.310486678644
5.5500 0.038391 0.311047123912
5.5600 0.038391 0.311607569181
5.5700 0.038391 0.312168014449
5.5800 0.038391 0.312728459717
5.5900 0.038391 0.313288904986
5.6000 0.038390 0.313849350254
5.6100 0.038390 0.314409795522
5.6200 0.038390 0.314970240791
5.6300 0.038390 0.315530686059
5.6400 0.038390 0.316091131327
5.6500 0.038390 0.316651576596
5.6600 0.038390 0.317212021864
5.6700 0.038390 0.317772467132
5.6800 0.038390 0.318332912401
5.6900 0.038390 0.318893357669
5.7000 0.038390 0.319453802937
5.7100 0.038389 0.320014248205
5.7200 0.038389 0.320574693474
5.7300 0.038389 0.321135138742
5.7400 0.038389 0.32169558401
5.7500 0.038389 0.322256029279
5.7600 0.038389 0.322816474547
5.7700 0.038389 0.323376919815
5.7800 0.038389 0.323937365084
5.7900 0.038389 0.324497810352
5.8000 0.038389 0.32505825562
5.8100 0.038388 0.325618700889
5.8200 0.038388 0.326179146157
5.8300 0.038388 0.326739591425
5.8400 0.038388 0.327300036694
5.8500 0.038388 0.327860481962
5.8600 0.038388 0.32842092723
5.8700 0.038388 0.328981372498
5.8800 0.038388 0.329541817767
5.8900 0.038388 0.330102263035
5.9000 0.038388 0.330662708303
5.9100 0.038388 0.331223153572
5.9200 0.038387 0.33178359884
5.9300 0.038387 0.332344044108
5.9400 0.038387 0.332904489377
5.9500 0.038387 0.333464934645
5.9600 0.038387 0.334025379913
5.9700 0.038387 0.334585825182
5.9800 0.038387 0.33514627045
5.9900 0.038387 0.335706715718
6.0000 0.038387 0.336267160986
6.0100 0.038387 0.336827606255
6.0200 0.038387 0.337388051523
6.0300 0.038386 0.337948496791
6.0400 0.038386 0.33850894206
6.0500 0.038386 0.339069387328
6.0600 0.038386 0.339629832596
6.0700 0.038386 0.340190277865
6.0800 0.038386 0.340750723133
6.0900 0.038386 0.341311168401
6.1000 0.038386 0.34187161367
6.1100 0.038386 0.342432058938
6.1200 0.038386 0.342992504206
6.1300 0.038386 0.343552949475
6.1400 0.038385 0.344113394743
6.1500 0.038385 0.344673840011
6.1600 0.038385 0.345234285279
6.1700 0.038385 0.345794730548
6.1800 0.038385 0.346355175816
6.1900 0.038385 0.346915621084
6.2000 0.038385 0.347476066353
6.2100 0.038385 0.348036511621
6.2200 0.038385 0.348596956889
6.2300 0.038385 0.349157402158
6.2400 0.038384 0.349717847426
6.2500 0.038384 0.350278292694
6.2600 0.038384 0.350838737963
6.2700 0.038384 0.351399183231
6.2800 0.038384 0.351959628499
6.2900 0.038384 0.352520073767
6.3000 0.038384 0.353080519036
6.3100 0.038384 0.353640964304
6.3200 0.038384 0.354201409572
6.3300 0.038384 0.354761854841
6.3400 0.038384 0.355322300109
6.3500 0.038383 0.355882745377
6.3600 0.038383 0.356443190646
6.3700 0.038383 0.357003635914
6.3800 0.038383 0.357564081182
6.3900 0.038383 0.358124526451
6.4000 0.038383 0.358684971719
6.4100 0.038383 0.359245416987
6.4200 0.038383 0.359805862256
6.4300 0.038383 0.360366307524
6.4400 0.038383 0.360926752792
6.4500 0.038383 0.36148719806
6.4600 0.038382 0.362047643329
6.4700 0.038382 0.362608088597
6.4800 0.038382 0.363168533865
6.4900 0.038382 0.363728979134
6.5000 0.038382 0.364289424402
6.5100 0.038382 0.36484986967
6.5200 0.038382 0.365410314939
6.5300 0.038382 0.365970760207
6.5400 0.038382 0.366531205475
6.5500 0.038382 0.367091650744
6.5600 0.038382 0.367652096012
6.5700 0.038381 0.36821254128
6.5800 0.038381 0.368772986549
6.5900 0.038381 0.369333431817
6.6000 0.038381 0.369893877085
6.6100 0.038381 0.370454322353
6.6200 0.038381 0.371014767622
6.6300 0.038381 0.37157521289
6.6400 0.038381 0.372135658158
6.6500 0.038381 0.372696103427
6.6600 0.038381 0.373256548695
6.6700 0.038380 0.373816993963
6.6800 0.038380 0.374377439232
6.6900 0.038380 0.3749378845
6.7000 0.038380 0.375498329768
6.7100 0.038380 0.376058775037
6.7200 0.038380 0.376619220305
6.7300 0.038380 0.377179665573
6.7400 0.038380 0.377740110841
6.7500 0.038380 0.37830055611
6.7600 0.038380 0.378861001378
6.7700 0.038380 0.379421446646
6.7800 0.038379 0.379981891915
6.7900 0.038379 0.380542337183
6.8000 0.038379 0.381102782451
6.8100 0.038379 0.38166322772
6.8200 0.038379 0.382223672988
6.8300 0.038379 0.382784118256
6.8400 0.038379 0.383344563525
6.8500 0.038379 0.383905008793
6.8600 0.038379 0.384465454061
6.8700 0.038379 0.38502589933
6.8800 0.038379 0.385586344598
6.8900 0.038378 0.386146789866
6.9000 0.038378 0.386707235134
6.9100 0.038378 0.387267680403
6.9200 0.038378 0.387828125671
6.9300 0.038378 0.388388570939
6.9400 0.038378 0.388949016208
6.9500 0.038378 0.389509461476
6.9600 0.038378 0.390069906744
6.9700 0.038378 0.390630352013
6.9800 0.038378 0.391190797281
6.9900 0.038378 0.391751242549
7.0000 0.038377 0.392311687818
7.0100 0.038377 0.392872133086
7.0200 0.038377 0.393432578354
7.0300 0.038377 0.393993023622
7.0400 0.038377 0.394553468891
7.0500 0.038377 0.395113914159
7.0600 0.038377 0.395674359427
7.0700 0.038377 0.396234804696
7.0800 0.038377 0.396795249964
7.0900 0.038377 0.397355695232
7.1000 0.038377 0.397916140501
7.1100 0.038376 0.398476585769
7.1200 0.038376 0.399037031037
7.1300 0.038376 0.399597476306
7.1400 0.038376 0.400157921574
7.1500 0.038376 0.400718366842
7.1600 0.038376 0.401278812111
7.1700 0.038376 0.401839257379
7.1800 0.038376 0.402399702647
7.1900 0.038376 0.402960147915
7.2000 0.038376 0.403520593184
7.2100 0.038375 0.404081038452
7.2200 0.038375 0.40464148372
7.2300 0.038375 0.405201928989
7.2400 0.038375 0.405762374257
7.2500 0.038375 0.406322819525
7.2600 0.038375 0.406883264794
7.2700 0.038375 0.407443710062
7.2800 0.038375 0.40800415533
7.2900 0.038375 0.408564600599
7.3000 0.038375 0.409125045867
7.3100 0.038375 0.409685491135
7.3200 0.038374 0.410245936404
7.3300 0.038374 0.410806381672
7.3400 0.038374 0.41136682694
7.3500 0.038374 0.411927272208
7.3600 0.038374 0.412487717477
7.3700 0.038374 0.413048162745
7.3800 0.038374 0.413608608013
7.3900 0.038374 0.414169053282
7.4000 0.038374 0.41472949855
7.4100 0.038374 0.415289943818
7.4200 0.038374 0.415850389087
7.4300 0.038373 0.416410834355
7.4400 0.038373 0.416971279623
7.4500 0.038373 0.417531724892
7.4600 0.038373 0.41809217016
7.4700 0.038373 0.418652615428
7.4800 0.038373 0.419213060696
7.4900 0.038373 0.419773505965
7.5000 0.038373 0.420333951233
7.5100 0.038373 0.420894396501
7.5200 0.038373 0.42145484177
7.5300 0.038373 0.422015287038
7.5400 0.038372 0.422575732306
7.5500 0.038372 0.423136177575
7.5600 0.038372 0.423696622843
7.5700 0.038372 0.424257068111
7.5800 0.038372 0.42481751338
7.5900 0.038372 0.425377958648
7.6000 0.038372 0.425938403916
7.6100 0.038372 0.426498849185
7.6200 0.038372 0.427059294453
7.6300 0.038372 0.427619739721
7.6400 0.038371 0.428180184989
7.6500 0.038371 0.428740630258
7.6600 0.038371 0.429301075526
7.6700 0.038371 0.429861520794
7.6800 0.038371 0.430421966063
7.6900 0.038371 0.430982411331
7.7000 0.038371 0.431542856599
7.7100 0.038371 0.432103301868
7.7200 0.038371 0.432663747136
7.7300 0.038371 0.433224192404
7.7400 0.038371 0.433784637673
7.7500 0.038370 0.434345082941
7.7600 0.038370 0.434905528209
7.7700 0.038370 0.435465973477
7.7800 0.038370 0.436026418746
7.7900 0.038370 0.436586864014
7.8000 0.038370 0.437147309282
7.8100 0.038370 0.437707754551
7.8200 0.038370 0.438268199819
7.8300 0.038370 0.438828645087
7.8400 0.038370 0.439389090356
7.8500 0.038370 0.439949535624
7.8600 0.038369 0.440509980892
7.8700 0.038369 0.441070426161
7.8800 0.038369 0.441630871429
7.8900 0.038369 0.442191316697
7.9000 0.038369 0.442751761966
7.9100 0.038369 0.443312207234
7.9200 0.038369 0.443872652502
7.9300 0.038369 0.44443309777
7.9400 0.038369 0.444993543039
7.9500 0.038369 0.445553988307
7.9600 0.038369 0.446114433575
7.9700 0.038368 0.446674878844
7.9800 0.038368 0.447235324112
7.9900 0.038368 0.44779576938
8.0000 0.038368 0.448356214649
8.0100 0.038368 0.448916659917
8.0200 0.038368 0.449477105185
8.0300 0.038368 0.450037550454
8.0400 0.038368 0.450597995722
8.0500 0.038368 0.45115844099
8.0600 0.038368 0.451718886259
8.0700 0.038368 0.452279331527
8.0800 0.038367 0.452839776795
8.0900 0.038367 0.453400222063
8.1000 0.038367 0.453960667332
8.1100 0.038367 0.4545211126
8.1200 0.038367 0.455081557868
8.1300 0.038367 0.455642003137
8.1400 0.038367 0.456202448405
8.1500 0.038367 0.456762893673
8.1600 0.038367 0.457323338942
8.1700 0.038367 0.45788378421
8.1800 0.038367 0.458444229478
8.1900 0.038366 0.459004674747
8.2000 0.038366 0.459565120015
8.2100 0.038366 0.460125565283
8.2200 0.038366 0.460686010551
8.2300 0.038366 0.46124645582
8.2400 0.038366 0.461806901088
8.2500 0.038366 0.462367346356
8.2600 0.038366 0.462927791625
8.2700 0.038366 0.463488236893
8.2800 0.038366 0.464048682161
8.2900 0.038365 0.46460912743
8.3000 0.038365 0.465169572698
8.3100 0.038365 0.465730017966
8.3200 0.038365 0.466290463235
8.3300 0.038365 0.466850908503
8.3400 0.038365 0.467411353771
8.3500 0.038365 0.46797179904
8.3600 0.038365 0.468532244308
8.3700 0.038365 0.469092689576
8.3800 0.038365 0.469653134844
8.3900 0.038365 0.470213580113
8.4000 0.038364 0.470774025381
8.4100 0.038364 0.471334470649
8.4200 0.038364 0.471894915918
8.4300 0.038364 0.472455361186
8.4400 0.038364 0.473015806454
8.4500 0.038364 0.473576251723
8.4600 0.038364 0.474136696991
8.4700 0.038364 0.474697142259
8.4800 0.038364 0.475257587528
8.4900 0.038364 0.475818032796
8.5000 0.038364 0.476378478064
8.5100 0.038363 0.476938923332
8.5200 0.038363 0.477499368601
8.5300 0.038363 0.478059813869
8.5400 0.038363 0.478620259137
8.5500 0.038363 0.479180704406
8.5600 0.038363 0.479741149674
8.5700 0.038363 0.480301594942
8.5800 0.038363 0.480862040211
8.5900 0.038363 0.481422485479
8.6000 0.038363 0.481982930747
8.6100 0.038363 0.482543376016
8.6200 0.038362 0.483103821284
8.6300 0.038362 0.483664266552
8.6400 0.038362 0.484224711821
8.6500 0.038362 0.484785157089
8.6600 0.038362 0.485345602357
8.6700 0.038362 0.485906047625
8.6800 0.038362 0.486466492894
8.6900 0.038362 0.487026938162
8.7000 0.038362 0.48758738343
8.7100 0.038362 0.488147828699
8.7200 0.038362 0.488708273967
8.7300 0.038361 0.489268719235
8.7400 0.038361 0.489829164504
8.7500 0.038361 0.490389609772
8.7600 0.038361 0.49095005504
8.7700 0.038361 0.491510500309
8.7800 0.038361 0.492070945577
8.7900 0.038361 0.492631390845
8.8000 0.038361 0.493191836114
8.8100 0.038361 0.493752281382
8.8200 0.038361 0.49431272665
8.8300 0.038360 0.494873171918
8.8400 0.038360 0.495433617187
8.8500 0.038360 0.495994062455
8.8600 0.038360 0.496554507723
8.8700 0.038360 0.497114952992
8.8800 0.038360 0.49767539826
8.8900 0.038360 0.498235843528
8.9000 0.038360 0.498796288797
8.9100 0.038360 0.499356734065
8.9200 0.038360 0.499917179333
8.9300 0.038360 0.500477624602
8.9400 0.038359 0.50103806987
8.9500 0.038359 0.501598515138
8.9600 0.038359 0.502158960406
8.9700 0.038359 0.502719405675
8.9800 0.038359 0.503279850943
8.9900 0.038359 0.503840296211
9.0000 0.038359 0.50440074148
9.0100 0.038359 0.504961186748
9.0200 0.038359 0.505521632016
9.0300 0.038359 0.506082077285
9.0400 0.038359 0.506642522553
9.0500 0.038358 0.507202967821
9.0600 0.038358 0.50776341309
9.0700 0.038358 0.508323858358
9.0800 0.038358 0.508884303626
9.0900 0.038358 0.509444748895
9.1000 0.038358 0.510005194163
9.1100 0.038358 0.510565639431
9.1200 0.038358 0.511126084699
9.1300 0.038358 0.511686529968
9.1400 0.038358 0.512246975236
9.1500 0.038358 0.512807420504
9.1600 0.038357 0.513367865773
9.1700 0.038357 0.513928311041
9.1800 0.038357 0.514488756309
9.1900 0.038357 0.515049201578
9.2000 0.038357 0.515609646846
9.2100 0.038357 0.516170092114
9.2200 0.038357 0.516730537383
9.2300 0.038357 0.517290982651
9.2400 0.038357 0.517851427919
9.2500 0.038357 0.518411873187
9.2600 0.038357 0.518972318456
9.2700 0.038356 0.519532763724
9.2800 0.038356 0.520093208992
9.2900 0.038356 0.520653654261
9.3000 0.038356 0.521214099529
9.3100 0.038356 0.521774544797
9.3200 0.038356 0.522334990066
9.3300 0.038356 0.522895435334
9.3400 0.038356 0.523455880602
9.3500 0.038356 0.524016325871
9.3600 0.038356 0.524576771139
9.3700 0.038356 0.525137216407
9.3800 0.038355 0.525697661676
9.3900 0.038355 0.526258106944
9.4000 0.038355 0.526818552212
9.4100 0.038355 0.52737899748
9.4200 0.038355 0.527939442749
9.4300 0.038355 0.528499888017
9.4400 0.038355 0.529060333285
9.4500 0.038355 0.529620778554
9.4600 0.038355 0.530181223822
9.4700 0.038355 0.53074166909
9.4800 0.038354 0.531302114359
9.4900 0.038354 0.531862559627
9.5000 0.038354 0.532423004895
9.5100 0.038354 0.532983450164
9.5200 0.038354 0.533543895432
9.5300 0.038354 0.5341043407
9.5400 0.038354 0.534664785969
9.5500 0.038354 0.535225231237
9.5600 0.038354 0.535785676505
9.5700 0.038354 0.536346121773
9.5800 0.038354 0.536906567042
9.5900 0.038353 0.53746701231
9.6000 0.038353 0.538027457578
9.6100 0.038353 0.538587902847
9.6200 0.038353 0.539148348115
9.6300 0.038353 0.539708793383
9.6400 0.038353 0.540269238652
9.6500 0.038353 0.54082968392
9.6600 0.038353 0.541390129188
9.6700 0.038353 0.541950574457
9.6800 0.038353 0.542511019725
9.6900 0.038353 0.543071464993
9.7000 0.038352 0.543631910261
9.7100 0.038352 0.54419235553
9.7200 0.038352 0.544752800798
9.7300 0.038352 0.545313246066
9.7400 0.038352 0.545873691335
9.7500 0.038352 0.546434136603
9.7600 0.038352 0.546994581871
9.7700 0.038352 0.54755502714
9.7800 0.038352 0.548115472408
9.7900 0.038352 0.548675917676
9.8000 0.038352 0.549236362945
9.8100 0.038351 0.549796808213
9.8200 0.038351 0.550357253481
9.8300 0.038351 0.55091769875
9.8400 0.038351 0.551478144018
9.8500 0.038351 0.552038589286
9.8600 0.038351 0.552599034554
9.8700 0.038351 0.553159479823
9.8800 0.038351 0.553719925091
9.8900 0.038351 0.554280370359
9.9000 0.038351 0.554840815628
9.9100 0.038351 0.555401260896
9.9200 0.038350 0.555961706164
9.9300 0.038350 0.556522151433
9.9400 0.038350 0.557082596701
9.9500 0.038350 0.557643041969
9.9600 0.038350 0.558203487238
9.9700 0.038350 0.558763932506
9.9800 0.038350 0.559324377774
9.9900 0.038350 0.559884823042
10.000 0.038350 0.560445268311
10.100 0.038349 0.566049720994
10.110 0.038349 0.566610166262
10.120 0.038349 0.567170611531
10.130 0.038349 0.567731056799
10.140 0.038348 0.568291502067
10.150 0.038348 0.568851947335
10.160 0.038348 0.569412392604
10.170 0.038348 0.569972837872
10.180 0.038348 0.57053328314
10.190 0.038348 0.571093728409
10.200 0.038348 0.571654173677
10.210 0.038348 0.572214618945
10.220 0.038348 0.572775064214
10.230 0.038348 0.573335509482
10.240 0.038347 0.57389595475
10.250 0.038347 0.574456400019
10.260 0.038347 0.575016845287
10.270 0.038347 0.575577290555
10.280 0.038347 0.576137735824
10.290 0.038347 0.576698181092
10.300 0.038347 0.57725862636
10.310 0.038347 0.577819071628
10.320 0.038347 0.578379516897
10.330 0.038347 0.578939962165
10.340 0.038347 0.579500407433
10.350 0.038346 0.580060852702
10.360 0.038346 0.58062129797
10.370 0.038346 0.581181743238
10.380 0.038346 0.581742188507
10.390 0.038346 0.582302633775
10.400 0.038346 0.582863079043
10.410 0.038346 0.583423524312
10.420 0.038346 0.58398396958
10.430 0.038346 0.584544414848
10.440 0.038346 0.585104860116
10.450 0.038346 0.585665305385
10.460 0.038345 0.586225750653
10.470 0.038345 0.586786195921
10.480 0.038345 0.58734664119
10.490 0.038345 0.587907086458
10.500 0.038345 0.588467531726
10.510 0.038345 0.589027976995
10.520 0.038345 0.589588422263
10.530 0.038345 0.590148867531
10.540 0.038345 0.5907093128
10.550 0.038345 0.591269758068
10.560 0.038345 0.591830203336
10.570 0.038344 0.592390648605
10.580 0.038344 0.592951093873
10.590 0.038344 0.593511539141
10.600 0.038344 0.594071984409
10.610 0.038344 0.594632429678
10.620 0.038344 0.595192874946
10.630 0.038344 0.595753320214
10.640 0.038344 0.596313765483
10.650 0.038344 0.596874210751
10.660 0.038344 0.597434656019
10.670 0.038344 0.597995101288
10.680 0.038343 0.598555546556
10.690 0.038343 0.599115991824
10.700 0.038343 0.599676437093
10.710 0.038343 0.600236882361
10.720 0.038343 0.600797327629
10.730 0.038343 0.601357772897
10.740 0.038343 0.601918218166
10.750 0.038343 0.602478663434
10.760 0.038343 0.603039108702
10.770 0.038343 0.603599553971
10.780 0.038343 0.604159999239
10.790 0.038342 0.604720444507
10.800 0.038342 0.605280889776
10.810 0.038342 0.605841335044
10.820 0.038342 0.606401780312
10.830 0.038342 0.606962225581
10.840 0.038342 0.607522670849
10.850 0.038342 0.608083116117
10.860 0.038342 0.608643561386
10.870 0.038342 0.609204006654
10.880 0.038342 0.609764451922
10.890 0.038342 0.61032489719
10.900 0.038341 0.610885342459
10.910 0.038341 0.611445787727
10.920 0.038341 0.612006232995
10.930 0.038341 0.612566678264
10.940 0.038341 0.613127123532
10.950 0.038341 0.6136875688
10.960 0.038341 0.614248014069
10.970 0.038341 0.614808459337
10.980 0.038341 0.615368904605
10.990 0.038341 0.615929349874
11.000 0.038341 0.616489795142
11.010 0.038340 0.61705024041
11.020 0.038340 0.617610685678
11.030 0.038340 0.618171130947
11.040 0.038340 0.618731576215
11.050 0.038340 0.619292021483
11.060 0.038340 0.619852466752
11.070 0.038340 0.62041291202
11.080 0.038340 0.620973357288
11.090 0.038340 0.621533802557
11.100 0.038340 0.622094247825
11.110 0.038340 0.622654693093
11.120 0.038339 0.623215138362
11.130 0.038339 0.62377558363
11.140 0.038339 0.624336028898
11.150 0.038339 0.624896474167
11.160 0.038339 0.625456919435
11.170 0.038339 0.626017364703
11.180 0.038339 0.626577809971
11.190 0.038339 0.62713825524
11.200 0.038339 0.627698700508
11.210 0.038339 0.628259145776
11.220 0.038338 0.628819591045
11.230 0.038338 0.629380036313
11.240 0.038338 0.629940481581
11.250 0.038338 0.63050092685
11.260 0.038338 0.631061372118
11.270 0.038338 0.631621817386
11.280 0.038338 0.632182262655
11.290 0.038338 0.632742707923
11.300 0.038338 0.633303153191
11.310 0.038338 0.63386359846
11.320 0.038338 0.634424043728
11.330 0.038337 0.634984488996
11.340 0.038337 0.635544934264
11.350 0.038337 0.636105379533
11.360 0.038337 0.636665824801
11.370 0.038337 0.637226270069
11.380 0.038337 0.637786715338
11.390 0.038337 0.638347160606
11.400 0.038337 0.638907605874
11.410 0.038337 0.639468051143
11.420 0.038337 0.640028496411
11.430 0.038337 0.640588941679
11.440 0.038336 0.641149386948
11.450 0.038336 0.641709832216
11.460 0.038336 0.642270277484
11.470 0.038336 0.642830722752
11.480 0.038336 0.643391168021
11.490 0.038336 0.643951613289
11.500 0.038336 0.644512058557
11.510 0.038336 0.645072503826
11.520 0.038336 0.645632949094
11.530 0.038336 0.646193394362
11.540 0.038336 0.646753839631
11.550 0.038335 0.647314284899
11.560 0.038335 0.647874730167
11.570 0.038335 0.648435175436
11.580 0.038335 0.648995620704
11.590 0.038335 0.649556065972
11.600 0.038335 0.650116511241
11.610 0.038335 0.650676956509
11.620 0.038335 0.651237401777
11.630 0.038335 0.651797847045
11.640 0.038335 0.652358292314
11.650 0.038335 0.652918737582
11.660 0.038334 0.65347918285
11.670 0.038334 0.654039628119
11.680 0.038334 0.654600073387
11.690 0.038334 0.655160518655
11.700 0.038334 0.655720963924
11.710 0.038334 0.656281409192
11.720 0.038334 0.65684185446
11.730 0.038334 0.657402299729
11.740 0.038334 0.657962744997
11.750 0.038334 0.658523190265
11.760 0.038334 0.659083635533
11.770 0.038333 0.659644080802
11.780 0.038333 0.66020452607
11.790 0.038333 0.660764971338
11.800 0.038333 0.661325416607
11.810 0.038333 0.661885861875
11.820 0.038333 0.662446307143
11.830 0.038333 0.663006752412
11.840 0.038333 0.66356719768
11.850 0.038333 0.664127642948
11.860 0.038333 0.664688088217
11.870 0.038333 0.665248533485
11.880 0.038332 0.665808978753
11.890 0.038332 0.666369424022
11.900 0.038332 0.66692986929
11.910 0.038332 0.667490314558
11.920 0.038332 0.668050759826
11.930 0.038332 0.668611205095
11.940 0.038332 0.669171650363
11.950 0.038332 0.669732095631
11.960 0.038332 0.6702925409
11.970 0.038332 0.670852986168
11.980 0.038332 0.671413431436
11.990 0.038331 0.671973876705
12.000 0.038331 0.672534321973
12.010 0.038331 0.673094767241
12.020 0.038331 0.67365521251
12.030 0.038331 0.674215657778
12.040 0.038331 0.674776103046
12.050 0.038331 0.675336548315
12.060 0.038331 0.675896993583
12.070 0.038331 0.676457438851
12.080 0.038331 0.677017884119
12.090 0.038331 0.677578329388
12.100 0.038330 0.678138774656
12.110 0.038330 0.678699219924
12.120 0.038330 0.679259665193
12.130 0.038330 0.679820110461
12.140 0.038330 0.680380555729
12.150 0.038330 0.680941000998
12.160 0.038330 0.681501446266
12.170 0.038330 0.682061891534
12.180 0.038330 0.682622336803
12.190 0.038330 0.683182782071
12.200 0.038330 0.683743227339
12.210 0.038329 0.684303672607
12.220 0.038329 0.684864117876
12.230 0.038329 0.685424563144
12.240 0.038329 0.685985008412
12.250 0.038329 0.686545453681
12.260 0.038329 0.687105898949
12.270 0.038329 0.687666344217
12.280 0.038329 0.688226789486
12.290 0.038329 0.688787234754
12.300 0.038329 0.689347680022
12.310 0.038329 0.689908125291
12.320 0.038328 0.690468570559
12.330 0.038328 0.691029015827
12.340 0.038328 0.691589461096
12.350 0.038328 0.692149906364
12.360 0.038328 0.692710351632
12.370 0.038328 0.6932707969
12.380 0.038328 0.693831242169
12.390 0.038328 0.694391687437
12.400 0.038328 0.694952132705
12.410 0.038328 0.695512577974
12.420 0.038327 0.696073023242
12.430 0.038327 0.69663346851
12.440 0.038327 0.697193913779
12.450 0.038327 0.697754359047
12.460 0.038327 0.698314804315
12.470 0.038327 0.698875249584
12.480 0.038327 0.699435694852
12.490 0.038327 0.69999614012
12.500 0.038327 0.700556585388
12.510 0.038327 0.701117030657
12.520 0.038327 0.701677475925
12.530 0.038326 0.702237921193
12.540 0.038326 0.702798366462
12.550 0.038326 0.70335881173
12.560 0.038326 0.703919256998
12.570 0.038326 0.704479702267
12.580 0.038326 0.705040147535
12.590 0.038326 0.705600592803
12.600 0.038326 0.706161038072
12.610 0.038326 0.70672148334
12.620 0.038326 0.707281928608
12.630 0.038326 0.707842373877
12.640 0.038325 0.708402819145
12.650 0.038325 0.708963264413
12.660 0.038325 0.709523709681
12.670 0.038325 0.71008415495
12.680 0.038325 0.710644600218
12.690 0.038325 0.711205045486
12.700 0.038325 0.711765490755
12.710 0.038325 0.712325936023
12.720 0.038325 0.712886381291
12.730 0.038325 0.71344682656
12.740 0.038325 0.714007271828
12.750 0.038324 0.714567717096
12.760 0.038324 0.715128162365
12.770 0.038324 0.715688607633
12.780 0.038324 0.716249052901
12.790 0.038324 0.71680949817
12.800 0.038324 0.717369943438
12.810 0.038324 0.717930388706
12.820 0.038324 0.718490833974
12.830 0.038324 0.719051279243
12.840 0.038324 0.719611724511
12.850 0.038324 0.720172169779
12.860 0.038323 0.720732615048
12.870 0.038323 0.721293060316
12.880 0.038323 0.721853505584
12.890 0.038323 0.722413950853
12.900 0.038323 0.722974396121
12.910 0.038323 0.723534841389
12.920 0.038323 0.724095286658
12.930 0.038323 0.724655731926
12.940 0.038323 0.725216177194
12.950 0.038323 0.725776622462
12.960 0.038323 0.726337067731
12.970 0.038322 0.726897512999
12.980 0.038322 0.727457958267
12.990 0.038322 0.728018403536
13.000 0.038322 0.728578848804
13.010 0.038322 0.729139294072
13.020 0.038322 0.729699739341
13.030 0.038322 0.730260184609
13.040 0.038322 0.730820629877
13.050 0.038322 0.731381075146
13.060 0.038322 0.731941520414
13.070 0.038322 0.732501965682
13.080 0.038321 0.733062410951
13.090 0.038321 0.733622856219
13.100 0.038321 0.734183301487
13.110 0.038321 0.734743746755
13.120 0.038321 0.735304192024
13.130 0.038321 0.735864637292
13.140 0.038321 0.73642508256
13.150 0.038321 0.736985527829
13.160 0.038321 0.737545973097
13.170 0.038321 0.738106418365
13.180 0.038321 0.738666863634
13.190 0.038320 0.739227308902
13.200 0.038320 0.73978775417
13.210 0.038320 0.740348199439
13.220 0.038320 0.740908644707
13.230 0.038320 0.741469089975
13.240 0.038320 0.742029535243
13.250 0.038320 0.742589980512
13.260 0.038320 0.74315042578
13.270 0.038320 0.743710871048
13.280 0.038320 0.744271316317
13.290 0.038320 0.744831761585
13.300 0.038319 0.745392206853
13.310 0.038319 0.745952652122
13.320 0.038319 0.74651309739
13.330 0.038319 0.747073542658
13.340 0.038319 0.747633987927
13.350 0.038319 0.748194433195
13.360 0.038319 0.748754878463
13.370 0.038319 0.749315323732
13.380 0.038319 0.749875769
13.390 0.038319 0.750436214268
13.400 0.038319 0.750996659536
13.410 0.038318 0.751557104805
13.420 0.038318 0.752117550073
13.430 0.038318 0.752677995341
13.440 0.038318 0.75323844061
13.450 0.038318 0.753798885878
13.460 0.038318 0.754359331146
13.470 0.038318 0.754919776415
13.480 0.038318 0.755480221683
13.490 0.038318 0.756040666951
13.500 0.038318 0.75660111222
13.510 0.038318 0.757161557488
13.520 0.038317 0.757722002756
13.530 0.038317 0.758282448025
13.540 0.038317 0.758842893293
13.550 0.038317 0.759403338561
13.560 0.038317 0.759963783829
13.570 0.038317 0.760524229098
13.580 0.038317 0.761084674366
13.590 0.038317 0.761645119634
13.600 0.038317 0.762205564903
13.610 0.038317 0.762766010171
13.620 0.038317 0.763326455439
13.630 0.038316 0.763886900708
13.640 0.038316 0.764447345976
13.650 0.038316 0.765007791244
13.660 0.038316 0.765568236513
13.670 0.038316 0.766128681781
13.680 0.038316 0.766689127049
13.690 0.038316 0.767249572317
13.700 0.038316 0.767810017586
13.710 0.038316 0.768370462854
13.720 0.038316 0.768930908122
13.730 0.038316 0.769491353391
13.740 0.038315 0.770051798659
13.750 0.038315 0.770612243927
13.760 0.038315 0.771172689196
13.770 0.038315 0.771733134464
13.780 0.038315 0.772293579732
13.790 0.038315 0.772854025001
13.800 0.038315 0.773414470269
13.810 0.038315 0.773974915537
13.820 0.038315 0.774535360806
13.830 0.038315 0.775095806074
13.840 0.038315 0.775656251342
13.850 0.038314 0.77621669661
13.860 0.038314 0.776777141879
13.870 0.038314 0.777337587147
13.880 0.038314 0.777898032415
13.890 0.038314 0.778458477684
13.900 0.038314 0.779018922952
13.910 0.038314 0.77957936822
13.920 0.038314 0.780139813489
13.930 0.038314 0.780700258757
13.940 0.038314 0.781260704025
13.950 0.038314 0.781821149294
13.960 0.038313 0.782381594562
13.970 0.038313 0.78294203983
13.980 0.038313 0.783502485098
13.990 0.038313 0.784062930367
14.000 0.038313 0.784623375635
14.010 0.038313 0.785183820903
14.020 0.038313 0.785744266172
14.030 0.038313 0.78630471144
14.040 0.038313 0.786865156708
14.050 0.038313 0.787425601977
14.060 0.038313 0.787986047245
14.070 0.038312 0.788546492513
14.080 0.038312 0.789106937782
14.090 0.038312 0.78966738305
14.100 0.038312 0.790227828318
14.110 0.038312 0.790788273587
14.120 0.038312 0.791348718855
14.130 0.038312 0.791909164123
14.140 0.038312 0.792469609391
14.150 0.038312 0.79303005466
14.160 0.038312 0.793590499928
14.170 0.038312 0.794150945196
14.180 0.038311 0.794711390465
14.190 0.038311 0.795271835733
14.200 0.038311 0.795832281001
14.210 0.038311 0.79639272627
14.220 0.038311 0.796953171538
14.230 0.038311 0.797513616806
14.240 0.038311 0.798074062075
14.250 0.038311 0.798634507343
14.260 0.038311 0.799194952611
14.270 0.038311 0.79975539788
14.280 0.038311 0.800315843148
14.290 0.038310 0.800876288416
14.300 0.038310 0.801436733684
14.310 0.038310 0.801997178953
14.320 0.038310 0.802557624221
14.330 0.038310 0.803118069489
14.340 0.038310 0.803678514758
14.350 0.038310 0.804238960026
14.360 0.038310 0.804799405294
14.370 0.038310 0.805359850563
14.380 0.038310 0.805920295831
14.390 0.038310 0.806480741099
14.400 0.038309 0.807041186368
14.410 0.038309 0.807601631636
14.420 0.038309 0.808162076904
14.430 0.038309 0.808722522172
14.440 0.038309 0.809282967441
14.450 0.038309 0.809843412709
14.460 0.038309 0.810403857977
14.470 0.038309 0.810964303246
14.480 0.038309 0.811524748514
14.490 0.038309 0.812085193782
14.500 0.038309 0.812645639051
14.510 0.038308 0.813206084319
14.520 0.038308 0.813766529587
14.530 0.038308 0.814326974856
14.540 0.038308 0.814887420124
14.550 0.038308 0.815447865392
14.560 0.038308 0.816008310661
14.570 0.038308 0.816568755929
14.580 0.038308 0.817129201197
14.590 0.038308 0.817689646465
14.600 0.038308 0.818250091734
14.610 0.038308 0.818810537002
14.620 0.038307 0.81937098227
14.630 0.038307 0.819931427539
14.640 0.038307 0.820491872807
14.650 0.038307 0.821052318075
14.660 0.038307 0.821612763344
14.670 0.038307 0.822173208612
14.680 0.038307 0.82273365388
14.690 0.038307 0.823294099149
14.700 0.038307 0.823854544417
14.710 0.038307 0.824414989685
14.720 0.038307 0.824975434953
14.730 0.038306 0.825535880222
14.740 0.038306 0.82609632549
14.750 0.038306 0.826656770758
14.760 0.038306 0.827217216027
14.770 0.038306 0.827777661295
14.780 0.038306 0.828338106563
14.790 0.038306 0.828898551832
14.800 0.038306 0.8294589971
14.810 0.038306 0.830019442368
14.820 0.038306 0.830579887637
14.830 0.038306 0.831140332905
14.840 0.038305 0.831700778173
14.850 0.038305 0.832261223442
14.860 0.038305 0.83282166871
14.870 0.038305 0.833382113978
14.880 0.038305 0.833942559246
14.890 0.038305 0.834503004515
14.900 0.038305 0.835063449783
14.910 0.038305 0.835623895051
14.920 0.038305 0.83618434032
14.930 0.038305 0.836744785588
14.940 0.038305 0.837305230856
14.950 0.038304 0.837865676125
14.960 0.038304 0.838426121393
14.970 0.038304 0.838986566661
14.980 0.038304 0.83954701193
14.990 0.038304 0.840107457198
15.000 0.038304 0.840667902466
15.100 0.038303 0.846272355149
15.110 0.038303 0.846832800418
15.120 0.038303 0.847393245686
15.130 0.038303 0.847953690954
15.140 0.038303 0.848514136223
15.150 0.038303 0.849074581491
15.160 0.038303 0.849635026759
15.170 0.038302 0.850195472027
15.180 0.038302 0.850755917296
15.190 0.038302 0.851316362564
15.200 0.038302 0.851876807832
15.210 0.038302 0.852437253101
15.220 0.038302 0.852997698369
15.230 0.038302 0.853558143637
15.240 0.038302 0.854118588906
15.250 0.038302 0.854679034174
15.260 0.038302 0.855239479442
15.270 0.038302 0.855799924711
15.280 0.038301 0.856360369979
15.290 0.038301 0.856920815247
15.300 0.038301 0.857481260516
15.310 0.038301 0.858041705784
15.320 0.038301 0.858602151052
15.330 0.038301 0.85916259632
15.340 0.038301 0.859723041589
15.350 0.038301 0.860283486857
15.360 0.038301 0.860843932125
15.370 0.038301 0.861404377394
15.380 0.038301 0.861964822662
15.390 0.038300 0.86252526793
15.400 0.038300 0.863085713199
15.410 0.038300 0.863646158467
15.420 0.038300 0.864206603735
15.430 0.038300 0.864767049004
15.440 0.038300 0.865327494272
15.450 0.038300 0.86588793954
15.460 0.038300 0.866448384808
15.470 0.038300 0.867008830077
15.480 0.038300 0.867569275345
15.490 0.038300 0.868129720613
15.500 0.038299 0.868690165882
15.510 0.038299 0.86925061115
15.520 0.038299 0.869811056418
15.530 0.038299 0.870371501687
15.540 0.038299 0.870931946955
15.550 0.038299 0.871492392223
15.560 0.038299 0.872052837492
15.570 0.038299 0.87261328276
15.580 0.038299 0.873173728028
15.590 0.038299 0.873734173297
15.600 0.038299 0.874294618565
15.610 0.038298 0.874855063833
15.620 0.038298 0.875415509101
15.630 0.038298 0.87597595437
15.640 0.038298 0.876536399638
15.650 0.038298 0.877096844906
15.660 0.038298 0.877657290175
15.670 0.038298 0.878217735443
15.680 0.038298 0.878778180711
15.690 0.038298 0.87933862598
15.700 0.038298 0.879899071248
15.710 0.038298 0.880459516516
15.720 0.038297 0.881019961785
15.730 0.038297 0.881580407053
15.740 0.038297 0.882140852321
15.750 0.038297 0.88270129759
15.760 0.038297 0.883261742858
15.770 0.038297 0.883822188126
15.780 0.038297 0.884382633394
15.790 0.038297 0.884943078663
15.800 0.038297 0.885503523931
15.810 0.038297 0.886063969199
15.820 0.038297 0.886624414468
15.830 0.038296 0.887184859736
15.840 0.038296 0.887745305004
15.850 0.038296 0.888305750273
15.860 0.038296 0.888866195541
15.870 0.038296 0.889426640809
15.880 0.038296 0.889987086078
15.890 0.038296 0.890547531346
15.900 0.038296 0.891107976614
15.910 0.038296 0.891668421882
15.920 0.038296 0.892228867151
15.930 0.038296 0.892789312419
15.940 0.038295 0.893349757687
15.950 0.038295 0.893910202956
15.960 0.038295 0.894470648224
15.970 0.038295 0.895031093492
15.980 0.038295 0.895591538761
15.990 0.038295 0.896151984029
16.000 0.038295 0.896712429297
16.010 0.038295 0.897272874566
16.020 0.038295 0.897833319834
16.030 0.038295 0.898393765102
16.040 0.038295 0.898954210371
16.050 0.038294 0.899514655639
16.060 0.038294 0.900075100907
16.070 0.038294 0.900635546175
16.080 0.038294 0.901195991444
16.090 0.038294 0.901756436712
16.100 0.038294 0.90231688198
16.110 0.038294 0.902877327249
16.120 0.038294 0.903437772517
16.130 0.038294 0.903998217785
16.140 0.038294 0.904558663054
16.150 0.038294 0.905119108322
16.160 0.038293 0.90567955359
16.170 0.038293 0.906239998859
16.180 0.038293 0.906800444127
16.190 0.038293 0.907360889395
16.200 0.038293 0.907921334663
16.210 0.038293 0.908481779932
16.220 0.038293 0.9090422252
16.230 0.038293 0.909602670468
16.240 0.038293 0.910163115737
16.250 0.038293 0.910723561005
16.260 0.038293 0.911284006273
16.270 0.038292 0.911844451542
16.280 0.038292 0.91240489681
16.290 0.038292 0.912965342078
16.300 0.038292 0.913525787347
16.310 0.038292 0.914086232615
16.320 0.038292 0.914646677883
16.330 0.038292 0.915207123152
16.340 0.038292 0.91576756842
16.350 0.038292 0.916328013688
16.360 0.038292 0.916888458956
16.370 0.038292 0.917448904225
16.380 0.038291 0.918009349493
16.390 0.038291 0.918569794761
16.400 0.038291 0.91913024003
16.410 0.038291 0.919690685298
16.420 0.038291 0.920251130566
16.430 0.038291 0.920811575835
16.440 0.038291 0.921372021103
16.450 0.038291 0.921932466371
16.460 0.038291 0.92249291164
16.470 0.038291 0.923053356908
16.480 0.038291 0.923613802176
16.490 0.038290 0.924174247445
16.500 0.038290 0.924734692713
16.510 0.038290 0.925295137981
16.520 0.038290 0.925855583249
16.530 0.038290 0.926416028518
16.540 0.038290 0.926976473786
16.550 0.038290 0.927536919054
16.560 0.038290 0.928097364323
16.570 0.038290 0.928657809591
16.580 0.038290 0.929218254859
16.590 0.038290 0.929778700128
16.600 0.038289 0.930339145396
16.610 0.038289 0.930899590664
16.620 0.038289 0.931460035933
16.630 0.038289 0.932020481201
16.640 0.038289 0.932580926469
16.650 0.038289 0.933141371737
16.660 0.038289 0.933701817006
16.670 0.038289 0.934262262274
16.680 0.038289 0.934822707542
16.690 0.038289 0.935383152811
16.700 0.038289 0.935943598079
16.710 0.038288 0.936504043347
16.720 0.038288 0.937064488616
16.730 0.038288 0.937624933884
16.740 0.038288 0.938185379152
16.750 0.038288 0.938745824421
16.760 0.038288 0.939306269689
16.770 0.038288 0.939866714957
16.780 0.038288 0.940427160226
16.790 0.038288 0.940987605494
16.800 0.038288 0.941548050762
16.810 0.038288 0.94210849603
16.820 0.038287 0.942668941299
16.830 0.038287 0.943229386567
16.840 0.038287 0.943789831835
16.850 0.038287 0.944350277104
16.860 0.038287 0.944910722372
16.870 0.038287 0.94547116764
16.880 0.038287 0.946031612909
16.890 0.038287 0.946592058177
16.900 0.038287 0.947152503445
16.910 0.038287 0.947712948714
16.920 0.038287 0.948273393982
16.930 0.038286 0.94883383925
16.940 0.038286 0.949394284518
16.950 0.038286 0.949954729787
16.960 0.038286 0.950515175055
16.970 0.038286 0.951075620323
16.980 0.038286 0.951636065592
16.990 0.038286 0.95219651086
17.000 0.038286 0.952756956128
17.010 0.038286 0.953317401397
17.020 0.038286 0.953877846665
17.030 0.038286 0.954438291933
17.040 0.038285 0.954998737202
17.050 0.038285 0.95555918247
17.060 0.038285 0.956119627738
17.070 0.038285 0.956680073007
17.080 0.038285 0.957240518275
17.090 0.038285 0.957800963543
17.100 0.038285 0.958361408811
17.110 0.038285 0.95892185408
17.120 0.038285 0.959482299348
17.130 0.038285 0.960042744616
17.140 0.038285 0.960603189885
17.150 0.038284 0.961163635153
17.160 0.038284 0.961724080421
17.170 0.038284 0.96228452569
17.180 0.038284 0.962844970958
17.190 0.038284 0.963405416226
17.200 0.038284 0.963965861495
17.210 0.038284 0.964526306763
17.220 0.038284 0.965086752031
17.230 0.038284 0.9656471973
17.240 0.038284 0.966207642568
17.250 0.038284 0.966768087836
17.260 0.038283 0.967328533104
17.270 0.038283 0.967888978373
17.280 0.038283 0.968449423641
17.290 0.038283 0.969009868909
17.300 0.038283 0.969570314178
17.310 0.038283 0.970130759446
17.320 0.038283 0.970691204714
17.330 0.038283 0.971251649983
17.340 0.038283 0.971812095251
17.350 0.038283 0.972372540519
17.360 0.038283 0.972932985788
17.370 0.038282 0.973493431056
17.380 0.038282 0.974053876324
17.390 0.038282 0.974614321592
17.400 0.038282 0.975174766861
17.410 0.038282 0.975735212129
17.420 0.038282 0.976295657397
17.430 0.038282 0.976856102666
17.440 0.038282 0.977416547934
17.450 0.038282 0.977976993202
17.460 0.038282 0.978537438471
17.470 0.038282 0.979097883739
17.480 0.038281 0.979658329007
17.490 0.038281 0.980218774276
17.500 0.038281 0.980779219544
17.510 0.038281 0.981339664812
17.520 0.038281 0.981900110081
17.530 0.038281 0.982460555349
17.540 0.038281 0.983021000617
17.550 0.038281 0.983581445885
17.560 0.038281 0.984141891154
17.570 0.038281 0.984702336422
17.580 0.038281 0.98526278169
17.590 0.038280 0.985823226959
17.600 0.038280 0.986383672227
17.610 0.038280 0.986944117495
17.620 0.038280 0.987504562764
17.630 0.038280 0.988065008032
17.640 0.038280 0.9886254533
17.650 0.038280 0.989185898569
17.660 0.038280 0.989746343837
17.670 0.038280 0.990306789105
17.680 0.038280 0.990867234373
17.690 0.038280 0.991427679642
17.700 0.038280 0.99198812491
17.710 0.038279 0.992548570178
17.720 0.038279 0.993109015447
17.730 0.038279 0.993669460715
17.740 0.038279 0.994229905983
17.750 0.038279 0.994790351252
17.760 0.038279 0.99535079652
17.770 0.038279 0.995911241788
17.780 0.038279 0.996471687057
17.790 0.038279 0.997032132325
17.800 0.038279 0.997592577593
17.810 0.038279 0.998153022862
17.820 0.038278 0.99871346813
17.830 0.038278 0.999273913398
17.840 0.038278 0.999834358666
17.850 0.038278 1.00039480393
17.860 0.038278 1.0009552492
17.870 0.038278 1.00151569447
17.880 0.038278 1.00207613974
17.890 0.038278 1.00263658501
17.900 0.038278 1.00319703028
17.910 0.038278 1.00375747554
17.920 0.038278 1.00431792081
17.930 0.038277 1.00487836608
17.940 0.038277 1.00543881135
17.950 0.038277 1.00599925662
17.960 0.038277 1.00655970189
17.970 0.038277 1.00712014715
17.980 0.038277 1.00768059242
17.990 0.038277 1.00824103769
18.000 0.038277 1.00880148296
18.010 0.038277 1.00936192823
18.020 0.038277 1.0099223735
18.030 0.038277 1.01048281876
18.040 0.038276 1.01104326403
18.050 0.038276 1.0116037093
18.060 0.038276 1.01216415457
18.070 0.038276 1.01272459984
18.080 0.038276 1.01328504511
18.090 0.038276 1.01384549037
18.100 0.038276 1.01440593564
18.110 0.038276 1.01496638091
18.120 0.038276 1.01552682618
18.130 0.038276 1.01608727145
18.140 0.038276 1.01664771672
18.150 0.038275 1.01720816198
18.160 0.038275 1.01776860725
18.170 0.038275 1.01832905252
18.180 0.038275 1.01888949779
18.190 0.038275 1.01944994306
18.200 0.038275 1.02001038833
18.210 0.038275 1.02057083359
18.220 0.038275 1.02113127886
18.230 0.038275 1.02169172413
18.240 0.038275 1.0222521694
18.250 0.038275 1.02281261467
18.260 0.038274 1.02337305994
18.270 0.038274 1.0239335052
18.280 0.038274 1.02449395047
18.290 0.038274 1.02505439574
18.300 0.038274 1.02561484101
18.310 0.038274 1.02617528628
18.320 0.038274 1.02673573155
18.330 0.038274 1.02729617681
18.340 0.038274 1.02785662208
18.350 0.038274 1.02841706735
18.360 0.038274 1.02897751262
18.370 0.038273 1.02953795789
18.380 0.038273 1.03009840316
18.390 0.038273 1.03065884842
18.400 0.038273 1.03121929369
18.410 0.038273 1.03177973896
18.420 0.038273 1.03234018423
18.430 0.038273 1.0329006295
18.440 0.038273 1.03346107477
18.450 0.038273 1.03402152003
18.460 0.038273 1.0345819653
18.470 0.038273 1.03514241057
18.480 0.038272 1.03570285584
18.490 0.038272 1.03626330111
18.500 0.038272 1.03682374637
18.510 0.038272 1.03738419164
18.520 0.038272 1.03794463691
18.530 0.038272 1.03850508218
18.540 0.038272 1.03906552745
18.550 0.038272 1.03962597272
18.560 0.038272 1.04018641798
18.570 0.038272 1.04074686325
18.580 0.038272 1.04130730852
18.590 0.038271 1.04186775379
18.600 0.038271 1.04242819906
18.610 0.038271 1.04298864433
18.620 0.038271 1.04354908959
18.630 0.038271 1.04410953486
18.640 0.038271 1.04466998013
18.650 0.038271 1.0452304254
18.660 0.038271 1.04579087067
18.670 0.038271 1.04635131594
18.680 0.038271 1.0469117612
18.690 0.038271 1.04747220647
18.700 0.038270 1.04803265174
18.710 0.038270 1.04859309701
18.720 0.038270 1.04915354228
18.730 0.038270 1.04971398755
18.740 0.038270 1.05027443281
18.750 0.038270 1.05083487808
18.760 0.038270 1.05139532335
18.770 0.038270 1.05195576862
18.780 0.038270 1.05251621389
18.790 0.038270 1.05307665916
18.800 0.038270 1.05363710442
18.810 0.038269 1.05419754969
18.820 0.038269 1.05475799496
18.830 0.038269 1.05531844023
18.840 0.038269 1.0558788855
18.850 0.038269 1.05643933077
18.860 0.038269 1.05699977603
18.870 0.038269 1.0575602213
18.880 0.038269 1.05812066657
18.890 0.038269 1.05868111184
18.900 0.038269 1.05924155711
18.910 0.038269 1.05980200238
18.920 0.038269 1.06036244764
18.930 0.038268 1.06092289291
18.940 0.038268 1.06148333818
18.950 0.038268 1.06204378345
18.960 0.038268 1.06260422872
18.970 0.038268 1.06316467399
18.980 0.038268 1.06372511925
18.990 0.038268 1.06428556452
19.000 0.038268 1.06484600979
19.010 0.038268 1.06540645506
19.020 0.038268 1.06596690033
19.030 0.038268 1.0665273456
19.040 0.038267 1.06708779086
19.050 0.038267 1.06764823613
19.060 0.038267 1.0682086814
19.070 0.038267 1.06876912667
19.080 0.038267 1.06932957194
19.090 0.038267 1.06989001721
19.100 0.038267 1.07045046247
19.110 0.038267 1.07101090774
19.120 0.038267 1.07157135301
19.130 0.038267 1.07213179828
19.140 0.038267 1.07269224355
19.150 0.038266 1.07325268882
19.160 0.038266 1.07381313408
19.170 0.038266 1.07437357935
19.180 0.038266 1.07493402462
19.190 0.038266 1.07549446989
19.200 0.038266 1.07605491516
19.210 0.038266 1.07661536043
19.220 0.038266 1.07717580569
19.230 0.038266 1.07773625096
19.240 0.038266 1.07829669623
19.250 0.038266 1.0788571415
19.260 0.038265 1.07941758677
19.270 0.038265 1.07997803203
19.280 0.038265 1.0805384773
19.290 0.038265 1.08109892257
19.300 0.038265 1.08165936784
19.310 0.038265 1.08221981311
19.320 0.038265 1.08278025838
19.330 0.038265 1.08334070364
19.340 0.038265 1.08390114891
19.350 0.038265 1.08446159418
19.360 0.038265 1.08502203945
19.370 0.038264 1.08558248472
19.380 0.038264 1.08614292999
19.390 0.038264 1.08670337525
19.400 0.038264 1.08726382052
19.410 0.038264 1.08782426579
19.420 0.038264 1.08838471106
19.430 0.038264 1.08894515633
19.440 0.038264 1.0895056016
19.450 0.038264 1.09006604686
19.460 0.038264 1.09062649213
19.470 0.038264 1.0911869374
19.480 0.038263 1.09174738267
19.490 0.038263 1.09230782794
19.500 0.038263 1.09286827321
19.510 0.038263 1.09342871847
19.520 0.038263 1.09398916374
19.530 0.038263 1.09454960901
19.540 0.038263 1.09511005428
19.550 0.038263 1.09567049955
19.560 0.038263 1.09623094482
19.570 0.038263 1.09679139008
19.580 0.038263 1.09735183535
19.590 0.038262 1.09791228062
19.600 0.038262 1.09847272589
19.610 0.038262 1.09903317116
19.620 0.038262 1.09959361643
19.630 0.038262 1.10015406169
19.640 0.038262 1.10071450696
19.650 0.038262 1.10127495223
19.660 0.038262 1.1018353975
19.670 0.038262 1.10239584277
19.680 0.038262 1.10295628804
19.690 0.038262 1.1035167333
19.700 0.038261 1.10407717857
19.710 0.038261 1.10463762384
19.720 0.038261 1.10519806911
19.730 0.038261 1.10575851438
19.740 0.038261 1.10631895965
19.750 0.038261 1.10687940491
19.760 0.038261 1.10743985018
19.770 0.038261 1.10800029545
19.780 0.038261 1.10856074072
19.790 0.038261 1.10912118599
19.800 0.038261 1.10968163126
19.810 0.038260 1.11024207652
19.820 0.038260 1.11080252179
19.830 0.038260 1.11136296706
19.840 0.038260 1.11192341233
19.850 0.038260 1.1124838576
19.860 0.038260 1.11304430287
19.870 0.038260 1.11360474813
19.880 0.038260 1.1141651934
19.890 0.038260 1.11472563867
19.900 0.038260 1.11528608394
19.910 0.038260 1.11584652921
19.920 0.038260 1.11640697448
19.930 0.038259 1.11696741974
19.940 0.038259 1.11752786501
19.950 0.038259 1.11808831028
19.960 0.038259 1.11864875555
19.970 0.038259 1.11920920082
19.980 0.038259 1.11976964608
19.990 0.038259 1.12033009135
20.000 0.038259 1.12089053662
20.100 0.038258 1.1264949893
20.110 0.038258 1.12705543457
20.120 0.038258 1.12761587984
20.130 0.038258 1.12817632511
20.140 0.038258 1.12873677038
20.150 0.038257 1.12929721565
20.160 0.038257 1.12985766091
20.170 0.038257 1.13041810618
20.180 0.038257 1.13097855145
20.190 0.038257 1.13153899672
20.200 0.038257 1.13209944199
20.210 0.038257 1.13265988726
20.220 0.038257 1.13322033252
20.230 0.038257 1.13378077779
20.240 0.038257 1.13434122306
20.250 0.038257 1.13490166833
20.260 0.038256 1.1354621136
20.270 0.038256 1.13602255887
20.280 0.038256 1.13658300413
20.290 0.038256 1.1371434494
20.300 0.038256 1.13770389467
20.310 0.038256 1.13826433994
20.320 0.038256 1.13882478521
20.330 0.038256 1.13938523048
20.340 0.038256 1.13994567574
20.350 0.038256 1.14050612101
20.360 0.038256 1.14106656628
20.370 0.038255 1.14162701155
20.380 0.038255 1.14218745682
20.390 0.038255 1.14274790209
20.400 0.038255 1.14330834735
20.410 0.038255 1.14386879262
20.420 0.038255 1.14442923789
20.430 0.038255 1.14498968316
20.440 0.038255 1.14555012843
20.450 0.038255 1.1461105737
20.460 0.038255 1.14667101896
20.470 0.038255 1.14723146423
20.480 0.038254 1.1477919095
20.490 0.038254 1.14835235477
20.500 0.038254 1.14891280004
20.510 0.038254 1.14947324531
20.520 0.038254 1.15003369057
20.530 0.038254 1.15059413584
20.540 0.038254 1.15115458111
20.550 0.038254 1.15171502638
20.560 0.038254 1.15227547165
20.570 0.038254 1.15283591692
20.580 0.038254 1.15339636218
20.590 0.038253 1.15395680745
20.600 0.038253 1.15451725272
20.610 0.038253 1.15507769799
20.620 0.038253 1.15563814326
20.630 0.038253 1.15619858853
20.640 0.038253 1.15675903379
20.650 0.038253 1.15731947906
20.660 0.038253 1.15787992433
20.670 0.038253 1.1584403696
20.680 0.038253 1.15900081487
20.690 0.038253 1.15956126014
20.700 0.038253 1.1601217054
20.710 0.038252 1.16068215067
20.720 0.038252 1.16124259594
20.730 0.038252 1.16180304121
20.740 0.038252 1.16236348648
20.750 0.038252 1.16292393174
20.760 0.038252 1.16348437701
20.770 0.038252 1.16404482228
20.780 0.038252 1.16460526755
20.790 0.038252 1.16516571282
20.800 0.038252 1.16572615809
20.810 0.038252 1.16628660335
20.820 0.038251 1.16684704862
20.830 0.038251 1.16740749389
20.840 0.038251 1.16796793916
20.850 0.038251 1.16852838443
20.860 0.038251 1.1690888297
20.870 0.038251 1.16964927496
20.880 0.038251 1.17020972023
20.890 0.038251 1.1707701655
20.900 0.038251 1.17133061077
20.910 0.038251 1.17189105604
20.920 0.038251 1.17245150131
20.930 0.038250 1.17301194657
20.940 0.038250 1.17357239184
20.950 0.038250 1.17413283711
20.960 0.038250 1.17469328238
20.970 0.038250 1.17525372765
20.980 0.038250 1.17581417292
20.990 0.038250 1.17637461818
21.000 0.038250 1.17693506345
21.010 0.038250 1.17749550872
21.020 0.038250 1.17805595399
21.030 0.038250 1.17861639926
21.040 0.038249 1.17917684453
21.050 0.038249 1.17973728979
21.060 0.038249 1.18029773506
21.070 0.038249 1.18085818033
21.080 0.038249 1.1814186256
21.090 0.038249 1.18197907087
21.100 0.038249 1.18253951614
21.110 0.038249 1.1830999614
21.120 0.038249 1.18366040667
21.130 0.038249 1.18422085194
21.140 0.038249 1.18478129721
21.150 0.038248 1.18534174248
21.160 0.038248 1.18590218775
21.170 0.038248 1.18646263301
21.180 0.038248 1.18702307828
21.190 0.038248 1.18758352355
21.200 0.038248 1.18814396882
21.210 0.038248 1.18870441409
21.220 0.038248 1.18926485936
21.230 0.038248 1.18982530462
21.240 0.038248 1.19038574989
21.250 0.038248 1.19094619516
21.260 0.038247 1.19150664043
21.270 0.038247 1.1920670857
21.280 0.038247 1.19262753097
21.290 0.038247 1.19318797623
21.300 0.038247 1.1937484215
21.310 0.038247 1.19430886677
21.320 0.038247 1.19486931204
21.330 0.038247 1.19542975731
21.340 0.038247 1.19599020258
21.350 0.038247 1.19655064784
21.360 0.038247 1.19711109311
21.370 0.038247 1.19767153838
21.380 0.038246 1.19823198365
21.390 0.038246 1.19879242892
21.400 0.038246 1.19935287419
21.410 0.038246 1.19991331945
21.420 0.038246 1.20047376472
21.430 0.038246 1.20103420999
21.440 0.038246 1.20159465526
21.450 0.038246 1.20215510053
21.460 0.038246 1.20271554579
21.470 0.038246 1.20327599106
21.480 0.038246 1.20383643633
21.490 0.038245 1.2043968816
21.500 0.038245 1.20495732687
21.510 0.038245 1.20551777214
21.520 0.038245 1.2060782174
21.530 0.038245 1.20663866267
21.540 0.038245 1.20719910794
21.550 0.038245 1.20775955321
21.560 0.038245 1.20831999848
21.570 0.038245 1.20888044375
21.580 0.038245 1.20944088901
21.590 0.038245 1.21000133428
21.600 0.038244 1.21056177955
21.610 0.038244 1.21112222482
21.620 0.038244 1.21168267009
21.630 0.038244 1.21224311536
21.640 0.038244 1.21280356062
21.650 0.038244 1.21336400589
21.660 0.038244 1.21392445116
21.670 0.038244 1.21448489643
21.680 0.038244 1.2150453417
21.690 0.038244 1.21560578697
21.700 0.038244 1.21616623223
21.710 0.038243 1.2167266775
21.720 0.038243 1.21728712277
21.730 0.038243 1.21784756804
21.740 0.038243 1.21840801331
21.750 0.038243 1.21896845858
21.760 0.038243 1.21952890384
21.770 0.038243 1.22008934911
21.780 0.038243 1.22064979438
21.790 0.038243 1.22121023965
21.800 0.038243 1.22177068492
21.810 0.038243 1.22233113019
21.820 0.038242 1.22289157545
21.830 0.038242 1.22345202072
21.840 0.038242 1.22401246599
21.850 0.038242 1.22457291126
21.860 0.038242 1.22513335653
21.870 0.038242 1.2256938018
21.880 0.038242 1.22625424706
21.890 0.038242 1.22681469233
21.900 0.038242 1.2273751376
21.910 0.038242 1.22793558287
21.920 0.038242 1.22849602814
21.930 0.038242 1.22905647341
21.940 0.038241 1.22961691867
21.950 0.038241 1.23017736394
21.960 0.038241 1.23073780921
21.970 0.038241 1.23129825448
21.980 0.038241 1.23185869975
21.990 0.038241 1.23241914502
22.000 0.038241 1.23297959028
22.010 0.038241 1.23354003555
22.020 0.038241 1.23410048082
22.030 0.038241 1.23466092609
22.040 0.038241 1.23522137136
22.050 0.038240 1.23578181663
22.060 0.038240 1.23634226189
22.070 0.038240 1.23690270716
22.080 0.038240 1.23746315243
22.090 0.038240 1.2380235977
22.100 0.038240 1.23858404297
22.110 0.038240 1.23914448824
22.120 0.038240 1.2397049335
22.130 0.038240 1.24026537877
22.140 0.038240 1.24082582404
22.150 0.038240 1.24138626931
22.160 0.038239 1.24194671458
22.170 0.038239 1.24250715985
22.180 0.038239 1.24306760511
22.190 0.038239 1.24362805038
22.200 0.038239 1.24418849565
22.210 0.038239 1.24474894092
22.220 0.038239 1.24530938619
22.230 0.038239 1.24586983145
22.240 0.038239 1.24643027672
22.250 0.038239 1.24699072199
22.260 0.038239 1.24755116726
22.270 0.038238 1.24811161253
22.280 0.038238 1.2486720578
22.290 0.038238 1.24923250306
22.300 0.038238 1.24979294833
22.310 0.038238 1.2503533936
22.320 0.038238 1.25091383887
22.330 0.038238 1.25147428414
22.340 0.038238 1.25203472941
22.350 0.038238 1.25259517467
22.360 0.038238 1.25315561994
22.370 0.038238 1.25371606521
22.380 0.038237 1.25427651048
22.390 0.038237 1.25483695575
22.400 0.038237 1.25539740102
22.410 0.038237 1.25595784628
22.420 0.038237 1.25651829155
22.430 0.038237 1.25707873682
22.440 0.038237 1.25763918209
22.450 0.038237 1.25819962736
22.460 0.038237 1.25876007263
22.470 0.038237 1.25932051789
22.480 0.038237 1.25988096316
22.490 0.038237 1.26044140843
22.500 0.038236 1.2610018537
22.510 0.038236 1.26156229897
22.520 0.038236 1.26212274424
22.530 0.038236 1.2626831895
22.540 0.038236 1.26324363477
22.550 0.038236 1.26380408004
22.560 0.038236 1.26436452531
22.570 0.038236 1.26492497058
22.580 0.038236 1.26548541585
22.590 0.038236 1.26604586111
22.600 0.038236 1.26660630638
22.610 0.038235 1.26716675165
22.620 0.038235 1.26772719692
22.630 0.038235 1.26828764219
22.640 0.038235 1.26884808746
22.650 0.038235 1.26940853272
22.660 0.038235 1.26996897799
22.670 0.038235 1.27052942326
22.680 0.038235 1.27108986853
22.690 0.038235 1.2716503138
22.700 0.038235 1.27221075907
22.710 0.038235 1.27277120433
22.720 0.038234 1.2733316496
22.730 0.038234 1.27389209487
22.740 0.038234 1.27445254014
22.750 0.038234 1.27501298541
22.760 0.038234 1.27557343068
22.770 0.038234 1.27613387594
22.780 0.038234 1.27669432121
22.790 0.038234 1.27725476648
22.800 0.038234 1.27781521175
22.810 0.038234 1.27837565702
22.820 0.038234 1.27893610229
22.830 0.038233 1.27949654755
22.840 0.038233 1.28005699282
22.850 0.038233 1.28061743809
22.860 0.038233 1.28117788336
22.870 0.038233 1.28173832863
22.880 0.038233 1.2822987739
22.890 0.038233 1.28285921916
22.900 0.038233 1.28341966443
22.910 0.038233 1.2839801097
22.920 0.038233 1.28454055497
22.930 0.038233 1.28510100024
22.940 0.038232 1.2856614455
22.950 0.038232 1.28622189077
22.960 0.038232 1.28678233604
22.970 0.038232 1.28734278131
22.980 0.038232 1.28790322658
22.990 0.038232 1.28846367185
23.000 0.038232 1.28902411711
23.010 0.038232 1.28958456238
23.020 0.038232 1.29014500765
23.030 0.038232 1.29070545292
23.040 0.038232 1.29126589819
23.050 0.038232 1.29182634346
23.060 0.038231 1.29238678872
23.070 0.038231 1.29294723399
23.080 0.038231 1.29350767926
23.090 0.038231 1.29406812453
23.100 0.038231 1.2946285698
23.110 0.038231 1.29518901507
23.120 0.038231 1.29574946033
23.130 0.038231 1.2963099056
23.140 0.038231 1.29687035087
23.150 0.038231 1.29743079614
23.160 0.038231 1.29799124141
23.170 0.038230 1.29855168668
23.180 0.038230 1.29911213194
23.190 0.038230 1.29967257721
23.200 0.038230 1.30023302248
23.210 0.038230 1.30079346775
23.220 0.038230 1.30135391302
23.230 0.038230 1.30191435829
23.240 0.038230 1.30247480355
23.250 0.038230 1.30303524882
23.260 0.038230 1.30359569409
23.270 0.038230 1.30415613936
23.280 0.038229 1.30471658463
23.290 0.038229 1.3052770299
23.300 0.038229 1.30583747516
23.310 0.038229 1.30639792043
23.320 0.038229 1.3069583657
23.330 0.038229 1.30751881097
23.340 0.038229 1.30807925624
23.350 0.038229 1.30863970151
23.360 0.038229 1.30920014677
23.370 0.038229 1.30976059204
23.380 0.038229 1.31032103731
23.390 0.038228 1.31088148258
23.400 0.038228 1.31144192785
23.410 0.038228 1.31200237312
23.420 0.038228 1.31256281838
23.430 0.038228 1.31312326365
23.440 0.038228 1.31368370892
23.450 0.038228 1.31424415419
23.460 0.038228 1.31480459946
23.470 0.038228 1.31536504473
23.480 0.038228 1.31592548999
23.490 0.038228 1.31648593526
23.500 0.038228 1.31704638053
23.510 0.038227 1.3176068258
23.520 0.038227 1.31816727107
23.530 0.038227 1.31872771634
23.540 0.038227 1.3192881616
23.550 0.038227 1.31984860687
23.560 0.038227 1.32040905214
23.570 0.038227 1.32096949741
23.580 0.038227 1.32152994268
23.590 0.038227 1.32209038795
23.600 0.038227 1.32265083321
23.610 0.038227 1.32321127848
23.620 0.038226 1.32377172375
23.630 0.038226 1.32433216902
23.640 0.038226 1.32489261429
23.650 0.038226 1.32545305956
23.660 0.038226 1.32601350482
23.670 0.038226 1.32657395009
23.680 0.038226 1.32713439536
23.690 0.038226 1.32769484063
23.700 0.038226 1.3282552859
23.710 0.038226 1.32881573116
23.720 0.038226 1.32937617643
23.730 0.038225 1.3299366217
23.740 0.038225 1.33049706697
23.750 0.038225 1.33105751224
23.760 0.038225 1.33161795751
23.770 0.038225 1.33217840277
23.780 0.038225 1.33273884804
23.790 0.038225 1.33329929331
23.800 0.038225 1.33385973858
23.810 0.038225 1.33442018385
23.820 0.038225 1.33498062912
23.830 0.038225 1.33554107438
23.840 0.038224 1.33610151965
23.850 0.038224 1.33666196492
23.860 0.038224 1.33722241019
23.870 0.038224 1.33778285546
23.880 0.038224 1.33834330073
23.890 0.038224 1.33890374599
23.900 0.038224 1.33946419126
23.910 0.038224 1.34002463653
23.920 0.038224 1.3405850818
23.930 0.038224 1.34114552707
23.940 0.038224 1.34170597234
23.950 0.038223 1.3422664176
23.960 0.038223 1.34282686287
23.970 0.038223 1.34338730814
23.980 0.038223 1.34394775341
23.990 0.038223 1.34450819868
24.000 0.038223 1.34506864395
24.010 0.038223 1.34562908921
24.020 0.038223 1.34618953448
24.030 0.038223 1.34674997975
24.040 0.038223 1.34731042502
24.050 0.038223 1.34787087029
24.060 0.038223 1.34843131556
24.070 0.038222 1.34899176082
24.080 0.038222 1.34955220609
24.090 0.038222 1.35011265136
24.100 0.038222 1.35067309663
24.110 0.038222 1.3512335419
24.120 0.038222 1.35179398717
24.130 0.038222 1.35235443243
24.140 0.038222 1.3529148777
24.150 0.038222 1.35347532297
24.160 0.038222 1.35403576824
24.170 0.038222 1.35459621351
24.180 0.038221 1.35515665878
24.190 0.038221 1.35571710404
24.200 0.038221 1.35627754931
24.210 0.038221 1.35683799458
24.220 0.038221 1.35739843985
24.230 0.038221 1.35795888512
24.240 0.038221 1.35851933039
24.250 0.038221 1.35907977565
24.260 0.038221 1.35964022092
24.270 0.038221 1.36020066619
24.280 0.038221 1.36076111146
24.290 0.038220 1.36132155673
24.300 0.038220 1.361882002
24.310 0.038220 1.36244244726
24.320 0.038220 1.36300289253
24.330 0.038220 1.3635633378
24.340 0.038220 1.36412378307
24.350 0.038220 1.36468422834
24.360 0.038220 1.36524467361
24.370 0.038220 1.36580511887
24.380 0.038220 1.36636556414
24.390 0.038220 1.36692600941
24.400 0.038219 1.36748645468
24.410 0.038219 1.36804689995
24.420 0.038219 1.36860734521
24.430 0.038219 1.36916779048
24.440 0.038219 1.36972823575
24.450 0.038219 1.37028868102
24.460 0.038219 1.37084912629
24.470 0.038219 1.37140957156
24.480 0.038219 1.37197001682
24.490 0.038219 1.37253046209
24.500 0.038219 1.37309090736
24.510 0.038219 1.37365135263
24.520 0.038218 1.3742117979
24.530 0.038218 1.37477224317
24.540 0.038218 1.37533268843
24.550 0.038218 1.3758931337
24.560 0.038218 1.37645357897
24.570 0.038218 1.37701402424
24.580 0.038218 1.37757446951
24.590 0.038218 1.37813491478
24.600 0.038218 1.37869536004
24.610 0.038218 1.37925580531
24.620 0.038218 1.37981625058
24.630 0.038217 1.38037669585
24.640 0.038217 1.38093714112
24.650 0.038217 1.38149758639
24.660 0.038217 1.38205803165
24.670 0.038217 1.38261847692
24.680 0.038217 1.38317892219
24.690 0.038217 1.38373936746
24.700 0.038217 1.38429981273
24.710 0.038217 1.384860258
24.720 0.038217 1.38542070326
24.730 0.038217 1.38598114853
24.740 0.038216 1.3865415938
24.750 0.038216 1.38710203907
24.760 0.038216 1.38766248434
24.770 0.038216 1.38822292961
24.780 0.038216 1.38878337487
24.790 0.038216 1.38934382014
24.800 0.038216 1.38990426541
24.810 0.038216 1.39046471068
24.820 0.038216 1.39102515595
24.830 0.038216 1.39158560122
24.840 0.038216 1.39214604648
24.850 0.038216 1.39270649175
24.860 0.038215 1.39326693702
24.870 0.038215 1.39382738229
24.880 0.038215 1.39438782756
24.890 0.038215 1.39494827283
24.900 0.038215 1.39550871809
24.910 0.038215 1.39606916336
24.920 0.038215 1.39662960863
24.930 0.038215 1.3971900539
24.940 0.038215 1.39775049917
24.950 0.038215 1.39831094444
24.960 0.038215 1.3988713897
24.970 0.038214 1.39943183497
24.980 0.038214 1.39999228024
24.990 0.038214 1.40055272551
25.000 0.038214 1.40111317078
25.100 0.038213 1.40671762346
25.110 0.038213 1.40727806873
25.120 0.038213 1.407838514
25.130 0.038213 1.40839895927
25.140 0.038213 1.40895940453
25.150 0.038213 1.4095198498
25.160 0.038213 1.41008029507
25.170 0.038213 1.41064074034
25.180 0.038213 1.41120118561
25.190 0.038212 1.41176163087
25.200 0.038212 1.41232207614
25.210 0.038212 1.41288252141
25.220 0.038212 1.41344296668
25.230 0.038212 1.41400341195
25.240 0.038212 1.41456385722
25.250 0.038212 1.41512430248
25.260 0.038212 1.41568474775
25.270 0.038212 1.41624519302
25.280 0.038212 1.41680563829
25.290 0.038212 1.41736608356
25.300 0.038212 1.41792652883
25.310 0.038211 1.41848697409
25.320 0.038211 1.41904741936
25.330 0.038211 1.41960786463
25.340 0.038211 1.4201683099
25.350 0.038211 1.42072875517
25.360 0.038211 1.42128920044
25.370 0.038211 1.4218496457
25.380 0.038211 1.42241009097
25.390 0.038211 1.42297053624
25.400 0.038211 1.42353098151
25.410 0.038211 1.42409142678
25.420 0.038210 1.42465187205
25.430 0.038210 1.42521231731
25.440 0.038210 1.42577276258
25.450 0.038210 1.42633320785
25.460 0.038210 1.42689365312
25.470 0.038210 1.42745409839
25.480 0.038210 1.42801454366
25.490 0.038210 1.42857498892
25.500 0.038210 1.42913543419
25.510 0.038210 1.42969587946
25.520 0.038210 1.43025632473
25.530 0.038209 1.43081677
25.540 0.038209 1.43137721527
25.550 0.038209 1.43193766053
25.560 0.038209 1.4324981058
25.570 0.038209 1.43305855107
25.580 0.038209 1.43361899634
25.590 0.038209 1.43417944161
25.600 0.038209 1.43473988688
25.610 0.038209 1.43530033214
25.620 0.038209 1.43586077741
25.630 0.038209 1.43642122268
25.640 0.038209 1.43698166795
25.650 0.038208 1.43754211322
25.660 0.038208 1.43810255849
25.670 0.038208 1.43866300375
25.680 0.038208 1.43922344902
25.690 0.038208 1.43978389429
25.700 0.038208 1.44034433956
25.710 0.038208 1.44090478483
25.720 0.038208 1.4414652301
25.730 0.038208 1.44202567536
25.740 0.038208 1.44258612063
25.750 0.038208 1.4431465659
25.760 0.038207 1.44370701117
25.770 0.038207 1.44426745644
25.780 0.038207 1.44482790171
25.790 0.038207 1.44538834697
25.800 0.038207 1.44594879224
25.810 0.038207 1.44650923751
25.820 0.038207 1.44706968278
25.830 0.038207 1.44763012805
25.840 0.038207 1.44819057332
25.850 0.038207 1.44875101858
25.860 0.038207 1.44931146385
25.870 0.038206 1.44987190912
25.880 0.038206 1.45043235439
25.890 0.038206 1.45099279966
25.900 0.038206 1.45155324492
25.910 0.038206 1.45211369019
25.920 0.038206 1.45267413546
25.930 0.038206 1.45323458073
25.940 0.038206 1.453795026
25.950 0.038206 1.45435547127
25.960 0.038206 1.45491591653
25.970 0.038206 1.4554763618
25.980 0.038205 1.45603680707
25.990 0.038205 1.45659725234
26.000 0.038205 1.45715769761
26.010 0.038205 1.45771814288
26.020 0.038205 1.45827858814
26.030 0.038205 1.45883903341
26.040 0.038205 1.45939947868
26.050 0.038205 1.45995992395
26.060 0.038205 1.46052036922
26.070 0.038205 1.46108081449
26.080 0.038205 1.46164125975
26.090 0.038205 1.46220170502
26.100 0.038204 1.46276215029
26.110 0.038204 1.46332259556
26.120 0.038204 1.46388304083
26.130 0.038204 1.4644434861
26.140 0.038204 1.46500393136
26.150 0.038204 1.46556437663
26.160 0.038204 1.4661248219
26.170 0.038204 1.46668526717
26.180 0.038204 1.46724571244
26.190 0.038204 1.46780615771
26.200 0.038204 1.46836660297
26.210 0.038203 1.46892704824
26.220 0.038203 1.46948749351
26.230 0.038203 1.47004793878
26.240 0.038203 1.47060838405
26.250 0.038203 1.47116882932
26.260 0.038203 1.47172927458
26.270 0.038203 1.47228971985
26.280 0.038203 1.47285016512
26.290 0.038203 1.47341061039
26.300 0.038203 1.47397105566
26.310 0.038203 1.47453150093
26.320 0.038202 1.47509194619
26.330 0.038202 1.47565239146
26.340 0.038202 1.47621283673
26.350 0.038202 1.476773282
26.360 0.038202 1.47733372727
26.370 0.038202 1.47789417254
26.380 0.038202 1.4784546178
26.390 0.038202 1.47901506307
26.400 0.038202 1.47957550834
26.410 0.038202 1.48013595361
26.420 0.038202 1.48069639888
26.430 0.038202 1.48125684415
26.440 0.038201 1.48181728941
26.450 0.038201 1.48237773468
26.460 0.038201 1.48293817995
26.470 0.038201 1.48349862522
26.480 0.038201 1.48405907049
26.490 0.038201 1.48461951576
26.500 0.038201 1.48517996102
26.510 0.038201 1.48574040629
26.520 0.038201 1.48630085156
26.530 0.038201 1.48686129683
26.540 0.038201 1.4874217421
26.550 0.038200 1.48798218737
26.560 0.038200 1.48854263263
26.570 0.038200 1.4891030779
26.580 0.038200 1.48966352317
26.590 0.038200 1.49022396844
26.600 0.038200 1.49078441371
26.610 0.038200 1.49134485898
26.620 0.038200 1.49190530424
26.630 0.038200 1.49246574951
26.640 0.038200 1.49302619478
26.650 0.038200 1.49358664005
26.660 0.038199 1.49414708532
26.670 0.038199 1.49470753058
26.680 0.038199 1.49526797585
26.690 0.038199 1.49582842112
26.700 0.038199 1.49638886639
26.710 0.038199 1.49694931166
26.720 0.038199 1.49750975693
26.730 0.038199 1.49807020219
26.740 0.038199 1.49863064746
26.750 0.038199 1.49919109273
26.760 0.038199 1.499751538
26.770 0.038199 1.50031198327
26.780 0.038198 1.50087242854
26.790 0.038198 1.5014328738
26.800 0.038198 1.50199331907
26.810 0.038198 1.50255376434
26.820 0.038198 1.50311420961
26.830 0.038198 1.50367465488
26.840 0.038198 1.50423510015
26.850 0.038198 1.50479554541
26.860 0.038198 1.50535599068
26.870 0.038198 1.50591643595
26.880 0.038198 1.50647688122
26.890 0.038197 1.50703732649
26.900 0.038197 1.50759777176
26.910 0.038197 1.50815821702
26.920 0.038197 1.50871866229
26.930 0.038197 1.50927910756
26.940 0.038197 1.50983955283
26.950 0.038197 1.5103999981
26.960 0.038197 1.51096044337
26.970 0.038197 1.51152088863
26.980 0.038197 1.5120813339
26.990 0.038197 1.51264177917
27.000 0.038196 1.51320222444
27.010 0.038196 1.51376266971
27.020 0.038196 1.51432311498
27.030 0.038196 1.51488356024
27.040 0.038196 1.51544400551
27.050 0.038196 1.51600445078
27.060 0.038196 1.51656489605
27.070 0.038196 1.51712534132
27.080 0.038196 1.51768578659
27.090 0.038196 1.51824623185
27.100 0.038196 1.51880667712
27.110 0.038196 1.51936712239
27.120 0.038195 1.51992756766
27.130 0.038195 1.52048801293
27.140 0.038195 1.5210484582
27.150 0.038195 1.52160890346
27.160 0.038195 1.52216934873
27.170 0.038195 1.522729794
27.180 0.038195 1.52329023927
27.190 0.038195 1.52385068454
27.200 0.038195 1.52441112981
27.210 0.038195 1.52497157507
27.220 0.038195 1.52553202034
27.230 0.038194 1.52609246561
27.240 0.038194 1.52665291088
27.250 0.038194 1.52721335615
27.260 0.038194 1.52777380142
27.270 0.038194 1.52833424668
27.280 0.038194 1.52889469195
27.290 0.038194 1.52945513722
27.300 0.038194 1.53001558249
27.310 0.038194 1.53057602776
27.320 0.038194 1.53113647303
27.330 0.038194 1.53169691829
27.340 0.038193 1.53225736356
27.350 0.038193 1.53281780883
27.360 0.038193 1.5333782541
27.370 0.038193 1.53393869937
27.380 0.038193 1.53449914463
27.390 0.038193 1.5350595899
27.400 0.038193 1.53562003517
27.410 0.038193 1.53618048044
27.420 0.038193 1.53674092571
27.430 0.038193 1.53730137098
27.440 0.038193 1.53786181624
27.450 0.038193 1.53842226151
27.460 0.038192 1.53898270678
27.470 0.038192 1.53954315205
27.480 0.038192 1.54010359732
27.490 0.038192 1.54066404259
27.500 0.038192 1.54122448785
27.510 0.038192 1.54178493312
27.520 0.038192 1.54234537839
27.530 0.038192 1.54290582366
27.540 0.038192 1.54346626893
27.550 0.038192 1.5440267142
27.560 0.038192 1.54458715946
27.570 0.038191 1.54514760473
27.580 0.038191 1.54570805
27.590 0.038191 1.54626849527
27.600 0.038191 1.54682894054
27.610 0.038191 1.54738938581
27.620 0.038191 1.54794983107
27.630 0.038191 1.54851027634
27.640 0.038191 1.54907072161
27.650 0.038191 1.54963116688
27.660 0.038191 1.55019161215
27.670 0.038191 1.55075205742
27.680 0.038190 1.55131250268
27.690 0.038190 1.55187294795
27.700 0.038190 1.55243339322
27.710 0.038190 1.55299383849
27.720 0.038190 1.55355428376
27.730 0.038190 1.55411472903
27.740 0.038190 1.55467517429
27.750 0.038190 1.55523561956
27.760 0.038190 1.55579606483
27.770 0.038190 1.5563565101
27.780 0.038190 1.55691695537
27.790 0.038190 1.55747740064
27.800 0.038189 1.5580378459
27.810 0.038189 1.55859829117
27.820 0.038189 1.55915873644
27.830 0.038189 1.55971918171
27.840 0.038189 1.56027962698
27.850 0.038189 1.56084007225
27.860 0.038189 1.56140051751
27.870 0.038189 1.56196096278
27.880 0.038189 1.56252140805
27.890 0.038189 1.56308185332
27.900 0.038189 1.56364229859
27.910 0.038188 1.56420274386
27.920 0.038188 1.56476318912
27.930 0.038188 1.56532363439
27.940 0.038188 1.56588407966
27.950 0.038188 1.56644452493
27.960 0.038188 1.5670049702
27.970 0.038188 1.56756541547
27.980 0.038188 1.56812586073
27.990 0.038188 1.568686306
28.000 0.038188 1.56924675127
28.010 0.038188 1.56980719654
28.020 0.038187 1.57036764181
28.030 0.038187 1.57092808708
28.040 0.038187 1.57148853234
28.050 0.038187 1.57204897761
28.060 0.038187 1.57260942288
28.070 0.038187 1.57316986815
28.080 0.038187 1.57373031342
28.090 0.038187 1.57429075869
28.100 0.038187 1.57485120395
28.110 0.038187 1.57541164922
28.120 0.038187 1.57597209449
28.130 0.038187 1.57653253976
28.140 0.038186 1.57709298503
28.150 0.038186 1.57765343029
28.160 0.038186 1.57821387556
28.170 0.038186 1.57877432083
28.180 0.038186 1.5793347661
28.190 0.038186 1.57989521137
28.200 0.038186 1.58045565664
28.210 0.038186 1.5810161019
28.220 0.038186 1.58157654717
28.230 0.038186 1.58213699244
28.240 0.038186 1.58269743771
28.250 0.038185 1.58325788298
28.260 0.038185 1.58381832825
28.270 0.038185 1.58437877351
28.280 0.038185 1.58493921878
28.290 0.038185 1.58549966405
28.300 0.038185 1.58606010932
28.310 0.038185 1.58662055459
28.320 0.038185 1.58718099986
28.330 0.038185 1.58774144512
28.340 0.038185 1.58830189039
28.350 0.038185 1.58886233566
28.360 0.038184 1.58942278093
28.370 0.038184 1.5899832262
28.380 0.038184 1.59054367147
28.390 0.038184 1.59110411673
28.400 0.038184 1.591664562
28.410 0.038184 1.59222500727
28.420 0.038184 1.59278545254
28.430 0.038184 1.59334589781
28.440 0.038184 1.59390634308
28.450 0.038184 1.59446678834
28.460 0.038184 1.59502723361
28.470 0.038184 1.59558767888
28.480 0.038183 1.59614812415
28.490 0.038183 1.59670856942
28.500 0.038183 1.59726901469
28.510 0.038183 1.59782945995
28.520 0.038183 1.59838990522
28.530 0.038183 1.59895035049
28.540 0.038183 1.59951079576
28.550 0.038183 1.60007124103
28.560 0.038183 1.6006316863
28.570 0.038183 1.60119213156
28.580 0.038183 1.60175257683
28.590 0.038182 1.6023130221
28.600 0.038182 1.60287346737
28.610 0.038182 1.60343391264
28.620 0.038182 1.60399435791
28.630 0.038182 1.60455480317
28.640 0.038182 1.60511524844
28.650 0.038182 1.60567569371
28.660 0.038182 1.60623613898
28.670 0.038182 1.60679658425
28.680 0.038182 1.60735702952
28.690 0.038182 1.60791747478
28.700 0.038182 1.60847792005
28.710 0.038181 1.60903836532
28.720 0.038181 1.60959881059
28.730 0.038181 1.61015925586
28.740 0.038181 1.61071970113
28.750 0.038181 1.61128014639
28.760 0.038181 1.61184059166
28.770 0.038181 1.61240103693
28.780 0.038181 1.6129614822
28.790 0.038181 1.61352192747
28.800 0.038181 1.61408237274
28.810 0.038181 1.614642818
28.820 0.038180 1.61520326327
28.830 0.038180 1.61576370854
28.840 0.038180 1.61632415381
28.850 0.038180 1.61688459908
28.860 0.038180 1.61744504434
28.870 0.038180 1.61800548961
28.880 0.038180 1.61856593488
28.890 0.038180 1.61912638015
28.900 0.038180 1.61968682542
28.910 0.038180 1.62024727069
28.920 0.038180 1.62080771595
28.930 0.038179 1.62136816122
28.940 0.038179 1.62192860649
28.950 0.038179 1.62248905176
28.960 0.038179 1.62304949703
28.970 0.038179 1.6236099423
28.980 0.038179 1.62417038756
28.990 0.038179 1.62473083283
29.000 0.038179 1.6252912781
29.010 0.038179 1.62585172337
29.020 0.038179 1.62641216864
29.030 0.038179 1.62697261391
29.040 0.038179 1.62753305917
29.050 0.038178 1.62809350444
29.060 0.038178 1.62865394971
29.070 0.038178 1.62921439498
29.080 0.038178 1.62977484025
29.090 0.038178 1.63033528552
29.100 0.038178 1.63089573078
29.110 0.038178 1.63145617605
29.120 0.038178 1.63201662132
29.130 0.038178 1.63257706659
29.140 0.038178 1.63313751186
29.150 0.038178 1.63369795713
29.160 0.038177 1.63425840239
29.170 0.038177 1.63481884766
29.180 0.038177 1.63537929293
29.190 0.038177 1.6359397382
29.200 0.038177 1.63650018347
29.210 0.038177 1.63706062874
29.220 0.038177 1.637621074
29.230 0.038177 1.63818151927
29.240 0.038177 1.63874196454
29.250 0.038177 1.63930240981
29.260 0.038177 1.63986285508
29.270 0.038176 1.64042330035
29.280 0.038176 1.64098374561
29.290 0.038176 1.64154419088
29.300 0.038176 1.64210463615
29.310 0.038176 1.64266508142
29.320 0.038176 1.64322552669
29.330 0.038176 1.64378597196
29.340 0.038176 1.64434641722
29.350 0.038176 1.64490686249
29.360 0.038176 1.64546730776
29.370 0.038176 1.64602775303
29.380 0.038176 1.6465881983
29.390 0.038175 1.64714864357
29.400 0.038175 1.64770908883
29.410 0.038175 1.6482695341
29.420 0.038175 1.64882997937
29.430 0.038175 1.64939042464
29.440 0.038175 1.64995086991
29.450 0.038175 1.65051131518
29.460 0.038175 1.65107176044
29.470 0.038175 1.65163220571
29.480 0.038175 1.65219265098
29.490 0.038175 1.65275309625
29.500 0.038174 1.65331354152
29.510 0.038174 1.65387398679
29.520 0.038174 1.65443443205
29.530 0.038174 1.65499487732
29.540 0.038174 1.65555532259
29.550 0.038174 1.65611576786
29.560 0.038174 1.65667621313
29.570 0.038174 1.6572366584
29.580 0.038174 1.65779710366
29.590 0.038174 1.65835754893
29.600 0.038174 1.6589179942
29.610 0.038174 1.65947843947
29.620 0.038173 1.66003888474
29.630 0.038173 1.66059933
29.640 0.038173 1.66115977527
29.650 0.038173 1.66172022054
29.660 0.038173 1.66228066581
29.670 0.038173 1.66284111108
29.680 0.038173 1.66340155635
29.690 0.038173 1.66396200161
29.700 0.038173 1.66452244688
29.710 0.038173 1.66508289215
29.720 0.038173 1.66564333742
29.730 0.038172 1.66620378269
29.740 0.038172 1.66676422796
29.750 0.038172 1.66732467322
29.760 0.038172 1.66788511849
29.770 0.038172 1.66844556376
29.780 0.038172 1.66900600903
29.790 0.038172 1.6695664543
29.800 0.038172 1.67012689957
29.810 0.038172 1.67068734483
29.820 0.038172 1.6712477901
29.830 0.038172 1.67180823537
29.840 0.038171 1.67236868064
29.850 0.038171 1.67292912591
29.860 0.038171 1.67348957118
29.870 0.038171 1.67405001644
29.880 0.038171 1.67461046171
29.890 0.038171 1.67517090698
29.900 0.038171 1.67573135225
29.910 0.038171 1.67629179752
29.920 0.038171 1.67685224279
29.930 0.038171 1.67741268805
29.940 0.038171 1.67797313332
29.950 0.038171 1.67853357859
29.960 0.038170 1.67909402386
29.970 0.038170 1.67965446913
29.980 0.038170 1.6802149144
29.990 0.038170 1.68077535966
30.000 0.038170 1.68133580493
