0.10000 143.47
0.11000 130.41
0.12000 119.53
0.13000 110.33
0.14000 102.44
0.15000 95.599
0.16000 89.615
0.17000 84.336
0.18000 79.643
0.19000 75.444
0.20000 71.665
0.21000 68.246
0.22000 65.138
0.23000 62.300
0.24000 59.698
0.25000 57.305
0.26000 55.096
0.27000 53.050
0.28000 51.151
0.29000 49.382
0.30000 47.732
0.31000 46.187
0.32000 44.740
0.33000 43.380
0.34000 42.100
0.35000 40.893
0.36000 39.754
0.37000 38.676
0.38000 37.654
0.39000 36.685
0.40000 35.765
0.41000 34.889
0.42000 34.055
0.43000 33.260
0.44000 32.501
0.45000 31.776
0.46000 31.082
0.47000 30.418
0.48000 29.781
0.49000 29.171
0.50000 28.585
0.51000 28.021
0.52000 27.480
0.53000 26.959
0.54000 26.457
0.55000 25.974
0.56000 25.507
0.57000 25.057
0.58000 24.623
0.59000 24.203
0.60000 23.798
0.61000 23.405
0.62000 23.026
0.63000 22.658
0.64000 22.302
0.65000 21.957
0.66000 21.622
0.67000 21.297
0.68000 20.982
0.69000 20.676
0.70000 20.379
0.71000 20.090
0.72000 19.809
0.73000 19.535
0.74000 19.270
0.75000 19.011
0.76000 18.759
0.77000 18.513
0.78000 18.274
0.79000 18.041
0.80000 17.814
0.81000 17.592
0.82000 17.376
0.83000 17.165
0.84000 16.959
0.85000 16.758
0.86000 16.562
0.87000 16.370
0.88000 16.182
0.89000 15.999
0.90000 15.820
0.91000 15.644
0.92000 15.473
0.93000 15.305
0.94000 15.141
0.95000 14.980
0.96000 14.822
0.97000 14.668
0.98000 14.517
0.99000 14.369
1.0000 14.224
1.0100 14.082
1.0200 13.942
1.0300 13.806
1.0400 13.672
1.0500 13.540
1.0600 13.411
1.0700 13.284
1.0800 13.160
1.0900 13.038
1.1000 12.918
1.1100 12.801
1.1200 12.685
1.1300 12.572
1.1400 12.460
1.1500 12.351
1.1600 12.243
1.1700 12.137
1.1800 12.033
1.1900 11.931
1.2000 11.830
1.2100 11.731
1.2200 11.634
1.2300 11.538
1.2400 11.444
1.2500 11.352
1.2600 11.260
1.2700 11.171
1.2800 11.082
1.2900 10.995
1.3000 10.910
1.3100 10.825
1.3200 10.742
1.3300 10.660
1.3400 10.580
1.3500 10.501
1.3600 10.422
1.3700 10.345
1.3800 10.269
1.3900 10.194
1.4000 10.121
1.4100 10.048
1.4200 9.9761
1.4300 9.9053
1.4400 9.8356
1.4500 9.7668
1.4600 9.6990
1.4700 9.6320
1.4800 9.5660
1.4900 9.5009
1.5000 9.4366
1.5100 9.3732
1.5200 9.3106
1.5300 9.2489
1.5400 9.1879
1.5500 9.1278
1.5600 9.0684
1.5700 9.0097
1.5800 8.9518
1.5900 8.8946
1.6000 8.8382
1.6100 8.7824
1.6200 8.7274
1.6300 8.6730
1.6400 8.6192
1.6500 8.5662
1.6600 8.5137
1.6700 8.4619
1.6800 8.4107
1.6900 8.3601
1.7000 8.3101
1.7100 8.2607
1.7200 8.2119
1.7300 8.1636
1.7400 8.1159
1.7500 8.0687
1.7600 8.0221
1.7700 7.9760
1.7800 7.9304
1.7900 7.8853
1.8000 7.8407
1.8100 7.7967
1.8200 7.7531
1.8300 7.7099
1.8400 7.6673
1.8500 7.6251
1.8600 7.5833
1.8700 7.5420
1.8800 7.5012
1.8900 7.4608
1.9000 7.4208
1.9100 7.3812
1.9200 7.3420
1.9300 7.3032
1.9400 7.2649
1.9500 7.2269
1.9600 7.1893
1.9700 7.1521
1.9800 7.1153
1.9900 7.0788
2.0000 7.0428
2.0100 7.0070
2.0200 6.9716
2.0300 6.9366
2.0400 6.9019
2.0500 6.8676
2.0600 6.8336
2.0700 6.7999
2.0800 6.7665
2.0900 6.7335
2.1000 6.7007
2.1100 6.6683
2.1200 6.6362
2.1300 6.6044
2.1400 6.5729
2.1500 6.5417
2.1600 6.5107
2.1700 6.4801
2.1800 6.4497
2.1900 6.4196
2.2000 6.3898
2.2100 6.3603
2.2200 6.3310
2.2300 6.3020
2.2400 6.2732
2.2500 6.2447
2.2600 6.2164
2.2700 6.1884
2.2800 6.1607
2.2900 6.1332
2.3000 6.1059
2.3100 6.0789
2.3200 6.0521
2.3300 6.0255
2.3400 5.9991
2.3500 5.9730
2.3600 5.9471
2.3700 5.9214
2.3800 5.8959
2.3900 5.8707
2.4000 5.8456
2.4100 5.8208
2.4200 5.7962
2.4300 5.7717
2.4400 5.7475
2.4500 5.7235
2.4600 5.6996
2.4700 5.6760
2.4800 5.6525
2.4900 5.6293
2.5000 5.6062
2.5100 5.5833
2.5200 5.5606
2.5300 5.5381
2.5400 5.5157
2.5500 5.4935
2.5600 5.4715
2.5700 5.4497
2.5800 5.4280
2.5900 5.4065
2.6000 5.3852
2.6100 5.3640
2.6200 5.3430
2.6300 5.3221
2.6400 5.3014
2.6500 5.2809
2.6600 5.2605
2.6700 5.2403
2.6800 5.2202
2.6900 5.2003
2.7000 5.1805
2.7100 5.1609
2.7200 5.1414
2.7300 5.1220
2.7400 5.1028
2.7500 5.0837
2.7600 5.0648
2.7700 5.0460
2.7800 5.0274
2.7900 5.0088
2.8000 4.9904
2.8100 4.9722
2.8200 4.9540
2.8300 4.9360
2.8400 4.9182
2.8500 4.9004
2.8600 4.8828
2.8700 4.8653
2.8800 4.8479
2.8900 4.8306
2.9000 4.8135
2.9100 4.7965
2.9200 4.7795
2.9300 4.7627
2.9400 4.7461
2.9500 4.7295
2.9600 4.7130
2.9700 4.6967
2.9800 4.6805
2.9900 4.6643
3.0000 4.6483
3.0100 4.6324
3.0200 4.6166
3.0300 4.6009
3.0400 4.5853
3.0500 4.5698
3.0600 4.5544
3.0700 4.5391
3.0800 4.5239
3.0900 4.5088
3.1000 4.4938
3.1100 4.4789
3.1200 4.4641
3.1300 4.4494
3.1400 4.4347
3.1500 4.4202
3.1600 4.4058
3.1700 4.3914
3.1800 4.3772
3.1900 4.3630
3.2000 4.3489
3.2100 4.3349
3.2200 4.3210
3.2300 4.3072
3.2400 4.2935
3.2500 4.2798
3.2600 4.2663
3.2700 4.2528
3.2800 4.2394
3.2900 4.2261
3.3000 4.2128
3.3100 4.1997
3.3200 4.1866
3.3300 4.1736
3.3400 4.1607
3.3500 4.1478
3.3600 4.1350
3.3700 4.1224
3.3800 4.1097
3.3900 4.0972
3.4000 4.0847
3.4100 4.0723
3.4200 4.0600
3.4300 4.0477
3.4400 4.0356
3.4500 4.0235
3.4600 4.0114
3.4700 3.9994
3.4800 3.9875
3.4900 3.9757
3.5000 3.9639
3.5100 3.9522
3.5200 3.9406
3.5300 3.9290
3.5400 3.9175
3.5500 3.9061
3.5600 3.8947
3.5700 3.8834
3.5800 3.8722
3.5900 3.8610
3.6000 3.8499
3.6100 3.8388
3.6200 3.8278
3.6300 3.8169
3.6400 3.8060
3.6500 3.7952
3.6600 3.7844
3.6700 3.7737
3.6800 3.7630
3.6900 3.7525
3.7000 3.7419
3.7100 3.7315
3.7200 3.7210
3.7300 3.7107
3.7400 3.7004
3.7500 3.6901
3.7600 3.6799
3.7700 3.6698
3.7800 3.6597
3.7900 3.6497
3.8000 3.6397
3.8100 3.6298
3.8200 3.6199
3.8300 3.6101
3.8400 3.6003
3.8500 3.5906
3.8600 3.5809
3.8700 3.5713
3.8800 3.5617
3.8900 3.5522
3.9000 3.5427
3.9100 3.5332
3.9200 3.5239
3.9300 3.5145
3.9400 3.5052
3.9500 3.4960
3.9600 3.4868
3.9700 3.4777
3.9800 3.4686
3.9900 3.4595
4.0000 3.4505
4.0100 3.4415
4.0200 3.4326
4.0300 3.4238
4.0400 3.4149
4.0500 3.4061
4.0600 3.3974
4.0700 3.3887
4.0800 3.3800
4.0900 3.3714
4.1000 3.3628
4.1100 3.3543
4.1200 3.3458
4.1300 3.3374
4.1400 3.3289
4.1500 3.3206
4.1600 3.3122
4.1700 3.3040
4.1800 3.2957
4.1900 3.2875
4.2000 3.2793
4.2100 3.2712
4.2200 3.2631
4.2300 3.2550
4.2400 3.2470
4.2500 3.2390
4.2600 3.2311
4.2700 3.2232
4.2800 3.2153
4.2900 3.2075
4.3000 3.1997
4.3100 3.1919
4.3200 3.1842
4.3300 3.1765
4.3400 3.1689
4.3500 3.1613
4.3600 3.1537
4.3700 3.1461
4.3800 3.1386
4.3900 3.1311
4.4000 3.1237
4.4100 3.1163
4.4200 3.1089
4.4300 3.1015
4.4400 3.0942
4.4500 3.0870
4.4600 3.0797
4.4700 3.0725
4.4800 3.0653
4.4900 3.0582
4.5000 3.0510
4.5100 3.0440
4.5200 3.0369
4.5300 3.0299
4.5400 3.0229
4.5500 3.0159
4.5600 3.0090
4.5700 3.0021
4.5800 2.9952
4.5900 2.9884
4.6000 2.9816
4.6100 2.9748
4.6200 2.9680
4.6300 2.9613
4.6400 2.9546
4.6500 2.9479
4.6600 2.9413
4.6700 2.9347
4.6800 2.9281
4.6900 2.9215
4.7000 2.9150
4.7100 2.9085
4.7200 2.9020
4.7300 2.8956
4.7400 2.8892
4.7500 2.8828
4.7600 2.8764
4.7700 2.8701
4.7800 2.8638
4.7900 2.8575
4.8000 2.8512
4.8100 2.8450
4.8200 2.8388
4.8300 2.8326
4.8400 2.8265
4.8500 2.8203
4.8600 2.8142
4.8700 2.8082
4.8800 2.8021
4.8900 2.7961
4.9000 2.7901
4.9100 2.7841
4.9200 2.7781
4.9300 2.7722
4.9400 2.7663
4.9500 2.7604
4.9600 2.7546
4.9700 2.7487
4.9800 2.7429
4.9900 2.7371
5.0000 2.7313
5.1000 2.6749
5.1100 2.6694
5.1200 2.6639
5.1300 2.6584
5.1400 2.6529
5.1500 2.6475
5.1600 2.6421
5.1700 2.6367
5.1800 2.6313
5.1900 2.6260
5.2000 2.6206
5.2100 2.6153
5.2200 2.6100
5.2300 2.6048
5.2400 2.5995
5.2500 2.5943
5.2600 2.5891
5.2700 2.5839
5.2800 2.5787
5.2900 2.5736
5.3000 2.5684
5.3100 2.5633
5.3200 2.5582
5.3300 2.5531
5.3400 2.5481
5.3500 2.5430
5.3600 2.5380
5.3700 2.5330
5.3800 2.5280
5.3900 2.5231
5.4000 2.5181
5.4100 2.5132
5.4200 2.5083
5.4300 2.5034
5.4400 2.4985
5.4500 2.4937
5.4600 2.4888
5.4700 2.4840
5.4800 2.4792
5.4900 2.4744
5.5000 2.4697
5.5100 2.4649
5.5200 2.4602
5.5300 2.4555
5.5400 2.4508
5.5500 2.4461
5.5600 2.4414
5.5700 2.4368
5.5800 2.4321
5.5900 2.4275
5.6000 2.4229
5.6100 2.4183
5.6200 2.4138
5.6300 2.4092
5.6400 2.4047
5.6500 2.4002
5.6600 2.3957
5.6700 2.3912
5.6800 2.3867
5.6900 2.3822
5.7000 2.3778
5.7100 2.3734
5.7200 2.3690
5.7300 2.3646
5.7400 2.3602
5.7500 2.3558
5.7600 2.3515
5.7700 2.3472
5.7800 2.3428
5.7900 2.3385
5.8000 2.3342
5.8100 2.3300
5.8200 2.3257
5.8300 2.3215
5.8400 2.3172
5.8500 2.3130
5.8600 2.3088
5.8700 2.3046
5.8800 2.3005
5.8900 2.2963
5.9000 2.2922
5.9100 2.2880
5.9200 2.2839
5.9300 2.2798
5.9400 2.2757
5.9500 2.2716
5.9600 2.2676
5.9700 2.2635
5.9800 2.2595
5.9900 2.2555
6.0000 2.2515
6.0100 2.2475
6.0200 2.2435
6.0300 2.2395
6.0400 2.2356
6.0500 2.2316
6.0600 2.2277
6.0700 2.2238
6.0800 2.2199
6.0900 2.2160
6.1000 2.2121
6.1100 2.2082
6.1200 2.2044
6.1300 2.2006
6.1400 2.1967
6.1500 2.1929
6.1600 2.1891
6.1700 2.1853
6.1800 2.1815
6.1900 2.1778
6.2000 2.1740
6.2100 2.1703
6.2200 2.1665
6.2300 2.1628
6.2400 2.1591
6.2500 2.1554
6.2600 2.1517
6.2700 2.1481
6.2800 2.1444
6.2900 2.1408
6.3000 2.1371
6.3100 2.1335
6.3200 2.1299
6.3300 2.1263
6.3400 2.1227
6.3500 2.1191
6.3600 2.1156
6.3700 2.1120
6.3800 2.1084
6.3900 2.1049
6.4000 2.1014
6.4100 2.0979
6.4200 2.0944
6.4300 2.0909
6.4400 2.0874
6.4500 2.0839
6.4600 2.0805
6.4700 2.0770
6.4800 2.0736
6.4900 2.0702
6.5000 2.0667
6.5100 2.0633
6.5200 2.0599
6.5300 2.0566
6.5400 2.0532
6.5500 2.0498
6.5600 2.0465
6.5700 2.0431
6.5800 2.0398
6.5900 2.0365
6.6000 2.0331
6.6100 2.0298
6.6200 2.0266
6.6300 2.0233
6.6400 2.0200
6.6500 2.0167
6.6600 2.0135
6.6700 2.0102
6.6800 2.0070
6.6900 2.0038
6.7000 2.0005
6.7100 1.9973
6.7200 1.9941
6.7300 1.9910
6.7400 1.9878
6.7500 1.9846
6.7600 1.9815
6.7700 1.9783
6.7800 1.9752
6.7900 1.9720
6.8000 1.9689
6.8100 1.9658
6.8200 1.9627
6.8300 1.9596
6.8400 1.9565
6.8500 1.9534
6.8600 1.9504
6.8700 1.9473
6.8800 1.9442
6.8900 1.9412
6.9000 1.9382
6.9100 1.9351
6.9200 1.9321
6.9300 1.9291
6.9400 1.9261
6.9500 1.9231
6.9600 1.9202
6.9700 1.9172
6.9800 1.9142
6.9900 1.9113
7.0000 1.9083
7.0100 1.9054
7.0200 1.9024
7.0300 1.8995
7.0400 1.8966
7.0500 1.8937
7.0600 1.8908
7.0700 1.8879
7.0800 1.8850
7.0900 1.8822
7.1000 1.8793
7.1100 1.8764
7.1200 1.8736
7.1300 1.8707
7.1400 1.8679
7.1500 1.8651
7.1600 1.8623
7.1700 1.8595
7.1800 1.8567
7.1900 1.8539
7.2000 1.8511
7.2100 1.8483
7.2200 1.8455
7.2300 1.8428
7.2400 1.8400
7.2500 1.8373
7.2600 1.8345
7.2700 1.8318
7.2800 1.8291
7.2900 1.8263
7.3000 1.8236
7.3100 1.8209
7.3200 1.8182
7.3300 1.8155
7.3400 1.8129
7.3500 1.8102
7.3600 1.8075
7.3700 1.8049
7.3800 1.8022
7.3900 1.7996
7.4000 1.7969
7.4100 1.7943
7.4200 1.7917
7.4300 1.7890
7.4400 1.7864
7.4500 1.7838
7.4600 1.7812
7.4700 1.7786
7.4800 1.7761
7.4900 1.7735
7.5000 1.7709
7.5100 1.7683
7.5200 1.7658
7.5300 1.7632
7.5400 1.7607
7.5500 1.7582
7.5600 1.7556
7.5700 1.7531
7.5800 1.7506
7.5900 1.7481
7.6000 1.7456
7.6100 1.7431
7.6200 1.7406
7.6300 1.7381
7.6400 1.7356
7.6500 1.7332
7.6600 1.7307
7.6700 1.7283
7.6800 1.7258
7.6900 1.7234
7.7000 1.7209
7.7100 1.7185
7.7200 1.7161
7.7300 1.7136
7.7400 1.7112
7.7500 1.7088
7.7600 1.7064
7.7700 1.7040
7.7800 1.7016
7.7900 1.6993
7.8000 1.6969
7.8100 1.6945
7.8200 1.6921
7.8300 1.6898
7.8400 1.6874
7.8500 1.6851
7.8600 1.6827
7.8700 1.6804
7.8800 1.6781
7.8900 1.6758
7.9000 1.6734
7.9100 1.6711
7.9200 1.6688
7.9300 1.6665
7.9400 1.6642
7.9500 1.6619
7.9600 1.6597
7.9700 1.6574
7.9800 1.6551
7.9900 1.6528
8.0000 1.6506
8.0100 1.6483
8.0200 1.6461
8.0300 1.6438
8.0400 1.6416
8.0500 1.6394
8.0600 1.6371
8.0700 1.6349
8.0800 1.6327
8.0900 1.6305
8.1000 1.6283
8.1100 1.6261
8.1200 1.6239
8.1300 1.6217
8.1400 1.6195
8.1500 1.6174
8.1600 1.6152
8.1700 1.6130
8.1800 1.6109
8.1900 1.6087
8.2000 1.6065
8.2100 1.6044
8.2200 1.6023
8.2300 1.6001
8.2400 1.5980
8.2500 1.5959
8.2600 1.5937
8.2700 1.5916
8.2800 1.5895
8.2900 1.5874
8.3000 1.5853
8.3100 1.5832
8.3200 1.5811
8.3300 1.5790
8.3400 1.5770
8.3500 1.5749
8.3600 1.5728
8.3700 1.5707
8.3800 1.5687
8.3900 1.5666
8.4000 1.5646
8.4100 1.5625
8.4200 1.5605
8.4300 1.5585
8.4400 1.5564
8.4500 1.5544
8.4600 1.5524
8.4700 1.5504
8.4800 1.5483
8.4900 1.5463
8.5000 1.5443
8.5100 1.5423
8.5200 1.5403
8.5300 1.5384
8.5400 1.5364
8.5500 1.5344
8.5600 1.5324
8.5700 1.5304
8.5800 1.5285
8.5900 1.5265
8.6000 1.5246
8.6100 1.5226
8.6200 1.5207
8.6300 1.5187
8.6400 1.5168
8.6500 1.5148
8.6600 1.5129
8.6700 1.5110
8.6800 1.5091
8.6900 1.5071
8.7000 1.5052
8.7100 1.5033
8.7200 1.5014
8.7300 1.4995
8.7400 1.4976
8.7500 1.4957
8.7600 1.4938
8.7700 1.4920
8.7800 1.4901
8.7900 1.4882
8.8000 1.4863
8.8100 1.4845
8.8200 1.4826
8.8300 1.4807
8.8400 1.4789
8.8500 1.4770
8.8600 1.4752
8.8700 1.4734
8.8800 1.4715
8.8900 1.4697
8.9000 1.4679
8.9100 1.4660
8.9200 1.4642
8.9300 1.4624
8.9400 1.4606
8.9500 1.4588
8.9600 1.4570
8.9700 1.4552
8.9800 1.4534
8.9900 1.4516
9.0000 1.4498
9.0100 1.4480
9.0200 1.4462
9.0300 1.4445
9.0400 1.4427
9.0500 1.4409
9.0600 1.4391
9.0700 1.4374
9.0800 1.4356
9.0900 1.4339
9.1000 1.4321
9.1100 1.4304
9.1200 1.4286
9.1300 1.4269
9.1400 1.4252
9.1500 1.4234
9.1600 1.4217
9.1700 1.4200
9.1800 1.4183
9.1900 1.4165
9.2000 1.4148
9.2100 1.4131
9.2200 1.4114
9.2300 1.4097
9.2400 1.4080
9.2500 1.4063
9.2600 1.4046
9.2700 1.4030
9.2800 1.4013
9.2900 1.3996
9.3000 1.3979
9.3100 1.3962
9.3200 1.3946
9.3300 1.3929
9.3400 1.3912
9.3500 1.3896
9.3600 1.3879
9.3700 1.3863
9.3800 1.3846
9.3900 1.3830
9.4000 1.3813
9.4100 1.3797
9.4200 1.3781
9.4300 1.3764
9.4400 1.3748
9.4500 1.3732
9.4600 1.3716
9.4700 1.3700
9.4800 1.3683
9.4900 1.3667
9.5000 1.3651
9.5100 1.3635
9.5200 1.3619
9.5300 1.3603
9.5400 1.3587
9.5500 1.3571
9.5600 1.3556
9.5700 1.3540
9.5800 1.3524
9.5900 1.3508
9.6000 1.3492
9.6100 1.3477
9.6200 1.3461
9.6300 1.3445
9.6400 1.3430
9.6500 1.3414
9.6600 1.3399
9.6700 1.3383
9.6800 1.3368
9.6900 1.3352
9.7000 1.3337
9.7100 1.3321
9.7200 1.3306
9.7300 1.3291
9.7400 1.3275
9.7500 1.3260
9.7600 1.3245
9.7700 1.3230
9.7800 1.3215
9.7900 1.3199
9.8000 1.3184
9.8100 1.3169
9.8200 1.3154
9.8300 1.3139
9.8400 1.3124
9.8500 1.3109
9.8600 1.3094
9.8700 1.3079
9.8800 1.3065
9.8900 1.3050
9.9000 1.3035
9.9100 1.3020
9.9200 1.3005
9.9300 1.2991
9.9400 1.2976
9.9500 1.2961
9.9600 1.2947
9.9700 1.2932
9.9800 1.2917
9.9900 1.2903
10.000 1.2888
10.100 1.2745
10.110 1.2731
10.120 1.2716
10.130 1.2702
10.140 1.2688
10.150 1.2674
10.160 1.2660
10.170 1.2646
10.180 1.2632
10.190 1.2618
10.200 1.2604
10.210 1.2590
10.220 1.2576
10.230 1.2562
10.240 1.2548
10.250 1.2535
10.260 1.2521
10.270 1.2507
10.280 1.2493
10.290 1.2480
10.300 1.2466
10.310 1.2452
10.320 1.2439
10.330 1.2425
10.340 1.2411
10.350 1.2398
10.360 1.2384
10.370 1.2371
10.380 1.2357
10.390 1.2344
10.400 1.2330
10.410 1.2317
10.420 1.2304
10.430 1.2290
10.440 1.2277
10.450 1.2264
10.460 1.2250
10.470 1.2237
10.480 1.2224
10.490 1.2211
10.500 1.2197
10.510 1.2184
10.520 1.2171
10.530 1.2158
10.540 1.2145
10.550 1.2132
10.560 1.2119
10.570 1.2106
10.580 1.2093
10.590 1.2080
10.600 1.2067
10.610 1.2054
10.620 1.2041
10.630 1.2028
10.640 1.2015
10.650 1.2003
10.660 1.1990
10.670 1.1977
10.680 1.1964
10.690 1.1951
10.700 1.1939
10.710 1.1926
10.720 1.1913
10.730 1.1901
10.740 1.1888
10.750 1.1876
10.760 1.1863
10.770 1.1851
10.780 1.1838
10.790 1.1826
10.800 1.1813
10.810 1.1801
10.820 1.1788
10.830 1.1776
10.840 1.1763
10.850 1.1751
10.860 1.1739
10.870 1.1726
10.880 1.1714
10.890 1.1702
10.900 1.1690
10.910 1.1677
10.920 1.1665
10.930 1.1653
10.940 1.1641
10.950 1.1629
10.960 1.1617
10.970 1.1604
10.980 1.1592
10.990 1.1580
11.000 1.1568
11.010 1.1556
11.020 1.1544
11.030 1.1532
11.040 1.1520
11.050 1.1508
11.060 1.1497
11.070 1.1485
11.080 1.1473
11.090 1.1461
11.100 1.1449
11.110 1.1437
11.120 1.1426
11.130 1.1414
11.140 1.1402
11.150 1.1390
11.160 1.1379
11.170 1.1367
11.180 1.1355
11.190 1.1344
11.200 1.1332
11.210 1.1321
11.220 1.1309
11.230 1.1297
11.240 1.1286
11.250 1.1274
11.260 1.1263
11.270 1.1251
11.280 1.1240
11.290 1.1229
11.300 1.1217
11.310 1.1206
11.320 1.1194
11.330 1.1183
11.340 1.1172
11.350 1.1160
11.360 1.1149
11.370 1.1138
11.380 1.1127
11.390 1.1115
11.400 1.1104
11.410 1.1093
11.420 1.1082
11.430 1.1071
11.440 1.1060
11.450 1.1048
11.460 1.1037
11.470 1.1026
11.480 1.1015
11.490 1.1004
11.500 1.0993
11.510 1.0982
11.520 1.0971
11.530 1.0960
11.540 1.0949
11.550 1.0938
11.560 1.0927
11.570 1.0917
11.580 1.0906
11.590 1.0895
11.600 1.0884
11.610 1.0873
11.620 1.0862
11.630 1.0852
11.640 1.0841
11.650 1.0830
11.660 1.0819
11.670 1.0809
11.680 1.0798
11.690 1.0787
11.700 1.0777
11.710 1.0766
11.720 1.0755
11.730 1.0745
11.740 1.0734
11.750 1.0724
11.760 1.0713
11.770 1.0703
11.780 1.0692
11.790 1.0682
11.800 1.0671
11.810 1.0661
11.820 1.0650
11.830 1.0640
11.840 1.0629
11.850 1.0619
11.860 1.0609
11.870 1.0598
11.880 1.0588
11.890 1.0578
11.900 1.0567
11.910 1.0557
11.920 1.0547
11.930 1.0536
11.940 1.0526
11.950 1.0516
11.960 1.0506
11.970 1.0496
11.980 1.0485
11.990 1.0475
12.000 1.0465
12.010 1.0455
12.020 1.0445
12.030 1.0435
12.040 1.0425
12.050 1.0415
12.060 1.0405
12.070 1.0395
12.080 1.0385
12.090 1.0375
12.100 1.0365
12.110 1.0355
12.120 1.0345
12.130 1.0335
12.140 1.0325
12.150 1.0315
12.160 1.0305
12.170 1.0295
12.180 1.0285
12.190 1.0276
12.200 1.0266
12.210 1.0256
12.220 1.0246
12.230 1.0236
12.240 1.0227
12.250 1.0217
12.260 1.0207
12.270 1.0198
12.280 1.0188
12.290 1.0178
12.300 1.0169
12.310 1.0159
12.320 1.0149
12.330 1.0140
12.340 1.0130
12.350 1.0120
12.360 1.0111
12.370 1.0101
12.380 1.0092
12.390 1.0082
12.400 1.0073
12.410 1.0063
12.420 1.0054
12.430 1.0044
12.440 1.0035
12.450 1.0025
12.460 1.0016
12.470 1.0007
12.480 0.99973
12.490 0.99879
12.500 0.99785
12.510 0.99692
12.520 0.99599
12.530 0.99506
12.540 0.99413
12.550 0.99320
12.560 0.99227
12.570 0.99134
12.580 0.99042
12.590 0.98950
12.600 0.98858
12.610 0.98766
12.620 0.98674
12.630 0.98582
12.640 0.98491
12.650 0.98399
12.660 0.98308
12.670 0.98217
12.680 0.98126
12.690 0.98035
12.700 0.97944
12.710 0.97854
12.720 0.97763
12.730 0.97673
12.740 0.97583
12.750 0.97493
12.760 0.97403
12.770 0.97313
12.780 0.97223
12.790 0.97134
12.800 0.97045
12.810 0.96955
12.820 0.96866
12.830 0.96777
12.840 0.96689
12.850 0.96600
12.860 0.96511
12.870 0.96423
12.880 0.96335
12.890 0.96247
12.900 0.96159
12.910 0.96071
12.920 0.95983
12.930 0.95895
12.940 0.95808
12.950 0.95721
12.960 0.95633
12.970 0.95546
12.980 0.95459
12.990 0.95373
13.000 0.95286
13.010 0.95199
13.020 0.95113
13.030 0.95027
13.040 0.94941
13.050 0.94854
13.060 0.94769
13.070 0.94683
13.080 0.94597
13.090 0.94512
13.100 0.94426
13.110 0.94341
13.120 0.94256
13.130 0.94171
13.140 0.94086
13.150 0.94001
13.160 0.93917
13.170 0.93832
13.180 0.93748
13.190 0.93663
13.200 0.93579
13.210 0.93495
13.220 0.93411
13.230 0.93328
13.240 0.93244
13.250 0.93160
13.260 0.93077
13.270 0.92994
13.280 0.92911
13.290 0.92828
13.300 0.92745
13.310 0.92662
13.320 0.92579
13.330 0.92497
13.340 0.92414
13.350 0.92332
13.360 0.92250
13.370 0.92168
13.380 0.92086
13.390 0.92004
13.400 0.91922
13.410 0.91841
13.420 0.91759
13.430 0.91678
13.440 0.91597
13.450 0.91516
13.460 0.91435
13.470 0.91354
13.480 0.91273
13.490 0.91192
13.500 0.91112
13.510 0.91031
13.520 0.90951
13.530 0.90871
13.540 0.90791
13.550 0.90711
13.560 0.90631
13.570 0.90551
13.580 0.90472
13.590 0.90392
13.600 0.90313
13.610 0.90233
13.620 0.90154
13.630 0.90075
13.640 0.89996
13.650 0.89917
13.660 0.89839
13.670 0.89760
13.680 0.89682
13.690 0.89603
13.700 0.89525
13.710 0.89447
13.720 0.89369
13.730 0.89291
13.740 0.89213
13.750 0.89135
13.760 0.89058
13.770 0.88980
13.780 0.88903
13.790 0.88826
13.800 0.88748
13.810 0.88671
13.820 0.88594
13.830 0.88518
13.840 0.88441
13.850 0.88364
13.860 0.88288
13.870 0.88211
13.880 0.88135
13.890 0.88059
13.900 0.87983
13.910 0.87907
13.920 0.87831
13.930 0.87755
13.940 0.87679
13.950 0.87604
13.960 0.87528
13.970 0.87453
13.980 0.87378
13.990 0.87303
14.000 0.87228
14.010 0.87153
14.020 0.87078
14.030 0.87003
14.040 0.86928
14.050 0.86854
14.060 0.86779
14.070 0.86705
14.080 0.86631
14.090 0.86557
14.100 0.86483
14.110 0.86409
14.120 0.86335
14.130 0.86261
14.140 0.86188
14.150 0.86114
14.160 0.86041
14.170 0.85968
14.180 0.85894
14.190 0.85821
14.200 0.85748
14.210 0.85675
14.220 0.85602
14.230 0.85530
14.240 0.85457
14.250 0.85385
14.260 0.85312
14.270 0.85240
14.280 0.85168
14.290 0.85096
14.300 0.85024
14.310 0.84952
14.320 0.84880
14.330 0.84808
14.340 0.84736
14.350 0.84665
14.360 0.84593
14.370 0.84522
14.380 0.84451
14.390 0.84380
14.400 0.84309
14.410 0.84238
14.420 0.84167
14.430 0.84096
14.440 0.84025
14.450 0.83955
14.460 0.83884
14.470 0.83814
14.480 0.83744
14.490 0.83673
14.500 0.83603
14.510 0.83533
14.520 0.83463
14.530 0.83393
14.540 0.83324
14.550 0.83254
14.560 0.83184
14.570 0.83115
14.580 0.83046
14.590 0.82976
14.600 0.82907
14.610 0.82838
14.620 0.82769
14.630 0.82700
14.640 0.82631
14.650 0.82563
14.660 0.82494
14.670 0.82425
14.680 0.82357
14.690 0.82288
14.700 0.82220
14.710 0.82152
14.720 0.82084
14.730 0.82016
14.740 0.81948
14.750 0.81880
14.760 0.81812
14.770 0.81745
14.780 0.81677
14.790 0.81610
14.800 0.81542
14.810 0.81475
14.820 0.81408
14.830 0.81341
14.840 0.81273
14.850 0.81206
14.860 0.81140
14.870 0.81073
14.880 0.81006
14.890 0.80939
14.900 0.80873
14.910 0.80806
14.920 0.80740
14.930 0.80674
14.940 0.80608
14.950 0.80542
14.960 0.80476
14.970 0.80410
14.980 0.80344
14.990 0.80278
15.000 0.80212
15.100 0.79560
15.110 0.79495
15.120 0.79431
15.130 0.79366
15.140 0.79301
15.150 0.79237
15.160 0.79173
15.170 0.79108
15.180 0.79044
15.190 0.78980
15.200 0.78916
15.210 0.78852
15.220 0.78788
15.230 0.78724
15.240 0.78661
15.250 0.78597
15.260 0.78534
15.270 0.78470
15.280 0.78407
15.290 0.78343
15.300 0.78280
15.310 0.78217
15.320 0.78154
15.330 0.78091
15.340 0.78028
15.350 0.77965
15.360 0.77902
15.370 0.77840
15.380 0.77777
15.390 0.77715
15.400 0.77652
15.410 0.77590
15.420 0.77527
15.430 0.77465
15.440 0.77403
15.450 0.77341
15.460 0.77279
15.470 0.77217
15.480 0.77155
15.490 0.77094
15.500 0.77032
15.510 0.76970
15.520 0.76909
15.530 0.76847
15.540 0.76786
15.550 0.76725
15.560 0.76663
15.570 0.76602
15.580 0.76541
15.590 0.76480
15.600 0.76419
15.610 0.76358
15.620 0.76298
15.630 0.76237
15.640 0.76176
15.650 0.76116
15.660 0.76055
15.670 0.75995
15.680 0.75935
15.690 0.75874
15.700 0.75814
15.710 0.75754
15.720 0.75694
15.730 0.75634
15.740 0.75574
15.750 0.75514
15.760 0.75454
15.770 0.75395
15.780 0.75335
15.790 0.75276
15.800 0.75216
15.810 0.75157
15.820 0.75097
15.830 0.75038
15.840 0.74979
15.850 0.74920
15.860 0.74861
15.870 0.74802
15.880 0.74743
15.890 0.74684
15.900 0.74626
15.910 0.74567
15.920 0.74508
15.930 0.74450
15.940 0.74391
15.950 0.74333
15.960 0.74274
15.970 0.74216
15.980 0.74158
15.990 0.74100
16.000 0.74042
16.010 0.73984
16.020 0.73926
16.030 0.73868
16.040 0.73810
16.050 0.73753
16.060 0.73695
16.070 0.73637
16.080 0.73580
16.090 0.73522
16.100 0.73465
16.110 0.73408
16.120 0.73351
16.130 0.73293
16.140 0.73236
16.150 0.73179
16.160 0.73122
16.170 0.73065
16.180 0.73009
16.190 0.72952
16.200 0.72895
16.210 0.72838
16.220 0.72782
16.230 0.72725
16.240 0.72669
16.250 0.72613
16.260 0.72556
16.270 0.72500
16.280 0.72444
16.290 0.72388
16.300 0.72332
16.310 0.72276
16.320 0.72220
16.330 0.72164
16.340 0.72108
16.350 0.72053
16.360 0.71997
16.370 0.71941
16.380 0.71886
16.390 0.71830
16.400 0.71775
16.410 0.71720
16.420 0.71664
16.430 0.71609
16.440 0.71554
16.450 0.71499
16.460 0.71444
16.470 0.71389
16.480 0.71334
16.490 0.71279
16.500 0.71225
16.510 0.71170
16.520 0.71115
16.530 0.71061
16.540 0.71006
16.550 0.70952
16.560 0.70897
16.570 0.70843
16.580 0.70789
16.590 0.70734
16.600 0.70680
16.610 0.70626
16.620 0.70572
16.630 0.70518
16.640 0.70464
16.650 0.70411
16.660 0.70357
16.670 0.70303
16.680 0.70249
16.690 0.70196
16.700 0.70142
16.710 0.70089
16.720 0.70035
16.730 0.69982
16.740 0.69929
16.750 0.69876
16.760 0.69822
16.770 0.69769
16.780 0.69716
16.790 0.69663
16.800 0.69610
16.810 0.69558
16.820 0.69505
16.830 0.69452
16.840 0.69399
16.850 0.69347
16.860 0.69294
16.870 0.69242
16.880 0.69189
16.890 0.69137
16.900 0.69084
16.910 0.69032
16.920 0.68980
16.930 0.68928
16.940 0.68876
16.950 0.68824
16.960 0.68772
16.970 0.68720
16.980 0.68668
16.990 0.68616
17.000 0.68564
17.010 0.68512
17.020 0.68461
17.030 0.68409
17.040 0.68358
17.050 0.68306
17.060 0.68255
17.070 0.68203
17.080 0.68152
17.090 0.68101
17.100 0.68050
17.110 0.67999
17.120 0.67947
17.130 0.67896
17.140 0.67846
17.150 0.67795
17.160 0.67744
17.170 0.67693
17.180 0.67642
17.190 0.67591
17.200 0.67541
17.210 0.67490
17.220 0.67440
17.230 0.67389
17.240 0.67339
17.250 0.67289
17.260 0.67238
17.270 0.67188
17.280 0.67138
17.290 0.67088
17.300 0.67038
17.310 0.66987
17.320 0.66938
17.330 0.66888
17.340 0.66838
17.350 0.66788
17.360 0.66738
17.370 0.66688
17.380 0.66639
17.390 0.66589
17.400 0.66540
17.410 0.66490
17.420 0.66441
17.430 0.66391
17.440 0.66342
17.450 0.66293
17.460 0.66243
17.470 0.66194
17.480 0.66145
17.490 0.66096
17.500 0.66047
17.510 0.65998
17.520 0.65949
17.530 0.65900
17.540 0.65851
17.550 0.65803
17.560 0.65754
17.570 0.65705
17.580 0.65657
17.590 0.65608
17.600 0.65560
17.610 0.65511
17.620 0.65463
17.630 0.65414
17.640 0.65366
17.650 0.65318
17.660 0.65270
17.670 0.65221
17.680 0.65173
17.690 0.65125
17.700 0.65077
17.710 0.65029
17.720 0.64982
17.730 0.64934
17.740 0.64886
17.750 0.64838
17.760 0.64790
17.770 0.64743
17.780 0.64695
17.790 0.64648
17.800 0.64600
17.810 0.64553
17.820 0.64505
17.830 0.64458
17.840 0.64411
17.850 0.64363
17.860 0.64316
17.870 0.64269
17.880 0.64222
17.890 0.64175
17.900 0.64128
17.910 0.64081
17.920 0.64034
17.930 0.63987
17.940 0.63940
17.950 0.63894
17.960 0.63847
17.970 0.63800
17.980 0.63754
17.990 0.63707
18.000 0.63661
18.010 0.63614
18.020 0.63568
18.030 0.63521
18.040 0.63475
18.050 0.63429
18.060 0.63382
18.070 0.63336
18.080 0.63290
18.090 0.63244
18.100 0.63198
18.110 0.63152
18.120 0.63106
18.130 0.63060
18.140 0.63014
18.150 0.62968
18.160 0.62923
18.170 0.62877
18.180 0.62831
18.190 0.62786
18.200 0.62740
18.210 0.62694
18.220 0.62649
18.230 0.62604
18.240 0.62558
18.250 0.62513
18.260 0.62467
18.270 0.62422
18.280 0.62377
18.290 0.62332
18.300 0.62287
18.310 0.62242
18.320 0.62197
18.330 0.62152
18.340 0.62107
18.350 0.62062
18.360 0.62017
18.370 0.61972
18.380 0.61927
18.390 0.61883
18.400 0.61838
18.410 0.61793
18.420 0.61749
18.430 0.61704
18.440 0.61660
18.450 0.61615
18.460 0.61571
18.470 0.61526
18.480 0.61482
18.490 0.61438
18.500 0.61394
18.510 0.61349
18.520 0.61305
18.530 0.61261
18.540 0.61217
18.550 0.61173
18.560 0.61129
18.570 0.61085
18.580 0.61041
18.590 0.60998
18.600 0.60954
18.610 0.60910
18.620 0.60866
18.630 0.60823
18.640 0.60779
18.650 0.60735
18.660 0.60692
18.670 0.60648
18.680 0.60605
18.690 0.60561
18.700 0.60518
18.710 0.60475
18.720 0.60432
18.730 0.60388
18.740 0.60345
18.750 0.60302
18.760 0.60259
18.770 0.60216
18.780 0.60173
18.790 0.60130
18.800 0.60087
18.810 0.60044
18.820 0.60001
18.830 0.59958
18.840 0.59915
18.850 0.59873
18.860 0.59830
18.870 0.59787
18.880 0.59745
18.890 0.59702
18.900 0.59660
18.910 0.59617
18.920 0.59575
18.930 0.59532
18.940 0.59490
18.950 0.59447
18.960 0.59405
18.970 0.59363
18.980 0.59321
18.990 0.59279
19.000 0.59236
19.010 0.59194
19.020 0.59152
19.030 0.59110
19.040 0.59068
19.050 0.59026
19.060 0.58984
19.070 0.58943
19.080 0.58901
19.090 0.58859
19.100 0.58817
19.110 0.58776
19.120 0.58734
19.130 0.58692
19.140 0.58651
19.150 0.58609
19.160 0.58568
19.170 0.58526
19.180 0.58485
19.190 0.58444
19.200 0.58402
19.210 0.58361
19.220 0.58320
19.230 0.58278
19.240 0.58237
19.250 0.58196
19.260 0.58155
19.270 0.58114
19.280 0.58073
19.290 0.58032
19.300 0.57991
19.310 0.57950
19.320 0.57909
19.330 0.57868
19.340 0.57827
19.350 0.57787
19.360 0.57746
19.370 0.57705
19.380 0.57665
19.390 0.57624
19.400 0.57583
19.410 0.57543
19.420 0.57502
19.430 0.57462
19.440 0.57422
19.450 0.57381
19.460 0.57341
19.470 0.57301
19.480 0.57260
19.490 0.57220
19.500 0.57180
19.510 0.57140
19.520 0.57100
19.530 0.57059
19.540 0.57019
19.550 0.56979
19.560 0.56939
19.570 0.56899
19.580 0.56860
19.590 0.56820
19.600 0.56780
19.610 0.56740
19.620 0.56700
19.630 0.56661
19.640 0.56621
19.650 0.56581
19.660 0.56542
19.670 0.56502
19.680 0.56462
19.690 0.56423
19.700 0.56383
19.710 0.56344
19.720 0.56305
19.730 0.56265
19.740 0.56226
19.750 0.56187
19.760 0.56147
19.770 0.56108
19.780 0.56069
19.790 0.56030
19.800 0.55991
19.810 0.55952
19.820 0.55913
19.830 0.55874
19.840 0.55835
19.850 0.55796
19.860 0.55757
19.870 0.55718
19.880 0.55679
19.890 0.55640
19.900 0.55601
19.910 0.55563
19.920 0.55524
19.930 0.55485
19.940 0.55447
19.950 0.55408
19.960 0.55370
19.970 0.55331
19.980 0.55293
19.990 0.55254
20.000 0.55216
20.100 0.54833
20.110 0.54795
20.120 0.54757
20.130 0.54719
20.140 0.54681
20.150 0.54643
20.160 0.54605
20.170 0.54568
20.180 0.54530
20.190 0.54492
20.200 0.54454
20.210 0.54416
20.220 0.54379
20.230 0.54341
20.240 0.54303
20.250 0.54266
20.260 0.54228
20.270 0.54191
20.280 0.54153
20.290 0.54116
20.300 0.54078
20.310 0.54041
20.320 0.54004
20.330 0.53966
20.340 0.53929
20.350 0.53892
20.360 0.53854
20.370 0.53817
20.380 0.53780
20.390 0.53743
20.400 0.53706
20.410 0.53669
20.420 0.53632
20.430 0.53595
20.440 0.53558
20.450 0.53521
20.460 0.53484
20.470 0.53447
20.480 0.53410
20.490 0.53373
20.500 0.53336
20.510 0.53300
20.520 0.53263
20.530 0.53226
20.540 0.53190
20.550 0.53153
20.560 0.53116
20.570 0.53080
20.580 0.53043
20.590 0.53007
20.600 0.52970
20.610 0.52934
20.620 0.52897
20.630 0.52861
20.640 0.52825
20.650 0.52788
20.660 0.52752
20.670 0.52716
20.680 0.52679
20.690 0.52643
20.700 0.52607
20.710 0.52571
20.720 0.52535
20.730 0.52499
20.740 0.52463
20.750 0.52427
20.760 0.52391
20.770 0.52355
20.780 0.52319
20.790 0.52283
20.800 0.52247
20.810 0.52211
20.820 0.52175
20.830 0.52139
20.840 0.52104
20.850 0.52068
20.860 0.52032
20.870 0.51997
20.880 0.51961
20.890 0.51925
20.900 0.51890
20.910 0.51854
20.920 0.51819
20.930 0.51783
20.940 0.51748
20.950 0.51712
20.960 0.51677
20.970 0.51641
20.980 0.51606
20.990 0.51571
21.000 0.51535
21.010 0.51500
21.020 0.51465
21.030 0.51430
21.040 0.51394
21.050 0.51359
21.060 0.51324
21.070 0.51289
21.080 0.51254
21.090 0.51219
21.100 0.51184
21.110 0.51149
21.120 0.51114
21.130 0.51079
21.140 0.51044
21.150 0.51009
21.160 0.50975
21.170 0.50940
21.180 0.50905
21.190 0.50870
21.200 0.50835
21.210 0.50801
21.220 0.50766
21.230 0.50731
21.240 0.50697
21.250 0.50662
21.260 0.50628
21.270 0.50593
21.280 0.50559
21.290 0.50524
21.300 0.50490
21.310 0.50455
21.320 0.50421
21.330 0.50386
21.340 0.50352
21.350 0.50318
21.360 0.50284
21.370 0.50249
21.380 0.50215
21.390 0.50181
21.400 0.50147
21.410 0.50112
21.420 0.50078
21.430 0.50044
21.440 0.50010
21.450 0.49976
21.460 0.49942
21.470 0.49908
21.480 0.49874
21.490 0.49840
21.500 0.49806
21.510 0.49772
21.520 0.49739
21.530 0.49705
21.540 0.49671
21.550 0.49637
21.560 0.49603
21.570 0.49570
21.580 0.49536
21.590 0.49502
21.600 0.49469
21.610 0.49435
21.620 0.49401
21.630 0.49368
21.640 0.49334
21.650 0.49301
21.660 0.49267
21.670 0.49234
21.680 0.49200
21.690 0.49167
21.700 0.49133
21.710 0.49100
21.720 0.49067
21.730 0.49033
21.740 0.49000
21.750 0.48967
21.760 0.48934
21.770 0.48900
21.780 0.48867
21.790 0.48834
21.800 0.48801
21.810 0.48768
21.820 0.48735
21.830 0.48702
21.840 0.48669
21.850 0.48635
21.860 0.48603
21.870 0.48570
21.880 0.48537
21.890 0.48504
21.900 0.48471
21.910 0.48438
21.920 0.48405
21.930 0.48372
21.940 0.48339
21.950 0.48307
21.960 0.48274
21.970 0.48241
21.980 0.48209
21.990 0.48176
22.000 0.48143
22.010 0.48111
22.020 0.48078
22.030 0.48045
22.040 0.48013
22.050 0.47980
22.060 0.47948
22.070 0.47915
22.080 0.47883
22.090 0.47850
22.100 0.47818
22.110 0.47786
22.120 0.47753
22.130 0.47721
22.140 0.47689
22.150 0.47656
22.160 0.47624
22.170 0.47592
22.180 0.47560
22.190 0.47527
22.200 0.47495
22.210 0.47463
22.220 0.47431
22.230 0.47399
22.240 0.47367
22.250 0.47335
22.260 0.47303
22.270 0.47271
22.280 0.47239
22.290 0.47207
22.300 0.47175
22.310 0.47143
22.320 0.47111
22.330 0.47079
22.340 0.47047
22.350 0.47015
22.360 0.46984
22.370 0.46952
22.380 0.46920
22.390 0.46888
22.400 0.46857
22.410 0.46825
22.420 0.46793
22.430 0.46762
22.440 0.46730
22.450 0.46698
22.460 0.46667
22.470 0.46635
22.480 0.46604
22.490 0.46572
22.500 0.46541
22.510 0.46509
22.520 0.46478
22.530 0.46446
22.540 0.46415
22.550 0.46384
22.560 0.46352
22.570 0.46321
22.580 0.46290
22.590 0.46258
22.600 0.46227
22.610 0.46196
22.620 0.46165
22.630 0.46133
22.640 0.46102
22.650 0.46071
22.660 0.46040
22.670 0.46009
22.680 0.45978
22.690 0.45947
22.700 0.45916
22.710 0.45885
22.720 0.45854
22.730 0.45823
22.740 0.45792
22.750 0.45761
22.760 0.45730
22.770 0.45699
22.780 0.45668
22.790 0.45637
22.800 0.45606
22.810 0.45575
22.820 0.45545
22.830 0.45514
22.840 0.45483
22.850 0.45452
22.860 0.45422
22.870 0.45391
22.880 0.45360
22.890 0.45330
22.900 0.45299
22.910 0.45268
22.920 0.45238
22.930 0.45207
22.940 0.45177
22.950 0.45146
22.960 0.45116
22.970 0.45085
22.980 0.45055
22.990 0.45024
23.000 0.44994
23.010 0.44963
23.020 0.44933
23.030 0.44903
23.040 0.44872
23.050 0.44842
23.060 0.44812
23.070 0.44781
23.080 0.44751
23.090 0.44721
23.100 0.44691
23.110 0.44660
23.120 0.44630
23.130 0.44600
23.140 0.44570
23.150 0.44540
23.160 0.44510
23.170 0.44480
23.180 0.44450
23.190 0.44420
23.200 0.44390
23.210 0.44360
23.220 0.44330
23.230 0.44300
23.240 0.44270
23.250 0.44240
23.260 0.44210
23.270 0.44180
23.280 0.44150
23.290 0.44120
23.300 0.44090
23.310 0.44061
23.320 0.44031
23.330 0.44001
23.340 0.43971
23.350 0.43941
23.360 0.43912
23.370 0.43882
23.380 0.43852
23.390 0.43823
23.400 0.43793
23.410 0.43763
23.420 0.43734
23.430 0.43704
23.440 0.43675
23.450 0.43645
23.460 0.43616
23.470 0.43586
23.480 0.43557
23.490 0.43527
23.500 0.43498
23.510 0.43468
23.520 0.43439
23.530 0.43409
23.540 0.43380
23.550 0.43351
23.560 0.43321
23.570 0.43292
23.580 0.43263
23.590 0.43233
23.600 0.43204
23.610 0.43175
23.620 0.43146
23.630 0.43116
23.640 0.43087
23.650 0.43058
23.660 0.43029
23.670 0.43000
23.680 0.42970
23.690 0.42941
23.700 0.42912
23.710 0.42883
23.720 0.42854
23.730 0.42825
23.740 0.42796
23.750 0.42767
23.760 0.42738
23.770 0.42709
23.780 0.42680
23.790 0.42651
23.800 0.42622
23.810 0.42593
23.820 0.42564
23.830 0.42536
23.840 0.42507
23.850 0.42478
23.860 0.42449
23.870 0.42420
23.880 0.42392
23.890 0.42363
23.900 0.42334
23.910 0.42305
23.920 0.42277
23.930 0.42248
23.940 0.42219
23.950 0.42190
23.960 0.42162
23.970 0.42133
23.980 0.42105
23.990 0.42076
24.000 0.42047
24.010 0.42019
24.020 0.41990
24.030 0.41962
24.040 0.41933
24.050 0.41905
24.060 0.41876
24.070 0.41848
24.080 0.41819
24.090 0.41791
24.100 0.41763
24.110 0.41734
24.120 0.41706
24.130 0.41677
24.140 0.41649
24.150 0.41621
24.160 0.41592
24.170 0.41564
24.180 0.41536
24.190 0.41507
24.200 0.41479
24.210 0.41451
24.220 0.41423
24.230 0.41395
24.240 0.41366
24.250 0.41338
24.260 0.41310
24.270 0.41282
24.280 0.41254
24.290 0.41226
24.300 0.41197
24.310 0.41169
24.320 0.41141
24.330 0.41113
24.340 0.41085
24.350 0.41057
24.360 0.41029
24.370 0.41001
24.380 0.40973
24.390 0.40945
24.400 0.40917
24.410 0.40889
24.420 0.40861
24.430 0.40834
24.440 0.40806
24.450 0.40778
24.460 0.40750
24.470 0.40722
24.480 0.40694
24.490 0.40666
24.500 0.40639
24.510 0.40611
24.520 0.40583
24.530 0.40555
24.540 0.40528
24.550 0.40500
24.560 0.40472
24.570 0.40445
24.580 0.40417
24.590 0.40389
24.600 0.40362
24.610 0.40334
24.620 0.40306
24.630 0.40279
24.640 0.40251
24.650 0.40223
24.660 0.40196
24.670 0.40168
24.680 0.40141
24.690 0.40113
24.700 0.40086
24.710 0.40058
24.720 0.40031
24.730 0.40003
24.740 0.39976
24.750 0.39948
24.760 0.39921
24.770 0.39894
24.780 0.39866
24.790 0.39839
24.800 0.39811
24.810 0.39784
24.820 0.39757
24.830 0.39729
24.840 0.39702
24.850 0.39675
24.860 0.39648
24.870 0.39620
24.880 0.39593
24.890 0.39566
24.900 0.39539
24.910 0.39511
24.920 0.39484
24.930 0.39457
24.940 0.39430
24.950 0.39403
24.960 0.39375
24.970 0.39348
24.980 0.39321
24.990 0.39294
25.000 0.39267
25.100 0.38997
25.110 0.38970
25.120 0.38943
25.130 0.38916
25.140 0.38889
25.150 0.38862
25.160 0.38835
25.170 0.38808
25.180 0.38781
25.190 0.38754
25.200 0.38728
25.210 0.38701
25.220 0.38674
25.230 0.38647
25.240 0.38620
25.250 0.38593
25.260 0.38567
25.270 0.38540
25.280 0.38513
25.290 0.38486
25.300 0.38460
25.310 0.38433
25.320 0.38406
25.330 0.38380
25.340 0.38353
25.350 0.38326
25.360 0.38300
25.370 0.38273
25.380 0.38246
25.390 0.38220
25.400 0.38193
25.410 0.38166
25.420 0.38140
25.430 0.38113
25.440 0.38087
25.450 0.38060
25.460 0.38034
25.470 0.38007
25.480 0.37981
25.490 0.37954
25.500 0.37928
25.510 0.37901
25.520 0.37875
25.530 0.37848
25.540 0.37822
25.550 0.37795
25.560 0.37769
25.570 0.37742
25.580 0.37716
25.590 0.37690
25.600 0.37663
25.610 0.37637
25.620 0.37610
25.630 0.37584
25.640 0.37558
25.650 0.37531
25.660 0.37505
25.670 0.37479
25.680 0.37452
25.690 0.37426
25.700 0.37400
25.710 0.37373
25.720 0.37347
25.730 0.37321
25.740 0.37295
25.750 0.37268
25.760 0.37242
25.770 0.37216
25.780 0.37190
25.790 0.37164
25.800 0.37137
25.810 0.37111
25.820 0.37085
25.830 0.37059
25.840 0.37033
25.850 0.37007
25.860 0.36981
25.870 0.36954
25.880 0.36928
25.890 0.36902
25.900 0.36876
25.910 0.36850
25.920 0.36824
25.930 0.36798
25.940 0.36772
25.950 0.36746
25.960 0.36720
25.970 0.36694
25.980 0.36668
25.990 0.36642
26.000 0.36616
26.010 0.36590
26.020 0.36564
26.030 0.36538
26.040 0.36512
26.050 0.36486
26.060 0.36460
26.070 0.36434
26.080 0.36408
26.090 0.36382
26.100 0.36356
26.110 0.36330
26.120 0.36304
26.130 0.36279
26.140 0.36253
26.150 0.36227
26.160 0.36201
26.170 0.36175
26.180 0.36149
26.190 0.36123
26.200 0.36098
26.210 0.36072
26.220 0.36046
26.230 0.36020
26.240 0.35994
26.250 0.35969
26.260 0.35943
26.270 0.35917
26.280 0.35891
26.290 0.35865
26.300 0.35840
26.310 0.35814
26.320 0.35788
26.330 0.35763
26.340 0.35737
26.350 0.35711
26.360 0.35685
26.370 0.35660
26.380 0.35634
26.390 0.35608
26.400 0.35583
26.410 0.35557
26.420 0.35531
26.430 0.35506
26.440 0.35480
26.450 0.35454
26.460 0.35429
26.470 0.35403
26.480 0.35378
26.490 0.35352
26.500 0.35326
26.510 0.35301
26.520 0.35275
26.530 0.35250
26.540 0.35224
26.550 0.35198
26.560 0.35173
26.570 0.35147
26.580 0.35122
26.590 0.35096
26.600 0.35071
26.610 0.35045
26.620 0.35020
26.630 0.34994
26.640 0.34969
26.650 0.34943
26.660 0.34918
26.670 0.34892
26.680 0.34867
26.690 0.34841
26.700 0.34816
26.710 0.34790
26.720 0.34765
26.730 0.34739
26.740 0.34714
26.750 0.34688
26.760 0.34663
26.770 0.34637
26.780 0.34612
26.790 0.34587
26.800 0.34561
26.810 0.34536
26.820 0.34510
26.830 0.34485
26.840 0.34459
26.850 0.34434
26.860 0.34409
26.870 0.34383
26.880 0.34358
26.890 0.34333
26.900 0.34307
26.910 0.34282
26.920 0.34256
26.930 0.34231
26.940 0.34206
26.950 0.34180
26.960 0.34155
26.970 0.34130
26.980 0.34104
26.990 0.34079
27.000 0.34054
27.010 0.34028
27.020 0.34003
27.030 0.33978
27.040 0.33952
27.050 0.33927
27.060 0.33902
27.070 0.33876
27.080 0.33851
27.090 0.33826
27.100 0.33801
27.110 0.33775
27.120 0.33750
27.130 0.33725
27.140 0.33699
27.150 0.33674
27.160 0.33649
27.170 0.33624
27.180 0.33598
27.190 0.33573
27.200 0.33548
27.210 0.33522
27.220 0.33497
27.230 0.33472
27.240 0.33447
27.250 0.33421
27.260 0.33396
27.270 0.33371
27.280 0.33346
27.290 0.33320
27.300 0.33295
27.310 0.33270
27.320 0.33245
27.330 0.33220
27.340 0.33194
27.350 0.33169
27.360 0.33144
27.370 0.33119
27.380 0.33093
27.390 0.33068
27.400 0.33043
27.402 0.33038
27.402 0.054394
27.410 0.054393
27.420 0.054391
27.430 0.054389
27.440 0.054388
27.450 0.054386
27.460 0.054384
27.470 0.054383
27.480 0.054381
27.490 0.054379
27.500 0.054377
27.510 0.054376
27.520 0.054374
27.530 0.054372
27.540 0.054371
27.550 0.054369
27.560 0.054367
27.570 0.054366
27.580 0.054364
27.590 0.054362
27.600 0.054361
27.610 0.054359
27.620 0.054357
27.630 0.054356
27.640 0.054354
27.650 0.054352
27.660 0.054351
27.670 0.054349
27.680 0.054347
27.690 0.054346
27.700 0.054344
27.710 0.054342
27.720 0.054340
27.730 0.054339
27.740 0.054337
27.750 0.054335
27.760 0.054334
27.770 0.054332
27.780 0.054330
27.790 0.054329
27.800 0.054327
27.810 0.054325
27.820 0.054324
27.830 0.054322
27.840 0.054320
27.850 0.054319
27.860 0.054317
27.870 0.054315
27.880 0.054314
27.890 0.054312
27.900 0.054310
27.910 0.054309
27.920 0.054307
27.930 0.054305
27.940 0.054304
27.950 0.054302
27.960 0.054301
27.970 0.054299
27.980 0.054297
27.990 0.054296
28.000 0.054294
28.010 0.054292
28.020 0.054291
28.030 0.054289
28.040 0.054287
28.050 0.054286
28.060 0.054284
28.070 0.054282
28.080 0.054281
28.090 0.054279
28.100 0.054277
28.110 0.054276
28.120 0.054274
28.130 0.054272
28.140 0.054271
28.150 0.054269
28.160 0.054268
28.170 0.054266
28.180 0.054264
28.190 0.054263
28.200 0.054261
28.210 0.054259
28.220 0.054258
28.230 0.054256
28.240 0.054254
28.250 0.054253
28.260 0.054251
28.270 0.054249
28.280 0.054248
28.290 0.054246
28.300 0.054245
28.310 0.054243
28.320 0.054241
28.330 0.054240
28.340 0.054238
28.350 0.054236
28.360 0.054235
28.370 0.054233
28.380 0.054231
28.390 0.054230
28.400 0.054228
28.410 0.054227
28.420 0.054225
28.430 0.054223
28.440 0.054222
28.450 0.054220
28.460 0.054218
28.470 0.054217
28.480 0.054215
28.490 0.054214
28.500 0.054212
28.510 0.054210
28.520 0.054209
28.530 0.054207
28.540 0.054206
28.550 0.054204
28.560 0.054202
28.570 0.054201
28.580 0.054199
28.590 0.054197
28.600 0.054196
28.610 0.054194
28.620 0.054193
28.630 0.054191
28.640 0.054189
28.650 0.054188
28.660 0.054186
28.670 0.054185
28.680 0.054183
28.690 0.054181
28.700 0.054180
28.710 0.054178
28.720 0.054176
28.730 0.054175
28.740 0.054173
28.750 0.054172
28.760 0.054170
28.770 0.054168
28.780 0.054167
28.790 0.054165
28.800 0.054164
28.810 0.054162
28.820 0.054160
28.830 0.054159
28.840 0.054157
28.850 0.054156
28.860 0.054154
28.870 0.054152
28.880 0.054151
28.890 0.054149
28.900 0.054148
28.910 0.054146
28.920 0.054144
28.930 0.054143
28.940 0.054141
28.950 0.054140
28.960 0.054138
28.970 0.054136
28.980 0.054135
28.990 0.054133
29.000 0.054132
29.010 0.054130
29.020 0.054129
29.030 0.054127
29.040 0.054125
29.050 0.054124
29.060 0.054122
29.070 0.054121
29.080 0.054119
29.090 0.054117
29.100 0.054116
29.110 0.054114
29.120 0.054113
29.130 0.054111
29.140 0.054109
29.150 0.054108
29.160 0.054106
29.170 0.054105
29.180 0.054103
29.190 0.054102
29.200 0.054100
29.210 0.054098
29.220 0.054097
29.230 0.054095
29.240 0.054094
29.250 0.054092
29.260 0.054091
29.270 0.054089
29.280 0.054087
29.290 0.054086
29.300 0.054084
29.310 0.054083
29.320 0.054081
29.330 0.054080
29.340 0.054078
29.350 0.054076
29.360 0.054075
29.370 0.054073
29.380 0.054072
29.390 0.054070
29.400 0.054069
29.410 0.054067
29.420 0.054065
29.430 0.054064
29.440 0.054062
29.450 0.054061
29.460 0.054059
29.470 0.054058
29.480 0.054056
29.490 0.054054
29.500 0.054053
29.510 0.054051
29.520 0.054050
29.530 0.054048
29.540 0.054047
29.550 0.054045
29.560 0.054044
29.570 0.054042
29.580 0.054040
29.590 0.054039
29.600 0.054037
29.610 0.054036
29.620 0.054034
29.630 0.054033
29.640 0.054031
29.650 0.054030
29.660 0.054028
29.670 0.054026
29.680 0.054025
29.690 0.054023
29.700 0.054022
29.710 0.054020
29.720 0.054019
29.730 0.054017
29.740 0.054016
29.750 0.054014
29.760 0.054013
29.770 0.054011
29.780 0.054009
29.790 0.054008
29.800 0.054006
29.810 0.054005
29.820 0.054003
29.830 0.054002
29.840 0.054000
29.850 0.053999
29.860 0.053997
29.870 0.053996
29.880 0.053994
29.890 0.053993
29.900 0.053991
29.910 0.053989
29.920 0.053988
29.930 0.053986
29.940 0.053985
29.950 0.053983
29.960 0.053982
29.970 0.053980
29.980 0.053979
29.990 0.053977
30.000 0.053976
