0.10000 192.76 0.0887377097029
0.11000 175.23 0.0976114806732
0.12000 160.62 0.106485251643
0.13000 148.26 0.115359022614
0.14000 137.66 0.124232793584
0.15000 128.48 0.133106564554
0.16000 120.45 0.141980335525
0.17000 113.36 0.150854106495
0.18000 107.06 0.159727877465
0.19000 101.42 0.168601648435
0.20000 96.343 0.177475419406
0.21000 91.751 0.186349190376
0.22000 87.577 0.195222961346
0.23000 83.766 0.204096732317
0.24000 80.273 0.212970503287
0.25000 77.059 0.221844274257
0.26000 74.092 0.230718045227
0.27000 71.345 0.239591816198
0.28000 68.795 0.248465587168
0.29000 66.420 0.257339358138
0.30000 64.203 0.266213129109
0.31000 62.130 0.275086900079
0.32000 60.186 0.283960671049
0.33000 58.360 0.292834442019
0.34000 56.641 0.30170821299
0.35000 55.021 0.31058198396
0.36000 53.490 0.31945575493
0.37000 52.043 0.328329525901
0.38000 50.671 0.337203296871
0.39000 49.370 0.346077067841
0.40000 48.134 0.354950838812
0.41000 46.958 0.363824609782
0.42000 45.838 0.372698380752
0.43000 44.770 0.381572151722
0.44000 43.751 0.390445922693
0.45000 42.777 0.399319693663
0.46000 41.846 0.408193464633
0.47000 40.954 0.417067235604
0.48000 40.099 0.425941006574
0.49000 39.279 0.434814777544
0.50000 38.492 0.443688548514
0.51000 37.736 0.452562319485
0.52000 37.009 0.461436090455
0.53000 36.309 0.470309861425
0.54000 35.635 0.479183632396
0.55000 34.986 0.488057403366
0.56000 34.360 0.496931174336
0.57000 33.756 0.505804945306
0.58000 33.172 0.514678716277
0.59000 32.609 0.523552487247
0.60000 32.064 0.532426258217
0.61000 31.537 0.541300029188
0.62000 31.027 0.550173800158
0.63000 30.534 0.559047571128
0.64000 30.055 0.567921342098
0.65000 29.592 0.576795113069
0.66000 29.142 0.585668884039
0.67000 28.706 0.594542655009
0.68000 28.283 0.60341642598
0.69000 27.872 0.61229019695
0.70000 27.473 0.62116396792
0.71000 27.085 0.63003773889
0.72000 26.708 0.638911509861
0.73000 26.341 0.647785280831
0.74000 25.984 0.656659051801
0.75000 25.636 0.665532822772
0.76000 25.298 0.674406593742
0.77000 24.968 0.683280364712
0.78000 24.647 0.692154135682
0.79000 24.334 0.701027906653
0.80000 24.029 0.709901677623
0.81000 23.732 0.718775448593
0.82000 23.441 0.727649219564
0.83000 23.158 0.736522990534
0.84000 22.881 0.745396761504
0.85000 22.611 0.754270532474
0.86000 22.348 0.763144303445
0.87000 22.090 0.772018074415
0.88000 21.838 0.780891845385
0.89000 21.592 0.789765616356
0.90000 21.351 0.798639387326
0.91000 21.115 0.807513158296
0.92000 20.885 0.816386929266
0.93000 20.660 0.825260700237
0.94000 20.439 0.834134471207
0.95000 20.223 0.843008242177
0.96000 20.012 0.851882013148
0.97000 19.805 0.860755784118
0.98000 19.602 0.869629555088
0.99000 19.403 0.878503326058
1.0000 19.208 0.887377097029
1.0100 19.017 0.896250867999
1.0200 18.830 0.905124638969
1.0300 18.647 0.91399840994
1.0400 18.467 0.92287218091
1.0500 18.290 0.93174595188
1.0600 18.117 0.940619722851
1.0700 17.947 0.949493493821
1.0800 17.780 0.958367264791
1.0900 17.616 0.967241035761
1.1000 17.455 0.976114806732
1.1100 17.297 0.984988577702
1.1200 17.142 0.993862348672
1.1300 16.990 1.00273611964
1.1400 16.840 1.01160989061
1.1500 16.693 1.02048366158
1.1600 16.548 1.02935743255
1.1700 16.406 1.03823120352
1.1800 16.267 1.04710497449
1.1900 16.129 1.05597874546
1.2000 15.994 1.06485251643
1.2100 15.862 1.0737262874
1.2200 15.731 1.08260005838
1.2300 15.602 1.09147382935
1.2400 15.476 1.10034760032
1.2500 15.352 1.10922137129
1.2600 15.229 1.11809514226
1.2700 15.109 1.12696891323
1.2800 14.990 1.1358426842
1.2900 14.873 1.14471645517
1.3000 14.758 1.15359022614
1.3100 14.645 1.16246399711
1.3200 14.533 1.17133776808
1.3300 14.424 1.18021153905
1.3400 14.315 1.18908531002
1.3500 14.209 1.19795908099
1.3600 14.104 1.20683285196
1.3700 14.000 1.21570662293
1.3800 13.898 1.2245803939
1.3900 13.798 1.23345416487
1.4000 13.699 1.24232793584
1.4100 13.601 1.25120170681
1.4200 13.505 1.26007547778
1.4300 13.410 1.26894924875
1.4400 13.316 1.27782301972
1.4500 13.224 1.28669679069
1.4600 13.133 1.29557056166
1.4700 13.043 1.30444433263
1.4800 12.954 1.3133181036
1.4900 12.867 1.32219187457
1.5000 12.780 1.33106564554
1.5100 12.695 1.33993941651
1.5200 12.611 1.34881318748
1.5300 12.528 1.35768695845
1.5400 12.446 1.36656072942
1.5500 12.366 1.37543450039
1.5600 12.286 1.38430827136
1.5700 12.207 1.39318204234
1.5800 12.129 1.40205581331
1.5900 12.053 1.41092958428
1.6000 11.977 1.41980335525
1.6100 11.902 1.42867712622
1.6200 11.828 1.43755089719
1.6300 11.755 1.44642466816
1.6400 11.683 1.45529843913
1.6500 11.612 1.4641722101
1.6600 11.541 1.47304598107
1.6700 11.472 1.48191975204
1.6800 11.403 1.49079352301
1.6900 11.335 1.49966729398
1.7000 11.268 1.50854106495
1.7100 11.202 1.51741483592
1.7200 11.136 1.52628860689
1.7300 11.071 1.53516237786
1.7400 11.007 1.54403614883
1.7500 10.944 1.5529099198
1.7600 10.881 1.56178369077
1.7700 10.819 1.57065746174
1.7800 10.758 1.57953123271
1.7900 10.698 1.58840500368
1.8000 10.638 1.59727877465
1.8100 10.579 1.60615254562
1.8200 10.520 1.61502631659
1.8300 10.462 1.62390008756
1.8400 10.405 1.63277385853
1.8500 10.348 1.6416476295
1.8600 10.292 1.65052140047
1.8700 10.237 1.65939517144
1.8800 10.182 1.66826894241
1.8900 10.128 1.67714271338
1.9000 10.074 1.68601648435
1.9100 10.021 1.69489025532
1.9200 9.9681 1.7037640263
1.9300 9.9161 1.71263779727
1.9400 9.8646 1.72151156824
1.9500 9.8136 1.73038533921
1.9600 9.7632 1.73925911018
1.9700 9.7132 1.74813288115
1.9800 9.6638 1.75700665212
1.9900 9.6148 1.76588042309
2.0000 9.5664 1.77475419406
2.0100 9.5184 1.78362796503
2.0200 9.4709 1.792501736
2.0300 9.4239 1.80137550697
2.0400 9.3773 1.81024927794
2.0500 9.3312 1.81912304891
2.0600 9.2855 1.82799681988
2.0700 9.2403 1.83687059085
2.0800 9.1955 1.84574436182
2.0900 9.1512 1.85461813279
2.1000 9.1072 1.86349190376
2.1100 9.0637 1.87236567473
2.1200 9.0206 1.8812394457
2.1300 8.9779 1.89011321667
2.1400 8.9356 1.89898698764
2.1500 8.8937 1.90786075861
2.1600 8.8522 1.91673452958
2.1700 8.8110 1.92560830055
2.1800 8.7702 1.93448207152
2.1900 8.7299 1.94335584249
2.2000 8.6898 1.95222961346
2.2100 8.6502 1.96110338443
2.2200 8.6109 1.9699771554
2.2300 8.5719 1.97885092637
2.2400 8.5333 1.98772469734
2.2500 8.4950 1.99659846831
2.2600 8.4571 2.00547223929
2.2700 8.4195 2.01434601026
2.2800 8.3823 2.02321978123
2.2900 8.3453 2.0320935522
2.3000 8.3087 2.04096732317
2.3100 8.2724 2.04984109414
2.3200 8.2364 2.05871486511
2.3300 8.2008 2.06758863608
2.3400 8.1654 2.07646240705
2.3500 8.1303 2.08533617802
2.3600 8.0956 2.09420994899
2.3700 8.0611 2.10308371996
2.3800 8.0269 2.11195749093
2.3900 7.9930 2.1208312619
2.4000 7.9594 2.12970503287
2.4100 7.9260 2.13857880384
2.4200 7.8930 2.14745257481
2.4300 7.8602 2.15632634578
2.4400 7.8276 2.16520011675
2.4500 7.7954 2.17407388772
2.4600 7.7634 2.18294765869
2.4700 7.7316 2.19182142966
2.4800 7.7002 2.20069520063
2.4900 7.6689 2.2095689716
2.5000 7.6380 2.21844274257
2.5100 7.6072 2.22731651354
2.5200 7.5767 2.23619028451
2.5300 7.5465 2.24506405548
2.5400 7.5165 2.25393782645
2.5500 7.4867 2.26281159742
2.5600 7.4572 2.27168536839
2.5700 7.4279 2.28055913936
2.5800 7.3988 2.28943291033
2.5900 7.3699 2.2983066813
2.6000 7.3413 2.30718045227
2.6100 7.3129 2.31605422325
2.6200 7.2847 2.32492799422
2.6300 7.2567 2.33380176519
2.6400 7.2289 2.34267553616
2.6500 7.2013 2.35154930713
2.6600 7.1740 2.3604230781
2.6700 7.1468 2.36929684907
2.6800 7.1199 2.37817062004
2.6900 7.0931 2.38704439101
2.7000 7.0666 2.39591816198
2.7100 7.0402 2.40479193295
2.7200 7.0141 2.41366570392
2.7300 6.9881 2.42253947489
2.7400 6.9623 2.43141324586
2.7500 6.9367 2.44028701683
2.7600 6.9113 2.4491607878
2.7700 6.8861 2.45803455877
2.7800 6.8610 2.46690832974
2.7900 6.8362 2.47578210071
2.8000 6.8115 2.48465587168
2.8100 6.7870 2.49352964265
2.8200 6.7626 2.50240341362
2.8300 6.7385 2.51127718459
2.8400 6.7145 2.52015095556
2.8500 6.6907 2.52902472653
2.8600 6.6670 2.5378984975
2.8700 6.6435 2.54677226847
2.8800 6.6202 2.55564603944
2.8900 6.5970 2.56451981041
2.9000 6.5740 2.57339358138
2.9100 6.5511 2.58226735235
2.9200 6.5284 2.59114112332
2.9300 6.5059 2.60001489429
2.9400 6.4835 2.60888866526
2.9500 6.4613 2.61776243623
2.9600 6.4392 2.62663620721
2.9700 6.4173 2.63550997818
2.9800 6.3955 2.64438374915
2.9900 6.3738 2.65325752012
3.0000 6.3523 2.66213129109
3.0100 6.3310 2.67100506206
3.0200 6.3098 2.67987883303
3.0300 6.2887 2.688752604
3.0400 6.2677 2.69762637497
3.0500 6.2469 2.70650014594
3.0600 6.2263 2.71537391691
3.0700 6.2058 2.72424768788
3.0800 6.1854 2.73312145885
3.0900 6.1651 2.74199522982
3.1000 6.1450 2.75086900079
3.1100 6.1250 2.75974277176
3.1200 6.1051 2.76861654273
3.1300 6.0853 2.7774903137
3.1400 6.0657 2.78636408467
3.1500 6.0462 2.79523785564
3.1600 6.0268 2.80411162661
3.1700 6.0076 2.81298539758
3.1800 5.9885 2.82185916855
3.1900 5.9695 2.83073293952
3.2000 5.9506 2.83960671049
3.2100 5.9318 2.84848048146
3.2200 5.9131 2.85735425243
3.2300 5.8946 2.8662280234
3.2400 5.8762 2.87510179437
3.2500 5.8578 2.88397556534
3.2600 5.8396 2.89284933631
3.2700 5.8216 2.90172310728
3.2800 5.8036 2.91059687825
3.2900 5.7857 2.91947064922
3.3000 5.7679 2.92834442019
3.3100 5.7503 2.93721819117
3.3200 5.7327 2.94609196214
3.3300 5.7153 2.95496573311
3.3400 5.6980 2.96383950408
3.3500 5.6807 2.97271327505
3.3600 5.6636 2.98158704602
3.3700 5.6466 2.99046081699
3.3800 5.6296 2.99933458796
3.3900 5.6128 3.00820835893
3.4000 5.5961 3.0170821299
3.4100 5.5794 3.02595590087
3.4200 5.5629 3.03482967184
3.4300 5.5465 3.04370344281
3.4400 5.5301 3.05257721378
3.4500 5.5139 3.06145098475
3.4600 5.4977 3.07032475572
3.4700 5.4816 3.07919852669
3.4800 5.4657 3.08807229766
3.4900 5.4498 3.09694606863
3.5000 5.4340 3.1058198396
3.5100 5.4183 3.11469361057
3.5200 5.4027 3.12356738154
3.5300 5.3872 3.13244115251
3.5400 5.3717 3.14131492348
3.5500 5.3564 3.15018869445
3.5600 5.3411 3.15906246542
3.5700 5.3260 3.16793623639
3.5800 5.3109 3.17681000736
3.5900 5.2959 3.18568377833
3.6000 5.2809 3.1945575493
3.6100 5.2661 3.20343132027
3.6200 5.2513 3.21230509124
3.6300 5.2367 3.22117886221
3.6400 5.2221 3.23005263318
3.6500 5.2076 3.23892640416
3.6600 5.1931 3.24780017513
3.6700 5.1788 3.2566739461
3.6800 5.1645 3.26554771707
3.6900 5.1503 3.27442148804
3.7000 5.1362 3.28329525901
3.7100 5.1221 3.29216902998
3.7200 5.1081 3.30104280095
3.7300 5.0942 3.30991657192
3.7400 5.0804 3.31879034289
3.7500 5.0667 3.32766411386
3.7600 5.0530 3.33653788483
3.7700 5.0394 3.3454116558
3.7800 5.0258 3.35428542677
3.7900 5.0124 3.36315919774
3.8000 4.9990 3.37203296871
3.8100 4.9857 3.38090673968
3.8200 4.9724 3.38978051065
3.8300 4.9592 3.39865428162
3.8400 4.9461 3.40752805259
3.8500 4.9331 3.41640182356
3.8600 4.9201 3.42527559453
3.8700 4.9072 3.4341493655
3.8800 4.8944 3.44302313647
3.8900 4.8816 3.45189690744
3.9000 4.8689 3.46077067841
3.9100 4.8562 3.46964444938
3.9200 4.8436 3.47851822035
3.9300 4.8311 3.48739199132
3.9400 4.8187 3.49626576229
3.9500 4.8063 3.50513953326
3.9600 4.7939 3.51401330423
3.9700 4.7817 3.5228870752
3.9800 4.7695 3.53176084617
3.9900 4.7573 3.54063461714
4.0000 4.7452 3.54950838812
4.0100 4.7332 3.55838215909
4.0200 4.7213 3.56725593006
4.0300 4.7093 3.57612970103
4.0400 4.6975 3.585003472
4.0500 4.6857 3.59387724297
4.0600 4.6740 3.60275101394
4.0700 4.6623 3.61162478491
4.0800 4.6507 3.62049855588
4.0900 4.6391 3.62937232685
4.1000 4.6276 3.63824609782
4.1100 4.6162 3.64711986879
4.1200 4.6048 3.65599363976
4.1300 4.5935 3.66486741073
4.1400 4.5822 3.6737411817
4.1500 4.5710 3.68261495267
4.1600 4.5598 3.69148872364
4.1700 4.5487 3.70036249461
4.1800 4.5376 3.70923626558
4.1900 4.5266 3.71811003655
4.2000 4.5156 3.72698380752
4.2100 4.5047 3.73585757849
4.2200 4.4939 3.74473134946
4.2300 4.4831 3.75360512043
4.2400 4.4723 3.7624788914
4.2500 4.4616 3.77135266237
4.2600 4.4510 3.78022643334
4.2700 4.4404 3.78910020431
4.2800 4.4298 3.79797397528
4.2900 4.4193 3.80684774625
4.3000 4.4089 3.81572151722
4.3100 4.3985 3.82459528819
4.3200 4.3881 3.83346905916
4.3300 4.3778 3.84234283013
4.3400 4.3675 3.8512166011
4.3500 4.3573 3.86009037208
4.3600 4.3471 3.86896414305
4.3700 4.3370 3.87783791402
4.3800 4.3269 3.88671168499
4.3900 4.3169 3.89558545596
4.4000 4.3069 3.90445922693
4.4100 4.2970 3.9133329979
4.4200 4.2871 3.92220676887
4.4300 4.2772 3.93108053984
4.4400 4.2674 3.93995431081
4.4500 4.2577 3.94882808178
4.4600 4.2480 3.95770185275
4.4700 4.2383 3.96657562372
4.4800 4.2287 3.97544939469
4.4900 4.2191 3.98432316566
4.5000 4.2095 3.99319693663
4.5100 4.2000 4.0020707076
4.5200 4.1906 4.01094447857
4.5300 4.1811 4.01981824954
4.5400 4.1718 4.02869202051
4.5500 4.1624 4.03756579148
4.5600 4.1531 4.04643956245
4.5700 4.1439 4.05531333342
4.5800 4.1347 4.06418710439
4.5900 4.1255 4.07306087536
4.6000 4.1164 4.08193464633
4.6100 4.1073 4.0908084173
4.6200 4.0982 4.09968218827
4.6300 4.0892 4.10855595924
4.6400 4.0802 4.11742973021
4.6500 4.0713 4.12630350118
4.6600 4.0624 4.13517727215
4.6700 4.0535 4.14405104312
4.6800 4.0447 4.15292481409
4.6900 4.0359 4.16179858506
4.7000 4.0271 4.17067235604
4.7100 4.0184 4.17954612701
4.7200 4.0098 4.18841989798
4.7300 4.0011 4.19729366895
4.7400 3.9925 4.20616743992
4.7500 3.9840 4.21504121089
4.7600 3.9754 4.22391498186
4.7700 3.9669 4.23278875283
4.7800 3.9585 4.2416625238
4.7900 3.9500 4.25053629477
4.8000 3.9417 4.25941006574
4.8100 3.9333 4.26828383671
4.8200 3.9250 4.27715760768
4.8300 3.9167 4.28603137865
4.8400 3.9085 4.29490514962
4.8500 3.9002 4.30377892059
4.8600 3.8921 4.31265269156
4.8700 3.8839 4.32152646253
4.8800 3.8758 4.3304002335
4.8900 3.8677 4.33927400447
4.9000 3.8597 4.34814777544
4.9100 3.8516 4.35702154641
4.9200 3.8437 4.36589531738
4.9300 3.8357 4.37476908835
4.9400 3.8278 4.38364285932
4.9500 3.8199 4.39251663029
4.9600 3.8120 4.40139040126
4.9700 3.8042 4.41026417223
4.9800 3.7964 4.4191379432
4.9900 3.7887 4.42801171417
5.0000 3.7809 4.43688548514
5.1000 3.7053 4.52562319485
5.1100 3.6979 4.53449696582
5.1200 3.6905 4.54337073679
5.1300 3.6832 4.55224450776
5.1400 3.6759 4.56111827873
5.1500 3.6686 4.5699920497
5.1600 3.6613 4.57886582067
5.1700 3.6541 4.58773959164
5.1800 3.6469 4.59661336261
5.1900 3.6397 4.60548713358
5.2000 3.6326 4.61436090455
5.2100 3.6255 4.62323467552
5.2200 3.6184 4.63210844649
5.2300 3.6113 4.64098221746
5.2400 3.6043 4.64985598843
5.2500 3.5973 4.6587297594
5.2600 3.5903 4.66760353037
5.2700 3.5833 4.67647730134
5.2800 3.5764 4.68535107231
5.2900 3.5695 4.69422484328
5.3000 3.5626 4.70309861425
5.3100 3.5557 4.71197238522
5.3200 3.5489 4.72084615619
5.3300 3.5421 4.72971992716
5.3400 3.5353 4.73859369813
5.3500 3.5286 4.7474674691
5.3600 3.5219 4.75634124007
5.3700 3.5152 4.76521501104
5.3800 3.5085 4.77408878201
5.3900 3.5018 4.78296255299
5.4000 3.4952 4.79183632396
5.4100 3.4886 4.80071009493
5.4200 3.4820 4.8095838659
5.4300 3.4755 4.81845763687
5.4400 3.4689 4.82733140784
5.4500 3.4624 4.83620517881
5.4600 3.4560 4.84507894978
5.4700 3.4495 4.85395272075
5.4800 3.4431 4.86282649172
5.4900 3.4367 4.87170026269
5.5000 3.4303 4.88057403366
5.5100 3.4239 4.88944780463
5.5200 3.4176 4.8983215756
5.5300 3.4112 4.90719534657
5.5400 3.4049 4.91606911754
5.5500 3.3987 4.92494288851
5.5600 3.3924 4.93381665948
5.5700 3.3862 4.94269043045
5.5800 3.3800 4.95156420142
5.5900 3.3738 4.96043797239
5.6000 3.3676 4.96931174336
5.6100 3.3615 4.97818551433
5.6200 3.3554 4.9870592853
5.6300 3.3493 4.99593305627
5.6400 3.3432 5.00480682724
5.6500 3.3372 5.01368059821
5.6600 3.3311 5.02255436918
5.6700 3.3251 5.03142814015
5.6800 3.3191 5.04030191112
5.6900 3.3132 5.04917568209
5.7000 3.3072 5.05804945306
5.7100 3.3013 5.06692322403
5.7200 3.2954 5.075796995
5.7300 3.2895 5.08467076597
5.7400 3.2836 5.09354453695
5.7500 3.2778 5.10241830792
5.7600 3.2720 5.11129207889
5.7700 3.2662 5.12016584986
5.7800 3.2604 5.12903962083
5.7900 3.2546 5.1379133918
5.8000 3.2489 5.14678716277
5.8100 3.2432 5.15566093374
5.8200 3.2375 5.16453470471
5.8300 3.2318 5.17340847568
5.8400 3.2261 5.18228224665
5.8500 3.2205 5.19115601762
5.8600 3.2148 5.20002978859
5.8700 3.2092 5.20890355956
5.8800 3.2036 5.21777733053
5.8900 3.1981 5.2266511015
5.9000 3.1925 5.23552487247
5.9100 3.1870 5.24439864344
5.9200 3.1815 5.25327241441
5.9300 3.1760 5.26214618538
5.9400 3.1705 5.27101995635
5.9500 3.1650 5.27989372732
5.9600 3.1596 5.28876749829
5.9700 3.1542 5.29764126926
5.9800 3.1488 5.30651504023
5.9900 3.1434 5.3153888112
6.0000 3.1380 5.32426258217
6.0100 3.1327 5.33313635314
6.0200 3.1273 5.34201012411
6.0300 3.1220 5.35088389508
6.0400 3.1167 5.35975766605
6.0500 3.1115 5.36863143702
6.0600 3.1062 5.37750520799
6.0700 3.1010 5.38637897896
6.0800 3.0957 5.39525274994
6.0900 3.0905 5.40412652091
6.1000 3.0853 5.41300029188
6.1100 3.0802 5.42187406285
6.1200 3.0750 5.43074783382
6.1300 3.0699 5.43962160479
6.1400 3.0647 5.44849537576
6.1500 3.0596 5.45736914673
6.1600 3.0545 5.4662429177
6.1700 3.0495 5.47511668867
6.1800 3.0444 5.48399045964
6.1900 3.0394 5.49286423061
6.2000 3.0343 5.50173800158
6.2100 3.0293 5.51061177255
6.2200 3.0243 5.51948554352
6.2300 3.0193 5.52835931449
6.2400 3.0144 5.53723308546
6.2500 3.0094 5.54610685643
6.2600 3.0045 5.5549806274
6.2700 2.9996 5.56385439837
6.2800 2.9947 5.57272816934
6.2900 2.9898 5.58160194031
6.3000 2.9849 5.59047571128
6.3100 2.9801 5.59934948225
6.3200 2.9753 5.60822325322
6.3300 2.9704 5.61709702419
6.3400 2.9656 5.62597079516
6.3500 2.9608 5.63484456613
6.3600 2.9561 5.6437183371
6.3700 2.9513 5.65259210807
6.3800 2.9466 5.66146587904
6.3900 2.9418 5.67033965001
6.4000 2.9371 5.67921342098
6.4100 2.9324 5.68808719195
6.4200 2.9277 5.69696096292
6.4300 2.9230 5.7058347339
6.4400 2.9184 5.71470850487
6.4500 2.9137 5.72358227584
6.4600 2.9091 5.73245604681
6.4700 2.9045 5.74132981778
6.4800 2.8999 5.75020358875
6.4900 2.8953 5.75907735972
6.5000 2.8907 5.76795113069
6.5100 2.8862 5.77682490166
6.5200 2.8816 5.78569867263
6.5300 2.8771 5.7945724436
6.5400 2.8726 5.80344621457
6.5500 2.8681 5.81231998554
6.5600 2.8636 5.82119375651
6.5700 2.8591 5.83006752748
6.5800 2.8547 5.83894129845
6.5900 2.8502 5.84781506942
6.6000 2.8458 5.85668884039
6.6100 2.8414 5.86556261136
6.6200 2.8369 5.87443638233
6.6300 2.8326 5.8833101533
6.6400 2.8282 5.89218392427
6.6500 2.8238 5.90105769524
6.6600 2.8194 5.90993146621
6.6700 2.8151 5.91880523718
6.6800 2.8108 5.92767900815
6.6900 2.8065 5.93655277912
6.7000 2.8022 5.94542655009
6.7100 2.7979 5.95430032106
6.7200 2.7936 5.96317409203
6.7300 2.7893 5.972047863
6.7400 2.7851 5.98092163397
6.7500 2.7808 5.98979540494
6.7600 2.7766 5.99866917591
6.7700 2.7724 6.00754294688
6.7800 2.7682 6.01641671786
6.7900 2.7640 6.02529048883
6.8000 2.7598 6.0341642598
6.8100 2.7557 6.04303803077
6.8200 2.7515 6.05191180174
6.8300 2.7474 6.06078557271
6.8400 2.7432 6.06965934368
6.8500 2.7391 6.07853311465
6.8600 2.7350 6.08740688562
6.8700 2.7309 6.09628065659
6.8800 2.7268 6.10515442756
6.8900 2.7228 6.11402819853
6.9000 2.7187 6.1229019695
6.9100 2.7147 6.13177574047
6.9200 2.7106 6.14064951144
6.9300 2.7066 6.14952328241
6.9400 2.7026 6.15839705338
6.9500 2.6986 6.16727082435
6.9600 2.6946 6.17614459532
6.9700 2.6906 6.18501836629
6.9800 2.6867 6.19389213726
6.9900 2.6827 6.20276590823
7.0000 2.6788 6.2116396792
7.0100 2.6748 6.22051345017
7.0200 2.6709 6.22938722114
7.0300 2.6670 6.23826099211
7.0400 2.6631 6.24713476308
7.0500 2.6592 6.25600853405
7.0600 2.6554 6.26488230502
7.0700 2.6515 6.27375607599
7.0800 2.6476 6.28262984696
7.0900 2.6438 6.29150361793
7.1000 2.6400 6.3003773889
7.1100 2.6361 6.30925115987
7.1200 2.6323 6.31812493084
7.1300 2.6285 6.32699870182
7.1400 2.6247 6.33587247279
7.1500 2.6210 6.34474624376
7.1600 2.6172 6.35362001473
7.1700 2.6134 6.3624937857
7.1800 2.6097 6.37136755667
7.1900 2.6060 6.38024132764
7.2000 2.6022 6.38911509861
7.2100 2.5985 6.39798886958
7.2200 2.5948 6.40686264055
7.2300 2.5911 6.41573641152
7.2400 2.5874 6.42461018249
7.2500 2.5837 6.43348395346
7.2600 2.5801 6.44235772443
7.2700 2.5764 6.4512314954
7.2800 2.5728 6.46010526637
7.2900 2.5691 6.46897903734
7.3000 2.5655 6.47785280831
7.3100 2.5619 6.48672657928
7.3200 2.5583 6.49560035025
7.3300 2.5547 6.50447412122
7.3400 2.5511 6.51334789219
7.3500 2.5475 6.52222166316
7.3600 2.5440 6.53109543413
7.3700 2.5404 6.5399692051
7.3800 2.5369 6.54884297607
7.3900 2.5333 6.55771674704
7.4000 2.5298 6.56659051801
7.4100 2.5263 6.57546428898
7.4200 2.5228 6.58433805995
7.4300 2.5193 6.59321183092
7.4400 2.5158 6.60208560189
7.4500 2.5123 6.61095937286
7.4600 2.5088 6.61983314383
7.4700 2.5054 6.62870691481
7.4800 2.5019 6.63758068578
7.4900 2.4985 6.64645445675
7.5000 2.4951 6.65532822772
7.5100 2.4916 6.66420199869
7.5200 2.4882 6.67307576966
7.5300 2.4848 6.68194954063
7.5400 2.4814 6.6908233116
7.5500 2.4780 6.69969708257
7.5600 2.4746 6.70857085354
7.5700 2.4713 6.71744462451
7.5800 2.4679 6.72631839548
7.5900 2.4646 6.73519216645
7.6000 2.4612 6.74406593742
7.6100 2.4579 6.75293970839
7.6200 2.4546 6.76181347936
7.6300 2.4512 6.77068725033
7.6400 2.4479 6.7795610213
7.6500 2.4446 6.78843479227
7.6600 2.4413 6.79730856324
7.6700 2.4380 6.80618233421
7.6800 2.4348 6.81505610518
7.6900 2.4315 6.82392987615
7.7000 2.4282 6.83280364712
7.7100 2.4250 6.84167741809
7.7200 2.4218 6.85055118906
7.7300 2.4185 6.85942496003
7.7400 2.4153 6.868298731
7.7500 2.4121 6.87717250197
7.7600 2.4089 6.88604627294
7.7700 2.4057 6.89492004391
7.7800 2.4025 6.90379381488
7.7900 2.3993 6.91266758585
7.8000 2.3961 6.92154135682
7.8100 2.3930 6.93041512779
7.8200 2.3898 6.93928889877
7.8300 2.3867 6.94816266974
7.8400 2.3835 6.95703644071
7.8500 2.3804 6.96591021168
7.8600 2.3772 6.97478398265
7.8700 2.3741 6.98365775362
7.8800 2.3710 6.99253152459
7.8900 2.3679 7.00140529556
7.9000 2.3648 7.01027906653
7.9100 2.3617 7.0191528375
7.9200 2.3587 7.02802660847
7.9300 2.3556 7.03690037944
7.9400 2.3525 7.04577415041
7.9500 2.3495 7.05464792138
7.9600 2.3464 7.06352169235
7.9700 2.3434 7.07239546332
7.9800 2.3403 7.08126923429
7.9900 2.3373 7.09014300526
8.0000 2.3343 7.09901677623
8.0100 2.3313 7.1078905472
8.0200 2.3283 7.11676431817
8.0300 2.3253 7.12563808914
8.0400 2.3223 7.13451186011
8.0500 2.3193 7.14338563108
8.0600 2.3163 7.15225940205
8.0700 2.3134 7.16113317302
8.0800 2.3104 7.17000694399
8.0900 2.3075 7.17888071496
8.1000 2.3045 7.18775448593
8.1100 2.3016 7.1966282569
8.1200 2.2987 7.20550202787
8.1300 2.2957 7.21437579884
8.1400 2.2928 7.22324956981
8.1500 2.2899 7.23212334078
8.1600 2.2870 7.24099711175
8.1700 2.2841 7.24987088273
8.1800 2.2812 7.2587446537
8.1900 2.2784 7.26761842467
8.2000 2.2755 7.27649219564
8.2100 2.2726 7.28536596661
8.2200 2.2698 7.29423973758
8.2300 2.2669 7.30311350855
8.2400 2.2641 7.31198727952
8.2500 2.2612 7.32086105049
8.2600 2.2584 7.32973482146
8.2700 2.2556 7.33860859243
8.2800 2.2527 7.3474823634
8.2900 2.2499 7.35635613437
8.3000 2.2471 7.36522990534
8.3100 2.2443 7.37410367631
8.3200 2.2415 7.38297744728
8.3300 2.2388 7.39185121825
8.3400 2.2360 7.40072498922
8.3500 2.2332 7.40959876019
8.3600 2.2305 7.41847253116
8.3700 2.2277 7.42734630213
8.3800 2.2249 7.4362200731
8.3900 2.2222 7.44509384407
8.4000 2.2195 7.45396761504
8.4100 2.2167 7.46284138601
8.4200 2.2140 7.47171515698
8.4300 2.2113 7.48058892795
8.4400 2.2086 7.48946269892
8.4500 2.2059 7.49833646989
8.4600 2.2032 7.50721024086
8.4700 2.2005 7.51608401183
8.4800 2.1978 7.5249577828
8.4900 2.1951 7.53383155377
8.5000 2.1924 7.54270532474
8.5100 2.1898 7.55157909571
8.5200 2.1871 7.56045286669
8.5300 2.1845 7.56932663766
8.5400 2.1818 7.57820040863
8.5500 2.1792 7.5870741796
8.5600 2.1765 7.59594795057
8.5700 2.1739 7.60482172154
8.5800 2.1713 7.61369549251
8.5900 2.1687 7.62256926348
8.6000 2.1661 7.63144303445
8.6100 2.1634 7.64031680542
8.6200 2.1608 7.64919057639
8.6300 2.1583 7.65806434736
8.6400 2.1557 7.66693811833
8.6500 2.1531 7.6758118893
8.6600 2.1505 7.68468566027
8.6700 2.1479 7.69355943124
8.6800 2.1454 7.70243320221
8.6900 2.1428 7.71130697318
8.7000 2.1403 7.72018074415
8.7100 2.1377 7.72905451512
8.7200 2.1352 7.73792828609
8.7300 2.1326 7.74680205706
8.7400 2.1301 7.75567582803
8.7500 2.1276 7.764549599
8.7600 2.1251 7.77342336997
8.7700 2.1226 7.78229714094
8.7800 2.1201 7.79117091191
8.7900 2.1176 7.80004468288
8.8000 2.1151 7.80891845385
8.8100 2.1126 7.81779222482
8.8200 2.1101 7.82666599579
8.8300 2.1076 7.83553976676
8.8400 2.1051 7.84441353773
8.8500 2.1027 7.8532873087
8.8600 2.1002 7.86216107968
8.8700 2.0978 7.87103485065
8.8800 2.0953 7.87990862162
8.8900 2.0929 7.88878239259
8.9000 2.0904 7.89765616356
8.9100 2.0880 7.90652993453
8.9200 2.0856 7.9154037055
8.9300 2.0831 7.92427747647
8.9400 2.0807 7.93315124744
8.9500 2.0783 7.94202501841
8.9600 2.0759 7.95089878938
8.9700 2.0735 7.95977256035
8.9800 2.0711 7.96864633132
8.9900 2.0687 7.97752010229
9.0000 2.0663 7.98639387326
9.0100 2.0640 7.99526764423
9.0200 2.0616 8.0041414152
9.0300 2.0592 8.01301518617
9.0400 2.0569 8.02188895714
9.0500 2.0545 8.03076272811
9.0600 2.0521 8.03963649908
9.0700 2.0498 8.04851027005
9.0800 2.0475 8.05738404102
9.0900 2.0451 8.06625781199
9.1000 2.0428 8.07513158296
9.1100 2.0405 8.08400535393
9.1200 2.0381 8.0928791249
9.1300 2.0358 8.10175289587
9.1400 2.0335 8.11062666684
9.1500 2.0312 8.11950043781
9.1600 2.0289 8.12837420878
9.1700 2.0266 8.13724797975
9.1800 2.0243 8.14612175072
9.1900 2.0220 8.15499552169
9.2000 2.0197 8.16386929266
9.2100 2.0175 8.17274306364
9.2200 2.0152 8.18161683461
9.2300 2.0129 8.19049060558
9.2400 2.0107 8.19936437655
9.2500 2.0084 8.20823814752
9.2600 2.0062 8.21711191849
9.2700 2.0039 8.22598568946
9.2800 2.0017 8.23485946043
9.2900 1.9994 8.2437332314
9.3000 1.9972 8.25260700237
9.3100 1.9950 8.26148077334
9.3200 1.9927 8.27035454431
9.3300 1.9905 8.27922831528
9.3400 1.9883 8.28810208625
9.3500 1.9861 8.29697585722
9.3600 1.9839 8.30584962819
9.3700 1.9817 8.31472339916
9.3800 1.9795 8.32359717013
9.3900 1.9773 8.3324709411
9.4000 1.9751 8.34134471207
9.4100 1.9729 8.35021848304
9.4200 1.9708 8.35909225401
9.4300 1.9686 8.36796602498
9.4400 1.9664 8.37683979595
9.4500 1.9643 8.38571356692
9.4600 1.9621 8.39458733789
9.4700 1.9599 8.40346110886
9.4800 1.9578 8.41233487983
9.4900 1.9557 8.4212086508
9.5000 1.9535 8.43008242177
9.5100 1.9514 8.43895619274
9.5200 1.9492 8.44782996371
9.5300 1.9471 8.45670373468
9.5400 1.9450 8.46557750565
9.5500 1.9429 8.47445127662
9.5600 1.9408 8.4833250476
9.5700 1.9387 8.49219881857
9.5800 1.9366 8.50107258954
9.5900 1.9345 8.50994636051
9.6000 1.9324 8.51882013148
9.6100 1.9303 8.52769390245
9.6200 1.9282 8.53656767342
9.6300 1.9261 8.54544144439
9.6400 1.9240 8.55431521536
9.6500 1.9219 8.56318898633
9.6600 1.9199 8.5720627573
9.6700 1.9178 8.58093652827
9.6800 1.9157 8.58981029924
9.6900 1.9137 8.59868407021
9.7000 1.9116 8.60755784118
9.7100 1.9096 8.61643161215
9.7200 1.9075 8.62530538312
9.7300 1.9055 8.63417915409
9.7400 1.9035 8.64305292506
9.7500 1.9014 8.65192669603
9.7600 1.8994 8.660800467
9.7700 1.8974 8.66967423797
9.7800 1.8954 8.67854800894
9.7900 1.8933 8.68742177991
9.8000 1.8913 8.69629555088
9.8100 1.8893 8.70516932185
9.8200 1.8873 8.71404309282
9.8300 1.8853 8.72291686379
9.8400 1.8833 8.73179063476
9.8500 1.8813 8.74066440573
9.8600 1.8794 8.7495381767
9.8700 1.8774 8.75841194767
9.8800 1.8754 8.76728571864
9.8900 1.8734 8.77615948961
9.9000 1.8714 8.78503326058
9.9100 1.8695 8.79390703156
9.9200 1.8675 8.80278080253
9.9300 1.8656 8.8116545735
9.9400 1.8636 8.82052834447
9.9500 1.8617 8.82940211544
9.9600 1.8597 8.83827588641
9.9700 1.8578 8.84714965738
9.9800 1.8558 8.85602342835
9.9900 1.8539 8.86489719932
10.000 1.8520 8.87377097029
10.100 1.8329 8.96250867999
10.110 1.8310 8.97138245096
10.120 1.8291 8.98025622193
10.130 1.8272 8.9891299929
10.140 1.8253 8.99800376387
10.150 1.8234 9.00687753484
10.160 1.8216 9.01575130581
10.170 1.8197 9.02462507678
10.180 1.8178 9.03349884775
10.190 1.8160 9.04237261872
10.200 1.8141 9.05124638969
10.210 1.8123 9.06012016066
10.220 1.8104 9.06899393163
10.230 1.8086 9.0778677026
10.240 1.8067 9.08674147357
10.250 1.8049 9.09561524455
10.260 1.8031 9.10448901552
10.270 1.8012 9.11336278649
10.280 1.7994 9.12223655746
10.290 1.7976 9.13111032843
10.300 1.7958 9.1399840994
10.310 1.7939 9.14885787037
10.320 1.7921 9.15773164134
10.330 1.7903 9.16660541231
10.340 1.7885 9.17547918328
10.350 1.7867 9.18435295425
10.360 1.7849 9.19322672522
10.370 1.7831 9.20210049619
10.380 1.7813 9.21097426716
10.390 1.7795 9.21984803813
10.400 1.7777 9.2287218091
10.410 1.7760 9.23759558007
10.420 1.7742 9.24646935104
10.430 1.7724 9.25534312201
10.440 1.7706 9.26421689298
10.450 1.7689 9.27309066395
10.460 1.7671 9.28196443492
10.470 1.7653 9.29083820589
10.480 1.7636 9.29971197686
10.490 1.7618 9.30858574783
10.500 1.7601 9.3174595188
10.510 1.7583 9.32633328977
10.520 1.7566 9.33520706074
10.530 1.7548 9.34408083171
10.540 1.7531 9.35295460268
10.550 1.7514 9.36182837365
10.560 1.7496 9.37070214462
10.570 1.7479 9.37957591559
10.580 1.7462 9.38844968656
10.590 1.7444 9.39732345753
10.600 1.7427 9.40619722851
10.610 1.7410 9.41507099948
10.620 1.7393 9.42394477045
10.630 1.7376 9.43281854142
10.640 1.7359 9.44169231239
10.650 1.7342 9.45056608336
10.660 1.7325 9.45943985433
10.670 1.7308 9.4683136253
10.680 1.7291 9.47718739627
10.690 1.7274 9.48606116724
10.700 1.7257 9.49493493821
10.710 1.7240 9.50380870918
10.720 1.7223 9.51268248015
10.730 1.7207 9.52155625112
10.740 1.7190 9.53043002209
10.750 1.7173 9.53930379306
10.760 1.7157 9.54817756403
10.770 1.7140 9.557051335
10.780 1.7123 9.56592510597
10.790 1.7107 9.57479887694
10.800 1.7090 9.58367264791
10.810 1.7074 9.59254641888
10.820 1.7057 9.60142018985
10.830 1.7041 9.61029396082
10.840 1.7024 9.61916773179
10.850 1.7008 9.62804150276
10.860 1.6991 9.63691527373
10.870 1.6975 9.6457890447
10.880 1.6959 9.65466281567
10.890 1.6942 9.66353658664
10.900 1.6926 9.67241035761
10.910 1.6910 9.68128412858
10.920 1.6894 9.69015789955
10.930 1.6878 9.69903167052
10.940 1.6861 9.70790544149
10.950 1.6845 9.71677921247
10.960 1.6829 9.72565298344
10.970 1.6813 9.73452675441
10.980 1.6797 9.74340052538
10.990 1.6781 9.75227429635
11.000 1.6765 9.76114806732
11.010 1.6749 9.77002183829
11.020 1.6733 9.77889560926
11.030 1.6718 9.78776938023
11.040 1.6702 9.7966431512
11.050 1.6686 9.80551692217
11.060 1.6670 9.81439069314
11.070 1.6654 9.82326446411
11.080 1.6639 9.83213823508
11.090 1.6623 9.84101200605
11.100 1.6607 9.84988577702
11.110 1.6592 9.85875954799
11.120 1.6576 9.86763331896
11.130 1.6560 9.87650708993
11.140 1.6545 9.8853808609
11.150 1.6529 9.89425463187
11.160 1.6514 9.90312840284
11.170 1.6498 9.91200217381
11.180 1.6483 9.92087594478
11.190 1.6467 9.92974971575
11.200 1.6452 9.93862348672
11.210 1.6437 9.94749725769
11.220 1.6421 9.95637102866
11.230 1.6406 9.96524479963
11.240 1.6391 9.9741185706
11.250 1.6375 9.98299234157
11.260 1.6360 9.99186611254
11.270 1.6345 10.0007398835
11.280 1.6330 10.0096136545
11.290 1.6315 10.0184874255
11.300 1.6299 10.0273611964
11.310 1.6284 10.0362349674
11.320 1.6269 10.0451087384
11.330 1.6254 10.0539825093
11.340 1.6239 10.0628562803
11.350 1.6224 10.0717300513
11.360 1.6209 10.0806038222
11.370 1.6194 10.0894775932
11.380 1.6179 10.0983513642
11.390 1.6164 10.1072251352
11.400 1.6150 10.1160989061
11.410 1.6135 10.1249726771
11.420 1.6120 10.1338464481
11.430 1.6105 10.142720219
11.440 1.6090 10.15159399
11.450 1.6076 10.160467761
11.460 1.6061 10.1693415319
11.470 1.6046 10.1782153029
11.480 1.6032 10.1870890739
11.490 1.6017 10.1959628449
11.500 1.6002 10.2048366158
11.510 1.5988 10.2137103868
11.520 1.5973 10.2225841578
11.530 1.5959 10.2314579287
11.540 1.5944 10.2403316997
11.550 1.5930 10.2492054707
11.560 1.5915 10.2580792417
11.570 1.5901 10.2669530126
11.580 1.5886 10.2758267836
11.590 1.5872 10.2847005546
11.600 1.5858 10.2935743255
11.610 1.5843 10.3024480965
11.620 1.5829 10.3113218675
11.630 1.5815 10.3201956384
11.640 1.5801 10.3290694094
11.650 1.5786 10.3379431804
11.660 1.5772 10.3468169514
11.670 1.5758 10.3556907223
11.680 1.5744 10.3645644933
11.690 1.5730 10.3734382643
11.700 1.5715 10.3823120352
11.710 1.5701 10.3911858062
11.720 1.5687 10.4000595772
11.730 1.5673 10.4089333481
11.740 1.5659 10.4178071191
11.750 1.5645 10.4266808901
11.760 1.5631 10.4355546611
11.770 1.5617 10.444428432
11.780 1.5603 10.453302203
11.790 1.5590 10.462175974
11.800 1.5576 10.4710497449
11.810 1.5562 10.4799235159
11.820 1.5548 10.4887972869
11.830 1.5534 10.4976710579
11.840 1.5520 10.5065448288
11.850 1.5507 10.5154185998
11.860 1.5493 10.5242923708
11.870 1.5479 10.5331661417
11.880 1.5466 10.5420399127
11.890 1.5452 10.5509136837
11.900 1.5438 10.5597874546
11.910 1.5425 10.5686612256
11.920 1.5411 10.5775349966
11.930 1.5397 10.5864087676
11.940 1.5384 10.5952825385
11.950 1.5370 10.6041563095
11.960 1.5357 10.6130300805
11.970 1.5343 10.6219038514
11.980 1.5330 10.6307776224
11.990 1.5316 10.6396513934
12.000 1.5303 10.6485251643
12.010 1.5290 10.6573989353
12.020 1.5276 10.6662727063
12.030 1.5263 10.6751464773
12.040 1.5250 10.6840202482
12.050 1.5236 10.6928940192
12.060 1.5223 10.7017677902
12.070 1.5210 10.7106415611
12.080 1.5197 10.7195153321
12.090 1.5183 10.7283891031
12.100 1.5170 10.737262874
12.110 1.5157 10.746136645
12.120 1.5144 10.755010416
12.130 1.5131 10.763884187
12.140 1.5118 10.7727579579
12.150 1.5104 10.7816317289
12.160 1.5091 10.7905054999
12.170 1.5078 10.7993792708
12.180 1.5065 10.8082530418
12.190 1.5052 10.8171268128
12.200 1.5039 10.8260005838
12.210 1.5026 10.8348743547
12.220 1.5013 10.8437481257
12.230 1.5001 10.8526218967
12.240 1.4988 10.8614956676
12.250 1.4975 10.8703694386
12.260 1.4962 10.8792432096
12.270 1.4949 10.8881169805
12.280 1.4936 10.8969907515
12.290 1.4924 10.9058645225
12.300 1.4911 10.9147382935
12.310 1.4898 10.9236120644
12.320 1.4885 10.9324858354
12.330 1.4873 10.9413596064
12.340 1.4860 10.9502333773
12.350 1.4847 10.9591071483
12.360 1.4835 10.9679809193
12.370 1.4822 10.9768546902
12.380 1.4809 10.9857284612
12.390 1.4797 10.9946022322
12.400 1.4784 11.0034760032
12.410 1.4772 11.0123497741
12.420 1.4759 11.0212235451
12.430 1.4747 11.0300973161
12.440 1.4734 11.038971087
12.450 1.4722 11.047844858
12.460 1.4709 11.056718629
12.470 1.4697 11.0655923999
12.480 1.4684 11.0744661709
12.490 1.4672 11.0833399419
12.500 1.4660 11.0922137129
12.510 1.4647 11.1010874838
12.520 1.4635 11.1099612548
12.530 1.4623 11.1188350258
12.540 1.4610 11.1277087967
12.550 1.4598 11.1365825677
12.560 1.4586 11.1454563387
12.570 1.4574 11.1543301097
12.580 1.4561 11.1632038806
12.590 1.4549 11.1720776516
12.600 1.4537 11.1809514226
12.610 1.4525 11.1898251935
12.620 1.4513 11.1986989645
12.630 1.4501 11.2075727355
12.640 1.4489 11.2164465064
12.650 1.4477 11.2253202774
12.660 1.4464 11.2341940484
12.670 1.4452 11.2430678194
12.680 1.4440 11.2519415903
12.690 1.4428 11.2608153613
12.700 1.4416 11.2696891323
12.710 1.4404 11.2785629032
12.720 1.4393 11.2874366742
12.730 1.4381 11.2963104452
12.740 1.4369 11.3051842161
12.750 1.4357 11.3140579871
12.760 1.4345 11.3229317581
12.770 1.4333 11.3318055291
12.780 1.4321 11.3406793
12.790 1.4309 11.349553071
12.800 1.4298 11.358426842
12.810 1.4286 11.3673006129
12.820 1.4274 11.3761743839
12.830 1.4262 11.3850481549
12.840 1.4251 11.3939219258
12.850 1.4239 11.4027956968
12.860 1.4227 11.4116694678
12.870 1.4216 11.4205432388
12.880 1.4204 11.4294170097
12.890 1.4192 11.4382907807
12.900 1.4181 11.4471645517
12.910 1.4169 11.4560383226
12.920 1.4158 11.4649120936
12.930 1.4146 11.4737858646
12.940 1.4135 11.4826596356
12.950 1.4123 11.4915334065
12.960 1.4111 11.5004071775
12.970 1.4100 11.5092809485
12.980 1.4089 11.5181547194
12.990 1.4077 11.5270284904
13.000 1.4066 11.5359022614
13.010 1.4054 11.5447760323
13.020 1.4043 11.5536498033
13.030 1.4031 11.5625235743
13.040 1.4020 11.5713973453
13.050 1.4009 11.5802711162
13.060 1.3997 11.5891448872
13.070 1.3986 11.5980186582
13.080 1.3975 11.6068924291
13.090 1.3964 11.6157662001
13.100 1.3952 11.6246399711
13.110 1.3941 11.633513742
13.120 1.3930 11.642387513
13.130 1.3919 11.651261284
13.140 1.3907 11.660135055
13.150 1.3896 11.6690088259
13.160 1.3885 11.6778825969
13.170 1.3874 11.6867563679
13.180 1.3863 11.6956301388
13.190 1.3852 11.7045039098
13.200 1.3841 11.7133776808
13.210 1.3830 11.7222514518
13.220 1.3819 11.7311252227
13.230 1.3807 11.7399989937
13.240 1.3796 11.7488727647
13.250 1.3785 11.7577465356
13.260 1.3774 11.7666203066
13.270 1.3763 11.7754940776
13.280 1.3753 11.7843678485
13.290 1.3742 11.7932416195
13.300 1.3731 11.8021153905
13.310 1.3720 11.8109891615
13.320 1.3709 11.8198629324
13.330 1.3698 11.8287367034
13.340 1.3687 11.8376104744
13.350 1.3676 11.8464842453
13.360 1.3665 11.8553580163
13.370 1.3655 11.8642317873
13.380 1.3644 11.8731055582
13.390 1.3633 11.8819793292
13.400 1.3622 11.8908531002
13.410 1.3612 11.8997268712
13.420 1.3601 11.9086006421
13.430 1.3590 11.9174744131
13.440 1.3579 11.9263481841
13.450 1.3569 11.935221955
13.460 1.3558 11.944095726
13.470 1.3547 11.952969497
13.480 1.3537 11.9618432679
13.490 1.3526 11.9707170389
13.500 1.3516 11.9795908099
13.510 1.3505 11.9884645809
13.520 1.3494 11.9973383518
13.530 1.3484 12.0062121228
13.540 1.3473 12.0150858938
13.550 1.3463 12.0239596647
13.560 1.3452 12.0328334357
13.570 1.3442 12.0417072067
13.580 1.3431 12.0505809777
13.590 1.3421 12.0594547486
13.600 1.3410 12.0683285196
13.610 1.3400 12.0772022906
13.620 1.3390 12.0860760615
13.630 1.3379 12.0949498325
13.640 1.3369 12.1038236035
13.650 1.3358 12.1126973744
13.660 1.3348 12.1215711454
13.670 1.3338 12.1304449164
13.680 1.3327 12.1393186874
13.690 1.3317 12.1481924583
13.700 1.3307 12.1570662293
13.710 1.3297 12.1659400003
13.720 1.3286 12.1748137712
13.730 1.3276 12.1836875422
13.740 1.3266 12.1925613132
13.750 1.3256 12.2014350841
13.760 1.3245 12.2103088551
13.770 1.3235 12.2191826261
13.780 1.3225 12.2280563971
13.790 1.3215 12.236930168
13.800 1.3205 12.245803939
13.810 1.3195 12.25467771
13.820 1.3184 12.2635514809
13.830 1.3174 12.2724252519
13.840 1.3164 12.2812990229
13.850 1.3154 12.2901727938
13.860 1.3144 12.2990465648
13.870 1.3134 12.3079203358
13.880 1.3124 12.3167941068
13.890 1.3114 12.3256678777
13.900 1.3104 12.3345416487
13.910 1.3094 12.3434154197
13.920 1.3084 12.3522891906
13.930 1.3074 12.3611629616
13.940 1.3064 12.3700367326
13.950 1.3054 12.3789105036
13.960 1.3044 12.3877842745
13.970 1.3034 12.3966580455
13.980 1.3025 12.4055318165
13.990 1.3015 12.4144055874
14.000 1.3005 12.4232793584
14.010 1.2995 12.4321531294
14.020 1.2985 12.4410269003
14.030 1.2975 12.4499006713
14.040 1.2966 12.4587744423
14.050 1.2956 12.4676482133
14.060 1.2946 12.4765219842
14.070 1.2936 12.4853957552
14.080 1.2926 12.4942695262
14.090 1.2917 12.5031432971
14.100 1.2907 12.5120170681
14.110 1.2897 12.5208908391
14.120 1.2888 12.52976461
14.130 1.2878 12.538638381
14.140 1.2868 12.547512152
14.150 1.2859 12.556385923
14.160 1.2849 12.5652596939
14.170 1.2839 12.5741334649
14.180 1.2830 12.5830072359
14.190 1.2820 12.5918810068
14.200 1.2811 12.6007547778
14.210 1.2801 12.6096285488
14.220 1.2791 12.6185023197
14.230 1.2782 12.6273760907
14.240 1.2772 12.6362498617
14.250 1.2763 12.6451236327
14.260 1.2753 12.6539974036
14.270 1.2744 12.6628711746
14.280 1.2734 12.6717449456
14.290 1.2725 12.6806187165
14.300 1.2715 12.6894924875
14.310 1.2706 12.6983662585
14.320 1.2697 12.7072400295
14.330 1.2687 12.7161138004
14.340 1.2678 12.7249875714
14.350 1.2668 12.7338613424
14.360 1.2659 12.7427351133
14.370 1.2650 12.7516088843
14.380 1.2640 12.7604826553
14.390 1.2631 12.7693564262
14.400 1.2622 12.7782301972
14.410 1.2612 12.7871039682
14.420 1.2603 12.7959777392
14.430 1.2594 12.8048515101
14.440 1.2585 12.8137252811
14.450 1.2575 12.8225990521
14.460 1.2566 12.831472823
14.470 1.2557 12.840346594
14.480 1.2548 12.849220365
14.490 1.2538 12.8580941359
14.500 1.2529 12.8669679069
14.510 1.2520 12.8758416779
14.520 1.2511 12.8847154489
14.530 1.2502 12.8935892198
14.540 1.2493 12.9024629908
14.550 1.2483 12.9113367618
14.560 1.2474 12.9202105327
14.570 1.2465 12.9290843037
14.580 1.2456 12.9379580747
14.590 1.2447 12.9468318456
14.600 1.2438 12.9557056166
14.610 1.2429 12.9645793876
14.620 1.2420 12.9734531586
14.630 1.2411 12.9823269295
14.640 1.2402 12.9912007005
14.650 1.2393 13.0000744715
14.660 1.2384 13.0089482424
14.670 1.2375 13.0178220134
14.680 1.2366 13.0266957844
14.690 1.2357 13.0355695554
14.700 1.2348 13.0444433263
14.710 1.2339 13.0533170973
14.720 1.2330 13.0621908683
14.730 1.2321 13.0710646392
14.740 1.2312 13.0799384102
14.750 1.2303 13.0888121812
14.760 1.2295 13.0976859521
14.770 1.2286 13.1065597231
14.780 1.2277 13.1154334941
14.790 1.2268 13.1243072651
14.800 1.2259 13.133181036
14.810 1.2250 13.142054807
14.820 1.2242 13.150928578
14.830 1.2233 13.1598023489
14.840 1.2224 13.1686761199
14.850 1.2215 13.1775498909
14.860 1.2207 13.1864236618
14.870 1.2198 13.1952974328
14.880 1.2189 13.2041712038
14.890 1.2180 13.2130449748
14.900 1.2172 13.2219187457
14.910 1.2163 13.2307925167
14.920 1.2154 13.2396662877
14.930 1.2146 13.2485400586
14.940 1.2137 13.2574138296
14.950 1.2128 13.2662876006
14.960 1.2120 13.2751613716
14.970 1.2111 13.2840351425
14.980 1.2102 13.2929089135
14.990 1.2094 13.3017826845
15.000 1.2085 13.3106564554
15.100 1.2000 13.3993941651
15.110 1.1992 13.4082679361
15.120 1.1983 13.4171417071
15.130 1.1975 13.426015478
15.140 1.1966 13.434889249
15.150 1.1958 13.44376302
15.160 1.1949 13.452636791
15.170 1.1941 13.4615105619
15.180 1.1933 13.4703843329
15.190 1.1924 13.4792581039
15.200 1.1916 13.4881318748
15.210 1.1907 13.4970056458
15.220 1.1899 13.5058794168
15.230 1.1891 13.5147531877
15.240 1.1882 13.5236269587
15.250 1.1874 13.5325007297
15.260 1.1866 13.5413745007
15.270 1.1858 13.5502482716
15.280 1.1849 13.5591220426
15.290 1.1841 13.5679958136
15.300 1.1833 13.5768695845
15.310 1.1825 13.5857433555
15.320 1.1816 13.5946171265
15.330 1.1808 13.6034908975
15.340 1.1800 13.6123646684
15.350 1.1792 13.6212384394
15.360 1.1783 13.6301122104
15.370 1.1775 13.6389859813
15.380 1.1767 13.6478597523
15.390 1.1759 13.6567335233
15.400 1.1751 13.6656072942
15.410 1.1743 13.6744810652
15.420 1.1735 13.6833548362
15.430 1.1726 13.6922286072
15.440 1.1718 13.7011023781
15.450 1.1710 13.7099761491
15.460 1.1702 13.7188499201
15.470 1.1694 13.727723691
15.480 1.1686 13.736597462
15.490 1.1678 13.745471233
15.500 1.1670 13.7543450039
15.510 1.1662 13.7632187749
15.520 1.1654 13.7720925459
15.530 1.1646 13.7809663169
15.540 1.1638 13.7898400878
15.550 1.1630 13.7987138588
15.560 1.1622 13.8075876298
15.570 1.1614 13.8164614007
15.580 1.1606 13.8253351717
15.590 1.1598 13.8342089427
15.600 1.1590 13.8430827136
15.610 1.1582 13.8519564846
15.620 1.1574 13.8608302556
15.630 1.1566 13.8697040266
15.640 1.1558 13.8785777975
15.650 1.1550 13.8874515685
15.660 1.1543 13.8963253395
15.670 1.1535 13.9051991104
15.680 1.1527 13.9140728814
15.690 1.1519 13.9229466524
15.700 1.1511 13.9318204234
15.710 1.1503 13.9406941943
15.720 1.1495 13.9495679653
15.730 1.1488 13.9584417363
15.740 1.1480 13.9673155072
15.750 1.1472 13.9761892782
15.760 1.1464 13.9850630492
15.770 1.1457 13.9939368201
15.780 1.1449 14.0028105911
15.790 1.1441 14.0116843621
15.800 1.1433 14.0205581331
15.810 1.1426 14.029431904
15.820 1.1418 14.038305675
15.830 1.1410 14.047179446
15.840 1.1402 14.0560532169
15.850 1.1395 14.0649269879
15.860 1.1387 14.0738007589
15.870 1.1379 14.0826745298
15.880 1.1372 14.0915483008
15.890 1.1364 14.1004220718
15.900 1.1356 14.1092958428
15.910 1.1349 14.1181696137
15.920 1.1341 14.1270433847
15.930 1.1334 14.1359171557
15.940 1.1326 14.1447909266
15.950 1.1318 14.1536646976
15.960 1.1311 14.1625384686
15.970 1.1303 14.1714122395
15.980 1.1296 14.1802860105
15.990 1.1288 14.1891597815
16.000 1.1280 14.1980335525
16.010 1.1273 14.2069073234
16.020 1.1265 14.2157810944
16.030 1.1258 14.2246548654
16.040 1.1250 14.2335286363
16.050 1.1243 14.2424024073
16.060 1.1235 14.2512761783
16.070 1.1228 14.2601499493
16.080 1.1220 14.2690237202
16.090 1.1213 14.2778974912
16.100 1.1205 14.2867712622
16.110 1.1198 14.2956450331
16.120 1.1191 14.3045188041
16.130 1.1183 14.3133925751
16.140 1.1176 14.322266346
16.150 1.1168 14.331140117
16.160 1.1161 14.340013888
16.170 1.1154 14.348887659
16.180 1.1146 14.3577614299
16.190 1.1139 14.3666352009
16.200 1.1131 14.3755089719
16.210 1.1124 14.3843827428
16.220 1.1117 14.3932565138
16.230 1.1109 14.4021302848
16.240 1.1102 14.4110040557
16.250 1.1095 14.4198778267
16.260 1.1087 14.4287515977
16.270 1.1080 14.4376253687
16.280 1.1073 14.4464991396
16.290 1.1066 14.4553729106
16.300 1.1058 14.4642466816
16.310 1.1051 14.4731204525
16.320 1.1044 14.4819942235
16.330 1.1036 14.4908679945
16.340 1.1029 14.4997417655
16.350 1.1022 14.5086155364
16.360 1.1015 14.5174893074
16.370 1.1008 14.5263630784
16.380 1.1000 14.5352368493
16.390 1.0993 14.5441106203
16.400 1.0986 14.5529843913
16.410 1.0979 14.5618581622
16.420 1.0972 14.5707319332
16.430 1.0964 14.5796057042
16.440 1.0957 14.5884794752
16.450 1.0950 14.5973532461
16.460 1.0943 14.6062270171
16.470 1.0936 14.6151007881
16.480 1.0929 14.623974559
16.490 1.0922 14.63284833
16.500 1.0915 14.641722101
16.510 1.0907 14.6505958719
16.520 1.0900 14.6594696429
16.530 1.0893 14.6683434139
16.540 1.0886 14.6772171849
16.550 1.0879 14.6860909558
16.560 1.0872 14.6949647268
16.570 1.0865 14.7038384978
16.580 1.0858 14.7127122687
16.590 1.0851 14.7215860397
16.600 1.0844 14.7304598107
16.610 1.0837 14.7393335816
16.620 1.0830 14.7482073526
16.630 1.0823 14.7570811236
16.640 1.0816 14.7659548946
16.650 1.0809 14.7748286655
16.660 1.0802 14.7837024365
16.670 1.0795 14.7925762075
16.680 1.0788 14.8014499784
16.690 1.0781 14.8103237494
16.700 1.0774 14.8191975204
16.710 1.0767 14.8280712914
16.720 1.0761 14.8369450623
16.730 1.0754 14.8458188333
16.740 1.0747 14.8546926043
16.750 1.0740 14.8635663752
16.760 1.0733 14.8724401462
16.770 1.0726 14.8813139172
16.780 1.0719 14.8901876881
16.790 1.0712 14.8990614591
16.800 1.0705 14.9079352301
16.810 1.0699 14.9168090011
16.820 1.0692 14.925682772
16.830 1.0685 14.934556543
16.840 1.0678 14.943430314
16.850 1.0671 14.9523040849
16.860 1.0665 14.9611778559
16.870 1.0658 14.9700516269
16.880 1.0651 14.9789253978
16.890 1.0644 14.9877991688
16.900 1.0637 14.9966729398
16.910 1.0631 15.0055467108
16.920 1.0624 15.0144204817
16.930 1.0617 15.0232942527
16.940 1.0610 15.0321680237
16.950 1.0604 15.0410417946
16.960 1.0597 15.0499155656
16.970 1.0590 15.0587893366
16.980 1.0584 15.0676631075
16.990 1.0577 15.0765368785
17.000 1.0570 15.0854106495
17.010 1.0563 15.0942844205
17.020 1.0557 15.1031581914
17.030 1.0550 15.1120319624
17.040 1.0543 15.1209057334
17.050 1.0537 15.1297795043
17.060 1.0530 15.1386532753
17.070 1.0524 15.1475270463
17.080 1.0517 15.1564008173
17.090 1.0510 15.1652745882
17.100 1.0504 15.1741483592
17.110 1.0497 15.1830221302
17.120 1.0491 15.1918959011
17.130 1.0484 15.2007696721
17.140 1.0477 15.2096434431
17.150 1.0471 15.218517214
17.160 1.0464 15.227390985
17.170 1.0458 15.236264756
17.180 1.0451 15.245138527
17.190 1.0445 15.2540122979
17.200 1.0438 15.2628860689
17.210 1.0431 15.2717598399
17.220 1.0425 15.2806336108
17.230 1.0418 15.2895073818
17.240 1.0412 15.2983811528
17.250 1.0405 15.3072549237
17.260 1.0399 15.3161286947
17.270 1.0392 15.3250024657
17.280 1.0386 15.3338762367
17.290 1.0380 15.3427500076
17.300 1.0373 15.3516237786
17.310 1.0367 15.3604975496
17.320 1.0360 15.3693713205
17.330 1.0354 15.3782450915
17.340 1.0347 15.3871188625
17.350 1.0341 15.3959926334
17.360 1.0334 15.4048664044
17.370 1.0328 15.4137401754
17.380 1.0322 15.4226139464
17.390 1.0315 15.4314877173
17.400 1.0309 15.4403614883
17.410 1.0303 15.4492352593
17.420 1.0296 15.4581090302
17.430 1.0290 15.4669828012
17.440 1.0283 15.4758565722
17.450 1.0277 15.4847303432
17.460 1.0271 15.4936041141
17.470 1.0264 15.5024778851
17.480 1.0258 15.5113516561
17.490 1.0252 15.520225427
17.500 1.0245 15.529099198
17.510 1.0239 15.537972969
17.520 1.0233 15.5468467399
17.530 1.0227 15.5557205109
17.540 1.0220 15.5645942819
17.550 1.0214 15.5734680529
17.560 1.0208 15.5823418238
17.570 1.0201 15.5912155948
17.580 1.0195 15.6000893658
17.590 1.0189 15.6089631367
17.600 1.0183 15.6178369077
17.610 1.0176 15.6267106787
17.620 1.0170 15.6355844496
17.630 1.0164 15.6444582206
17.640 1.0158 15.6533319916
17.650 1.0152 15.6622057626
17.660 1.0145 15.6710795335
17.670 1.0139 15.6799533045
17.680 1.0133 15.6888270755
17.690 1.0127 15.6977008464
17.700 1.0121 15.7065746174
17.710 1.0114 15.7154483884
17.720 1.0108 15.7243221594
17.730 1.0102 15.7331959303
17.740 1.0096 15.7420697013
17.750 1.0090 15.7509434723
17.760 1.0084 15.7598172432
17.770 1.0078 15.7686910142
17.780 1.0072 15.7775647852
17.790 1.0065 15.7864385561
17.800 1.0059 15.7953123271
17.810 1.0053 15.8041860981
17.820 1.0047 15.8130598691
17.830 1.0041 15.82193364
17.840 1.0035 15.830807411
17.850 1.0029 15.839681182
17.860 1.0023 15.8485549529
17.870 1.0017 15.8574287239
17.880 1.0011 15.8663024949
17.890 1.0005 15.8751762658
17.900 0.99987 15.8840500368
17.910 0.99926 15.8929238078
17.920 0.99866 15.9017975788
17.930 0.99806 15.9106713497
17.940 0.99746 15.9195451207
17.950 0.99686 15.9284188917
17.960 0.99626 15.9372926626
17.970 0.99566 15.9461664336
17.980 0.99506 15.9550402046
17.990 0.99446 15.9639139755
18.000 0.99387 15.9727877465
18.010 0.99327 15.9816615175
18.020 0.99268 15.9905352885
18.030 0.99208 15.9994090594
18.040 0.99149 16.0082828304
18.050 0.99089 16.0171566014
18.060 0.99030 16.0260303723
18.070 0.98971 16.0349041433
18.080 0.98912 16.0437779143
18.090 0.98853 16.0526516853
18.100 0.98793 16.0615254562
18.110 0.98735 16.0703992272
18.120 0.98676 16.0792729982
18.130 0.98617 16.0881467691
18.140 0.98558 16.0970205401
18.150 0.98499 16.1058943111
18.160 0.98441 16.114768082
18.170 0.98382 16.123641853
18.180 0.98324 16.132515624
18.190 0.98265 16.141389395
18.200 0.98207 16.1502631659
18.210 0.98148 16.1591369369
18.220 0.98090 16.1680107079
18.230 0.98032 16.1768844788
18.240 0.97974 16.1857582498
18.250 0.97916 16.1946320208
18.260 0.97858 16.2035057917
18.270 0.97800 16.2123795627
18.280 0.97742 16.2212533337
18.290 0.97684 16.2301271047
18.300 0.97626 16.2390008756
18.310 0.97569 16.2478746466
18.320 0.97511 16.2567484176
18.330 0.97454 16.2656221885
18.340 0.97396 16.2744959595
18.350 0.97339 16.2833697305
18.360 0.97281 16.2922435014
18.370 0.97224 16.3011172724
18.380 0.97167 16.3099910434
18.390 0.97110 16.3188648144
18.400 0.97052 16.3277385853
18.410 0.96995 16.3366123563
18.420 0.96938 16.3454861273
18.430 0.96881 16.3543598982
18.440 0.96825 16.3632336692
18.450 0.96768 16.3721074402
18.460 0.96711 16.3809812112
18.470 0.96654 16.3898549821
18.480 0.96598 16.3987287531
18.490 0.96541 16.4076025241
18.500 0.96485 16.416476295
18.510 0.96428 16.425350066
18.520 0.96372 16.434223837
18.530 0.96315 16.4430976079
18.540 0.96259 16.4519713789
18.550 0.96203 16.4608451499
18.560 0.96147 16.4697189209
18.570 0.96091 16.4785926918
18.580 0.96035 16.4874664628
18.590 0.95979 16.4963402338
18.600 0.95923 16.5052140047
18.610 0.95867 16.5140877757
18.620 0.95811 16.5229615467
18.630 0.95756 16.5318353176
18.640 0.95700 16.5407090886
18.650 0.95644 16.5495828596
18.660 0.95589 16.5584566306
18.670 0.95533 16.5673304015
18.680 0.95478 16.5762041725
18.690 0.95422 16.5850779435
18.700 0.95367 16.5939517144
18.710 0.95312 16.6028254854
18.720 0.95257 16.6116992564
18.730 0.95202 16.6205730273
18.740 0.95146 16.6294467983
18.750 0.95091 16.6383205693
18.760 0.95037 16.6471943403
18.770 0.94982 16.6560681112
18.780 0.94927 16.6649418822
18.790 0.94872 16.6738156532
18.800 0.94817 16.6826894241
18.810 0.94763 16.6915631951
18.820 0.94708 16.7004369661
18.830 0.94653 16.7093107371
18.840 0.94599 16.718184508
18.850 0.94545 16.727058279
18.860 0.94490 16.73593205
18.870 0.94436 16.7448058209
18.880 0.94382 16.7536795919
18.890 0.94327 16.7625533629
18.900 0.94273 16.7714271338
18.910 0.94219 16.7803009048
18.920 0.94165 16.7891746758
18.930 0.94111 16.7980484468
18.940 0.94057 16.8069222177
18.950 0.94003 16.8157959887
18.960 0.93950 16.8246697597
18.970 0.93896 16.8335435306
18.980 0.93842 16.8424173016
18.990 0.93788 16.8512910726
19.000 0.93735 16.8601648435
19.010 0.93681 16.8690386145
19.020 0.93628 16.8779123855
19.030 0.93575 16.8867861565
19.040 0.93521 16.8956599274
19.050 0.93468 16.9045336984
19.060 0.93415 16.9134074694
19.070 0.93361 16.9222812403
19.080 0.93308 16.9311550113
19.090 0.93255 16.9400287823
19.100 0.93202 16.9489025532
19.110 0.93149 16.9577763242
19.120 0.93096 16.9666500952
19.130 0.93043 16.9755238662
19.140 0.92991 16.9843976371
19.150 0.92938 16.9932714081
19.160 0.92885 17.0021451791
19.170 0.92833 17.01101895
19.180 0.92780 17.019892721
19.190 0.92727 17.028766492
19.200 0.92675 17.037640263
19.210 0.92623 17.0465140339
19.220 0.92570 17.0553878049
19.230 0.92518 17.0642615759
19.240 0.92466 17.0731353468
19.250 0.92413 17.0820091178
19.260 0.92361 17.0908828888
19.270 0.92309 17.0997566597
19.280 0.92257 17.1086304307
19.290 0.92205 17.1175042017
19.300 0.92153 17.1263779727
19.310 0.92101 17.1352517436
19.320 0.92050 17.1441255146
19.330 0.91998 17.1529992856
19.340 0.91946 17.1618730565
19.350 0.91894 17.1707468275
19.360 0.91843 17.1796205985
19.370 0.91791 17.1884943694
19.380 0.91740 17.1973681404
19.390 0.91688 17.2062419114
19.400 0.91637 17.2151156824
19.410 0.91586 17.2239894533
19.420 0.91534 17.2328632243
19.430 0.91483 17.2417369953
19.440 0.91432 17.2506107662
19.450 0.91381 17.2594845372
19.460 0.91330 17.2683583082
19.470 0.91279 17.2772320792
19.480 0.91228 17.2861058501
19.490 0.91177 17.2949796211
19.500 0.91126 17.3038533921
19.510 0.91075 17.312727163
19.520 0.91024 17.321600934
19.530 0.90974 17.330474705
19.540 0.90923 17.3393484759
19.550 0.90872 17.3482222469
19.560 0.90822 17.3570960179
19.570 0.90771 17.3659697889
19.580 0.90721 17.3748435598
19.590 0.90670 17.3837173308
19.600 0.90620 17.3925911018
19.610 0.90570 17.4014648727
19.620 0.90519 17.4103386437
19.630 0.90469 17.4192124147
19.640 0.90419 17.4280861856
19.650 0.90369 17.4369599566
19.660 0.90319 17.4458337276
19.670 0.90269 17.4547074986
19.680 0.90219 17.4635812695
19.690 0.90169 17.4724550405
19.700 0.90119 17.4813288115
19.710 0.90069 17.4902025824
19.720 0.90020 17.4990763534
19.730 0.89970 17.5079501244
19.740 0.89920 17.5168238953
19.750 0.89871 17.5256976663
19.760 0.89821 17.5345714373
19.770 0.89772 17.5434452083
19.780 0.89722 17.5523189792
19.790 0.89673 17.5611927502
19.800 0.89623 17.5700665212
19.810 0.89574 17.5789402921
19.820 0.89525 17.5878140631
19.830 0.89476 17.5966878341
19.840 0.89427 17.6055616051
19.850 0.89377 17.614435376
19.860 0.89328 17.623309147
19.870 0.89279 17.632182918
19.880 0.89230 17.6410566889
19.890 0.89182 17.6499304599
19.900 0.89133 17.6588042309
19.910 0.89084 17.6676780018
19.920 0.89035 17.6765517728
19.930 0.88986 17.6854255438
19.940 0.88938 17.6942993148
19.950 0.88889 17.7031730857
19.960 0.88841 17.7120468567
19.970 0.88792 17.7209206277
19.980 0.88744 17.7297943986
19.990 0.88695 17.7386681696
20.000 0.88647 17.7475419406
20.100 0.88166 17.8362796503
20.110 0.88118 17.8451534212
20.120 0.88070 17.8540271922
20.130 0.88022 17.8629009632
20.140 0.87975 17.8717747342
20.150 0.87927 17.8806485051
20.160 0.87880 17.8895222761
20.170 0.87832 17.8983960471
20.180 0.87784 17.907269818
20.190 0.87737 17.916143589
20.200 0.87690 17.92501736
20.210 0.87642 17.933891131
20.220 0.87595 17.9427649019
20.230 0.87548 17.9516386729
20.240 0.87500 17.9605124439
20.250 0.87453 17.9693862148
20.260 0.87406 17.9782599858
20.270 0.87359 17.9871337568
20.280 0.87312 17.9960075277
20.290 0.87265 18.0048812987
20.300 0.87218 18.0137550697
20.310 0.87171 18.0226288407
20.320 0.87124 18.0315026116
20.330 0.87077 18.0403763826
20.340 0.87031 18.0492501536
20.350 0.86984 18.0581239245
20.360 0.86937 18.0669976955
20.370 0.86891 18.0758714665
20.380 0.86844 18.0847452374
20.390 0.86797 18.0936190084
20.400 0.86751 18.1024927794
20.410 0.86705 18.1113665504
20.420 0.86658 18.1202403213
20.430 0.86612 18.1291140923
20.440 0.86565 18.1379878633
20.450 0.86519 18.1468616342
20.460 0.86473 18.1557354052
20.470 0.86427 18.1646091762
20.480 0.86381 18.1734829471
20.490 0.86335 18.1823567181
20.500 0.86289 18.1912304891
20.510 0.86243 18.2001042601
20.520 0.86197 18.208978031
20.530 0.86151 18.217851802
20.540 0.86105 18.226725573
20.550 0.86059 18.2355993439
20.560 0.86013 18.2444731149
20.570 0.85967 18.2533468859
20.580 0.85922 18.2622206569
20.590 0.85876 18.2710944278
20.600 0.85831 18.2799681988
20.610 0.85785 18.2888419698
20.620 0.85739 18.2977157407
20.630 0.85694 18.3065895117
20.640 0.85649 18.3154632827
20.650 0.85603 18.3243370536
20.660 0.85558 18.3332108246
20.670 0.85513 18.3420845956
20.680 0.85467 18.3509583666
20.690 0.85422 18.3598321375
20.700 0.85377 18.3687059085
20.710 0.85332 18.3775796795
20.720 0.85287 18.3864534504
20.730 0.85242 18.3953272214
20.740 0.85197 18.4042009924
20.750 0.85152 18.4130747633
20.760 0.85107 18.4219485343
20.770 0.85062 18.4308223053
20.780 0.85017 18.4396960763
20.790 0.84972 18.4485698472
20.800 0.84928 18.4574436182
20.810 0.84883 18.4663173892
20.820 0.84838 18.4751911601
20.830 0.84794 18.4840649311
20.840 0.84749 18.4929387021
20.850 0.84705 18.5018124731
20.860 0.84660 18.510686244
20.870 0.84616 18.519560015
20.880 0.84571 18.528433786
20.890 0.84527 18.5373075569
20.900 0.84483 18.5461813279
20.910 0.84439 18.5550550989
20.920 0.84394 18.5639288698
20.930 0.84350 18.5728026408
20.940 0.84306 18.5816764118
20.950 0.84262 18.5905501828
20.960 0.84218 18.5994239537
20.970 0.84174 18.6082977247
20.980 0.84130 18.6171714957
20.990 0.84086 18.6260452666
21.000 0.84042 18.6349190376
21.010 0.83998 18.6437928086
21.020 0.83954 18.6526665795
21.030 0.83911 18.6615403505
21.040 0.83867 18.6704141215
21.050 0.83823 18.6792878925
21.060 0.83780 18.6881616634
21.070 0.83736 18.6970354344
21.080 0.83693 18.7059092054
21.090 0.83649 18.7147829763
21.100 0.83606 18.7236567473
21.110 0.83562 18.7325305183
21.120 0.83519 18.7414042892
21.130 0.83475 18.7502780602
21.140 0.83432 18.7591518312
21.150 0.83389 18.7680256022
21.160 0.83346 18.7768993731
21.170 0.83302 18.7857731441
21.180 0.83259 18.7946469151
21.190 0.83216 18.803520686
21.200 0.83173 18.812394457
21.210 0.83130 18.821268228
21.220 0.83087 18.830141999
21.230 0.83044 18.8390157699
21.240 0.83001 18.8478895409
21.250 0.82958 18.8567633119
21.260 0.82916 18.8656370828
21.270 0.82873 18.8745108538
21.280 0.82830 18.8833846248
21.290 0.82787 18.8922583957
21.300 0.82745 18.9011321667
21.310 0.82702 18.9100059377
21.320 0.82660 18.9188797087
21.330 0.82617 18.9277534796
21.340 0.82574 18.9366272506
21.350 0.82532 18.9455010216
21.360 0.82490 18.9543747925
21.370 0.82447 18.9632485635
21.380 0.82405 18.9721223345
21.390 0.82363 18.9809961054
21.400 0.82320 18.9898698764
21.410 0.82278 18.9987436474
21.420 0.82236 19.0076174184
21.430 0.82194 19.0164911893
21.440 0.82152 19.0253649603
21.450 0.82110 19.0342387313
21.460 0.82068 19.0431125022
21.470 0.82026 19.0519862732
21.480 0.81984 19.0608600442
21.490 0.81942 19.0697338151
21.500 0.81900 19.0786075861
21.510 0.81858 19.0874813571
21.520 0.81816 19.0963551281
21.530 0.81774 19.105228899
21.540 0.81733 19.11410267
21.550 0.81691 19.122976441
21.560 0.81649 19.1318502119
21.570 0.81608 19.1407239829
21.580 0.81566 19.1495977539
21.590 0.81525 19.1584715249
21.600 0.81483 19.1673452958
21.610 0.81442 19.1762190668
21.620 0.81400 19.1850928378
21.630 0.81359 19.1939666087
21.640 0.81318 19.2028403797
21.650 0.81276 19.2117141507
21.660 0.81235 19.2205879216
21.670 0.81194 19.2294616926
21.680 0.81153 19.2383354636
21.690 0.81112 19.2472092346
21.700 0.81071 19.2560830055
21.710 0.81029 19.2649567765
21.720 0.80988 19.2738305475
21.730 0.80947 19.2827043184
21.740 0.80906 19.2915780894
21.750 0.80866 19.3004518604
21.760 0.80825 19.3093256313
21.770 0.80784 19.3181994023
21.780 0.80743 19.3270731733
21.790 0.80702 19.3359469443
21.800 0.80662 19.3448207152
21.810 0.80621 19.3536944862
21.820 0.80580 19.3625682572
21.830 0.80540 19.3714420281
21.840 0.80499 19.3803157991
21.850 0.80458 19.3891895701
21.860 0.80418 19.398063341
21.870 0.80377 19.406937112
21.880 0.80337 19.415810883
21.890 0.80297 19.424684654
21.900 0.80256 19.4335584249
21.910 0.80216 19.4424321959
21.920 0.80176 19.4513059669
21.930 0.80135 19.4601797378
21.940 0.80095 19.4690535088
21.950 0.80055 19.4779272798
21.960 0.80015 19.4868010508
21.970 0.79975 19.4956748217
21.980 0.79935 19.5045485927
21.990 0.79895 19.5134223637
22.000 0.79855 19.5222961346
22.010 0.79815 19.5311699056
22.020 0.79775 19.5400436766
22.030 0.79735 19.5489174475
22.040 0.79695 19.5577912185
22.050 0.79655 19.5666649895
22.060 0.79615 19.5755387605
22.070 0.79576 19.5844125314
22.080 0.79536 19.5932863024
22.090 0.79496 19.6021600734
22.100 0.79457 19.6110338443
22.110 0.79417 19.6199076153
22.120 0.79378 19.6287813863
22.130 0.79338 19.6376551572
22.140 0.79299 19.6465289282
22.150 0.79259 19.6554026992
22.160 0.79220 19.6642764702
22.170 0.79180 19.6731502411
22.180 0.79141 19.6820240121
22.190 0.79102 19.6908977831
22.200 0.79062 19.699771554
22.210 0.79023 19.708645325
22.220 0.78984 19.717519096
22.230 0.78945 19.7263928669
22.240 0.78906 19.7352666379
22.250 0.78866 19.7441404089
22.260 0.78827 19.7530141799
22.270 0.78788 19.7618879508
22.280 0.78749 19.7707617218
22.290 0.78710 19.7796354928
22.300 0.78671 19.7885092637
22.310 0.78633 19.7973830347
22.320 0.78594 19.8062568057
22.330 0.78555 19.8151305767
22.340 0.78516 19.8240043476
22.350 0.78477 19.8328781186
22.360 0.78439 19.8417518896
22.370 0.78400 19.8506256605
22.380 0.78361 19.8594994315
22.390 0.78323 19.8683732025
22.400 0.78284 19.8772469734
22.410 0.78245 19.8861207444
22.420 0.78207 19.8949945154
22.430 0.78168 19.9038682864
22.440 0.78130 19.9127420573
22.450 0.78092 19.9216158283
22.460 0.78053 19.9304895993
22.470 0.78015 19.9393633702
22.480 0.77977 19.9482371412
22.490 0.77938 19.9571109122
22.500 0.77900 19.9659846831
22.510 0.77862 19.9748584541
22.520 0.77824 19.9837322251
22.530 0.77786 19.9926059961
22.540 0.77747 20.001479767
22.550 0.77709 20.010353538
22.560 0.77671 20.019227309
22.570 0.77633 20.0281010799
22.580 0.77595 20.0369748509
22.590 0.77557 20.0458486219
22.600 0.77519 20.0547223929
22.610 0.77482 20.0635961638
22.620 0.77444 20.0724699348
22.630 0.77406 20.0813437058
22.640 0.77368 20.0902174767
22.650 0.77330 20.0990912477
22.660 0.77293 20.1079650187
22.670 0.77255 20.1168387896
22.680 0.77217 20.1257125606
22.690 0.77180 20.1345863316
22.700 0.77142 20.1434601026
22.710 0.77105 20.1523338735
22.720 0.77067 20.1612076445
22.730 0.77030 20.1700814155
22.740 0.76992 20.1789551864
22.750 0.76955 20.1878289574
22.760 0.76917 20.1967027284
22.770 0.76880 20.2055764993
22.780 0.76843 20.2144502703
22.790 0.76806 20.2233240413
22.800 0.76768 20.2321978123
22.810 0.76731 20.2410715832
22.820 0.76694 20.2499453542
22.830 0.76657 20.2588191252
22.840 0.76620 20.2676928961
22.850 0.76583 20.2765666671
22.860 0.76545 20.2854404381
22.870 0.76508 20.294314209
22.880 0.76471 20.30318798
22.890 0.76435 20.312061751
22.900 0.76398 20.320935522
22.910 0.76361 20.3298092929
22.920 0.76324 20.3386830639
22.930 0.76287 20.3475568349
22.940 0.76250 20.3564306058
22.950 0.76213 20.3653043768
22.960 0.76177 20.3741781478
22.970 0.76140 20.3830519188
22.980 0.76103 20.3919256897
22.990 0.76067 20.4007994607
23.000 0.76030 20.4096732317
23.010 0.75994 20.4185470026
23.020 0.75957 20.4274207736
23.030 0.75920 20.4362945446
23.040 0.75884 20.4451683155
23.050 0.75848 20.4540420865
23.060 0.75811 20.4629158575
23.070 0.75775 20.4717896285
23.080 0.75738 20.4806633994
23.090 0.75702 20.4895371704
23.100 0.75666 20.4984109414
23.110 0.75630 20.5072847123
23.120 0.75593 20.5161584833
23.130 0.75557 20.5250322543
23.140 0.75521 20.5339060252
23.150 0.75485 20.5427797962
23.160 0.75449 20.5516535672
23.170 0.75413 20.5605273382
23.180 0.75377 20.5694011091
23.190 0.75341 20.5782748801
23.200 0.75305 20.5871486511
23.210 0.75269 20.596022422
23.220 0.75233 20.604896193
23.230 0.75197 20.613769964
23.240 0.75161 20.6226437349
23.250 0.75125 20.6315175059
23.260 0.75089 20.6403912769
23.270 0.75054 20.6492650479
23.280 0.75018 20.6581388188
23.290 0.74982 20.6670125898
23.300 0.74947 20.6758863608
23.310 0.74911 20.6847601317
23.320 0.74875 20.6936339027
23.330 0.74840 20.7025076737
23.340 0.74804 20.7113814447
23.350 0.74769 20.7202552156
23.360 0.74733 20.7291289866
23.370 0.74698 20.7380027576
23.380 0.74662 20.7468765285
23.390 0.74627 20.7557502995
23.400 0.74591 20.7646240705
23.410 0.74556 20.7734978414
23.420 0.74521 20.7823716124
23.430 0.74486 20.7912453834
23.440 0.74450 20.8001191544
23.450 0.74415 20.8089929253
23.460 0.74380 20.8178666963
23.470 0.74345 20.8267404673
23.480 0.74310 20.8356142382
23.490 0.74275 20.8444880092
23.500 0.74239 20.8533617802
23.510 0.74204 20.8622355511
23.520 0.74169 20.8711093221
23.530 0.74134 20.8799830931
23.540 0.74099 20.8888568641
23.550 0.74065 20.897730635
23.560 0.74030 20.906604406
23.570 0.73995 20.915478177
23.580 0.73960 20.9243519479
23.590 0.73925 20.9332257189
23.600 0.73890 20.9420994899
23.610 0.73856 20.9509732608
23.620 0.73821 20.9598470318
23.630 0.73786 20.9687208028
23.640 0.73752 20.9775945738
23.650 0.73717 20.9864683447
23.660 0.73682 20.9953421157
23.670 0.73648 21.0042158867
23.680 0.73613 21.0130896576
23.690 0.73579 21.0219634286
23.700 0.73544 21.0308371996
23.710 0.73510 21.0397109706
23.720 0.73475 21.0485847415
23.730 0.73441 21.0574585125
23.740 0.73407 21.0663322835
23.750 0.73372 21.0752060544
23.760 0.73338 21.0840798254
23.770 0.73304 21.0929535964
23.780 0.73269 21.1018273673
23.790 0.73235 21.1107011383
23.800 0.73201 21.1195749093
23.810 0.73167 21.1284486803
23.820 0.73133 21.1373224512
23.830 0.73099 21.1461962222
23.840 0.73065 21.1550699932
23.850 0.73030 21.1639437641
23.860 0.72996 21.1728175351
23.870 0.72962 21.1816913061
23.880 0.72928 21.190565077
23.890 0.72895 21.199438848
23.900 0.72861 21.208312619
23.910 0.72827 21.21718639
23.920 0.72793 21.2260601609
23.930 0.72759 21.2349339319
23.940 0.72725 21.2438077029
23.950 0.72692 21.2526814738
23.960 0.72658 21.2615552448
23.970 0.72624 21.2704290158
23.980 0.72590 21.2793027868
23.990 0.72557 21.2881765577
24.000 0.72523 21.2970503287
24.010 0.72489 21.3059240997
24.020 0.72456 21.3147978706
24.030 0.72422 21.3236716416
24.040 0.72389 21.3325454126
24.050 0.72355 21.3414191835
24.060 0.72322 21.3502929545
24.070 0.72288 21.3591667255
24.080 0.72255 21.3680404965
24.090 0.72222 21.3769142674
24.100 0.72188 21.3857880384
24.110 0.72155 21.3946618094
24.120 0.72122 21.4035355803
24.130 0.72088 21.4124093513
24.140 0.72055 21.4212831223
24.150 0.72022 21.4301568932
24.160 0.71989 21.4390306642
24.170 0.71956 21.4479044352
24.180 0.71923 21.4567782062
24.190 0.71889 21.4656519771
24.200 0.71856 21.4745257481
24.210 0.71823 21.4833995191
24.220 0.71790 21.49227329
24.230 0.71757 21.501147061
24.240 0.71724 21.510020832
24.250 0.71691 21.5188946029
24.260 0.71658 21.5277683739
24.270 0.71626 21.5366421449
24.280 0.71593 21.5455159159
24.290 0.71560 21.5543896868
24.300 0.71527 21.5632634578
24.310 0.71494 21.5721372288
24.320 0.71462 21.5810109997
24.330 0.71429 21.5898847707
24.340 0.71396 21.5987585417
24.350 0.71363 21.6076323127
24.360 0.71331 21.6165060836
24.370 0.71298 21.6253798546
24.380 0.71266 21.6342536256
24.390 0.71233 21.6431273965
24.400 0.71200 21.6520011675
24.410 0.71168 21.6608749385
24.420 0.71135 21.6697487094
24.430 0.71103 21.6786224804
24.440 0.71071 21.6874962514
24.450 0.71038 21.6963700224
24.460 0.71006 21.7052437933
24.470 0.70973 21.7141175643
24.480 0.70941 21.7229913353
24.490 0.70909 21.7318651062
24.500 0.70877 21.7407388772
24.510 0.70844 21.7496126482
24.520 0.70812 21.7584864191
24.530 0.70780 21.7673601901
24.540 0.70748 21.7762339611
24.550 0.70716 21.7851077321
24.560 0.70683 21.793981503
24.570 0.70651 21.802855274
24.580 0.70619 21.811729045
24.590 0.70587 21.8206028159
24.600 0.70555 21.8294765869
24.610 0.70523 21.8383503579
24.620 0.70491 21.8472241288
24.630 0.70459 21.8560978998
24.640 0.70427 21.8649716708
24.650 0.70395 21.8738454418
24.660 0.70364 21.8827192127
24.670 0.70332 21.8915929837
24.680 0.70300 21.9004667547
24.690 0.70268 21.9093405256
24.700 0.70236 21.9182142966
24.710 0.70205 21.9270880676
24.720 0.70173 21.9359618386
24.730 0.70141 21.9448356095
24.740 0.70110 21.9537093805
24.750 0.70078 21.9625831515
24.760 0.70046 21.9714569224
24.770 0.70015 21.9803306934
24.780 0.69983 21.9892044644
24.790 0.69952 21.9980782353
24.800 0.69920 22.0069520063
24.810 0.69889 22.0158257773
24.820 0.69857 22.0246995483
24.830 0.69826 22.0335733192
24.840 0.69795 22.0424470902
24.850 0.69763 22.0513208612
24.860 0.69732 22.0601946321
24.870 0.69700 22.0690684031
24.880 0.69669 22.0779421741
24.890 0.69638 22.086815945
24.900 0.69607 22.095689716
24.910 0.69575 22.104563487
24.920 0.69544 22.113437258
24.930 0.69513 22.1223110289
24.940 0.69482 22.1311847999
24.950 0.69451 22.1400585709
24.960 0.69420 22.1489323418
24.970 0.69389 22.1578061128
24.980 0.69358 22.1666798838
24.990 0.69327 22.1755536547
25.000 0.69295 22.1844274257
25.100 0.68987 22.2731651354
25.110 0.68956 22.2820389064
25.120 0.68925 22.2909126774
25.130 0.68895 22.2997864483
25.140 0.68864 22.3086602193
25.150 0.68833 22.3175339903
25.160 0.68803 22.3264077612
25.170 0.68772 22.3352815322
25.180 0.68742 22.3441553032
25.190 0.68711 22.3530290742
25.200 0.68681 22.3619028451
25.210 0.68650 22.3707766161
25.220 0.68620 22.3796503871
25.230 0.68589 22.388524158
25.240 0.68559 22.397397929
25.250 0.68528 22.4062717
25.260 0.68498 22.4151454709
25.270 0.68468 22.4240192419
25.280 0.68437 22.4328930129
25.290 0.68407 22.4417667839
25.300 0.68377 22.4506405548
25.310 0.68347 22.4595143258
25.320 0.68316 22.4683880968
25.330 0.68286 22.4772618677
25.340 0.68256 22.4861356387
25.350 0.68226 22.4950094097
25.360 0.68196 22.5038831806
25.370 0.68165 22.5127569516
25.380 0.68135 22.5216307226
25.390 0.68105 22.5305044936
25.400 0.68075 22.5393782645
25.410 0.68045 22.5482520355
25.420 0.68015 22.5571258065
25.430 0.67985 22.5659995774
25.440 0.67955 22.5748733484
25.450 0.67925 22.5837471194
25.460 0.67896 22.5926208904
25.470 0.67866 22.6014946613
25.480 0.67836 22.6103684323
25.490 0.67806 22.6192422033
25.500 0.67776 22.6281159742
25.510 0.67746 22.6369897452
25.520 0.67717 22.6458635162
25.530 0.67687 22.6547372871
25.540 0.67657 22.6636110581
25.550 0.67628 22.6724848291
25.560 0.67598 22.6813586001
25.570 0.67568 22.690232371
25.580 0.67539 22.699106142
25.590 0.67509 22.707979913
25.600 0.67479 22.7168536839
25.610 0.67450 22.7257274549
25.620 0.67420 22.7346012259
25.630 0.67391 22.7434749968
25.640 0.67361 22.7523487678
25.650 0.67332 22.7612225388
25.660 0.67302 22.7700963098
25.670 0.67273 22.7789700807
25.680 0.67244 22.7878438517
25.690 0.67214 22.7967176227
25.700 0.67185 22.8055913936
25.710 0.67156 22.8144651646
25.720 0.67126 22.8233389356
25.730 0.67097 22.8322127066
25.740 0.67068 22.8410864775
25.750 0.67039 22.8499602485
25.760 0.67009 22.8588340195
25.770 0.66980 22.8677077904
25.780 0.66951 22.8765815614
25.790 0.66922 22.8854553324
25.800 0.66893 22.8943291033
25.810 0.66864 22.9032028743
25.820 0.66835 22.9120766453
25.830 0.66806 22.9209504163
25.840 0.66777 22.9298241872
25.850 0.66748 22.9386979582
25.860 0.66719 22.9475717292
25.870 0.66690 22.9564455001
25.880 0.66661 22.9653192711
25.890 0.66632 22.9741930421
25.900 0.66603 22.983066813
25.910 0.66574 22.991940584
25.920 0.66545 23.000814355
25.930 0.66516 23.009688126
25.940 0.66487 23.0185618969
25.950 0.66459 23.0274356679
25.960 0.66430 23.0363094389
25.970 0.66401 23.0451832098
25.980 0.66372 23.0540569808
25.990 0.66344 23.0629307518
26.000 0.66315 23.0718045227
26.010 0.66286 23.0806782937
26.020 0.66258 23.0895520647
26.030 0.66229 23.0984258357
26.040 0.66201 23.1072996066
26.050 0.66172 23.1161733776
26.060 0.66144 23.1250471486
26.070 0.66115 23.1339209195
26.080 0.66086 23.1427946905
26.090 0.66058 23.1516684615
26.100 0.66030 23.1605422325
26.110 0.66001 23.1694160034
26.120 0.65973 23.1782897744
26.130 0.65944 23.1871635454
26.140 0.65916 23.1960373163
26.150 0.65888 23.2049110873
26.160 0.65859 23.2137848583
26.170 0.65831 23.2226586292
26.180 0.65803 23.2315324002
26.190 0.65774 23.2404061712
26.200 0.65746 23.2492799422
26.210 0.65718 23.2581537131
26.220 0.65690 23.2670274841
26.230 0.65662 23.2759012551
26.240 0.65633 23.284775026
26.250 0.65605 23.293648797
26.260 0.65577 23.302522568
26.270 0.65549 23.3113963389
26.280 0.65521 23.3202701099
26.290 0.65493 23.3291438809
26.300 0.65465 23.3380176519
26.310 0.65437 23.3468914228
26.320 0.65409 23.3557651938
26.330 0.65381 23.3646389648
26.340 0.65353 23.3735127357
26.350 0.65325 23.3823865067
26.360 0.65297 23.3912602777
26.370 0.65269 23.4001340486
26.380 0.65241 23.4090078196
26.390 0.65214 23.4178815906
26.400 0.65186 23.4267553616
26.410 0.65158 23.4356291325
26.420 0.65130 23.4445029035
26.430 0.65103 23.4533766745
26.440 0.65075 23.4622504454
26.450 0.65047 23.4711242164
26.460 0.65019 23.4799979874
26.470 0.64992 23.4888717584
26.480 0.64964 23.4977455293
26.490 0.64936 23.5066193003
26.500 0.64909 23.5154930713
26.510 0.64881 23.5243668422
26.520 0.64854 23.5332406132
26.530 0.64826 23.5421143842
26.540 0.64799 23.5509881551
26.550 0.64771 23.5598619261
26.560 0.64744 23.5687356971
26.570 0.64716 23.5776094681
26.580 0.64689 23.586483239
26.590 0.64661 23.59535701
26.600 0.64634 23.604230781
26.610 0.64607 23.6131045519
26.620 0.64579 23.6219783229
26.630 0.64552 23.6308520939
26.640 0.64524 23.6397258648
26.650 0.64497 23.6485996358
26.660 0.64470 23.6574734068
26.670 0.64443 23.6663471778
26.680 0.64415 23.6752209487
26.690 0.64388 23.6840947197
26.700 0.64361 23.6929684907
26.710 0.64334 23.7018422616
26.720 0.64307 23.7107160326
26.730 0.64280 23.7195898036
26.740 0.64252 23.7284635745
26.750 0.64225 23.7373373455
26.760 0.64198 23.7462111165
26.770 0.64171 23.7550848875
26.780 0.64144 23.7639586584
26.790 0.64117 23.7728324294
26.800 0.64090 23.7817062004
26.810 0.64063 23.7905799713
26.820 0.64036 23.7994537423
26.830 0.64009 23.8083275133
26.840 0.63982 23.8172012843
26.850 0.63955 23.8260750552
26.860 0.63929 23.8349488262
26.870 0.63902 23.8438225972
26.880 0.63875 23.8526963681
26.890 0.63848 23.8615701391
26.900 0.63821 23.8704439101
26.910 0.63794 23.879317681
26.920 0.63768 23.888191452
26.930 0.63741 23.897065223
26.940 0.63714 23.905938994
26.950 0.63688 23.9148127649
26.960 0.63661 23.9236865359
26.970 0.63634 23.9325603069
26.980 0.63608 23.9414340778
26.990 0.63581 23.9503078488
27.000 0.63554 23.9591816198
27.010 0.63528 23.9680553907
27.020 0.63501 23.9769291617
27.030 0.63475 23.9858029327
27.040 0.63448 23.9946767037
27.050 0.63422 24.0035504746
27.060 0.63395 24.0124242456
27.070 0.63369 24.0212980166
27.080 0.63342 24.0301717875
27.090 0.63316 24.0390455585
27.100 0.63289 24.0479193295
27.110 0.63263 24.0567931005
27.120 0.63237 24.0656668714
27.130 0.63210 24.0745406424
27.140 0.63184 24.0834144134
27.150 0.63158 24.0922881843
27.160 0.63131 24.1011619553
27.170 0.63105 24.1100357263
27.180 0.63079 24.1189094972
27.190 0.63053 24.1277832682
27.200 0.63026 24.1366570392
27.210 0.63000 24.1455308102
27.220 0.62974 24.1544045811
27.230 0.62948 24.1632783521
27.240 0.62922 24.1721521231
27.250 0.62896 24.181025894
27.260 0.62870 24.189899665
27.270 0.62844 24.198773436
27.280 0.62817 24.2076472069
27.290 0.62791 24.2165209779
27.300 0.62765 24.2253947489
27.310 0.62739 24.2342685199
27.320 0.62713 24.2431422908
27.330 0.62687 24.2520160618
27.340 0.62662 24.2608898328
27.350 0.62636 24.2697636037
27.360 0.62610 24.2786373747
27.370 0.62584 24.2875111457
27.380 0.62558 24.2963849166
27.390 0.62532 24.3052586876
27.400 0.62506 24.3141324586
27.410 0.62480 24.3230062296
27.420 0.62455 24.3318800005
27.430 0.62429 24.3407537715
27.440 0.62403 24.3496275425
27.450 0.62377 24.3585013134
27.460 0.62352 24.3673750844
27.470 0.62326 24.3762488554
27.480 0.62300 24.3851226264
27.490 0.62275 24.3939963973
27.500 0.62249 24.4028701683
27.510 0.62223 24.4117439393
27.520 0.62198 24.4206177102
27.530 0.62172 24.4294914812
27.540 0.62147 24.4383652522
27.550 0.62121 24.4472390231
27.560 0.62095 24.4561127941
27.570 0.62070 24.4649865651
27.580 0.62044 24.4738603361
27.590 0.62019 24.482734107
27.600 0.61994 24.491607878
27.610 0.61968 24.500481649
27.620 0.61943 24.5093554199
27.630 0.61917 24.5182291909
27.640 0.61892 24.5271029619
27.650 0.61866 24.5359767328
27.660 0.61841 24.5448505038
27.670 0.61816 24.5537242748
27.680 0.61790 24.5625980458
27.690 0.61765 24.5714718167
27.700 0.61740 24.5803455877
27.710 0.61715 24.5892193587
27.720 0.61689 24.5980931296
27.730 0.61664 24.6069669006
27.740 0.61639 24.6158406716
27.750 0.61614 24.6247144425
27.760 0.61589 24.6335882135
27.770 0.61563 24.6424619845
27.780 0.61538 24.6513357555
27.790 0.61513 24.6602095264
27.800 0.61488 24.6690832974
27.810 0.61463 24.6779570684
27.820 0.61438 24.6868308393
27.830 0.61413 24.6957046103
27.840 0.61388 24.7045783813
27.850 0.61363 24.7134521523
27.860 0.61338 24.7223259232
27.870 0.61313 24.7311996942
27.880 0.61288 24.7400734652
27.890 0.61263 24.7489472361
27.900 0.61238 24.7578210071
27.910 0.61213 24.7666947781
27.920 0.61188 24.775568549
27.930 0.61163 24.78444232
27.940 0.61139 24.793316091
27.950 0.61114 24.802189862
27.960 0.61089 24.8110636329
27.970 0.61064 24.8199374039
27.980 0.61039 24.8288111749
27.990 0.61015 24.8376849458
28.000 0.60990 24.8465587168
28.010 0.60965 24.8554324878
28.020 0.60940 24.8643062587
28.030 0.60916 24.8731800297
28.040 0.60891 24.8820538007
28.050 0.60866 24.8909275717
28.060 0.60842 24.8998013426
28.070 0.60817 24.9086751136
28.080 0.60793 24.9175488846
28.090 0.60768 24.9264226555
28.100 0.60743 24.9352964265
28.110 0.60719 24.9441701975
28.120 0.60694 24.9530439684
28.130 0.60670 24.9619177394
28.140 0.60645 24.9707915104
28.150 0.60621 24.9796652814
28.160 0.60596 24.9885390523
28.170 0.60572 24.9974128233
28.180 0.60547 25.0062865943
28.190 0.60523 25.0151603652
28.200 0.60499 25.0240341362
28.210 0.60474 25.0329079072
28.220 0.60450 25.0417816782
28.230 0.60426 25.0506554491
28.240 0.60401 25.0595292201
28.250 0.60377 25.0684029911
28.260 0.60353 25.077276762
28.270 0.60328 25.086150533
28.280 0.60304 25.095024304
28.290 0.60280 25.1038980749
28.300 0.60256 25.1127718459
28.310 0.60231 25.1216456169
28.320 0.60207 25.1305193879
28.330 0.60183 25.1393931588
28.340 0.60159 25.1482669298
28.350 0.60135 25.1571407008
28.360 0.60111 25.1660144717
28.370 0.60087 25.1748882427
28.380 0.60062 25.1837620137
28.390 0.60038 25.1926357846
28.400 0.60014 25.2015095556
28.410 0.59990 25.2103833266
28.420 0.59966 25.2192570976
28.430 0.59942 25.2281308685
28.440 0.59918 25.2370046395
28.450 0.59894 25.2458784105
28.460 0.59870 25.2547521814
28.470 0.59846 25.2636259524
28.480 0.59823 25.2724997234
28.490 0.59799 25.2813734944
28.500 0.59775 25.2902472653
28.510 0.59751 25.2991210363
28.520 0.59727 25.3079948073
28.530 0.59703 25.3168685782
28.540 0.59679 25.3257423492
28.550 0.59656 25.3346161202
28.560 0.59632 25.3434898911
28.570 0.59608 25.3523636621
28.580 0.59584 25.3612374331
28.590 0.59560 25.3701112041
28.600 0.59537 25.378984975
28.610 0.59513 25.387858746
28.620 0.59489 25.396732517
28.630 0.59466 25.4056062879
28.640 0.59442 25.4144800589
28.650 0.59418 25.4233538299
28.660 0.59395 25.4322276008
28.670 0.59371 25.4411013718
28.680 0.59348 25.4499751428
28.690 0.59324 25.4588489138
28.700 0.59300 25.4677226847
28.710 0.59277 25.4765964557
28.720 0.59253 25.4854702267
28.730 0.59230 25.4943439976
28.740 0.59206 25.5032177686
28.750 0.59183 25.5120915396
28.760 0.59159 25.5209653105
28.770 0.59136 25.5298390815
28.780 0.59113 25.5387128525
28.790 0.59089 25.5475866235
28.800 0.59066 25.5564603944
28.810 0.59042 25.5653341654
28.820 0.59019 25.5742079364
28.830 0.58996 25.5830817073
28.840 0.58972 25.5919554783
28.850 0.58949 25.6008292493
28.860 0.58926 25.6097030203
28.870 0.58902 25.6185767912
28.880 0.58879 25.6274505622
28.890 0.58856 25.6363243332
28.900 0.58833 25.6451981041
28.910 0.58809 25.6540718751
28.920 0.58786 25.6629456461
28.930 0.58763 25.671819417
28.940 0.58740 25.680693188
28.950 0.58717 25.689566959
28.960 0.58694 25.69844073
28.970 0.58671 25.7073145009
28.980 0.58647 25.7161882719
28.990 0.58624 25.7250620429
29.000 0.58601 25.7339358138
29.010 0.58578 25.7428095848
29.020 0.58555 25.7516833558
29.030 0.58532 25.7605571267
29.040 0.58509 25.7694308977
29.050 0.58486 25.7783046687
29.060 0.58463 25.7871784397
29.070 0.58440 25.7960522106
29.080 0.58417 25.8049259816
29.090 0.58394 25.8137997526
29.100 0.58371 25.8226735235
29.110 0.58348 25.8315472945
29.120 0.58326 25.8404210655
29.130 0.58303 25.8492948364
29.140 0.58280 25.8581686074
29.150 0.58257 25.8670423784
29.160 0.58234 25.8759161494
29.170 0.58211 25.8847899203
29.180 0.58189 25.8936636913
29.190 0.58166 25.9025374623
29.200 0.58143 25.9114112332
29.210 0.58120 25.9202850042
29.220 0.58098 25.9291587752
29.230 0.58075 25.9380325462
29.240 0.58052 25.9469063171
29.250 0.58029 25.9557800881
29.260 0.58007 25.9646538591
29.270 0.57984 25.97352763
29.280 0.57961 25.982401401
29.290 0.57939 25.991275172
29.300 0.57916 26.0001489429
29.310 0.57894 26.0090227139
29.320 0.57871 26.0178964849
29.330 0.57849 26.0267702559
29.340 0.57826 26.0356440268
29.350 0.57803 26.0445177978
29.360 0.57781 26.0533915688
29.370 0.57758 26.0622653397
29.380 0.57736 26.0711391107
29.390 0.57713 26.0800128817
29.400 0.57691 26.0888866526
29.410 0.57669 26.0977604236
29.420 0.57646 26.1066341946
29.430 0.57624 26.1155079656
29.440 0.57601 26.1243817365
29.450 0.57579 26.1332555075
29.460 0.57557 26.1421292785
29.470 0.57534 26.1510030494
29.480 0.57512 26.1598768204
29.490 0.57490 26.1687505914
29.500 0.57467 26.1776243623
29.510 0.57445 26.1864981333
29.520 0.57423 26.1953719043
29.530 0.57400 26.2042456753
29.540 0.57378 26.2131194462
29.550 0.57356 26.2219932172
29.560 0.57334 26.2308669882
29.570 0.57312 26.2397407591
29.580 0.57289 26.2486145301
29.590 0.57267 26.2574883011
29.600 0.57245 26.2663620721
29.610 0.57223 26.275235843
29.620 0.57201 26.284109614
29.630 0.57179 26.292983385
29.640 0.57157 26.3018571559
29.650 0.57135 26.3107309269
29.660 0.57112 26.3196046979
29.670 0.57090 26.3284784688
29.680 0.57068 26.3373522398
29.690 0.57046 26.3462260108
29.700 0.57024 26.3550997818
29.710 0.57002 26.3639735527
29.720 0.56980 26.3728473237
29.730 0.56958 26.3817210947
29.740 0.56936 26.3905948656
29.750 0.56915 26.3994686366
29.760 0.56893 26.4083424076
29.770 0.56871 26.4172161785
29.780 0.56849 26.4260899495
29.790 0.56827 26.4349637205
29.800 0.56805 26.4438374915
29.810 0.56783 26.4527112624
29.820 0.56761 26.4615850334
29.830 0.56740 26.4704588044
29.840 0.56718 26.4793325753
29.850 0.56696 26.4882063463
29.860 0.56674 26.4970801173
29.870 0.56652 26.5059538882
29.880 0.56631 26.5148276592
29.890 0.56609 26.5237014302
29.900 0.56587 26.5325752012
29.910 0.56566 26.5414489721
29.920 0.56544 26.5503227431
29.930 0.56522 26.5591965141
29.940 0.56501 26.568070285
29.950 0.56479 26.576944056
29.960 0.56457 26.585817827
29.970 0.56436 26.594691598
29.980 0.56414 26.6035653689
29.990 0.56392 26.6124391399
30.000 0.56371 26.6213129109
