0.10000 291.28 0.097514155134
0.11000 264.80 0.107265570647
0.12000 242.73 0.117016986161
0.13000 224.06 0.126768401674
0.14000 208.05 0.136519817188
0.15000 194.18 0.146271232701
0.16000 182.04 0.156022648214
0.17000 171.33 0.165774063728
0.18000 161.81 0.175525479241
0.19000 153.29 0.185276894755
0.20000 145.63 0.195028310268
0.21000 138.69 0.204779725781
0.22000 132.39 0.214531141295
0.23000 126.63 0.224282556808
0.24000 121.35 0.234033972322
0.25000 116.50 0.243785387835
0.26000 112.02 0.253536803348
0.27000 107.87 0.263288218862
0.28000 104.01 0.273039634375
0.29000 100.42 0.282791049889
0.30000 97.076 0.292542465402
0.31000 93.944 0.302293880915
0.32000 91.008 0.312045296429
0.33000 88.249 0.321796711942
0.34000 85.653 0.331548127456
0.35000 83.205 0.341299542969
0.36000 80.893 0.351050958482
0.37000 78.706 0.360802373996
0.38000 76.634 0.370553789509
0.39000 74.668 0.380305205023
0.40000 72.801 0.390056620536
0.41000 71.025 0.399808036049
0.42000 69.333 0.409559451563
0.43000 67.720 0.419310867076
0.44000 66.180 0.42906228259
0.45000 64.709 0.438813698103
0.46000 63.302 0.448565113616
0.47000 61.955 0.45831652913
0.48000 60.663 0.468067944643
0.49000 59.425 0.477819360157
0.50000 58.236 0.48757077567
0.51000 57.093 0.497322191183
0.52000 55.995 0.507073606697
0.53000 54.938 0.51682502221
0.54000 53.920 0.526576437724
0.55000 52.939 0.536327853237
0.56000 51.994 0.54607926875
0.57000 51.081 0.555830684264
0.58000 50.200 0.565582099777
0.59000 49.348 0.575333515291
0.60000 48.526 0.585084930804
0.61000 47.730 0.594836346317
0.62000 46.959 0.604587761831
0.63000 46.214 0.614339177344
0.64000 45.491 0.624090592858
0.65000 44.791 0.633842008371
0.66000 44.112 0.643593423884
0.67000 43.453 0.653344839398
0.68000 42.814 0.663096254911
0.69000 42.193 0.672847670425
0.70000 41.590 0.682599085938
0.71000 41.004 0.692350501451
0.72000 40.434 0.702101916965
0.73000 39.880 0.711853332478
0.74000 39.340 0.721604747992
0.75000 38.815 0.731356163505
0.76000 38.304 0.741107579018
0.77000 37.807 0.750858994532
0.78000 37.322 0.760610410045
0.79000 36.849 0.770361825559
0.80000 36.388 0.780113241072
0.81000 35.938 0.789864656585
0.82000 35.500 0.799616072099
0.83000 35.072 0.809367487612
0.84000 34.654 0.819118903126
0.85000 34.246 0.828870318639
0.86000 33.847 0.838621734152
0.87000 33.458 0.848373149666
0.88000 33.078 0.858124565179
0.89000 32.706 0.867875980693
0.90000 32.342 0.877627396206
0.91000 31.986 0.887378811719
0.92000 31.638 0.897130227233
0.93000 31.298 0.906881642746
0.94000 30.965 0.91663305826
0.95000 30.638 0.926384473773
0.96000 30.319 0.936135889286
0.97000 30.006 0.9458873048
0.98000 29.700 0.955638720313
0.99000 29.399 0.965390135827
1.0000 29.105 0.97514155134
1.0100 28.817 0.984892966853
1.0200 28.534 0.994644382367
1.0300 28.257 1.00439579788
1.0400 27.985 1.01414721339
1.0500 27.718 1.02389862891
1.0600 27.456 1.03365004442
1.0700 27.200 1.04340145993
1.0800 26.947 1.05315287545
1.0900 26.700 1.06290429096
1.1000 26.457 1.07265570647
1.1100 26.218 1.08240712199
1.1200 25.984 1.0921585375
1.1300 25.754 1.10190995301
1.1400 25.528 1.11166136853
1.1500 25.306 1.12141278404
1.1600 25.087 1.13116419955
1.1700 24.873 1.14091561507
1.1800 24.662 1.15066703058
1.1900 24.454 1.16041844609
1.2000 24.250 1.17016986161
1.2100 24.050 1.17992127712
1.2200 23.852 1.18967269263
1.2300 23.658 1.19942410815
1.2400 23.467 1.20917552366
1.2500 23.279 1.21892693917
1.2600 23.094 1.22867835469
1.2700 22.912 1.2384297702
1.2800 22.733 1.24818118572
1.2900 22.557 1.25793260123
1.3000 22.383 1.26768401674
1.3100 22.212 1.27743543226
1.3200 22.043 1.28718684777
1.3300 21.877 1.29693826328
1.3400 21.714 1.3066896788
1.3500 21.553 1.31644109431
1.3600 21.394 1.32619250982
1.3700 21.238 1.33594392534
1.3800 21.084 1.34569534085
1.3900 20.932 1.35544675636
1.4000 20.782 1.36519817188
1.4100 20.635 1.37494958739
1.4200 20.489 1.3847010029
1.4300 20.346 1.39445241842
1.4400 20.204 1.40420383393
1.4500 20.065 1.41395524944
1.4600 19.927 1.42370666496
1.4700 19.791 1.43345808047
1.4800 19.658 1.44320949598
1.4900 19.525 1.4529609115
1.5000 19.395 1.46271232701
1.5100 19.266 1.47246374252
1.5200 19.140 1.48221515804
1.5300 19.014 1.49196657355
1.5400 18.891 1.50171798906
1.5500 18.769 1.51146940458
1.5600 18.648 1.52122082009
1.5700 18.529 1.5309722356
1.5800 18.412 1.54072365112
1.5900 18.296 1.55047506663
1.6000 18.181 1.56022648214
1.6100 18.068 1.56997789766
1.6200 17.957 1.57972931317
1.6300 17.846 1.58948072868
1.6400 17.737 1.5992321442
1.6500 17.630 1.60898355971
1.6600 17.523 1.61873497522
1.6700 17.418 1.62848639074
1.6800 17.314 1.63823780625
1.6900 17.212 1.64798922176
1.7000 17.110 1.65774063728
1.7100 17.010 1.66749205279
1.7200 16.911 1.6772434683
1.7300 16.813 1.68699488382
1.7400 16.716 1.69674629933
1.7500 16.621 1.70649771484
1.7600 16.526 1.71624913036
1.7700 16.433 1.72600054587
1.7800 16.340 1.73575196139
1.7900 16.249 1.7455033769
1.8000 16.158 1.75525479241
1.8100 16.069 1.76500620793
1.8200 15.981 1.77475762344
1.8300 15.893 1.78450903895
1.8400 15.807 1.79426045447
1.8500 15.721 1.80401186998
1.8600 15.636 1.81376328549
1.8700 15.553 1.82351470101
1.8800 15.470 1.83326611652
1.8900 15.388 1.84301753203
1.9000 15.307 1.85276894755
1.9100 15.226 1.86252036306
1.9200 15.147 1.87227177857
1.9300 15.068 1.88202319409
1.9400 14.991 1.8917746096
1.9500 14.913 1.90152602511
1.9600 14.837 1.91127744063
1.9700 14.762 1.92102885614
1.9800 14.687 1.93078027165
1.9900 14.613 1.94053168717
2.0000 14.540 1.95028310268
2.0100 14.468 1.96003451819
2.0200 14.396 1.96978593371
2.0300 14.325 1.97953734922
2.0400 14.254 1.98928876473
2.0500 14.185 1.99904018025
2.0600 14.116 2.00879159576
2.0700 14.047 2.01854301127
2.0800 13.980 2.02829442679
2.0900 13.913 2.0380458423
2.1000 13.846 2.04779725781
2.1100 13.781 2.05754867333
2.1200 13.716 2.06730008884
2.1300 13.651 2.07705150435
2.1400 13.587 2.08680291987
2.1500 13.524 2.09655433538
2.1600 13.461 2.10630575089
2.1700 13.399 2.11605716641
2.1800 13.337 2.12580858192
2.1900 13.276 2.13555999743
2.2000 13.216 2.14531141295
2.2100 13.156 2.15506282846
2.2200 13.097 2.16481424397
2.2300 13.038 2.17456565949
2.2400 12.979 2.184317075
2.2500 12.922 2.19406849051
2.2600 12.864 2.20381990603
2.2700 12.808 2.21357132154
2.2800 12.751 2.22332273706
2.2900 12.696 2.23307415257
2.3000 12.640 2.24282556808
2.3100 12.585 2.2525769836
2.3200 12.531 2.26232839911
2.3300 12.477 2.27207981462
2.3400 12.424 2.28183123014
2.3500 12.371 2.29158264565
2.3600 12.318 2.30133406116
2.3700 12.266 2.31108547668
2.3800 12.215 2.32083689219
2.3900 12.163 2.3305883077
2.4000 12.113 2.34033972322
2.4100 12.062 2.35009113873
2.4200 12.012 2.35984255424
2.4300 11.963 2.36959396976
2.4400 11.914 2.37934538527
2.4500 11.865 2.38909680078
2.4600 11.816 2.3988482163
2.4700 11.769 2.40859963181
2.4800 11.721 2.41835104732
2.4900 11.674 2.42810246284
2.5000 11.627 2.43785387835
2.5100 11.581 2.44760529386
2.5200 11.535 2.45735670938
2.5300 11.489 2.46710812489
2.5400 11.444 2.4768595404
2.5500 11.399 2.48661095592
2.5600 11.354 2.49636237143
2.5700 11.310 2.50611378694
2.5800 11.266 2.51586520246
2.5900 11.222 2.52561661797
2.6000 11.179 2.53536803348
2.6100 11.136 2.545119449
2.6200 11.093 2.55487086451
2.6300 11.051 2.56462228002
2.6400 11.009 2.57437369554
2.6500 10.967 2.58412511105
2.6600 10.926 2.59387652656
2.6700 10.885 2.60362794208
2.6800 10.844 2.61337935759
2.6900 10.804 2.6231307731
2.7000 10.764 2.63288218862
2.7100 10.724 2.64263360413
2.7200 10.685 2.65238501964
2.7300 10.645 2.66213643516
2.7400 10.606 2.67188785067
2.7500 10.568 2.68163926618
2.7600 10.529 2.6913906817
2.7700 10.491 2.70114209721
2.7800 10.453 2.71089351273
2.7900 10.416 2.72064492824
2.8000 10.379 2.73039634375
2.8100 10.342 2.74014775927
2.8200 10.305 2.74989917478
2.8300 10.268 2.75965059029
2.8400 10.232 2.76940200581
2.8500 10.196 2.77915342132
2.8600 10.160 2.78890483683
2.8700 10.125 2.79865625235
2.8800 10.090 2.80840766786
2.8900 10.055 2.81815908337
2.9000 10.020 2.82791049889
2.9100 9.9853 2.8376619144
2.9200 9.9510 2.84741332991
2.9300 9.9170 2.85716474543
2.9400 9.8832 2.86691616094
2.9500 9.8496 2.87666757645
2.9600 9.8162 2.88641899197
2.9700 9.7831 2.89617040748
2.9800 9.7502 2.90592182299
2.9900 9.7175 2.91567323851
3.0000 9.6850 2.92542465402
3.0100 9.6527 2.93517606953
3.0200 9.6207 2.94492748505
3.0300 9.5889 2.95467890056
3.0400 9.5572 2.96443031607
3.0500 9.5258 2.97418173159
3.0600 9.4946 2.9839331471
3.0700 9.4636 2.99368456261
3.0800 9.4328 3.00343597813
3.0900 9.4022 3.01318739364
3.1000 9.3718 3.02293880915
3.1100 9.3416 3.03269022467
3.1200 9.3115 3.04244164018
3.1300 9.2817 3.05219305569
3.1400 9.2521 3.06194447121
3.1500 9.2226 3.07169588672
3.1600 9.1933 3.08144730223
3.1700 9.1643 3.09119871775
3.1800 9.1354 3.10095013326
3.1900 9.1067 3.11070154877
3.2000 9.0781 3.12045296429
3.2100 9.0498 3.1302043798
3.2200 9.0216 3.13995579531
3.2300 8.9936 3.14970721083
3.2400 8.9657 3.15945862634
3.2500 8.9381 3.16921004185
3.2600 8.9106 3.17896145737
3.2700 8.8832 3.18871287288
3.2800 8.8561 3.1984642884
3.2900 8.8291 3.20821570391
3.3000 8.8023 3.21796711942
3.3100 8.7756 3.22771853494
3.3200 8.7491 3.23746995045
3.3300 8.7227 3.24722136596
3.3400 8.6965 3.25697278148
3.3500 8.6705 3.26672419699
3.3600 8.6446 3.2764756125
3.3700 8.6189 3.28622702802
3.3800 8.5933 3.29597844353
3.3900 8.5679 3.30572985904
3.4000 8.5426 3.31548127456
3.4100 8.5175 3.32523269007
3.4200 8.4925 3.33498410558
3.4300 8.4677 3.3447355211
3.4400 8.4430 3.35448693661
3.4500 8.4185 3.36423835212
3.4600 8.3941 3.37398976764
3.4700 8.3698 3.38374118315
3.4800 8.3457 3.39349259866
3.4900 8.3217 3.40324401418
3.5000 8.2978 3.41299542969
3.5100 8.2741 3.4227468452
3.5200 8.2506 3.43249826072
3.5300 8.2271 3.44224967623
3.5400 8.2038 3.45200109174
3.5500 8.1806 3.46175250726
3.5600 8.1576 3.47150392277
3.5700 8.1347 3.48125533828
3.5800 8.1119 3.4910067538
3.5900 8.0892 3.50075816931
3.6000 8.0667 3.51050958482
3.6100 8.0442 3.52026100034
3.6200 8.0220 3.53001241585
3.6300 7.9998 3.53976383136
3.6400 7.9777 3.54951524688
3.6500 7.9558 3.55926666239
3.6600 7.9340 3.5690180779
3.6700 7.9123 3.57876949342
3.6800 7.8908 3.58852090893
3.6900 7.8693 3.59827232444
3.7000 7.8480 3.60802373996
3.7100 7.8267 3.61777515547
3.7200 7.8056 3.62752657098
3.7300 7.7846 3.6372779865
3.7400 7.7638 3.64702940201
3.7500 7.7430 3.65678081752
3.7600 7.7223 3.66653223304
3.7700 7.7018 3.67628364855
3.7800 7.6813 3.68603506407
3.7900 7.6610 3.69578647958
3.8000 7.6408 3.70553789509
3.8100 7.6207 3.71528931061
3.8200 7.6007 3.72504072612
3.8300 7.5807 3.73479214163
3.8400 7.5609 3.74454355715
3.8500 7.5412 3.75429497266
3.8600 7.5216 3.76404638817
3.8700 7.5021 3.77379780369
3.8800 7.4827 3.7835492192
3.8900 7.4634 3.79330063471
3.9000 7.4442 3.80305205023
3.9100 7.4251 3.81280346574
3.9200 7.4061 3.82255488125
3.9300 7.3872 3.83230629677
3.9400 7.3684 3.84205771228
3.9500 7.3497 3.85180912779
3.9600 7.3311 3.86156054331
3.9700 7.3125 3.87131195882
3.9800 7.2941 3.88106337433
3.9900 7.2757 3.89081478985
4.0000 7.2575 3.90056620536
4.0100 7.2393 3.91031762087
4.0200 7.2213 3.92006903639
4.0300 7.2033 3.9298204519
4.0400 7.1854 3.93957186741
4.0500 7.1676 3.94932328293
4.0600 7.1499 3.95907469844
4.0700 7.1322 3.96882611395
4.0800 7.1147 3.97857752947
4.0900 7.0972 3.98832894498
4.1000 7.0799 3.99808036049
4.1100 7.0626 4.00783177601
4.1200 7.0454 4.01758319152
4.1300 7.0283 4.02733460703
4.1400 7.0112 4.03708602255
4.1500 6.9943 4.04683743806
4.1600 6.9774 4.05658885357
4.1700 6.9606 4.06634026909
4.1800 6.9439 4.0760916846
4.1900 6.9273 4.08584310011
4.2000 6.9107 4.09559451563
4.2100 6.8942 4.10534593114
4.2200 6.8778 4.11509734665
4.2300 6.8615 4.12484876217
4.2400 6.8453 4.13460017768
4.2500 6.8291 4.14435159319
4.2600 6.8130 4.15410300871
4.2700 6.7970 4.16385442422
4.2800 6.7811 4.17360583974
4.2900 6.7652 4.18335725525
4.3000 6.7494 4.19310867076
4.3100 6.7337 4.20286008628
4.3200 6.7181 4.21261150179
4.3300 6.7025 4.2223629173
4.3400 6.6870 4.23211433282
4.3500 6.6716 4.24186574833
4.3600 6.6562 4.25161716384
4.3700 6.6409 4.26136857936
4.3800 6.6257 4.27111999487
4.3900 6.6105 4.28087141038
4.4000 6.5955 4.2906228259
4.4100 6.5804 4.30037424141
4.4200 6.5655 4.31012565692
4.4300 6.5506 4.31987707244
4.4400 6.5358 4.32962848795
4.4500 6.5211 4.33937990346
4.4600 6.5064 4.34913131898
4.4700 6.4918 4.35888273449
4.4800 6.4772 4.36863415
4.4900 6.4628 4.37838556552
4.5000 6.4483 4.38813698103
4.5100 6.4340 4.39788839654
4.5200 6.4197 4.40763981206
4.5300 6.4055 4.41739122757
4.5400 6.3913 4.42714264308
4.5500 6.3772 4.4368940586
4.5600 6.3632 4.44664547411
4.5700 6.3492 4.45639688962
4.5800 6.3353 4.46614830514
4.5900 6.3214 4.47589972065
4.6000 6.3076 4.48565113616
4.6100 6.2939 4.49540255168
4.6200 6.2802 4.50515396719
4.6300 6.2666 4.5149053827
4.6400 6.2530 4.52465679822
4.6500 6.2395 4.53440821373
4.6600 6.2261 4.54415962924
4.6700 6.2127 4.55391104476
4.6800 6.1994 4.56366246027
4.6900 6.1861 4.57341387578
4.7000 6.1729 4.5831652913
4.7100 6.1597 4.59291670681
4.7200 6.1466 4.60266812232
4.7300 6.1336 4.61241953784
4.7400 6.1206 4.62217095335
4.7500 6.1076 4.63192236886
4.7600 6.0948 4.64167378438
4.7700 6.0819 4.65142519989
4.7800 6.0692 4.66117661541
4.7900 6.0564 4.67092803092
4.8000 6.0438 4.68067944643
4.8100 6.0311 4.69043086195
4.8200 6.0186 4.70018227746
4.8300 6.0061 4.70993369297
4.8400 5.9936 4.71968510849
4.8500 5.9812 4.729436524
4.8600 5.9688 4.73918793951
4.8700 5.9565 4.74893935503
4.8800 5.9443 4.75869077054
4.8900 5.9321 4.76844218605
4.9000 5.9199 4.77819360157
4.9100 5.9078 4.78794501708
4.9200 5.8958 4.79769643259
4.9300 5.8837 4.80744784811
4.9400 5.8718 4.81719926362
4.9500 5.8599 4.82695067913
4.9600 5.8480 4.83670209465
4.9700 5.8362 4.84645351016
4.9800 5.8244 4.85620492567
4.9900 5.8127 4.86595634119
5.0000 5.8010 4.8757077567
5.1000 5.6868 4.97322191183
5.1100 5.6756 4.98297332735
5.1200 5.6645 4.99272474286
5.1300 5.6534 5.00247615837
5.1400 5.6423 5.01222757389
5.1500 5.6313 5.0219789894
5.1600 5.6204 5.03173040491
5.1700 5.6095 5.04148182043
5.1800 5.5986 5.05123323594
5.1900 5.5877 5.06098465145
5.2000 5.5770 5.07073606697
5.2100 5.5662 5.08048748248
5.2200 5.5555 5.09023889799
5.2300 5.5448 5.09999031351
5.2400 5.5342 5.10974172902
5.2500 5.5236 5.11949314453
5.2600 5.5131 5.12924456005
5.2700 5.5025 5.13899597556
5.2800 5.4921 5.14874739108
5.2900 5.4816 5.15849880659
5.3000 5.4713 5.1682502221
5.3100 5.4609 5.17800163762
5.3200 5.4506 5.18775305313
5.3300 5.4403 5.19750446864
5.3400 5.4301 5.20725588416
5.3500 5.4199 5.21700729967
5.3600 5.4097 5.22675871518
5.3700 5.3996 5.2365101307
5.3800 5.3895 5.24626154621
5.3900 5.3795 5.25601296172
5.4000 5.3695 5.26576437724
5.4100 5.3595 5.27551579275
5.4200 5.3496 5.28526720826
5.4300 5.3397 5.29501862378
5.4400 5.3298 5.30477003929
5.4500 5.3200 5.3145214548
5.4600 5.3102 5.32427287032
5.4700 5.3004 5.33402428583
5.4800 5.2907 5.34377570134
5.4900 5.2810 5.35352711686
5.5000 5.2714 5.36327853237
5.5100 5.2618 5.37302994788
5.5200 5.2522 5.3827813634
5.5300 5.2427 5.39253277891
5.5400 5.2332 5.40228419442
5.5500 5.2237 5.41203560994
5.5600 5.2142 5.42178702545
5.5700 5.2048 5.43153844096
5.5800 5.1955 5.44128985648
5.5900 5.1861 5.45104127199
5.6000 5.1768 5.4607926875
5.6100 5.1676 5.47054410302
5.6200 5.1583 5.48029551853
5.6300 5.1491 5.49004693404
5.6400 5.1399 5.49979834956
5.6500 5.1308 5.50954976507
5.6600 5.1217 5.51930118058
5.6700 5.1126 5.5290525961
5.6800 5.1036 5.53880401161
5.6900 5.0946 5.54855542712
5.7000 5.0856 5.55830684264
5.7100 5.0766 5.56805825815
5.7200 5.0677 5.57780967366
5.7300 5.0588 5.58756108918
5.7400 5.0500 5.59731250469
5.7500 5.0411 5.6070639202
5.7600 5.0323 5.61681533572
5.7700 5.0236 5.62656675123
5.7800 5.0148 5.63631816675
5.7900 5.0061 5.64606958226
5.8000 4.9975 5.65582099777
5.8100 4.9888 5.66557241329
5.8200 4.9802 5.6753238288
5.8300 4.9716 5.68507524431
5.8400 4.9631 5.69482665983
5.8500 4.9545 5.70457807534
5.8600 4.9460 5.71432949085
5.8700 4.9376 5.72408090637
5.8800 4.9291 5.73383232188
5.8900 4.9207 5.74358373739
5.9000 4.9123 5.75333515291
5.9100 4.9040 5.76308656842
5.9200 4.8957 5.77283798393
5.9300 4.8874 5.78258939945
5.9400 4.8791 5.79234081496
5.9500 4.8709 5.80209223047
5.9600 4.8626 5.81184364599
5.9700 4.8544 5.8215950615
5.9800 4.8463 5.83134647701
5.9900 4.8382 5.84109789253
6.0000 4.8301 5.85084930804
6.0100 4.8220 5.86060072355
6.0200 4.8139 5.87035213907
6.0300 4.8059 5.88010355458
6.0400 4.7979 5.88985497009
6.0500 4.7899 5.89960638561
6.0600 4.7820 5.90935780112
6.0700 4.7741 5.91910921663
6.0800 4.7662 5.92886063215
6.0900 4.7583 5.93861204766
6.1000 4.7505 5.94836346317
6.1100 4.7427 5.95811487869
6.1200 4.7349 5.9678662942
6.1300 4.7271 5.97761770971
6.1400 4.7194 5.98736912523
6.1500 4.7116 5.99712054074
6.1600 4.7040 6.00687195625
6.1700 4.6963 6.01662337177
6.1800 4.6887 6.02637478728
6.1900 4.6810 6.03612620279
6.2000 4.6734 6.04587761831
6.2100 4.6659 6.05562903382
6.2200 4.6583 6.06538044933
6.2300 4.6508 6.07513186485
6.2400 4.6433 6.08488328036
6.2500 4.6359 6.09463469587
6.2600 4.6284 6.10438611139
6.2700 4.6210 6.1141375269
6.2800 4.6136 6.12388894242
6.2900 4.6062 6.13364035793
6.3000 4.5989 6.14339177344
6.3100 4.5915 6.15314318896
6.3200 4.5842 6.16289460447
6.3300 4.5770 6.17264601998
6.3400 4.5697 6.1823974355
6.3500 4.5625 6.19214885101
6.3600 4.5553 6.20190026652
6.3700 4.5481 6.21165168204
6.3800 4.5409 6.22140309755
6.3900 4.5338 6.23115451306
6.4000 4.5266 6.24090592858
6.4100 4.5195 6.25065734409
6.4200 4.5125 6.2604087596
6.4300 4.5054 6.27016017512
6.4400 4.4984 6.27991159063
6.4500 4.4913 6.28966300614
6.4600 4.4844 6.29941442166
6.4700 4.4774 6.30916583717
6.4800 4.4704 6.31891725268
6.4900 4.4635 6.3286686682
6.5000 4.4566 6.33842008371
6.5100 4.4497 6.34817149922
6.5200 4.4429 6.35792291474
6.5300 4.4360 6.36767433025
6.5400 4.4292 6.37742574576
6.5500 4.4224 6.38717716128
6.5600 4.4156 6.39692857679
6.5700 4.4089 6.4066799923
6.5800 4.4021 6.41643140782
6.5900 4.3954 6.42618282333
6.6000 4.3887 6.43593423884
6.6100 4.3820 6.44568565436
6.6200 4.3754 6.45543706987
6.6300 4.3687 6.46518848538
6.6400 4.3621 6.4749399009
6.6500 4.3555 6.48469131641
6.6600 4.3490 6.49444273192
6.6700 4.3424 6.50419414744
6.6800 4.3359 6.51394556295
6.6900 4.3293 6.52369697846
6.7000 4.3228 6.53344839398
6.7100 4.3164 6.54319980949
6.7200 4.3099 6.552951225
6.7300 4.3035 6.56270264052
6.7400 4.2970 6.57245405603
6.7500 4.2906 6.58220547154
6.7600 4.2843 6.59195688706
6.7700 4.2779 6.60170830257
6.7800 4.2715 6.61145971808
6.7900 4.2652 6.6212111336
6.8000 4.2589 6.63096254911
6.8100 4.2526 6.64071396463
6.8200 4.2463 6.65046538014
6.8300 4.2401 6.66021679565
6.8400 4.2339 6.66996821117
6.8500 4.2276 6.67971962668
6.8600 4.2214 6.68947104219
6.8700 4.2153 6.69922245771
6.8800 4.2091 6.70897387322
6.8900 4.2030 6.71872528873
6.9000 4.1968 6.72847670425
6.9100 4.1907 6.73822811976
6.9200 4.1846 6.74797953527
6.9300 4.1786 6.75773095079
6.9400 4.1725 6.7674823663
6.9500 4.1665 6.77723378181
6.9600 4.1604 6.78698519733
6.9700 4.1544 6.79673661284
6.9800 4.1484 6.80648802835
6.9900 4.1425 6.81623944387
7.0000 4.1365 6.82599085938
7.0100 4.1306 6.83574227489
7.0200 4.1247 6.84549369041
7.0300 4.1188 6.85524510592
7.0400 4.1129 6.86499652143
7.0500 4.1070 6.87474793695
7.0600 4.1012 6.88449935246
7.0700 4.0953 6.89425076797
7.0800 4.0895 6.90400218349
7.0900 4.0837 6.913753599
7.1000 4.0779 6.92350501451
7.1100 4.0721 6.93325643003
7.1200 4.0664 6.94300784554
7.1300 4.0607 6.95275926105
7.1400 4.0549 6.96251067657
7.1500 4.0492 6.97226209208
7.1600 4.0435 6.98201350759
7.1700 4.0379 6.99176492311
7.1800 4.0322 7.00151633862
7.1900 4.0266 7.01126775413
7.2000 4.0209 7.02101916965
7.2100 4.0153 7.03077058516
7.2200 4.0097 7.04052200067
7.2300 4.0041 7.05027341619
7.2400 3.9986 7.0600248317
7.2500 3.9930 7.06977624721
7.2600 3.9875 7.07952766273
7.2700 3.9820 7.08927907824
7.2800 3.9765 7.09903049375
7.2900 3.9710 7.10878190927
7.3000 3.9655 7.11853332478
7.3100 3.9601 7.1282847403
7.3200 3.9546 7.13803615581
7.3300 3.9492 7.14778757132
7.3400 3.9438 7.15753898684
7.3500 3.9384 7.16729040235
7.3600 3.9330 7.17704181786
7.3700 3.9276 7.18679323338
7.3800 3.9223 7.19654464889
7.3900 3.9169 7.2062960644
7.4000 3.9116 7.21604747992
7.4100 3.9063 7.22579889543
7.4200 3.9010 7.23555031094
7.4300 3.8957 7.24530172646
7.4400 3.8904 7.25505314197
7.4500 3.8852 7.26480455748
7.4600 3.8799 7.274555973
7.4700 3.8747 7.28430738851
7.4800 3.8695 7.29405880402
7.4900 3.8643 7.30381021954
7.5000 3.8591 7.31356163505
7.5100 3.8539 7.32331305056
7.5200 3.8488 7.33306446608
7.5300 3.8436 7.34281588159
7.5400 3.8385 7.3525672971
7.5500 3.8334 7.36231871262
7.5600 3.8283 7.37207012813
7.5700 3.8232 7.38182154364
7.5800 3.8181 7.39157295916
7.5900 3.8131 7.40132437467
7.6000 3.8080 7.41107579018
7.6100 3.8030 7.4208272057
7.6200 3.7980 7.43057862121
7.6300 3.7929 7.44033003672
7.6400 3.7879 7.45008145224
7.6500 3.7830 7.45983286775
7.6600 3.7780 7.46958428326
7.6700 3.7730 7.47933569878
7.6800 3.7681 7.48908711429
7.6900 3.7632 7.4988385298
7.7000 3.7582 7.50858994532
7.7100 3.7533 7.51834136083
7.7200 3.7484 7.52809277634
7.7300 3.7436 7.53784419186
7.7400 3.7387 7.54759560737
7.7500 3.7338 7.55734702288
7.7600 3.7290 7.5670984384
7.7700 3.7242 7.57684985391
7.7800 3.7193 7.58660126942
7.7900 3.7145 7.59635268494
7.8000 3.7097 7.60610410045
7.8100 3.7050 7.61585551597
7.8200 3.7002 7.62560693148
7.8300 3.6954 7.63535834699
7.8400 3.6907 7.64510976251
7.8500 3.6860 7.65486117802
7.8600 3.6812 7.66461259353
7.8700 3.6765 7.67436400905
7.8800 3.6718 7.68411542456
7.8900 3.6671 7.69386684007
7.9000 3.6625 7.70361825559
7.9100 3.6578 7.7133696711
7.9200 3.6532 7.72312108661
7.9300 3.6485 7.73287250213
7.9400 3.6439 7.74262391764
7.9500 3.6393 7.75237533315
7.9600 3.6347 7.76212674867
7.9700 3.6301 7.77187816418
7.9800 3.6255 7.78162957969
7.9900 3.6209 7.79138099521
8.0000 3.6164 7.80113241072
8.0100 3.6118 7.81088382623
8.0200 3.6073 7.82063524175
8.0300 3.6028 7.83038665726
8.0400 3.5983 7.84013807277
8.0500 3.5938 7.84988948829
8.0600 3.5893 7.8596409038
8.0700 3.5848 7.86939231931
8.0800 3.5803 7.87914373483
8.0900 3.5759 7.88889515034
8.1000 3.5714 7.89864656585
8.1100 3.5670 7.90839798137
8.1200 3.5626 7.91814939688
8.1300 3.5582 7.92790081239
8.1400 3.5538 7.93765222791
8.1500 3.5494 7.94740364342
8.1600 3.5450 7.95715505893
8.1700 3.5406 7.96690647445
8.1800 3.5363 7.97665788996
8.1900 3.5319 7.98640930547
8.2000 3.5276 7.99616072099
8.2100 3.5233 8.0059121365
8.2200 3.5189 8.01566355201
8.2300 3.5146 8.02541496753
8.2400 3.5103 8.03516638304
8.2500 3.5061 8.04491779855
8.2600 3.5018 8.05466921407
8.2700 3.4975 8.06442062958
8.2800 3.4933 8.07417204509
8.2900 3.4890 8.08392346061
8.3000 3.4848 8.09367487612
8.3100 3.4806 8.10342629164
8.3200 3.4763 8.11317770715
8.3300 3.4721 8.12292912266
8.3400 3.4680 8.13268053818
8.3500 3.4638 8.14243195369
8.3600 3.4596 8.1521833692
8.3700 3.4554 8.16193478472
8.3800 3.4513 8.17168620023
8.3900 3.4471 8.18143761574
8.4000 3.4430 8.19118903126
8.4100 3.4389 8.20094044677
8.4200 3.4348 8.21069186228
8.4300 3.4307 8.2204432778
8.4400 3.4266 8.23019469331
8.4500 3.4225 8.23994610882
8.4600 3.4184 8.24969752434
8.4700 3.4144 8.25944893985
8.4800 3.4103 8.26920035536
8.4900 3.4062 8.27895177088
8.5000 3.4022 8.28870318639
8.5100 3.3982 8.2984546019
8.5200 3.3942 8.30820601742
8.5300 3.3902 8.31795743293
8.5400 3.3862 8.32770884844
8.5500 3.3822 8.33746026396
8.5600 3.3782 8.34721167947
8.5700 3.3742 8.35696309498
8.5800 3.3703 8.3667145105
8.5900 3.3663 8.37646592601
8.6000 3.3624 8.38621734152
8.6100 3.3584 8.39596875704
8.6200 3.3545 8.40572017255
8.6300 3.3506 8.41547158806
8.6400 3.3467 8.42522300358
8.6500 3.3428 8.43497441909
8.6600 3.3389 8.4447258346
8.6700 3.3350 8.45447725012
8.6800 3.3312 8.46422866563
8.6900 3.3273 8.47398008114
8.7000 3.3234 8.48373149666
8.7100 3.3196 8.49348291217
8.7200 3.3158 8.50323432768
8.7300 3.3119 8.5129857432
8.7400 3.3081 8.52273715871
8.7500 3.3043 8.53248857422
8.7600 3.3005 8.54223998974
8.7700 3.2967 8.55199140525
8.7800 3.2929 8.56174282076
8.7900 3.2892 8.57149423628
8.8000 3.2854 8.58124565179
8.8100 3.2816 8.59099706731
8.8200 3.2779 8.60074848282
8.8300 3.2741 8.61049989833
8.8400 3.2704 8.62025131385
8.8500 3.2667 8.63000272936
8.8600 3.2630 8.63975414487
8.8700 3.2593 8.64950556039
8.8800 3.2556 8.6592569759
8.8900 3.2519 8.66900839141
8.9000 3.2482 8.67875980693
8.9100 3.2445 8.68851122244
8.9200 3.2409 8.69826263795
8.9300 3.2372 8.70801405347
8.9400 3.2336 8.71776546898
8.9500 3.2299 8.72751688449
8.9600 3.2263 8.73726830001
8.9700 3.2227 8.74701971552
8.9800 3.2191 8.75677113103
8.9900 3.2154 8.76652254655
9.0000 3.2118 8.77627396206
9.0100 3.2083 8.78602537757
9.0200 3.2047 8.79577679309
9.0300 3.2011 8.8055282086
9.0400 3.1975 8.81527962411
9.0500 3.1940 8.82503103963
9.0600 3.1904 8.83478245514
9.0700 3.1869 8.84453387065
9.0800 3.1833 8.85428528617
9.0900 3.1798 8.86403670168
9.1000 3.1763 8.87378811719
9.1100 3.1728 8.88353953271
9.1200 3.1693 8.89329094822
9.1300 3.1658 8.90304236373
9.1400 3.1623 8.91279377925
9.1500 3.1588 8.92254519476
9.1600 3.1553 8.93229661027
9.1700 3.1518 8.94204802579
9.1800 3.1484 8.9517994413
9.1900 3.1449 8.96155085681
9.2000 3.1415 8.97130227233
9.2100 3.1381 8.98105368784
9.2200 3.1346 8.99080510335
9.2300 3.1312 9.00055651887
9.2400 3.1278 9.01030793438
9.2500 3.1244 9.02005934989
9.2600 3.1210 9.02981076541
9.2700 3.1176 9.03956218092
9.2800 3.1142 9.04931359643
9.2900 3.1108 9.05906501195
9.3000 3.1074 9.06881642746
9.3100 3.1041 9.07856784298
9.3200 3.1007 9.08831925849
9.3300 3.0974 9.098070674
9.3400 3.0940 9.10782208952
9.3500 3.0907 9.11757350503
9.3600 3.0874 9.12732492054
9.3700 3.0841 9.13707633606
9.3800 3.0807 9.14682775157
9.3900 3.0774 9.15657916708
9.4000 3.0741 9.1663305826
9.4100 3.0708 9.17608199811
9.4200 3.0676 9.18583341362
9.4300 3.0643 9.19558482914
9.4400 3.0610 9.20533624465
9.4500 3.0577 9.21508766016
9.4600 3.0545 9.22483907568
9.4700 3.0512 9.23459049119
9.4800 3.0480 9.2443419067
9.4900 3.0447 9.25409332222
9.5000 3.0415 9.26384473773
9.5100 3.0383 9.27359615324
9.5200 3.0351 9.28334756876
9.5300 3.0319 9.29309898427
9.5400 3.0287 9.30285039978
9.5500 3.0255 9.3126018153
9.5600 3.0223 9.32235323081
9.5700 3.0191 9.33210464632
9.5800 3.0159 9.34185606184
9.5900 3.0127 9.35160747735
9.6000 3.0096 9.36135889286
9.6100 3.0064 9.37111030838
9.6200 3.0033 9.38086172389
9.6300 3.0001 9.3906131394
9.6400 2.9970 9.40036455492
9.6500 2.9939 9.41011597043
9.6600 2.9907 9.41986738594
9.6700 2.9876 9.42961880146
9.6800 2.9845 9.43937021697
9.6900 2.9814 9.44912163248
9.7000 2.9783 9.458873048
9.7100 2.9752 9.46862446351
9.7200 2.9721 9.47837587902
9.7300 2.9690 9.48812729454
9.7400 2.9660 9.49787871005
9.7500 2.9629 9.50763012556
9.7600 2.9598 9.51738154108
9.7700 2.9568 9.52713295659
9.7800 2.9537 9.5368843721
9.7900 2.9507 9.54663578762
9.8000 2.9477 9.55638720313
9.8100 2.9446 9.56613861865
9.8200 2.9416 9.57589003416
9.8300 2.9386 9.58564144967
9.8400 2.9356 9.59539286519
9.8500 2.9326 9.6051442807
9.8600 2.9296 9.61489569621
9.8700 2.9266 9.62464711173
9.8800 2.9236 9.63439852724
9.8900 2.9206 9.64414994275
9.9000 2.9176 9.65390135827
9.9100 2.9147 9.66365277378
9.9200 2.9117 9.67340418929
9.9300 2.9088 9.68315560481
9.9400 2.9058 9.69290702032
9.9500 2.9029 9.70265843583
9.9600 2.8999 9.71240985135
9.9700 2.8970 9.72216126686
9.9800 2.8941 9.73191268237
9.9900 2.8911 9.74166409789
10.000 2.8882 9.7514155134
10.100 2.8594 9.84892966853
10.110 2.8565 9.85868108405
10.120 2.8537 9.86843249956
10.130 2.8508 9.87818391507
10.140 2.8480 9.88793533059
10.150 2.8452 9.8976867461
10.160 2.8424 9.90743816161
10.170 2.8395 9.91718957713
10.180 2.8367 9.92694099264
10.190 2.8339 9.93669240815
10.200 2.8311 9.94644382367
10.210 2.8283 9.95619523918
10.220 2.8255 9.96594665469
10.230 2.8227 9.97569807021
10.240 2.8200 9.98544948572
10.250 2.8172 9.99520090123
10.260 2.8144 10.0049523167
10.270 2.8117 10.0147037323
10.280 2.8089 10.0244551478
10.290 2.8061 10.0342065633
10.300 2.8034 10.0439579788
10.310 2.8006 10.0537093943
10.320 2.7979 10.0634608098
10.330 2.7952 10.0732122253
10.340 2.7925 10.0829636409
10.350 2.7897 10.0927150564
10.360 2.7870 10.1024664719
10.370 2.7843 10.1122178874
10.380 2.7816 10.1219693029
10.390 2.7789 10.1317207184
10.400 2.7762 10.1414721339
10.410 2.7735 10.1512235494
10.420 2.7708 10.160974965
10.430 2.7681 10.1707263805
10.440 2.7655 10.180477796
10.450 2.7628 10.1902292115
10.460 2.7601 10.199980627
10.470 2.7575 10.2097320425
10.480 2.7548 10.219483458
10.490 2.7522 10.2292348736
10.500 2.7495 10.2389862891
10.510 2.7469 10.2487377046
10.520 2.7443 10.2584891201
10.530 2.7416 10.2682405356
10.540 2.7390 10.2779919511
10.550 2.7364 10.2877433666
10.560 2.7338 10.2974947822
10.570 2.7312 10.3072461977
10.580 2.7286 10.3169976132
10.590 2.7260 10.3267490287
10.600 2.7234 10.3365004442
10.610 2.7208 10.3462518597
10.620 2.7182 10.3560032752
10.630 2.7156 10.3657546907
10.640 2.7130 10.3755061063
10.650 2.7105 10.3852575218
10.660 2.7079 10.3950089373
10.670 2.7053 10.4047603528
10.680 2.7028 10.4145117683
10.690 2.7002 10.4242631838
10.700 2.6977 10.4340145993
10.710 2.6951 10.4437660149
10.720 2.6926 10.4535174304
10.730 2.6901 10.4632688459
10.740 2.6875 10.4730202614
10.750 2.6850 10.4827716769
10.760 2.6825 10.4925230924
10.770 2.6800 10.5022745079
10.780 2.6775 10.5120259234
10.790 2.6750 10.521777339
10.800 2.6725 10.5315287545
10.810 2.6700 10.54128017
10.820 2.6675 10.5510315855
10.830 2.6650 10.560783001
10.840 2.6625 10.5705344165
10.850 2.6601 10.580285832
10.860 2.6576 10.5900372476
10.870 2.6551 10.5997886631
10.880 2.6527 10.6095400786
10.890 2.6502 10.6192914941
10.900 2.6477 10.6290429096
10.910 2.6453 10.6387943251
10.920 2.6428 10.6485457406
10.930 2.6404 10.6582971561
10.940 2.6380 10.6680485717
10.950 2.6355 10.6777999872
10.960 2.6331 10.6875514027
10.970 2.6307 10.6973028182
10.980 2.6283 10.7070542337
10.990 2.6259 10.7168056492
11.000 2.6235 10.7265570647
11.010 2.6210 10.7363084803
11.020 2.6186 10.7460598958
11.030 2.6162 10.7558113113
11.040 2.6139 10.7655627268
11.050 2.6115 10.7753141423
11.060 2.6091 10.7850655578
11.070 2.6067 10.7948169733
11.080 2.6043 10.8045683888
11.090 2.6020 10.8143198044
11.100 2.5996 10.8240712199
11.110 2.5972 10.8338226354
11.120 2.5949 10.8435740509
11.130 2.5925 10.8533254664
11.140 2.5902 10.8630768819
11.150 2.5878 10.8728282974
11.160 2.5855 10.882579713
11.170 2.5832 10.8923311285
11.180 2.5808 10.902082544
11.190 2.5785 10.9118339595
11.200 2.5762 10.921585375
11.210 2.5739 10.9313367905
11.220 2.5715 10.941088206
11.230 2.5692 10.9508396215
11.240 2.5669 10.9605910371
11.250 2.5646 10.9703424526
11.260 2.5623 10.9800938681
11.270 2.5600 10.9898452836
11.280 2.5577 10.9995966991
11.290 2.5554 11.0093481146
11.300 2.5532 11.0190995301
11.310 2.5509 11.0288509457
11.320 2.5486 11.0386023612
11.330 2.5463 11.0483537767
11.340 2.5441 11.0581051922
11.350 2.5418 11.0678566077
11.360 2.5395 11.0776080232
11.370 2.5373 11.0873594387
11.380 2.5350 11.0971108542
11.390 2.5328 11.1068622698
11.400 2.5306 11.1166136853
11.410 2.5283 11.1263651008
11.420 2.5261 11.1361165163
11.430 2.5238 11.1458679318
11.440 2.5216 11.1556193473
11.450 2.5194 11.1653707628
11.460 2.5172 11.1751221784
11.470 2.5150 11.1848735939
11.480 2.5127 11.1946250094
11.490 2.5105 11.2043764249
11.500 2.5083 11.2141278404
11.510 2.5061 11.2238792559
11.520 2.5039 11.2336306714
11.530 2.5017 11.2433820869
11.540 2.4996 11.2531335025
11.550 2.4974 11.262884918
11.560 2.4952 11.2726363335
11.570 2.4930 11.282387749
11.580 2.4908 11.2921391645
11.590 2.4887 11.30189058
11.600 2.4865 11.3116419955
11.610 2.4843 11.3213934111
11.620 2.4822 11.3311448266
11.630 2.4800 11.3408962421
11.640 2.4779 11.3506476576
11.650 2.4757 11.3603990731
11.660 2.4736 11.3701504886
11.670 2.4714 11.3799019041
11.680 2.4693 11.3896533197
11.690 2.4672 11.3994047352
11.700 2.4650 11.4091561507
11.710 2.4629 11.4189075662
11.720 2.4608 11.4286589817
11.730 2.4587 11.4384103972
11.740 2.4566 11.4481618127
11.750 2.4545 11.4579132282
11.760 2.4523 11.4676646438
11.770 2.4502 11.4774160593
11.780 2.4481 11.4871674748
11.790 2.4460 11.4969188903
11.800 2.4440 11.5066703058
11.810 2.4419 11.5164217213
11.820 2.4398 11.5261731368
11.830 2.4377 11.5359245524
11.840 2.4356 11.5456759679
11.850 2.4335 11.5554273834
11.860 2.4315 11.5651787989
11.870 2.4294 11.5749302144
11.880 2.4273 11.5846816299
11.890 2.4253 11.5944330454
11.900 2.4232 11.6041844609
11.910 2.4212 11.6139358765
11.920 2.4191 11.623687292
11.930 2.4171 11.6334387075
11.940 2.4150 11.643190123
11.950 2.4130 11.6529415385
11.960 2.4109 11.662692954
11.970 2.4089 11.6724443695
11.980 2.4069 11.6821957851
11.990 2.4048 11.6919472006
12.000 2.4028 11.7016986161
12.010 2.4008 11.7114500316
12.020 2.3988 11.7212014471
12.030 2.3968 11.7309528626
12.040 2.3948 11.7407042781
12.050 2.3927 11.7504556936
12.060 2.3907 11.7602071092
12.070 2.3887 11.7699585247
12.080 2.3867 11.7797099402
12.090 2.3847 11.7894613557
12.100 2.3828 11.7992127712
12.110 2.3808 11.8089641867
12.120 2.3788 11.8187156022
12.130 2.3768 11.8284670178
12.140 2.3748 11.8382184333
12.150 2.3729 11.8479698488
12.160 2.3709 11.8577212643
12.170 2.3689 11.8674726798
12.180 2.3670 11.8772240953
12.190 2.3650 11.8869755108
12.200 2.3630 11.8967269263
12.210 2.3611 11.9064783419
12.220 2.3591 11.9162297574
12.230 2.3572 11.9259811729
12.240 2.3552 11.9357325884
12.250 2.3533 11.9454840039
12.260 2.3513 11.9552354194
12.270 2.3494 11.9649868349
12.280 2.3475 11.9747382505
12.290 2.3455 11.984489666
12.300 2.3436 11.9942410815
12.310 2.3417 12.003992497
12.320 2.3398 12.0137439125
12.330 2.3379 12.023495328
12.340 2.3359 12.0332467435
12.350 2.3340 12.042998159
12.360 2.3321 12.0527495746
12.370 2.3302 12.0625009901
12.380 2.3283 12.0722524056
12.390 2.3264 12.0820038211
12.400 2.3245 12.0917552366
12.410 2.3226 12.1015066521
12.420 2.3207 12.1112580676
12.430 2.3189 12.1210094832
12.440 2.3170 12.1307608987
12.450 2.3151 12.1405123142
12.460 2.3132 12.1502637297
12.470 2.3113 12.1600151452
12.480 2.3095 12.1697665607
12.490 2.3076 12.1795179762
12.500 2.3057 12.1892693917
12.510 2.3039 12.1990208073
12.520 2.3020 12.2087722228
12.530 2.3002 12.2185236383
12.540 2.2983 12.2282750538
12.550 2.2965 12.2380264693
12.560 2.2946 12.2477778848
12.570 2.2928 12.2575293003
12.580 2.2909 12.2672807159
12.590 2.2891 12.2770321314
12.600 2.2872 12.2867835469
12.610 2.2854 12.2965349624
12.620 2.2836 12.3062863779
12.630 2.2818 12.3160377934
12.640 2.2799 12.3257892089
12.650 2.2781 12.3355406245
12.660 2.2763 12.34529204
12.670 2.2745 12.3550434555
12.680 2.2727 12.364794871
12.690 2.2709 12.3745462865
12.700 2.2691 12.384297702
12.710 2.2672 12.3940491175
12.720 2.2654 12.403800533
12.730 2.2636 12.4135519486
12.740 2.2619 12.4233033641
12.750 2.2601 12.4330547796
12.760 2.2583 12.4428061951
12.770 2.2565 12.4525576106
12.780 2.2547 12.4623090261
12.790 2.2529 12.4720604416
12.800 2.2511 12.4818118572
12.810 2.2494 12.4915632727
12.820 2.2476 12.5013146882
12.830 2.2458 12.5110661037
12.840 2.2440 12.5208175192
12.850 2.2423 12.5305689347
12.860 2.2405 12.5403203502
12.870 2.2388 12.5500717657
12.880 2.2370 12.5598231813
12.890 2.2353 12.5695745968
12.900 2.2335 12.5793260123
12.910 2.2318 12.5890774278
12.920 2.2300 12.5988288433
12.930 2.2283 12.6085802588
12.940 2.2265 12.6183316743
12.950 2.2248 12.6280830899
12.960 2.2230 12.6378345054
12.970 2.2213 12.6475859209
12.980 2.2196 12.6573373364
12.990 2.2179 12.6670887519
13.000 2.2161 12.6768401674
13.010 2.2144 12.6865915829
13.020 2.2127 12.6963429984
13.030 2.2110 12.706094414
13.040 2.2093 12.7158458295
13.050 2.2076 12.725597245
13.060 2.2058 12.7353486605
13.070 2.2041 12.745100076
13.080 2.2024 12.7548514915
13.090 2.2007 12.764602907
13.100 2.1990 12.7743543226
13.110 2.1973 12.7841057381
13.120 2.1956 12.7938571536
13.130 2.1940 12.8036085691
13.140 2.1923 12.8133599846
13.150 2.1906 12.8231114001
13.160 2.1889 12.8328628156
13.170 2.1872 12.8426142311
13.180 2.1855 12.8523656467
13.190 2.1839 12.8621170622
13.200 2.1822 12.8718684777
13.210 2.1805 12.8816198932
13.220 2.1789 12.8913713087
13.230 2.1772 12.9011227242
13.240 2.1755 12.9108741397
13.250 2.1739 12.9206255553
13.260 2.1722 12.9303769708
13.270 2.1706 12.9401283863
13.280 2.1689 12.9498798018
13.290 2.1673 12.9596312173
13.300 2.1656 12.9693826328
13.310 2.1640 12.9791340483
13.320 2.1623 12.9888854638
13.330 2.1607 12.9986368794
13.340 2.1590 13.0083882949
13.350 2.1574 13.0181397104
13.360 2.1558 13.0278911259
13.370 2.1541 13.0376425414
13.380 2.1525 13.0473939569
13.390 2.1509 13.0571453724
13.400 2.1493 13.066896788
13.410 2.1476 13.0766482035
13.420 2.1460 13.086399619
13.430 2.1444 13.0961510345
13.440 2.1428 13.10590245
13.450 2.1412 13.1156538655
13.460 2.1396 13.125405281
13.470 2.1380 13.1351566965
13.480 2.1364 13.1449081121
13.490 2.1348 13.1546595276
13.500 2.1332 13.1644109431
13.510 2.1316 13.1741623586
13.520 2.1300 13.1839137741
13.530 2.1284 13.1936651896
13.540 2.1268 13.2034166051
13.550 2.1252 13.2131680207
13.560 2.1236 13.2229194362
13.570 2.1220 13.2326708517
13.580 2.1205 13.2424222672
13.590 2.1189 13.2521736827
13.600 2.1173 13.2619250982
13.610 2.1157 13.2716765137
13.620 2.1142 13.2814279293
13.630 2.1126 13.2911793448
13.640 2.1110 13.3009307603
13.650 2.1095 13.3106821758
13.660 2.1079 13.3204335913
13.670 2.1063 13.3301850068
13.680 2.1048 13.3399364223
13.690 2.1032 13.3496878378
13.700 2.1017 13.3594392534
13.710 2.1001 13.3691906689
13.720 2.0986 13.3789420844
13.730 2.0970 13.3886934999
13.740 2.0955 13.3984449154
13.750 2.0939 13.4081963309
13.760 2.0924 13.4179477464
13.770 2.0909 13.427699162
13.780 2.0893 13.4374505775
13.790 2.0878 13.447201993
13.800 2.0863 13.4569534085
13.810 2.0847 13.466704824
13.820 2.0832 13.4764562395
13.830 2.0817 13.486207655
13.840 2.0802 13.4959590705
13.850 2.0787 13.5057104861
13.860 2.0771 13.5154619016
13.870 2.0756 13.5252133171
13.880 2.0741 13.5349647326
13.890 2.0726 13.5447161481
13.900 2.0711 13.5544675636
13.910 2.0696 13.5642189791
13.920 2.0681 13.5739703947
13.930 2.0666 13.5837218102
13.940 2.0651 13.5934732257
13.950 2.0636 13.6032246412
13.960 2.0621 13.6129760567
13.970 2.0606 13.6227274722
13.980 2.0591 13.6324788877
13.990 2.0576 13.6422303032
14.000 2.0561 13.6519817188
14.010 2.0546 13.6617331343
14.020 2.0532 13.6714845498
14.030 2.0517 13.6812359653
14.040 2.0502 13.6909873808
14.050 2.0487 13.7007387963
14.060 2.0473 13.7104902118
14.070 2.0458 13.7202416274
14.080 2.0443 13.7299930429
14.090 2.0428 13.7397444584
14.100 2.0414 13.7494958739
14.110 2.0399 13.7592472894
14.120 2.0385 13.7689987049
14.130 2.0370 13.7787501204
14.140 2.0355 13.7885015359
14.150 2.0341 13.7982529515
14.160 2.0326 13.808004367
14.170 2.0312 13.8177557825
14.180 2.0297 13.827507198
14.190 2.0283 13.8372586135
14.200 2.0268 13.847010029
14.210 2.0254 13.8567614445
14.220 2.0239 13.8665128601
14.230 2.0225 13.8762642756
14.240 2.0211 13.8860156911
14.250 2.0196 13.8957671066
14.260 2.0182 13.9055185221
14.270 2.0168 13.9152699376
14.280 2.0153 13.9250213531
14.290 2.0139 13.9347727686
14.300 2.0125 13.9445241842
14.310 2.0111 13.9542755997
14.320 2.0096 13.9640270152
14.330 2.0082 13.9737784307
14.340 2.0068 13.9835298462
14.350 2.0054 13.9932812617
14.360 2.0040 14.0030326772
14.370 2.0026 14.0127840928
14.380 2.0012 14.0225355083
14.390 1.9998 14.0322869238
14.400 1.9984 14.0420383393
14.410 1.9969 14.0517897548
14.420 1.9955 14.0615411703
14.430 1.9941 14.0712925858
14.440 1.9927 14.0810440013
14.450 1.9914 14.0907954169
14.460 1.9900 14.1005468324
14.470 1.9886 14.1102982479
14.480 1.9872 14.1200496634
14.490 1.9858 14.1298010789
14.500 1.9844 14.1395524944
14.510 1.9830 14.1493039099
14.520 1.9816 14.1590553255
14.530 1.9803 14.168806741
14.540 1.9789 14.1785581565
14.550 1.9775 14.188309572
14.560 1.9761 14.1980609875
14.570 1.9748 14.207812403
14.580 1.9734 14.2175638185
14.590 1.9720 14.2273152341
14.600 1.9706 14.2370666496
14.610 1.9693 14.2468180651
14.620 1.9679 14.2565694806
14.630 1.9666 14.2663208961
14.640 1.9652 14.2760723116
14.650 1.9638 14.2858237271
14.660 1.9625 14.2955751426
14.670 1.9611 14.3053265582
14.680 1.9598 14.3150779737
14.690 1.9584 14.3248293892
14.700 1.9571 14.3345808047
14.710 1.9557 14.3443322202
14.720 1.9544 14.3540836357
14.730 1.9530 14.3638350512
14.740 1.9517 14.3735864668
14.750 1.9504 14.3833378823
14.760 1.9490 14.3930892978
14.770 1.9477 14.4028407133
14.780 1.9464 14.4125921288
14.790 1.9450 14.4223435443
14.800 1.9437 14.4320949598
14.810 1.9424 14.4418463753
14.820 1.9410 14.4515977909
14.830 1.9397 14.4613492064
14.840 1.9384 14.4711006219
14.850 1.9371 14.4808520374
14.860 1.9358 14.4906034529
14.870 1.9344 14.5003548684
14.880 1.9331 14.5101062839
14.890 1.9318 14.5198576995
14.900 1.9305 14.529609115
14.910 1.9292 14.5393605305
14.920 1.9279 14.549111946
14.930 1.9266 14.5588633615
14.940 1.9253 14.568614777
14.950 1.9240 14.5783661925
14.960 1.9227 14.588117608
14.970 1.9214 14.5978690236
14.980 1.9201 14.6076204391
14.990 1.9188 14.6173718546
15.000 1.9175 14.6271232701
15.100 1.9046 14.7246374252
15.110 1.9033 14.7343888407
15.120 1.9021 14.7441402563
15.130 1.9008 14.7538916718
15.140 1.8995 14.7636430873
15.150 1.8982 14.7733945028
15.160 1.8970 14.7831459183
15.170 1.8957 14.7928973338
15.180 1.8944 14.8026487493
15.190 1.8932 14.8124001649
15.200 1.8919 14.8221515804
15.210 1.8907 14.8319029959
15.220 1.8894 14.8416544114
15.230 1.8881 14.8514058269
15.240 1.8869 14.8611572424
15.250 1.8856 14.8709086579
15.260 1.8844 14.8806600734
15.270 1.8831 14.890411489
15.280 1.8819 14.9001629045
15.290 1.8806 14.90991432
15.300 1.8794 14.9196657355
15.310 1.8782 14.929417151
15.320 1.8769 14.9391685665
15.330 1.8757 14.948919982
15.340 1.8744 14.9586713976
15.350 1.8732 14.9684228131
15.360 1.8720 14.9781742286
15.370 1.8707 14.9879256441
15.380 1.8695 14.9976770596
15.390 1.8683 15.0074284751
15.400 1.8670 15.0171798906
15.410 1.8658 15.0269313061
15.420 1.8646 15.0366827217
15.430 1.8634 15.0464341372
15.440 1.8621 15.0561855527
15.450 1.8609 15.0659369682
15.460 1.8597 15.0756883837
15.470 1.8585 15.0854397992
15.480 1.8573 15.0951912147
15.490 1.8561 15.1049426303
15.500 1.8548 15.1146940458
15.510 1.8536 15.1244454613
15.520 1.8524 15.1341968768
15.530 1.8512 15.1439482923
15.540 1.8500 15.1536997078
15.550 1.8488 15.1634511233
15.560 1.8476 15.1732025388
15.570 1.8464 15.1829539544
15.580 1.8452 15.1927053699
15.590 1.8440 15.2024567854
15.600 1.8428 15.2122082009
15.610 1.8416 15.2219596164
15.620 1.8404 15.2317110319
15.630 1.8392 15.2414624474
15.640 1.8380 15.251213863
15.650 1.8368 15.2609652785
15.660 1.8357 15.270716694
15.670 1.8345 15.2804681095
15.680 1.8333 15.290219525
15.690 1.8321 15.2999709405
15.700 1.8309 15.309722356
15.710 1.8297 15.3194737716
15.720 1.8286 15.3292251871
15.730 1.8274 15.3389766026
15.740 1.8262 15.3487280181
15.750 1.8250 15.3584794336
15.760 1.8239 15.3682308491
15.770 1.8227 15.3779822646
15.780 1.8215 15.3877336801
15.790 1.8203 15.3974850957
15.800 1.8192 15.4072365112
15.810 1.8180 15.4169879267
15.820 1.8168 15.4267393422
15.830 1.8157 15.4364907577
15.840 1.8145 15.4462421732
15.850 1.8134 15.4559935887
15.860 1.8122 15.4657450043
15.870 1.8110 15.4754964198
15.880 1.8099 15.4852478353
15.890 1.8087 15.4949992508
15.900 1.8076 15.5047506663
15.910 1.8064 15.5145020818
15.920 1.8053 15.5242534973
15.930 1.8041 15.5340049128
15.940 1.8030 15.5437563284
15.950 1.8018 15.5535077439
15.960 1.8007 15.5632591594
15.970 1.7996 15.5730105749
15.980 1.7984 15.5827619904
15.990 1.7973 15.5925134059
16.000 1.7961 15.6022648214
16.010 1.7950 15.612016237
16.020 1.7939 15.6217676525
16.030 1.7927 15.631519068
16.040 1.7916 15.6412704835
16.050 1.7905 15.651021899
16.060 1.7893 15.6607733145
16.070 1.7882 15.67052473
16.080 1.7871 15.6802761455
16.090 1.7860 15.6900275611
16.100 1.7848 15.6997789766
16.110 1.7837 15.7095303921
16.120 1.7826 15.7192818076
16.130 1.7815 15.7290332231
16.140 1.7804 15.7387846386
16.150 1.7792 15.7485360541
16.160 1.7781 15.7582874697
16.170 1.7770 15.7680388852
16.180 1.7759 15.7777903007
16.190 1.7748 15.7875417162
16.200 1.7737 15.7972931317
16.210 1.7726 15.8070445472
16.220 1.7715 15.8167959627
16.230 1.7704 15.8265473782
16.240 1.7692 15.8362987938
16.250 1.7681 15.8460502093
16.260 1.7670 15.8558016248
16.270 1.7659 15.8655530403
16.280 1.7648 15.8753044558
16.290 1.7637 15.8850558713
16.300 1.7626 15.8948072868
16.310 1.7616 15.9045587024
16.320 1.7605 15.9143101179
16.330 1.7594 15.9240615334
16.340 1.7583 15.9338129489
16.350 1.7572 15.9435643644
16.360 1.7561 15.9533157799
16.370 1.7550 15.9630671954
16.380 1.7539 15.9728186109
16.390 1.7528 15.9825700265
16.400 1.7518 15.992321442
16.410 1.7507 16.0020728575
16.420 1.7496 16.011824273
16.430 1.7485 16.0215756885
16.440 1.7474 16.031327104
16.450 1.7464 16.0410785195
16.460 1.7453 16.0508299351
16.470 1.7442 16.0605813506
16.480 1.7431 16.0703327661
16.490 1.7421 16.0800841816
16.500 1.7410 16.0898355971
16.510 1.7399 16.0995870126
16.520 1.7389 16.1093384281
16.530 1.7378 16.1190898436
16.540 1.7367 16.1288412592
16.550 1.7357 16.1385926747
16.560 1.7346 16.1483440902
16.570 1.7335 16.1580955057
16.580 1.7325 16.1678469212
16.590 1.7314 16.1775983367
16.600 1.7304 16.1873497522
16.610 1.7293 16.1971011678
16.620 1.7283 16.2068525833
16.630 1.7272 16.2166039988
16.640 1.7261 16.2263554143
16.650 1.7251 16.2361068298
16.660 1.7240 16.2458582453
16.670 1.7230 16.2556096608
16.680 1.7220 16.2653610764
16.690 1.7209 16.2751124919
16.700 1.7199 16.2848639074
16.710 1.7188 16.2946153229
16.720 1.7178 16.3043667384
16.730 1.7167 16.3141181539
16.740 1.7157 16.3238695694
16.750 1.7147 16.3336209849
16.760 1.7136 16.3433724005
16.770 1.7126 16.353123816
16.780 1.7115 16.3628752315
16.790 1.7105 16.372626647
16.800 1.7095 16.3823780625
16.810 1.7085 16.392129478
16.820 1.7074 16.4018808935
16.830 1.7064 16.4116323091
16.840 1.7054 16.4213837246
16.850 1.7043 16.4311351401
16.860 1.7033 16.4408865556
16.870 1.7023 16.4506379711
16.880 1.7013 16.4603893866
16.890 1.7002 16.4701408021
16.900 1.6992 16.4798922176
16.910 1.6982 16.4896436332
16.920 1.6972 16.4993950487
16.930 1.6962 16.5091464642
16.940 1.6952 16.5188978797
16.950 1.6941 16.5286492952
16.960 1.6931 16.5384007107
16.970 1.6921 16.5481521262
16.980 1.6911 16.5579035418
16.990 1.6901 16.5676549573
17.000 1.6891 16.5774063728
17.010 1.6881 16.5871577883
17.020 1.6871 16.5969092038
17.030 1.6861 16.6066606193
17.040 1.6851 16.6164120348
17.050 1.6841 16.6261634503
17.060 1.6831 16.6359148659
17.070 1.6821 16.6456662814
17.080 1.6811 16.6554176969
17.090 1.6801 16.6651691124
17.100 1.6791 16.6749205279
17.110 1.6781 16.6846719434
17.120 1.6771 16.6944233589
17.130 1.6761 16.7041747745
17.140 1.6751 16.71392619
17.150 1.6741 16.7236776055
17.160 1.6731 16.733429021
17.170 1.6721 16.7431804365
17.180 1.6712 16.752931852
17.190 1.6702 16.7626832675
17.200 1.6692 16.772434683
17.210 1.6682 16.7821860986
17.220 1.6672 16.7919375141
17.230 1.6662 16.8016889296
17.240 1.6653 16.8114403451
17.250 1.6643 16.8211917606
17.260 1.6633 16.8309431761
17.270 1.6623 16.8406945916
17.280 1.6613 16.8504460072
17.290 1.6604 16.8601974227
17.300 1.6594 16.8699488382
17.310 1.6584 16.8797002537
17.320 1.6575 16.8894516692
17.330 1.6565 16.8992030847
17.340 1.6555 16.9089545002
17.350 1.6545 16.9187059157
17.360 1.6536 16.9284573313
17.370 1.6526 16.9382087468
17.380 1.6516 16.9479601623
17.390 1.6507 16.9577115778
17.400 1.6497 16.9674629933
17.410 1.6488 16.9772144088
17.420 1.6478 16.9869658243
17.430 1.6468 16.9967172399
17.440 1.6459 17.0064686554
17.450 1.6449 17.0162200709
17.460 1.6440 17.0259714864
17.470 1.6430 17.0357229019
17.480 1.6421 17.0454743174
17.490 1.6411 17.0552257329
17.500 1.6402 17.0649771484
17.510 1.6392 17.074728564
17.520 1.6383 17.0844799795
17.530 1.6373 17.094231395
17.540 1.6364 17.1039828105
17.550 1.6354 17.113734226
17.560 1.6345 17.1234856415
17.570 1.6335 17.133237057
17.580 1.6326 17.1429884726
17.590 1.6317 17.1527398881
17.600 1.6307 17.1624913036
17.610 1.6298 17.1722427191
17.620 1.6288 17.1819941346
17.630 1.6279 17.1917455501
17.640 1.6270 17.2014969656
17.650 1.6260 17.2112483812
17.660 1.6251 17.2209997967
17.670 1.6242 17.2307512122
17.680 1.6232 17.2405026277
17.690 1.6223 17.2502540432
17.700 1.6214 17.2600054587
17.710 1.6204 17.2697568742
17.720 1.6195 17.2795082897
17.730 1.6186 17.2892597053
17.740 1.6177 17.2990111208
17.750 1.6167 17.3087625363
17.760 1.6158 17.3185139518
17.770 1.6149 17.3282653673
17.780 1.6140 17.3380167828
17.790 1.6130 17.3477681983
17.800 1.6121 17.3575196139
17.810 1.6112 17.3672710294
17.820 1.6103 17.3770224449
17.830 1.6094 17.3867738604
17.840 1.6085 17.3965252759
17.850 1.6075 17.4062766914
17.860 1.6066 17.4160281069
17.870 1.6057 17.4257795224
17.880 1.6048 17.435530938
17.890 1.6039 17.4452823535
17.900 1.6030 17.455033769
17.910 1.6021 17.4647851845
17.920 1.6012 17.4745366
17.930 1.6003 17.4842880155
17.940 1.5994 17.494039431
17.950 1.5985 17.5037908466
17.960 1.5976 17.5135422621
17.970 1.5967 17.5232936776
17.980 1.5957 17.5330450931
17.990 1.5948 17.5427965086
18.000 1.5940 17.5525479241
18.010 1.5931 17.5622993396
18.020 1.5922 17.5720507551
18.030 1.5913 17.5818021707
18.040 1.5904 17.5915535862
18.050 1.5895 17.6013050017
18.060 1.5886 17.6110564172
18.070 1.5877 17.6208078327
18.080 1.5868 17.6305592482
18.090 1.5859 17.6403106637
18.100 1.5850 17.6500620793
18.110 1.5841 17.6598134948
18.120 1.5832 17.6695649103
18.130 1.5824 17.6793163258
18.140 1.5815 17.6890677413
18.150 1.5806 17.6988191568
18.160 1.5797 17.7085705723
18.170 1.5788 17.7183219878
18.180 1.5779 17.7280734034
18.190 1.5771 17.7378248189
18.200 1.5762 17.7475762344
18.210 1.5753 17.7573276499
18.220 1.5744 17.7670790654
18.230 1.5735 17.7768304809
18.240 1.5727 17.7865818964
18.250 1.5718 17.796333312
18.260 1.5709 17.8060847275
18.270 1.5700 17.815836143
18.280 1.5692 17.8255875585
18.290 1.5683 17.835338974
18.300 1.5674 17.8450903895
18.310 1.5666 17.854841805
18.320 1.5657 17.8645932205
18.330 1.5648 17.8743446361
18.340 1.5640 17.8840960516
18.350 1.5631 17.8938474671
18.360 1.5622 17.9035988826
18.370 1.5614 17.9133502981
18.380 1.5605 17.9231017136
18.390 1.5597 17.9328531291
18.400 1.5588 17.9426045447
18.410 1.5579 17.9523559602
18.420 1.5571 17.9621073757
18.430 1.5562 17.9718587912
18.440 1.5554 17.9816102067
18.450 1.5545 17.9913616222
18.460 1.5536 18.0011130377
18.470 1.5528 18.0108644532
18.480 1.5519 18.0206158688
18.490 1.5511 18.0303672843
18.500 1.5502 18.0401186998
18.510 1.5494 18.0498701153
18.520 1.5485 18.0596215308
18.530 1.5477 18.0693729463
18.540 1.5468 18.0791243618
18.550 1.5460 18.0888757774
18.560 1.5452 18.0986271929
18.570 1.5443 18.1083786084
18.580 1.5435 18.1181300239
18.590 1.5426 18.1278814394
18.600 1.5418 18.1376328549
18.610 1.5409 18.1473842704
18.620 1.5401 18.157135686
18.630 1.5393 18.1668871015
18.640 1.5384 18.176638517
18.650 1.5376 18.1863899325
18.660 1.5367 18.196141348
18.670 1.5359 18.2058927635
18.680 1.5351 18.215644179
18.690 1.5342 18.2253955945
18.700 1.5334 18.2351470101
18.710 1.5326 18.2448984256
18.720 1.5317 18.2546498411
18.730 1.5309 18.2644012566
18.740 1.5301 18.2741526721
18.750 1.5293 18.2839040876
18.760 1.5284 18.2936555031
18.770 1.5276 18.3034069187
18.780 1.5268 18.3131583342
18.790 1.5260 18.3229097497
18.800 1.5251 18.3326611652
18.810 1.5243 18.3424125807
18.820 1.5235 18.3521639962
18.830 1.5227 18.3619154117
18.840 1.5218 18.3716668272
18.850 1.5210 18.3814182428
18.860 1.5202 18.3911696583
18.870 1.5194 18.4009210738
18.880 1.5186 18.4106724893
18.890 1.5177 18.4204239048
18.900 1.5169 18.4301753203
18.910 1.5161 18.4399267358
18.920 1.5153 18.4496781514
18.930 1.5145 18.4594295669
18.940 1.5137 18.4691809824
18.950 1.5129 18.4789323979
18.960 1.5121 18.4886838134
18.970 1.5113 18.4984352289
18.980 1.5104 18.5081866444
18.990 1.5096 18.5179380599
19.000 1.5088 18.5276894755
19.010 1.5080 18.537440891
19.020 1.5072 18.5471923065
19.030 1.5064 18.556943722
19.040 1.5056 18.5666951375
19.050 1.5048 18.576446553
19.060 1.5040 18.5861979685
19.070 1.5032 18.5959493841
19.080 1.5024 18.6057007996
19.090 1.5016 18.6154522151
19.100 1.5008 18.6252036306
19.110 1.5000 18.6349550461
19.120 1.4992 18.6447064616
19.130 1.4984 18.6544578771
19.140 1.4976 18.6642092926
19.150 1.4968 18.6739607082
19.160 1.4960 18.6837121237
19.170 1.4952 18.6934635392
19.180 1.4944 18.7032149547
19.190 1.4937 18.7129663702
19.200 1.4929 18.7227177857
19.210 1.4921 18.7324692012
19.220 1.4913 18.7422206168
19.230 1.4905 18.7519720323
19.240 1.4897 18.7617234478
19.250 1.4889 18.7714748633
19.260 1.4881 18.7812262788
19.270 1.4874 18.7909776943
19.280 1.4866 18.8007291098
19.290 1.4858 18.8104805253
19.300 1.4850 18.8202319409
19.310 1.4842 18.8299833564
19.320 1.4835 18.8397347719
19.330 1.4827 18.8494861874
19.340 1.4819 18.8592376029
19.350 1.4811 18.8689890184
19.360 1.4803 18.8787404339
19.370 1.4796 18.8884918495
19.380 1.4788 18.898243265
19.390 1.4780 18.9079946805
19.400 1.4772 18.917746096
19.410 1.4765 18.9274975115
19.420 1.4757 18.937248927
19.430 1.4749 18.9470003425
19.440 1.4741 18.956751758
19.450 1.4734 18.9665031736
19.460 1.4726 18.9762545891
19.470 1.4718 18.9860060046
19.480 1.4711 18.9957574201
19.490 1.4703 19.0055088356
19.500 1.4695 19.0152602511
19.510 1.4688 19.0250116666
19.520 1.4680 19.0347630822
19.530 1.4672 19.0445144977
19.540 1.4665 19.0542659132
19.550 1.4657 19.0640173287
19.560 1.4650 19.0737687442
19.570 1.4642 19.0835201597
19.580 1.4634 19.0932715752
19.590 1.4627 19.1030229908
19.600 1.4619 19.1127744063
19.610 1.4612 19.1225258218
19.620 1.4604 19.1322772373
19.630 1.4597 19.1420286528
19.640 1.4589 19.1517800683
19.650 1.4581 19.1615314838
19.660 1.4574 19.1712828993
19.670 1.4566 19.1810343149
19.680 1.4559 19.1907857304
19.690 1.4551 19.2005371459
19.700 1.4544 19.2102885614
19.710 1.4536 19.2200399769
19.720 1.4529 19.2297913924
19.730 1.4521 19.2395428079
19.740 1.4514 19.2492942235
19.750 1.4506 19.259045639
19.760 1.4499 19.2687970545
19.770 1.4492 19.27854847
19.780 1.4484 19.2882998855
19.790 1.4477 19.298051301
19.800 1.4469 19.3078027165
19.810 1.4462 19.317554132
19.820 1.4454 19.3273055476
19.830 1.4447 19.3370569631
19.840 1.4440 19.3468083786
19.850 1.4432 19.3565597941
19.860 1.4425 19.3663112096
19.870 1.4417 19.3760626251
19.880 1.4410 19.3858140406
19.890 1.4403 19.3955654562
19.900 1.4395 19.4053168717
19.910 1.4388 19.4150682872
19.920 1.4381 19.4248197027
19.930 1.4373 19.4345711182
19.940 1.4366 19.4443225337
19.950 1.4359 19.4540739492
19.960 1.4351 19.4638253647
19.970 1.4344 19.4735767803
19.980 1.4337 19.4833281958
19.990 1.4329 19.4930796113
20.000 1.4322 19.5028310268
20.100 1.4250 19.6003451819
20.110 1.4243 19.6100965974
20.120 1.4235 19.619848013
20.130 1.4228 19.6295994285
20.140 1.4221 19.639350844
20.150 1.4214 19.6491022595
20.160 1.4207 19.658853675
20.170 1.4200 19.6686050905
20.180 1.4192 19.678356506
20.190 1.4185 19.6881079216
20.200 1.4178 19.6978593371
20.210 1.4171 19.7076107526
20.220 1.4164 19.7173621681
20.230 1.4157 19.7271135836
20.240 1.4150 19.7368649991
20.250 1.4143 19.7466164146
20.260 1.4135 19.7563678301
20.270 1.4128 19.7661192457
20.280 1.4121 19.7758706612
20.290 1.4114 19.7856220767
20.300 1.4107 19.7953734922
20.310 1.4100 19.8051249077
20.320 1.4093 19.8148763232
20.330 1.4086 19.8246277387
20.340 1.4079 19.8343791543
20.350 1.4072 19.8441305698
20.360 1.4065 19.8538819853
20.370 1.4058 19.8636334008
20.380 1.4051 19.8733848163
20.390 1.4044 19.8831362318
20.400 1.4037 19.8928876473
20.410 1.4030 19.9026390628
20.420 1.4023 19.9123904784
20.430 1.4016 19.9221418939
20.440 1.4009 19.9318933094
20.450 1.4002 19.9416447249
20.460 1.3995 19.9513961404
20.470 1.3988 19.9611475559
20.480 1.3981 19.9708989714
20.490 1.3974 19.980650387
20.500 1.3967 19.9904018025
20.510 1.3960 20.000153218
20.520 1.3953 20.0099046335
20.530 1.3946 20.019656049
20.540 1.3940 20.0294074645
20.550 1.3933 20.03915888
20.560 1.3926 20.0489102955
20.570 1.3919 20.0586617111
20.580 1.3912 20.0684131266
20.590 1.3905 20.0781645421
20.600 1.3898 20.0879159576
20.610 1.3891 20.0976673731
20.620 1.3885 20.1074187886
20.630 1.3878 20.1171702041
20.640 1.3871 20.1269216197
20.650 1.3864 20.1366730352
20.660 1.3857 20.1464244507
20.670 1.3850 20.1561758662
20.680 1.3844 20.1659272817
20.690 1.3837 20.1756786972
20.700 1.3830 20.1854301127
20.710 1.3823 20.1951815283
20.720 1.3816 20.2049329438
20.730 1.3810 20.2146843593
20.740 1.3803 20.2244357748
20.750 1.3796 20.2341871903
20.760 1.3789 20.2439386058
20.770 1.3783 20.2536900213
20.780 1.3776 20.2634414368
20.790 1.3769 20.2731928524
20.800 1.3762 20.2829442679
20.810 1.3756 20.2926956834
20.820 1.3749 20.3024470989
20.830 1.3742 20.3121985144
20.840 1.3736 20.3219499299
20.850 1.3729 20.3317013454
20.860 1.3722 20.341452761
20.870 1.3716 20.3512041765
20.880 1.3709 20.360955592
20.890 1.3702 20.3707070075
20.900 1.3695 20.380458423
20.910 1.3689 20.3902098385
20.920 1.3682 20.399961254
20.930 1.3676 20.4097126695
20.940 1.3669 20.4194640851
20.950 1.3662 20.4292155006
20.960 1.3656 20.4389669161
20.970 1.3649 20.4487183316
20.980 1.3642 20.4584697471
20.990 1.3636 20.4682211626
21.000 1.3629 20.4779725781
21.010 1.3623 20.4877239937
21.020 1.3616 20.4974754092
21.030 1.3609 20.5072268247
21.040 1.3603 20.5169782402
21.050 1.3596 20.5267296557
21.060 1.3590 20.5364810712
21.070 1.3583 20.5462324867
21.080 1.3577 20.5559839022
21.090 1.3570 20.5657353178
21.100 1.3563 20.5754867333
21.110 1.3557 20.5852381488
21.120 1.3550 20.5949895643
21.130 1.3544 20.6047409798
21.140 1.3537 20.6144923953
21.150 1.3531 20.6242438108
21.160 1.3524 20.6339952264
21.170 1.3518 20.6437466419
21.180 1.3511 20.6534980574
21.190 1.3505 20.6632494729
21.200 1.3498 20.6730008884
21.210 1.3492 20.6827523039
21.220 1.3485 20.6925037194
21.230 1.3479 20.7022551349
21.240 1.3473 20.7120065505
21.250 1.3466 20.721757966
21.260 1.3460 20.7315093815
21.270 1.3453 20.741260797
21.280 1.3447 20.7510122125
21.290 1.3440 20.760763628
21.300 1.3434 20.7705150435
21.310 1.3428 20.7802664591
21.320 1.3421 20.7900178746
21.330 1.3415 20.7997692901
21.340 1.3408 20.8095207056
21.350 1.3402 20.8192721211
21.360 1.3396 20.8290235366
21.370 1.3389 20.8387749521
21.380 1.3383 20.8485263676
21.390 1.3376 20.8582777832
21.400 1.3370 20.8680291987
21.410 1.3364 20.8777806142
21.420 1.3357 20.8875320297
21.430 1.3351 20.8972834452
21.440 1.3345 20.9070348607
21.450 1.3338 20.9167862762
21.460 1.3332 20.9265376918
21.470 1.3326 20.9362891073
21.480 1.3319 20.9460405228
21.490 1.3313 20.9557919383
21.500 1.3307 20.9655433538
21.510 1.3301 20.9752947693
21.520 1.3294 20.9850461848
21.530 1.3288 20.9947976003
21.540 1.3282 21.0045490159
21.550 1.3275 21.0143004314
21.560 1.3269 21.0240518469
21.570 1.3263 21.0338032624
21.580 1.3257 21.0435546779
21.590 1.3250 21.0533060934
21.600 1.3244 21.0630575089
21.610 1.3238 21.0728089245
21.620 1.3232 21.08256034
21.630 1.3225 21.0923117555
21.640 1.3219 21.102063171
21.650 1.3213 21.1118145865
21.660 1.3207 21.121566002
21.670 1.3201 21.1313174175
21.680 1.3194 21.1410688331
21.690 1.3188 21.1508202486
21.700 1.3182 21.1605716641
21.710 1.3176 21.1703230796
21.720 1.3170 21.1800744951
21.730 1.3164 21.1898259106
21.740 1.3157 21.1995773261
21.750 1.3151 21.2093287416
21.760 1.3145 21.2190801572
21.770 1.3139 21.2288315727
21.780 1.3133 21.2385829882
21.790 1.3127 21.2483344037
21.800 1.3121 21.2580858192
21.810 1.3114 21.2678372347
21.820 1.3108 21.2775886502
21.830 1.3102 21.2873400658
21.840 1.3096 21.2970914813
21.850 1.3090 21.3068428968
21.860 1.3084 21.3165943123
21.870 1.3078 21.3263457278
21.880 1.3072 21.3360971433
21.890 1.3066 21.3458485588
21.900 1.3060 21.3555999743
21.910 1.3054 21.3653513899
21.920 1.3047 21.3751028054
21.930 1.3041 21.3848542209
21.940 1.3035 21.3946056364
21.950 1.3029 21.4043570519
21.960 1.3023 21.4141084674
21.970 1.3017 21.4238598829
21.980 1.3011 21.4336112985
21.990 1.3005 21.443362714
22.000 1.2999 21.4531141295
22.010 1.2993 21.462865545
22.020 1.2987 21.4726169605
22.030 1.2981 21.482368376
22.040 1.2975 21.4921197915
22.050 1.2969 21.501871207
22.060 1.2963 21.5116226226
22.070 1.2957 21.5213740381
22.080 1.2951 21.5311254536
22.090 1.2945 21.5408768691
22.100 1.2939 21.5506282846
22.110 1.2933 21.5603797001
22.120 1.2927 21.5701311156
22.130 1.2921 21.5798825312
22.140 1.2916 21.5896339467
22.150 1.2910 21.5993853622
22.160 1.2904 21.6091367777
22.170 1.2898 21.6188881932
22.180 1.2892 21.6286396087
22.190 1.2886 21.6383910242
22.200 1.2880 21.6481424397
22.210 1.2874 21.6578938553
22.220 1.2868 21.6676452708
22.230 1.2862 21.6773966863
22.240 1.2856 21.6871481018
22.250 1.2851 21.6968995173
22.260 1.2845 21.7066509328
22.270 1.2839 21.7164023483
22.280 1.2833 21.7261537639
22.290 1.2827 21.7359051794
22.300 1.2821 21.7456565949
22.310 1.2815 21.7554080104
22.320 1.2810 21.7651594259
22.330 1.2804 21.7749108414
22.340 1.2798 21.7846622569
22.350 1.2792 21.7944136724
22.360 1.2786 21.804165088
22.370 1.2780 21.8139165035
22.380 1.2775 21.823667919
22.390 1.2769 21.8334193345
22.400 1.2763 21.84317075
22.410 1.2757 21.8529221655
22.420 1.2751 21.862673581
22.430 1.2746 21.8724249966
22.440 1.2740 21.8821764121
22.450 1.2734 21.8919278276
22.460 1.2728 21.9016792431
22.470 1.2722 21.9114306586
22.480 1.2717 21.9211820741
22.490 1.2711 21.9309334896
22.500 1.2705 21.9406849051
22.510 1.2699 21.9504363207
22.520 1.2694 21.9601877362
22.530 1.2688 21.9699391517
22.540 1.2682 21.9796905672
22.550 1.2677 21.9894419827
22.560 1.2671 21.9991933982
22.570 1.2665 22.0089448137
22.580 1.2659 22.0186962293
22.590 1.2654 22.0284476448
22.600 1.2648 22.0381990603
22.610 1.2642 22.0479504758
22.620 1.2637 22.0577018913
22.630 1.2631 22.0674533068
22.640 1.2625 22.0772047223
22.650 1.2620 22.0869561379
22.660 1.2614 22.0967075534
22.670 1.2608 22.1064589689
22.680 1.2603 22.1162103844
22.690 1.2597 22.1259617999
22.700 1.2591 22.1357132154
22.710 1.2586 22.1454646309
22.720 1.2580 22.1552160464
22.730 1.2574 22.164967462
22.740 1.2569 22.1747188775
22.750 1.2563 22.184470293
22.760 1.2557 22.1942217085
22.770 1.2552 22.203973124
22.780 1.2546 22.2137245395
22.790 1.2541 22.223475955
22.800 1.2535 22.2332273706
22.810 1.2529 22.2429787861
22.820 1.2524 22.2527302016
22.830 1.2518 22.2624816171
22.840 1.2513 22.2722330326
22.850 1.2507 22.2819844481
22.860 1.2502 22.2917358636
22.870 1.2496 22.3014872791
22.880 1.2490 22.3112386947
22.890 1.2485 22.3209901102
22.900 1.2479 22.3307415257
22.910 1.2474 22.3404929412
22.920 1.2468 22.3502443567
22.930 1.2463 22.3599957722
22.940 1.2457 22.3697471877
22.950 1.2452 22.3794986033
22.960 1.2446 22.3892500188
22.970 1.2441 22.3990014343
22.980 1.2435 22.4087528498
22.990 1.2430 22.4185042653
23.000 1.2424 22.4282556808
23.010 1.2419 22.4380070963
23.020 1.2413 22.4477585118
23.030 1.2408 22.4575099274
23.040 1.2402 22.4672613429
23.050 1.2397 22.4770127584
23.060 1.2391 22.4867641739
23.070 1.2386 22.4965155894
23.080 1.2380 22.5062670049
23.090 1.2375 22.5160184204
23.100 1.2369 22.525769836
23.110 1.2364 22.5355212515
23.120 1.2358 22.545272667
23.130 1.2353 22.5550240825
23.140 1.2347 22.564775498
23.150 1.2342 22.5745269135
23.160 1.2337 22.584278329
23.170 1.2331 22.5940297445
23.180 1.2326 22.6037811601
23.190 1.2320 22.6135325756
23.200 1.2315 22.6232839911
23.210 1.2310 22.6330354066
23.220 1.2304 22.6427868221
23.230 1.2299 22.6525382376
23.240 1.2293 22.6622896531
23.250 1.2288 22.6720410687
23.260 1.2283 22.6817924842
23.270 1.2277 22.6915438997
23.280 1.2272 22.7012953152
23.290 1.2266 22.7110467307
23.300 1.2261 22.7207981462
23.310 1.2256 22.7305495617
23.320 1.2250 22.7403009772
23.330 1.2245 22.7500523928
23.340 1.2240 22.7598038083
23.350 1.2234 22.7695552238
23.360 1.2229 22.7793066393
23.370 1.2224 22.7890580548
23.380 1.2218 22.7988094703
23.390 1.2213 22.8085608858
23.400 1.2208 22.8183123014
23.410 1.2202 22.8280637169
23.420 1.2197 22.8378151324
23.430 1.2192 22.8475665479
23.440 1.2187 22.8573179634
23.450 1.2181 22.8670693789
23.460 1.2176 22.8768207944
23.470 1.2171 22.8865722099
23.480 1.2165 22.8963236255
23.490 1.2160 22.906075041
23.500 1.2155 22.9158264565
23.510 1.2150 22.925577872
23.520 1.2144 22.9353292875
23.530 1.2139 22.945080703
23.540 1.2134 22.9548321185
23.550 1.2129 22.9645835341
23.560 1.2123 22.9743349496
23.570 1.2118 22.9840863651
23.580 1.2113 22.9938377806
23.590 1.2108 23.0035891961
23.600 1.2102 23.0133406116
23.610 1.2097 23.0230920271
23.620 1.2092 23.0328434427
23.630 1.2087 23.0425948582
23.640 1.2082 23.0523462737
23.650 1.2076 23.0620976892
23.660 1.2071 23.0718491047
23.670 1.2066 23.0816005202
23.680 1.2061 23.0913519357
23.690 1.2056 23.1011033512
23.700 1.2050 23.1108547668
23.710 1.2045 23.1206061823
23.720 1.2040 23.1303575978
23.730 1.2035 23.1401090133
23.740 1.2030 23.1498604288
23.750 1.2024 23.1596118443
23.760 1.2019 23.1693632598
23.770 1.2014 23.1791146754
23.780 1.2009 23.1888660909
23.790 1.2004 23.1986175064
23.800 1.1999 23.2083689219
23.810 1.1994 23.2181203374
23.820 1.1988 23.2278717529
23.830 1.1983 23.2376231684
23.840 1.1978 23.2473745839
23.850 1.1973 23.2571259995
23.860 1.1968 23.266877415
23.870 1.1963 23.2766288305
23.880 1.1958 23.286380246
23.890 1.1953 23.2961316615
23.900 1.1948 23.305883077
23.910 1.1942 23.3156344925
23.920 1.1937 23.3253859081
23.930 1.1932 23.3351373236
23.940 1.1927 23.3448887391
23.950 1.1922 23.3546401546
23.960 1.1917 23.3643915701
23.970 1.1912 23.3741429856
23.980 1.1907 23.3838944011
23.990 1.1902 23.3936458166
24.000 1.1897 23.4033972322
24.010 1.1892 23.4131486477
24.020 1.1887 23.4229000632
24.030 1.1882 23.4326514787
24.040 1.1877 23.4424028942
24.050 1.1872 23.4521543097
24.060 1.1867 23.4619057252
24.070 1.1862 23.4716571408
24.080 1.1857 23.4814085563
24.090 1.1852 23.4911599718
24.100 1.1847 23.5009113873
24.110 1.1842 23.5106628028
24.120 1.1837 23.5204142183
24.130 1.1832 23.5301656338
24.140 1.1827 23.5399170493
24.150 1.1822 23.5496684649
24.160 1.1817 23.5594198804
24.170 1.1812 23.5691712959
24.180 1.1807 23.5789227114
24.190 1.1802 23.5886741269
24.200 1.1797 23.5984255424
24.210 1.1792 23.6081769579
24.220 1.1787 23.6179283735
24.230 1.1782 23.627679789
24.240 1.1777 23.6374312045
24.250 1.1772 23.64718262
24.260 1.1767 23.6569340355
24.270 1.1762 23.666685451
24.280 1.1757 23.6764368665
24.290 1.1752 23.686188282
24.300 1.1747 23.6959396976
24.310 1.1742 23.7056911131
24.320 1.1737 23.7154425286
24.330 1.1732 23.7251939441
24.340 1.1727 23.7349453596
24.350 1.1723 23.7446967751
24.360 1.1718 23.7544481906
24.370 1.1713 23.7641996062
24.380 1.1708 23.7739510217
24.390 1.1703 23.7837024372
24.400 1.1698 23.7934538527
24.410 1.1693 23.8032052682
24.420 1.1688 23.8129566837
24.430 1.1683 23.8227080992
24.440 1.1679 23.8324595147
24.450 1.1674 23.8422109303
24.460 1.1669 23.8519623458
24.470 1.1664 23.8617137613
24.480 1.1659 23.8714651768
24.490 1.1654 23.8812165923
24.500 1.1649 23.8909680078
24.510 1.1645 23.9007194233
24.520 1.1640 23.9104708389
24.530 1.1635 23.9202222544
24.540 1.1630 23.9299736699
24.550 1.1625 23.9397250854
24.560 1.1620 23.9494765009
24.570 1.1616 23.9592279164
24.580 1.1611 23.9689793319
24.590 1.1606 23.9787307474
24.600 1.1601 23.988482163
24.610 1.1596 23.9982335785
24.620 1.1592 24.007984994
24.630 1.1587 24.0177364095
24.640 1.1582 24.027487825
24.650 1.1577 24.0372392405
24.660 1.1572 24.046990656
24.670 1.1568 24.0567420716
24.680 1.1563 24.0664934871
24.690 1.1558 24.0762449026
24.700 1.1553 24.0859963181
24.710 1.1548 24.0957477336
24.720 1.1544 24.1054991491
24.730 1.1539 24.1152505646
24.740 1.1534 24.1250019802
24.750 1.1529 24.1347533957
24.760 1.1525 24.1445048112
24.770 1.1520 24.1542562267
24.780 1.1515 24.1640076422
24.790 1.1510 24.1737590577
24.800 1.1506 24.1835104732
24.810 1.1501 24.1932618887
24.820 1.1496 24.2030133043
24.830 1.1492 24.2127647198
24.840 1.1487 24.2225161353
24.850 1.1482 24.2322675508
24.860 1.1477 24.2420189663
24.870 1.1473 24.2517703818
24.880 1.1468 24.2615217973
24.890 1.1463 24.2712732129
24.900 1.1459 24.2810246284
24.910 1.1454 24.2907760439
24.920 1.1449 24.3005274594
24.930 1.1445 24.3102788749
24.940 1.1440 24.3200302904
24.950 1.1435 24.3297817059
24.960 1.1431 24.3395331214
24.970 1.1426 24.349284537
24.980 1.1421 24.3590359525
24.990 1.1417 24.368787368
25.000 1.1412 24.3785387835
25.100 1.1366 24.4760529386
25.110 1.1361 24.4858043541
25.120 1.1356 24.4955557697
25.130 1.1352 24.5053071852
25.140 1.1347 24.5150586007
25.150 1.1342 24.5248100162
25.160 1.1338 24.5345614317
25.170 1.1333 24.5443128472
25.180 1.1329 24.5540642627
25.190 1.1324 24.5638156783
25.200 1.1320 24.5735670938
25.210 1.1315 24.5833185093
25.220 1.1310 24.5930699248
25.230 1.1306 24.6028213403
25.240 1.1301 24.6125727558
25.250 1.1297 24.6223241713
25.260 1.1292 24.6320755868
25.270 1.1288 24.6418270024
25.280 1.1283 24.6515784179
25.290 1.1278 24.6613298334
25.300 1.1274 24.6710812489
25.310 1.1269 24.6808326644
25.320 1.1265 24.6905840799
25.330 1.1260 24.7003354954
25.340 1.1256 24.710086911
25.350 1.1251 24.7198383265
25.360 1.1247 24.729589742
25.370 1.1242 24.7393411575
25.380 1.1238 24.749092573
25.390 1.1233 24.7588439885
25.400 1.1229 24.768595404
25.410 1.1224 24.7783468195
25.420 1.1220 24.7880982351
25.430 1.1215 24.7978496506
25.440 1.1211 24.8076010661
25.450 1.1206 24.8173524816
25.460 1.1202 24.8271038971
25.470 1.1197 24.8368553126
25.480 1.1193 24.8466067281
25.490 1.1188 24.8563581437
25.500 1.1184 24.8661095592
25.510 1.1179 24.8758609747
25.520 1.1175 24.8856123902
25.530 1.1170 24.8953638057
25.540 1.1166 24.9051152212
25.550 1.1161 24.9148666367
25.560 1.1157 24.9246180522
25.570 1.1152 24.9343694678
25.580 1.1148 24.9441208833
25.590 1.1144 24.9538722988
25.600 1.1139 24.9636237143
25.610 1.1135 24.9733751298
25.620 1.1130 24.9831265453
25.630 1.1126 24.9928779608
25.640 1.1121 25.0026293764
25.650 1.1117 25.0123807919
25.660 1.1113 25.0221322074
25.670 1.1108 25.0318836229
25.680 1.1104 25.0416350384
25.690 1.1099 25.0513864539
25.700 1.1095 25.0611378694
25.710 1.1091 25.070889285
25.720 1.1086 25.0806407005
25.730 1.1082 25.090392116
25.740 1.1077 25.1001435315
25.750 1.1073 25.109894947
25.760 1.1069 25.1196463625
25.770 1.1064 25.129397778
25.780 1.1060 25.1391491935
25.790 1.1055 25.1489006091
25.800 1.1051 25.1586520246
25.810 1.1047 25.1684034401
25.820 1.1042 25.1781548556
25.830 1.1038 25.1879062711
25.840 1.1034 25.1976576866
25.850 1.1029 25.2074091021
25.860 1.1025 25.2171605177
25.870 1.1021 25.2269119332
25.880 1.1016 25.2366633487
25.890 1.1012 25.2464147642
25.900 1.1008 25.2561661797
25.910 1.1003 25.2659175952
25.920 1.0999 25.2756690107
25.930 1.0995 25.2854204262
25.940 1.0990 25.2951718418
25.950 1.0986 25.3049232573
25.960 1.0982 25.3146746728
25.970 1.0977 25.3244260883
25.980 1.0973 25.3341775038
25.990 1.0969 25.3439289193
26.000 1.0964 25.3536803348
26.010 1.0960 25.3634317504
26.020 1.0956 25.3731831659
26.030 1.0951 25.3829345814
26.040 1.0947 25.3926859969
26.050 1.0943 25.4024374124
26.060 1.0939 25.4121888279
26.070 1.0934 25.4219402434
26.080 1.0930 25.4316916589
26.090 1.0926 25.4414430745
26.100 1.0921 25.45119449
26.110 1.0917 25.4609459055
26.120 1.0913 25.470697321
26.130 1.0909 25.4804487365
26.140 1.0904 25.490200152
26.150 1.0900 25.4999515675
26.160 1.0896 25.5097029831
26.170 1.0892 25.5194543986
26.180 1.0887 25.5292058141
26.190 1.0883 25.5389572296
26.200 1.0879 25.5487086451
26.210 1.0875 25.5584600606
26.220 1.0870 25.5682114761
26.230 1.0866 25.5779628916
26.240 1.0862 25.5877143072
26.250 1.0858 25.5974657227
26.260 1.0854 25.6072171382
26.270 1.0849 25.6169685537
26.280 1.0845 25.6267199692
26.290 1.0841 25.6364713847
26.300 1.0837 25.6462228002
26.310 1.0832 25.6559742158
26.320 1.0828 25.6657256313
26.330 1.0824 25.6754770468
26.340 1.0820 25.6852284623
26.350 1.0816 25.6949798778
26.360 1.0811 25.7047312933
26.370 1.0807 25.7144827088
26.380 1.0803 25.7242341243
26.390 1.0799 25.7339855399
26.400 1.0795 25.7437369554
26.410 1.0791 25.7534883709
26.420 1.0786 25.7632397864
26.430 1.0782 25.7729912019
26.440 1.0778 25.7827426174
26.450 1.0774 25.7924940329
26.460 1.0770 25.8022454485
26.470 1.0766 25.811996864
26.480 1.0761 25.8217482795
26.490 1.0757 25.831499695
26.500 1.0753 25.8412511105
26.510 1.0749 25.851002526
26.520 1.0745 25.8607539415
26.530 1.0741 25.870505357
26.540 1.0737 25.8802567726
26.550 1.0733 25.8900081881
26.560 1.0728 25.8997596036
26.570 1.0724 25.9095110191
26.580 1.0720 25.9192624346
26.590 1.0716 25.9290138501
26.600 1.0712 25.9387652656
26.610 1.0708 25.9485166812
26.620 1.0704 25.9582680967
26.630 1.0700 25.9680195122
26.640 1.0695 25.9777709277
26.650 1.0691 25.9875223432
26.660 1.0687 25.9972737587
26.670 1.0683 26.0070251742
26.680 1.0679 26.0167765898
26.690 1.0675 26.0265280053
26.700 1.0671 26.0362794208
26.710 1.0667 26.0460308363
26.720 1.0663 26.0557822518
26.730 1.0659 26.0655336673
26.740 1.0655 26.0752850828
26.750 1.0651 26.0850364983
26.760 1.0647 26.0947879139
26.770 1.0642 26.1045393294
26.780 1.0638 26.1142907449
26.790 1.0634 26.1240421604
26.800 1.0630 26.1337935759
26.810 1.0626 26.1435449914
26.820 1.0622 26.1532964069
26.830 1.0618 26.1630478225
26.840 1.0614 26.172799238
26.850 1.0610 26.1825506535
26.860 1.0606 26.192302069
26.870 1.0602 26.2020534845
26.880 1.0598 26.2118049
26.890 1.0594 26.2215563155
26.900 1.0590 26.231307731
26.910 1.0586 26.2410591466
26.920 1.0582 26.2508105621
26.930 1.0578 26.2605619776
26.940 1.0574 26.2703133931
26.950 1.0570 26.2800648086
26.960 1.0566 26.2898162241
26.970 1.0562 26.2995676396
26.980 1.0558 26.3093190552
26.990 1.0554 26.3190704707
27.000 1.0550 26.3288218862
27.010 1.0546 26.3385733017
27.020 1.0542 26.3483247172
27.030 1.0538 26.3580761327
27.040 1.0534 26.3678275482
27.050 1.0530 26.3775789637
27.060 1.0526 26.3873303793
27.070 1.0522 26.3970817948
27.080 1.0518 26.4068332103
27.090 1.0514 26.4165846258
27.100 1.0510 26.4263360413
27.110 1.0506 26.4360874568
27.120 1.0502 26.4458388723
27.130 1.0498 26.4555902879
27.140 1.0494 26.4653417034
27.150 1.0490 26.4750931189
27.160 1.0486 26.4848445344
27.170 1.0482 26.4945959499
27.180 1.0479 26.5043473654
27.190 1.0475 26.5140987809
27.200 1.0471 26.5238501964
27.210 1.0467 26.533601612
27.220 1.0463 26.5433530275
27.230 1.0459 26.553104443
27.240 1.0455 26.5628558585
27.250 1.0451 26.572607274
27.260 1.0447 26.5823586895
27.270 1.0443 26.592110105
27.280 1.0439 26.6018615206
27.290 1.0435 26.6116129361
27.300 1.0432 26.6213643516
27.310 1.0428 26.6311157671
27.320 1.0424 26.6408671826
27.330 1.0420 26.6506185981
27.340 1.0416 26.6603700136
27.350 1.0412 26.6701214291
27.360 1.0408 26.6798728447
27.370 1.0404 26.6896242602
27.380 1.0400 26.6993756757
27.390 1.0396 26.7091270912
27.400 1.0393 26.7188785067
27.410 1.0389 26.7286299222
27.420 1.0385 26.7383813377
27.430 1.0381 26.7481327533
27.440 1.0377 26.7578841688
27.450 1.0373 26.7676355843
27.460 1.0369 26.7773869998
27.470 1.0366 26.7871384153
27.480 1.0362 26.7968898308
27.490 1.0358 26.8066412463
27.500 1.0354 26.8163926618
27.510 1.0350 26.8261440774
27.520 1.0346 26.8358954929
27.530 1.0342 26.8456469084
27.540 1.0339 26.8553983239
27.550 1.0335 26.8651497394
27.560 1.0331 26.8749011549
27.570 1.0327 26.8846525704
27.580 1.0323 26.894403986
27.590 1.0320 26.9041554015
27.600 1.0316 26.913906817
27.610 1.0312 26.9236582325
27.620 1.0308 26.933409648
27.630 1.0304 26.9431610635
27.640 1.0300 26.952912479
27.650 1.0297 26.9626638946
27.660 1.0293 26.9724153101
27.670 1.0289 26.9821667256
27.680 1.0285 26.9919181411
27.690 1.0281 27.0016695566
27.700 1.0278 27.0114209721
27.710 1.0274 27.0211723876
27.720 1.0270 27.0309238031
27.730 1.0266 27.0406752187
27.740 1.0262 27.0504266342
27.750 1.0259 27.0601780497
27.760 1.0255 27.0699294652
27.770 1.0251 27.0796808807
27.780 1.0247 27.0894322962
27.790 1.0244 27.0991837117
27.800 1.0240 27.1089351273
27.810 1.0236 27.1186865428
27.820 1.0232 27.1284379583
27.830 1.0229 27.1381893738
27.840 1.0225 27.1479407893
27.850 1.0221 27.1576922048
27.860 1.0217 27.1674436203
27.870 1.0214 27.1771950358
27.880 1.0210 27.1869464514
27.890 1.0206 27.1966978669
27.900 1.0202 27.2064492824
27.910 1.0199 27.2162006979
27.920 1.0195 27.2259521134
27.930 1.0191 27.2357035289
27.940 1.0187 27.2454549444
27.950 1.0184 27.25520636
27.960 1.0180 27.2649577755
27.970 1.0176 27.274709191
27.980 1.0173 27.2844606065
27.990 1.0169 27.294212022
28.000 1.0165 27.3039634375
28.010 1.0161 27.313714853
28.020 1.0158 27.3234662685
28.030 1.0154 27.3332176841
28.040 1.0150 27.3429690996
28.050 1.0147 27.3527205151
28.060 1.0143 27.3624719306
28.070 1.0139 27.3722233461
28.080 1.0136 27.3819747616
28.090 1.0132 27.3917261771
28.100 1.0128 27.4014775927
28.110 1.0124 27.4112290082
28.120 1.0121 27.4209804237
28.130 1.0117 27.4307318392
28.140 1.0113 27.4404832547
28.150 1.0110 27.4502346702
28.160 1.0106 27.4599860857
28.170 1.0102 27.4697375012
28.180 1.0099 27.4794889168
28.190 1.0095 27.4892403323
28.200 1.0091 27.4989917478
28.210 1.0088 27.5087431633
28.220 1.0084 27.5184945788
28.230 1.0081 27.5282459943
28.240 1.0077 27.5379974098
28.250 1.0073 27.5477488254
28.260 1.0070 27.5575002409
28.270 1.0066 27.5672516564
28.280 1.0062 27.5770030719
28.290 1.0059 27.5867544874
28.300 1.0055 27.5965059029
28.310 1.0051 27.6062573184
28.320 1.0048 27.6160087339
28.330 1.0044 27.6257601495
28.340 1.0041 27.635511565
28.350 1.0037 27.6452629805
28.360 1.0033 27.655014396
28.370 1.0030 27.6647658115
28.380 1.0026 27.674517227
28.390 1.0022 27.6842686425
28.400 1.0019 27.6940200581
28.410 1.0015 27.7037714736
28.420 1.0012 27.7135228891
28.430 1.0008 27.7232743046
28.440 1.0004 27.7330257201
28.450 1.0001 27.7427771356
28.460 0.99972 27.7525285511
28.470 0.99936 27.7622799666
28.480 0.99901 27.7720313822
28.490 0.99865 27.7817827977
28.500 0.99829 27.7915342132
28.510 0.99793 27.8012856287
28.520 0.99757 27.8110370442
28.530 0.99722 27.8207884597
28.540 0.99686 27.8305398752
28.550 0.99650 27.8402912908
28.560 0.99615 27.8500427063
28.570 0.99579 27.8597941218
28.580 0.99543 27.8695455373
28.590 0.99508 27.8792969528
28.600 0.99472 27.8890483683
28.610 0.99437 27.8987997838
28.620 0.99401 27.9085511993
28.630 0.99366 27.9183026149
28.640 0.99330 27.9280540304
28.650 0.99295 27.9378054459
28.660 0.99259 27.9475568614
28.670 0.99224 27.9573082769
28.680 0.99188 27.9670596924
28.690 0.99153 27.9768111079
28.700 0.99118 27.9865625235
28.710 0.99082 27.996313939
28.720 0.99047 28.0060653545
28.730 0.99012 28.01581677
28.740 0.98977 28.0255681855
28.750 0.98942 28.035319601
28.760 0.98906 28.0450710165
28.770 0.98871 28.0548224321
28.780 0.98836 28.0645738476
28.790 0.98801 28.0743252631
28.800 0.98766 28.0840766786
28.810 0.98731 28.0938280941
28.820 0.98696 28.1035795096
28.830 0.98661 28.1133309251
28.840 0.98626 28.1230823406
28.850 0.98591 28.1328337562
28.860 0.98556 28.1425851717
28.870 0.98521 28.1523365872
28.880 0.98486 28.1620880027
28.890 0.98451 28.1718394182
28.900 0.98417 28.1815908337
28.910 0.98382 28.1913422492
28.920 0.98347 28.2010936648
28.930 0.98312 28.2108450803
28.940 0.98277 28.2205964958
28.950 0.98243 28.2303479113
28.960 0.98208 28.2400993268
28.970 0.98173 28.2498507423
28.980 0.98139 28.2596021578
28.990 0.98104 28.2693535733
29.000 0.98069 28.2791049889
29.010 0.98035 28.2888564044
29.020 0.98000 28.2986078199
29.030 0.97966 28.3083592354
29.040 0.97931 28.3181106509
29.050 0.97897 28.3278620664
29.060 0.97862 28.3376134819
29.070 0.97828 28.3473648975
29.080 0.97794 28.357116313
29.090 0.97759 28.3668677285
29.100 0.97725 28.376619144
29.110 0.97691 28.3863705595
29.120 0.97656 28.396121975
29.130 0.97622 28.4058733905
29.140 0.97588 28.415624806
29.150 0.97553 28.4253762216
29.160 0.97519 28.4351276371
29.170 0.97485 28.4448790526
29.180 0.97451 28.4546304681
29.190 0.97417 28.4643818836
29.200 0.97383 28.4741332991
29.210 0.97349 28.4838847146
29.220 0.97314 28.4936361302
29.230 0.97280 28.5033875457
29.240 0.97246 28.5131389612
29.250 0.97212 28.5228903767
29.260 0.97178 28.5326417922
29.270 0.97144 28.5423932077
29.280 0.97110 28.5521446232
29.290 0.97077 28.5618960387
29.300 0.97043 28.5716474543
29.310 0.97009 28.5813988698
29.320 0.96975 28.5911502853
29.330 0.96941 28.6009017008
29.340 0.96907 28.6106531163
29.350 0.96874 28.6204045318
29.360 0.96840 28.6301559473
29.370 0.96806 28.6399073629
29.380 0.96772 28.6496587784
29.390 0.96739 28.6594101939
29.400 0.96705 28.6691616094
29.410 0.96671 28.6789130249
29.420 0.96638 28.6886644404
29.430 0.96604 28.6984158559
29.440 0.96571 28.7081672714
29.450 0.96537 28.717918687
29.460 0.96504 28.7276701025
29.470 0.96470 28.737421518
29.480 0.96437 28.7471729335
29.490 0.96403 28.756924349
29.500 0.96370 28.7666757645
29.510 0.96336 28.77642718
29.520 0.96303 28.7861785956
29.530 0.96270 28.7959300111
29.540 0.96236 28.8056814266
29.550 0.96203 28.8154328421
29.560 0.96170 28.8251842576
29.570 0.96136 28.8349356731
29.580 0.96103 28.8446870886
29.590 0.96070 28.8544385041
29.600 0.96037 28.8641899197
29.610 0.96004 28.8739413352
29.620 0.95970 28.8836927507
29.630 0.95937 28.8934441662
29.640 0.95904 28.9031955817
29.650 0.95871 28.9129469972
29.660 0.95838 28.9226984127
29.670 0.95805 28.9324498283
29.680 0.95772 28.9422012438
29.690 0.95739 28.9519526593
29.700 0.95706 28.9617040748
29.710 0.95673 28.9714554903
29.720 0.95640 28.9812069058
29.730 0.95607 28.9909583213
29.740 0.95574 29.0007097369
29.750 0.95541 29.0104611524
29.760 0.95509 29.0202125679
29.770 0.95476 29.0299639834
29.780 0.95443 29.0397153989
29.790 0.95410 29.0494668144
29.800 0.95377 29.0592182299
29.810 0.95345 29.0689696454
29.820 0.95312 29.078721061
29.830 0.95279 29.0884724765
29.840 0.95247 29.098223892
29.850 0.95214 29.1079753075
29.860 0.95181 29.117726723
29.870 0.95149 29.1274781385
29.880 0.95116 29.137229554
29.890 0.95084 29.1469809696
29.900 0.95051 29.1567323851
29.910 0.95019 29.1664838006
29.920 0.94986 29.1762352161
29.930 0.94954 29.1859866316
29.940 0.94921 29.1957380471
29.950 0.94889 29.2054894626
29.960 0.94856 29.2152408781
29.970 0.94824 29.2249922937
29.980 0.94792 29.2347437092
29.990 0.94759 29.2444951247
30.000 0.94727 29.2542465402
