0.10000 340.53
0.11000 309.57
0.12000 283.77
0.13000 261.94
0.14000 243.23
0.15000 227.01
0.16000 212.82
0.17000 200.30
0.18000 189.18
0.19000 179.22
0.20000 170.26
0.21000 162.15
0.22000 154.78
0.23000 148.05
0.24000 141.88
0.25000 136.20
0.26000 130.96
0.27000 126.11
0.28000 121.61
0.29000 117.41
0.30000 113.50
0.31000 109.84
0.32000 106.41
0.33000 103.18
0.34000 100.15
0.35000 97.284
0.36000 94.582
0.37000 92.025
0.38000 89.603
0.39000 87.305
0.40000 85.122
0.41000 83.046
0.42000 81.068
0.43000 79.183
0.44000 77.383
0.45000 75.663
0.46000 74.018
0.47000 72.443
0.48000 70.933
0.49000 69.485
0.50000 68.095
0.51000 66.760
0.52000 65.476
0.53000 64.240
0.54000 63.050
0.55000 61.904
0.56000 60.798
0.57000 59.731
0.58000 58.701
0.59000 57.706
0.60000 56.744
0.61000 55.813
0.62000 54.913
0.63000 54.041
0.64000 53.197
0.65000 52.378
0.66000 51.584
0.67000 50.814
0.68000 50.067
0.69000 49.341
0.70000 48.636
0.71000 47.951
0.72000 47.284
0.73000 46.637
0.74000 46.006
0.75000 45.393
0.76000 44.795
0.77000 44.213
0.78000 43.646
0.79000 43.094
0.80000 42.555
0.81000 42.029
0.82000 41.516
0.83000 41.016
0.84000 40.528
0.85000 40.051
0.86000 39.585
0.87000 39.130
0.88000 38.685
0.89000 38.250
0.90000 37.825
0.91000 37.409
0.92000 37.002
0.93000 36.604
0.94000 36.215
0.95000 35.834
0.96000 35.460
0.97000 35.094
0.98000 34.736
0.99000 34.385
1.0000 34.041
1.0100 33.704
1.0200 33.374
1.0300 33.049
1.0400 32.731
1.0500 32.420
1.0600 32.114
1.0700 31.813
1.0800 31.519
1.0900 31.229
1.1000 30.945
1.1100 30.667
1.1200 30.393
1.1300 30.124
1.1400 29.859
1.1500 29.599
1.1600 29.344
1.1700 29.093
1.1800 28.847
1.1900 28.604
1.2000 28.366
1.2100 28.131
1.2200 27.900
1.2300 27.673
1.2400 27.450
1.2500 27.230
1.2600 27.014
1.2700 26.801
1.2800 26.592
1.2900 26.386
1.3000 26.183
1.3100 25.983
1.3200 25.786
1.3300 25.592
1.3400 25.401
1.3500 25.212
1.3600 25.027
1.3700 24.844
1.3800 24.664
1.3900 24.487
1.4000 24.312
1.4100 24.139
1.4200 23.969
1.4300 23.801
1.4400 23.636
1.4500 23.473
1.4600 23.312
1.4700 23.153
1.4800 22.997
1.4900 22.842
1.5000 22.690
1.5100 22.540
1.5200 22.391
1.5300 22.245
1.5400 22.100
1.5500 21.958
1.5600 21.817
1.5700 21.678
1.5800 21.540
1.5900 21.405
1.6000 21.271
1.6100 21.139
1.6200 21.008
1.6300 20.879
1.6400 20.752
1.6500 20.626
1.6600 20.502
1.6700 20.379
1.6800 20.257
1.6900 20.138
1.7000 20.019
1.7100 19.902
1.7200 19.786
1.7300 19.672
1.7400 19.559
1.7500 19.447
1.7600 19.336
1.7700 19.227
1.7800 19.119
1.7900 19.012
1.8000 18.906
1.8100 18.802
1.8200 18.698
1.8300 18.596
1.8400 18.495
1.8500 18.395
1.8600 18.296
1.8700 18.198
1.8800 18.101
1.8900 18.005
1.9000 17.910
1.9100 17.817
1.9200 17.724
1.9300 17.632
1.9400 17.541
1.9500 17.451
1.9600 17.362
1.9700 17.274
1.9800 17.186
1.9900 17.100
2.0000 17.014
2.0100 16.930
2.0200 16.846
2.0300 16.763
2.0400 16.680
2.0500 16.599
2.0600 16.518
2.0700 16.438
2.0800 16.359
2.0900 16.281
2.1000 16.203
2.1100 16.127
2.1200 16.050
2.1300 15.975
2.1400 15.900
2.1500 15.826
2.1600 15.753
2.1700 15.680
2.1800 15.608
2.1900 15.537
2.2000 15.466
2.2100 15.396
2.2200 15.327
2.2300 15.258
2.2400 15.190
2.2500 15.122
2.2600 15.055
2.2700 14.989
2.2800 14.923
2.2900 14.858
2.3000 14.793
2.3100 14.729
2.3200 14.666
2.3300 14.603
2.3400 14.540
2.3500 14.478
2.3600 14.417
2.3700 14.356
2.3800 14.296
2.3900 14.236
2.4000 14.176
2.4100 14.118
2.4200 14.059
2.4300 14.001
2.4400 13.944
2.4500 13.887
2.4600 13.830
2.4700 13.774
2.4800 13.719
2.4900 13.664
2.5000 13.609
2.5100 13.555
2.5200 13.501
2.5300 13.447
2.5400 13.394
2.5500 13.342
2.5600 13.290
2.5700 13.238
2.5800 13.187
2.5900 13.136
2.6000 13.085
2.6100 13.035
2.6200 12.985
2.6300 12.936
2.6400 12.887
2.6500 12.838
2.6600 12.790
2.6700 12.742
2.6800 12.694
2.6900 12.647
2.7000 12.600
2.7100 12.553
2.7200 12.507
2.7300 12.461
2.7400 12.416
2.7500 12.371
2.7600 12.326
2.7700 12.281
2.7800 12.237
2.7900 12.193
2.8000 12.149
2.8100 12.106
2.8200 12.063
2.8300 12.021
2.8400 11.978
2.8500 11.936
2.8600 11.894
2.8700 11.853
2.8800 11.812
2.8900 11.771
2.9000 11.730
2.9100 11.690
2.9200 11.650
2.9300 11.610
2.9400 11.570
2.9500 11.531
2.9600 11.492
2.9700 11.453
2.9800 11.415
2.9900 11.377
3.0000 11.339
3.0100 11.301
3.0200 11.263
3.0300 11.226
3.0400 11.189
3.0500 11.153
3.0600 11.116
3.0700 11.080
3.0800 11.044
3.0900 11.008
3.1000 10.972
3.1100 10.937
3.1200 10.902
3.1300 10.867
3.1400 10.833
3.1500 10.798
3.1600 10.764
3.1700 10.730
3.1800 10.696
3.1900 10.663
3.2000 10.629
3.2100 10.596
3.2200 10.563
3.2300 10.530
3.2400 10.498
3.2500 10.465
3.2600 10.433
3.2700 10.401
3.2800 10.370
3.2900 10.338
3.3000 10.307
3.3100 10.276
3.3200 10.245
3.3300 10.214
3.3400 10.183
3.3500 10.153
3.3600 10.122
3.3700 10.092
3.3800 10.062
3.3900 10.033
3.4000 10.003
3.4100 9.9739
3.4200 9.9447
3.4300 9.9156
3.4400 9.8868
3.4500 9.8581
3.4600 9.8295
3.4700 9.8012
3.4800 9.7730
3.4900 9.7449
3.5000 9.7171
3.5100 9.6893
3.5200 9.6618
3.5300 9.6344
3.5400 9.6071
3.5500 9.5800
3.5600 9.5531
3.5700 9.5263
3.5800 9.4996
3.5900 9.4731
3.6000 9.4468
3.6100 9.4206
3.6200 9.3945
3.6300 9.3686
3.6400 9.3428
3.6500 9.3172
3.6600 9.2917
3.6700 9.2664
3.6800 9.2412
3.6900 9.2161
3.7000 9.1911
3.7100 9.1663
3.7200 9.1417
3.7300 9.1171
3.7400 9.0927
3.7500 9.0684
3.7600 9.0443
3.7700 9.0202
3.7800 8.9964
3.7900 8.9726
3.8000 8.9489
3.8100 8.9254
3.8200 8.9020
3.8300 8.8787
3.8400 8.8556
3.8500 8.8326
3.8600 8.8096
3.8700 8.7868
3.8800 8.7642
3.8900 8.7416
3.9000 8.7192
3.9100 8.6968
3.9200 8.6746
3.9300 8.6525
3.9400 8.6305
3.9500 8.6086
3.9600 8.5869
3.9700 8.5652
3.9800 8.5436
3.9900 8.5222
4.0000 8.5009
4.0100 8.4796
4.0200 8.4585
4.0300 8.4375
4.0400 8.4166
4.0500 8.3958
4.0600 8.3751
4.0700 8.3544
4.0800 8.3339
4.0900 8.3135
4.1000 8.2932
4.1100 8.2730
4.1200 8.2529
4.1300 8.2329
4.1400 8.2130
4.1500 8.1932
4.1600 8.1734
4.1700 8.1538
4.1800 8.1343
4.1900 8.1148
4.2000 8.0955
4.2100 8.0762
4.2200 8.0570
4.2300 8.0380
4.2400 8.0190
4.2500 8.0001
4.2600 7.9813
4.2700 7.9626
4.2800 7.9439
4.2900 7.9254
4.3000 7.9069
4.3100 7.8885
4.3200 7.8703
4.3300 7.8521
4.3400 7.8339
4.3500 7.8159
4.3600 7.7979
4.3700 7.7801
4.3800 7.7623
4.3900 7.7446
4.4000 7.7269
4.4100 7.7094
4.4200 7.6919
4.4300 7.6745
4.4400 7.6572
4.4500 7.6400
4.4600 7.6228
4.4700 7.6057
4.4800 7.5887
4.4900 7.5718
4.5000 7.5549
4.5100 7.5382
4.5200 7.5215
4.5300 7.5048
4.5400 7.4883
4.5500 7.4718
4.5600 7.4554
4.5700 7.4390
4.5800 7.4228
4.5900 7.4066
4.6000 7.3904
4.6100 7.3744
4.6200 7.3584
4.6300 7.3425
4.6400 7.3266
4.6500 7.3108
4.6600 7.2951
4.6700 7.2795
4.6800 7.2639
4.6900 7.2484
4.7000 7.2329
4.7100 7.2176
4.7200 7.2022
4.7300 7.1870
4.7400 7.1718
4.7500 7.1567
4.7600 7.1416
4.7700 7.1266
4.7800 7.1117
4.7900 7.0968
4.8000 7.0820
4.8100 7.0672
4.8200 7.0526
4.8300 7.0379
4.8400 7.0234
4.8500 7.0089
4.8600 6.9944
4.8700 6.9800
4.8800 6.9657
4.8900 6.9514
4.9000 6.9372
4.9100 6.9231
4.9200 6.9090
4.9300 6.8949
4.9400 6.8809
4.9500 6.8670
4.9600 6.8531
4.9700 6.8393
4.9800 6.8256
4.9900 6.8119
5.0000 6.7982
5.1000 6.6647
5.1100 6.6516
5.1200 6.6386
5.1300 6.6256
5.1400 6.6127
5.1500 6.5999
5.1600 6.5870
5.1700 6.5743
5.1800 6.5616
5.1900 6.5489
5.2000 6.5363
5.2100 6.5237
5.2200 6.5112
5.2300 6.4987
5.2400 6.4863
5.2500 6.4739
5.2600 6.4616
5.2700 6.4493
5.2800 6.4371
5.2900 6.4249
5.3000 6.4127
5.3100 6.4006
5.3200 6.3886
5.3300 6.3766
5.3400 6.3646
5.3500 6.3527
5.3600 6.3408
5.3700 6.3290
5.3800 6.3172
5.3900 6.3054
5.4000 6.2937
5.4100 6.2821
5.4200 6.2705
5.4300 6.2589
5.4400 6.2474
5.4500 6.2359
5.4600 6.2244
5.4700 6.2130
5.4800 6.2017
5.4900 6.1904
5.5000 6.1791
5.5100 6.1678
5.5200 6.1566
5.5300 6.1455
5.5400 6.1344
5.5500 6.1233
5.5600 6.1123
5.5700 6.1013
5.5800 6.0903
5.5900 6.0794
5.6000 6.0685
5.6100 6.0577
5.6200 6.0469
5.6300 6.0361
5.6400 6.0254
5.6500 6.0147
5.6600 6.0041
5.6700 5.9934
5.6800 5.9829
5.6900 5.9723
5.7000 5.9618
5.7100 5.9514
5.7200 5.9409
5.7300 5.9306
5.7400 5.9202
5.7500 5.9099
5.7600 5.8996
5.7700 5.8894
5.7800 5.8792
5.7900 5.8690
5.8000 5.8588
5.8100 5.8487
5.8200 5.8387
5.8300 5.8286
5.8400 5.8186
5.8500 5.8087
5.8600 5.7987
5.8700 5.7888
5.8800 5.7790
5.8900 5.7691
5.9000 5.7593
5.9100 5.7496
5.9200 5.7398
5.9300 5.7301
5.9400 5.7205
5.9500 5.7108
5.9600 5.7012
5.9700 5.6917
5.9800 5.6821
5.9900 5.6726
6.0000 5.6631
6.0100 5.6537
6.0200 5.6443
6.0300 5.6349
6.0400 5.6255
6.0500 5.6162
6.0600 5.6069
6.0700 5.5977
6.0800 5.5885
6.0900 5.5793
6.1000 5.5701
6.1100 5.5610
6.1200 5.5519
6.1300 5.5428
6.1400 5.5337
6.1500 5.5247
6.1600 5.5157
6.1700 5.5068
6.1800 5.4978
6.1900 5.4889
6.2000 5.4801
6.2100 5.4712
6.2200 5.4624
6.2300 5.4536
6.2400 5.4448
6.2500 5.4361
6.2600 5.4274
6.2700 5.4187
6.2800 5.4101
6.2900 5.4015
6.3000 5.3929
6.3100 5.3843
6.3200 5.3758
6.3300 5.3673
6.3400 5.3588
6.3500 5.3503
6.3600 5.3419
6.3700 5.3335
6.3800 5.3251
6.3900 5.3167
6.4000 5.3084
6.4100 5.3001
6.4200 5.2918
6.4300 5.2836
6.4400 5.2754
6.4500 5.2672
6.4600 5.2590
6.4700 5.2509
6.4800 5.2427
6.4900 5.2346
6.5000 5.2266
6.5100 5.2185
6.5200 5.2105
6.5300 5.2025
6.5400 5.1945
6.5500 5.1866
6.5600 5.1787
6.5700 5.1707
6.5800 5.1629
6.5900 5.1550
6.6000 5.1472
6.6100 5.1394
6.6200 5.1316
6.6300 5.1238
6.6400 5.1161
6.6500 5.1084
6.6600 5.1007
6.6700 5.0930
6.6800 5.0854
6.6900 5.0778
6.7000 5.0702
6.7100 5.0626
6.7200 5.0551
6.7300 5.0475
6.7400 5.0400
6.7500 5.0325
6.7600 5.0251
6.7700 5.0176
6.7800 5.0102
6.7900 5.0028
6.8000 4.9954
6.8100 4.9881
6.8200 4.9808
6.8300 4.9734
6.8400 4.9662
6.8500 4.9589
6.8600 4.9516
6.8700 4.9444
6.8800 4.9372
6.8900 4.9300
6.9000 4.9229
6.9100 4.9157
6.9200 4.9086
6.9300 4.9015
6.9400 4.8944
6.9500 4.8874
6.9600 4.8803
6.9700 4.8733
6.9800 4.8663
6.9900 4.8593
7.0000 4.8524
7.0100 4.8454
7.0200 4.8385
7.0300 4.8316
7.0400 4.8247
7.0500 4.8179
7.0600 4.8110
7.0700 4.8042
7.0800 4.7974
7.0900 4.7906
7.1000 4.7839
7.1100 4.7771
7.1200 4.7704
7.1300 4.7637
7.1400 4.7570
7.1500 4.7503
7.1600 4.7437
7.1700 4.7370
7.1800 4.7304
7.1900 4.7238
7.2000 4.7172
7.2100 4.7107
7.2200 4.7041
7.2300 4.6976
7.2400 4.6911
7.2500 4.6846
7.2600 4.6782
7.2700 4.6717
7.2800 4.6653
7.2900 4.6589
7.3000 4.6525
7.3100 4.6461
7.3200 4.6397
7.3300 4.6334
7.3400 4.6270
7.3500 4.6207
7.3600 4.6144
7.3700 4.6082
7.3800 4.6019
7.3900 4.5957
7.4000 4.5894
7.4100 4.5832
7.4200 4.5770
7.4300 4.5708
7.4400 4.5647
7.4500 4.5585
7.4600 4.5524
7.4700 4.5463
7.4800 4.5402
7.4900 4.5341
7.5000 4.5281
7.5100 4.5220
7.5200 4.5160
7.5300 4.5100
7.5400 4.5040
7.5500 4.4980
7.5600 4.4920
7.5700 4.4861
7.5800 4.4802
7.5900 4.4742
7.6000 4.4683
7.6100 4.4624
7.6200 4.4566
7.6300 4.4507
7.6400 4.4449
7.6500 4.4390
7.6600 4.4332
7.6700 4.4274
7.6800 4.4217
7.6900 4.4159
7.7000 4.4101
7.7100 4.4044
7.7200 4.3987
7.7300 4.3930
7.7400 4.3873
7.7500 4.3816
7.7600 4.3760
7.7700 4.3703
7.7800 4.3647
7.7900 4.3591
7.8000 4.3534
7.8100 4.3479
7.8200 4.3423
7.8300 4.3367
7.8400 4.3312
7.8500 4.3256
7.8600 4.3201
7.8700 4.3146
7.8800 4.3091
7.8900 4.3037
7.9000 4.2982
7.9100 4.2927
7.9200 4.2873
7.9300 4.2819
7.9400 4.2765
7.9500 4.2711
7.9600 4.2657
7.9700 4.2603
7.9800 4.2550
7.9900 4.2496
8.0000 4.2443
8.0100 4.2390
8.0200 4.2337
8.0300 4.2284
8.0400 4.2231
8.0500 4.2179
8.0600 4.2126
8.0700 4.2074
8.0800 4.2022
8.0900 4.1970
8.1000 4.1918
8.1100 4.1866
8.1200 4.1814
8.1300 4.1763
8.1400 4.1711
8.1500 4.1660
8.1600 4.1609
8.1700 4.1557
8.1800 4.1507
8.1900 4.1456
8.2000 4.1405
8.2100 4.1354
8.2200 4.1304
8.2300 4.1254
8.2400 4.1203
8.2500 4.1153
8.2600 4.1103
8.2700 4.1054
8.2800 4.1004
8.2900 4.0954
8.3000 4.0905
8.3100 4.0855
8.3200 4.0806
8.3300 4.0757
8.3400 4.0708
8.3500 4.0659
8.3600 4.0610
8.3700 4.0562
8.3800 4.0513
8.3900 4.0465
8.4000 4.0416
8.4100 4.0368
8.4200 4.0320
8.4300 4.0272
8.4400 4.0224
8.4500 4.0176
8.4600 4.0129
8.4700 4.0081
8.4800 4.0034
8.4900 3.9987
8.5000 3.9939
8.5100 3.9892
8.5200 3.9845
8.5300 3.9799
8.5400 3.9752
8.5500 3.9705
8.5600 3.9659
8.5700 3.9612
8.5800 3.9566
8.5900 3.9520
8.6000 3.9474
8.6100 3.9428
8.6200 3.9382
8.6300 3.9336
8.6400 3.9290
8.6500 3.9245
8.6600 3.9199
8.6700 3.9154
8.6800 3.9109
8.6900 3.9064
8.7000 3.9018
8.7100 3.8974
8.7200 3.8929
8.7300 3.8884
8.7400 3.8839
8.7500 3.8795
8.7600 3.8750
8.7700 3.8706
8.7800 3.8662
8.7900 3.8618
8.8000 3.8574
8.8100 3.8530
8.8200 3.8486
8.8300 3.8442
8.8400 3.8399
8.8500 3.8355
8.8600 3.8312
8.8700 3.8268
8.8800 3.8225
8.8900 3.8182
8.9000 3.8139
8.9100 3.8096
8.9200 3.8053
8.9300 3.8010
8.9400 3.7968
8.9500 3.7925
8.9600 3.7883
8.9700 3.7840
8.9800 3.7798
8.9900 3.7756
9.0000 3.7714
9.0100 3.7672
9.0200 3.7630
9.0300 3.7588
9.0400 3.7546
9.0500 3.7505
9.0600 3.7463
9.0700 3.7422
9.0800 3.7381
9.0900 3.7339
9.1000 3.7298
9.1100 3.7257
9.1200 3.7216
9.1300 3.7175
9.1400 3.7134
9.1500 3.7094
9.1600 3.7053
9.1700 3.7012
9.1800 3.6972
9.1900 3.6932
9.2000 3.6891
9.2100 3.6851
9.2200 3.6811
9.2300 3.6771
9.2400 3.6731
9.2500 3.6691
9.2600 3.6652
9.2700 3.6612
9.2800 3.6572
9.2900 3.6533
9.3000 3.6493
9.3100 3.6454
9.3200 3.6415
9.3300 3.6376
9.3400 3.6337
9.3500 3.6298
9.3600 3.6259
9.3700 3.6220
9.3800 3.6181
9.3900 3.6143
9.4000 3.6104
9.4100 3.6065
9.4200 3.6027
9.4300 3.5989
9.4400 3.5950
9.4500 3.5912
9.4600 3.5874
9.4700 3.5836
9.4800 3.5798
9.4900 3.5760
9.5000 3.5723
9.5100 3.5685
9.5200 3.5647
9.5300 3.5610
9.5400 3.5572
9.5500 3.5535
9.5600 3.5498
9.5700 3.5460
9.5800 3.5423
9.5900 3.5386
9.6000 3.5349
9.6100 3.5312
9.6200 3.5276
9.6300 3.5239
9.6400 3.5202
9.6500 3.5166
9.6600 3.5129
9.6700 3.5093
9.6800 3.5056
9.6900 3.5020
9.7000 3.4984
9.7100 3.4948
9.7200 3.4911
9.7300 3.4875
9.7400 3.4840
9.7500 3.4804
9.7600 3.4768
9.7700 3.4732
9.7800 3.4697
9.7900 3.4661
9.8000 3.4625
9.8100 3.4590
9.8200 3.4555
9.8300 3.4519
9.8400 3.4484
9.8500 3.4449
9.8600 3.4414
9.8700 3.4379
9.8800 3.4344
9.8900 3.4309
9.9000 3.4275
9.9100 3.4240
9.9200 3.4205
9.9300 3.4171
9.9400 3.4136
9.9500 3.4102
9.9600 3.4067
9.9700 3.4033
9.9800 3.3999
9.9900 3.3965
10.000 3.3931
10.100 3.3593
10.110 3.3560
10.120 3.3527
10.130 3.3494
10.140 3.3460
10.150 3.3427
10.160 3.3394
10.170 3.3361
10.180 3.3329
10.190 3.3296
10.200 3.3263
10.210 3.3230
10.220 3.3198
10.230 3.3165
10.240 3.3133
10.250 3.3100
10.260 3.3068
10.270 3.3035
10.280 3.3003
10.290 3.2971
10.300 3.2939
10.310 3.2907
10.320 3.2875
10.330 3.2843
10.340 3.2811
10.350 3.2779
10.360 3.2747
10.370 3.2716
10.380 3.2684
10.390 3.2653
10.400 3.2621
10.410 3.2590
10.420 3.2558
10.430 3.2527
10.440 3.2496
10.450 3.2464
10.460 3.2433
10.470 3.2402
10.480 3.2371
10.490 3.2340
10.500 3.2309
10.510 3.2278
10.520 3.2248
10.530 3.2217
10.540 3.2186
10.550 3.2156
10.560 3.2125
10.570 3.2094
10.580 3.2064
10.590 3.2034
10.600 3.2003
10.610 3.1973
10.620 3.1943
10.630 3.1913
10.640 3.1883
10.650 3.1852
10.660 3.1823
10.670 3.1793
10.680 3.1763
10.690 3.1733
10.700 3.1703
10.710 3.1673
10.720 3.1644
10.730 3.1614
10.740 3.1585
10.750 3.1555
10.760 3.1526
10.770 3.1496
10.780 3.1467
10.790 3.1438
10.800 3.1408
10.810 3.1379
10.820 3.1350
10.830 3.1321
10.840 3.1292
10.850 3.1263
10.860 3.1234
10.870 3.1205
10.880 3.1177
10.890 3.1148
10.900 3.1119
10.910 3.1091
10.920 3.1062
10.930 3.1033
10.940 3.1005
10.950 3.0977
10.960 3.0948
10.970 3.0920
10.980 3.0892
10.990 3.0863
11.000 3.0835
11.010 3.0807
11.020 3.0779
11.030 3.0751
11.040 3.0723
11.050 3.0695
11.060 3.0667
11.070 3.0640
11.080 3.0612
11.090 3.0584
11.100 3.0556
11.110 3.0529
11.120 3.0501
11.130 3.0474
11.140 3.0446
11.150 3.0419
11.160 3.0391
11.170 3.0364
11.180 3.0337
11.190 3.0310
11.200 3.0283
11.210 3.0255
11.220 3.0228
11.230 3.0201
11.240 3.0174
11.250 3.0147
11.260 3.0121
11.270 3.0094
11.280 3.0067
11.290 3.0040
11.300 3.0014
11.310 2.9987
11.320 2.9960
11.330 2.9934
11.340 2.9907
11.350 2.9881
11.360 2.9854
11.370 2.9828
11.380 2.9802
11.390 2.9775
11.400 2.9749
11.410 2.9723
11.420 2.9697
11.430 2.9671
11.440 2.9645
11.450 2.9619
11.460 2.9593
11.470 2.9567
11.480 2.9541
11.490 2.9515
11.500 2.9489
11.510 2.9464
11.520 2.9438
11.530 2.9412
11.540 2.9387
11.550 2.9361
11.560 2.9336
11.570 2.9310
11.580 2.9285
11.590 2.9260
11.600 2.9234
11.610 2.9209
11.620 2.9184
11.630 2.9159
11.640 2.9133
11.650 2.9108
11.660 2.9083
11.670 2.9058
11.680 2.9033
11.690 2.9008
11.700 2.8983
11.710 2.8959
11.720 2.8934
11.730 2.8909
11.740 2.8884
11.750 2.8860
11.760 2.8835
11.770 2.8810
11.780 2.8786
11.790 2.8761
11.800 2.8737
11.810 2.8712
11.820 2.8688
11.830 2.8664
11.840 2.8639
11.850 2.8615
11.860 2.8591
11.870 2.8567
11.880 2.8542
11.890 2.8518
11.900 2.8494
11.910 2.8470
11.920 2.8446
11.930 2.8422
11.940 2.8398
11.950 2.8375
11.960 2.8351
11.970 2.8327
11.980 2.8303
11.990 2.8280
12.000 2.8256
12.010 2.8232
12.020 2.8209
12.030 2.8185
12.040 2.8162
12.050 2.8138
12.060 2.8115
12.070 2.8091
12.080 2.8068
12.090 2.8045
12.100 2.8021
12.110 2.7998
12.120 2.7975
12.130 2.7952
12.140 2.7929
12.150 2.7906
12.160 2.7883
12.170 2.7860
12.180 2.7837
12.190 2.7814
12.200 2.7791
12.210 2.7768
12.220 2.7745
12.230 2.7722
12.240 2.7700
12.250 2.7677
12.260 2.7654
12.270 2.7632
12.280 2.7609
12.290 2.7586
12.300 2.7564
12.310 2.7541
12.320 2.7519
12.330 2.7497
12.340 2.7474
12.350 2.7452
12.360 2.7430
12.370 2.7407
12.380 2.7385
12.390 2.7363
12.400 2.7341
12.410 2.7319
12.420 2.7296
12.430 2.7274
12.440 2.7252
12.450 2.7230
12.460 2.7208
12.470 2.7187
12.480 2.7165
12.490 2.7143
12.500 2.7121
12.510 2.7099
12.520 2.7077
12.530 2.7056
12.540 2.7034
12.550 2.7012
12.560 2.6991
12.570 2.6969
12.580 2.6948
12.590 2.6926
12.600 2.6905
12.610 2.6883
12.620 2.6862
12.630 2.6841
12.640 2.6819
12.650 2.6798
12.660 2.6777
12.670 2.6756
12.680 2.6734
12.690 2.6713
12.700 2.6692
12.710 2.6671
12.720 2.6650
12.730 2.6629
12.740 2.6608
12.750 2.6587
12.760 2.6566
12.770 2.6545
12.780 2.6524
12.790 2.6503
12.800 2.6483
12.810 2.6462
12.820 2.6441
12.830 2.6420
12.840 2.6400
12.850 2.6379
12.860 2.6359
12.870 2.6338
12.880 2.6317
12.890 2.6297
12.900 2.6276
12.910 2.6256
12.920 2.6236
12.930 2.6215
12.940 2.6195
12.950 2.6175
12.960 2.6154
12.970 2.6134
12.980 2.6114
12.990 2.6094
13.000 2.6073
13.010 2.6053
13.020 2.6033
13.030 2.6013
13.040 2.5993
13.050 2.5973
13.060 2.5953
13.070 2.5933
13.080 2.5913
13.090 2.5893
13.100 2.5874
13.110 2.5854
13.120 2.5834
13.130 2.5814
13.140 2.5794
13.150 2.5775
13.160 2.5755
13.170 2.5735
13.180 2.5716
13.190 2.5696
13.200 2.5677
13.210 2.5657
13.220 2.5638
13.230 2.5618
13.240 2.5599
13.250 2.5579
13.260 2.5560
13.270 2.5541
13.280 2.5521
13.290 2.5502
13.300 2.5483
13.310 2.5463
13.320 2.5444
13.330 2.5425
13.340 2.5406
13.350 2.5387
13.360 2.5368
13.370 2.5349
13.380 2.5330
13.390 2.5311
13.400 2.5292
13.410 2.5273
13.420 2.5254
13.430 2.5235
13.440 2.5216
13.450 2.5197
13.460 2.5178
13.470 2.5160
13.480 2.5141
13.490 2.5122
13.500 2.5103
13.510 2.5085
13.520 2.5066
13.530 2.5048
13.540 2.5029
13.550 2.5010
13.560 2.4992
13.570 2.4973
13.580 2.4955
13.590 2.4936
13.600 2.4918
13.610 2.4900
13.620 2.4881
13.630 2.4863
13.640 2.4845
13.650 2.4826
13.660 2.4808
13.670 2.4790
13.680 2.4772
13.690 2.4753
13.700 2.4735
13.710 2.4717
13.720 2.4699
13.730 2.4681
13.740 2.4663
13.750 2.4645
13.760 2.4627
13.770 2.4609
13.780 2.4591
13.790 2.4573
13.800 2.4555
13.810 2.4537
13.820 2.4520
13.830 2.4502
13.840 2.4484
13.850 2.4466
13.860 2.4448
13.870 2.4431
13.880 2.4413
13.890 2.4395
13.900 2.4378
13.910 2.4360
13.920 2.4343
13.930 2.4325
13.940 2.4307
13.950 2.4290
13.960 2.4273
13.970 2.4255
13.980 2.4238
13.990 2.4220
14.000 2.4203
14.010 2.4185
14.020 2.4168
14.030 2.4151
14.040 2.4134
14.050 2.4116
14.060 2.4099
14.070 2.4082
14.080 2.4065
14.090 2.4048
14.100 2.4030
14.110 2.4013
14.120 2.3996
14.130 2.3979
14.140 2.3962
14.150 2.3945
14.160 2.3928
14.170 2.3911
14.180 2.3894
14.190 2.3877
14.200 2.3860
14.210 2.3843
14.220 2.3827
14.230 2.3810
14.240 2.3793
14.250 2.3776
14.260 2.3759
14.270 2.3743
14.280 2.3726
14.290 2.3709
14.300 2.3693
14.310 2.3676
14.320 2.3659
14.330 2.3643
14.340 2.3626
14.350 2.3610
14.360 2.3593
14.370 2.3577
14.380 2.3560
14.390 2.3544
14.400 2.3527
14.410 2.3511
14.420 2.3495
14.430 2.3478
14.440 2.3462
14.450 2.3446
14.460 2.3429
14.470 2.3413
14.480 2.3397
14.490 2.3381
14.500 2.3364
14.510 2.3348
14.520 2.3332
14.530 2.3316
14.540 2.3300
14.550 2.3284
14.560 2.3268
14.570 2.3252
14.580 2.3235
14.590 2.3219
14.600 2.3203
14.610 2.3188
14.620 2.3172
14.630 2.3156
14.640 2.3140
14.650 2.3124
14.660 2.3108
14.670 2.3092
14.680 2.3076
14.690 2.3061
14.700 2.3045
14.710 2.3029
14.720 2.3013
14.730 2.2998
14.740 2.2982
14.750 2.2966
14.760 2.2951
14.770 2.2935
14.780 2.2920
14.790 2.2904
14.800 2.2888
14.810 2.2873
14.820 2.2857
14.830 2.2842
14.840 2.2826
14.850 2.2811
14.860 2.2796
14.870 2.2780
14.880 2.2765
14.890 2.2749
14.900 2.2734
14.910 2.2719
14.920 2.2703
14.930 2.2688
14.940 2.2673
14.950 2.2658
14.960 2.2642
14.970 2.2627
14.980 2.2612
14.990 2.2597
15.000 2.2582
15.100 2.2431
15.110 2.2416
15.120 2.2402
15.130 2.2387
15.140 2.2372
15.150 2.2357
15.160 2.2342
15.170 2.2327
15.180 2.2313
15.190 2.2298
15.200 2.2283
15.210 2.2268
15.220 2.2254
15.230 2.2239
15.240 2.2224
15.250 2.2210
15.260 2.2195
15.270 2.2180
15.280 2.2166
15.290 2.2151
15.300 2.2137
15.310 2.2122
15.320 2.2108
15.330 2.2093
15.340 2.2079
15.350 2.2064
15.360 2.2050
15.370 2.2035
15.380 2.2021
15.390 2.2007
15.400 2.1992
15.410 2.1978
15.420 2.1964
15.430 2.1949
15.440 2.1935
15.450 2.1921
15.460 2.1906
15.470 2.1892
15.480 2.1878
15.490 2.1864
15.500 2.1850
15.510 2.1835
15.520 2.1821
15.530 2.1807
15.540 2.1793
15.550 2.1779
15.560 2.1765
15.570 2.1751
15.580 2.1737
15.590 2.1723
15.600 2.1709
15.610 2.1695
15.620 2.1681
15.630 2.1667
15.640 2.1653
15.650 2.1639
15.660 2.1625
15.670 2.1611
15.680 2.1597
15.690 2.1584
15.700 2.1570
15.710 2.1556
15.720 2.1542
15.730 2.1528
15.740 2.1515
15.750 2.1501
15.760 2.1487
15.770 2.1474
15.780 2.1460
15.790 2.1446
15.800 2.1433
15.810 2.1419
15.820 2.1405
15.830 2.1392
15.840 2.1378
15.850 2.1365
15.860 2.1351
15.870 2.1338
15.880 2.1324
15.890 2.1311
15.900 2.1297
15.910 2.1284
15.920 2.1270
15.930 2.1257
15.940 2.1243
15.950 2.1230
15.960 2.1217
15.970 2.1203
15.980 2.1190
15.990 2.1177
16.000 2.1163
16.010 2.1150
16.020 2.1137
16.030 2.1123
16.040 2.1110
16.050 2.1097
16.060 2.1084
16.070 2.1071
16.080 2.1057
16.090 2.1044
16.100 2.1031
16.110 2.1018
16.120 2.1005
16.130 2.0992
16.140 2.0979
16.150 2.0966
16.160 2.0953
16.170 2.0940
16.180 2.0927
16.190 2.0914
16.200 2.0901
16.210 2.0888
16.220 2.0875
16.230 2.0862
16.240 2.0849
16.250 2.0836
16.260 2.0823
16.270 2.0810
16.280 2.0797
16.290 2.0785
16.300 2.0772
16.310 2.0759
16.320 2.0746
16.330 2.0733
16.340 2.0721
16.350 2.0708
16.360 2.0695
16.370 2.0682
16.380 2.0670
16.390 2.0657
16.400 2.0644
16.410 2.0632
16.420 2.0619
16.430 2.0606
16.440 2.0594
16.450 2.0581
16.460 2.0569
16.470 2.0556
16.480 2.0544
16.490 2.0531
16.500 2.0519
16.510 2.0506
16.520 2.0494
16.530 2.0481
16.540 2.0469
16.550 2.0456
16.560 2.0444
16.570 2.0431
16.580 2.0419
16.590 2.0407
16.600 2.0394
16.610 2.0382
16.620 2.0370
16.630 2.0357
16.640 2.0345
16.650 2.0333
16.660 2.0320
16.670 2.0308
16.680 2.0296
16.690 2.0284
16.700 2.0271
16.710 2.0259
16.720 2.0247
16.730 2.0235
16.740 2.0223
16.750 2.0211
16.760 2.0199
16.770 2.0186
16.780 2.0174
16.790 2.0162
16.800 2.0150
16.810 2.0138
16.820 2.0126
16.830 2.0114
16.840 2.0102
16.850 2.0090
16.860 2.0078
16.870 2.0066
16.880 2.0054
16.890 2.0042
16.900 2.0030
16.910 2.0018
16.920 2.0006
16.930 1.9995
16.940 1.9983
16.950 1.9971
16.960 1.9959
16.970 1.9947
16.980 1.9935
16.990 1.9924
17.000 1.9912
17.010 1.9900
17.020 1.9888
17.030 1.9877
17.040 1.9865
17.050 1.9853
17.060 1.9841
17.070 1.9830
17.080 1.9818
17.090 1.9806
17.100 1.9795
17.110 1.9783
17.120 1.9771
17.130 1.9760
17.140 1.9748
17.150 1.9737
17.160 1.9725
17.170 1.9714
17.180 1.9702
17.190 1.9690
17.200 1.9679
17.210 1.9667
17.220 1.9656
17.230 1.9645
17.240 1.9633
17.250 1.9622
17.260 1.9610
17.270 1.9599
17.280 1.9587
17.290 1.9576
17.300 1.9565
17.310 1.9553
17.320 1.9542
17.330 1.9531
17.340 1.9519
17.350 1.9508
17.360 1.9497
17.370 1.9485
17.380 1.9474
17.390 1.9463
17.400 1.9451
17.410 1.9440
17.420 1.9429
17.430 1.9418
17.440 1.9407
17.450 1.9395
17.460 1.9384
17.470 1.9373
17.480 1.9362
17.490 1.9351
17.500 1.9340
17.510 1.9329
17.520 1.9317
17.530 1.9306
17.540 1.9295
17.550 1.9284
17.560 1.9273
17.570 1.9262
17.580 1.9251
17.590 1.9240
17.600 1.9229
17.610 1.9218
17.620 1.9207
17.630 1.9196
17.640 1.9185
17.650 1.9174
17.660 1.9163
17.670 1.9153
17.680 1.9142
17.690 1.9131
17.700 1.9120
17.710 1.9109
17.720 1.9098
17.730 1.9087
17.740 1.9077
17.750 1.9066
17.760 1.9055
17.770 1.9044
17.780 1.9033
17.790 1.9023
17.800 1.9012
17.810 1.9001
17.820 1.8990
17.830 1.8980
17.840 1.8969
17.850 1.8958
17.860 1.8948
17.870 1.8937
17.880 1.8926
17.890 1.8916
17.900 1.8905
17.910 1.8894
17.920 1.8884
17.930 1.8873
17.940 1.8863
17.950 1.8852
17.960 1.8842
17.970 1.8831
17.980 1.8820
17.990 1.8810
18.000 1.8799
18.010 1.8789
18.020 1.8778
18.030 1.8768
18.040 1.8757
18.050 1.8747
18.060 1.8737
18.070 1.8726
18.080 1.8716
18.090 1.8705
18.100 1.8695
18.110 1.8685
18.120 1.8674
18.130 1.8664
18.140 1.8653
18.150 1.8643
18.160 1.8633
18.170 1.8622
18.180 1.8612
18.190 1.8602
18.200 1.8592
18.210 1.8581
18.220 1.8571
18.230 1.8561
18.240 1.8551
18.250 1.8540
18.260 1.8530
18.270 1.8520
18.280 1.8510
18.290 1.8500
18.300 1.8489
18.310 1.8479
18.320 1.8469
18.330 1.8459
18.340 1.8449
18.350 1.8439
18.360 1.8429
18.370 1.8419
18.380 1.8408
18.390 1.8398
18.400 1.8388
18.410 1.8378
18.420 1.8368
18.430 1.8358
18.440 1.8348
18.450 1.8338
18.460 1.8328
18.470 1.8318
18.480 1.8308
18.490 1.8298
18.500 1.8288
18.510 1.8278
18.520 1.8268
18.530 1.8259
18.540 1.8249
18.550 1.8239
18.560 1.8229
18.570 1.8219
18.580 1.8209
18.590 1.8199
18.600 1.8189
18.610 1.8180
18.620 1.8170
18.630 1.8160
18.640 1.8150
18.650 1.8140
18.660 1.8131
18.670 1.8121
18.680 1.8111
18.690 1.8101
18.700 1.8092
18.710 1.8082
18.720 1.8072
18.730 1.8062
18.740 1.8053
18.750 1.8043
18.760 1.8033
18.770 1.8024
18.780 1.8014
18.790 1.8004
18.800 1.7995
18.810 1.7985
18.820 1.7976
18.830 1.7966
18.840 1.7956
18.850 1.7947
18.860 1.7937
18.870 1.7928
18.880 1.7918
18.890 1.7908
18.900 1.7899
18.910 1.7889
18.920 1.7880
18.930 1.7870
18.940 1.7861
18.950 1.7851
18.960 1.7842
18.970 1.7833
18.980 1.7823
18.990 1.7814
19.000 1.7804
19.010 1.7795
19.020 1.7785
19.030 1.7776
19.040 1.7767
19.050 1.7757
19.060 1.7748
19.070 1.7738
19.080 1.7729
19.090 1.7720
19.100 1.7710
19.110 1.7701
19.120 1.7692
19.130 1.7682
19.140 1.7673
19.150 1.7664
19.160 1.7655
19.170 1.7645
19.180 1.7636
19.190 1.7627
19.200 1.7618
19.210 1.7608
19.220 1.7599
19.230 1.7590
19.240 1.7581
19.250 1.7572
19.260 1.7562
19.270 1.7553
19.280 1.7544
19.290 1.7535
19.300 1.7526
19.310 1.7517
19.320 1.7507
19.330 1.7498
19.340 1.7489
19.350 1.7480
19.360 1.7471
19.370 1.7462
19.380 1.7453
19.390 1.7444
19.400 1.7435
19.410 1.7426
19.420 1.7417
19.430 1.7408
19.440 1.7399
19.450 1.7390
19.460 1.7381
19.470 1.7372
19.480 1.7363
19.490 1.7354
19.500 1.7345
19.510 1.7336
19.520 1.7327
19.530 1.7318
19.540 1.7309
19.550 1.7300
19.560 1.7291
19.570 1.7282
19.580 1.7274
19.590 1.7265
19.600 1.7256
19.610 1.7247
19.620 1.7238
19.630 1.7229
19.640 1.7220
19.650 1.7212
19.660 1.7203
19.670 1.7194
19.680 1.7185
19.690 1.7176
19.700 1.7168
19.710 1.7159
19.720 1.7150
19.730 1.7141
19.740 1.7133
19.750 1.7124
19.760 1.7115
19.770 1.7106
19.780 1.7098
19.790 1.7089
19.800 1.7080
19.810 1.7072
19.820 1.7063
19.830 1.7054
19.840 1.7046
19.850 1.7037
19.860 1.7028
19.870 1.7020
19.880 1.7011
19.890 1.7003
19.900 1.6994
19.910 1.6985
19.920 1.6977
19.930 1.6968
19.940 1.6960
19.950 1.6951
19.960 1.6943
19.970 1.6934
19.980 1.6926
19.990 1.6917
20.000 1.6909
20.100 1.6824
20.110 1.6815
20.120 1.6807
20.130 1.6799
20.140 1.6790
20.150 1.6782
20.160 1.6773
20.170 1.6765
20.180 1.6757
20.190 1.6748
20.200 1.6740
20.210 1.6732
20.220 1.6723
20.230 1.6715
20.240 1.6707
20.250 1.6698
20.260 1.6690
20.270 1.6682
20.280 1.6674
20.290 1.6665
20.300 1.6657
20.310 1.6649
20.320 1.6641
20.330 1.6632
20.340 1.6624
20.350 1.6616
20.360 1.6608
20.370 1.6599
20.380 1.6591
20.390 1.6583
20.400 1.6575
20.410 1.6567
20.420 1.6559
20.430 1.6550
20.440 1.6542
20.450 1.6534
20.460 1.6526
20.470 1.6518
20.480 1.6510
20.490 1.6502
20.500 1.6493
20.510 1.6485
20.520 1.6477
20.530 1.6469
20.540 1.6461
20.550 1.6453
20.560 1.6445
20.570 1.6437
20.580 1.6429
20.590 1.6421
20.600 1.6413
20.610 1.6405
20.620 1.6397
20.630 1.6389
20.640 1.6381
20.650 1.6373
20.660 1.6365
20.670 1.6357
20.680 1.6349
20.690 1.6341
20.700 1.6333
20.710 1.6325
20.720 1.6317
20.730 1.6309
20.740 1.6301
20.750 1.6293
20.760 1.6286
20.770 1.6278
20.780 1.6270
20.790 1.6262
20.800 1.6254
20.810 1.6246
20.820 1.6238
20.830 1.6230
20.840 1.6223
20.850 1.6215
20.860 1.6207
20.870 1.6199
20.880 1.6191
20.890 1.6184
20.900 1.6176
20.910 1.6168
20.920 1.6160
20.930 1.6152
20.940 1.6145
20.950 1.6137
20.960 1.6129
20.970 1.6121
20.980 1.6114
20.990 1.6106
21.000 1.6098
21.010 1.6090
21.020 1.6083
21.030 1.6075
21.040 1.6067
21.050 1.6060
21.060 1.6052
21.070 1.6044
21.080 1.6037
21.090 1.6029
21.100 1.6021
21.110 1.6014
21.120 1.6006
21.130 1.5999
21.140 1.5991
21.150 1.5983
21.160 1.5976
21.170 1.5968
21.180 1.5960
21.190 1.5953
21.200 1.5945
21.210 1.5938
21.220 1.5930
21.230 1.5923
21.240 1.5915
21.250 1.5908
21.260 1.5900
21.270 1.5892
21.280 1.5885
21.290 1.5877
21.300 1.5870
21.310 1.5862
21.320 1.5855
21.330 1.5847
21.340 1.5840
21.350 1.5833
21.360 1.5825
21.370 1.5818
21.380 1.5810
21.390 1.5803
21.400 1.5795
21.410 1.5788
21.420 1.5780
21.430 1.5773
21.440 1.5766
21.450 1.5758
21.460 1.5751
21.470 1.5743
21.480 1.5736
21.490 1.5729
21.500 1.5721
21.510 1.5714
21.520 1.5707
21.530 1.5699
21.540 1.5692
21.550 1.5685
21.560 1.5677
21.570 1.5670
21.580 1.5663
21.590 1.5655
21.600 1.5648
21.610 1.5641
21.620 1.5633
21.630 1.5626
21.640 1.5619
21.650 1.5612
21.660 1.5604
21.670 1.5597
21.680 1.5590
21.690 1.5583
21.700 1.5575
21.710 1.5568
21.720 1.5561
21.730 1.5554
21.740 1.5547
21.750 1.5539
21.760 1.5532
21.770 1.5525
21.780 1.5518
21.790 1.5511
21.800 1.5504
21.810 1.5496
21.820 1.5489
21.830 1.5482
21.840 1.5475
21.850 1.5468
21.860 1.5461
21.870 1.5454
21.880 1.5446
21.890 1.5439
21.900 1.5432
21.910 1.5425
21.920 1.5418
21.930 1.5411
21.940 1.5404
21.950 1.5397
21.960 1.5390
21.970 1.5383
21.980 1.5376
21.990 1.5369
22.000 1.5362
22.010 1.5355
22.020 1.5348
22.030 1.5341
22.040 1.5334
22.050 1.5327
22.060 1.5320
22.070 1.5313
22.080 1.5306
22.090 1.5299
22.100 1.5292
22.110 1.5285
22.120 1.5278
22.130 1.5271
22.140 1.5264
22.150 1.5257
22.160 1.5250
22.170 1.5243
22.180 1.5236
22.190 1.5229
22.200 1.5222
22.210 1.5215
22.220 1.5208
22.230 1.5202
22.240 1.5195
22.250 1.5188
22.260 1.5181
22.270 1.5174
22.280 1.5167
22.290 1.5160
22.300 1.5154
22.310 1.5147
22.320 1.5140
22.330 1.5133
22.340 1.5126
22.350 1.5119
22.360 1.5113
22.370 1.5106
22.380 1.5099
22.390 1.5092
22.400 1.5085
22.410 1.5079
22.420 1.5072
22.430 1.5065
22.440 1.5058
22.450 1.5052
22.460 1.5045
22.470 1.5038
22.480 1.5031
22.490 1.5025
22.500 1.5018
22.510 1.5011
22.520 1.5004
22.530 1.4998
22.540 1.4991
22.550 1.4984
22.560 1.4978
22.570 1.4971
22.580 1.4964
22.590 1.4958
22.600 1.4951
22.610 1.4944
22.620 1.4938
22.630 1.4931
22.640 1.4924
22.650 1.4918
22.660 1.4911
22.670 1.4904
22.680 1.4898
22.690 1.4891
22.700 1.4885
22.710 1.4878
22.720 1.4871
22.730 1.4865
22.740 1.4858
22.750 1.4852
22.760 1.4845
22.770 1.4839
22.780 1.4832
22.790 1.4825
22.800 1.4819
22.810 1.4812
22.820 1.4806
22.830 1.4799
22.840 1.4793
22.850 1.4786
22.860 1.4780
22.870 1.4773
22.880 1.4767
22.890 1.4760
22.900 1.4754
22.910 1.4747
22.920 1.4741
22.930 1.4734
22.940 1.4728
22.950 1.4721
22.960 1.4715
22.970 1.4708
22.980 1.4702
22.990 1.4696
23.000 1.4689
23.010 1.4683
23.020 1.4676
23.030 1.4670
23.040 1.4663
23.050 1.4657
23.060 1.4651
23.070 1.4644
23.080 1.4638
23.090 1.4631
23.100 1.4625
23.110 1.4619
23.120 1.4612
23.130 1.4606
23.140 1.4600
23.150 1.4593
23.160 1.4587
23.170 1.4581
23.180 1.4574
23.190 1.4568
23.200 1.4562
23.210 1.4555
23.220 1.4549
23.230 1.4543
23.240 1.4536
23.250 1.4530
23.260 1.4524
23.270 1.4517
23.280 1.4511
23.290 1.4505
23.300 1.4499
23.310 1.4492
23.320 1.4486
23.330 1.4480
23.340 1.4474
23.350 1.4467
23.360 1.4461
23.370 1.4455
23.380 1.4449
23.390 1.4442
23.400 1.4436
23.410 1.4430
23.420 1.4424
23.430 1.4418
23.440 1.4411
23.450 1.4405
23.460 1.4399
23.470 1.4393
23.480 1.4387
23.490 1.4380
23.500 1.4374
23.510 1.4368
23.520 1.4362
23.530 1.4356
23.540 1.4350
23.550 1.4344
23.560 1.4337
23.570 1.4331
23.580 1.4325
23.590 1.4319
23.600 1.4313
23.610 1.4307
23.620 1.4301
23.630 1.4295
23.640 1.4289
23.650 1.4282
23.660 1.4276
23.670 1.4270
23.680 1.4264
23.690 1.4258
23.700 1.4252
23.710 1.4246
23.720 1.4240
23.730 1.4234
23.740 1.4228
23.750 1.4222
23.760 1.4216
23.770 1.4210
23.780 1.4204
23.790 1.4198
23.800 1.4192
23.810 1.4186
23.820 1.4180
23.830 1.4174
23.840 1.4168
23.850 1.4162
23.860 1.4156
23.870 1.4150
23.880 1.4144
23.890 1.4138
23.900 1.4132
23.910 1.4126
23.920 1.4120
23.930 1.4114
23.940 1.4108
23.950 1.4102
23.960 1.4096
23.970 1.4090
23.980 1.4085
23.990 1.4079
24.000 1.4073
24.010 1.4067
24.020 1.4061
24.030 1.4055
24.040 1.4049
24.050 1.4043
24.060 1.4037
24.070 1.4031
24.080 1.4026
24.090 1.4020
24.100 1.4014
24.110 1.4008
24.120 1.4002
24.130 1.3996
24.140 1.3990
24.150 1.3985
24.160 1.3979
24.170 1.3973
24.180 1.3967
24.190 1.3961
24.200 1.3956
24.210 1.3950
24.220 1.3944
24.230 1.3938
24.240 1.3932
24.250 1.3927
24.260 1.3921
24.270 1.3915
24.280 1.3909
24.290 1.3903
24.300 1.3898
24.310 1.3892
24.320 1.3886
24.330 1.3880
24.340 1.3875
24.350 1.3869
24.360 1.3863
24.370 1.3857
24.380 1.3852
24.390 1.3846
24.400 1.3840
24.410 1.3835
24.420 1.3829
24.430 1.3823
24.440 1.3817
24.450 1.3812
24.460 1.3806
24.470 1.3800
24.480 1.3795
24.490 1.3789
24.500 1.3783
24.510 1.3778
24.520 1.3772
24.530 1.3766
24.540 1.3761
24.550 1.3755
24.560 1.3749
24.570 1.3744
24.580 1.3738
24.590 1.3733
24.600 1.3727
24.610 1.3721
24.620 1.3716
24.630 1.3710
24.640 1.3704
24.650 1.3699
24.660 1.3693
24.670 1.3688
24.680 1.3682
24.690 1.3676
24.700 1.3671
24.710 1.3665
24.720 1.3660
24.730 1.3654
24.740 1.3649
24.750 1.3643
24.760 1.3638
24.770 1.3632
24.780 1.3626
24.790 1.3621
24.800 1.3615
24.810 1.3610
24.820 1.3604
24.830 1.3599
24.840 1.3593
24.850 1.3588
24.860 1.3582
24.870 1.3577
24.880 1.3571
24.890 1.3566
24.900 1.3560
24.910 1.3555
24.920 1.3549
24.930 1.3544
24.940 1.3538
24.950 1.3533
24.960 1.3527
24.970 1.3522
24.980 1.3517
24.990 1.3511
25.000 1.3506
25.100 1.3451
25.110 1.3446
25.120 1.3441
25.130 1.3435
25.140 1.3430
25.150 1.3424
25.160 1.3419
25.170 1.3414
25.180 1.3408
25.190 1.3403
25.200 1.3398
25.210 1.3392
25.220 1.3387
25.230 1.3382
25.240 1.3376
25.250 1.3371
25.260 1.3366
25.270 1.3360
25.280 1.3355
25.290 1.3350
25.300 1.3344
25.310 1.3339
25.320 1.3334
25.330 1.3328
25.340 1.3323
25.350 1.3318
25.360 1.3312
25.370 1.3307
25.380 1.3302
25.390 1.3297
25.400 1.3291
25.410 1.3286
25.420 1.3281
25.430 1.3276
25.440 1.3270
25.450 1.3265
25.460 1.3260
25.470 1.3255
25.480 1.3249
25.490 1.3244
25.500 1.3239
25.510 1.3234
25.520 1.3228
25.530 1.3223
25.540 1.3218
25.550 1.3213
25.560 1.3207
25.570 1.3202
25.580 1.3197
25.590 1.3192
25.600 1.3187
25.610 1.3181
25.620 1.3176
25.630 1.3171
25.640 1.3166
25.650 1.3161
25.660 1.3156
25.670 1.3150
25.680 1.3145
25.690 1.3140
25.700 1.3135
25.710 1.3130
25.720 1.3125
25.730 1.3120
25.740 1.3114
25.750 1.3109
25.760 1.3104
25.770 1.3099
25.780 1.3094
25.790 1.3089
25.800 1.3084
25.810 1.3079
25.820 1.3073
25.830 1.3068
25.840 1.3063
25.850 1.3058
25.860 1.3053
25.870 1.3048
25.880 1.3043
25.890 1.3038
25.900 1.3033
25.910 1.3028
25.920 1.3023
25.930 1.3018
25.940 1.3012
25.950 1.3007
25.960 1.3002
25.970 1.2997
25.980 1.2992
25.990 1.2987
26.000 1.2982
26.010 1.2977
26.020 1.2972
26.030 1.2967
26.040 1.2962
26.050 1.2957
26.060 1.2952
26.070 1.2947
26.080 1.2942
26.090 1.2937
26.100 1.2932
26.110 1.2927
26.120 1.2922
26.130 1.2917
26.140 1.2912
26.150 1.2907
26.160 1.2902
26.170 1.2897
26.180 1.2892
26.190 1.2887
26.200 1.2882
26.210 1.2877
26.220 1.2872
26.230 1.2867
26.240 1.2863
26.250 1.2858
26.260 1.2853
26.270 1.2848
26.280 1.2843
26.290 1.2838
26.300 1.2833
26.310 1.2828
26.320 1.2823
26.330 1.2818
26.340 1.2813
26.350 1.2808
26.360 1.2804
26.370 1.2799
26.380 1.2794
26.390 1.2789
26.400 1.2784
26.410 1.2779
26.420 1.2774
26.430 1.2769
26.440 1.2764
26.450 1.2760
26.460 1.2755
26.470 1.2750
26.480 1.2745
26.490 1.2740
26.500 1.2735
26.510 1.2731
26.520 1.2726
26.530 1.2721
26.540 1.2716
26.550 1.2711
26.560 1.2706
26.570 1.2702
26.580 1.2697
26.590 1.2692
26.600 1.2687
26.610 1.2682
26.620 1.2677
26.630 1.2673
26.640 1.2668
26.650 1.2663
26.660 1.2658
26.670 1.2654
26.680 1.2649
26.690 1.2644
26.700 1.2639
26.710 1.2634
26.720 1.2630
26.730 1.2625
26.740 1.2620
26.750 1.2615
26.760 1.2611
26.770 1.2606
26.780 1.2601
26.790 1.2596
26.800 1.2592
26.810 1.2587
26.820 1.2582
26.830 1.2577
26.840 1.2573
26.850 1.2568
26.860 1.2563
26.870 1.2559
26.880 1.2554
26.890 1.2549
26.900 1.2544
26.910 1.2540
26.920 1.2535
26.930 1.2530
26.940 1.2526
26.950 1.2521
26.960 1.2516
26.970 1.2512
26.980 1.2507
26.990 1.2502
27.000 1.2498
27.010 1.2493
27.020 1.2488
27.030 1.2484
27.040 1.2479
27.050 1.2474
27.060 1.2470
27.070 1.2465
27.080 1.2460
27.090 1.2456
27.100 1.2451
27.110 1.2447
27.120 1.2442
27.130 1.2437
27.140 1.2433
27.150 1.2428
27.160 1.2423
27.170 1.2419
27.180 1.2414
27.190 1.2410
27.200 1.2405
27.210 1.2400
27.220 1.2396
27.230 1.2391
27.240 1.2387
27.250 1.2382
27.260 1.2377
27.270 1.2373
27.280 1.2368
27.290 1.2364
27.300 1.2359
27.310 1.2355
27.320 1.2350
27.330 1.2346
27.340 1.2341
27.350 1.2336
27.360 1.2332
27.370 1.2327
27.380 1.2323
27.390 1.2318
27.400 1.2314
27.410 1.2309
27.420 1.2305
27.430 1.2300
27.440 1.2296
27.450 1.2291
27.460 1.2287
27.470 1.2282
27.480 1.2278
27.490 1.2273
27.500 1.2269
27.510 1.2264
27.520 1.2260
27.530 1.2255
27.540 1.2251
27.550 1.2246
27.560 1.2242
27.570 1.2237
27.580 1.2233
27.590 1.2228
27.600 1.2224
27.610 1.2219
27.620 1.2215
27.630 1.2210
27.640 1.2206
27.650 1.2201
27.660 1.2197
27.670 1.2193
27.680 1.2188
27.690 1.2184
27.700 1.2179
27.710 1.2175
27.720 1.2170
27.730 1.2166
27.740 1.2162
27.750 1.2157
27.760 1.2153
27.770 1.2148
27.780 1.2144
27.790 1.2139
27.800 1.2135
27.810 1.2131
27.820 1.2126
27.830 1.2122
27.840 1.2118
27.850 1.2113
27.860 1.2109
27.870 1.2104
27.880 1.2100
27.890 1.2096
27.900 1.2091
27.910 1.2087
27.920 1.2082
27.930 1.2078
27.940 1.2074
27.950 1.2069
27.960 1.2065
27.970 1.2061
27.980 1.2056
27.990 1.2052
28.000 1.2048
28.010 1.2043
28.020 1.2039
28.030 1.2035
28.040 1.2030
28.050 1.2026
28.060 1.2022
28.070 1.2017
28.080 1.2013
28.090 1.2009
28.100 1.2004
28.110 1.2000
28.120 1.1996
28.130 1.1992
28.140 1.1987
28.150 1.1983
28.160 1.1979
28.170 1.1974
28.180 1.1970
28.190 1.1966
28.200 1.1962
28.210 1.1957
28.220 1.1953
28.230 1.1949
28.240 1.1944
28.250 1.1940
28.260 1.1936
28.270 1.1932
28.280 1.1927
28.290 1.1923
28.300 1.1919
28.310 1.1915
28.320 1.1910
28.330 1.1906
28.340 1.1902
28.350 1.1898
28.360 1.1893
28.370 1.1889
28.380 1.1885
28.390 1.1881
28.400 1.1877
28.410 1.1872
28.420 1.1868
28.430 1.1864
28.440 1.1860
28.450 1.1856
28.460 1.1851
28.470 1.1847
28.480 1.1843
28.490 1.1839
28.500 1.1835
28.510 1.1830
28.520 1.1826
28.530 1.1822
28.540 1.1818
28.550 1.1814
28.560 1.1809
28.570 1.1805
28.580 1.1801
28.590 1.1797
28.600 1.1793
28.610 1.1789
28.620 1.1785
28.630 1.1780
28.640 1.1776
28.650 1.1772
28.660 1.1768
28.670 1.1764
28.680 1.1760
28.690 1.1756
28.700 1.1751
28.710 1.1747
28.720 1.1743
28.730 1.1739
28.740 1.1735
28.750 1.1731
28.760 1.1727
28.770 1.1723
28.780 1.1718
28.790 1.1714
28.800 1.1710
28.810 1.1706
28.820 1.1702
28.830 1.1698
28.840 1.1694
28.850 1.1690
28.860 1.1686
28.870 1.1682
28.880 1.1678
28.890 1.1673
28.900 1.1669
28.910 1.1665
28.920 1.1661
28.930 1.1657
28.940 1.1653
28.950 1.1649
28.960 1.1645
28.970 1.1641
28.980 1.1637
28.990 1.1633
29.000 1.1629
29.010 1.1625
29.020 1.1621
29.030 1.1617
29.040 1.1613
29.050 1.1609
29.060 1.1605
29.070 1.1601
29.080 1.1597
29.090 1.1593
29.100 1.1589
29.110 1.1584
29.120 1.1580
29.130 1.1576
29.140 1.1572
29.150 1.1568
29.160 1.1564
29.170 1.1560
29.180 1.1556
29.190 1.1552
29.200 1.1548
29.210 1.1544
29.220 1.1541
29.230 1.1537
29.240 1.1533
29.250 1.1529
29.260 1.1525
29.270 1.1521
29.280 1.1517
29.290 1.1513
29.300 1.1509
29.310 1.1505
29.320 1.1501
29.330 1.1497
29.340 1.1493
29.350 1.1489
29.360 1.1485
29.370 1.1481
29.380 1.1477
29.390 1.1473
29.400 1.1469
29.410 1.1465
29.420 1.1461
29.430 1.1457
29.440 1.1454
29.450 1.1450
29.460 1.1446
29.470 1.1442
29.480 1.1438
29.490 1.1434
29.500 1.1430
29.510 1.1426
29.520 1.1422
29.530 1.1418
29.540 1.1414
29.550 1.1411
29.560 1.1407
29.570 1.1403
29.580 1.1399
29.590 1.1395
29.600 1.1391
29.610 1.1387
29.620 1.1383
29.630 1.1379
29.640 1.1376
29.650 1.1372
29.660 1.1368
29.670 1.1364
29.680 1.1360
29.690 1.1356
29.700 1.1352
29.710 1.1349
29.720 1.1345
29.730 1.1341
29.740 1.1337
29.750 1.1333
29.760 1.1329
29.770 1.1325
29.780 1.1322
29.790 1.1318
29.800 1.1314
29.810 1.1310
29.820 1.1306
29.830 1.1302
29.840 1.1299
29.850 1.1295
29.860 1.1291
29.870 1.1287
29.880 1.1283
29.890 1.1280
29.900 1.1276
29.910 1.1272
29.920 1.1268
29.930 1.1264
29.940 1.1261
29.950 1.1257
29.960 1.1253
29.970 1.1249
29.980 1.1245
29.990 1.1242
30.000 1.1238
