195,30,0.0740928,0.0626994,0,1.81851,0,14.1932021682
215,30,0.0675865,0.0600968,0,4.62362,0,13.1531135976
235,30,0.0624725,0.579951,0.0614142,20.0721,8.97076,21.7276626871
255,30,0.694855,0.643555,0.0614033,22.2889,17.4472,25.377362772
275,30,0.799439,0.747572,0.755405,23.8696,24.1737,27.3206966663
295,30,0.853678,0.808273,0.820712,25.0441,25.4118,28.6928595722
315,30,0.889931,0.849732,0.862219,25.9526,26.3192,29.506105726
335,30,0.917731,0.879988,0.891295,26.6708,27.0101,29.9665528579
355,30,0.933525,0.902942,0.912749,27.2471,27.5482,30.1967021051
375,30,0.949987,0.920822,0.929106,27.715,27.9753,31.4518511042
395,30,0.961916,0.935023,0.941855,28.0986,28.3191,31.5991275374
