195,5,0.91035,0.900766,0,4.5469,0,4.93568828723
215,5,0.942073,0.925416,0,4.65099,0,5.0827690924
235,5,0.96136,0.942509,0.941946,4.72642,1.49513,5.14059854357
255,5,0.972476,0.954842,0.956409,4.78251,2.90787,5.15515494891
275,5,0.98236,0.964007,0.966331,4.82511,4.02896,5.23982911005
295,5,0.994727,0.97098,0.973482,4.85804,4.2353,5.27617418364
315,5,0.995401,0.976387,0.978777,4.88389,4.38653,5.30629541444
335,5,0.996407,0.980647,0.982804,4.90445,4.50168,5.29157177231
355,5,0.996538,0.984048,0.98593,4.92098,4.59137,5.25339047116
375,5,1.00157,0.986795,0.988398,4.93442,4.66256,5.39236083311
395,5,1.00537,0.989037,0.990385,4.94543,4.71984,5.35980430928
