100,5,1.01572,0.991603,0.999058,4.95717,4.98095,5.37990439045
140,5,1.01562,0.997946,1.00265,4.98928,5.08341,5.37825697165
180,5,1.01464,1.00009,1.00336,5.00021,5.10347,5.47426417628
20,5,0.118899,0.0681971,0.0855347,0.843127,0.256027,2.97824885557
220,5,1.01738,1.00095,1.0034,5.00459,5.103,5.28245244295
260,5,1.0151,1.00131,1.00319,5.00646,5.09696,5.48844190425
300,5,1.01526,1.00146,1.00296,5.00723,5.08964,5.40995995395
340,5,1.01741,1.0015,1.00272,5.00747,5.08243,5.46265461432
380,5,1.01229,1.00149,1.00252,5.00745,5.07582,5.3763557574
420,5,1.0119,1.00146,1.00232,5.0073,5.06992,5.43800014869
60,5,0.999304,0.963793,0,4.82023,0,5.24449344971
