100,0.1,1.00993,0.999824,0.999984,0.0999824,0.099619,0.102478849213
140,0.1,1.01074,0.999955,1.00008,0.0999955,0.101668,0.102507916938
180,0.1,1.01178,1,1.00005,0.1,0.102069,0.103371861114
20,0.1,1.00553,0.990912,0.991014,0.0990983,0.00512053,0.131054281782
220,0.1,1.00714,1.00002,1.00008,0.100002,0.10206,0.101553675037
260,0.1,1.0146,1.00003,1.00005,0.100003,0.101939,0.103574717127
300,0.1,1.01538,1.00003,1.00007,0.100003,0.101793,0.103091481289
340,0.1,1.01553,1.00003,1.00005,0.100003,0.101649,0.103286339103
380,0.1,1.0116,1.00003,1.00004,0.100003,0.101516,0.10281397085
420,0.1,1.0126,1.00003,1.00006,0.100003,0.101398,0.103308618277
60,0.1,1.00734,0.99926,0,0.099926,0,0.102107390559
