0.10000 270.78
0.11000 246.16
0.12000 225.65
0.13000 208.29
0.14000 193.41
0.15000 180.52
0.16000 169.23
0.17000 159.28
0.18000 150.43
0.19000 142.51
0.20000 135.39
0.21000 128.94
0.22000 123.08
0.23000 117.73
0.24000 112.82
0.25000 108.31
0.26000 104.14
0.27000 100.28
0.28000 96.701
0.29000 93.366
0.30000 90.254
0.31000 87.342
0.32000 84.612
0.33000 82.048
0.34000 79.635
0.35000 77.359
0.36000 75.210
0.37000 73.177
0.38000 71.251
0.39000 69.424
0.40000 67.688
0.41000 66.037
0.42000 64.464
0.43000 62.965
0.44000 61.534
0.45000 60.166
0.46000 58.858
0.47000 57.605
0.48000 56.405
0.49000 55.254
0.50000 54.148
0.51000 53.086
0.52000 52.065
0.53000 51.083
0.54000 50.137
0.55000 49.225
0.56000 48.346
0.57000 47.497
0.58000 46.678
0.59000 45.887
0.60000 45.122
0.61000 44.382
0.62000 43.666
0.63000 42.973
0.64000 42.301
0.65000 41.650
0.66000 41.019
0.67000 40.407
0.68000 39.812
0.69000 39.235
0.70000 38.675
0.71000 38.130
0.72000 37.600
0.73000 37.085
0.74000 36.584
0.75000 36.096
0.76000 35.621
0.77000 35.158
0.78000 34.707
0.79000 34.268
0.80000 33.839
0.81000 33.421
0.82000 33.013
0.83000 32.616
0.84000 32.227
0.85000 31.848
0.86000 31.478
0.87000 31.116
0.88000 30.762
0.89000 30.416
0.90000 30.078
0.91000 29.747
0.92000 29.424
0.93000 29.108
0.94000 28.798
0.95000 28.495
0.96000 28.198
0.97000 27.907
0.98000 27.622
0.99000 27.343
1.0000 27.069
1.0100 26.801
1.0200 26.538
1.0300 26.281
1.0400 26.028
1.0500 25.780
1.0600 25.537
1.0700 25.298
1.0800 25.063
1.0900 24.833
1.1000 24.608
1.1100 24.386
1.1200 24.168
1.1300 23.954
1.1400 23.744
1.1500 23.537
1.1600 23.334
1.1700 23.135
1.1800 22.939
1.1900 22.746
1.2000 22.556
1.2100 22.370
1.2200 22.186
1.2300 22.006
1.2400 21.828
1.2500 21.654
1.2600 21.482
1.2700 21.312
1.2800 21.146
1.2900 20.982
1.3000 20.820
1.3100 20.661
1.3200 20.505
1.3300 20.350
1.3400 20.199
1.3500 20.049
1.3600 19.901
1.3700 19.756
1.3800 19.613
1.3900 19.472
1.4000 19.332
1.4100 19.195
1.4200 19.060
1.4300 18.927
1.4400 18.795
1.4500 18.665
1.4600 18.538
1.4700 18.411
1.4800 18.287
1.4900 18.164
1.5000 18.043
1.5100 17.923
1.5200 17.805
1.5300 17.689
1.5400 17.574
1.5500 17.461
1.5600 17.349
1.5700 17.238
1.5800 17.129
1.5900 17.021
1.6000 16.915
1.6100 16.810
1.6200 16.706
1.6300 16.603
1.6400 16.502
1.6500 16.402
1.6600 16.303
1.6700 16.205
1.6800 16.109
1.6900 16.013
1.7000 15.919
1.7100 15.826
1.7200 15.734
1.7300 15.643
1.7400 15.553
1.7500 15.464
1.7600 15.376
1.7700 15.289
1.7800 15.203
1.7900 15.118
1.8000 15.034
1.8100 14.951
1.8200 14.869
1.8300 14.788
1.8400 14.707
1.8500 14.628
1.8600 14.549
1.8700 14.471
1.8800 14.394
1.8900 14.318
1.9000 14.242
1.9100 14.168
1.9200 14.094
1.9300 14.021
1.9400 13.949
1.9500 13.877
1.9600 13.806
1.9700 13.736
1.9800 13.667
1.9900 13.598
2.0000 13.530
2.0100 13.462
2.0200 13.396
2.0300 13.330
2.0400 13.264
2.0500 13.200
2.0600 13.135
2.0700 13.072
2.0800 13.009
2.0900 12.947
2.1000 12.885
2.1100 12.824
2.1200 12.763
2.1300 12.703
2.1400 12.644
2.1500 12.585
2.1600 12.527
2.1700 12.469
2.1800 12.412
2.1900 12.355
2.2000 12.299
2.2100 12.243
2.2200 12.188
2.2300 12.133
2.2400 12.079
2.2500 12.025
2.2600 11.972
2.2700 11.919
2.2800 11.867
2.2900 11.815
2.3000 11.764
2.3100 11.713
2.3200 11.662
2.3300 11.612
2.3400 11.563
2.3500 11.513
2.3600 11.464
2.3700 11.416
2.3800 11.368
2.3900 11.320
2.4000 11.273
2.4100 11.226
2.4200 11.180
2.4300 11.134
2.4400 11.088
2.4500 11.043
2.4600 10.998
2.4700 10.953
2.4800 10.909
2.4900 10.865
2.5000 10.822
2.5100 10.779
2.5200 10.736
2.5300 10.693
2.5400 10.651
2.5500 10.610
2.5600 10.568
2.5700 10.527
2.5800 10.486
2.5900 10.446
2.6000 10.405
2.6100 10.365
2.6200 10.326
2.6300 10.287
2.6400 10.248
2.6500 10.209
2.6600 10.170
2.6700 10.132
2.6800 10.094
2.6900 10.057
2.7000 10.020
2.7100 9.9826
2.7200 9.9458
2.7300 9.9094
2.7400 9.8732
2.7500 9.8372
2.7600 9.8016
2.7700 9.7661
2.7800 9.7310
2.7900 9.6961
2.8000 9.6614
2.8100 9.6270
2.8200 9.5928
2.8300 9.5589
2.8400 9.5252
2.8500 9.4917
2.8600 9.4585
2.8700 9.4255
2.8800 9.3928
2.8900 9.3602
2.9000 9.3279
2.9100 9.2958
2.9200 9.2640
2.9300 9.2323
2.9400 9.2009
2.9500 9.1696
2.9600 9.1386
2.9700 9.1078
2.9800 9.0772
2.9900 9.0468
3.0000 9.0167
3.0100 8.9867
3.0200 8.9569
3.0300 8.9273
3.0400 8.8979
3.0500 8.8687
3.0600 8.8397
3.0700 8.8108
3.0800 8.7822
3.0900 8.7538
3.1000 8.7255
3.1100 8.6974
3.1200 8.6695
3.1300 8.6418
3.1400 8.6142
3.1500 8.5868
3.1600 8.5596
3.1700 8.5326
3.1800 8.5057
3.1900 8.4790
3.2000 8.4525
3.2100 8.4262
3.2200 8.4000
3.2300 8.3739
3.2400 8.3480
3.2500 8.3223
3.2600 8.2968
3.2700 8.2714
3.2800 8.2461
3.2900 8.2210
3.3000 8.1961
3.3100 8.1713
3.3200 8.1467
3.3300 8.1222
3.3400 8.0978
3.3500 8.0736
3.3600 8.0496
3.3700 8.0256
3.3800 8.0019
3.3900 7.9782
3.4000 7.9547
3.4100 7.9314
3.4200 7.9082
3.4300 7.8851
3.4400 7.8621
3.4500 7.8393
3.4600 7.8166
3.4700 7.7941
3.4800 7.7717
3.4900 7.7494
3.5000 7.7272
3.5100 7.7052
3.5200 7.6832
3.5300 7.6614
3.5400 7.6398
3.5500 7.6182
3.5600 7.5968
3.5700 7.5755
3.5800 7.5543
3.5900 7.5332
3.6000 7.5123
3.6100 7.4914
3.6200 7.4707
3.6300 7.4501
3.6400 7.4296
3.6500 7.4092
3.6600 7.3890
3.6700 7.3688
3.6800 7.3488
3.6900 7.3288
3.7000 7.3090
3.7100 7.2893
3.7200 7.2696
3.7300 7.2501
3.7400 7.2307
3.7500 7.2114
3.7600 7.1922
3.7700 7.1731
3.7800 7.1541
3.7900 7.1352
3.8000 7.1164
3.8100 7.0977
3.8200 7.0791
3.8300 7.0606
3.8400 7.0422
3.8500 7.0239
3.8600 7.0056
3.8700 6.9875
3.8800 6.9695
3.8900 6.9515
3.9000 6.9337
3.9100 6.9159
3.9200 6.8983
3.9300 6.8807
3.9400 6.8632
3.9500 6.8458
3.9600 6.8285
3.9700 6.8113
3.9800 6.7941
3.9900 6.7771
4.0000 6.7601
4.0100 6.7432
4.0200 6.7264
4.0300 6.7097
4.0400 6.6931
4.0500 6.6765
4.0600 6.6601
4.0700 6.6437
4.0800 6.6274
4.0900 6.6111
4.1000 6.5950
4.1100 6.5789
4.1200 6.5629
4.1300 6.5470
4.1400 6.5312
4.1500 6.5154
4.1600 6.4997
4.1700 6.4841
4.1800 6.4686
4.1900 6.4531
4.2000 6.4377
4.2100 6.4224
4.2200 6.4072
4.2300 6.3920
4.2400 6.3769
4.2500 6.3619
4.2600 6.3469
4.2700 6.3320
4.2800 6.3172
4.2900 6.3025
4.3000 6.2878
4.3100 6.2732
4.3200 6.2586
4.3300 6.2442
4.3400 6.2298
4.3500 6.2154
4.3600 6.2011
4.3700 6.1869
4.3800 6.1728
4.3900 6.1587
4.4000 6.1447
4.4100 6.1307
4.4200 6.1168
4.4300 6.1030
4.4400 6.0892
4.4500 6.0755
4.4600 6.0619
4.4700 6.0483
4.4800 6.0348
4.4900 6.0213
4.5000 6.0079
4.5100 5.9946
4.5200 5.9813
4.5300 5.9681
4.5400 5.9549
4.5500 5.9418
4.5600 5.9287
4.5700 5.9158
4.5800 5.9028
4.5900 5.8899
4.6000 5.8771
4.6100 5.8643
4.6200 5.8516
4.6300 5.8390
4.6400 5.8264
4.6500 5.8138
4.6600 5.8013
4.6700 5.7889
4.6800 5.7765
4.6900 5.7641
4.7000 5.7519
4.7100 5.7396
4.7200 5.7274
4.7300 5.7153
4.7400 5.7032
4.7500 5.6912
4.7600 5.6792
4.7700 5.6673
4.7800 5.6554
4.7900 5.6436
4.8000 5.6318
4.8100 5.6201
4.8200 5.6084
4.8300 5.5968
4.8400 5.5852
4.8500 5.5737
4.8600 5.5622
4.8700 5.5507
4.8800 5.5394
4.8900 5.5280
4.9000 5.5167
4.9100 5.5054
4.9200 5.4942
4.9300 5.4831
4.9400 5.4720
4.9500 5.4609
4.9600 5.4499
4.9700 5.4389
4.9800 5.4279
4.9900 5.4170
5.0000 5.4062
5.1000 5.3000
5.1100 5.2896
5.1200 5.2793
5.1300 5.2689
5.1400 5.2587
5.1500 5.2484
5.1600 5.2383
5.1700 5.2281
5.1800 5.2180
5.1900 5.2079
5.2000 5.1979
5.2100 5.1879
5.2200 5.1779
5.2300 5.1680
5.2400 5.1581
5.2500 5.1483
5.2600 5.1385
5.2700 5.1287
5.2800 5.1190
5.2900 5.1093
5.3000 5.0996
5.3100 5.0900
5.3200 5.0804
5.3300 5.0709
5.3400 5.0614
5.3500 5.0519
5.3600 5.0424
5.3700 5.0330
5.3800 5.0237
5.3900 5.0143
5.4000 5.0050
5.4100 4.9958
5.4200 4.9865
5.4300 4.9773
5.4400 4.9682
5.4500 4.9590
5.4600 4.9499
5.4700 4.9409
5.4800 4.9318
5.4900 4.9228
5.5000 4.9138
5.5100 4.9049
5.5200 4.8960
5.5300 4.8871
5.5400 4.8783
5.5500 4.8695
5.5600 4.8607
5.5700 4.8520
5.5800 4.8433
5.5900 4.8346
5.6000 4.8259
5.6100 4.8173
5.6200 4.8087
5.6300 4.8002
5.6400 4.7916
5.6500 4.7831
5.6600 4.7747
5.6700 4.7662
5.6800 4.7578
5.6900 4.7495
5.7000 4.7411
5.7100 4.7328
5.7200 4.7245
5.7300 4.7162
5.7400 4.7080
5.7500 4.6998
5.7600 4.6916
5.7700 4.6835
5.7800 4.6754
5.7900 4.6673
5.8000 4.6592
5.8100 4.6512
5.8200 4.6432
5.8300 4.6352
5.8400 4.6272
5.8500 4.6193
5.8600 4.6114
5.8700 4.6035
5.8800 4.5957
5.8900 4.5879
5.9000 4.5801
5.9100 4.5723
5.9200 4.5646
5.9300 4.5569
5.9400 4.5492
5.9500 4.5415
5.9600 4.5339
5.9700 4.5263
5.9800 4.5187
5.9900 4.5111
6.0000 4.5036
6.0100 4.4961
6.0200 4.4886
6.0300 4.4811
6.0400 4.4737
6.0500 4.4663
6.0600 4.4589
6.0700 4.4515
6.0800 4.4442
6.0900 4.4369
6.1000 4.4296
6.1100 4.4223
6.1200 4.4151
6.1300 4.4079
6.1400 4.4007
6.1500 4.3935
6.1600 4.3864
6.1700 4.3792
6.1800 4.3721
6.1900 4.3651
6.2000 4.3580
6.2100 4.3510
6.2200 4.3440
6.2300 4.3370
6.2400 4.3300
6.2500 4.3231
6.2600 4.3161
6.2700 4.3092
6.2800 4.3024
6.2900 4.2955
6.3000 4.2887
6.3100 4.2819
6.3200 4.2751
6.3300 4.2683
6.3400 4.2616
6.3500 4.2548
6.3600 4.2481
6.3700 4.2414
6.3800 4.2348
6.3900 4.2281
6.4000 4.2215
6.4100 4.2149
6.4200 4.2083
6.4300 4.2018
6.4400 4.1952
6.4500 4.1887
6.4600 4.1822
6.4700 4.1757
6.4800 4.1693
6.4900 4.1628
6.5000 4.1564
6.5100 4.1500
6.5200 4.1436
6.5300 4.1373
6.5400 4.1309
6.5500 4.1246
6.5600 4.1183
6.5700 4.1120
6.5800 4.1058
6.5900 4.0995
6.6000 4.0933
6.6100 4.0871
6.6200 4.0809
6.6300 4.0747
6.6400 4.0686
6.6500 4.0625
6.6600 4.0563
6.6700 4.0503
6.6800 4.0442
6.6900 4.0381
6.7000 4.0321
6.7100 4.0261
6.7200 4.0200
6.7300 4.0141
6.7400 4.0081
6.7500 4.0021
6.7600 3.9962
6.7700 3.9903
6.7800 3.9844
6.7900 3.9785
6.8000 3.9726
6.8100 3.9668
6.8200 3.9610
6.8300 3.9552
6.8400 3.9494
6.8500 3.9436
6.8600 3.9378
6.8700 3.9321
6.8800 3.9263
6.8900 3.9206
6.9000 3.9149
6.9100 3.9093
6.9200 3.9036
6.9300 3.8979
6.9400 3.8923
6.9500 3.8867
6.9600 3.8811
6.9700 3.8755
6.9800 3.8700
6.9900 3.8644
7.0000 3.8589
7.0100 3.8534
7.0200 3.8479
7.0300 3.8424
7.0400 3.8369
7.0500 3.8314
7.0600 3.8260
7.0700 3.8206
7.0800 3.8152
7.0900 3.8098
7.1000 3.8044
7.1100 3.7990
7.1200 3.7937
7.1300 3.7883
7.1400 3.7830
7.1500 3.7777
7.1600 3.7724
7.1700 3.7672
7.1800 3.7619
7.1900 3.7567
7.2000 3.7514
7.2100 3.7462
7.2200 3.7410
7.2300 3.7358
7.2400 3.7306
7.2500 3.7255
7.2600 3.7203
7.2700 3.7152
7.2800 3.7101
7.2900 3.7050
7.3000 3.6999
7.3100 3.6948
7.3200 3.6898
7.3300 3.6847
7.3400 3.6797
7.3500 3.6747
7.3600 3.6697
7.3700 3.6647
7.3800 3.6597
7.3900 3.6547
7.4000 3.6498
7.4100 3.6448
7.4200 3.6399
7.4300 3.6350
7.4400 3.6301
7.4500 3.6252
7.4600 3.6203
7.4700 3.6155
7.4800 3.6106
7.4900 3.6058
7.5000 3.6010
7.5100 3.5962
7.5200 3.5914
7.5300 3.5866
7.5400 3.5818
7.5500 3.5771
7.5600 3.5723
7.5700 3.5676
7.5800 3.5629
7.5900 3.5582
7.6000 3.5535
7.6100 3.5488
7.6200 3.5441
7.6300 3.5395
7.6400 3.5348
7.6500 3.5302
7.6600 3.5256
7.6700 3.5210
7.6800 3.5164
7.6900 3.5118
7.7000 3.5072
7.7100 3.5027
7.7200 3.4981
7.7300 3.4936
7.7400 3.4890
7.7500 3.4845
7.7600 3.4800
7.7700 3.4755
7.7800 3.4711
7.7900 3.4666
7.8000 3.4621
7.8100 3.4577
7.8200 3.4533
7.8300 3.4488
7.8400 3.4444
7.8500 3.4400
7.8600 3.4356
7.8700 3.4313
7.8800 3.4269
7.8900 3.4225
7.9000 3.4182
7.9100 3.4139
7.9200 3.4095
7.9300 3.4052
7.9400 3.4009
7.9500 3.3966
7.9600 3.3924
7.9700 3.3881
7.9800 3.3838
7.9900 3.3796
8.0000 3.3753
8.0100 3.3711
8.0200 3.3669
8.0300 3.3627
8.0400 3.3585
8.0500 3.3543
8.0600 3.3502
8.0700 3.3460
8.0800 3.3418
8.0900 3.3377
8.1000 3.3336
8.1100 3.3294
8.1200 3.3253
8.1300 3.3212
8.1400 3.3171
8.1500 3.3131
8.1600 3.3090
8.1700 3.3049
8.1800 3.3009
8.1900 3.2968
8.2000 3.2928
8.2100 3.2888
8.2200 3.2848
8.2300 3.2808
8.2400 3.2768
8.2500 3.2728
8.2600 3.2688
8.2700 3.2648
8.2800 3.2609
8.2900 3.2569
8.3000 3.2530
8.3100 3.2491
8.3200 3.2452
8.3300 3.2413
8.3400 3.2374
8.3500 3.2335
8.3600 3.2296
8.3700 3.2257
8.3800 3.2219
8.3900 3.2180
8.4000 3.2142
8.4100 3.2103
8.4200 3.2065
8.4300 3.2027
8.4400 3.1989
8.4500 3.1951
8.4600 3.1913
8.4700 3.1875
8.4800 3.1838
8.4900 3.1800
8.5000 3.1763
8.5100 3.1725
8.5200 3.1688
8.5300 3.1651
8.5400 3.1613
8.5500 3.1576
8.5600 3.1539
8.5700 3.1502
8.5800 3.1466
8.5900 3.1429
8.6000 3.1392
8.6100 3.1356
8.6200 3.1319
8.6300 3.1283
8.6400 3.1246
8.6500 3.1210
8.6600 3.1174
8.6700 3.1138
8.6800 3.1102
8.6900 3.1066
8.7000 3.1030
8.7100 3.0995
8.7200 3.0959
8.7300 3.0923
8.7400 3.0888
8.7500 3.0852
8.7600 3.0817
8.7700 3.0782
8.7800 3.0747
8.7900 3.0712
8.8000 3.0677
8.8100 3.0642
8.8200 3.0607
8.8300 3.0572
8.8400 3.0537
8.8500 3.0503
8.8600 3.0468
8.8700 3.0434
8.8800 3.0399
8.8900 3.0365
8.9000 3.0331
8.9100 3.0297
8.9200 3.0263
8.9300 3.0229
8.9400 3.0195
8.9500 3.0161
8.9600 3.0127
8.9700 3.0093
8.9800 3.0060
8.9900 3.0026
9.0000 2.9993
9.0100 2.9959
9.0200 2.9926
9.0300 2.9893
9.0400 2.9860
9.0500 2.9827
9.0600 2.9794
9.0700 2.9761
9.0800 2.9728
9.0900 2.9695
9.1000 2.9662
9.1100 2.9630
9.1200 2.9597
9.1300 2.9564
9.1400 2.9532
9.1500 2.9500
9.1600 2.9467
9.1700 2.9435
9.1800 2.9403
9.1900 2.9371
9.2000 2.9339
9.2100 2.9307
9.2200 2.9275
9.2300 2.9243
9.2400 2.9211
9.2500 2.9180
9.2600 2.9148
9.2700 2.9117
9.2800 2.9085
9.2900 2.9054
9.3000 2.9022
9.3100 2.8991
9.3200 2.8960
9.3300 2.8929
9.3400 2.8898
9.3500 2.8867
9.3600 2.8836
9.3700 2.8805
9.3800 2.8774
9.3900 2.8743
9.4000 2.8713
9.4100 2.8682
9.4200 2.8651
9.4300 2.8621
9.4400 2.8591
9.4500 2.8560
9.4600 2.8530
9.4700 2.8500
9.4800 2.8470
9.4900 2.8439
9.5000 2.8409
9.5100 2.8379
9.5200 2.8350
9.5300 2.8320
9.5400 2.8290
9.5500 2.8260
9.5600 2.8231
9.5700 2.8201
9.5800 2.8171
9.5900 2.8142
9.6000 2.8113
9.6100 2.8083
9.6200 2.8054
9.6300 2.8025
9.6400 2.7996
9.6500 2.7966
9.6600 2.7937
9.6700 2.7908
9.6800 2.7879
9.6900 2.7851
9.7000 2.7822
9.7100 2.7793
9.7200 2.7764
9.7300 2.7736
9.7400 2.7707
9.7500 2.7679
9.7600 2.7650
9.7700 2.7622
9.7800 2.7593
9.7900 2.7565
9.8000 2.7537
9.8100 2.7509
9.8200 2.7481
9.8300 2.7453
9.8400 2.7425
9.8500 2.7397
9.8600 2.7369
9.8700 2.7341
9.8800 2.7313
9.8900 2.7286
9.9000 2.7258
9.9100 2.7230
9.9200 2.7203
9.9300 2.7175
9.9400 2.7148
9.9500 2.7120
9.9600 2.7093
9.9700 2.7066
9.9800 2.7039
9.9900 2.7011
10.000 2.6984
10.100 2.6716
10.110 2.6690
10.120 2.6663
10.130 2.6637
10.140 2.6611
10.150 2.6584
10.160 2.6558
10.170 2.6532
10.180 2.6506
10.190 2.6480
10.200 2.6454
10.210 2.6428
10.220 2.6402
10.230 2.6376
10.240 2.6350
10.250 2.6324
10.260 2.6298
10.270 2.6273
10.280 2.6247
10.290 2.6221
10.300 2.6196
10.310 2.6170
10.320 2.6145
10.330 2.6119
10.340 2.6094
10.350 2.6069
10.360 2.6044
10.370 2.6018
10.380 2.5993
10.390 2.5968
10.400 2.5943
10.410 2.5918
10.420 2.5893
10.430 2.5868
10.440 2.5843
10.450 2.5818
10.460 2.5794
10.470 2.5769
10.480 2.5744
10.490 2.5720
10.500 2.5695
10.510 2.5671
10.520 2.5646
10.530 2.5622
10.540 2.5597
10.550 2.5573
10.560 2.5549
10.570 2.5524
10.580 2.5500
10.590 2.5476
10.600 2.5452
10.610 2.5428
10.620 2.5404
10.630 2.5380
10.640 2.5356
10.650 2.5332
10.660 2.5308
10.670 2.5284
10.680 2.5260
10.690 2.5237
10.700 2.5213
10.710 2.5189
10.720 2.5166
10.730 2.5142
10.740 2.5119
10.750 2.5095
10.760 2.5072
10.770 2.5049
10.780 2.5025
10.790 2.5002
10.800 2.4979
10.810 2.4956
10.820 2.4932
10.830 2.4909
10.840 2.4886
10.850 2.4863
10.860 2.4840
10.870 2.4817
10.880 2.4794
10.890 2.4772
10.900 2.4749
10.910 2.4726
10.920 2.4703
10.930 2.4681
10.940 2.4658
10.950 2.4635
10.960 2.4613
10.970 2.4590
10.980 2.4568
10.990 2.4545
11.000 2.4523
11.010 2.4501
11.020 2.4478
11.030 2.4456
11.040 2.4434
11.050 2.4412
11.060 2.4389
11.070 2.4367
11.080 2.4345
11.090 2.4323
11.100 2.4301
11.110 2.4279
11.120 2.4257
11.130 2.4236
11.140 2.4214
11.150 2.4192
11.160 2.4170
11.170 2.4148
11.180 2.4127
11.190 2.4105
11.200 2.4083
11.210 2.4062
11.220 2.4040
11.230 2.4019
11.240 2.3997
11.250 2.3976
11.260 2.3955
11.270 2.3933
11.280 2.3912
11.290 2.3891
11.300 2.3870
11.310 2.3848
11.320 2.3827
11.330 2.3806
11.340 2.3785
11.350 2.3764
11.360 2.3743
11.370 2.3722
11.380 2.3701
11.390 2.3680
11.400 2.3659
11.410 2.3639
11.420 2.3618
11.430 2.3597
11.440 2.3576
11.450 2.3556
11.460 2.3535
11.470 2.3514
11.480 2.3494
11.490 2.3473
11.500 2.3453
11.510 2.3432
11.520 2.3412
11.530 2.3392
11.540 2.3371
11.550 2.3351
11.560 2.3331
11.570 2.3310
11.580 2.3290
11.590 2.3270
11.600 2.3250
11.610 2.3230
11.620 2.3210
11.630 2.3190
11.640 2.3170
11.650 2.3150
11.660 2.3130
11.670 2.3110
11.680 2.3090
11.690 2.3070
11.700 2.3050
11.710 2.3031
11.720 2.3011
11.730 2.2991
11.740 2.2972
11.750 2.2952
11.760 2.2932
11.770 2.2913
11.780 2.2893
11.790 2.2874
11.800 2.2854
11.810 2.2835
11.820 2.2815
11.830 2.2796
11.840 2.2777
11.850 2.2757
11.860 2.2738
11.870 2.2719
11.880 2.2700
11.890 2.2681
11.900 2.2661
11.910 2.2642
11.920 2.2623
11.930 2.2604
11.940 2.2585
11.950 2.2566
11.960 2.2547
11.970 2.2528
11.980 2.2510
11.990 2.2491
12.000 2.2472
12.010 2.2453
12.020 2.2434
12.030 2.2416
12.040 2.2397
12.050 2.2378
12.060 2.2360
12.070 2.2341
12.080 2.2322
12.090 2.2304
12.100 2.2285
12.110 2.2267
12.120 2.2249
12.130 2.2230
12.140 2.2212
12.150 2.2193
12.160 2.2175
12.170 2.2157
12.180 2.2138
12.190 2.2120
12.200 2.2102
12.210 2.2084
12.220 2.2066
12.230 2.2048
12.240 2.2030
12.250 2.2011
12.260 2.1993
12.270 2.1975
12.280 2.1957
12.290 2.1940
12.300 2.1922
12.310 2.1904
12.320 2.1886
12.330 2.1868
12.340 2.1850
12.350 2.1832
12.360 2.1815
12.370 2.1797
12.380 2.1779
12.390 2.1762
12.400 2.1744
12.410 2.1727
12.420 2.1709
12.430 2.1691
12.440 2.1674
12.450 2.1656
12.460 2.1639
12.470 2.1622
12.480 2.1604
12.490 2.1587
12.500 2.1569
12.510 2.1552
12.520 2.1535
12.530 2.1518
12.540 2.1500
12.550 2.1483
12.560 2.1466
12.570 2.1449
12.580 2.1432
12.590 2.1415
12.600 2.1398
12.610 2.1380
12.620 2.1363
12.630 2.1346
12.640 2.1330
12.650 2.1313
12.660 2.1296
12.670 2.1279
12.680 2.1262
12.690 2.1245
12.700 2.1228
12.710 2.1212
12.720 2.1195
12.730 2.1178
12.740 2.1161
12.750 2.1145
12.760 2.1128
12.770 2.1111
12.780 2.1095
12.790 2.1078
12.800 2.1062
12.810 2.1045
12.820 2.1029
12.830 2.1012
12.840 2.0996
12.850 2.0979
12.860 2.0963
12.870 2.0947
12.880 2.0930
12.890 2.0914
12.900 2.0898
12.910 2.0882
12.920 2.0865
12.930 2.0849
12.940 2.0833
12.950 2.0817
12.960 2.0801
12.970 2.0785
12.980 2.0768
12.990 2.0752
13.000 2.0736
13.010 2.0720
13.020 2.0704
13.030 2.0688
13.040 2.0673
13.050 2.0657
13.060 2.0641
13.070 2.0625
13.080 2.0609
13.090 2.0593
13.100 2.0577
13.110 2.0562
13.120 2.0546
13.130 2.0530
13.140 2.0515
13.150 2.0499
13.160 2.0483
13.170 2.0468
13.180 2.0452
13.190 2.0436
13.200 2.0421
13.210 2.0405
13.220 2.0390
13.230 2.0374
13.240 2.0359
13.250 2.0343
13.260 2.0328
13.270 2.0313
13.280 2.0297
13.290 2.0282
13.300 2.0267
13.310 2.0251
13.320 2.0236
13.330 2.0221
13.340 2.0206
13.350 2.0190
13.360 2.0175
13.370 2.0160
13.380 2.0145
13.390 2.0130
13.400 2.0115
13.410 2.0100
13.420 2.0085
13.430 2.0070
13.440 2.0055
13.450 2.0040
13.460 2.0025
13.470 2.0010
13.480 1.9995
13.490 1.9980
13.500 1.9965
13.510 1.9950
13.520 1.9935
13.530 1.9921
13.540 1.9906
13.550 1.9891
13.560 1.9876
13.570 1.9862
13.580 1.9847
13.590 1.9832
13.600 1.9818
13.610 1.9803
13.620 1.9788
13.630 1.9774
13.640 1.9759
13.650 1.9745
13.660 1.9730
13.670 1.9716
13.680 1.9701
13.690 1.9687
13.700 1.9672
13.710 1.9658
13.720 1.9644
13.730 1.9629
13.740 1.9615
13.750 1.9600
13.760 1.9586
13.770 1.9572
13.780 1.9558
13.790 1.9543
13.800 1.9529
13.810 1.9515
13.820 1.9501
13.830 1.9487
13.840 1.9472
13.850 1.9458
13.860 1.9444
13.870 1.9430
13.880 1.9416
13.890 1.9402
13.900 1.9388
13.910 1.9374
13.920 1.9360
13.930 1.9346
13.940 1.9332
13.950 1.9318
13.960 1.9304
13.970 1.9290
13.980 1.9277
13.990 1.9263
14.000 1.9249
14.010 1.9235
14.020 1.9221
14.030 1.9208
14.040 1.9194
14.050 1.9180
14.060 1.9166
14.070 1.9153
14.080 1.9139
14.090 1.9125
14.100 1.9112
14.110 1.9098
14.120 1.9085
14.130 1.9071
14.140 1.9057
14.150 1.9044
14.160 1.9030
14.170 1.9017
14.180 1.9003
14.190 1.8990
14.200 1.8977
14.210 1.8963
14.220 1.8950
14.230 1.8936
14.240 1.8923
14.250 1.8910
14.260 1.8896
14.270 1.8883
14.280 1.8870
14.290 1.8856
14.300 1.8843
14.310 1.8830
14.320 1.8817
14.330 1.8804
14.340 1.8790
14.350 1.8777
14.360 1.8764
14.370 1.8751
14.380 1.8738
14.390 1.8725
14.400 1.8712
14.410 1.8699
14.420 1.8686
14.430 1.8673
14.440 1.8660
14.450 1.8647
14.460 1.8634
14.470 1.8621
14.480 1.8608
14.490 1.8595
14.500 1.8582
14.510 1.8569
14.520 1.8556
14.530 1.8544
14.540 1.8531
14.550 1.8518
14.560 1.8505
14.570 1.8492
14.580 1.8480
14.590 1.8467
14.600 1.8454
14.610 1.8442
14.620 1.8429
14.630 1.8416
14.640 1.8404
14.650 1.8391
14.660 1.8378
14.670 1.8366
14.680 1.8353
14.690 1.8341
14.700 1.8328
14.710 1.8316
14.720 1.8303
14.730 1.8291
14.740 1.8278
14.750 1.8266
14.760 1.8253
14.770 1.8241
14.780 1.8228
14.790 1.8216
14.800 1.8204
14.810 1.8191
14.820 1.8179
14.830 1.8167
14.840 1.8154
14.850 1.8142
14.860 1.8130
14.870 1.8118
14.880 1.8105
14.890 1.8093
14.900 1.8081
14.910 1.8069
14.920 1.8057
14.930 1.8044
14.940 1.8032
14.950 1.8020
14.960 1.8008
14.970 1.7996
14.980 1.7984
14.990 1.7972
15.000 1.7960
15.100 1.7840
15.110 1.7828
15.120 1.7817
15.130 1.7805
15.140 1.7793
15.150 1.7781
15.160 1.7769
15.170 1.7757
15.180 1.7746
15.190 1.7734
15.200 1.7722
15.210 1.7711
15.220 1.7699
15.230 1.7687
15.240 1.7676
15.250 1.7664
15.260 1.7652
15.270 1.7641
15.280 1.7629
15.290 1.7617
15.300 1.7606
15.310 1.7594
15.320 1.7583
15.330 1.7571
15.340 1.7560
15.350 1.7548
15.360 1.7537
15.370 1.7525
15.380 1.7514
15.390 1.7502
15.400 1.7491
15.410 1.7480
15.420 1.7468
15.430 1.7457
15.440 1.7445
15.450 1.7434
15.460 1.7423
15.470 1.7411
15.480 1.7400
15.490 1.7389
15.500 1.7378
15.510 1.7366
15.520 1.7355
15.530 1.7344
15.540 1.7333
15.550 1.7321
15.560 1.7310
15.570 1.7299
15.580 1.7288
15.590 1.7277
15.600 1.7266
15.610 1.7254
15.620 1.7243
15.630 1.7232
15.640 1.7221
15.650 1.7210
15.660 1.7199
15.670 1.7188
15.680 1.7177
15.690 1.7166
15.700 1.7155
15.710 1.7144
15.720 1.7133
15.730 1.7122
15.740 1.7111
15.750 1.7100
15.760 1.7089
15.770 1.7079
15.780 1.7068
15.790 1.7057
15.800 1.7046
15.810 1.7035
15.820 1.7024
15.830 1.7013
15.840 1.7003
15.850 1.6992
15.860 1.6981
15.870 1.6970
15.880 1.6960
15.890 1.6949
15.900 1.6938
15.910 1.6927
15.920 1.6917
15.930 1.6906
15.940 1.6895
15.950 1.6885
15.960 1.6874
15.970 1.6864
15.980 1.6853
15.990 1.6842
16.000 1.6832
16.010 1.6821
16.020 1.6811
16.030 1.6800
16.040 1.6790
16.050 1.6779
16.060 1.6769
16.070 1.6758
16.080 1.6748
16.090 1.6737
16.100 1.6727
16.110 1.6716
16.120 1.6706
16.130 1.6695
16.140 1.6685
16.150 1.6675
16.160 1.6664
16.170 1.6654
16.180 1.6644
16.190 1.6633
16.200 1.6623
16.210 1.6613
16.220 1.6602
16.230 1.6592
16.240 1.6582
16.250 1.6571
16.260 1.6561
16.270 1.6551
16.280 1.6541
16.290 1.6531
16.300 1.6520
16.310 1.6510
16.320 1.6500
16.330 1.6490
16.340 1.6480
16.350 1.6470
16.360 1.6459
16.370 1.6449
16.380 1.6439
16.390 1.6429
16.400 1.6419
16.410 1.6409
16.420 1.6399
16.430 1.6389
16.440 1.6379
16.450 1.6369
16.460 1.6359
16.470 1.6349
16.480 1.6339
16.490 1.6329
16.500 1.6319
16.510 1.6309
16.520 1.6299
16.530 1.6289
16.540 1.6279
16.550 1.6270
16.560 1.6260
16.570 1.6250
16.580 1.6240
16.590 1.6230
16.600 1.6220
16.610 1.6210
16.620 1.6201
16.630 1.6191
16.640 1.6181
16.650 1.6171
16.660 1.6162
16.670 1.6152
16.680 1.6142
16.690 1.6132
16.700 1.6123
16.710 1.6113
16.720 1.6103
16.730 1.6094
16.740 1.6084
16.750 1.6074
16.760 1.6065
16.770 1.6055
16.780 1.6045
16.790 1.6036
16.800 1.6026
16.810 1.6017
16.820 1.6007
16.830 1.5997
16.840 1.5988
16.850 1.5978
16.860 1.5969
16.870 1.5959
16.880 1.5950
16.890 1.5940
16.900 1.5931
16.910 1.5921
16.920 1.5912
16.930 1.5902
16.940 1.5893
16.950 1.5884
16.960 1.5874
16.970 1.5865
16.980 1.5855
16.990 1.5846
17.000 1.5837
17.010 1.5827
17.020 1.5818
17.030 1.5809
17.040 1.5799
17.050 1.5790
17.060 1.5781
17.070 1.5771
17.080 1.5762
17.090 1.5753
17.100 1.5743
17.110 1.5734
17.120 1.5725
17.130 1.5716
17.140 1.5707
17.150 1.5697
17.160 1.5688
17.170 1.5679
17.180 1.5670
17.190 1.5661
17.200 1.5651
17.210 1.5642
17.220 1.5633
17.230 1.5624
17.240 1.5615
17.250 1.5606
17.260 1.5597
17.270 1.5588
17.280 1.5579
17.290 1.5570
17.300 1.5560
17.310 1.5551
17.320 1.5542
17.330 1.5533
17.340 1.5524
17.350 1.5515
17.360 1.5506
17.370 1.5497
17.380 1.5488
17.390 1.5479
17.400 1.5471
17.410 1.5462
17.420 1.5453
17.430 1.5444
17.440 1.5435
17.450 1.5426
17.460 1.5417
17.470 1.5408
17.480 1.5399
17.490 1.5390
17.500 1.5382
17.510 1.5373
17.520 1.5364
17.530 1.5355
17.540 1.5346
17.550 1.5338
17.560 1.5329
17.570 1.5320
17.580 1.5311
17.590 1.5302
17.600 1.5294
17.610 1.5285
17.620 1.5276
17.630 1.5268
17.640 1.5259
17.650 1.5250
17.660 1.5242
17.670 1.5233
17.680 1.5224
17.690 1.5216
17.700 1.5207
17.710 1.5198
17.720 1.5190
17.730 1.5181
17.740 1.5172
17.750 1.5164
17.760 1.5155
17.770 1.5147
17.780 1.5138
17.790 1.5129
17.800 1.5121
17.810 1.5112
17.820 1.5104
17.830 1.5095
17.840 1.5087
17.850 1.5078
17.860 1.5070
17.870 1.5061
17.880 1.5053
17.890 1.5044
17.900 1.5036
17.910 1.5028
17.920 1.5019
17.930 1.5011
17.940 1.5002
17.950 1.4994
17.960 1.4985
17.970 1.4977
17.980 1.4969
17.990 1.4960
18.000 1.4952
18.010 1.4944
18.020 1.4935
18.030 1.4927
18.040 1.4919
18.050 1.4910
18.060 1.4902
18.070 1.4894
18.080 1.4885
18.090 1.4877
18.100 1.4869
18.110 1.4861
18.120 1.4852
18.130 1.4844
18.140 1.4836
18.150 1.4828
18.160 1.4819
18.170 1.4811
18.180 1.4803
18.190 1.4795
18.200 1.4787
18.210 1.4779
18.220 1.4770
18.230 1.4762
18.240 1.4754
18.250 1.4746
18.260 1.4738
18.270 1.4730
18.280 1.4722
18.290 1.4714
18.300 1.4705
18.310 1.4697
18.320 1.4689
18.330 1.4681
18.340 1.4673
18.350 1.4665
18.360 1.4657
18.370 1.4649
18.380 1.4641
18.390 1.4633
18.400 1.4625
18.410 1.4617
18.420 1.4609
18.430 1.4601
18.440 1.4593
18.450 1.4585
18.460 1.4577
18.470 1.4569
18.480 1.4561
18.490 1.4553
18.500 1.4546
18.510 1.4538
18.520 1.4530
18.530 1.4522
18.540 1.4514
18.550 1.4506
18.560 1.4498
18.570 1.4490
18.580 1.4483
18.590 1.4475
18.600 1.4467
18.610 1.4459
18.620 1.4451
18.630 1.4443
18.640 1.4436
18.650 1.4428
18.660 1.4420
18.670 1.4412
18.680 1.4405
18.690 1.4397
18.700 1.4389
18.710 1.4381
18.720 1.4374
18.730 1.4366
18.740 1.4358
18.750 1.4350
18.760 1.4343
18.770 1.4335
18.780 1.4327
18.790 1.4320
18.800 1.4312
18.810 1.4304
18.820 1.4297
18.830 1.4289
18.840 1.4282
18.850 1.4274
18.860 1.4266
18.870 1.4259
18.880 1.4251
18.890 1.4244
18.900 1.4236
18.910 1.4228
18.920 1.4221
18.930 1.4213
18.940 1.4206
18.950 1.4198
18.960 1.4191
18.970 1.4183
18.980 1.4176
18.990 1.4168
19.000 1.4161
19.010 1.4153
19.020 1.4146
19.030 1.4138
19.040 1.4131
19.050 1.4123
19.060 1.4116
19.070 1.4108
19.080 1.4101
19.090 1.4093
19.100 1.4086
19.110 1.4079
19.120 1.4071
19.130 1.4064
19.140 1.4056
19.150 1.4049
19.160 1.4042
19.170 1.4034
19.180 1.4027
19.190 1.4020
19.200 1.4012
19.210 1.4005
19.220 1.3997
19.230 1.3990
19.240 1.3983
19.250 1.3976
19.260 1.3968
19.270 1.3961
19.280 1.3954
19.290 1.3946
19.300 1.3939
19.310 1.3932
19.320 1.3925
19.330 1.3917
19.340 1.3910
19.350 1.3903
19.360 1.3896
19.370 1.3888
19.380 1.3881
19.390 1.3874
19.400 1.3867
19.410 1.3860
19.420 1.3852
19.430 1.3845
19.440 1.3838
19.450 1.3831
19.460 1.3824
19.470 1.3817
19.480 1.3810
19.490 1.3802
19.500 1.3795
19.510 1.3788
19.520 1.3781
19.530 1.3774
19.540 1.3767
19.550 1.3760
19.560 1.3753
19.570 1.3746
19.580 1.3739
19.590 1.3732
19.600 1.3724
19.610 1.3717
19.620 1.3710
19.630 1.3703
19.640 1.3696
19.650 1.3689
19.660 1.3682
19.670 1.3675
19.680 1.3668
19.690 1.3661
19.700 1.3654
19.710 1.3647
19.720 1.3640
19.730 1.3633
19.740 1.3627
19.750 1.3620
19.760 1.3613
19.770 1.3606
19.780 1.3599
19.790 1.3592
19.800 1.3585
19.810 1.3578
19.820 1.3571
19.830 1.3564
19.840 1.3557
19.850 1.3551
19.860 1.3544
19.870 1.3537
19.880 1.3530
19.890 1.3523
19.900 1.3516
19.910 1.3509
19.920 1.3503
19.930 1.3496
19.940 1.3489
19.950 1.3482
19.960 1.3475
19.970 1.3469
19.980 1.3462
19.990 1.3455
20.000 1.3448
20.100 1.3381
20.110 1.3374
20.120 1.3368
20.130 1.3361
20.140 1.3354
20.150 1.3348
20.160 1.3341
20.170 1.3334
20.180 1.3328
20.190 1.3321
20.200 1.3314
20.210 1.3308
20.220 1.3301
20.230 1.3294
20.240 1.3288
20.250 1.3281
20.260 1.3275
20.270 1.3268
20.280 1.3261
20.290 1.3255
20.300 1.3248
20.310 1.3242
20.320 1.3235
20.330 1.3229
20.340 1.3222
20.350 1.3216
20.360 1.3209
20.370 1.3202
20.380 1.3196
20.390 1.3189
20.400 1.3183
20.410 1.3176
20.420 1.3170
20.430 1.3163
20.440 1.3157
20.450 1.3151
20.460 1.3144
20.470 1.3138
20.480 1.3131
20.490 1.3125
20.500 1.3118
20.510 1.3112
20.520 1.3105
20.530 1.3099
20.540 1.3093
20.550 1.3086
20.560 1.3080
20.570 1.3073
20.580 1.3067
20.590 1.3061
20.600 1.3054
20.610 1.3048
20.620 1.3041
20.630 1.3035
20.640 1.3029
20.650 1.3022
20.660 1.3016
20.670 1.3010
20.680 1.3003
20.690 1.2997
20.700 1.2991
20.710 1.2984
20.720 1.2978
20.730 1.2972
20.740 1.2965
20.750 1.2959
20.760 1.2953
20.770 1.2947
20.780 1.2940
20.790 1.2934
20.800 1.2928
20.810 1.2922
20.820 1.2915
20.830 1.2909
20.840 1.2903
20.850 1.2897
20.860 1.2890
20.870 1.2884
20.880 1.2878
20.890 1.2872
20.900 1.2866
20.910 1.2859
20.920 1.2853
20.930 1.2847
20.940 1.2841
20.950 1.2835
20.960 1.2828
20.970 1.2822
20.980 1.2816
20.990 1.2810
21.000 1.2804
21.010 1.2798
21.020 1.2792
21.030 1.2786
21.040 1.2779
21.050 1.2773
21.060 1.2767
21.070 1.2761
21.080 1.2755
21.090 1.2749
21.100 1.2743
21.110 1.2737
21.120 1.2731
21.130 1.2725
21.140 1.2719
21.150 1.2712
21.160 1.2706
21.170 1.2700
21.180 1.2694
21.190 1.2688
21.200 1.2682
21.210 1.2676
21.220 1.2670
21.230 1.2664
21.240 1.2658
21.250 1.2652
21.260 1.2646
21.270 1.2640
21.280 1.2634
21.290 1.2628
21.300 1.2622
21.310 1.2616
21.320 1.2610
21.330 1.2605
21.340 1.2599
21.350 1.2593
21.360 1.2587
21.370 1.2581
21.380 1.2575
21.390 1.2569
21.400 1.2563
21.410 1.2557
21.420 1.2551
21.430 1.2545
21.440 1.2539
21.450 1.2534
21.460 1.2528
21.470 1.2522
21.480 1.2516
21.490 1.2510
21.500 1.2504
21.510 1.2498
21.520 1.2492
21.530 1.2487
21.540 1.2481
21.550 1.2475
21.560 1.2469
21.570 1.2463
21.580 1.2458
21.590 1.2452
21.600 1.2446
21.610 1.2440
21.620 1.2434
21.630 1.2429
21.640 1.2423
21.650 1.2417
21.660 1.2411
21.670 1.2405
21.680 1.2400
21.690 1.2394
21.700 1.2388
21.710 1.2382
21.720 1.2377
21.730 1.2371
21.740 1.2365
21.750 1.2360
21.760 1.2354
21.770 1.2348
21.780 1.2342
21.790 1.2337
21.800 1.2331
21.810 1.2325
21.820 1.2320
21.830 1.2314
21.840 1.2308
21.850 1.2303
21.860 1.2297
21.870 1.2291
21.880 1.2286
21.890 1.2280
21.900 1.2274
21.910 1.2269
21.920 1.2263
21.930 1.2257
21.940 1.2252
21.950 1.2246
21.960 1.2241
21.970 1.2235
21.980 1.2229
21.990 1.2224
22.000 1.2218
22.010 1.2213
22.020 1.2207
22.030 1.2201
22.040 1.2196
22.050 1.2190
22.060 1.2185
22.070 1.2179
22.080 1.2174
22.090 1.2168
22.100 1.2162
22.110 1.2157
22.120 1.2151
22.130 1.2146
22.140 1.2140
22.150 1.2135
22.160 1.2129
22.170 1.2124
22.180 1.2118
22.190 1.2113
22.200 1.2107
22.210 1.2102
22.220 1.2096
22.230 1.2091
22.240 1.2085
22.250 1.2080
22.260 1.2074
22.270 1.2069
22.280 1.2064
22.290 1.2058
22.300 1.2053
22.310 1.2047
22.320 1.2042
22.330 1.2036
22.340 1.2031
22.350 1.2025
22.360 1.2020
22.370 1.2015
22.380 1.2009
22.390 1.2004
22.400 1.1998
22.410 1.1993
22.420 1.1988
22.430 1.1982
22.440 1.1977
22.450 1.1972
22.460 1.1966
22.470 1.1961
22.480 1.1955
22.490 1.1950
22.500 1.1945
22.510 1.1939
22.520 1.1934
22.530 1.1929
22.540 1.1923
22.550 1.1918
22.560 1.1913
22.570 1.1907
22.580 1.1902
22.590 1.1897
22.600 1.1892
22.610 1.1886
22.620 1.1881
22.630 1.1876
22.640 1.1870
22.650 1.1865
22.660 1.1860
22.670 1.1855
22.680 1.1849
22.690 1.1844
22.700 1.1839
22.710 1.1834
22.720 1.1828
22.730 1.1823
22.740 1.1818
22.750 1.1813
22.760 1.1807
22.770 1.1802
22.780 1.1797
22.790 1.1792
22.800 1.1787
22.810 1.1781
22.820 1.1776
22.830 1.1771
22.840 1.1766
22.850 1.1761
22.860 1.1755
22.870 1.1750
22.880 1.1745
22.890 1.1740
22.900 1.1735
22.910 1.1730
22.920 1.1724
22.930 1.1719
22.940 1.1714
22.950 1.1709
22.960 1.1704
22.970 1.1699
22.980 1.1694
22.990 1.1688
23.000 1.1683
23.010 1.1678
23.020 1.1673
23.030 1.1668
23.040 1.1663
23.050 1.1658
23.060 1.1653
23.070 1.1648
23.080 1.1643
23.090 1.1637
23.100 1.1632
23.110 1.1627
23.120 1.1622
23.130 1.1617
23.140 1.1612
23.150 1.1607
23.160 1.1602
23.170 1.1597
23.180 1.1592
23.190 1.1587
23.200 1.1582
23.210 1.1577
23.220 1.1572
23.230 1.1567
23.240 1.1562
23.250 1.1557
23.260 1.1552
23.270 1.1547
23.280 1.1542
23.290 1.1537
23.300 1.1532
23.310 1.1527
23.320 1.1522
23.330 1.1517
23.340 1.1512
23.350 1.1507
23.360 1.1502
23.370 1.1497
23.380 1.1492
23.390 1.1487
23.400 1.1482
23.410 1.1477
23.420 1.1472
23.430 1.1467
23.440 1.1462
23.450 1.1458
23.460 1.1453
23.470 1.1448
23.480 1.1443
23.490 1.1438
23.500 1.1433
23.510 1.1428
23.520 1.1423
23.530 1.1418
23.540 1.1413
23.550 1.1409
23.560 1.1404
23.570 1.1399
23.580 1.1394
23.590 1.1389
23.600 1.1384
23.610 1.1379
23.620 1.1374
23.630 1.1370
23.640 1.1365
23.650 1.1360
23.660 1.1355
23.670 1.1350
23.680 1.1345
23.690 1.1341
23.700 1.1336
23.710 1.1331
23.720 1.1326
23.730 1.1321
23.740 1.1317
23.750 1.1312
23.760 1.1307
23.770 1.1302
23.780 1.1297
23.790 1.1293
23.800 1.1288
23.810 1.1283
23.820 1.1278
23.830 1.1274
23.840 1.1269
23.850 1.1264
23.860 1.1259
23.870 1.1255
23.880 1.1250
23.890 1.1245
23.900 1.1240
23.910 1.1236
23.920 1.1231
23.930 1.1226
23.940 1.1221
23.950 1.1217
23.960 1.1212
23.970 1.1207
23.980 1.1203
23.990 1.1198
24.000 1.1193
24.010 1.1188
24.020 1.1184
24.030 1.1179
24.040 1.1174
24.050 1.1170
24.060 1.1165
24.070 1.1160
24.080 1.1156
24.090 1.1151
24.100 1.1146
24.110 1.1142
24.120 1.1137
24.130 1.1132
24.140 1.1128
24.150 1.1123
24.160 1.1118
24.170 1.1114
24.180 1.1109
24.190 1.1105
24.200 1.1100
24.210 1.1095
24.220 1.1091
24.230 1.1086
24.240 1.1081
24.250 1.1077
24.260 1.1072
24.270 1.1068
24.280 1.1063
24.290 1.1058
24.300 1.1054
24.310 1.1049
24.320 1.1045
24.330 1.1040
24.340 1.1036
24.350 1.1031
24.360 1.1026
24.370 1.1022
24.380 1.1017
24.390 1.1013
24.400 1.1008
24.410 1.1004
24.420 1.0999
24.430 1.0995
24.440 1.0990
24.450 1.0986
24.460 1.0981
24.470 1.0977
24.480 1.0972
24.490 1.0968
24.500 1.0963
24.510 1.0959
24.520 1.0954
24.530 1.0950
24.540 1.0945
24.550 1.0941
24.560 1.0936
24.570 1.0932
24.580 1.0927
24.590 1.0923
24.600 1.0918
24.610 1.0914
24.620 1.0909
24.630 1.0905
24.640 1.0900
24.650 1.0896
24.660 1.0891
24.670 1.0887
24.680 1.0882
24.690 1.0878
24.700 1.0874
24.710 1.0869
24.720 1.0865
24.730 1.0860
24.740 1.0856
24.750 1.0851
24.760 1.0847
24.770 1.0843
24.780 1.0838
24.790 1.0834
24.800 1.0829
24.810 1.0825
24.820 1.0821
24.830 1.0816
24.840 1.0812
24.850 1.0807
24.860 1.0803
24.870 1.0799
24.880 1.0794
24.890 1.0790
24.900 1.0786
24.910 1.0781
24.920 1.0777
24.930 1.0773
24.940 1.0768
24.950 1.0764
24.960 1.0759
24.970 1.0755
24.980 1.0751
24.990 1.0746
25.000 1.0742
25.100 1.0699
25.110 1.0695
25.120 1.0690
25.130 1.0686
25.140 1.0682
25.150 1.0678
25.160 1.0673
25.170 1.0669
25.180 1.0665
25.190 1.0660
25.200 1.0656
25.210 1.0652
25.220 1.0648
25.230 1.0643
25.240 1.0639
25.250 1.0635
25.260 1.0631
25.270 1.0626
25.280 1.0622
25.290 1.0618
25.300 1.0614
25.310 1.0610
25.320 1.0605
25.330 1.0601
25.340 1.0597
25.350 1.0593
25.360 1.0588
25.370 1.0584
25.380 1.0580
25.390 1.0576
25.400 1.0572
25.410 1.0568
25.420 1.0563
25.430 1.0559
25.440 1.0555
25.450 1.0551
25.460 1.0547
25.470 1.0542
25.480 1.0538
25.490 1.0534
25.500 1.0530
25.510 1.0526
25.520 1.0522
25.530 1.0517
25.540 1.0513
25.550 1.0509
25.560 1.0505
25.570 1.0501
25.580 1.0497
25.590 1.0493
25.600 1.0488
25.610 1.0484
25.620 1.0480
25.630 1.0476
25.640 1.0472
25.650 1.0468
25.660 1.0464
25.670 1.0460
25.680 1.0456
25.690 1.0451
25.700 1.0447
25.710 1.0443
25.720 1.0439
25.730 1.0435
25.740 1.0431
25.750 1.0427
25.760 1.0423
25.770 1.0419
25.780 1.0415
25.790 1.0411
25.800 1.0407
25.810 1.0402
25.820 1.0398
25.830 1.0394
25.840 1.0390
25.850 1.0386
25.860 1.0382
25.870 1.0378
25.880 1.0374
25.890 1.0370
25.900 1.0366
25.910 1.0362
25.920 1.0358
25.930 1.0354
25.940 1.0350
25.950 1.0346
25.960 1.0342
25.970 1.0338
25.980 1.0334
25.990 1.0330
26.000 1.0326
26.010 1.0322
26.020 1.0318
26.030 1.0314
26.040 1.0310
26.050 1.0306
26.060 1.0302
26.070 1.0298
26.080 1.0294
26.090 1.0290
26.100 1.0286
26.110 1.0282
26.120 1.0278
26.130 1.0274
26.140 1.0270
26.150 1.0266
26.160 1.0262
26.170 1.0258
26.180 1.0254
26.190 1.0250
26.200 1.0246
26.210 1.0243
26.220 1.0239
26.230 1.0235
26.240 1.0231
26.250 1.0227
26.260 1.0223
26.270 1.0219
26.280 1.0215
26.290 1.0211
26.300 1.0207
26.310 1.0203
26.320 1.0199
26.330 1.0195
26.340 1.0192
26.350 1.0188
26.360 1.0184
26.370 1.0180
26.380 1.0176
26.390 1.0172
26.400 1.0168
26.410 1.0164
26.420 1.0160
26.430 1.0157
26.440 1.0153
26.450 1.0149
26.460 1.0145
26.470 1.0141
26.480 1.0137
26.490 1.0133
26.500 1.0130
26.510 1.0126
26.520 1.0122
26.530 1.0118
26.540 1.0114
26.550 1.0110
26.560 1.0106
26.570 1.0103
26.580 1.0099
26.590 1.0095
26.600 1.0091
26.610 1.0087
26.620 1.0084
26.630 1.0080
26.640 1.0076
26.650 1.0072
26.660 1.0068
26.670 1.0064
26.680 1.0061
26.690 1.0057
26.700 1.0053
26.710 1.0049
26.720 1.0045
26.730 1.0042
26.740 1.0038
26.750 1.0034
26.760 1.0030
26.770 1.0027
26.780 1.0023
26.790 1.0019
26.800 1.0015
26.810 1.0012
26.820 1.0008
26.830 1.0004
26.840 1.0000
26.850 0.99965
26.860 0.99927
26.870 0.99890
26.880 0.99852
26.890 0.99815
26.900 0.99777
26.910 0.99740
26.920 0.99703
26.930 0.99665
26.940 0.99628
26.950 0.99591
26.960 0.99554
26.970 0.99516
26.980 0.99479
26.990 0.99442
27.000 0.99405
27.010 0.99368
27.020 0.99331
27.030 0.99294
27.040 0.99257
27.050 0.99220
27.060 0.99183
27.070 0.99146
27.080 0.99109
27.090 0.99072
27.100 0.99035
27.110 0.98998
27.120 0.98962
27.130 0.98925
27.140 0.98888
27.150 0.98851
27.160 0.98815
27.170 0.98778
27.180 0.98741
27.190 0.98705
27.200 0.98668
27.210 0.98632
27.220 0.98595
27.230 0.98559
27.240 0.98522
27.250 0.98486
27.260 0.98449
27.270 0.98413
27.280 0.98377
27.290 0.98340
27.300 0.98304
27.310 0.98268
27.320 0.98231
27.330 0.98195
27.340 0.98159
27.350 0.98123
27.360 0.98087
27.370 0.98050
27.380 0.98014
27.390 0.97978
27.400 0.97942
27.410 0.97906
27.420 0.97870
27.430 0.97834
27.440 0.97798
27.450 0.97762
27.460 0.97727
27.470 0.97691
27.480 0.97655
27.490 0.97619
27.500 0.97583
27.510 0.97547
27.520 0.97512
27.530 0.97476
27.540 0.97440
27.550 0.97405
27.560 0.97369
27.570 0.97333
27.580 0.97298
27.590 0.97262
27.600 0.97227
27.610 0.97191
27.620 0.97156
27.630 0.97120
27.640 0.97085
27.650 0.97050
27.660 0.97014
27.670 0.96979
27.680 0.96944
27.690 0.96908
27.700 0.96873
27.710 0.96838
27.720 0.96803
27.730 0.96767
27.740 0.96732
27.750 0.96697
27.760 0.96662
27.770 0.96627
27.780 0.96592
27.790 0.96557
27.800 0.96522
27.810 0.96487
27.820 0.96452
27.830 0.96417
27.840 0.96382
27.850 0.96347
27.860 0.96312
27.870 0.96277
27.880 0.96242
27.890 0.96208
27.900 0.96173
27.910 0.96138
27.920 0.96103
27.930 0.96069
27.940 0.96034
27.950 0.95999
27.960 0.95965
27.970 0.95930
27.980 0.95896
27.990 0.95861
28.000 0.95827
28.010 0.95792
28.020 0.95758
28.030 0.95723
28.040 0.95689
28.050 0.95654
28.060 0.95620
28.070 0.95586
28.080 0.95551
28.090 0.95517
28.100 0.95483
28.110 0.95449
28.120 0.95414
28.130 0.95380
28.140 0.95346
28.150 0.95312
28.160 0.95278
28.170 0.95244
28.180 0.95210
28.190 0.95175
28.200 0.95141
28.210 0.95107
28.220 0.95073
28.230 0.95040
28.240 0.95006
28.250 0.94972
28.260 0.94938
28.270 0.94904
28.280 0.94870
28.290 0.94836
28.300 0.94802
28.310 0.94769
28.320 0.94735
28.330 0.94701
28.340 0.94668
28.350 0.94634
28.360 0.94600
28.370 0.94567
28.380 0.94533
28.390 0.94499
28.400 0.94466
28.410 0.94432
28.420 0.94399
28.430 0.94365
28.440 0.94332
28.450 0.94299
28.460 0.94265
28.470 0.94232
28.480 0.94198
28.490 0.94165
28.500 0.94132
28.510 0.94098
28.520 0.94065
28.530 0.94032
28.540 0.93999
28.550 0.93965
28.560 0.93932
28.570 0.93899
28.580 0.93866
28.590 0.93833
28.600 0.93800
28.610 0.93767
28.620 0.93734
28.630 0.93701
28.640 0.93668
28.650 0.93635
28.660 0.93602
28.670 0.93569
28.680 0.93536
28.690 0.93503
28.700 0.93470
28.710 0.93437
28.720 0.93405
28.730 0.93372
28.740 0.93339
28.750 0.93306
28.760 0.93274
28.770 0.93241
28.780 0.93208
28.790 0.93176
28.800 0.93143
28.810 0.93110
28.820 0.93078
28.830 0.93045
28.840 0.93013
28.850 0.92980
28.860 0.92948
28.870 0.92915
28.880 0.92883
28.890 0.92850
28.900 0.92818
28.910 0.92786
28.920 0.92753
28.930 0.92721
28.940 0.92689
28.950 0.92656
28.960 0.92624
28.970 0.92592
28.980 0.92560
28.990 0.92527
29.000 0.92495
29.010 0.92463
29.020 0.92431
29.030 0.92399
29.040 0.92367
29.050 0.92335
29.060 0.92303
29.070 0.92271
29.080 0.92239
29.090 0.92207
29.100 0.92175
29.110 0.92143
29.120 0.92111
29.130 0.92079
29.140 0.92047
29.150 0.92015
29.160 0.91984
29.170 0.91952
29.180 0.91920
29.190 0.91888
29.200 0.91856
29.210 0.91825
29.220 0.91793
29.230 0.91761
29.240 0.91730
29.250 0.91698
29.260 0.91667
29.270 0.91635
29.280 0.91603
29.290 0.91572
29.300 0.91540
29.310 0.91509
29.320 0.91477
29.330 0.91446
29.340 0.91414
29.350 0.91383
29.360 0.91352
29.370 0.91320
29.380 0.91289
29.390 0.91258
29.400 0.91226
29.410 0.91195
29.420 0.91164
29.430 0.91133
29.440 0.91101
29.450 0.91070
29.460 0.91039
29.470 0.91008
29.480 0.90977
29.490 0.90946
29.500 0.90914
29.510 0.90883
29.520 0.90852
29.530 0.90821
29.540 0.90790
29.550 0.90759
29.560 0.90728
29.570 0.90697
29.580 0.90666
29.590 0.90636
29.600 0.90605
29.610 0.90574
29.620 0.90543
29.630 0.90512
29.640 0.90481
29.650 0.90451
29.660 0.90420
29.670 0.90389
29.680 0.90358
29.690 0.90328
29.700 0.90297
29.710 0.90266
29.720 0.90236
29.730 0.90205
29.740 0.90175
29.750 0.90144
29.760 0.90113
29.770 0.90083
29.780 0.90052
29.790 0.90022
29.800 0.89991
29.810 0.89961
29.820 0.89931
29.830 0.89900
29.840 0.89870
29.850 0.89839
29.860 0.89809
29.870 0.89779
29.880 0.89748
29.890 0.89718
29.900 0.89688
29.910 0.89658
29.920 0.89627
29.930 0.89597
29.940 0.89567
29.950 0.89537
29.960 0.89507
29.970 0.89477
29.980 0.89446
29.990 0.89416
30.000 0.89386
