120,30,0.0965692,0.0933239,0.103361,10.6199,10.6499,13.2261040249
150,30,0.71498,0.718068,0.740897,23.1979,23.8343,25.4653982414
180,30,0.864744,0.849607,0.869737,25.8733,26.4597,29.0024617215
210,30,0.924827,0.908914,0.924528,27.3582,27.8351,30.2875770395
240,30,0.958261,0.941818,0.953998,28.2589,28.6399,31.433980423
270,30,0.977638,0.961922,0.971611,28.8366,29.1429,31.8993794034
300,30,0.991921,0.974964,0.982825,29.2225,29.4718,32.4564116346
330,30,0.997947,0.983787,0.990283,29.4886,29.6947,32.2445177968
360,30,1.00357,0.989942,0.995422,29.6766,29.8495,32.5763661884
390,30,1.00841,0.994337,0.99902,29.8121,29.9596,32.8775226627
90,30,0.110836,0.102356,0,1.42195,0,6.71177623189
