120,1,0.998719,0.985716,0.986556,0.985884,0.354996,1.0704897563
150,1,1.00241,0.991995,0.992964,0.992042,0.794476,1.04108353011
180,1,1.00785,0.99514,0.995916,0.995155,0.881989,1.06341167657
210,1,1.00999,0.996899,0.997502,0.996903,0.927838,1.05411531437
240,1,1.00846,0.997961,0.998438,0.997961,0.954665,1.058373145
270,1,1.01076,0.998637,0.99903,0.998637,0.971429,1.05452151806
300,1,1.01173,0.999087,0.999382,0.999087,0.982393,1.05874374152
330,1,1.01074,0.999397,0.999634,0.999396,0.989824,1.04614338216
360,1,1.01062,0.999614,0.999809,0.999614,0.994984,1.05189740547
390,1,1.01321,0.999771,0.999957,0.99977,0.998652,1.0541362908
90,1,0.982034,0.970784,0,0.97154,0,0.912646270473
