AR
AR
66
#TEMP #PRES #V #DENSITY
090.0 00.1 7955062.41581 0.00054
120.0 00.1 10633945.89080 0.00041
150.0 00.1 13258661.33154 0.00033
180.0 00.1 15981807.75120 0.00027
210.0 00.1 18581274.51412 0.00023
240.0 00.1 21291413.53197 0.00020
270.0 00.1 23898679.97577 0.00018
300.0 00.1 26586558.96429 0.00016
330.0 00.1 29145913.49476 0.00015
360.0 00.1 31853964.18634 0.00014
390.0 00.1 34479947.27625 0.00013
090.0 01.0 773312.23836 0.00558
120.0 01.0 1048600.81100 0.00411
150.0 01.0 1315595.06860 0.00328
180.0 01.0 1587275.27754 0.00272
210.0 01.0 1855756.34041 0.00232
240.0 01.0 2117661.67415 0.00204
270.0 01.0 2387787.90051 0.00181
300.0 01.0 2655660.37967 0.00162
330.0 01.0 2918351.09575 0.00148
360.0 01.0 3183296.71571 0.00135
390.0 01.0 3457400.37634 0.00125
090.0 05.0 128306.13674 0.03403
120.0 05.0 197461.07027 0.02189
150.0 05.0 255889.54267 0.01687
180.0 05.0 311587.31671 0.01385
210.0 05.0 366574.37391 0.01177
240.0 05.0 421591.99649 0.01023
270.0 05.0 475622.83720 0.00907
300.0 05.0 530137.57415 0.00814
330.0 05.0 583169.46980 0.00739
360.0 05.0 636735.10439 0.00677
390.0 05.0 690659.22794 0.00624
090.0 10.0 3021.17343 1.40596
120.0 10.0 89298.88352 0.04864
150.0 10.0 122469.84067 0.03531
180.0 10.0 152011.55636 0.02842
210.0 10.0 180637.97264 0.02389
240.0 10.0 209002.59253 0.02063
270.0 10.0 236499.30523 0.01823
300.0 10.0 263274.25974 0.01638
330.0 10.0 290695.11525 0.01483
360.0 10.0 317695.62026 0.01357
390.0 10.0 345367.11529 0.01249
090.0 20.0 2948.28044 1.44068
120.0 20.0 3305.21673 1.28761
150.0 20.0 54927.08784 0.07913
180.0 20.0 72193.00843 0.05994
210.0 20.0 87572.51506 0.04935
240.0 20.0 102570.70246 0.04208
270.0 20.0 116828.82259 0.03693
300.0 20.0 130890.84943 0.03296
330.0 20.0 144835.97096 0.02978
360.0 20.0 158486.40949 0.02721
390.0 20.0 172076.36924 0.02505
090.0 30.0 2909.28409 1.45981
120.0 30.0 3379.74934 1.25888
150.0 30.0 31278.75376 0.14116
180.0 30.0 45396.75645 0.09555
210.0 30.0 56642.78071 0.07634
240.0 30.0 67074.84554 0.06439
270.0 30.0 76985.00906 0.05609
300.0 30.0 86788.67220 0.04970
330.0 30.0 96047.45360 0.04492
360.0 30.0 105369.81246 0.04093
390.0 30.0 114701.05113 0.03759
