100,20,0.996151,0.971425,0.998034,19.3717,19.9238,21.5315072667
140,20,1.01762,0.993932,1.0113,19.8506,20.3336,22.02951066
180,20,1.02158,1.00145,1.0138,20.0144,20.4139,22.145067245
20,20,0.217177,0.266799,0.333998,1.03211,1.02411,0.877070235656
220,20,1.02491,1.00441,1.01369,20.08,20.412,22.4562939871
260,20,1.02506,1.00563,1.01289,20.1076,20.3878,22.2403807067
300,20,1.0234,1.00608,1.01189,20.1186,20.3586,22.0752045878
340,20,1.02087,1.00618,1.01091,20.1216,20.3297,21.9252546075
380,20,1.02035,1.00611,1.01008,20.1208,20.3033,22.1505467098
420,20,1.02099,1.00595,1.00928,20.1181,20.2797,22.0598305141
60,20,1.20922,0.868338,0,17.3755,0,20.6247138841
