170,5,0.861106,0.857587,0.0161677,4.37584,0.277099,4.70615140963
190,5,0.908929,0.895313,0.0152034,4.52339,0.506397,4.91885014816
210,5,0.93588,0.920132,0.920698,4.62737,1.24709,5.02290229934
230,5,0.953492,0.937442,0.940753,4.70317,2.21305,5.10528688533
250,5,0.967952,0.950015,0.954186,4.75995,3.2316,5.16644679454
270,5,0.975876,0.95943,0.963734,4.8034,3.95328,5.18231223544
290,5,0.980671,0.966652,0.970789,4.83729,4.15791,5.20030871415
310,5,0.986108,0.972302,0.976127,4.86414,4.31101,5.28006928558
330,5,0.991696,0.976795,0.980283,4.8857,4.42972,5.29059135759
350,5,0.994175,0.980419,0.983581,4.90322,4.52383,5.35029761402
370,5,0.998872,0.983376,0.986209,4.9176,4.59962,5.31414281513
