170,1,0.985103,0.974304,0.971415,0.974891,0.0554197,0.899050315847
190,1,0.993562,0.980466,0.979867,0.980799,0.101279,1.05056026374
210,1,0.997922,0.984785,0.985142,0.984982,0.249418,1.06324275304
230,1,1.00207,0.987917,0.988651,0.988037,0.44261,1.04670304023
250,1,1.00389,0.990251,0.991112,0.990327,0.646319,1.04612613794
270,1,1.0032,0.992031,0.992937,0.99208,0.790657,1.04710954308
290,1,1.0048,0.993415,0.994259,0.993446,0.831583,1.04703290322
310,1,1.00842,0.994508,0.995291,0.994529,0.862203,1.05680148002
330,1,1.00682,0.995384,0.996088,0.995398,0.885944,1.05518245285
350,1,1.01068,0.996095,0.996725,0.996104,0.904765,1.0632282339
370,1,1.00884,0.996678,0.997259,0.996683,0.919924,1.05336988686
