170,30,0.10334,0.0864761,0.0965759,1.35904,1.66259,7.18459359958
190,30,0.0977113,0.0815369,0.0906645,3.39784,3.03838,11.9117883973
210,30,0.0954925,0.0787327,0.0867094,6.92787,7.48253,13.0336701413
230,30,0.0930316,0.0782713,0.0847011,12.1333,13.2783,20.8475400688
250,30,0.129997,0.589765,0.0853218,21.5332,19.3896,23.0677332773
270,30,0.743481,0.711175,0.729084,23.1593,23.7197,26.0514254136
290,30,0.809704,0.777685,0.797937,24.3634,24.9475,27.2762428468
310,30,0.84912,0.822635,0.842078,25.3003,25.8661,28.5223042861
330,30,0.88457,0.855435,0.873369,26.0471,26.5783,29.2194575201
350,30,0.906993,0.880423,0.896718,26.6522,27.143,30.0808011816
370,30,0.925411,0.900013,0.914736,27.1487,27.5977,30.3573061603
