0.10000 213.34 0.0982468031388
0.11000 193.94 0.108071483453
0.12000 177.78 0.117896163767
0.13000 164.10 0.12772084408
0.14000 152.38 0.137545524394
0.15000 142.22 0.147370204708
0.16000 133.33 0.157194885022
0.17000 125.49 0.167019565336
0.18000 118.51 0.17684424565
0.19000 112.28 0.186668925964
0.20000 106.66 0.196493606278
0.21000 101.58 0.206318286592
0.22000 96.964 0.216142966905
0.23000 92.747 0.225967647219
0.24000 88.882 0.235792327533
0.25000 85.327 0.245617007847
0.26000 82.044 0.255441688161
0.27000 79.005 0.265266368475
0.28000 76.183 0.275091048789
0.29000 73.555 0.284915729103
0.30000 71.103 0.294740409416
0.31000 68.809 0.30456508973
0.32000 66.658 0.314389770044
0.33000 64.638 0.324214450358
0.34000 62.737 0.334039130672
0.35000 60.944 0.343863810986
0.36000 59.250 0.3536884913
0.37000 57.649 0.363513171614
0.38000 56.131 0.373337851928
0.39000 54.692 0.383162532241
0.40000 53.324 0.392987212555
0.41000 52.023 0.402811892869
0.42000 50.784 0.412636573183
0.43000 49.603 0.422461253497
0.44000 48.475 0.432285933811
0.45000 47.398 0.442110614125
0.46000 46.367 0.451935294439
0.47000 45.380 0.461759974752
0.48000 44.434 0.471584655066
0.49000 43.527 0.48140933538
0.50000 42.656 0.491234015694
0.51000 41.820 0.501058696008
0.52000 41.015 0.510883376322
0.53000 40.241 0.520708056636
0.54000 39.496 0.53053273695
0.55000 38.777 0.540357417264
0.56000 38.085 0.550182097577
0.57000 37.416 0.560006777891
0.58000 36.771 0.569831458205
0.59000 36.147 0.579656138519
0.60000 35.545 0.589480818833
0.61000 34.962 0.599305499147
0.62000 34.398 0.609130179461
0.63000 33.852 0.618954859775
0.64000 33.322 0.628779540088
0.65000 32.810 0.638604220402
0.66000 32.312 0.648428900716
0.67000 31.830 0.65825358103
0.68000 31.361 0.668078261344
0.69000 30.907 0.677902941658
0.70000 30.465 0.687727621972
0.71000 30.036 0.697552302286
0.72000 29.618 0.707376982599
0.73000 29.212 0.717201662913
0.74000 28.818 0.727026343227
0.75000 28.433 0.736851023541
0.76000 28.059 0.746675703855
0.77000 27.694 0.756500384169
0.78000 27.339 0.766325064483
0.79000 26.993 0.776149744797
0.80000 26.655 0.785974425111
0.81000 26.326 0.795799105424
0.82000 26.005 0.805623785738
0.83000 25.691 0.815448466052
0.84000 25.385 0.825273146366
0.85000 25.086 0.83509782668
0.86000 24.795 0.844922506994
0.87000 24.509 0.854747187308
0.88000 24.231 0.864571867622
0.89000 23.958 0.874396547935
0.90000 23.692 0.884221228249
0.91000 23.432 0.894045908563
0.92000 23.177 0.903870588877
0.93000 22.927 0.913695269191
0.94000 22.683 0.923519949505
0.95000 22.444 0.933344629819
0.96000 22.210 0.943169310133
0.97000 21.981 0.952993990447
0.98000 21.757 0.96281867076
0.99000 21.537 0.972643351074
1.0000 21.321 0.982468031388
1.0100 21.110 0.992292711702
1.0200 20.903 1.00211739202
1.0300 20.700 1.01194207233
1.0400 20.501 1.02176675264
1.0500 20.306 1.03159143296
1.0600 20.114 1.04141611327
1.0700 19.926 1.05124079359
1.0800 19.741 1.0610654739
1.0900 19.560 1.07089015421
1.1000 19.382 1.08071483453
1.1100 19.207 1.09053951484
1.1200 19.036 1.10036419515
1.1300 18.867 1.11018887547
1.1400 18.701 1.12001355578
1.1500 18.539 1.1298382361
1.1600 18.379 1.13966291641
1.1700 18.222 1.14948759672
1.1800 18.067 1.15931227704
1.1900 17.915 1.16913695735
1.2000 17.766 1.17896163767
1.2100 17.619 1.18878631798
1.2200 17.474 1.19861099829
1.2300 17.332 1.20843567861
1.2400 17.192 1.21826035892
1.2500 17.054 1.22808503924
1.2600 16.919 1.23790971955
1.2700 16.786 1.24773439986
1.2800 16.654 1.25755908018
1.2900 16.525 1.26738376049
1.3000 16.398 1.2772084408
1.3100 16.273 1.28703312112
1.3200 16.149 1.29685780143
1.3300 16.028 1.30668248175
1.3400 15.908 1.31650716206
1.3500 15.790 1.32633184237
1.3600 15.674 1.33615652269
1.3700 15.559 1.345981203
1.3800 15.447 1.35580588332
1.3900 15.335 1.36563056363
1.4000 15.226 1.37545524394
1.4100 15.118 1.38527992426
1.4200 15.011 1.39510460457
1.4300 14.906 1.40492928489
1.4400 14.802 1.4147539652
1.4500 14.700 1.42457864551
1.4600 14.600 1.43440332583
1.4700 14.500 1.44422800614
1.4800 14.402 1.45405268645
1.4900 14.305 1.46387736677
1.5000 14.210 1.47370204708
1.5100 14.116 1.4835267274
1.5200 14.023 1.49335140771
1.5300 13.931 1.50317608802
1.5400 13.840 1.51300076834
1.5500 13.751 1.52282544865
1.5600 13.663 1.53265012897
1.5700 13.576 1.54247480928
1.5800 13.490 1.55229948959
1.5900 13.405 1.56212416991
1.6000 13.321 1.57194885022
1.6100 13.238 1.58177353053
1.6200 13.156 1.59159821085
1.6300 13.075 1.60142289116
1.6400 12.996 1.61124757148
1.6500 12.917 1.62107225179
1.6600 12.839 1.6308969321
1.6700 12.762 1.64072161242
1.6800 12.686 1.65054629273
1.6900 12.611 1.66037097305
1.7000 12.537 1.67019565336
1.7100 12.463 1.68002033367
1.7200 12.391 1.68984501399
1.7300 12.319 1.6996696943
1.7400 12.248 1.70949437462
1.7500 12.178 1.71931905493
1.7600 12.109 1.72914373524
1.7700 12.040 1.73896841556
1.7800 11.972 1.74879309587
1.7900 11.906 1.75861777618
1.8000 11.839 1.7684424565
1.8100 11.774 1.77826713681
1.8200 11.709 1.78809181713
1.8300 11.645 1.79791649744
1.8400 11.582 1.80774117775
1.8500 11.519 1.81756585807
1.8600 11.457 1.82739053838
1.8700 11.396 1.8372152187
1.8800 11.335 1.84703989901
1.8900 11.275 1.85686457932
1.9000 11.215 1.86668925964
1.9100 11.157 1.87651393995
1.9200 11.098 1.88633862027
1.9300 11.041 1.89616330058
1.9400 10.984 1.90598798089
1.9500 10.928 1.91581266121
1.9600 10.872 1.92563734152
1.9700 10.816 1.93546202183
1.9800 10.762 1.94528670215
1.9900 10.708 1.95511138246
2.0000 10.654 1.96493606278
2.0100 10.601 1.97476074309
2.0200 10.548 1.9845854234
2.0300 10.496 1.99441010372
2.0400 10.445 2.00423478403
2.0500 10.394 2.01405946435
2.0600 10.343 2.02388414466
2.0700 10.293 2.03370882497
2.0800 10.244 2.04353350529
2.0900 10.195 2.0533581856
2.1000 10.146 2.06318286592
2.1100 10.098 2.07300754623
2.1200 10.050 2.08283222654
2.1300 10.003 2.09265690686
2.1400 9.9562 2.10248158717
2.1500 9.9098 2.11230626748
2.1600 9.8638 2.1221309478
2.1700 9.8183 2.13195562811
2.1800 9.7732 2.14178030843
2.1900 9.7285 2.15160498874
2.2000 9.6843 2.16142966905
2.2100 9.6404 2.17125434937
2.2200 9.5969 2.18107902968
2.2300 9.5538 2.19090371
2.2400 9.5111 2.20072839031
2.2500 9.4688 2.21055307062
2.2600 9.4268 2.22037775094
2.2700 9.3852 2.23020243125
2.2800 9.3440 2.24002711157
2.2900 9.3031 2.24985179188
2.3000 9.2626 2.25967647219
2.3100 9.2225 2.26950115251
2.3200 9.1827 2.27932583282
2.3300 9.1432 2.28915051313
2.3400 9.1041 2.29897519345
2.3500 9.0653 2.30879987376
2.3600 9.0268 2.31862455408
2.3700 8.9886 2.32844923439
2.3800 8.9508 2.3382739147
2.3900 8.9133 2.34809859502
2.4000 8.8761 2.35792327533
2.4100 8.8392 2.36774795565
2.4200 8.8027 2.37757263596
2.4300 8.7664 2.38739731627
2.4400 8.7304 2.39722199659
2.4500 8.6947 2.4070466769
2.4600 8.6593 2.41687135721
2.4700 8.6242 2.42669603753
2.4800 8.5894 2.43652071784
2.4900 8.5548 2.44634539816
2.5000 8.5205 2.45617007847
2.5100 8.4865 2.46599475878
2.5200 8.4528 2.4758194391
2.5300 8.4194 2.48564411941
2.5400 8.3862 2.49546879973
2.5500 8.3532 2.50529348004
2.5600 8.3205 2.51511816035
2.5700 8.2881 2.52494284067
2.5800 8.2559 2.53476752098
2.5900 8.2240 2.5445922013
2.6000 8.1923 2.55441688161
2.6100 8.1609 2.56424156192
2.6200 8.1297 2.57406624224
2.6300 8.0987 2.58389092255
2.6400 8.0680 2.59371560286
2.6500 8.0375 2.60354028318
2.6600 8.0072 2.61336496349
2.6700 7.9772 2.62318964381
2.6800 7.9474 2.63301432412
2.6900 7.9178 2.64283900443
2.7000 7.8884 2.65266368475
2.7100 7.8593 2.66248836506
2.7200 7.8303 2.67231304538
2.7300 7.8016 2.68213772569
2.7400 7.7731 2.691962406
2.7500 7.7447 2.70178708632
2.7600 7.7166 2.71161176663
2.7700 7.6887 2.72143644695
2.7800 7.6610 2.73126112726
2.7900 7.6335 2.74108580757
2.8000 7.6062 2.75091048789
2.8100 7.5791 2.7607351682
2.8200 7.5522 2.77055984851
2.8300 7.5254 2.78038452883
2.8400 7.4989 2.79020920914
2.8500 7.4725 2.80003388946
2.8600 7.4464 2.80985856977
2.8700 7.4204 2.81968325008
2.8800 7.3946 2.8295079304
2.8900 7.3689 2.83933261071
2.9000 7.3435 2.84915729103
2.9100 7.3182 2.85898197134
2.9200 7.2931 2.86880665165
2.9300 7.2681 2.87863133197
2.9400 7.2434 2.88845601228
2.9500 7.2188 2.8982806926
2.9600 7.1943 2.90810537291
2.9700 7.1701 2.91793005322
2.9800 7.1460 2.92775473354
2.9900 7.1220 2.93757941385
3.0000 7.0982 2.94740409416
3.0100 7.0746 2.95722877448
3.0200 7.0511 2.96705345479
3.0300 7.0278 2.97687813511
3.0400 7.0047 2.98670281542
3.0500 6.9817 2.99652749573
3.0600 6.9588 3.00635217605
3.0700 6.9361 3.01617685636
3.0800 6.9135 3.02600153668
3.0900 6.8911 3.03582621699
3.1000 6.8688 3.0456508973
3.1100 6.8467 3.05547557762
3.1200 6.8247 3.06530025793
3.1300 6.8029 3.07512493825
3.1400 6.7812 3.08494961856
3.1500 6.7596 3.09477429887
3.1600 6.7382 3.10459897919
3.1700 6.7169 3.1144236595
3.1800 6.6957 3.12424833981
3.1900 6.6747 3.13407302013
3.2000 6.6538 3.14389770044
3.2100 6.6330 3.15372238076
3.2200 6.6124 3.16354706107
3.2300 6.5919 3.17337174138
3.2400 6.5715 3.1831964217
3.2500 6.5512 3.19302110201
3.2600 6.5311 3.20284578233
3.2700 6.5111 3.21267046264
3.2800 6.4912 3.22249514295
3.2900 6.4714 3.23231982327
3.3000 6.4517 3.24214450358
3.3100 6.4322 3.25196918389
3.3200 6.4128 3.26179386421
3.3300 6.3935 3.27161854452
3.3400 6.3743 3.28144322484
3.3500 6.3553 3.29126790515
3.3600 6.3363 3.30109258546
3.3700 6.3175 3.31091726578
3.3800 6.2987 3.32074194609
3.3900 6.2801 3.33056662641
3.4000 6.2616 3.34039130672
3.4100 6.2432 3.35021598703
3.4200 6.2249 3.36004066735
3.4300 6.2067 3.36986534766
3.4400 6.1886 3.37969002798
3.4500 6.1707 3.38951470829
3.4600 6.1528 3.3993393886
3.4700 6.1350 3.40916406892
3.4800 6.1174 3.41898874923
3.4900 6.0998 3.42881342954
3.5000 6.0823 3.43863810986
3.5100 6.0650 3.44846279017
3.5200 6.0477 3.45828747049
3.5300 6.0305 3.4681121508
3.5400 6.0134 3.47793683111
3.5500 5.9965 3.48776151143
3.5600 5.9796 3.49758619174
3.5700 5.9628 3.50741087206
3.5800 5.9461 3.51723555237
3.5900 5.9295 3.52706023268
3.6000 5.9130 3.536884913
3.6100 5.8966 3.54670959331
3.6200 5.8803 3.55653427363
3.6300 5.8640 3.56635895394
3.6400 5.8479 3.57618363425
3.6500 5.8318 3.58600831457
3.6600 5.8159 3.59583299488
3.6700 5.8000 3.60565767519
3.6800 5.7842 3.61548235551
3.6900 5.7685 3.62530703582
3.7000 5.7528 3.63513171614
3.7100 5.7373 3.64495639645
3.7200 5.7218 3.65478107676
3.7300 5.7065 3.66460575708
3.7400 5.6912 3.67443043739
3.7500 5.6760 3.68425511771
3.7600 5.6608 3.69407979802
3.7700 5.6458 3.70390447833
3.7800 5.6308 3.71372915865
3.7900 5.6159 3.72355383896
3.8000 5.6011 3.73337851928
3.8100 5.5864 3.74320319959
3.8200 5.5717 3.7530278799
3.8300 5.5571 3.76285256022
3.8400 5.5426 3.77267724053
3.8500 5.5282 3.78250192084
3.8600 5.5138 3.79232660116
3.8700 5.4995 3.80215128147
3.8800 5.4853 3.81197596179
3.8900 5.4712 3.8218006421
3.9000 5.4571 3.83162532241
3.9100 5.4432 3.84145000273
3.9200 5.4292 3.85127468304
3.9300 5.4154 3.86109936336
3.9400 5.4016 3.87092404367
3.9500 5.3879 3.88074872398
3.9600 5.3743 3.8905734043
3.9700 5.3607 3.90039808461
3.9800 5.3472 3.91022276492
3.9900 5.3338 3.92004744524
4.0000 5.3204 3.92987212555
4.0100 5.3071 3.93969680587
4.0200 5.2939 3.94952148618
4.0300 5.2807 3.95934616649
4.0400 5.2676 3.96917084681
4.0500 5.2545 3.97899552712
4.0600 5.2416 3.98882020744
4.0700 5.2287 3.99864488775
4.0800 5.2158 4.00846956806
4.0900 5.2030 4.01829424838
4.1000 5.1903 4.02811892869
4.1100 5.1776 4.03794360901
4.1200 5.1650 4.04776828932
4.1300 5.1525 4.05759296963
4.1400 5.1400 4.06741764995
4.1500 5.1276 4.07724233026
4.1600 5.1153 4.08706701057
4.1700 5.1030 4.09689169089
4.1800 5.0907 4.1067163712
4.1900 5.0785 4.11654105152
4.2000 5.0664 4.12636573183
4.2100 5.0543 4.13619041214
4.2200 5.0423 4.14601509246
4.2300 5.0304 4.15583977277
4.2400 5.0185 4.16566445309
4.2500 5.0067 4.1754891334
4.2600 4.9949 4.18531381371
4.2700 4.9831 4.19513849403
4.2800 4.9715 4.20496317434
4.2900 4.9598 4.21478785466
4.3000 4.9483 4.22461253497
4.3100 4.9368 4.23443721528
4.3200 4.9253 4.2442618956
4.3300 4.9139 4.25408657591
4.3400 4.9026 4.26391125622
4.3500 4.8913 4.27373593654
4.3600 4.8800 4.28356061685
4.3700 4.8688 4.29338529717
4.3800 4.8577 4.30320997748
4.3900 4.8466 4.31303465779
4.4000 4.8355 4.32285933811
4.4100 4.8245 4.33268401842
4.4200 4.8136 4.34250869874
4.4300 4.8027 4.35233337905
4.4400 4.7918 4.36215805936
4.4500 4.7810 4.37198273968
4.4600 4.7703 4.38180741999
4.4700 4.7596 4.39163210031
4.4800 4.7489 4.40145678062
4.4900 4.7383 4.41128146093
4.5000 4.7278 4.42110614125
4.5100 4.7173 4.43093082156
4.5200 4.7068 4.44075550187
4.5300 4.6964 4.45058018219
4.5400 4.6860 4.4604048625
4.5500 4.6757 4.47022954282
4.5600 4.6654 4.48005422313
4.5700 4.6552 4.48987890344
4.5800 4.6450 4.49970358376
4.5900 4.6348 4.50952826407
4.6000 4.6247 4.51935294439
4.6100 4.6147 4.5291776247
4.6200 4.6046 4.53900230501
4.6300 4.5947 4.54882698533
4.6400 4.5847 4.55865166564
4.6500 4.5748 4.56847634596
4.6600 4.5650 4.57830102627
4.6700 4.5552 4.58812570658
4.6800 4.5454 4.5979503869
4.6900 4.5357 4.60777506721
4.7000 4.5260 4.61759974752
4.7100 4.5164 4.62742442784
4.7200 4.5068 4.63724910815
4.7300 4.4973 4.64707378847
4.7400 4.4877 4.65689846878
4.7500 4.4783 4.66672314909
4.7600 4.4688 4.67654782941
4.7700 4.4594 4.68637250972
4.7800 4.4501 4.69619719004
4.7900 4.4408 4.70602187035
4.8000 4.4315 4.71584655066
4.8100 4.4222 4.72567123098
4.8200 4.4130 4.73549591129
4.8300 4.4039 4.7453205916
4.8400 4.3947 4.75514527192
4.8500 4.3857 4.76496995223
4.8600 4.3766 4.77479463255
4.8700 4.3676 4.78461931286
4.8800 4.3586 4.79444399317
4.8900 4.3497 4.80426867349
4.9000 4.3408 4.8140933538
4.9100 4.3319 4.82391803412
4.9200 4.3231 4.83374271443
4.9300 4.3143 4.84356739474
4.9400 4.3055 4.85339207506
4.9500 4.2968 4.86321675537
4.9600 4.2881 4.87304143569
4.9700 4.2795 4.882866116
4.9800 4.2708 4.89269079631
4.9900 4.2622 4.90251547663
5.0000 4.2537 4.91234015694
5.1000 4.1700 5.01058696008
5.1100 4.1619 5.02041164039
5.1200 4.1537 5.03023632071
5.1300 4.1456 5.04006100102
5.1400 4.1375 5.04988568134
5.1500 4.1294 5.05971036165
5.1600 4.1214 5.06953504196
5.1700 4.1134 5.07935972228
5.1800 4.1054 5.08918440259
5.1900 4.0975 5.0990090829
5.2000 4.0896 5.10883376322
5.2100 4.0817 5.11865844353
5.2200 4.0739 5.12848312385
5.2300 4.0661 5.13830780416
5.2400 4.0583 5.14813248447
5.2500 4.0505 5.15795716479
5.2600 4.0428 5.1677818451
5.2700 4.0351 5.17760652542
5.2800 4.0274 5.18743120573
5.2900 4.0198 5.19725588604
5.3000 4.0122 5.20708056636
5.3100 4.0046 5.21690524667
5.3200 3.9971 5.22672992699
5.3300 3.9895 5.2365546073
5.3400 3.9820 5.24637928761
5.3500 3.9746 5.25620396793
5.3600 3.9671 5.26602864824
5.3700 3.9597 5.27585332855
5.3800 3.9523 5.28567800887
5.3900 3.9450 5.29550268918
5.4000 3.9376 5.3053273695
5.4100 3.9303 5.31515204981
5.4200 3.9231 5.32497673012
5.4300 3.9158 5.33480141044
5.4400 3.9086 5.34462609075
5.4500 3.9014 5.35445077107
5.4600 3.8942 5.36427545138
5.4700 3.8871 5.37410013169
5.4800 3.8800 5.38392481201
5.4900 3.8729 5.39374949232
5.5000 3.8658 5.40357417264
5.5100 3.8588 5.41339885295
5.5200 3.8518 5.42322353326
5.5300 3.8448 5.43304821358
5.5400 3.8378 5.44287289389
5.5500 3.8309 5.4526975742
5.5600 3.8240 5.46252225452
5.5700 3.8171 5.47234693483
5.5800 3.8102 5.48217161515
5.5900 3.8034 5.49199629546
5.6000 3.7966 5.50182097577
5.6100 3.7898 5.51164565609
5.6200 3.7830 5.5214703364
5.6300 3.7763 5.53129501672
5.6400 3.7695 5.54111969703
5.6500 3.7628 5.55094437734
5.6600 3.7562 5.56076905766
5.6700 3.7495 5.57059373797
5.6800 3.7429 5.58041841828
5.6900 3.7363 5.5902430986
5.7000 3.7297 5.60006777891
5.7100 3.7232 5.60989245923
5.7200 3.7166 5.61971713954
5.7300 3.7101 5.62954181985
5.7400 3.7036 5.63936650017
5.7500 3.6972 5.64919118048
5.7600 3.6907 5.6590158608
5.7700 3.6843 5.66884054111
5.7800 3.6779 5.67866522142
5.7900 3.6715 5.68848990174
5.8000 3.6652 5.69831458205
5.8100 3.6589 5.70813926237
5.8200 3.6526 5.71796394268
5.8300 3.6463 5.72778862299
5.8400 3.6400 5.73761330331
5.8500 3.6338 5.74743798362
5.8600 3.6275 5.75726266393
5.8700 3.6213 5.76708734425
5.8800 3.6152 5.77691202456
5.8900 3.6090 5.78673670488
5.9000 3.6029 5.79656138519
5.9100 3.5967 5.8063860655
5.9200 3.5906 5.81621074582
5.9300 3.5846 5.82603542613
5.9400 3.5785 5.83586010645
5.9500 3.5725 5.84568478676
5.9600 3.5665 5.85550946707
5.9700 3.5605 5.86533414739
5.9800 3.5545 5.8751588277
5.9900 3.5485 5.88498350802
6.0000 3.5426 5.89480818833
6.0100 3.5367 5.90463286864
6.0200 3.5308 5.91445754896
6.0300 3.5249 5.92428222927
6.0400 3.5190 5.93410690958
6.0500 3.5132 5.9439315899
6.0600 3.5074 5.95375627021
6.0700 3.5016 5.96358095053
6.0800 3.4958 5.97340563084
6.0900 3.4901 5.98323031115
6.1000 3.4843 5.99305499147
6.1100 3.4786 6.00287967178
6.1200 3.4729 6.0127043521
6.1300 3.4672 6.02252903241
6.1400 3.4615 6.03235371272
6.1500 3.4559 6.04217839304
6.1600 3.4502 6.05200307335
6.1700 3.4446 6.06182775367
6.1800 3.4390 6.07165243398
6.1900 3.4335 6.08147711429
6.2000 3.4279 6.09130179461
6.2100 3.4224 6.10112647492
6.2200 3.4168 6.11095115523
6.2300 3.4113 6.12077583555
6.2400 3.4058 6.13060051586
6.2500 3.4004 6.14042519618
6.2600 3.3949 6.15024987649
6.2700 3.3895 6.1600745568
6.2800 3.3841 6.16989923712
6.2900 3.3787 6.17972391743
6.3000 3.3733 6.18954859775
6.3100 3.3679 6.19937327806
6.3200 3.3626 6.20919795837
6.3300 3.3572 6.21902263869
6.3400 3.3519 6.228847319
6.3500 3.3466 6.23867199931
6.3600 3.3413 6.24849667963
6.3700 3.3361 6.25832135994
6.3800 3.3308 6.26814604026
6.3900 3.3256 6.27797072057
6.4000 3.3204 6.28779540088
6.4100 3.3152 6.2976200812
6.4200 3.3100 6.30744476151
6.4300 3.3048 6.31726944183
6.4400 3.2997 6.32709412214
6.4500 3.2945 6.33691880245
6.4600 3.2894 6.34674348277
6.4700 3.2843 6.35656816308
6.4800 3.2792 6.3663928434
6.4900 3.2742 6.37621752371
6.5000 3.2691 6.38604220402
6.5100 3.2641 6.39586688434
6.5200 3.2590 6.40569156465
6.5300 3.2540 6.41551624496
6.5400 3.2490 6.42534092528
6.5500 3.2440 6.43516560559
6.5600 3.2391 6.44499028591
6.5700 3.2341 6.45481496622
6.5800 3.2292 6.46463964653
6.5900 3.2243 6.47446432685
6.6000 3.2194 6.48428900716
6.6100 3.2145 6.49411368748
6.6200 3.2096 6.50393836779
6.6300 3.2048 6.5137630481
6.6400 3.1999 6.52358772842
6.6500 3.1951 6.53341240873
6.6600 3.1903 6.54323708905
6.6700 3.1855 6.55306176936
6.6800 3.1807 6.56288644967
6.6900 3.1759 6.57271112999
6.7000 3.1711 6.5825358103
6.7100 3.1664 6.59236049061
6.7200 3.1617 6.60218517093
6.7300 3.1569 6.61200985124
6.7400 3.1522 6.62183453156
6.7500 3.1476 6.63165921187
6.7600 3.1429 6.64148389218
6.7700 3.1382 6.6513085725
6.7800 3.1336 6.66113325281
6.7900 3.1289 6.67095793313
6.8000 3.1243 6.68078261344
6.8100 3.1197 6.69060729375
6.8200 3.1151 6.70043197407
6.8300 3.1105 6.71025665438
6.8400 3.1060 6.7200813347
6.8500 3.1014 6.72990601501
6.8600 3.0969 6.73973069532
6.8700 3.0923 6.74955537564
6.8800 3.0878 6.75938005595
6.8900 3.0833 6.76920473626
6.9000 3.0788 6.77902941658
6.9100 3.0744 6.78885409689
6.9200 3.0699 6.79867877721
6.9300 3.0655 6.80850345752
6.9400 3.0610 6.81832813783
6.9500 3.0566 6.82815281815
6.9600 3.0522 6.83797749846
6.9700 3.0478 6.84780217878
6.9800 3.0434 6.85762685909
6.9900 3.0390 6.8674515394
7.0000 3.0347 6.87727621972
7.0100 3.0303 6.88710090003
7.0200 3.0260 6.89692558035
7.0300 3.0217 6.90675026066
7.0400 3.0174 6.91657494097
7.0500 3.0131 6.92639962129
7.0600 3.0088 6.9362243016
7.0700 3.0045 6.94604898191
7.0800 3.0002 6.95587366223
7.0900 2.9960 6.96569834254
7.1000 2.9918 6.97552302286
7.1100 2.9875 6.98534770317
7.1200 2.9833 6.99517238348
7.1300 2.9791 7.0049970638
7.1400 2.9749 7.01482174411
7.1500 2.9708 7.02464642443
7.1600 2.9666 7.03447110474
7.1700 2.9624 7.04429578505
7.1800 2.9583 7.05412046537
7.1900 2.9542 7.06394514568
7.2000 2.9500 7.07376982599
7.2100 2.9459 7.08359450631
7.2200 2.9418 7.09341918662
7.2300 2.9377 7.10324386694
7.2400 2.9337 7.11306854725
7.2500 2.9296 7.12289322756
7.2600 2.9255 7.13271790788
7.2700 2.9215 7.14254258819
7.2800 2.9175 7.15236726851
7.2900 2.9135 7.16219194882
7.3000 2.9094 7.17201662913
7.3100 2.9055 7.18184130945
7.3200 2.9015 7.19166598976
7.3300 2.8975 7.20149067008
7.3400 2.8935 7.21131535039
7.3500 2.8896 7.2211400307
7.3600 2.8856 7.23096471102
7.3700 2.8817 7.24078939133
7.3800 2.8778 7.25061407164
7.3900 2.8739 7.26043875196
7.4000 2.8700 7.27026343227
7.4100 2.8661 7.28008811259
7.4200 2.8622 7.2899127929
7.4300 2.8583 7.29973747321
7.4400 2.8545 7.30956215353
7.4500 2.8506 7.31938683384
7.4600 2.8468 7.32921151416
7.4700 2.8429 7.33903619447
7.4800 2.8391 7.34886087478
7.4900 2.8353 7.3586855551
7.5000 2.8315 7.36851023541
7.5100 2.8277 7.37833491573
7.5200 2.8240 7.38815959604
7.5300 2.8202 7.39798427635
7.5400 2.8164 7.40780895667
7.5500 2.8127 7.41763363698
7.5600 2.8090 7.42745831729
7.5700 2.8052 7.43728299761
7.5800 2.8015 7.44710767792
7.5900 2.7978 7.45693235824
7.6000 2.7941 7.46675703855
7.6100 2.7904 7.47658171886
7.6200 2.7867 7.48640639918
7.6300 2.7831 7.49623107949
7.6400 2.7794 7.50605575981
7.6500 2.7758 7.51588044012
7.6600 2.7721 7.52570512043
7.6700 2.7685 7.53552980075
7.6800 2.7649 7.54535448106
7.6900 2.7613 7.55517916138
7.7000 2.7576 7.56500384169
7.7100 2.7541 7.574828522
7.7200 2.7505 7.58465320232
7.7300 2.7469 7.59447788263
7.7400 2.7433 7.60430256294
7.7500 2.7398 7.61412724326
7.7600 2.7362 7.62395192357
7.7700 2.7327 7.63377660389
7.7800 2.7292 7.6436012842
7.7900 2.7256 7.65342596451
7.8000 2.7221 7.66325064483
7.8100 2.7186 7.67307532514
7.8200 2.7151 7.68290000546
7.8300 2.7117 7.69272468577
7.8400 2.7082 7.70254936608
7.8500 2.7047 7.7123740464
7.8600 2.7013 7.72219872671
7.8700 2.6978 7.73202340703
7.8800 2.6944 7.74184808734
7.8900 2.6909 7.75167276765
7.9000 2.6875 7.76149744797
7.9100 2.6841 7.77132212828
7.9200 2.6807 7.78114680859
7.9300 2.6773 7.79097148891
7.9400 2.6739 7.80079616922
7.9500 2.6705 7.81062084954
7.9600 2.6672 7.82044552985
7.9700 2.6638 7.83027021016
7.9800 2.6604 7.84009489048
7.9900 2.6571 7.84991957079
8.0000 2.6538 7.85974425111
8.0100 2.6504 7.86956893142
8.0200 2.6471 7.87939361173
8.0300 2.6438 7.88921829205
8.0400 2.6405 7.89904297236
8.0500 2.6372 7.90886765267
8.0600 2.6339 7.91869233299
8.0700 2.6306 7.9285170133
8.0800 2.6274 7.93834169362
8.0900 2.6241 7.94816637393
8.1000 2.6208 7.95799105424
8.1100 2.6176 7.96781573456
8.1200 2.6144 7.97764041487
8.1300 2.6111 7.98746509519
8.1400 2.6079 7.9972897755
8.1500 2.6047 8.00711445581
8.1600 2.6015 8.01693913613
8.1700 2.5983 8.02676381644
8.1800 2.5951 8.03658849676
8.1900 2.5919 8.04641317707
8.2000 2.5887 8.05623785738
8.2100 2.5856 8.0660625377
8.2200 2.5824 8.07588721801
8.2300 2.5792 8.08571189832
8.2400 2.5761 8.09553657864
8.2500 2.5730 8.10536125895
8.2600 2.5698 8.11518593927
8.2700 2.5667 8.12501061958
8.2800 2.5636 8.13483529989
8.2900 2.5605 8.14465998021
8.3000 2.5574 8.15448466052
8.3100 2.5543 8.16430934084
8.3200 2.5512 8.17413402115
8.3300 2.5481 8.18395870146
8.3400 2.5451 8.19378338178
8.3500 2.5420 8.20360806209
8.3600 2.5389 8.21343274241
8.3700 2.5359 8.22325742272
8.3800 2.5329 8.23308210303
8.3900 2.5298 8.24290678335
8.4000 2.5268 8.25273146366
8.4100 2.5238 8.26255614397
8.4200 2.5208 8.27238082429
8.4300 2.5178 8.2822055046
8.4400 2.5148 8.29203018492
8.4500 2.5118 8.30185486523
8.4600 2.5088 8.31167954554
8.4700 2.5058 8.32150422586
8.4800 2.5028 8.33132890617
8.4900 2.4999 8.34115358649
8.5000 2.4969 8.3509782668
8.5100 2.4940 8.36080294711
8.5200 2.4910 8.37062762743
8.5300 2.4881 8.38045230774
8.5400 2.4852 8.39027698806
8.5500 2.4822 8.40010166837
8.5600 2.4793 8.40992634868
8.5700 2.4764 8.419751029
8.5800 2.4735 8.42957570931
8.5900 2.4706 8.43940038962
8.6000 2.4677 8.44922506994
8.6100 2.4649 8.45904975025
8.6200 2.4620 8.46887443057
8.6300 2.4591 8.47869911088
8.6400 2.4563 8.48852379119
8.6500 2.4534 8.49834847151
8.6600 2.4506 8.50817315182
8.6700 2.4477 8.51799783214
8.6800 2.4449 8.52782251245
8.6900 2.4421 8.53764719276
8.7000 2.4392 8.54747187308
8.7100 2.4364 8.55729655339
8.7200 2.4336 8.5671212337
8.7300 2.4308 8.57694591402
8.7400 2.4280 8.58677059433
8.7500 2.4252 8.59659527465
8.7600 2.4224 8.60641995496
8.7700 2.4197 8.61624463527
8.7800 2.4169 8.62606931559
8.7900 2.4141 8.6358939959
8.8000 2.4114 8.64571867622
8.8100 2.4086 8.65554335653
8.8200 2.4059 8.66536803684
8.8300 2.4031 8.67519271716
8.8400 2.4004 8.68501739747
8.8500 2.3977 8.69484207779
8.8600 2.3950 8.7046667581
8.8700 2.3922 8.71449143841
8.8800 2.3895 8.72431611873
8.8900 2.3868 8.73414079904
8.9000 2.3841 8.74396547935
8.9100 2.3814 8.75379015967
8.9200 2.3788 8.76361483998
8.9300 2.3761 8.7734395203
8.9400 2.3734 8.78326420061
8.9500 2.3707 8.79308888092
8.9600 2.3681 8.80291356124
8.9700 2.3654 8.81273824155
8.9800 2.3628 8.82256292187
8.9900 2.3601 8.83238760218
9.0000 2.3575 8.84221228249
9.0100 2.3549 8.85203696281
9.0200 2.3523 8.86186164312
9.0300 2.3496 8.87168632344
9.0400 2.3470 8.88151100375
9.0500 2.3444 8.89133568406
9.0600 2.3418 8.90116036438
9.0700 2.3392 8.91098504469
9.0800 2.3366 8.920809725
9.0900 2.3340 8.93063440532
9.1000 2.3315 8.94045908563
9.1100 2.3289 8.95028376595
9.1200 2.3263 8.96010844626
9.1300 2.3238 8.96993312657
9.1400 2.3212 8.97975780689
9.1500 2.3187 8.9895824872
9.1600 2.3161 8.99940716752
9.1700 2.3136 9.00923184783
9.1800 2.3110 9.01905652814
9.1900 2.3085 9.02888120846
9.2000 2.3060 9.03870588877
9.2100 2.3035 9.04853056909
9.2200 2.3010 9.0583552494
9.2300 2.2985 9.06817992971
9.2400 2.2960 9.07800461003
9.2500 2.2935 9.08782929034
9.2600 2.2910 9.09765397065
9.2700 2.2885 9.10747865097
9.2800 2.2860 9.11730333128
9.2900 2.2835 9.1271280116
9.3000 2.2811 9.13695269191
9.3100 2.2786 9.14677737222
9.3200 2.2761 9.15660205254
9.3300 2.2737 9.16642673285
9.3400 2.2712 9.17625141317
9.3500 2.2688 9.18607609348
9.3600 2.2664 9.19590077379
9.3700 2.2639 9.20572545411
9.3800 2.2615 9.21555013442
9.3900 2.2591 9.22537481474
9.4000 2.2567 9.23519949505
9.4100 2.2542 9.24502417536
9.4200 2.2518 9.25484885568
9.4300 2.2494 9.26467353599
9.4400 2.2470 9.2744982163
9.4500 2.2447 9.28432289662
9.4600 2.2423 9.29414757693
9.4700 2.2399 9.30397225725
9.4800 2.2375 9.31379693756
9.4900 2.2351 9.32362161787
9.5000 2.2328 9.33344629819
9.5100 2.2304 9.3432709785
9.5200 2.2281 9.35309565882
9.5300 2.2257 9.36292033913
9.5400 2.2234 9.37274501944
9.5500 2.2210 9.38256969976
9.5600 2.2187 9.39239438007
9.5700 2.2164 9.40221906038
9.5800 2.2140 9.4120437407
9.5900 2.2117 9.42186842101
9.6000 2.2094 9.43169310133
9.6100 2.2071 9.44151778164
9.6200 2.2048 9.45134246195
9.6300 2.2025 9.46116714227
9.6400 2.2002 9.47099182258
9.6500 2.1979 9.4808165029
9.6600 2.1956 9.49064118321
9.6700 2.1933 9.50046586352
9.6800 2.1910 9.51029054384
9.6900 2.1888 9.52011522415
9.7000 2.1865 9.52993990447
9.7100 2.1842 9.53976458478
9.7200 2.1820 9.54958926509
9.7300 2.1797 9.55941394541
9.7400 2.1775 9.56923862572
9.7500 2.1752 9.57906330603
9.7600 2.1730 9.58888798635
9.7700 2.1707 9.59871266666
9.7800 2.1685 9.60853734698
9.7900 2.1663 9.61836202729
9.8000 2.1640 9.6281867076
9.8100 2.1618 9.63801138792
9.8200 2.1596 9.64783606823
9.8300 2.1574 9.65766074855
9.8400 2.1552 9.66748542886
9.8500 2.1530 9.67731010917
9.8600 2.1508 9.68713478949
9.8700 2.1486 9.6969594698
9.8800 2.1464 9.70678415012
9.8900 2.1442 9.71660883043
9.9000 2.1421 9.72643351074
9.9100 2.1399 9.73625819106
9.9200 2.1377 9.74608287137
9.9300 2.1356 9.75590755168
9.9400 2.1334 9.765732232
9.9500 2.1312 9.77555691231
9.9600 2.1291 9.78538159263
9.9700 2.1269 9.79520627294
9.9800 2.1248 9.80503095325
9.9900 2.1227 9.81485563357
10.000 2.1205 9.82468031388
10.100 2.0994 9.92292711702
10.110 2.0973 9.93275179733
10.120 2.0952 9.94257647765
10.130 2.0931 9.95240115796
10.140 2.0911 9.96222583828
10.150 2.0890 9.97205051859
10.160 2.0869 9.9818751989
10.170 2.0849 9.99169987922
10.180 2.0828 10.0015245595
10.190 2.0808 10.0113492398
10.200 2.0787 10.0211739202
10.210 2.0767 10.0309986005
10.220 2.0746 10.0408232808
10.230 2.0726 10.0506479611
10.240 2.0705 10.0604726414
10.250 2.0685 10.0702973217
10.260 2.0665 10.080122002
10.270 2.0644 10.0899466824
10.280 2.0624 10.0997713627
10.290 2.0604 10.109596043
10.300 2.0584 10.1194207233
10.310 2.0564 10.1292454036
10.320 2.0544 10.1390700839
10.330 2.0524 10.1488947642
10.340 2.0504 10.1587194446
10.350 2.0484 10.1685441249
10.360 2.0464 10.1783688052
10.370 2.0444 10.1881934855
10.380 2.0424 10.1980181658
10.390 2.0405 10.2078428461
10.400 2.0385 10.2176675264
10.410 2.0365 10.2274922068
10.420 2.0346 10.2373168871
10.430 2.0326 10.2471415674
10.440 2.0306 10.2569662477
10.450 2.0287 10.266790928
10.460 2.0267 10.2766156083
10.470 2.0248 10.2864402886
10.480 2.0228 10.2962649689
10.490 2.0209 10.3060896493
10.500 2.0190 10.3159143296
10.510 2.0170 10.3257390099
10.520 2.0151 10.3355636902
10.530 2.0132 10.3453883705
10.540 2.0112 10.3552130508
10.550 2.0093 10.3650377311
10.560 2.0074 10.3748624115
10.570 2.0055 10.3846870918
10.580 2.0036 10.3945117721
10.590 2.0017 10.4043364524
10.600 1.9998 10.4141611327
10.610 1.9979 10.423985813
10.620 1.9960 10.4338104933
10.630 1.9941 10.4436351737
10.640 1.9922 10.453459854
10.650 1.9903 10.4632845343
10.660 1.9885 10.4731092146
10.670 1.9866 10.4829338949
10.680 1.9847 10.4927585752
10.690 1.9829 10.5025832555
10.700 1.9810 10.5124079359
10.710 1.9791 10.5222326162
10.720 1.9773 10.5320572965
10.730 1.9754 10.5418819768
10.740 1.9736 10.5517066571
10.750 1.9717 10.5615313374
10.760 1.9699 10.5713560177
10.770 1.9680 10.5811806981
10.780 1.9662 10.5910053784
10.790 1.9644 10.6008300587
10.800 1.9625 10.610654739
10.810 1.9607 10.6204794193
10.820 1.9589 10.6303040996
10.830 1.9571 10.6401287799
10.840 1.9552 10.6499534602
10.850 1.9534 10.6597781406
10.860 1.9516 10.6696028209
10.870 1.9498 10.6794275012
10.880 1.9480 10.6892521815
10.890 1.9462 10.6990768618
10.900 1.9444 10.7089015421
10.910 1.9426 10.7187262224
10.920 1.9408 10.7285509028
10.930 1.9390 10.7383755831
10.940 1.9373 10.7482002634
10.950 1.9355 10.7580249437
10.960 1.9337 10.767849624
10.970 1.9319 10.7776743043
10.980 1.9302 10.7874989846
10.990 1.9284 10.797323665
11.000 1.9266 10.8071483453
11.010 1.9249 10.8169730256
11.020 1.9231 10.8267977059
11.030 1.9214 10.8366223862
11.040 1.9196 10.8464470665
11.050 1.9179 10.8562717468
11.060 1.9161 10.8660964272
11.070 1.9144 10.8759211075
11.080 1.9126 10.8857457878
11.090 1.9109 10.8955704681
11.100 1.9092 10.9053951484
11.110 1.9074 10.9152198287
11.120 1.9057 10.925044509
11.130 1.9040 10.9348691894
11.140 1.9023 10.9446938697
11.150 1.9005 10.95451855
11.160 1.8988 10.9643432303
11.170 1.8971 10.9741679106
11.180 1.8954 10.9839925909
11.190 1.8937 10.9938172712
11.200 1.8920 11.0036419515
11.210 1.8903 11.0134666319
11.220 1.8886 11.0232913122
11.230 1.8869 11.0331159925
11.240 1.8852 11.0429406728
11.250 1.8835 11.0527653531
11.260 1.8819 11.0625900334
11.270 1.8802 11.0724147137
11.280 1.8785 11.0822393941
11.290 1.8768 11.0920640744
11.300 1.8752 11.1018887547
11.310 1.8735 11.111713435
11.320 1.8718 11.1215381153
11.330 1.8702 11.1313627956
11.340 1.8685 11.1411874759
11.350 1.8668 11.1510121563
11.360 1.8652 11.1608368366
11.370 1.8635 11.1706615169
11.380 1.8619 11.1804861972
11.390 1.8602 11.1903108775
11.400 1.8586 11.2001355578
11.410 1.8570 11.2099602381
11.420 1.8553 11.2197849185
11.430 1.8537 11.2296095988
11.440 1.8521 11.2394342791
11.450 1.8504 11.2492589594
11.460 1.8488 11.2590836397
11.470 1.8472 11.26890832
11.480 1.8456 11.2787330003
11.490 1.8439 11.2885576807
11.500 1.8423 11.298382361
11.510 1.8407 11.3082070413
11.520 1.8391 11.3180317216
11.530 1.8375 11.3278564019
11.540 1.8359 11.3376810822
11.550 1.8343 11.3475057625
11.560 1.8327 11.3573304428
11.570 1.8311 11.3671551232
11.580 1.8295 11.3769798035
11.590 1.8279 11.3868044838
11.600 1.8263 11.3966291641
11.610 1.8248 11.4064538444
11.620 1.8232 11.4162785247
11.630 1.8216 11.426103205
11.640 1.8200 11.4359278854
11.650 1.8185 11.4457525657
11.660 1.8169 11.455577246
11.670 1.8153 11.4654019263
11.680 1.8138 11.4752266066
11.690 1.8122 11.4850512869
11.700 1.8106 11.4948759672
11.710 1.8091 11.5047006476
11.720 1.8075 11.5145253279
11.730 1.8060 11.5243500082
11.740 1.8044 11.5341746885
11.750 1.8029 11.5439993688
11.760 1.8013 11.5538240491
11.770 1.7998 11.5636487294
11.780 1.7983 11.5734734098
11.790 1.7967 11.5832980901
11.800 1.7952 11.5931227704
11.810 1.7937 11.6029474507
11.820 1.7921 11.612772131
11.830 1.7906 11.6225968113
11.840 1.7891 11.6324214916
11.850 1.7876 11.6422461719
11.860 1.7860 11.6520708523
11.870 1.7845 11.6618955326
11.880 1.7830 11.6717202129
11.890 1.7815 11.6815448932
11.900 1.7800 11.6913695735
11.910 1.7785 11.7011942538
11.920 1.7770 11.7110189341
11.930 1.7755 11.7208436145
11.940 1.7740 11.7306682948
11.950 1.7725 11.7404929751
11.960 1.7710 11.7503176554
11.970 1.7695 11.7601423357
11.980 1.7680 11.769967016
11.990 1.7665 11.7797916963
12.000 1.7651 11.7896163767
12.010 1.7636 11.799441057
12.020 1.7621 11.8092657373
12.030 1.7606 11.8190904176
12.040 1.7592 11.8289150979
12.050 1.7577 11.8387397782
12.060 1.7562 11.8485644585
12.070 1.7548 11.8583891389
12.080 1.7533 11.8682138192
12.090 1.7518 11.8780384995
12.100 1.7504 11.8878631798
12.110 1.7489 11.8976878601
12.120 1.7475 11.9075125404
12.130 1.7460 11.9173372207
12.140 1.7446 11.9271619011
12.150 1.7431 11.9369865814
12.160 1.7417 11.9468112617
12.170 1.7402 11.956635942
12.180 1.7388 11.9664606223
12.190 1.7374 11.9762853026
12.200 1.7359 11.9861099829
12.210 1.7345 11.9959346632
12.220 1.7331 12.0057593436
12.230 1.7316 12.0155840239
12.240 1.7302 12.0254087042
12.250 1.7288 12.0352333845
12.260 1.7274 12.0450580648
12.270 1.7260 12.0548827451
12.280 1.7245 12.0647074254
12.290 1.7231 12.0745321058
12.300 1.7217 12.0843567861
12.310 1.7203 12.0941814664
12.320 1.7189 12.1040061467
12.330 1.7175 12.113830827
12.340 1.7161 12.1236555073
12.350 1.7147 12.1334801876
12.360 1.7133 12.143304868
12.370 1.7119 12.1531295483
12.380 1.7105 12.1629542286
12.390 1.7091 12.1727789089
12.400 1.7077 12.1826035892
12.410 1.7064 12.1924282695
12.420 1.7050 12.2022529498
12.430 1.7036 12.2120776302
12.440 1.7022 12.2219023105
12.450 1.7008 12.2317269908
12.460 1.6995 12.2415516711
12.470 1.6981 12.2513763514
12.480 1.6967 12.2612010317
12.490 1.6953 12.271025712
12.500 1.6940 12.2808503924
12.510 1.6926 12.2906750727
12.520 1.6913 12.300499753
12.530 1.6899 12.3103244333
12.540 1.6885 12.3201491136
12.550 1.6872 12.3299737939
12.560 1.6858 12.3397984742
12.570 1.6845 12.3496231545
12.580 1.6831 12.3594478349
12.590 1.6818 12.3692725152
12.600 1.6804 12.3790971955
12.610 1.6791 12.3889218758
12.620 1.6778 12.3987465561
12.630 1.6764 12.4085712364
12.640 1.6751 12.4183959167
12.650 1.6738 12.4282205971
12.660 1.6724 12.4380452774
12.670 1.6711 12.4478699577
12.680 1.6698 12.457694638
12.690 1.6684 12.4675193183
12.700 1.6671 12.4773439986
12.710 1.6658 12.4871686789
12.720 1.6645 12.4969933593
12.730 1.6632 12.5068180396
12.740 1.6618 12.5166427199
12.750 1.6605 12.5264674002
12.760 1.6592 12.5362920805
12.770 1.6579 12.5461167608
12.780 1.6566 12.5559414411
12.790 1.6553 12.5657661215
12.800 1.6540 12.5755908018
12.810 1.6527 12.5854154821
12.820 1.6514 12.5952401624
12.830 1.6501 12.6050648427
12.840 1.6488 12.614889523
12.850 1.6475 12.6247142033
12.860 1.6462 12.6345388837
12.870 1.6449 12.644363564
12.880 1.6437 12.6541882443
12.890 1.6424 12.6640129246
12.900 1.6411 12.6738376049
12.910 1.6398 12.6836622852
12.920 1.6385 12.6934869655
12.930 1.6372 12.7033116458
12.940 1.6360 12.7131363262
12.950 1.6347 12.7229610065
12.960 1.6334 12.7327856868
12.970 1.6322 12.7426103671
12.980 1.6309 12.7524350474
12.990 1.6296 12.7622597277
13.000 1.6284 12.772084408
13.010 1.6271 12.7819090884
13.020 1.6258 12.7917337687
13.030 1.6246 12.801558449
13.040 1.6233 12.8113831293
13.050 1.6221 12.8212078096
13.060 1.6208 12.8310324899
13.070 1.6196 12.8408571702
13.080 1.6183 12.8506818506
13.090 1.6171 12.8605065309
13.100 1.6158 12.8703312112
13.110 1.6146 12.8801558915
13.120 1.6134 12.8899805718
13.130 1.6121 12.8998052521
13.140 1.6109 12.9096299324
13.150 1.6097 12.9194546128
13.160 1.6084 12.9292792931
13.170 1.6072 12.9391039734
13.180 1.6060 12.9489286537
13.190 1.6047 12.958753334
13.200 1.6035 12.9685780143
13.210 1.6023 12.9784026946
13.220 1.6011 12.988227375
13.230 1.5999 12.9980520553
13.240 1.5986 13.0078767356
13.250 1.5974 13.0177014159
13.260 1.5962 13.0275260962
13.270 1.5950 13.0373507765
13.280 1.5938 13.0471754568
13.290 1.5926 13.0570001371
13.300 1.5914 13.0668248175
13.310 1.5902 13.0766494978
13.320 1.5890 13.0864741781
13.330 1.5878 13.0962988584
13.340 1.5866 13.1061235387
13.350 1.5854 13.115948219
13.360 1.5842 13.1257728993
13.370 1.5830 13.1355975797
13.380 1.5818 13.14542226
13.390 1.5806 13.1552469403
13.400 1.5794 13.1650716206
13.410 1.5782 13.1748963009
13.420 1.5770 13.1847209812
13.430 1.5759 13.1945456615
13.440 1.5747 13.2043703419
13.450 1.5735 13.2141950222
13.460 1.5723 13.2240197025
13.470 1.5711 13.2338443828
13.480 1.5700 13.2436690631
13.490 1.5688 13.2534937434
13.500 1.5676 13.2633184237
13.510 1.5664 13.2731431041
13.520 1.5653 13.2829677844
13.530 1.5641 13.2927924647
13.540 1.5630 13.302617145
13.550 1.5618 13.3124418253
13.560 1.5606 13.3222665056
13.570 1.5595 13.3320911859
13.580 1.5583 13.3419158663
13.590 1.5572 13.3517405466
13.600 1.5560 13.3615652269
13.610 1.5549 13.3713899072
13.620 1.5537 13.3812145875
13.630 1.5526 13.3910392678
13.640 1.5514 13.4008639481
13.650 1.5503 13.4106886284
13.660 1.5491 13.4205133088
13.670 1.5480 13.4303379891
13.680 1.5468 13.4401626694
13.690 1.5457 13.4499873497
13.700 1.5446 13.45981203
13.710 1.5434 13.4696367103
13.720 1.5423 13.4794613906
13.730 1.5412 13.489286071
13.740 1.5400 13.4991107513
13.750 1.5389 13.5089354316
13.760 1.5378 13.5187601119
13.770 1.5366 13.5285847922
13.780 1.5355 13.5384094725
13.790 1.5344 13.5482341528
13.800 1.5333 13.5580588332
13.810 1.5322 13.5678835135
13.820 1.5310 13.5777081938
13.830 1.5299 13.5875328741
13.840 1.5288 13.5973575544
13.850 1.5277 13.6071822347
13.860 1.5266 13.617006915
13.870 1.5255 13.6268315954
13.880 1.5244 13.6366562757
13.890 1.5233 13.646480956
13.900 1.5222 13.6563056363
13.910 1.5211 13.6661303166
13.920 1.5200 13.6759549969
13.930 1.5189 13.6857796772
13.940 1.5178 13.6956043576
13.950 1.5167 13.7054290379
13.960 1.5156 13.7152537182
13.970 1.5145 13.7250783985
13.980 1.5134 13.7349030788
13.990 1.5123 13.7447277591
14.000 1.5112 13.7545524394
14.010 1.5101 13.7643771197
14.020 1.5090 13.7742018001
14.030 1.5080 13.7840264804
14.040 1.5069 13.7938511607
14.050 1.5058 13.803675841
14.060 1.5047 13.8135005213
14.070 1.5036 13.8233252016
14.080 1.5026 13.8331498819
14.090 1.5015 13.8429745623
14.100 1.5004 13.8527992426
14.110 1.4993 13.8626239229
14.120 1.4983 13.8724486032
14.130 1.4972 13.8822732835
14.140 1.4961 13.8920979638
14.150 1.4951 13.9019226441
14.160 1.4940 13.9117473245
14.170 1.4929 13.9215720048
14.180 1.4919 13.9313966851
14.190 1.4908 13.9412213654
14.200 1.4898 13.9510460457
14.210 1.4887 13.960870726
14.220 1.4876 13.9706954063
14.230 1.4866 13.9805200867
14.240 1.4855 13.990344767
14.250 1.4845 14.0001694473
14.260 1.4834 14.0099941276
14.270 1.4824 14.0198188079
14.280 1.4813 14.0296434882
14.290 1.4803 14.0394681685
14.300 1.4793 14.0492928489
14.310 1.4782 14.0591175292
14.320 1.4772 14.0689422095
14.330 1.4761 14.0787668898
14.340 1.4751 14.0885915701
14.350 1.4741 14.0984162504
14.360 1.4730 14.1082409307
14.370 1.4720 14.118065611
14.380 1.4710 14.1278902914
14.390 1.4699 14.1377149717
14.400 1.4689 14.147539652
14.410 1.4679 14.1573643323
14.420 1.4669 14.1671890126
14.430 1.4658 14.1770136929
14.440 1.4648 14.1868383732
14.450 1.4638 14.1966630536
14.460 1.4628 14.2064877339
14.470 1.4617 14.2163124142
14.480 1.4607 14.2261370945
14.490 1.4597 14.2359617748
14.500 1.4587 14.2457864551
14.510 1.4577 14.2556111354
14.520 1.4567 14.2654358158
14.530 1.4557 14.2752604961
14.540 1.4546 14.2850851764
14.550 1.4536 14.2949098567
14.560 1.4526 14.304734537
14.570 1.4516 14.3145592173
14.580 1.4506 14.3243838976
14.590 1.4496 14.334208578
14.600 1.4486 14.3440332583
14.610 1.4476 14.3538579386
14.620 1.4466 14.3636826189
14.630 1.4456 14.3735072992
14.640 1.4446 14.3833319795
14.650 1.4436 14.3931566598
14.660 1.4426 14.4029813402
14.670 1.4417 14.4128060205
14.680 1.4407 14.4226307008
14.690 1.4397 14.4324553811
14.700 1.4387 14.4422800614
14.710 1.4377 14.4521047417
14.720 1.4367 14.461929422
14.730 1.4357 14.4717541023
14.740 1.4348 14.4815787827
14.750 1.4338 14.491403463
14.760 1.4328 14.5012281433
14.770 1.4318 14.5110528236
14.780 1.4308 14.5208775039
14.790 1.4299 14.5307021842
14.800 1.4289 14.5405268645
14.810 1.4279 14.5503515449
14.820 1.4269 14.5601762252
14.830 1.4260 14.5700009055
14.840 1.4250 14.5798255858
14.850 1.4240 14.5896502661
14.860 1.4231 14.5994749464
14.870 1.4221 14.6092996267
14.880 1.4211 14.6191243071
14.890 1.4202 14.6289489874
14.900 1.4192 14.6387736677
14.910 1.4183 14.648598348
14.920 1.4173 14.6584230283
14.930 1.4163 14.6682477086
14.940 1.4154 14.6780723889
14.950 1.4144 14.6878970693
14.960 1.4135 14.6977217496
14.970 1.4125 14.7075464299
14.980 1.4116 14.7173711102
14.990 1.4106 14.7271957905
15.000 1.4097 14.7370204708
15.100 1.4003 14.835267274
15.110 1.3993 14.8450919543
15.120 1.3984 14.8549166346
15.130 1.3975 14.8647413149
15.140 1.3965 14.8745659952
15.150 1.3956 14.8843906755
15.160 1.3947 14.8942153558
15.170 1.3938 14.9040400362
15.180 1.3928 14.9138647165
15.190 1.3919 14.9236893968
15.200 1.3910 14.9335140771
15.210 1.3901 14.9433387574
15.220 1.3891 14.9531634377
15.230 1.3882 14.962988118
15.240 1.3873 14.9728127984
15.250 1.3864 14.9826374787
15.260 1.3855 14.992462159
15.270 1.3846 15.0022868393
15.280 1.3836 15.0121115196
15.290 1.3827 15.0219361999
15.300 1.3818 15.0317608802
15.310 1.3809 15.0415855606
15.320 1.3800 15.0514102409
15.330 1.3791 15.0612349212
15.340 1.3782 15.0710596015
15.350 1.3773 15.0808842818
15.360 1.3764 15.0907089621
15.370 1.3755 15.1005336424
15.380 1.3746 15.1103583228
15.390 1.3737 15.1201830031
15.400 1.3728 15.1300076834
15.410 1.3719 15.1398323637
15.420 1.3710 15.149657044
15.430 1.3701 15.1594817243
15.440 1.3692 15.1693064046
15.450 1.3683 15.1791310849
15.460 1.3674 15.1889557653
15.470 1.3665 15.1987804456
15.480 1.3656 15.2086051259
15.490 1.3647 15.2184298062
15.500 1.3638 15.2282544865
15.510 1.3629 15.2380791668
15.520 1.3621 15.2479038471
15.530 1.3612 15.2577285275
15.540 1.3603 15.2675532078
15.550 1.3594 15.2773778881
15.560 1.3585 15.2872025684
15.570 1.3576 15.2970272487
15.580 1.3568 15.306851929
15.590 1.3559 15.3166766093
15.600 1.3550 15.3265012897
15.610 1.3541 15.33632597
15.620 1.3533 15.3461506503
15.630 1.3524 15.3559753306
15.640 1.3515 15.3658000109
15.650 1.3507 15.3756246912
15.660 1.3498 15.3854493715
15.670 1.3489 15.3952740519
15.680 1.3480 15.4050987322
15.690 1.3472 15.4149234125
15.700 1.3463 15.4247480928
15.710 1.3454 15.4345727731
15.720 1.3446 15.4443974534
15.730 1.3437 15.4542221337
15.740 1.3429 15.4640468141
15.750 1.3420 15.4738714944
15.760 1.3411 15.4836961747
15.770 1.3403 15.493520855
15.780 1.3394 15.5033455353
15.790 1.3386 15.5131702156
15.800 1.3377 15.5229948959
15.810 1.3369 15.5328195762
15.820 1.3360 15.5426442566
15.830 1.3352 15.5524689369
15.840 1.3343 15.5622936172
15.850 1.3335 15.5721182975
15.860 1.3326 15.5819429778
15.870 1.3318 15.5917676581
15.880 1.3309 15.6015923384
15.890 1.3301 15.6114170188
15.900 1.3292 15.6212416991
15.910 1.3284 15.6310663794
15.920 1.3275 15.6408910597
15.930 1.3267 15.65071574
15.940 1.3259 15.6605404203
15.950 1.3250 15.6703651006
15.960 1.3242 15.680189781
15.970 1.3234 15.6900144613
15.980 1.3225 15.6998391416
15.990 1.3217 15.7096638219
16.000 1.3209 15.7194885022
16.010 1.3200 15.7293131825
16.020 1.3192 15.7391378628
16.030 1.3184 15.7489625432
16.040 1.3175 15.7587872235
16.050 1.3167 15.7686119038
16.060 1.3159 15.7784365841
16.070 1.3150 15.7882612644
16.080 1.3142 15.7980859447
16.090 1.3134 15.807910625
16.100 1.3126 15.8177353053
16.110 1.3118 15.8275599857
16.120 1.3109 15.837384666
16.130 1.3101 15.8472093463
16.140 1.3093 15.8570340266
16.150 1.3085 15.8668587069
16.160 1.3077 15.8766833872
16.170 1.3068 15.8865080675
16.180 1.3060 15.8963327479
16.190 1.3052 15.9061574282
16.200 1.3044 15.9159821085
16.210 1.3036 15.9258067888
16.220 1.3028 15.9356314691
16.230 1.3020 15.9454561494
16.240 1.3012 15.9552808297
16.250 1.3004 15.9651055101
16.260 1.2995 15.9749301904
16.270 1.2987 15.9847548707
16.280 1.2979 15.994579551
16.290 1.2971 16.0044042313
16.300 1.2963 16.0142289116
16.310 1.2955 16.0240535919
16.320 1.2947 16.0338782723
16.330 1.2939 16.0437029526
16.340 1.2931 16.0535276329
16.350 1.2923 16.0633523132
16.360 1.2915 16.0731769935
16.370 1.2907 16.0830016738
16.380 1.2899 16.0928263541
16.390 1.2891 16.1026510345
16.400 1.2884 16.1124757148
16.410 1.2876 16.1223003951
16.420 1.2868 16.1321250754
16.430 1.2860 16.1419497557
16.440 1.2852 16.151774436
16.450 1.2844 16.1615991163
16.460 1.2836 16.1714237966
16.470 1.2828 16.181248477
16.480 1.2820 16.1910731573
16.490 1.2813 16.2008978376
16.500 1.2805 16.2107225179
16.510 1.2797 16.2205471982
16.520 1.2789 16.2303718785
16.530 1.2781 16.2401965588
16.540 1.2774 16.2500212392
16.550 1.2766 16.2598459195
16.560 1.2758 16.2696705998
16.570 1.2750 16.2794952801
16.580 1.2742 16.2893199604
16.590 1.2735 16.2991446407
16.600 1.2727 16.308969321
16.610 1.2719 16.3187940014
16.620 1.2712 16.3286186817
16.630 1.2704 16.338443362
16.640 1.2696 16.3482680423
16.650 1.2688 16.3580927226
16.660 1.2681 16.3679174029
16.670 1.2673 16.3777420832
16.680 1.2665 16.3875667636
16.690 1.2658 16.3973914439
16.700 1.2650 16.4072161242
16.710 1.2642 16.4170408045
16.720 1.2635 16.4268654848
16.730 1.2627 16.4366901651
16.740 1.2620 16.4465148454
16.750 1.2612 16.4563395258
16.760 1.2604 16.4661642061
16.770 1.2597 16.4759888864
16.780 1.2589 16.4858135667
16.790 1.2582 16.495638247
16.800 1.2574 16.5054629273
16.810 1.2567 16.5152876076
16.820 1.2559 16.5251122879
16.830 1.2551 16.5349369683
16.840 1.2544 16.5447616486
16.850 1.2536 16.5545863289
16.860 1.2529 16.5644110092
16.870 1.2521 16.5742356895
16.880 1.2514 16.5840603698
16.890 1.2506 16.5938850501
16.900 1.2499 16.6037097305
16.910 1.2492 16.6135344108
16.920 1.2484 16.6233590911
16.930 1.2477 16.6331837714
16.940 1.2469 16.6430084517
16.950 1.2462 16.652833132
16.960 1.2454 16.6626578123
16.970 1.2447 16.6724824927
16.980 1.2440 16.682307173
16.990 1.2432 16.6921318533
17.000 1.2425 16.7019565336
17.010 1.2417 16.7117812139
17.020 1.2410 16.7216058942
17.030 1.2403 16.7314305745
17.040 1.2395 16.7412552549
17.050 1.2388 16.7510799352
17.060 1.2381 16.7609046155
17.070 1.2373 16.7707292958
17.080 1.2366 16.7805539761
17.090 1.2359 16.7903786564
17.100 1.2351 16.8002033367
17.110 1.2344 16.8100280171
17.120 1.2337 16.8198526974
17.130 1.2330 16.8296773777
17.140 1.2322 16.839502058
17.150 1.2315 16.8493267383
17.160 1.2308 16.8591514186
17.170 1.2301 16.8689760989
17.180 1.2293 16.8788007792
17.190 1.2286 16.8886254596
17.200 1.2279 16.8984501399
17.210 1.2272 16.9082748202
17.220 1.2265 16.9180995005
17.230 1.2257 16.9279241808
17.240 1.2250 16.9377488611
17.250 1.2243 16.9475735414
17.260 1.2236 16.9573982218
17.270 1.2229 16.9672229021
17.280 1.2222 16.9770475824
17.290 1.2215 16.9868722627
17.300 1.2207 16.996696943
17.310 1.2200 17.0065216233
17.320 1.2193 17.0163463036
17.330 1.2186 17.026170984
17.340 1.2179 17.0359956643
17.350 1.2172 17.0458203446
17.360 1.2165 17.0556450249
17.370 1.2158 17.0654697052
17.380 1.2151 17.0752943855
17.390 1.2144 17.0851190658
17.400 1.2137 17.0949437462
17.410 1.2130 17.1047684265
17.420 1.2123 17.1145931068
17.430 1.2115 17.1244177871
17.440 1.2108 17.1342424674
17.450 1.2101 17.1440671477
17.460 1.2094 17.153891828
17.470 1.2087 17.1637165084
17.480 1.2081 17.1735411887
17.490 1.2074 17.183365869
17.500 1.2067 17.1931905493
17.510 1.2060 17.2030152296
17.520 1.2053 17.2128399099
17.530 1.2046 17.2226645902
17.540 1.2039 17.2324892705
17.550 1.2032 17.2423139509
17.560 1.2025 17.2521386312
17.570 1.2018 17.2619633115
17.580 1.2011 17.2717879918
17.590 1.2004 17.2816126721
17.600 1.1997 17.2914373524
17.610 1.1991 17.3012620327
17.620 1.1984 17.3110867131
17.630 1.1977 17.3209113934
17.640 1.1970 17.3307360737
17.650 1.1963 17.340560754
17.660 1.1956 17.3503854343
17.670 1.1949 17.3602101146
17.680 1.1943 17.3700347949
17.690 1.1936 17.3798594753
17.700 1.1929 17.3896841556
17.710 1.1922 17.3995088359
17.720 1.1915 17.4093335162
17.730 1.1909 17.4191581965
17.740 1.1902 17.4289828768
17.750 1.1895 17.4388075571
17.760 1.1888 17.4486322375
17.770 1.1882 17.4584569178
17.780 1.1875 17.4682815981
17.790 1.1868 17.4781062784
17.800 1.1861 17.4879309587
17.810 1.1855 17.497755639
17.820 1.1848 17.5075803193
17.830 1.1841 17.5174049997
17.840 1.1834 17.52722968
17.850 1.1828 17.5370543603
17.860 1.1821 17.5468790406
17.870 1.1814 17.5567037209
17.880 1.1808 17.5665284012
17.890 1.1801 17.5763530815
17.900 1.1794 17.5861777618
17.910 1.1788 17.5960024422
17.920 1.1781 17.6058271225
17.930 1.1774 17.6156518028
17.940 1.1768 17.6254764831
17.950 1.1761 17.6353011634
17.960 1.1755 17.6451258437
17.970 1.1748 17.654950524
17.980 1.1741 17.6647752044
17.990 1.1735 17.6745998847
18.000 1.1728 17.684424565
18.010 1.1722 17.6942492453
18.020 1.1715 17.7040739256
18.030 1.1709 17.7138986059
18.040 1.1702 17.7237232862
18.050 1.1695 17.7335479666
18.060 1.1689 17.7433726469
18.070 1.1682 17.7531973272
18.080 1.1676 17.7630220075
18.090 1.1669 17.7728466878
18.100 1.1663 17.7826713681
18.110 1.1656 17.7924960484
18.120 1.1650 17.8023207288
18.130 1.1643 17.8121454091
18.140 1.1637 17.8219700894
18.150 1.1630 17.8317947697
18.160 1.1624 17.84161945
18.170 1.1617 17.8514441303
18.180 1.1611 17.8612688106
18.190 1.1605 17.871093491
18.200 1.1598 17.8809181713
18.210 1.1592 17.8907428516
18.220 1.1585 17.9005675319
18.230 1.1579 17.9103922122
18.240 1.1572 17.9202168925
18.250 1.1566 17.9300415728
18.260 1.1560 17.9398662531
18.270 1.1553 17.9496909335
18.280 1.1547 17.9595156138
18.290 1.1541 17.9693402941
18.300 1.1534 17.9791649744
18.310 1.1528 17.9889896547
18.320 1.1521 17.998814335
18.330 1.1515 18.0086390153
18.340 1.1509 18.0184636957
18.350 1.1502 18.028288376
18.360 1.1496 18.0381130563
18.370 1.1490 18.0479377366
18.380 1.1483 18.0577624169
18.390 1.1477 18.0675870972
18.400 1.1471 18.0774117775
18.410 1.1465 18.0872364579
18.420 1.1458 18.0970611382
18.430 1.1452 18.1068858185
18.440 1.1446 18.1167104988
18.450 1.1439 18.1265351791
18.460 1.1433 18.1363598594
18.470 1.1427 18.1461845397
18.480 1.1421 18.1560092201
18.490 1.1414 18.1658339004
18.500 1.1408 18.1756585807
18.510 1.1402 18.185483261
18.520 1.1396 18.1953079413
18.530 1.1390 18.2051326216
18.540 1.1383 18.2149573019
18.550 1.1377 18.2247819823
18.560 1.1371 18.2346066626
18.570 1.1365 18.2444313429
18.580 1.1359 18.2542560232
18.590 1.1352 18.2640807035
18.600 1.1346 18.2739053838
18.610 1.1340 18.2837300641
18.620 1.1334 18.2935547444
18.630 1.1328 18.3033794248
18.640 1.1322 18.3132041051
18.650 1.1316 18.3230287854
18.660 1.1309 18.3328534657
18.670 1.1303 18.342678146
18.680 1.1297 18.3525028263
18.690 1.1291 18.3623275066
18.700 1.1285 18.372152187
18.710 1.1279 18.3819768673
18.720 1.1273 18.3918015476
18.730 1.1267 18.4016262279
18.740 1.1261 18.4114509082
18.750 1.1255 18.4212755885
18.760 1.1249 18.4311002688
18.770 1.1243 18.4409249492
18.780 1.1237 18.4507496295
18.790 1.1230 18.4605743098
18.800 1.1224 18.4703989901
18.810 1.1218 18.4802236704
18.820 1.1212 18.4900483507
18.830 1.1206 18.499873031
18.840 1.1200 18.5096977114
18.850 1.1194 18.5195223917
18.860 1.1188 18.529347072
18.870 1.1182 18.5391717523
18.880 1.1176 18.5489964326
18.890 1.1170 18.5588211129
18.900 1.1164 18.5686457932
18.910 1.1158 18.5784704736
18.920 1.1153 18.5882951539
18.930 1.1147 18.5981198342
18.940 1.1141 18.6079445145
18.950 1.1135 18.6177691948
18.960 1.1129 18.6275938751
18.970 1.1123 18.6374185554
18.980 1.1117 18.6472432357
18.990 1.1111 18.6570679161
19.000 1.1105 18.6668925964
19.010 1.1099 18.6767172767
19.020 1.1093 18.686541957
19.030 1.1087 18.6963666373
19.040 1.1082 18.7061913176
19.050 1.1076 18.7160159979
19.060 1.1070 18.7258406783
19.070 1.1064 18.7356653586
19.080 1.1058 18.7454900389
19.090 1.1052 18.7553147192
19.100 1.1046 18.7651393995
19.110 1.1041 18.7749640798
19.120 1.1035 18.7847887601
19.130 1.1029 18.7946134405
19.140 1.1023 18.8044381208
19.150 1.1017 18.8142628011
19.160 1.1011 18.8240874814
19.170 1.1006 18.8339121617
19.180 1.1000 18.843736842
19.190 1.0994 18.8535615223
19.200 1.0988 18.8633862027
19.210 1.0983 18.873210883
19.220 1.0977 18.8830355633
19.230 1.0971 18.8928602436
19.240 1.0965 18.9026849239
19.250 1.0959 18.9125096042
19.260 1.0954 18.9223342845
19.270 1.0948 18.9321589649
19.280 1.0942 18.9419836452
19.290 1.0936 18.9518083255
19.300 1.0931 18.9616330058
19.310 1.0925 18.9714576861
19.320 1.0919 18.9812823664
19.330 1.0914 18.9911070467
19.340 1.0908 19.000931727
19.350 1.0902 19.0107564074
19.360 1.0897 19.0205810877
19.370 1.0891 19.030405768
19.380 1.0885 19.0402304483
19.390 1.0880 19.0500551286
19.400 1.0874 19.0598798089
19.410 1.0868 19.0697044892
19.420 1.0863 19.0795291696
19.430 1.0857 19.0893538499
19.440 1.0851 19.0991785302
19.450 1.0846 19.1090032105
19.460 1.0840 19.1188278908
19.470 1.0834 19.1286525711
19.480 1.0829 19.1384772514
19.490 1.0823 19.1483019318
19.500 1.0818 19.1581266121
19.510 1.0812 19.1679512924
19.520 1.0806 19.1777759727
19.530 1.0801 19.187600653
19.540 1.0795 19.1974253333
19.550 1.0790 19.2072500136
19.560 1.0784 19.217074694
19.570 1.0778 19.2268993743
19.580 1.0773 19.2367240546
19.590 1.0767 19.2465487349
19.600 1.0762 19.2563734152
19.610 1.0756 19.2661980955
19.620 1.0751 19.2760227758
19.630 1.0745 19.2858474562
19.640 1.0740 19.2956721365
19.650 1.0734 19.3054968168
19.660 1.0729 19.3153214971
19.670 1.0723 19.3251461774
19.680 1.0718 19.3349708577
19.690 1.0712 19.344795538
19.700 1.0707 19.3546202183
19.710 1.0701 19.3644448987
19.720 1.0696 19.374269579
19.730 1.0690 19.3840942593
19.740 1.0685 19.3939189396
19.750 1.0679 19.4037436199
19.760 1.0674 19.4135683002
19.770 1.0668 19.4233929805
19.780 1.0663 19.4332176609
19.790 1.0657 19.4430423412
19.800 1.0652 19.4528670215
19.810 1.0647 19.4626917018
19.820 1.0641 19.4725163821
19.830 1.0636 19.4823410624
19.840 1.0630 19.4921657427
19.850 1.0625 19.5019904231
19.860 1.0619 19.5118151034
19.870 1.0614 19.5216397837
19.880 1.0609 19.531464464
19.890 1.0603 19.5412891443
19.900 1.0598 19.5511138246
19.910 1.0593 19.5609385049
19.920 1.0587 19.5707631853
19.930 1.0582 19.5805878656
19.940 1.0576 19.5904125459
19.950 1.0571 19.6002372262
19.960 1.0566 19.6100619065
19.970 1.0560 19.6198865868
19.980 1.0555 19.6297112671
19.990 1.0550 19.6395359474
20.000 1.0544 19.6493606278
20.100 1.0491 19.7476074309
20.110 1.0486 19.7574321112
20.120 1.0481 19.7672567915
20.130 1.0476 19.7770814718
20.140 1.0470 19.7869061522
20.150 1.0465 19.7967308325
20.160 1.0460 19.8065555128
20.170 1.0455 19.8163801931
20.180 1.0449 19.8262048734
20.190 1.0444 19.8360295537
20.200 1.0439 19.845854234
20.210 1.0434 19.8556789144
20.220 1.0428 19.8655035947
20.230 1.0423 19.875328275
20.240 1.0418 19.8851529553
20.250 1.0413 19.8949776356
20.260 1.0408 19.9048023159
20.270 1.0402 19.9146269962
20.280 1.0397 19.9244516766
20.290 1.0392 19.9342763569
20.300 1.0387 19.9441010372
20.310 1.0382 19.9539257175
20.320 1.0377 19.9637503978
20.330 1.0371 19.9735750781
20.340 1.0366 19.9833997584
20.350 1.0361 19.9932244387
20.360 1.0356 20.0030491191
20.370 1.0351 20.0128737994
20.380 1.0346 20.0226984797
20.390 1.0341 20.03252316
20.400 1.0335 20.0423478403
20.410 1.0330 20.0521725206
20.420 1.0325 20.0619972009
20.430 1.0320 20.0718218813
20.440 1.0315 20.0816465616
20.450 1.0310 20.0914712419
20.460 1.0305 20.1012959222
20.470 1.0300 20.1111206025
20.480 1.0295 20.1209452828
20.490 1.0290 20.1307699631
20.500 1.0284 20.1405946435
20.510 1.0279 20.1504193238
20.520 1.0274 20.1602440041
20.530 1.0269 20.1700686844
20.540 1.0264 20.1798933647
20.550 1.0259 20.189718045
20.560 1.0254 20.1995427253
20.570 1.0249 20.2093674057
20.580 1.0244 20.219192086
20.590 1.0239 20.2290167663
20.600 1.0234 20.2388414466
20.610 1.0229 20.2486661269
20.620 1.0224 20.2584908072
20.630 1.0219 20.2683154875
20.640 1.0214 20.2781401679
20.650 1.0209 20.2879648482
20.660 1.0204 20.2977895285
20.670 1.0199 20.3076142088
20.680 1.0194 20.3174388891
20.690 1.0189 20.3272635694
20.700 1.0184 20.3370882497
20.710 1.0179 20.34691293
20.720 1.0174 20.3567376104
20.730 1.0169 20.3665622907
20.740 1.0164 20.376386971
20.750 1.0159 20.3862116513
20.760 1.0154 20.3960363316
20.770 1.0149 20.4058610119
20.780 1.0144 20.4156856922
20.790 1.0140 20.4255103726
20.800 1.0135 20.4353350529
20.810 1.0130 20.4451597332
20.820 1.0125 20.4549844135
20.830 1.0120 20.4648090938
20.840 1.0115 20.4746337741
20.850 1.0110 20.4844584544
20.860 1.0105 20.4942831348
20.870 1.0100 20.5041078151
20.880 1.0095 20.5139324954
20.890 1.0090 20.5237571757
20.900 1.0086 20.533581856
20.910 1.0081 20.5434065363
20.920 1.0076 20.5532312166
20.930 1.0071 20.563055897
20.940 1.0066 20.5728805773
20.950 1.0061 20.5827052576
20.960 1.0056 20.5925299379
20.970 1.0052 20.6023546182
20.980 1.0047 20.6121792985
20.990 1.0042 20.6220039788
21.000 1.0037 20.6318286592
21.010 1.0032 20.6416533395
21.020 1.0027 20.6514780198
21.030 1.0023 20.6613027001
21.040 1.0018 20.6711273804
21.050 1.0013 20.6809520607
21.060 1.0008 20.690776741
21.070 1.0003 20.7006014213
21.080 0.99985 20.7104261017
21.090 0.99938 20.720250782
21.100 0.99890 20.7300754623
21.110 0.99842 20.7399001426
21.120 0.99794 20.7497248229
21.130 0.99746 20.7595495032
21.140 0.99699 20.7693741835
21.150 0.99651 20.7791988639
21.160 0.99603 20.7890235442
21.170 0.99556 20.7988482245
21.180 0.99508 20.8086729048
21.190 0.99461 20.8184975851
21.200 0.99413 20.8283222654
21.210 0.99366 20.8381469457
21.220 0.99319 20.8479716261
21.230 0.99271 20.8577963064
21.240 0.99224 20.8676209867
21.250 0.99177 20.877445667
21.260 0.99130 20.8872703473
21.270 0.99083 20.8970950276
21.280 0.99036 20.9069197079
21.290 0.98989 20.9167443883
21.300 0.98942 20.9265690686
21.310 0.98895 20.9363937489
21.320 0.98848 20.9462184292
21.330 0.98801 20.9560431095
21.340 0.98754 20.9658677898
21.350 0.98707 20.9756924701
21.360 0.98661 20.9855171505
21.370 0.98614 20.9953418308
21.380 0.98567 21.0051665111
21.390 0.98521 21.0149911914
21.400 0.98474 21.0248158717
21.410 0.98428 21.034640552
21.420 0.98381 21.0444652323
21.430 0.98335 21.0542899126
21.440 0.98288 21.064114593
21.450 0.98242 21.0739392733
21.460 0.98196 21.0837639536
21.470 0.98150 21.0935886339
21.480 0.98103 21.1034133142
21.490 0.98057 21.1132379945
21.500 0.98011 21.1230626748
21.510 0.97965 21.1328873552
21.520 0.97919 21.1427120355
21.530 0.97873 21.1525367158
21.540 0.97827 21.1623613961
21.550 0.97781 21.1721860764
21.560 0.97735 21.1820107567
21.570 0.97690 21.191835437
21.580 0.97644 21.2016601174
21.590 0.97598 21.2114847977
21.600 0.97552 21.221309478
21.610 0.97507 21.2311341583
21.620 0.97461 21.2409588386
21.630 0.97416 21.2507835189
21.640 0.97370 21.2606081992
21.650 0.97325 21.2704328796
21.660 0.97279 21.2802575599
21.670 0.97234 21.2900822402
21.680 0.97189 21.2999069205
21.690 0.97143 21.3097316008
21.700 0.97098 21.3195562811
21.710 0.97053 21.3293809614
21.720 0.97008 21.3392056418
21.730 0.96962 21.3490303221
21.740 0.96917 21.3588550024
21.750 0.96872 21.3686796827
21.760 0.96827 21.378504363
21.770 0.96782 21.3883290433
21.780 0.96737 21.3981537236
21.790 0.96693 21.4079784039
21.800 0.96648 21.4178030843
21.810 0.96603 21.4276277646
21.820 0.96558 21.4374524449
21.830 0.96513 21.4472771252
21.840 0.96469 21.4571018055
21.850 0.96424 21.4669264858
21.860 0.96379 21.4767511661
21.870 0.96335 21.4865758465
21.880 0.96290 21.4964005268
21.890 0.96246 21.5062252071
21.900 0.96201 21.5160498874
21.910 0.96157 21.5258745677
21.920 0.96113 21.535699248
21.930 0.96068 21.5455239283
21.940 0.96024 21.5553486087
21.950 0.95980 21.565173289
21.960 0.95936 21.5749979693
21.970 0.95892 21.5848226496
21.980 0.95847 21.5946473299
21.990 0.95803 21.6044720102
22.000 0.95759 21.6142966905
22.010 0.95715 21.6241213709
22.020 0.95671 21.6339460512
22.030 0.95627 21.6437707315
22.040 0.95584 21.6535954118
22.050 0.95540 21.6634200921
22.060 0.95496 21.6732447724
22.070 0.95452 21.6830694527
22.080 0.95409 21.6928941331
22.090 0.95365 21.7027188134
22.100 0.95321 21.7125434937
22.110 0.95278 21.722368174
22.120 0.95234 21.7321928543
22.130 0.95191 21.7420175346
22.140 0.95147 21.7518422149
22.150 0.95104 21.7616668952
22.160 0.95060 21.7714915756
22.170 0.95017 21.7813162559
22.180 0.94974 21.7911409362
22.190 0.94930 21.8009656165
22.200 0.94887 21.8107902968
22.210 0.94844 21.8206149771
22.220 0.94801 21.8304396574
22.230 0.94758 21.8402643378
22.240 0.94714 21.8500890181
22.250 0.94671 21.8599136984
22.260 0.94628 21.8697383787
22.270 0.94585 21.879563059
22.280 0.94543 21.8893877393
22.290 0.94500 21.8992124196
22.300 0.94457 21.9090371
22.310 0.94414 21.9188617803
22.320 0.94371 21.9286864606
22.330 0.94328 21.9385111409
22.340 0.94286 21.9483358212
22.350 0.94243 21.9581605015
22.360 0.94200 21.9679851818
22.370 0.94158 21.9778098622
22.380 0.94115 21.9876345425
22.390 0.94073 21.9974592228
22.400 0.94030 22.0072839031
22.410 0.93988 22.0171085834
22.420 0.93946 22.0269332637
22.430 0.93903 22.036757944
22.440 0.93861 22.0465826244
22.450 0.93819 22.0564073047
22.460 0.93776 22.066231985
22.470 0.93734 22.0760566653
22.480 0.93692 22.0858813456
22.490 0.93650 22.0957060259
22.500 0.93608 22.1055307062
22.510 0.93566 22.1153553865
22.520 0.93524 22.1251800669
22.530 0.93482 22.1350047472
22.540 0.93440 22.1448294275
22.550 0.93398 22.1546541078
22.560 0.93356 22.1644787881
22.570 0.93314 22.1743034684
22.580 0.93272 22.1841281487
22.590 0.93231 22.1939528291
22.600 0.93189 22.2037775094
22.610 0.93147 22.2136021897
22.620 0.93106 22.22342687
22.630 0.93064 22.2332515503
22.640 0.93022 22.2430762306
22.650 0.92981 22.2529009109
22.660 0.92939 22.2627255913
22.670 0.92898 22.2725502716
22.680 0.92856 22.2823749519
22.690 0.92815 22.2921996322
22.700 0.92774 22.3020243125
22.710 0.92732 22.3118489928
22.720 0.92691 22.3216736731
22.730 0.92650 22.3314983535
22.740 0.92609 22.3413230338
22.750 0.92567 22.3511477141
22.760 0.92526 22.3609723944
22.770 0.92485 22.3707970747
22.780 0.92444 22.380621755
22.790 0.92403 22.3904464353
22.800 0.92362 22.4002711157
22.810 0.92321 22.410095796
22.820 0.92280 22.4199204763
22.830 0.92239 22.4297451566
22.840 0.92199 22.4395698369
22.850 0.92158 22.4493945172
22.860 0.92117 22.4592191975
22.870 0.92076 22.4690438778
22.880 0.92035 22.4788685582
22.890 0.91995 22.4886932385
22.900 0.91954 22.4985179188
22.910 0.91914 22.5083425991
22.920 0.91873 22.5181672794
22.930 0.91832 22.5279919597
22.940 0.91792 22.53781664
22.950 0.91752 22.5476413204
22.960 0.91711 22.5574660007
22.970 0.91671 22.567290681
22.980 0.91630 22.5771153613
22.990 0.91590 22.5869400416
23.000 0.91550 22.5967647219
23.010 0.91510 22.6065894022
23.020 0.91469 22.6164140826
23.030 0.91429 22.6262387629
23.040 0.91389 22.6360634432
23.050 0.91349 22.6458881235
23.060 0.91309 22.6557128038
23.070 0.91269 22.6655374841
23.080 0.91229 22.6753621644
23.090 0.91189 22.6851868448
23.100 0.91149 22.6950115251
23.110 0.91109 22.7048362054
23.120 0.91069 22.7146608857
23.130 0.91029 22.724485566
23.140 0.90990 22.7343102463
23.150 0.90950 22.7441349266
23.160 0.90910 22.753959607
23.170 0.90870 22.7637842873
23.180 0.90831 22.7736089676
23.190 0.90791 22.7834336479
23.200 0.90752 22.7932583282
23.210 0.90712 22.8030830085
23.220 0.90672 22.8129076888
23.230 0.90633 22.8227323691
23.240 0.90594 22.8325570495
23.250 0.90554 22.8423817298
23.260 0.90515 22.8522064101
23.270 0.90475 22.8620310904
23.280 0.90436 22.8718557707
23.290 0.90397 22.881680451
23.300 0.90358 22.8915051313
23.310 0.90318 22.9013298117
23.320 0.90279 22.911154492
23.330 0.90240 22.9209791723
23.340 0.90201 22.9308038526
23.350 0.90162 22.9406285329
23.360 0.90123 22.9504532132
23.370 0.90084 22.9602778935
23.380 0.90045 22.9701025739
23.390 0.90006 22.9799272542
23.400 0.89967 22.9897519345
23.410 0.89928 22.9995766148
23.420 0.89889 23.0094012951
23.430 0.89850 23.0192259754
23.440 0.89812 23.0290506557
23.450 0.89773 23.0388753361
23.460 0.89734 23.0487000164
23.470 0.89695 23.0585246967
23.480 0.89657 23.068349377
23.490 0.89618 23.0781740573
23.500 0.89580 23.0879987376
23.510 0.89541 23.0978234179
23.520 0.89503 23.1076480983
23.530 0.89464 23.1174727786
23.540 0.89426 23.1272974589
23.550 0.89387 23.1371221392
23.560 0.89349 23.1469468195
23.570 0.89310 23.1567714998
23.580 0.89272 23.1665961801
23.590 0.89234 23.1764208604
23.600 0.89196 23.1862455408
23.610 0.89157 23.1960702211
23.620 0.89119 23.2058949014
23.630 0.89081 23.2157195817
23.640 0.89043 23.225544262
23.650 0.89005 23.2353689423
23.660 0.88967 23.2451936226
23.670 0.88929 23.255018303
23.680 0.88891 23.2648429833
23.690 0.88853 23.2746676636
23.700 0.88815 23.2844923439
23.710 0.88777 23.2943170242
23.720 0.88739 23.3041417045
23.730 0.88701 23.3139663848
23.740 0.88663 23.3237910652
23.750 0.88626 23.3336157455
23.760 0.88588 23.3434404258
23.770 0.88550 23.3532651061
23.780 0.88513 23.3630897864
23.790 0.88475 23.3729144667
23.800 0.88437 23.382739147
23.810 0.88400 23.3925638274
23.820 0.88362 23.4023885077
23.830 0.88325 23.412213188
23.840 0.88287 23.4220378683
23.850 0.88250 23.4318625486
23.860 0.88212 23.4416872289
23.870 0.88175 23.4515119092
23.880 0.88138 23.4613365895
23.890 0.88100 23.4711612699
23.900 0.88063 23.4809859502
23.910 0.88026 23.4908106305
23.920 0.87988 23.5006353108
23.930 0.87951 23.5104599911
23.940 0.87914 23.5202846714
23.950 0.87877 23.5301093517
23.960 0.87840 23.5399340321
23.970 0.87803 23.5497587124
23.980 0.87766 23.5595833927
23.990 0.87729 23.569408073
24.000 0.87692 23.5792327533
24.010 0.87655 23.5890574336
24.020 0.87618 23.5988821139
24.030 0.87581 23.6087067943
24.040 0.87544 23.6185314746
24.050 0.87507 23.6283561549
24.060 0.87470 23.6381808352
24.070 0.87434 23.6480055155
24.080 0.87397 23.6578301958
24.090 0.87360 23.6676548761
24.100 0.87323 23.6774795565
24.110 0.87287 23.6873042368
24.120 0.87250 23.6971289171
24.130 0.87214 23.7069535974
24.140 0.87177 23.7167782777
24.150 0.87141 23.726602958
24.160 0.87104 23.7364276383
24.170 0.87068 23.7462523187
24.180 0.87031 23.756076999
24.190 0.86995 23.7659016793
24.200 0.86958 23.7757263596
24.210 0.86922 23.7855510399
24.220 0.86886 23.7953757202
24.230 0.86849 23.8052004005
24.240 0.86813 23.8150250808
24.250 0.86777 23.8248497612
24.260 0.86741 23.8346744415
24.270 0.86705 23.8444991218
24.280 0.86668 23.8543238021
24.290 0.86632 23.8641484824
24.300 0.86596 23.8739731627
24.310 0.86560 23.883797843
24.320 0.86524 23.8936225234
24.330 0.86488 23.9034472037
24.340 0.86452 23.913271884
24.350 0.86416 23.9230965643
24.360 0.86380 23.9329212446
24.370 0.86345 23.9427459249
24.380 0.86309 23.9525706052
24.390 0.86273 23.9623952856
24.400 0.86237 23.9722199659
24.410 0.86201 23.9820446462
24.420 0.86166 23.9918693265
24.430 0.86130 24.0016940068
24.440 0.86094 24.0115186871
24.450 0.86059 24.0213433674
24.460 0.86023 24.0311680478
24.470 0.85987 24.0409927281
24.480 0.85952 24.0508174084
24.490 0.85916 24.0606420887
24.500 0.85881 24.070466769
24.510 0.85845 24.0802914493
24.520 0.85810 24.0901161296
24.530 0.85775 24.09994081
24.540 0.85739 24.1097654903
24.550 0.85704 24.1195901706
24.560 0.85669 24.1294148509
24.570 0.85633 24.1392395312
24.580 0.85598 24.1490642115
24.590 0.85563 24.1588888918
24.600 0.85528 24.1687135721
24.610 0.85492 24.1785382525
24.620 0.85457 24.1883629328
24.630 0.85422 24.1981876131
24.640 0.85387 24.2080122934
24.650 0.85352 24.2178369737
24.660 0.85317 24.227661654
24.670 0.85282 24.2374863343
24.680 0.85247 24.2473110147
24.690 0.85212 24.257135695
24.700 0.85177 24.2669603753
24.710 0.85142 24.2767850556
24.720 0.85107 24.2866097359
24.730 0.85073 24.2964344162
24.740 0.85038 24.3062590965
24.750 0.85003 24.3160837769
24.760 0.84968 24.3259084572
24.770 0.84934 24.3357331375
24.780 0.84899 24.3455578178
24.790 0.84864 24.3553824981
24.800 0.84830 24.3652071784
24.810 0.84795 24.3750318587
24.820 0.84760 24.3848565391
24.830 0.84726 24.3946812194
24.840 0.84691 24.4045058997
24.850 0.84657 24.41433058
24.860 0.84622 24.4241552603
24.870 0.84588 24.4339799406
24.880 0.84554 24.4438046209
24.890 0.84519 24.4536293013
24.900 0.84485 24.4634539816
24.910 0.84450 24.4732786619
24.920 0.84416 24.4831033422
24.930 0.84382 24.4929280225
24.940 0.84348 24.5027527028
24.950 0.84313 24.5125773831
24.960 0.84279 24.5224020634
24.970 0.84245 24.5322267438
24.980 0.84211 24.5420514241
24.990 0.84177 24.5518761044
25.000 0.84143 24.5617007847
25.100 0.83803 24.6599475878
25.110 0.83770 24.6697722682
25.120 0.83736 24.6795969485
25.130 0.83702 24.6894216288
25.140 0.83668 24.6992463091
25.150 0.83635 24.7090709894
25.160 0.83601 24.7188956697
25.170 0.83568 24.72872035
25.180 0.83534 24.7385450304
25.190 0.83500 24.7483697107
25.200 0.83467 24.758194391
25.210 0.83433 24.7680190713
25.220 0.83400 24.7778437516
25.230 0.83366 24.7876684319
25.240 0.83333 24.7974931122
25.250 0.83300 24.8073177926
25.260 0.83266 24.8171424729
25.270 0.83233 24.8269671532
25.280 0.83199 24.8367918335
25.290 0.83166 24.8466165138
25.300 0.83133 24.8564411941
25.310 0.83100 24.8662658744
25.320 0.83066 24.8760905547
25.330 0.83033 24.8859152351
25.340 0.83000 24.8957399154
25.350 0.82967 24.9055645957
25.360 0.82934 24.915389276
25.370 0.82901 24.9252139563
25.380 0.82868 24.9350386366
25.390 0.82835 24.9448633169
25.400 0.82802 24.9546879973
25.410 0.82769 24.9645126776
25.420 0.82736 24.9743373579
25.430 0.82703 24.9841620382
25.440 0.82670 24.9939867185
25.450 0.82637 25.0038113988
25.460 0.82604 25.0136360791
25.470 0.82571 25.0234607595
25.480 0.82538 25.0332854398
25.490 0.82506 25.0431101201
25.500 0.82473 25.0529348004
25.510 0.82440 25.0627594807
25.520 0.82407 25.072584161
25.530 0.82375 25.0824088413
25.540 0.82342 25.0922335217
25.550 0.82309 25.102058202
25.560 0.82277 25.1118828823
25.570 0.82244 25.1217075626
25.580 0.82212 25.1315322429
25.590 0.82179 25.1413569232
25.600 0.82147 25.1511816035
25.610 0.82114 25.1610062839
25.620 0.82082 25.1708309642
25.630 0.82049 25.1806556445
25.640 0.82017 25.1904803248
25.650 0.81985 25.2003050051
25.660 0.81952 25.2101296854
25.670 0.81920 25.2199543657
25.680 0.81888 25.229779046
25.690 0.81855 25.2396037264
25.700 0.81823 25.2494284067
25.710 0.81791 25.259253087
25.720 0.81759 25.2690777673
25.730 0.81727 25.2789024476
25.740 0.81694 25.2887271279
25.750 0.81662 25.2985518082
25.760 0.81630 25.3083764886
25.770 0.81598 25.3182011689
25.780 0.81566 25.3280258492
25.790 0.81534 25.3378505295
25.800 0.81502 25.3476752098
25.810 0.81470 25.3574998901
25.820 0.81438 25.3673245704
25.830 0.81406 25.3771492508
25.840 0.81374 25.3869739311
25.850 0.81342 25.3967986114
25.860 0.81311 25.4066232917
25.870 0.81279 25.416447972
25.880 0.81247 25.4262726523
25.890 0.81215 25.4360973326
25.900 0.81183 25.445922013
25.910 0.81152 25.4557466933
25.920 0.81120 25.4655713736
25.930 0.81088 25.4753960539
25.940 0.81057 25.4852207342
25.950 0.81025 25.4950454145
25.960 0.80994 25.5048700948
25.970 0.80962 25.5146947752
25.980 0.80930 25.5245194555
25.990 0.80899 25.5343441358
26.000 0.80867 25.5441688161
26.010 0.80836 25.5539934964
26.020 0.80804 25.5638181767
26.030 0.80773 25.573642857
26.040 0.80742 25.5834675373
26.050 0.80710 25.5932922177
26.060 0.80679 25.603116898
26.070 0.80648 25.6129415783
26.080 0.80616 25.6227662586
26.090 0.80585 25.6325909389
26.100 0.80554 25.6424156192
26.110 0.80522 25.6522402995
26.120 0.80491 25.6620649799
26.130 0.80460 25.6718896602
26.140 0.80429 25.6817143405
26.150 0.80398 25.6915390208
26.160 0.80367 25.7013637011
26.170 0.80335 25.7111883814
26.180 0.80304 25.7210130617
26.190 0.80273 25.7308377421
26.200 0.80242 25.7406624224
26.210 0.80211 25.7504871027
26.220 0.80180 25.760311783
26.230 0.80149 25.7701364633
26.240 0.80118 25.7799611436
26.250 0.80088 25.7897858239
26.260 0.80057 25.7996105043
26.270 0.80026 25.8094351846
26.280 0.79995 25.8192598649
26.290 0.79964 25.8290845452
26.300 0.79933 25.8389092255
26.310 0.79903 25.8487339058
26.320 0.79872 25.8585585861
26.330 0.79841 25.8683832665
26.340 0.79811 25.8782079468
26.350 0.79780 25.8880326271
26.360 0.79749 25.8978573074
26.370 0.79719 25.9076819877
26.380 0.79688 25.917506668
26.390 0.79657 25.9273313483
26.400 0.79627 25.9371560286
26.410 0.79596 25.946980709
26.420 0.79566 25.9568053893
26.430 0.79535 25.9666300696
26.440 0.79505 25.9764547499
26.450 0.79474 25.9862794302
26.460 0.79444 25.9961041105
26.470 0.79414 26.0059287908
26.480 0.79383 26.0157534712
26.490 0.79353 26.0255781515
26.500 0.79323 26.0354028318
26.510 0.79292 26.0452275121
26.520 0.79262 26.0550521924
26.530 0.79232 26.0648768727
26.540 0.79202 26.074701553
26.550 0.79171 26.0845262334
26.560 0.79141 26.0943509137
26.570 0.79111 26.104175594
26.580 0.79081 26.1140002743
26.590 0.79051 26.1238249546
26.600 0.79021 26.1336496349
26.610 0.78991 26.1434743152
26.620 0.78960 26.1532989956
26.630 0.78930 26.1631236759
26.640 0.78900 26.1729483562
26.650 0.78870 26.1827730365
26.660 0.78841 26.1925977168
26.670 0.78811 26.2024223971
26.680 0.78781 26.2122470774
26.690 0.78751 26.2220717578
26.700 0.78721 26.2318964381
26.710 0.78691 26.2417211184
26.720 0.78661 26.2515457987
26.730 0.78631 26.261370479
26.740 0.78602 26.2711951593
26.750 0.78572 26.2810198396
26.760 0.78542 26.2908445199
26.770 0.78512 26.3006692003
26.780 0.78483 26.3104938806
26.790 0.78453 26.3203185609
26.800 0.78423 26.3301432412
26.810 0.78394 26.3399679215
26.820 0.78364 26.3497926018
26.830 0.78335 26.3596172821
26.840 0.78305 26.3694419625
26.850 0.78276 26.3792666428
26.860 0.78246 26.3890913231
26.870 0.78217 26.3989160034
26.880 0.78187 26.4087406837
26.890 0.78158 26.418565364
26.900 0.78128 26.4283900443
26.910 0.78099 26.4382147247
26.920 0.78069 26.448039405
26.930 0.78040 26.4578640853
26.940 0.78011 26.4676887656
26.950 0.77981 26.4775134459
26.960 0.77952 26.4873381262
26.970 0.77923 26.4971628065
26.980 0.77894 26.5069874869
26.990 0.77864 26.5168121672
27.000 0.77835 26.5266368475
27.010 0.77806 26.5364615278
27.020 0.77777 26.5462862081
27.030 0.77748 26.5561108884
27.040 0.77719 26.5659355687
27.050 0.77689 26.5757602491
27.060 0.77660 26.5855849294
27.070 0.77631 26.5954096097
27.080 0.77602 26.60523429
27.090 0.77573 26.6150589703
27.100 0.77544 26.6248836506
27.110 0.77515 26.6347083309
27.120 0.77486 26.6445330112
27.130 0.77457 26.6543576916
27.140 0.77429 26.6641823719
27.150 0.77400 26.6740070522
27.160 0.77371 26.6838317325
27.170 0.77342 26.6936564128
27.180 0.77313 26.7034810931
27.190 0.77284 26.7133057734
27.200 0.77256 26.7231304538
27.210 0.77227 26.7329551341
27.220 0.77198 26.7427798144
27.230 0.77169 26.7526044947
27.240 0.77141 26.762429175
27.250 0.77112 26.7722538553
27.260 0.77083 26.7820785356
27.270 0.77055 26.791903216
27.280 0.77026 26.8017278963
27.290 0.76997 26.8115525766
27.300 0.76969 26.8213772569
27.310 0.76940 26.8312019372
27.320 0.76912 26.8410266175
27.330 0.76883 26.8508512978
27.340 0.76855 26.8606759782
27.350 0.76826 26.8705006585
27.360 0.76798 26.8803253388
27.370 0.76770 26.8901500191
27.380 0.76741 26.8999746994
27.390 0.76713 26.9097993797
27.400 0.76684 26.91962406
27.410 0.76656 26.9294487404
27.420 0.76628 26.9392734207
27.430 0.76599 26.949098101
27.440 0.76571 26.9589227813
27.450 0.76543 26.9687474616
27.460 0.76515 26.9785721419
27.470 0.76486 26.9883968222
27.480 0.76458 26.9982215025
27.490 0.76430 27.0080461829
27.500 0.76402 27.0178708632
27.510 0.76374 27.0276955435
27.520 0.76346 27.0375202238
27.530 0.76318 27.0473449041
27.540 0.76290 27.0571695844
27.550 0.76261 27.0669942647
27.560 0.76233 27.0768189451
27.570 0.76205 27.0866436254
27.580 0.76177 27.0964683057
27.590 0.76149 27.106292986
27.600 0.76122 27.1161176663
27.610 0.76094 27.1259423466
27.620 0.76066 27.1357670269
27.630 0.76038 27.1455917073
27.640 0.76010 27.1554163876
27.650 0.75982 27.1652410679
27.660 0.75954 27.1750657482
27.670 0.75926 27.1848904285
27.680 0.75899 27.1947151088
27.690 0.75871 27.2045397891
27.700 0.75843 27.2143644695
27.710 0.75815 27.2241891498
27.720 0.75788 27.2340138301
27.730 0.75760 27.2438385104
27.740 0.75732 27.2536631907
27.750 0.75705 27.263487871
27.760 0.75677 27.2733125513
27.770 0.75650 27.2831372316
27.780 0.75622 27.292961912
27.790 0.75594 27.3027865923
27.800 0.75567 27.3126112726
27.810 0.75539 27.3224359529
27.820 0.75512 27.3322606332
27.830 0.75484 27.3420853135
27.840 0.75457 27.3519099938
27.850 0.75429 27.3617346742
27.860 0.75402 27.3715593545
27.870 0.75375 27.3813840348
27.880 0.75347 27.3912087151
27.890 0.75320 27.4010333954
27.900 0.75292 27.4108580757
27.910 0.75265 27.420682756
27.920 0.75238 27.4305074364
27.930 0.75211 27.4403321167
27.940 0.75183 27.450156797
27.950 0.75156 27.4599814773
27.960 0.75129 27.4698061576
27.970 0.75102 27.4796308379
27.980 0.75074 27.4894555182
27.990 0.75047 27.4992801986
28.000 0.75020 27.5091048789
28.010 0.74993 27.5189295592
28.020 0.74966 27.5287542395
28.030 0.74939 27.5385789198
28.040 0.74912 27.5484036001
28.050 0.74885 27.5582282804
28.060 0.74858 27.5680529608
28.070 0.74831 27.5778776411
28.080 0.74804 27.5877023214
28.090 0.74777 27.5975270017
28.100 0.74750 27.607351682
28.110 0.74723 27.6171763623
28.120 0.74696 27.6270010426
28.130 0.74669 27.6368257229
28.140 0.74642 27.6466504033
28.150 0.74615 27.6564750836
28.160 0.74588 27.6662997639
28.170 0.74561 27.6761244442
28.180 0.74535 27.6859491245
28.190 0.74508 27.6957738048
28.200 0.74481 27.7055984851
28.210 0.74454 27.7154231655
28.220 0.74428 27.7252478458
28.230 0.74401 27.7350725261
28.240 0.74374 27.7448972064
28.250 0.74347 27.7547218867
28.260 0.74321 27.764546567
28.270 0.74294 27.7743712473
28.280 0.74268 27.7841959277
28.290 0.74241 27.794020608
28.300 0.74214 27.8038452883
28.310 0.74188 27.8136699686
28.320 0.74161 27.8234946489
28.330 0.74135 27.8333193292
28.340 0.74108 27.8431440095
28.350 0.74082 27.8529686899
28.360 0.74055 27.8627933702
28.370 0.74029 27.8726180505
28.380 0.74002 27.8824427308
28.390 0.73976 27.8922674111
28.400 0.73950 27.9020920914
28.410 0.73923 27.9119167717
28.420 0.73897 27.9217414521
28.430 0.73871 27.9315661324
28.440 0.73844 27.9413908127
28.450 0.73818 27.951215493
28.460 0.73792 27.9610401733
28.470 0.73765 27.9708648536
28.480 0.73739 27.9806895339
28.490 0.73713 27.9905142142
28.500 0.73687 28.0003388946
28.510 0.73661 28.0101635749
28.520 0.73634 28.0199882552
28.530 0.73608 28.0298129355
28.540 0.73582 28.0396376158
28.550 0.73556 28.0494622961
28.560 0.73530 28.0592869764
28.570 0.73504 28.0691116568
28.580 0.73478 28.0789363371
28.590 0.73452 28.0887610174
28.600 0.73426 28.0985856977
28.610 0.73400 28.108410378
28.620 0.73374 28.1182350583
28.630 0.73348 28.1280597386
28.640 0.73322 28.137884419
28.650 0.73296 28.1477090993
28.660 0.73270 28.1575337796
28.670 0.73244 28.1673584599
28.680 0.73218 28.1771831402
28.690 0.73192 28.1870078205
28.700 0.73167 28.1968325008
28.710 0.73141 28.2066571812
28.720 0.73115 28.2164818615
28.730 0.73089 28.2263065418
28.740 0.73063 28.2361312221
28.750 0.73038 28.2459559024
28.760 0.73012 28.2557805827
28.770 0.72986 28.265605263
28.780 0.72960 28.2754299434
28.790 0.72935 28.2852546237
28.800 0.72909 28.295079304
28.810 0.72883 28.3049039843
28.820 0.72858 28.3147286646
28.830 0.72832 28.3245533449
28.840 0.72807 28.3343780252
28.850 0.72781 28.3442027055
28.860 0.72756 28.3540273859
28.870 0.72730 28.3638520662
28.880 0.72704 28.3736767465
28.890 0.72679 28.3835014268
28.900 0.72653 28.3933261071
28.910 0.72628 28.4031507874
28.920 0.72603 28.4129754677
28.930 0.72577 28.4228001481
28.940 0.72552 28.4326248284
28.950 0.72526 28.4424495087
28.960 0.72501 28.452274189
28.970 0.72476 28.4620988693
28.980 0.72450 28.4719235496
28.990 0.72425 28.4817482299
29.000 0.72400 28.4915729103
29.010 0.72374 28.5013975906
29.020 0.72349 28.5112222709
29.030 0.72324 28.5210469512
29.040 0.72299 28.5308716315
29.050 0.72273 28.5406963118
29.060 0.72248 28.5505209921
29.070 0.72223 28.5603456725
29.080 0.72198 28.5701703528
29.090 0.72173 28.5799950331
29.100 0.72147 28.5898197134
29.110 0.72122 28.5996443937
29.120 0.72097 28.609469074
29.130 0.72072 28.6192937543
29.140 0.72047 28.6291184347
29.150 0.72022 28.638943115
29.160 0.71997 28.6487677953
29.170 0.71972 28.6585924756
29.180 0.71947 28.6684171559
29.190 0.71922 28.6782418362
29.200 0.71897 28.6880665165
29.210 0.71872 28.6978911968
29.220 0.71847 28.7077158772
29.230 0.71822 28.7175405575
29.240 0.71797 28.7273652378
29.250 0.71773 28.7371899181
29.260 0.71748 28.7470145984
29.270 0.71723 28.7568392787
29.280 0.71698 28.766663959
29.290 0.71673 28.7764886394
29.300 0.71648 28.7863133197
29.310 0.71624 28.796138
29.320 0.71599 28.8059626803
29.330 0.71574 28.8157873606
29.340 0.71549 28.8256120409
29.350 0.71525 28.8354367212
29.360 0.71500 28.8452614016
29.370 0.71475 28.8550860819
29.380 0.71451 28.8649107622
29.390 0.71426 28.8747354425
29.400 0.71401 28.8845601228
29.410 0.71377 28.8943848031
29.420 0.71352 28.9042094834
29.430 0.71328 28.9140341638
29.440 0.71303 28.9238588441
29.450 0.71279 28.9336835244
29.460 0.71254 28.9435082047
29.470 0.71230 28.953332885
29.480 0.71205 28.9631575653
29.490 0.71181 28.9729822456
29.500 0.71156 28.982806926
29.510 0.71132 28.9926316063
29.520 0.71107 29.0024562866
29.530 0.71083 29.0122809669
29.540 0.71059 29.0221056472
29.550 0.71034 29.0319303275
29.560 0.71010 29.0417550078
29.570 0.70985 29.0515796881
29.580 0.70961 29.0614043685
29.590 0.70937 29.0712290488
29.600 0.70913 29.0810537291
29.610 0.70888 29.0908784094
29.620 0.70864 29.1007030897
29.630 0.70840 29.11052777
29.640 0.70816 29.1203524503
29.650 0.70791 29.1301771307
29.660 0.70767 29.140001811
29.670 0.70743 29.1498264913
29.680 0.70719 29.1596511716
29.690 0.70695 29.1694758519
29.700 0.70671 29.1793005322
29.710 0.70646 29.1891252125
29.720 0.70622 29.1989498929
29.730 0.70598 29.2087745732
29.740 0.70574 29.2185992535
29.750 0.70550 29.2284239338
29.760 0.70526 29.2382486141
29.770 0.70502 29.2480732944
29.780 0.70478 29.2578979747
29.790 0.70454 29.2677226551
29.800 0.70430 29.2775473354
29.810 0.70406 29.2873720157
29.820 0.70382 29.297196696
29.830 0.70358 29.3070213763
29.840 0.70335 29.3168460566
29.850 0.70311 29.3266707369
29.860 0.70287 29.3364954173
29.870 0.70263 29.3463200976
29.880 0.70239 29.3561447779
29.890 0.70215 29.3659694582
29.900 0.70191 29.3757941385
29.910 0.70168 29.3856188188
29.920 0.70144 29.3954434991
29.930 0.70120 29.4052681794
29.940 0.70096 29.4150928598
29.950 0.70073 29.4249175401
29.960 0.70049 29.4347422204
29.970 0.70025 29.4445669007
29.980 0.70002 29.454391581
29.990 0.69978 29.4642162613
30.000 0.69954 29.4740409416
