0.10000 270.79
0.11000 246.17
0.12000 225.66
0.13000 208.30
0.14000 193.42
0.15000 180.53
0.16000 169.24
0.17000 159.29
0.18000 150.44
0.19000 142.52
0.20000 135.40
0.21000 128.95
0.22000 123.09
0.23000 117.74
0.24000 112.83
0.25000 108.32
0.26000 104.15
0.27000 100.29
0.28000 96.712
0.29000 93.377
0.30000 90.264
0.31000 87.352
0.32000 84.623
0.33000 82.058
0.34000 79.645
0.35000 77.369
0.36000 75.220
0.37000 73.187
0.38000 71.261
0.39000 69.434
0.40000 67.698
0.41000 66.047
0.42000 64.475
0.43000 62.975
0.44000 61.544
0.45000 60.176
0.46000 58.868
0.47000 57.616
0.48000 56.415
0.49000 55.264
0.50000 54.159
0.51000 53.097
0.52000 52.076
0.53000 51.093
0.54000 50.147
0.55000 49.235
0.56000 48.356
0.57000 47.508
0.58000 46.689
0.59000 45.897
0.60000 45.132
0.61000 44.393
0.62000 43.677
0.63000 42.983
0.64000 42.312
0.65000 41.661
0.66000 41.030
0.67000 40.417
0.68000 39.823
0.69000 39.246
0.70000 38.685
0.71000 38.140
0.72000 37.610
0.73000 37.095
0.74000 36.594
0.75000 36.106
0.76000 35.631
0.77000 35.168
0.78000 34.717
0.79000 34.278
0.80000 33.849
0.81000 33.432
0.82000 33.024
0.83000 32.626
0.84000 32.238
0.85000 31.858
0.86000 31.488
0.87000 31.126
0.88000 30.772
0.89000 30.427
0.90000 30.088
0.91000 29.758
0.92000 29.434
0.93000 29.118
0.94000 28.808
0.95000 28.505
0.96000 28.208
0.97000 27.917
0.98000 27.632
0.99000 27.353
1.0000 27.080
1.0100 26.812
1.0200 26.549
1.0300 26.291
1.0400 26.038
1.0500 25.790
1.0600 25.547
1.0700 25.308
1.0800 25.074
1.0900 24.844
1.1000 24.618
1.1100 24.396
1.1200 24.178
1.1300 23.964
1.1400 23.754
1.1500 23.548
1.1600 23.345
1.1700 23.145
1.1800 22.949
1.1900 22.756
1.2000 22.567
1.2100 22.380
1.2200 22.197
1.2300 22.016
1.2400 21.839
1.2500 21.664
1.2600 21.492
1.2700 21.323
1.2800 21.156
1.2900 20.992
1.3000 20.831
1.3100 20.672
1.3200 20.515
1.3300 20.361
1.3400 20.209
1.3500 20.059
1.3600 19.912
1.3700 19.766
1.3800 19.623
1.3900 19.482
1.4000 19.343
1.4100 19.206
1.4200 19.070
1.4300 18.937
1.4400 18.806
1.4500 18.676
1.4600 18.548
1.4700 18.422
1.4800 18.297
1.4900 18.175
1.5000 18.053
1.5100 17.934
1.5200 17.816
1.5300 17.699
1.5400 17.584
1.5500 17.471
1.5600 17.359
1.5700 17.248
1.5800 17.139
1.5900 17.032
1.6000 16.925
1.6100 16.820
1.6200 16.716
1.6300 16.614
1.6400 16.512
1.6500 16.412
1.6600 16.313
1.6700 16.216
1.6800 16.119
1.6900 16.024
1.7000 15.930
1.7100 15.836
1.7200 15.744
1.7300 15.653
1.7400 15.563
1.7500 15.474
1.7600 15.387
1.7700 15.300
1.7800 15.214
1.7900 15.129
1.8000 15.045
1.8100 14.961
1.8200 14.879
1.8300 14.798
1.8400 14.718
1.8500 14.638
1.8600 14.559
1.8700 14.481
1.8800 14.404
1.8900 14.328
1.9000 14.253
1.9100 14.178
1.9200 14.104
1.9300 14.031
1.9400 13.959
1.9500 13.887
1.9600 13.817
1.9700 13.746
1.9800 13.677
1.9900 13.608
2.0000 13.540
2.0100 13.473
2.0200 13.406
2.0300 13.340
2.0400 13.275
2.0500 13.210
2.0600 13.146
2.0700 13.082
2.0800 13.019
2.0900 12.957
2.1000 12.895
2.1100 12.834
2.1200 12.774
2.1300 12.714
2.1400 12.654
2.1500 12.596
2.1600 12.537
2.1700 12.480
2.1800 12.422
2.1900 12.366
2.2000 12.309
2.2100 12.254
2.2200 12.198
2.2300 12.144
2.2400 12.090
2.2500 12.036
2.2600 11.983
2.2700 11.930
2.2800 11.877
2.2900 11.826
2.3000 11.774
2.3100 11.723
2.3200 11.673
2.3300 11.623
2.3400 11.573
2.3500 11.524
2.3600 11.475
2.3700 11.426
2.3800 11.378
2.3900 11.331
2.4000 11.284
2.4100 11.237
2.4200 11.190
2.4300 11.144
2.4400 11.099
2.4500 11.053
2.4600 11.008
2.4700 10.964
2.4800 10.920
2.4900 10.876
2.5000 10.832
2.5100 10.789
2.5200 10.746
2.5300 10.704
2.5400 10.662
2.5500 10.620
2.5600 10.578
2.5700 10.537
2.5800 10.496
2.5900 10.456
2.6000 10.416
2.6100 10.376
2.6200 10.336
2.6300 10.297
2.6400 10.258
2.6500 10.219
2.6600 10.181
2.6700 10.143
2.6800 10.105
2.6900 10.067
2.7000 10.030
2.7100 9.9930
2.7200 9.9563
2.7300 9.9198
2.7400 9.8836
2.7500 9.8477
2.7600 9.8120
2.7700 9.7766
2.7800 9.7414
2.7900 9.7065
2.8000 9.6718
2.8100 9.6374
2.8200 9.6032
2.8300 9.5693
2.8400 9.5356
2.8500 9.5022
2.8600 9.4689
2.8700 9.4359
2.8800 9.4032
2.8900 9.3706
2.9000 9.3383
2.9100 9.3062
2.9200 9.2744
2.9300 9.2427
2.9400 9.2113
2.9500 9.1801
2.9600 9.1491
2.9700 9.1183
2.9800 9.0877
2.9900 9.0573
3.0000 9.0271
3.0100 8.9971
3.0200 8.9673
3.0300 8.9377
3.0400 8.9083
3.0500 8.8791
3.0600 8.8501
3.0700 8.8213
3.0800 8.7926
3.0900 8.7642
3.1000 8.7359
3.1100 8.7078
3.1200 8.6799
3.1300 8.6522
3.1400 8.6246
3.1500 8.5973
3.1600 8.5701
3.1700 8.5430
3.1800 8.5162
3.1900 8.4895
3.2000 8.4630
3.2100 8.4366
3.2200 8.4104
3.2300 8.3844
3.2400 8.3585
3.2500 8.3328
3.2600 8.3072
3.2700 8.2818
3.2800 8.2566
3.2900 8.2315
3.3000 8.2065
3.3100 8.1817
3.3200 8.1571
3.3300 8.1326
3.3400 8.1083
3.3500 8.0841
3.3600 8.0600
3.3700 8.0361
3.3800 8.0123
3.3900 7.9887
3.4000 7.9652
3.4100 7.9418
3.4200 7.9186
3.4300 7.8955
3.4400 7.8726
3.4500 7.8498
3.4600 7.8271
3.4700 7.8045
3.4800 7.7821
3.4900 7.7598
3.5000 7.7376
3.5100 7.7156
3.5200 7.6937
3.5300 7.6719
3.5400 7.6502
3.5500 7.6287
3.5600 7.6072
3.5700 7.5859
3.5800 7.5647
3.5900 7.5437
3.6000 7.5227
3.6100 7.5019
3.6200 7.4812
3.6300 7.4606
3.6400 7.4401
3.6500 7.4197
3.6600 7.3994
3.6700 7.3793
3.6800 7.3592
3.6900 7.3393
3.7000 7.3194
3.7100 7.2997
3.7200 7.2801
3.7300 7.2606
3.7400 7.2412
3.7500 7.2219
3.7600 7.2026
3.7700 7.1835
3.7800 7.1645
3.7900 7.1456
3.8000 7.1268
3.8100 7.1081
3.8200 7.0895
3.8300 7.0710
3.8400 7.0526
3.8500 7.0343
3.8600 7.0161
3.8700 6.9979
3.8800 6.9799
3.8900 6.9620
3.9000 6.9441
3.9100 6.9264
3.9200 6.9087
3.9300 6.8911
3.9400 6.8736
3.9500 6.8562
3.9600 6.8389
3.9700 6.8217
3.9800 6.8046
3.9900 6.7875
4.0000 6.7705
4.0100 6.7537
4.0200 6.7369
4.0300 6.7202
4.0400 6.7035
4.0500 6.6870
4.0600 6.6705
4.0700 6.6541
4.0800 6.6378
4.0900 6.6216
4.1000 6.6054
4.1100 6.5894
4.1200 6.5734
4.1300 6.5575
4.1400 6.5416
4.1500 6.5259
4.1600 6.5102
4.1700 6.4946
4.1800 6.4790
4.1900 6.4636
4.2000 6.4482
4.2100 6.4329
4.2200 6.4176
4.2300 6.4025
4.2400 6.3874
4.2500 6.3723
4.2600 6.3574
4.2700 6.3425
4.2800 6.3277
4.2900 6.3129
4.3000 6.2983
4.3100 6.2836
4.3200 6.2691
4.3300 6.2546
4.3400 6.2402
4.3500 6.2259
4.3600 6.2116
4.3700 6.1974
4.3800 6.1832
4.3900 6.1692
4.4000 6.1551
4.4100 6.1412
4.4200 6.1273
4.4300 6.1135
4.4400 6.0997
4.4500 6.0860
4.4600 6.0723
4.4700 6.0588
4.4800 6.0452
4.4900 6.0318
4.5000 6.0184
4.5100 6.0050
4.5200 5.9918
4.5300 5.9785
4.5400 5.9654
4.5500 5.9523
4.5600 5.9392
4.5700 5.9262
4.5800 5.9133
4.5900 5.9004
4.6000 5.8876
4.6100 5.8748
4.6200 5.8621
4.6300 5.8494
4.6400 5.8368
4.6500 5.8243
4.6600 5.8118
4.6700 5.7993
4.6800 5.7869
4.6900 5.7746
4.7000 5.7623
4.7100 5.7501
4.7200 5.7379
4.7300 5.7258
4.7400 5.7137
4.7500 5.7017
4.7600 5.6897
4.7700 5.6778
4.7800 5.6659
4.7900 5.6541
4.8000 5.6423
4.8100 5.6306
4.8200 5.6189
4.8300 5.6073
4.8400 5.5957
4.8500 5.5841
4.8600 5.5726
4.8700 5.5612
4.8800 5.5498
4.8900 5.5385
4.9000 5.5272
4.9100 5.5159
4.9200 5.5047
4.9300 5.4935
4.9400 5.4824
4.9500 5.4713
4.9600 5.4603
4.9700 5.4493
4.9800 5.4384
4.9900 5.4275
5.0000 5.4166
5.1000 5.3105
5.1100 5.3001
5.1200 5.2897
5.1300 5.2794
5.1400 5.2691
5.1500 5.2589
5.1600 5.2487
5.1700 5.2386
5.1800 5.2285
5.1900 5.2184
5.2000 5.2084
5.2100 5.1984
5.2200 5.1884
5.2300 5.1785
5.2400 5.1686
5.2500 5.1588
5.2600 5.1490
5.2700 5.1392
5.2800 5.1295
5.2900 5.1198
5.3000 5.1101
5.3100 5.1005
5.3200 5.0909
5.3300 5.0813
5.3400 5.0718
5.3500 5.0624
5.3600 5.0529
5.3700 5.0435
5.3800 5.0341
5.3900 5.0248
5.4000 5.0155
5.4100 5.0062
5.4200 4.9970
5.4300 4.9878
5.4400 4.9786
5.4500 4.9695
5.4600 4.9604
5.4700 4.9513
5.4800 4.9423
5.4900 4.9333
5.5000 4.9243
5.5100 4.9154
5.5200 4.9065
5.5300 4.8976
5.5400 4.8888
5.5500 4.8800
5.5600 4.8712
5.5700 4.8624
5.5800 4.8537
5.5900 4.8451
5.6000 4.8364
5.6100 4.8278
5.6200 4.8192
5.6300 4.8106
5.6400 4.8021
5.6500 4.7936
5.6600 4.7851
5.6700 4.7767
5.6800 4.7683
5.6900 4.7599
5.7000 4.7516
5.7100 4.7433
5.7200 4.7350
5.7300 4.7267
5.7400 4.7185
5.7500 4.7103
5.7600 4.7021
5.7700 4.6939
5.7800 4.6858
5.7900 4.6777
5.8000 4.6697
5.8100 4.6616
5.8200 4.6536
5.8300 4.6457
5.8400 4.6377
5.8500 4.6298
5.8600 4.6219
5.8700 4.6140
5.8800 4.6062
5.8900 4.5983
5.9000 4.5905
5.9100 4.5828
5.9200 4.5750
5.9300 4.5673
5.9400 4.5596
5.9500 4.5520
5.9600 4.5443
5.9700 4.5367
5.9800 4.5292
5.9900 4.5216
6.0000 4.5141
6.0100 4.5065
6.0200 4.4991
6.0300 4.4916
6.0400 4.4842
6.0500 4.4768
6.0600 4.4694
6.0700 4.4620
6.0800 4.4547
6.0900 4.4474
6.1000 4.4401
6.1100 4.4328
6.1200 4.4256
6.1300 4.4184
6.1400 4.4112
6.1500 4.4040
6.1600 4.3968
6.1700 4.3897
6.1800 4.3826
6.1900 4.3755
6.2000 4.3685
6.2100 4.3614
6.2200 4.3544
6.2300 4.3475
6.2400 4.3405
6.2500 4.3335
6.2600 4.3266
6.2700 4.3197
6.2800 4.3128
6.2900 4.3060
6.3000 4.2992
6.3100 4.2923
6.3200 4.2856
6.3300 4.2788
6.3400 4.2720
6.3500 4.2653
6.3600 4.2586
6.3700 4.2519
6.3800 4.2453
6.3900 4.2386
6.4000 4.2320
6.4100 4.2254
6.4200 4.2188
6.4300 4.2123
6.4400 4.2057
6.4500 4.1992
6.4600 4.1927
6.4700 4.1862
6.4800 4.1798
6.4900 4.1733
6.5000 4.1669
6.5100 4.1605
6.5200 4.1541
6.5300 4.1478
6.5400 4.1414
6.5500 4.1351
6.5600 4.1288
6.5700 4.1225
6.5800 4.1163
6.5900 4.1100
6.6000 4.1038
6.6100 4.0976
6.6200 4.0914
6.6300 4.0852
6.6400 4.0791
6.6500 4.0730
6.6600 4.0668
6.6700 4.0607
6.6800 4.0547
6.6900 4.0486
6.7000 4.0426
6.7100 4.0365
6.7200 4.0305
6.7300 4.0246
6.7400 4.0186
6.7500 4.0126
6.7600 4.0067
6.7700 4.0008
6.7800 3.9949
6.7900 3.9890
6.8000 3.9831
6.8100 3.9773
6.8200 3.9715
6.8300 3.9656
6.8400 3.9598
6.8500 3.9541
6.8600 3.9483
6.8700 3.9426
6.8800 3.9368
6.8900 3.9311
6.9000 3.9254
6.9100 3.9197
6.9200 3.9141
6.9300 3.9084
6.9400 3.9028
6.9500 3.8972
6.9600 3.8916
6.9700 3.8860
6.9800 3.8805
6.9900 3.8749
7.0000 3.8694
7.0100 3.8638
7.0200 3.8583
7.0300 3.8529
7.0400 3.8474
7.0500 3.8419
7.0600 3.8365
7.0700 3.8311
7.0800 3.8257
7.0900 3.8203
7.1000 3.8149
7.1100 3.8095
7.1200 3.8042
7.1300 3.7988
7.1400 3.7935
7.1500 3.7882
7.1600 3.7829
7.1700 3.7777
7.1800 3.7724
7.1900 3.7672
7.2000 3.7619
7.2100 3.7567
7.2200 3.7515
7.2300 3.7463
7.2400 3.7411
7.2500 3.7360
7.2600 3.7308
7.2700 3.7257
7.2800 3.7206
7.2900 3.7155
7.3000 3.7104
7.3100 3.7053
7.3200 3.7003
7.3300 3.6952
7.3400 3.6902
7.3500 3.6852
7.3600 3.6802
7.3700 3.6752
7.3800 3.6702
7.3900 3.6652
7.4000 3.6603
7.4100 3.6553
7.4200 3.6504
7.4300 3.6455
7.4400 3.6406
7.4500 3.6357
7.4600 3.6309
7.4700 3.6260
7.4800 3.6211
7.4900 3.6163
7.5000 3.6115
7.5100 3.6067
7.5200 3.6019
7.5300 3.5971
7.5400 3.5923
7.5500 3.5876
7.5600 3.5828
7.5700 3.5781
7.5800 3.5734
7.5900 3.5687
7.6000 3.5640
7.6100 3.5593
7.6200 3.5546
7.6300 3.5500
7.6400 3.5453
7.6500 3.5407
7.6600 3.5361
7.6700 3.5315
7.6800 3.5269
7.6900 3.5223
7.7000 3.5177
7.7100 3.5132
7.7200 3.5086
7.7300 3.5041
7.7400 3.4996
7.7500 3.4950
7.7600 3.4905
7.7700 3.4860
7.7800 3.4816
7.7900 3.4771
7.8000 3.4726
7.8100 3.4682
7.8200 3.4638
7.8300 3.4593
7.8400 3.4549
7.8500 3.4505
7.8600 3.4461
7.8700 3.4418
7.8800 3.4374
7.8900 3.4330
7.9000 3.4287
7.9100 3.4244
7.9200 3.4200
7.9300 3.4157
7.9400 3.4114
7.9500 3.4071
7.9600 3.4029
7.9700 3.3986
7.9800 3.3943
7.9900 3.3901
8.0000 3.3859
8.0100 3.3816
8.0200 3.3774
8.0300 3.3732
8.0400 3.3690
8.0500 3.3648
8.0600 3.3607
8.0700 3.3565
8.0800 3.3524
8.0900 3.3482
8.1000 3.3441
8.1100 3.3400
8.1200 3.3358
8.1300 3.3317
8.1400 3.3277
8.1500 3.3236
8.1600 3.3195
8.1700 3.3154
8.1800 3.3114
8.1900 3.3073
8.2000 3.3033
8.2100 3.2993
8.2200 3.2953
8.2300 3.2913
8.2400 3.2873
8.2500 3.2833
8.2600 3.2793
8.2700 3.2754
8.2800 3.2714
8.2900 3.2675
8.3000 3.2635
8.3100 3.2596
8.3200 3.2557
8.3300 3.2518
8.3400 3.2479
8.3500 3.2440
8.3600 3.2401
8.3700 3.2362
8.3800 3.2324
8.3900 3.2285
8.4000 3.2247
8.4100 3.2209
8.4200 3.2170
8.4300 3.2132
8.4400 3.2094
8.4500 3.2056
8.4600 3.2018
8.4700 3.1981
8.4800 3.1943
8.4900 3.1905
8.5000 3.1868
8.5100 3.1830
8.5200 3.1793
8.5300 3.1756
8.5400 3.1719
8.5500 3.1681
8.5600 3.1644
8.5700 3.1608
8.5800 3.1571
8.5900 3.1534
8.6000 3.1497
8.6100 3.1461
8.6200 3.1424
8.6300 3.1388
8.6400 3.1352
8.6500 3.1315
8.6600 3.1279
8.6700 3.1243
8.6800 3.1207
8.6900 3.1171
8.7000 3.1135
8.7100 3.1100
8.7200 3.1064
8.7300 3.1029
8.7400 3.0993
8.7500 3.0958
8.7600 3.0922
8.7700 3.0887
8.7800 3.0852
8.7900 3.0817
8.8000 3.0782
8.8100 3.0747
8.8200 3.0712
8.8300 3.0677
8.8400 3.0643
8.8500 3.0608
8.8600 3.0573
8.8700 3.0539
8.8800 3.0505
8.8900 3.0470
8.9000 3.0436
8.9100 3.0402
8.9200 3.0368
8.9300 3.0334
8.9400 3.0300
8.9500 3.0266
8.9600 3.0232
8.9700 3.0199
8.9800 3.0165
8.9900 3.0132
9.0000 3.0098
9.0100 3.0065
9.0200 3.0031
9.0300 2.9998
9.0400 2.9965
9.0500 2.9932
9.0600 2.9899
9.0700 2.9866
9.0800 2.9833
9.0900 2.9800
9.1000 2.9768
9.1100 2.9735
9.1200 2.9702
9.1300 2.9670
9.1400 2.9637
9.1500 2.9605
9.1600 2.9573
9.1700 2.9540
9.1800 2.9508
9.1900 2.9476
9.2000 2.9444
9.2100 2.9412
9.2200 2.9380
9.2300 2.9348
9.2400 2.9317
9.2500 2.9285
9.2600 2.9253
9.2700 2.9222
9.2800 2.9190
9.2900 2.9159
9.3000 2.9128
9.3100 2.9096
9.3200 2.9065
9.3300 2.9034
9.3400 2.9003
9.3500 2.8972
9.3600 2.8941
9.3700 2.8910
9.3800 2.8879
9.3900 2.8849
9.4000 2.8818
9.4100 2.8787
9.4200 2.8757
9.4300 2.8726
9.4400 2.8696
9.4500 2.8666
9.4600 2.8635
9.4700 2.8605
9.4800 2.8575
9.4900 2.8545
9.5000 2.8515
9.5100 2.8485
9.5200 2.8455
9.5300 2.8425
9.5400 2.8395
9.5500 2.8366
9.5600 2.8336
9.5700 2.8306
9.5800 2.8277
9.5900 2.8247
9.6000 2.8218
9.6100 2.8189
9.6200 2.8159
9.6300 2.8130
9.6400 2.8101
9.6500 2.8072
9.6600 2.8043
9.6700 2.8014
9.6800 2.7985
9.6900 2.7956
9.7000 2.7927
9.7100 2.7898
9.7200 2.7870
9.7300 2.7841
9.7400 2.7813
9.7500 2.7784
9.7600 2.7756
9.7700 2.7727
9.7800 2.7699
9.7900 2.7671
9.8000 2.7642
9.8100 2.7614
9.8200 2.7586
9.8300 2.7558
9.8400 2.7530
9.8500 2.7502
9.8600 2.7474
9.8700 2.7446
9.8800 2.7419
9.8900 2.7391
9.9000 2.7363
9.9100 2.7336
9.9200 2.7308
9.9300 2.7281
9.9400 2.7253
9.9500 2.7226
9.9600 2.7199
9.9700 2.7171
9.9800 2.7144
9.9900 2.7117
10.000 2.7090
10.100 2.6822
10.110 2.6795
10.120 2.6769
10.130 2.6742
10.140 2.6716
10.150 2.6690
10.160 2.6663
10.170 2.6637
10.180 2.6611
10.190 2.6585
10.200 2.6559
10.210 2.6533
10.220 2.6507
10.230 2.6481
10.240 2.6455
10.250 2.6430
10.260 2.6404
10.270 2.6378
10.280 2.6352
10.290 2.6327
10.300 2.6301
10.310 2.6276
10.320 2.6250
10.330 2.6225
10.340 2.6200
10.350 2.6174
10.360 2.6149
10.370 2.6124
10.380 2.6099
10.390 2.6074
10.400 2.6049
10.410 2.6024
10.420 2.5999
10.430 2.5974
10.440 2.5949
10.450 2.5924
10.460 2.5899
10.470 2.5874
10.480 2.5850
10.490 2.5825
10.500 2.5801
10.510 2.5776
10.520 2.5752
10.530 2.5727
10.540 2.5703
10.550 2.5678
10.560 2.5654
10.570 2.5630
10.580 2.5606
10.590 2.5581
10.600 2.5557
10.610 2.5533
10.620 2.5509
10.630 2.5485
10.640 2.5461
10.650 2.5437
10.660 2.5414
10.670 2.5390
10.680 2.5366
10.690 2.5342
10.700 2.5319
10.710 2.5295
10.720 2.5271
10.730 2.5248
10.740 2.5224
10.750 2.5201
10.760 2.5178
10.770 2.5154
10.780 2.5131
10.790 2.5108
10.800 2.5084
10.810 2.5061
10.820 2.5038
10.830 2.5015
10.840 2.4992
10.850 2.4969
10.860 2.4946
10.870 2.4923
10.880 2.4900
10.890 2.4877
10.900 2.4854
10.910 2.4832
10.920 2.4809
10.930 2.4786
10.940 2.4764
10.950 2.4741
10.960 2.4718
10.970 2.4696
10.980 2.4673
10.990 2.4651
11.000 2.4629
11.010 2.4606
11.020 2.4584
11.030 2.4562
11.040 2.4539
11.050 2.4517
11.060 2.4495
11.070 2.4473
11.080 2.4451
11.090 2.4429
11.100 2.4407
11.110 2.4385
11.120 2.4363
11.130 2.4341
11.140 2.4319
11.150 2.4298
11.160 2.4276
11.170 2.4254
11.180 2.4232
11.190 2.4211
11.200 2.4189
11.210 2.4168
11.220 2.4146
11.230 2.4125
11.240 2.4103
11.250 2.4082
11.260 2.4060
11.270 2.4039
11.280 2.4018
11.290 2.3996
11.300 2.3975
11.310 2.3954
11.320 2.3933
11.330 2.3912
11.340 2.3891
11.350 2.3870
11.360 2.3849
11.370 2.3828
11.380 2.3807
11.390 2.3786
11.400 2.3765
11.410 2.3744
11.420 2.3723
11.430 2.3703
11.440 2.3682
11.450 2.3661
11.460 2.3641
11.470 2.3620
11.480 2.3600
11.490 2.3579
11.500 2.3559
11.510 2.3538
11.520 2.3518
11.530 2.3497
11.540 2.3477
11.550 2.3457
11.560 2.3436
11.570 2.3416
11.580 2.3396
11.590 2.3376
11.600 2.3356
11.610 2.3335
11.620 2.3315
11.630 2.3295
11.640 2.3275
11.650 2.3255
11.660 2.3236
11.670 2.3216
11.680 2.3196
11.690 2.3176
11.700 2.3156
11.710 2.3136
11.720 2.3117
11.730 2.3097
11.740 2.3077
11.750 2.3058
11.760 2.3038
11.770 2.3019
11.780 2.2999
11.790 2.2979
11.800 2.2960
11.810 2.2941
11.820 2.2921
11.830 2.2902
11.840 2.2883
11.850 2.2863
11.860 2.2844
11.870 2.2825
11.880 2.2806
11.890 2.2786
11.900 2.2767
11.910 2.2748
11.920 2.2729
11.930 2.2710
11.940 2.2691
11.950 2.2672
11.960 2.2653
11.970 2.2634
11.980 2.2615
11.990 2.2596
12.000 2.2578
12.010 2.2559
12.020 2.2540
12.030 2.2521
12.040 2.2503
12.050 2.2484
12.060 2.2465
12.070 2.2447
12.080 2.2428
12.090 2.2410
12.100 2.2391
12.110 2.2373
12.120 2.2354
12.130 2.2336
12.140 2.2318
12.150 2.2299
12.160 2.2281
12.170 2.2263
12.180 2.2244
12.190 2.2226
12.200 2.2208
12.210 2.2190
12.220 2.2172
12.230 2.2153
12.240 2.2135
12.250 2.2117
12.260 2.2099
12.270 2.2081
12.280 2.2063
12.290 2.2045
12.300 2.2027
12.310 2.2010
12.320 2.1992
12.330 2.1974
12.340 2.1956
12.350 2.1938
12.360 2.1921
12.370 2.1903
12.380 2.1885
12.390 2.1868
12.400 2.1850
12.410 2.1832
12.420 2.1815
12.430 2.1797
12.440 2.1780
12.450 2.1762
12.460 2.1745
12.470 2.1727
12.480 2.1710
12.490 2.1693
12.500 2.1675
12.510 2.1658
12.520 2.1641
12.530 2.1623
12.540 2.1606
12.550 2.1589
12.560 2.1572
12.570 2.1555
12.580 2.1538
12.590 2.1520
12.600 2.1503
12.610 2.1486
12.620 2.1469
12.630 2.1452
12.640 2.1435
12.650 2.1418
12.660 2.1402
12.670 2.1385
12.680 2.1368
12.690 2.1351
12.700 2.1334
12.710 2.1317
12.720 2.1301
12.730 2.1284
12.740 2.1267
12.750 2.1251
12.760 2.1234
12.770 2.1217
12.780 2.1201
12.790 2.1184
12.800 2.1168
12.810 2.1151
12.820 2.1135
12.830 2.1118
12.840 2.1102
12.850 2.1085
12.860 2.1069
12.870 2.1053
12.880 2.1036
12.890 2.1020
12.900 2.1004
12.910 2.0987
12.920 2.0971
12.930 2.0955
12.940 2.0939
12.950 2.0923
12.960 2.0907
12.970 2.0890
12.980 2.0874
12.990 2.0858
13.000 2.0842
13.010 2.0826
13.020 2.0810
13.030 2.0794
13.040 2.0778
13.050 2.0763
13.060 2.0747
13.070 2.0731
13.080 2.0715
13.090 2.0699
13.100 2.0683
13.110 2.0668
13.120 2.0652
13.130 2.0636
13.140 2.0620
13.150 2.0605
13.160 2.0589
13.170 2.0574
13.180 2.0558
13.190 2.0542
13.200 2.0527
13.210 2.0511
13.220 2.0496
13.230 2.0480
13.240 2.0465
13.250 2.0449
13.260 2.0434
13.270 2.0419
13.280 2.0403
13.290 2.0388
13.300 2.0373
13.310 2.0357
13.320 2.0342
13.330 2.0327
13.340 2.0312
13.350 2.0296
13.360 2.0281
13.370 2.0266
13.380 2.0251
13.390 2.0236
13.400 2.0221
13.410 2.0206
13.420 2.0191
13.430 2.0176
13.440 2.0161
13.450 2.0146
13.460 2.0131
13.470 2.0116
13.480 2.0101
13.490 2.0086
13.500 2.0071
13.510 2.0056
13.520 2.0041
13.530 2.0027
13.540 2.0012
13.550 1.9997
13.560 1.9982
13.570 1.9968
13.580 1.9953
13.590 1.9938
13.600 1.9924
13.610 1.9909
13.620 1.9894
13.630 1.9880
13.640 1.9865
13.650 1.9851
13.660 1.9836
13.670 1.9822
13.680 1.9807
13.690 1.9793
13.700 1.9778
13.710 1.9764
13.720 1.9750
13.730 1.9735
13.740 1.9721
13.750 1.9707
13.760 1.9692
13.770 1.9678
13.780 1.9664
13.790 1.9649
13.800 1.9635
13.810 1.9621
13.820 1.9607
13.830 1.9593
13.840 1.9578
13.850 1.9564
13.860 1.9550
13.870 1.9536
13.880 1.9522
13.890 1.9508
13.900 1.9494
13.910 1.9480
13.920 1.9466
13.930 1.9452
13.940 1.9438
13.950 1.9424
13.960 1.9410
13.970 1.9396
13.980 1.9383
13.990 1.9369
14.000 1.9355
14.010 1.9341
14.020 1.9327
14.030 1.9314
14.040 1.9300
14.050 1.9286
14.060 1.9272
14.070 1.9259
14.080 1.9245
14.090 1.9231
14.100 1.9218
14.110 1.9204
14.120 1.9191
14.130 1.9177
14.140 1.9164
14.150 1.9150
14.160 1.9136
14.170 1.9123
14.180 1.9110
14.190 1.9096
14.200 1.9083
14.210 1.9069
14.220 1.9056
14.230 1.9042
14.240 1.9029
14.250 1.9016
14.260 1.9002
14.270 1.8989
14.280 1.8976
14.290 1.8963
14.300 1.8949
14.310 1.8936
14.320 1.8923
14.330 1.8910
14.340 1.8897
14.350 1.8883
14.360 1.8870
14.370 1.8857
14.380 1.8844
14.390 1.8831
14.400 1.8818
14.410 1.8805
14.420 1.8792
14.430 1.8779
14.440 1.8766
14.450 1.8753
14.460 1.8740
14.470 1.8727
14.480 1.8714
14.490 1.8701
14.500 1.8688
14.510 1.8675
14.520 1.8663
14.530 1.8650
14.540 1.8637
14.550 1.8624
14.560 1.8611
14.570 1.8599
14.580 1.8586
14.590 1.8573
14.600 1.8560
14.610 1.8548
14.620 1.8535
14.630 1.8522
14.640 1.8510
14.650 1.8497
14.660 1.8485
14.670 1.8472
14.680 1.8459
14.690 1.8447
14.700 1.8434
14.710 1.8422
14.720 1.8409
14.730 1.8397
14.740 1.8384
14.750 1.8372
14.760 1.8359
14.770 1.8347
14.780 1.8335
14.790 1.8322
14.800 1.8310
14.810 1.8297
14.820 1.8285
14.830 1.8273
14.840 1.8261
14.850 1.8248
14.860 1.8236
14.870 1.8224
14.880 1.8212
14.890 1.8199
14.900 1.8187
14.910 1.8175
14.920 1.8163
14.930 1.8151
14.940 1.8138
14.950 1.8126
14.960 1.8114
14.970 1.8102
14.980 1.8090
14.990 1.8078
15.000 1.8066
15.100 1.7946
15.110 1.7935
15.120 1.7923
15.130 1.7911
15.140 1.7899
15.150 1.7887
15.160 1.7876
15.170 1.7864
15.180 1.7852
15.190 1.7840
15.200 1.7829
15.210 1.7817
15.220 1.7805
15.230 1.7793
15.240 1.7782
15.250 1.7770
15.260 1.7759
15.270 1.7747
15.280 1.7735
15.290 1.7724
15.300 1.7712
15.310 1.7701
15.320 1.7689
15.330 1.7678
15.340 1.7666
15.350 1.7655
15.360 1.7643
15.370 1.7632
15.380 1.7620
15.390 1.7609
15.400 1.7597
15.410 1.7586
15.420 1.7574
15.430 1.7563
15.440 1.7552
15.450 1.7540
15.460 1.7529
15.470 1.7518
15.480 1.7506
15.490 1.7495
15.500 1.7484
15.510 1.7473
15.520 1.7461
15.530 1.7450
15.540 1.7439
15.550 1.7428
15.560 1.7417
15.570 1.7405
15.580 1.7394
15.590 1.7383
15.600 1.7372
15.610 1.7361
15.620 1.7350
15.630 1.7339
15.640 1.7328
15.650 1.7317
15.660 1.7305
15.670 1.7294
15.680 1.7283
15.690 1.7272
15.700 1.7261
15.710 1.7250
15.720 1.7240
15.730 1.7229
15.740 1.7218
15.750 1.7207
15.760 1.7196
15.770 1.7185
15.780 1.7174
15.790 1.7163
15.800 1.7152
15.810 1.7141
15.820 1.7131
15.830 1.7120
15.840 1.7109
15.850 1.7098
15.860 1.7088
15.870 1.7077
15.880 1.7066
15.890 1.7055
15.900 1.7045
15.910 1.7034
15.920 1.7023
15.930 1.7013
15.940 1.7002
15.950 1.6991
15.960 1.6981
15.970 1.6970
15.980 1.6959
15.990 1.6949
16.000 1.6938
16.010 1.6928
16.020 1.6917
16.030 1.6907
16.040 1.6896
16.050 1.6885
16.060 1.6875
16.070 1.6865
16.080 1.6854
16.090 1.6844
16.100 1.6833
16.110 1.6823
16.120 1.6812
16.130 1.6802
16.140 1.6791
16.150 1.6781
16.160 1.6771
16.170 1.6760
16.180 1.6750
16.190 1.6740
16.200 1.6729
16.210 1.6719
16.220 1.6709
16.230 1.6698
16.240 1.6688
16.250 1.6678
16.260 1.6668
16.270 1.6657
16.280 1.6647
16.290 1.6637
16.300 1.6627
16.310 1.6617
16.320 1.6606
16.330 1.6596
16.340 1.6586
16.350 1.6576
16.360 1.6566
16.370 1.6556
16.380 1.6546
16.390 1.6536
16.400 1.6526
16.410 1.6516
16.420 1.6505
16.430 1.6495
16.440 1.6485
16.450 1.6475
16.460 1.6465
16.470 1.6455
16.480 1.6445
16.490 1.6436
16.500 1.6426
16.510 1.6416
16.520 1.6406
16.530 1.6396
16.540 1.6386
16.550 1.6376
16.560 1.6366
16.570 1.6356
16.580 1.6346
16.590 1.6337
16.600 1.6327
16.610 1.6317
16.620 1.6307
16.630 1.6297
16.640 1.6288
16.650 1.6278
16.660 1.6268
16.670 1.6258
16.680 1.6249
16.690 1.6239
16.700 1.6229
16.710 1.6219
16.720 1.6210
16.730 1.6200
16.740 1.6190
16.750 1.6181
16.760 1.6171
16.770 1.6161
16.780 1.6152
16.790 1.6142
16.800 1.6133
16.810 1.6123
16.820 1.6114
16.830 1.6104
16.840 1.6094
16.850 1.6085
16.860 1.6075
16.870 1.6066
16.880 1.6056
16.890 1.6047
16.900 1.6037
16.910 1.6028
16.920 1.6018
16.930 1.6009
16.940 1.6000
16.950 1.5990
16.960 1.5981
16.970 1.5971
16.980 1.5962
16.990 1.5953
17.000 1.5943
17.010 1.5934
17.020 1.5924
17.030 1.5915
17.040 1.5906
17.050 1.5896
17.060 1.5887
17.070 1.5878
17.080 1.5869
17.090 1.5859
17.100 1.5850
17.110 1.5841
17.120 1.5832
17.130 1.5822
17.140 1.5813
17.150 1.5804
17.160 1.5795
17.170 1.5786
17.180 1.5776
17.190 1.5767
17.200 1.5758
17.210 1.5749
17.220 1.5740
17.230 1.5731
17.240 1.5722
17.250 1.5712
17.260 1.5703
17.270 1.5694
17.280 1.5685
17.290 1.5676
17.300 1.5667
17.310 1.5658
17.320 1.5649
17.330 1.5640
17.340 1.5631
17.350 1.5622
17.360 1.5613
17.370 1.5604
17.380 1.5595
17.390 1.5586
17.400 1.5577
17.410 1.5568
17.420 1.5559
17.430 1.5550
17.440 1.5541
17.450 1.5533
17.460 1.5524
17.470 1.5515
17.480 1.5506
17.490 1.5497
17.500 1.5488
17.510 1.5479
17.520 1.5471
17.530 1.5462
17.540 1.5453
17.550 1.5444
17.560 1.5435
17.570 1.5427
17.580 1.5418
17.590 1.5409
17.600 1.5400
17.610 1.5392
17.620 1.5383
17.630 1.5374
17.640 1.5366
17.650 1.5357
17.660 1.5348
17.670 1.5339
17.680 1.5331
17.690 1.5322
17.700 1.5314
17.710 1.5305
17.720 1.5296
17.730 1.5288
17.740 1.5279
17.750 1.5270
17.760 1.5262
17.770 1.5253
17.780 1.5245
17.790 1.5236
17.800 1.5228
17.810 1.5219
17.820 1.5211
17.830 1.5202
17.840 1.5194
17.850 1.5185
17.860 1.5177
17.870 1.5168
17.880 1.5160
17.890 1.5151
17.900 1.5143
17.910 1.5134
17.920 1.5126
17.930 1.5117
17.940 1.5109
17.950 1.5101
17.960 1.5092
17.970 1.5084
17.980 1.5075
17.990 1.5067
18.000 1.5059
18.010 1.5050
18.020 1.5042
18.030 1.5034
18.040 1.5025
18.050 1.5017
18.060 1.5009
18.070 1.5000
18.080 1.4992
18.090 1.4984
18.100 1.4976
18.110 1.4967
18.120 1.4959
18.130 1.4951
18.140 1.4943
18.150 1.4934
18.160 1.4926
18.170 1.4918
18.180 1.4910
18.190 1.4902
18.200 1.4893
18.210 1.4885
18.220 1.4877
18.230 1.4869
18.240 1.4861
18.250 1.4853
18.260 1.4845
18.270 1.4837
18.280 1.4828
18.290 1.4820
18.300 1.4812
18.310 1.4804
18.320 1.4796
18.330 1.4788
18.340 1.4780
18.350 1.4772
18.360 1.4764
18.370 1.4756
18.380 1.4748
18.390 1.4740
18.400 1.4732
18.410 1.4724
18.420 1.4716
18.430 1.4708
18.440 1.4700
18.450 1.4692
18.460 1.4684
18.470 1.4676
18.480 1.4668
18.490 1.4660
18.500 1.4652
18.510 1.4644
18.520 1.4637
18.530 1.4629
18.540 1.4621
18.550 1.4613
18.560 1.4605
18.570 1.4597
18.580 1.4589
18.590 1.4582
18.600 1.4574
18.610 1.4566
18.620 1.4558
18.630 1.4550
18.640 1.4542
18.650 1.4535
18.660 1.4527
18.670 1.4519
18.680 1.4511
18.690 1.4504
18.700 1.4496
18.710 1.4488
18.720 1.4480
18.730 1.4473
18.740 1.4465
18.750 1.4457
18.760 1.4450
18.770 1.4442
18.780 1.4434
18.790 1.4427
18.800 1.4419
18.810 1.4411
18.820 1.4404
18.830 1.4396
18.840 1.4388
18.850 1.4381
18.860 1.4373
18.870 1.4366
18.880 1.4358
18.890 1.4350
18.900 1.4343
18.910 1.4335
18.920 1.4328
18.930 1.4320
18.940 1.4313
18.950 1.4305
18.960 1.4297
18.970 1.4290
18.980 1.4282
18.990 1.4275
19.000 1.4267
19.010 1.4260
19.020 1.4252
19.030 1.4245
19.040 1.4237
19.050 1.4230
19.060 1.4223
19.070 1.4215
19.080 1.4208
19.090 1.4200
19.100 1.4193
19.110 1.4185
19.120 1.4178
19.130 1.4171
19.140 1.4163
19.150 1.4156
19.160 1.4148
19.170 1.4141
19.180 1.4134
19.190 1.4126
19.200 1.4119
19.210 1.4112
19.220 1.4104
19.230 1.4097
19.240 1.4090
19.250 1.4082
19.260 1.4075
19.270 1.4068
19.280 1.4061
19.290 1.4053
19.300 1.4046
19.310 1.4039
19.320 1.4032
19.330 1.4024
19.340 1.4017
19.350 1.4010
19.360 1.4003
19.370 1.3995
19.380 1.3988
19.390 1.3981
19.400 1.3974
19.410 1.3967
19.420 1.3959
19.430 1.3952
19.440 1.3945
19.450 1.3938
19.460 1.3931
19.470 1.3924
19.480 1.3916
19.490 1.3909
19.500 1.3902
19.510 1.3895
19.520 1.3888
19.530 1.3881
19.540 1.3874
19.550 1.3867
19.560 1.3860
19.570 1.3853
19.580 1.3846
19.590 1.3838
19.600 1.3831
19.610 1.3824
19.620 1.3817
19.630 1.3810
19.640 1.3803
19.650 1.3796
19.660 1.3789
19.670 1.3782
19.680 1.3775
19.690 1.3768
19.700 1.3761
19.710 1.3754
19.720 1.3747
19.730 1.3740
19.740 1.3734
19.750 1.3727
19.760 1.3720
19.770 1.3713
19.780 1.3706
19.790 1.3699
19.800 1.3692
19.810 1.3685
19.820 1.3678
19.830 1.3671
19.840 1.3664
19.850 1.3658
19.860 1.3651
19.870 1.3644
19.880 1.3637
19.890 1.3630
19.900 1.3623
19.910 1.3616
19.920 1.3610
19.930 1.3603
19.940 1.3596
19.950 1.3589
19.960 1.3582
19.970 1.3576
19.980 1.3569
19.990 1.3562
20.000 1.3555
20.100 1.3488
20.110 1.3481
20.120 1.3475
20.130 1.3468
20.140 1.3461
20.150 1.3455
20.160 1.3448
20.170 1.3441
20.180 1.3435
20.190 1.3428
20.200 1.3421
20.210 1.3415
20.220 1.3408
20.230 1.3401
20.240 1.3395
20.250 1.3388
20.260 1.3382
20.270 1.3375
20.280 1.3369
20.290 1.3362
20.300 1.3355
20.310 1.3349
20.320 1.3342
20.330 1.3336
20.340 1.3329
20.350 1.3323
20.360 1.3316
20.370 1.3310
20.380 1.3303
20.390 1.3297
20.400 1.3290
20.410 1.3284
20.420 1.3277
20.430 1.3271
20.440 1.3264
20.450 1.3258
20.460 1.3251
20.470 1.3245
20.480 1.3238
20.490 1.3232
20.500 1.3225
20.510 1.3219
20.520 1.3212
20.530 1.3206
20.540 1.3200
20.550 1.3193
20.560 1.3187
20.570 1.3180
20.580 1.3174
20.590 1.3168
20.600 1.3161
20.610 1.3155
20.620 1.3149
20.630 1.3142
20.640 1.3136
20.650 1.3129
20.660 1.3123
20.670 1.3117
20.680 1.3110
20.690 1.3104
20.700 1.3098
20.710 1.3091
20.720 1.3085
20.730 1.3079
20.740 1.3073
20.750 1.3066
20.760 1.3060
20.770 1.3054
20.780 1.3047
20.790 1.3041
20.800 1.3035
20.810 1.3029
20.820 1.3022
20.830 1.3016
20.840 1.3010
20.850 1.3004
20.860 1.2998
20.870 1.2991
20.880 1.2985
20.890 1.2979
20.900 1.2973
20.910 1.2967
20.920 1.2960
20.930 1.2954
20.940 1.2948
20.950 1.2942
20.960 1.2936
20.970 1.2929
20.980 1.2923
20.990 1.2917
21.000 1.2911
21.010 1.2905
21.020 1.2899
21.030 1.2893
21.040 1.2887
21.050 1.2880
21.060 1.2874
21.070 1.2868
21.080 1.2862
21.090 1.2856
21.100 1.2850
21.110 1.2844
21.120 1.2838
21.130 1.2832
21.140 1.2826
21.150 1.2820
21.160 1.2814
21.170 1.2808
21.180 1.2802
21.190 1.2796
21.200 1.2790
21.210 1.2783
21.220 1.2777
21.230 1.2771
21.240 1.2765
21.250 1.2759
21.260 1.2753
21.270 1.2748
21.280 1.2742
21.290 1.2736
21.300 1.2730
21.310 1.2724
21.320 1.2718
21.330 1.2712
21.340 1.2706
21.350 1.2700
21.360 1.2694
21.370 1.2688
21.380 1.2682
21.390 1.2676
21.400 1.2670
21.410 1.2664
21.420 1.2658
21.430 1.2653
21.440 1.2647
21.450 1.2641
21.460 1.2635
21.470 1.2629
21.480 1.2623
21.490 1.2617
21.500 1.2611
21.510 1.2606
21.520 1.2600
21.530 1.2594
21.540 1.2588
21.550 1.2582
21.560 1.2576
21.570 1.2571
21.580 1.2565
21.590 1.2559
21.600 1.2553
21.610 1.2547
21.620 1.2542
21.630 1.2536
21.640 1.2530
21.650 1.2524
21.660 1.2518
21.670 1.2513
21.680 1.2507
21.690 1.2501
21.700 1.2495
21.710 1.2490
21.720 1.2484
21.730 1.2478
21.740 1.2473
21.750 1.2467
21.760 1.2461
21.770 1.2455
21.780 1.2450
21.790 1.2444
21.800 1.2438
21.810 1.2433
21.820 1.2427
21.830 1.2421
21.840 1.2416
21.850 1.2410
21.860 1.2404
21.870 1.2399
21.880 1.2393
21.890 1.2387
21.900 1.2382
21.910 1.2376
21.920 1.2370
21.930 1.2365
21.940 1.2359
21.950 1.2353
21.960 1.2348
21.970 1.2342
21.980 1.2337
21.990 1.2331
22.000 1.2325
22.010 1.2320
22.020 1.2314
22.030 1.2309
22.040 1.2303
22.050 1.2298
22.060 1.2292
22.070 1.2286
22.080 1.2281
22.090 1.2275
22.100 1.2270
22.110 1.2264
22.120 1.2259
22.130 1.2253
22.140 1.2248
22.150 1.2242
22.160 1.2237
22.170 1.2231
22.180 1.2226
22.190 1.2220
22.200 1.2215
22.210 1.2209
22.220 1.2204
22.230 1.2198
22.240 1.2193
22.250 1.2187
22.260 1.2182
22.270 1.2176
22.280 1.2171
22.290 1.2165
22.300 1.2160
22.310 1.2155
22.320 1.2149
22.330 1.2144
22.340 1.2138
22.350 1.2133
22.360 1.2127
22.370 1.2122
22.380 1.2117
22.390 1.2111
22.400 1.2106
22.410 1.2100
22.420 1.2095
22.430 1.2090
22.440 1.2084
22.450 1.2079
22.460 1.2074
22.470 1.2068
22.480 1.2063
22.490 1.2058
22.500 1.2052
22.510 1.2047
22.520 1.2041
22.530 1.2036
22.540 1.2031
22.550 1.2026
22.560 1.2020
22.570 1.2015
22.580 1.2010
22.590 1.2004
22.600 1.1999
22.610 1.1994
22.620 1.1988
22.630 1.1983
22.640 1.1978
22.650 1.1973
22.660 1.1967
22.670 1.1962
22.680 1.1957
22.690 1.1951
22.700 1.1946
22.710 1.1941
22.720 1.1936
22.730 1.1930
22.740 1.1925
22.750 1.1920
22.760 1.1915
22.770 1.1910
22.780 1.1904
22.790 1.1899
22.800 1.1894
22.810 1.1889
22.820 1.1884
22.830 1.1878
22.840 1.1873
22.850 1.1868
22.860 1.1863
22.870 1.1858
22.880 1.1852
22.890 1.1847
22.900 1.1842
22.910 1.1837
22.920 1.1832
22.930 1.1827
22.940 1.1822
22.950 1.1816
22.960 1.1811
22.970 1.1806
22.980 1.1801
22.990 1.1796
23.000 1.1791
23.010 1.1786
23.020 1.1781
23.030 1.1775
23.040 1.1770
23.050 1.1765
23.060 1.1760
23.070 1.1755
23.080 1.1750
23.090 1.1745
23.100 1.1740
23.110 1.1735
23.120 1.1730
23.130 1.1725
23.140 1.1720
23.150 1.1715
23.160 1.1710
23.170 1.1704
23.180 1.1699
23.190 1.1694
23.200 1.1689
23.210 1.1684
23.220 1.1679
23.230 1.1674
23.240 1.1669
23.250 1.1664
23.260 1.1659
23.270 1.1654
23.280 1.1649
23.290 1.1644
23.300 1.1639
23.310 1.1634
23.320 1.1629
23.330 1.1624
23.340 1.1619
23.350 1.1614
23.360 1.1610
23.370 1.1605
23.380 1.1600
23.390 1.1595
23.400 1.1590
23.410 1.1585
23.420 1.1580
23.430 1.1575
23.440 1.1570
23.450 1.1565
23.460 1.1560
23.470 1.1555
23.480 1.1550
23.490 1.1545
23.500 1.1541
23.510 1.1536
23.520 1.1531
23.530 1.1526
23.540 1.1521
23.550 1.1516
23.560 1.1511
23.570 1.1506
23.580 1.1501
23.590 1.1497
23.600 1.1492
23.610 1.1487
23.620 1.1482
23.630 1.1477
23.640 1.1472
23.650 1.1468
23.660 1.1463
23.670 1.1458
23.680 1.1453
23.690 1.1448
23.700 1.1443
23.710 1.1439
23.720 1.1434
23.730 1.1429
23.740 1.1424
23.750 1.1419
23.760 1.1415
23.770 1.1410
23.780 1.1405
23.790 1.1400
23.800 1.1395
23.810 1.1391
23.820 1.1386
23.830 1.1381
23.840 1.1376
23.850 1.1372
23.860 1.1367
23.870 1.1362
23.880 1.1357
23.890 1.1353
23.900 1.1348
23.910 1.1343
23.920 1.1338
23.930 1.1334
23.940 1.1329
23.950 1.1324
23.960 1.1320
23.970 1.1315
23.980 1.1310
23.990 1.1305
24.000 1.1301
24.010 1.1296
24.020 1.1291
24.030 1.1287
24.040 1.1282
24.050 1.1277
24.060 1.1273
24.070 1.1268
24.080 1.1263
24.090 1.1259
24.100 1.1254
24.110 1.1249
24.120 1.1245
24.130 1.1240
24.140 1.1235
24.150 1.1231
24.160 1.1226
24.170 1.1221
24.180 1.1217
24.190 1.1212
24.200 1.1208
24.210 1.1203
24.220 1.1198
24.230 1.1194
24.240 1.1189
24.250 1.1185
24.260 1.1180
24.270 1.1175
24.280 1.1171
24.290 1.1166
24.300 1.1162
24.310 1.1157
24.320 1.1152
24.330 1.1148
24.340 1.1143
24.350 1.1139
24.360 1.1134
24.370 1.1130
24.380 1.1125
24.390 1.1120
24.400 1.1116
24.410 1.1111
24.420 1.1107
24.430 1.1102
24.440 1.1098
24.450 1.1093
24.460 1.1089
24.470 1.1084
24.480 1.1080
24.490 1.1075
24.500 1.1071
24.510 1.1066
24.520 1.1062
24.530 1.1057
24.540 1.1053
24.550 1.1048
24.560 1.1044
24.570 1.1039
24.580 1.1035
24.590 1.1030
24.600 1.1026
24.610 1.1021
24.620 1.1017
24.630 1.1012
24.640 1.1008
24.650 1.1004
24.660 1.0999
24.670 1.0995
24.680 1.0990
24.690 1.0986
24.700 1.0981
24.710 1.0977
24.720 1.0972
24.730 1.0968
24.740 1.0964
24.750 1.0959
24.760 1.0955
24.770 1.0950
24.780 1.0946
24.790 1.0942
24.800 1.0937
24.810 1.0933
24.820 1.0928
24.830 1.0924
24.840 1.0920
24.850 1.0915
24.860 1.0911
24.870 1.0906
24.880 1.0902
24.890 1.0898
24.900 1.0893
24.910 1.0889
24.920 1.0885
24.930 1.0880
24.940 1.0876
24.950 1.0872
24.960 1.0867
24.970 1.0863
24.980 1.0859
24.990 1.0854
25.000 1.0850
25.100 1.0807
25.110 1.0803
25.120 1.0798
25.130 1.0794
25.140 1.0790
25.150 1.0785
25.160 1.0781
25.170 1.0777
25.180 1.0773
25.190 1.0768
25.200 1.0764
25.210 1.0760
25.220 1.0756
25.230 1.0751
25.240 1.0747
25.250 1.0743
25.260 1.0739
25.270 1.0734
25.280 1.0730
25.290 1.0726
25.300 1.0722
25.310 1.0717
25.320 1.0713
25.330 1.0709
25.340 1.0705
25.350 1.0701
25.360 1.0696
25.370 1.0692
25.380 1.0688
25.390 1.0684
25.400 1.0680
25.410 1.0675
25.420 1.0671
25.430 1.0667
25.440 1.0663
25.450 1.0659
25.460 1.0654
25.470 1.0650
25.480 1.0646
25.490 1.0642
25.500 1.0638
25.510 1.0634
25.520 1.0629
25.530 1.0625
25.540 1.0621
25.550 1.0617
25.560 1.0613
25.570 1.0609
25.580 1.0605
25.590 1.0600
25.600 1.0596
25.610 1.0592
25.620 1.0588
25.630 1.0584
25.640 1.0580
25.650 1.0576
25.660 1.0572
25.670 1.0568
25.680 1.0563
25.690 1.0559
25.700 1.0555
25.710 1.0551
25.720 1.0547
25.730 1.0543
25.740 1.0539
25.750 1.0535
25.760 1.0531
25.770 1.0527
25.780 1.0523
25.790 1.0518
25.800 1.0514
25.810 1.0510
25.820 1.0506
25.830 1.0502
25.840 1.0498
25.850 1.0494
25.860 1.0490
25.870 1.0486
25.880 1.0482
25.890 1.0478
25.900 1.0474
25.910 1.0470
25.920 1.0466
25.930 1.0462
25.940 1.0458
25.950 1.0454
25.960 1.0450
25.970 1.0446
25.980 1.0442
25.990 1.0438
26.000 1.0434
26.010 1.0430
26.020 1.0426
26.030 1.0422
26.040 1.0418
26.050 1.0414
26.060 1.0410
26.070 1.0406
26.080 1.0402
26.090 1.0398
26.100 1.0394
26.110 1.0390
26.120 1.0386
26.130 1.0382
26.140 1.0378
26.150 1.0374
26.160 1.0370
26.170 1.0366
26.180 1.0362
26.190 1.0358
26.200 1.0354
26.210 1.0350
26.220 1.0347
26.230 1.0343
26.240 1.0339
26.250 1.0335
26.260 1.0331
26.270 1.0327
26.280 1.0323
26.290 1.0319
26.300 1.0315
26.310 1.0311
26.320 1.0307
26.330 1.0303
26.340 1.0300
26.350 1.0296
26.360 1.0292
26.370 1.0288
26.380 1.0284
26.390 1.0280
26.400 1.0276
26.410 1.0272
26.420 1.0268
26.430 1.0265
26.440 1.0261
26.450 1.0257
26.460 1.0253
26.470 1.0249
26.480 1.0245
26.490 1.0241
26.500 1.0238
26.510 1.0234
26.520 1.0230
26.530 1.0226
26.540 1.0222
26.550 1.0218
26.560 1.0214
26.570 1.0211
26.580 1.0207
26.590 1.0203
26.600 1.0199
26.610 1.0195
26.620 1.0192
26.630 1.0188
26.640 1.0184
26.650 1.0180
26.660 1.0176
26.670 1.0172
26.680 1.0169
26.690 1.0165
26.700 1.0161
26.710 1.0157
26.720 1.0154
26.730 1.0150
26.740 1.0146
26.750 1.0142
26.760 1.0138
26.770 1.0135
26.780 1.0131
26.790 1.0127
26.800 1.0123
26.810 1.0120
26.820 1.0116
26.830 1.0112
26.840 1.0108
26.850 1.0105
26.860 1.0101
26.870 1.0097
26.880 1.0093
26.890 1.0090
26.900 1.0086
26.910 1.0082
26.920 1.0078
26.930 1.0075
26.940 1.0071
26.950 1.0067
26.960 1.0063
26.970 1.0060
26.980 1.0056
26.990 1.0052
27.000 1.0049
27.010 1.0045
27.020 1.0041
27.030 1.0037
27.040 1.0034
27.050 1.0030
27.060 1.0026
27.070 1.0023
27.080 1.0019
27.090 1.0015
27.100 1.0012
27.110 1.0008
27.120 1.0004
27.130 1.0001
27.140 0.99969
27.150 0.99932
27.160 0.99896
27.170 0.99859
27.180 0.99822
27.190 0.99786
27.200 0.99749
27.210 0.99713
27.220 0.99676
27.230 0.99640
27.240 0.99603
27.250 0.99567
27.260 0.99530
27.270 0.99494
27.280 0.99458
27.290 0.99421
27.300 0.99385
27.310 0.99349
27.320 0.99312
27.330 0.99276
27.340 0.99240
27.350 0.99204
27.360 0.99168
27.370 0.99132
27.380 0.99096
27.390 0.99059
27.400 0.99023
27.410 0.98987
27.420 0.98951
27.430 0.98915
27.440 0.98880
27.450 0.98844
27.460 0.98808
27.470 0.98772
27.480 0.98736
27.490 0.98700
27.500 0.98665
27.510 0.98629
27.520 0.98593
27.530 0.98557
27.540 0.98522
27.550 0.98486
27.560 0.98450
27.570 0.98415
27.580 0.98379
27.590 0.98344
27.600 0.98308
27.610 0.98273
27.620 0.98237
27.630 0.98202
27.640 0.98166
27.650 0.98131
27.660 0.98096
27.670 0.98060
27.680 0.98025
27.690 0.97990
27.700 0.97955
27.710 0.97919
27.720 0.97884
27.730 0.97849
27.740 0.97814
27.750 0.97779
27.760 0.97744
27.770 0.97709
27.780 0.97673
27.790 0.97638
27.800 0.97603
27.810 0.97568
27.820 0.97534
27.830 0.97499
27.840 0.97464
27.850 0.97429
27.860 0.97394
27.870 0.97359
27.880 0.97324
27.890 0.97290
27.900 0.97255
27.910 0.97220
27.920 0.97185
27.930 0.97151
27.940 0.97116
27.950 0.97081
27.960 0.97047
27.970 0.97012
27.980 0.96978
27.990 0.96943
28.000 0.96909
28.010 0.96874
28.020 0.96840
28.030 0.96805
28.040 0.96771
28.050 0.96737
28.060 0.96702
28.070 0.96668
28.080 0.96634
28.090 0.96599
28.100 0.96565
28.110 0.96531
28.120 0.96497
28.130 0.96462
28.140 0.96428
28.150 0.96394
28.160 0.96360
28.170 0.96326
28.180 0.96292
28.190 0.96258
28.200 0.96224
28.210 0.96190
28.220 0.96156
28.230 0.96122
28.240 0.96088
28.250 0.96054
28.260 0.96020
28.270 0.95986
28.280 0.95953
28.290 0.95919
28.300 0.95885
28.310 0.95851
28.320 0.95817
28.330 0.95784
28.340 0.95750
28.350 0.95716
28.360 0.95683
28.370 0.95649
28.380 0.95616
28.390 0.95582
28.400 0.95549
28.410 0.95515
28.420 0.95482
28.430 0.95448
28.440 0.95415
28.450 0.95381
28.460 0.95348
28.470 0.95314
28.480 0.95281
28.490 0.95248
28.500 0.95214
28.510 0.95181
28.520 0.95148
28.530 0.95115
28.540 0.95082
28.550 0.95048
28.560 0.95015
28.570 0.94982
28.580 0.94949
28.590 0.94916
28.600 0.94883
28.610 0.94850
28.620 0.94817
28.630 0.94784
28.640 0.94751
28.650 0.94718
28.660 0.94685
28.670 0.94652
28.680 0.94619
28.690 0.94586
28.700 0.94553
28.710 0.94521
28.720 0.94488
28.730 0.94455
28.740 0.94422
28.750 0.94390
28.760 0.94357
28.770 0.94324
28.780 0.94291
28.790 0.94259
28.800 0.94226
28.810 0.94194
28.820 0.94161
28.830 0.94129
28.840 0.94096
28.850 0.94064
28.860 0.94031
28.870 0.93999
28.880 0.93966
28.890 0.93934
28.900 0.93901
28.910 0.93869
28.920 0.93837
28.930 0.93804
28.940 0.93772
28.950 0.93740
28.960 0.93708
28.970 0.93675
28.980 0.93643
28.990 0.93611
29.000 0.93579
29.010 0.93547
29.020 0.93515
29.030 0.93482
29.040 0.93450
29.050 0.93418
29.060 0.93386
29.070 0.93354
29.080 0.93322
29.090 0.93290
29.100 0.93258
29.110 0.93227
29.120 0.93195
29.130 0.93163
29.140 0.93131
29.150 0.93099
29.160 0.93067
29.170 0.93035
29.180 0.93004
29.190 0.92972
29.200 0.92940
29.210 0.92909
29.220 0.92877
29.230 0.92845
29.240 0.92814
29.250 0.92782
29.260 0.92750
29.270 0.92719
29.280 0.92687
29.290 0.92656
29.300 0.92624
29.310 0.92593
29.320 0.92561
29.330 0.92530
29.340 0.92498
29.350 0.92467
29.360 0.92436
29.370 0.92404
29.380 0.92373
29.390 0.92342
29.400 0.92310
29.410 0.92279
29.420 0.92248
29.430 0.92217
29.440 0.92185
29.450 0.92154
29.460 0.92123
29.470 0.92092
29.480 0.92061
29.490 0.92030
29.500 0.91999
29.510 0.91968
29.520 0.91937
29.530 0.91906
29.540 0.91875
29.550 0.91844
29.560 0.91813
29.570 0.91782
29.580 0.91751
29.590 0.91720
29.600 0.91689
29.610 0.91658
29.620 0.91627
29.630 0.91597
29.640 0.91566
29.650 0.91535
29.660 0.91504
29.670 0.91474
29.680 0.91443
29.690 0.91412
29.700 0.91382
29.710 0.91351
29.720 0.91320
29.730 0.91290
29.740 0.91259
29.750 0.91229
29.760 0.91198
29.770 0.91167
29.780 0.91137
29.790 0.91107
29.800 0.91076
29.810 0.91046
29.820 0.91015
29.830 0.90985
29.840 0.90954
29.850 0.90924
29.860 0.90894
29.870 0.90863
29.880 0.90833
29.890 0.90803
29.900 0.90773
29.910 0.90742
29.920 0.90712
29.930 0.90682
29.940 0.90652
29.950 0.90622
29.960 0.90592
29.970 0.90561
29.980 0.90531
29.990 0.90501
30.000 0.90471
