0.10000 270.79 0.100149775093
0.11000 246.17 0.110164752602
0.12000 225.66 0.120179730112
0.13000 208.30 0.130194707621
0.14000 193.42 0.14020968513
0.15000 180.53 0.15022466264
0.16000 169.24 0.160239640149
0.17000 159.29 0.170254617658
0.18000 150.44 0.180269595168
0.19000 142.52 0.190284572677
0.20000 135.40 0.200299550186
0.21000 128.95 0.210314527696
0.22000 123.09 0.220329505205
0.23000 117.74 0.230344482714
0.24000 112.83 0.240359460224
0.25000 108.32 0.250374437733
0.26000 104.15 0.260389415242
0.27000 100.29 0.270404392752
0.28000 96.712 0.280419370261
0.29000 93.377 0.29043434777
0.30000 90.264 0.30044932528
0.31000 87.352 0.310464302789
0.32000 84.623 0.320479280298
0.33000 82.058 0.330494257807
0.34000 79.645 0.340509235317
0.35000 77.369 0.350524212826
0.36000 75.220 0.360539190335
0.37000 73.187 0.370554167845
0.38000 71.261 0.380569145354
0.39000 69.434 0.390584122863
0.40000 67.698 0.400599100373
0.41000 66.047 0.410614077882
0.42000 64.475 0.420629055391
0.43000 62.975 0.430644032901
0.44000 61.544 0.44065901041
0.45000 60.176 0.450673987919
0.46000 58.868 0.460688965429
0.47000 57.616 0.470703942938
0.48000 56.415 0.480718920447
0.49000 55.264 0.490733897957
0.50000 54.159 0.500748875466
0.51000 53.097 0.510763852975
0.52000 52.076 0.520778830485
0.53000 51.093 0.530793807994
0.54000 50.147 0.540808785503
0.55000 49.235 0.550823763012
0.56000 48.356 0.560838740522
0.57000 47.508 0.570853718031
0.58000 46.689 0.58086869554
0.59000 45.897 0.59088367305
0.60000 45.132 0.600898650559
0.61000 44.393 0.610913628068
0.62000 43.677 0.620928605578
0.63000 42.983 0.630943583087
0.64000 42.312 0.640958560596
0.65000 41.661 0.650973538106
0.66000 41.030 0.660988515615
0.67000 40.417 0.671003493124
0.68000 39.823 0.681018470634
0.69000 39.246 0.691033448143
0.70000 38.685 0.701048425652
0.71000 38.140 0.711063403162
0.72000 37.610 0.721078380671
0.73000 37.095 0.73109335818
0.74000 36.594 0.74110833569
0.75000 36.106 0.751123313199
0.76000 35.631 0.761138290708
0.77000 35.168 0.771153268217
0.78000 34.717 0.781168245727
0.79000 34.278 0.791183223236
0.80000 33.849 0.801198200745
0.81000 33.432 0.811213178255
0.82000 33.024 0.821228155764
0.83000 32.626 0.831243133273
0.84000 32.238 0.841258110783
0.85000 31.858 0.851273088292
0.86000 31.488 0.861288065801
0.87000 31.126 0.871303043311
0.88000 30.772 0.88131802082
0.89000 30.427 0.891332998329
0.90000 30.088 0.901347975839
0.91000 29.758 0.911362953348
0.92000 29.434 0.921377930857
0.93000 29.118 0.931392908367
0.94000 28.808 0.941407885876
0.95000 28.505 0.951422863385
0.96000 28.208 0.961437840895
0.97000 27.917 0.971452818404
0.98000 27.632 0.981467795913
0.99000 27.353 0.991482773422
1.0000 27.080 1.00149775093
1.0100 26.812 1.01151272844
1.0200 26.549 1.02152770595
1.0300 26.291 1.03154268346
1.0400 26.038 1.04155766097
1.0500 25.790 1.05157263848
1.0600 25.547 1.06158761599
1.0700 25.308 1.0716025935
1.0800 25.074 1.08161757101
1.0900 24.844 1.09163254852
1.1000 24.618 1.10164752602
1.1100 24.396 1.11166250353
1.1200 24.178 1.12167748104
1.1300 23.964 1.13169245855
1.1400 23.754 1.14170743606
1.1500 23.548 1.15172241357
1.1600 23.345 1.16173739108
1.1700 23.145 1.17175236859
1.1800 22.949 1.1817673461
1.1900 22.756 1.19178232361
1.2000 22.567 1.20179730112
1.2100 22.380 1.21181227863
1.2200 22.197 1.22182725614
1.2300 22.016 1.23184223365
1.2400 21.839 1.24185721116
1.2500 21.664 1.25187218866
1.2600 21.492 1.26188716617
1.2700 21.323 1.27190214368
1.2800 21.156 1.28191712119
1.2900 20.992 1.2919320987
1.3000 20.831 1.30194707621
1.3100 20.672 1.31196205372
1.3200 20.515 1.32197703123
1.3300 20.361 1.33199200874
1.3400 20.209 1.34200698625
1.3500 20.059 1.35202196376
1.3600 19.912 1.36203694127
1.3700 19.766 1.37205191878
1.3800 19.623 1.38206689629
1.3900 19.482 1.3920818738
1.4000 19.343 1.4020968513
1.4100 19.206 1.41211182881
1.4200 19.070 1.42212680632
1.4300 18.937 1.43214178383
1.4400 18.806 1.44215676134
1.4500 18.676 1.45217173885
1.4600 18.548 1.46218671636
1.4700 18.422 1.47220169387
1.4800 18.297 1.48221667138
1.4900 18.175 1.49223164889
1.5000 18.053 1.5022466264
1.5100 17.934 1.51226160391
1.5200 17.816 1.52227658142
1.5300 17.699 1.53229155893
1.5400 17.584 1.54230653643
1.5500 17.471 1.55232151394
1.5600 17.359 1.56233649145
1.5700 17.248 1.57235146896
1.5800 17.139 1.58236644647
1.5900 17.032 1.59238142398
1.6000 16.925 1.60239640149
1.6100 16.820 1.612411379
1.6200 16.716 1.62242635651
1.6300 16.614 1.63244133402
1.6400 16.512 1.64245631153
1.6500 16.412 1.65247128904
1.6600 16.313 1.66248626655
1.6700 16.216 1.67250124406
1.6800 16.119 1.68251622157
1.6900 16.024 1.69253119907
1.7000 15.930 1.70254617658
1.7100 15.836 1.71256115409
1.7200 15.744 1.7225761316
1.7300 15.653 1.73259110911
1.7400 15.563 1.74260608662
1.7500 15.474 1.75262106413
1.7600 15.387 1.76263604164
1.7700 15.300 1.77265101915
1.7800 15.214 1.78266599666
1.7900 15.129 1.79268097417
1.8000 15.045 1.80269595168
1.8100 14.961 1.81271092919
1.8200 14.879 1.8227259067
1.8300 14.798 1.83274088421
1.8400 14.718 1.84275586171
1.8500 14.638 1.85277083922
1.8600 14.559 1.86278581673
1.8700 14.481 1.87280079424
1.8800 14.404 1.88281577175
1.8900 14.328 1.89283074926
1.9000 14.253 1.90284572677
1.9100 14.178 1.91286070428
1.9200 14.104 1.92287568179
1.9300 14.031 1.9328906593
1.9400 13.959 1.94290563681
1.9500 13.887 1.95292061432
1.9600 13.817 1.96293559183
1.9700 13.746 1.97295056934
1.9800 13.677 1.98296554684
1.9900 13.608 1.99298052435
2.0000 13.540 2.00299550186
2.0100 13.473 2.01301047937
2.0200 13.406 2.02302545688
2.0300 13.340 2.03304043439
2.0400 13.275 2.0430554119
2.0500 13.210 2.05307038941
2.0600 13.146 2.06308536692
2.0700 13.082 2.07310034443
2.0800 13.019 2.08311532194
2.0900 12.957 2.09313029945
2.1000 12.895 2.10314527696
2.1100 12.834 2.11316025447
2.1200 12.774 2.12317523198
2.1300 12.714 2.13319020948
2.1400 12.654 2.14320518699
2.1500 12.596 2.1532201645
2.1600 12.537 2.16323514201
2.1700 12.480 2.17325011952
2.1800 12.422 2.18326509703
2.1900 12.366 2.19328007454
2.2000 12.309 2.20329505205
2.2100 12.254 2.21331002956
2.2200 12.198 2.22332500707
2.2300 12.144 2.23333998458
2.2400 12.090 2.24335496209
2.2500 12.036 2.2533699396
2.2600 11.983 2.26338491711
2.2700 11.930 2.27339989462
2.2800 11.877 2.28341487212
2.2900 11.826 2.29342984963
2.3000 11.774 2.30344482714
2.3100 11.723 2.31345980465
2.3200 11.673 2.32347478216
2.3300 11.623 2.33348975967
2.3400 11.573 2.34350473718
2.3500 11.524 2.35351971469
2.3600 11.475 2.3635346922
2.3700 11.426 2.37354966971
2.3800 11.378 2.38356464722
2.3900 11.331 2.39357962473
2.4000 11.284 2.40359460224
2.4100 11.237 2.41360957975
2.4200 11.190 2.42362455725
2.4300 11.144 2.43363953476
2.4400 11.099 2.44365451227
2.4500 11.053 2.45366948978
2.4600 11.008 2.46368446729
2.4700 10.964 2.4736994448
2.4800 10.920 2.48371442231
2.4900 10.876 2.49372939982
2.5000 10.832 2.50374437733
2.5100 10.789 2.51375935484
2.5200 10.746 2.52377433235
2.5300 10.704 2.53378930986
2.5400 10.662 2.54380428737
2.5500 10.620 2.55381926488
2.5600 10.578 2.56383424239
2.5700 10.537 2.57384921989
2.5800 10.496 2.5838641974
2.5900 10.456 2.59387917491
2.6000 10.416 2.60389415242
2.6100 10.376 2.61390912993
2.6200 10.336 2.62392410744
2.6300 10.297 2.63393908495
2.6400 10.258 2.64395406246
2.6500 10.219 2.65396903997
2.6600 10.181 2.66398401748
2.6700 10.143 2.67399899499
2.6800 10.105 2.6840139725
2.6900 10.067 2.69402895001
2.7000 10.030 2.70404392752
2.7100 9.9930 2.71405890503
2.7200 9.9563 2.72407388253
2.7300 9.9198 2.73408886004
2.7400 9.8836 2.74410383755
2.7500 9.8477 2.75411881506
2.7600 9.8120 2.76413379257
2.7700 9.7766 2.77414877008
2.7800 9.7414 2.78416374759
2.7900 9.7065 2.7941787251
2.8000 9.6718 2.80419370261
2.8100 9.6374 2.81420868012
2.8200 9.6032 2.82422365763
2.8300 9.5693 2.83423863514
2.8400 9.5356 2.84425361265
2.8500 9.5022 2.85426859016
2.8600 9.4689 2.86428356766
2.8700 9.4359 2.87429854517
2.8800 9.4032 2.88431352268
2.8900 9.3706 2.89432850019
2.9000 9.3383 2.9043434777
2.9100 9.3062 2.91435845521
2.9200 9.2744 2.92437343272
2.9300 9.2427 2.93438841023
2.9400 9.2113 2.94440338774
2.9500 9.1801 2.95441836525
2.9600 9.1491 2.96443334276
2.9700 9.1183 2.97444832027
2.9800 9.0877 2.98446329778
2.9900 9.0573 2.99447827529
3.0000 9.0271 3.0044932528
3.0100 8.9971 3.0145082303
3.0200 8.9673 3.02452320781
3.0300 8.9377 3.03453818532
3.0400 8.9083 3.04455316283
3.0500 8.8791 3.05456814034
3.0600 8.8501 3.06458311785
3.0700 8.8213 3.07459809536
3.0800 8.7926 3.08461307287
3.0900 8.7642 3.09462805038
3.1000 8.7359 3.10464302789
3.1100 8.7078 3.1146580054
3.1200 8.6799 3.12467298291
3.1300 8.6522 3.13468796042
3.1400 8.6246 3.14470293793
3.1500 8.5973 3.15471791544
3.1600 8.5701 3.16473289294
3.1700 8.5430 3.17474787045
3.1800 8.5162 3.18476284796
3.1900 8.4895 3.19477782547
3.2000 8.4630 3.20479280298
3.2100 8.4366 3.21480778049
3.2200 8.4104 3.224822758
3.2300 8.3844 3.23483773551
3.2400 8.3585 3.24485271302
3.2500 8.3328 3.25486769053
3.2600 8.3072 3.26488266804
3.2700 8.2818 3.27489764555
3.2800 8.2566 3.28491262306
3.2900 8.2315 3.29492760057
3.3000 8.2065 3.30494257807
3.3100 8.1817 3.31495755558
3.3200 8.1571 3.32497253309
3.3300 8.1326 3.3349875106
3.3400 8.1083 3.34500248811
3.3500 8.0841 3.35501746562
3.3600 8.0600 3.36503244313
3.3700 8.0361 3.37504742064
3.3800 8.0123 3.38506239815
3.3900 7.9887 3.39507737566
3.4000 7.9652 3.40509235317
3.4100 7.9418 3.41510733068
3.4200 7.9186 3.42512230819
3.4300 7.8955 3.4351372857
3.4400 7.8726 3.44515226321
3.4500 7.8498 3.45516724071
3.4600 7.8271 3.46518221822
3.4700 7.8045 3.47519719573
3.4800 7.7821 3.48521217324
3.4900 7.7598 3.49522715075
3.5000 7.7376 3.50524212826
3.5100 7.7156 3.51525710577
3.5200 7.6937 3.52527208328
3.5300 7.6719 3.53528706079
3.5400 7.6502 3.5453020383
3.5500 7.6287 3.55531701581
3.5600 7.6072 3.56533199332
3.5700 7.5859 3.57534697083
3.5800 7.5647 3.58536194834
3.5900 7.5437 3.59537692585
3.6000 7.5227 3.60539190335
3.6100 7.5019 3.61540688086
3.6200 7.4812 3.62542185837
3.6300 7.4606 3.63543683588
3.6400 7.4401 3.64545181339
3.6500 7.4197 3.6554667909
3.6600 7.3994 3.66548176841
3.6700 7.3793 3.67549674592
3.6800 7.3592 3.68551172343
3.6900 7.3393 3.69552670094
3.7000 7.3194 3.70554167845
3.7100 7.2997 3.71555665596
3.7200 7.2801 3.72557163347
3.7300 7.2606 3.73558661098
3.7400 7.2412 3.74560158848
3.7500 7.2219 3.75561656599
3.7600 7.2026 3.7656315435
3.7700 7.1835 3.77564652101
3.7800 7.1645 3.78566149852
3.7900 7.1456 3.79567647603
3.8000 7.1268 3.80569145354
3.8100 7.1081 3.81570643105
3.8200 7.0895 3.82572140856
3.8300 7.0710 3.83573638607
3.8400 7.0526 3.84575136358
3.8500 7.0343 3.85576634109
3.8600 7.0161 3.8657813186
3.8700 6.9979 3.87579629611
3.8800 6.9799 3.88581127362
3.8900 6.9620 3.89582625112
3.9000 6.9441 3.90584122863
3.9100 6.9264 3.91585620614
3.9200 6.9087 3.92587118365
3.9300 6.8911 3.93588616116
3.9400 6.8736 3.94590113867
3.9500 6.8562 3.95591611618
3.9600 6.8389 3.96593109369
3.9700 6.8217 3.9759460712
3.9800 6.8046 3.98596104871
3.9900 6.7875 3.99597602622
4.0000 6.7705 4.00599100373
4.0100 6.7537 4.01600598124
4.0200 6.7369 4.02602095875
4.0300 6.7202 4.03603593626
4.0400 6.7035 4.04605091376
4.0500 6.6870 4.05606589127
4.0600 6.6705 4.06608086878
4.0700 6.6541 4.07609584629
4.0800 6.6378 4.0861108238
4.0900 6.6216 4.09612580131
4.1000 6.6054 4.10614077882
4.1100 6.5894 4.11615575633
4.1200 6.5734 4.12617073384
4.1300 6.5575 4.13618571135
4.1400 6.5416 4.14620068886
4.1500 6.5259 4.15621566637
4.1600 6.5102 4.16623064388
4.1700 6.4946 4.17624562139
4.1800 6.4790 4.18626059889
4.1900 6.4636 4.1962755764
4.2000 6.4482 4.20629055391
4.2100 6.4329 4.21630553142
4.2200 6.4176 4.22632050893
4.2300 6.4025 4.23633548644
4.2400 6.3874 4.24635046395
4.2500 6.3723 4.25636544146
4.2600 6.3574 4.26638041897
4.2700 6.3425 4.27639539648
4.2800 6.3277 4.28641037399
4.2900 6.3129 4.2964253515
4.3000 6.2983 4.30644032901
4.3100 6.2836 4.31645530652
4.3200 6.2691 4.32647028403
4.3300 6.2546 4.33648526153
4.3400 6.2402 4.34650023904
4.3500 6.2259 4.35651521655
4.3600 6.2116 4.36653019406
4.3700 6.1974 4.37654517157
4.3800 6.1832 4.38656014908
4.3900 6.1692 4.39657512659
4.4000 6.1551 4.4065901041
4.4100 6.1412 4.41660508161
4.4200 6.1273 4.42662005912
4.4300 6.1135 4.43663503663
4.4400 6.0997 4.44665001414
4.4500 6.0860 4.45666499165
4.4600 6.0723 4.46667996916
4.4700 6.0588 4.47669494667
4.4800 6.0452 4.48670992417
4.4900 6.0318 4.49672490168
4.5000 6.0184 4.50673987919
4.5100 6.0050 4.5167548567
4.5200 5.9918 4.52676983421
4.5300 5.9785 4.53678481172
4.5400 5.9654 4.54679978923
4.5500 5.9523 4.55681476674
4.5600 5.9392 4.56682974425
4.5700 5.9262 4.57684472176
4.5800 5.9133 4.58685969927
4.5900 5.9004 4.59687467678
4.6000 5.8876 4.60688965429
4.6100 5.8748 4.6169046318
4.6200 5.8621 4.6269196093
4.6300 5.8494 4.63693458681
4.6400 5.8368 4.64694956432
4.6500 5.8243 4.65696454183
4.6600 5.8118 4.66697951934
4.6700 5.7993 4.67699449685
4.6800 5.7869 4.68700947436
4.6900 5.7746 4.69702445187
4.7000 5.7623 4.70703942938
4.7100 5.7501 4.71705440689
4.7200 5.7379 4.7270693844
4.7300 5.7258 4.73708436191
4.7400 5.7137 4.74709933942
4.7500 5.7017 4.75711431693
4.7600 5.6897 4.76712929444
4.7700 5.6778 4.77714427194
4.7800 5.6659 4.78715924945
4.7900 5.6541 4.79717422696
4.8000 5.6423 4.80718920447
4.8100 5.6306 4.81720418198
4.8200 5.6189 4.82721915949
4.8300 5.6073 4.837234137
4.8400 5.5957 4.84724911451
4.8500 5.5841 4.85726409202
4.8600 5.5726 4.86727906953
4.8700 5.5612 4.87729404704
4.8800 5.5498 4.88730902455
4.8900 5.5385 4.89732400206
4.9000 5.5272 4.90733897957
4.9100 5.5159 4.91735395708
4.9200 5.5047 4.92736893458
4.9300 5.4935 4.93738391209
4.9400 5.4824 4.9473988896
4.9500 5.4713 4.95741386711
4.9600 5.4603 4.96742884462
4.9700 5.4493 4.97744382213
4.9800 5.4384 4.98745879964
4.9900 5.4275 4.99747377715
5.0000 5.4166 5.00748875466
5.1000 5.3105 5.10763852975
5.1100 5.3001 5.11765350726
5.1200 5.2897 5.12766848477
5.1300 5.2794 5.13768346228
5.1400 5.2691 5.14769843979
5.1500 5.2589 5.1577134173
5.1600 5.2487 5.16772839481
5.1700 5.2386 5.17774337232
5.1800 5.2285 5.18775834983
5.1900 5.2184 5.19777332734
5.2000 5.2084 5.20778830485
5.2100 5.1984 5.21780328235
5.2200 5.1884 5.22781825986
5.2300 5.1785 5.23783323737
5.2400 5.1686 5.24784821488
5.2500 5.1588 5.25786319239
5.2600 5.1490 5.2678781699
5.2700 5.1392 5.27789314741
5.2800 5.1295 5.28790812492
5.2900 5.1198 5.29792310243
5.3000 5.1101 5.30793807994
5.3100 5.1005 5.31795305745
5.3200 5.0909 5.32796803496
5.3300 5.0813 5.33798301247
5.3400 5.0718 5.34799798998
5.3500 5.0624 5.35801296749
5.3600 5.0529 5.36802794499
5.3700 5.0435 5.3780429225
5.3800 5.0341 5.38805790001
5.3900 5.0248 5.39807287752
5.4000 5.0155 5.40808785503
5.4100 5.0062 5.41810283254
5.4200 4.9970 5.42811781005
5.4300 4.9878 5.43813278756
5.4400 4.9786 5.44814776507
5.4500 4.9695 5.45816274258
5.4600 4.9604 5.46817772009
5.4700 4.9513 5.4781926976
5.4800 4.9423 5.48820767511
5.4900 4.9333 5.49822265262
5.5000 4.9243 5.50823763012
5.5100 4.9154 5.51825260763
5.5200 4.9065 5.52826758514
5.5300 4.8976 5.53828256265
5.5400 4.8888 5.54829754016
5.5500 4.8800 5.55831251767
5.5600 4.8712 5.56832749518
5.5700 4.8624 5.57834247269
5.5800 4.8537 5.5883574502
5.5900 4.8451 5.59837242771
5.6000 4.8364 5.60838740522
5.6100 4.8278 5.61840238273
5.6200 4.8192 5.62841736024
5.6300 4.8106 5.63843233775
5.6400 4.8021 5.64844731526
5.6500 4.7936 5.65846229276
5.6600 4.7851 5.66847727027
5.6700 4.7767 5.67849224778
5.6800 4.7683 5.68850722529
5.6900 4.7599 5.6985222028
5.7000 4.7516 5.70853718031
5.7100 4.7433 5.71855215782
5.7200 4.7350 5.72856713533
5.7300 4.7267 5.73858211284
5.7400 4.7185 5.74859709035
5.7500 4.7103 5.75861206786
5.7600 4.7021 5.76862704537
5.7700 4.6939 5.77864202288
5.7800 4.6858 5.78865700039
5.7900 4.6777 5.7986719779
5.8000 4.6697 5.8086869554
5.8100 4.6616 5.81870193291
5.8200 4.6536 5.82871691042
5.8300 4.6457 5.83873188793
5.8400 4.6377 5.84874686544
5.8500 4.6298 5.85876184295
5.8600 4.6219 5.86877682046
5.8700 4.6140 5.87879179797
5.8800 4.6062 5.88880677548
5.8900 4.5983 5.89882175299
5.9000 4.5905 5.9088367305
5.9100 4.5828 5.91885170801
5.9200 4.5750 5.92886668552
5.9300 4.5673 5.93888166303
5.9400 4.5596 5.94889664053
5.9500 4.5520 5.95891161804
5.9600 4.5443 5.96892659555
5.9700 4.5367 5.97894157306
5.9800 4.5292 5.98895655057
5.9900 4.5216 5.99897152808
6.0000 4.5141 6.00898650559
6.0100 4.5065 6.0190014831
6.0200 4.4991 6.02901646061
6.0300 4.4916 6.03903143812
6.0400 4.4842 6.04904641563
6.0500 4.4768 6.05906139314
6.0600 4.4694 6.06907637065
6.0700 4.4620 6.07909134816
6.0800 4.4547 6.08910632567
6.0900 4.4474 6.09912130317
6.1000 4.4401 6.10913628068
6.1100 4.4328 6.11915125819
6.1200 4.4256 6.1291662357
6.1300 4.4184 6.13918121321
6.1400 4.4112 6.14919619072
6.1500 4.4040 6.15921116823
6.1600 4.3968 6.16922614574
6.1700 4.3897 6.17924112325
6.1800 4.3826 6.18925610076
6.1900 4.3755 6.19927107827
6.2000 4.3685 6.20928605578
6.2100 4.3614 6.21930103329
6.2200 4.3544 6.2293160108
6.2300 4.3475 6.23933098831
6.2400 4.3405 6.24934596581
6.2500 4.3335 6.25936094332
6.2600 4.3266 6.26937592083
6.2700 4.3197 6.27939089834
6.2800 4.3128 6.28940587585
6.2900 4.3060 6.29942085336
6.3000 4.2992 6.30943583087
6.3100 4.2923 6.31945080838
6.3200 4.2856 6.32946578589
6.3300 4.2788 6.3394807634
6.3400 4.2720 6.34949574091
6.3500 4.2653 6.35951071842
6.3600 4.2586 6.36952569593
6.3700 4.2519 6.37954067344
6.3800 4.2453 6.38955565094
6.3900 4.2386 6.39957062845
6.4000 4.2320 6.40958560596
6.4100 4.2254 6.41960058347
6.4200 4.2188 6.42961556098
6.4300 4.2123 6.43963053849
6.4400 4.2057 6.449645516
6.4500 4.1992 6.45966049351
6.4600 4.1927 6.46967547102
6.4700 4.1862 6.47969044853
6.4800 4.1798 6.48970542604
6.4900 4.1733 6.49972040355
6.5000 4.1669 6.50973538106
6.5100 4.1605 6.51975035857
6.5200 4.1541 6.52976533608
6.5300 4.1478 6.53978031358
6.5400 4.1414 6.54979529109
6.5500 4.1351 6.5598102686
6.5600 4.1288 6.56982524611
6.5700 4.1225 6.57984022362
6.5800 4.1163 6.58985520113
6.5900 4.1100 6.59987017864
6.6000 4.1038 6.60988515615
6.6100 4.0976 6.61990013366
6.6200 4.0914 6.62991511117
6.6300 4.0852 6.63993008868
6.6400 4.0791 6.64994506619
6.6500 4.0730 6.6599600437
6.6600 4.0668 6.66997502121
6.6700 4.0607 6.67998999872
6.6800 4.0547 6.69000497622
6.6900 4.0486 6.70001995373
6.7000 4.0426 6.71003493124
6.7100 4.0365 6.72004990875
6.7200 4.0305 6.73006488626
6.7300 4.0246 6.74007986377
6.7400 4.0186 6.75009484128
6.7500 4.0126 6.76010981879
6.7600 4.0067 6.7701247963
6.7700 4.0008 6.78013977381
6.7800 3.9949 6.79015475132
6.7900 3.9890 6.80016972883
6.8000 3.9831 6.81018470634
6.8100 3.9773 6.82019968385
6.8200 3.9715 6.83021466135
6.8300 3.9656 6.84022963886
6.8400 3.9598 6.85024461637
6.8500 3.9541 6.86025959388
6.8600 3.9483 6.87027457139
6.8700 3.9426 6.8802895489
6.8800 3.9368 6.89030452641
6.8900 3.9311 6.90031950392
6.9000 3.9254 6.91033448143
6.9100 3.9197 6.92034945894
6.9200 3.9141 6.93036443645
6.9300 3.9084 6.94037941396
6.9400 3.9028 6.95039439147
6.9500 3.8972 6.96040936898
6.9600 3.8916 6.97042434649
6.9700 3.8860 6.98043932399
6.9800 3.8805 6.9904543015
6.9900 3.8749 7.00046927901
7.0000 3.8694 7.01048425652
7.0100 3.8638 7.02049923403
7.0200 3.8583 7.03051421154
7.0300 3.8529 7.04052918905
7.0400 3.8474 7.05054416656
7.0500 3.8419 7.06055914407
7.0600 3.8365 7.07057412158
7.0700 3.8311 7.08058909909
7.0800 3.8257 7.0906040766
7.0900 3.8203 7.10061905411
7.1000 3.8149 7.11063403162
7.1100 3.8095 7.12064900913
7.1200 3.8042 7.13066398663
7.1300 3.7988 7.14067896414
7.1400 3.7935 7.15069394165
7.1500 3.7882 7.16070891916
7.1600 3.7829 7.17072389667
7.1700 3.7777 7.18073887418
7.1800 3.7724 7.19075385169
7.1900 3.7672 7.2007688292
7.2000 3.7619 7.21078380671
7.2100 3.7567 7.22079878422
7.2200 3.7515 7.23081376173
7.2300 3.7463 7.24082873924
7.2400 3.7411 7.25084371675
7.2500 3.7360 7.26085869426
7.2600 3.7308 7.27087367176
7.2700 3.7257 7.28088864927
7.2800 3.7206 7.29090362678
7.2900 3.7155 7.30091860429
7.3000 3.7104 7.3109335818
7.3100 3.7053 7.32094855931
7.3200 3.7003 7.33096353682
7.3300 3.6952 7.34097851433
7.3400 3.6902 7.35099349184
7.3500 3.6852 7.36100846935
7.3600 3.6802 7.37102344686
7.3700 3.6752 7.38103842437
7.3800 3.6702 7.39105340188
7.3900 3.6652 7.40106837939
7.4000 3.6603 7.4110833569
7.4100 3.6553 7.4210983344
7.4200 3.6504 7.43111331191
7.4300 3.6455 7.44112828942
7.4400 3.6406 7.45114326693
7.4500 3.6357 7.46115824444
7.4600 3.6309 7.47117322195
7.4700 3.6260 7.48118819946
7.4800 3.6211 7.49120317697
7.4900 3.6163 7.50121815448
7.5000 3.6115 7.51123313199
7.5100 3.6067 7.5212481095
7.5200 3.6019 7.53126308701
7.5300 3.5971 7.54127806452
7.5400 3.5923 7.55129304203
7.5500 3.5876 7.56130801954
7.5600 3.5828 7.57132299704
7.5700 3.5781 7.58133797455
7.5800 3.5734 7.59135295206
7.5900 3.5687 7.60136792957
7.6000 3.5640 7.61138290708
7.6100 3.5593 7.62139788459
7.6200 3.5546 7.6314128621
7.6300 3.5500 7.64142783961
7.6400 3.5453 7.65144281712
7.6500 3.5407 7.66145779463
7.6600 3.5361 7.67147277214
7.6700 3.5315 7.68148774965
7.6800 3.5269 7.69150272716
7.6900 3.5223 7.70151770467
7.7000 3.5177 7.71153268217
7.7100 3.5132 7.72154765968
7.7200 3.5086 7.73156263719
7.7300 3.5041 7.7415776147
7.7400 3.4996 7.75159259221
7.7500 3.4950 7.76160756972
7.7600 3.4905 7.77162254723
7.7700 3.4860 7.78163752474
7.7800 3.4816 7.79165250225
7.7900 3.4771 7.80166747976
7.8000 3.4726 7.81168245727
7.8100 3.4682 7.82169743478
7.8200 3.4638 7.83171241229
7.8300 3.4593 7.8417273898
7.8400 3.4549 7.85174236731
7.8500 3.4505 7.86175734481
7.8600 3.4461 7.87177232232
7.8700 3.4418 7.88178729983
7.8800 3.4374 7.89180227734
7.8900 3.4330 7.90181725485
7.9000 3.4287 7.91183223236
7.9100 3.4244 7.92184720987
7.9200 3.4200 7.93186218738
7.9300 3.4157 7.94187716489
7.9400 3.4114 7.9518921424
7.9500 3.4071 7.96190711991
7.9600 3.4029 7.97192209742
7.9700 3.3986 7.98193707493
7.9800 3.3943 7.99195205244
7.9900 3.3901 8.00196702995
8.0000 3.3859 8.01198200745
8.0100 3.3816 8.02199698496
8.0200 3.3774 8.03201196247
8.0300 3.3732 8.04202693998
8.0400 3.3690 8.05204191749
8.0500 3.3648 8.062056895
8.0600 3.3607 8.07207187251
8.0700 3.3565 8.08208685002
8.0800 3.3524 8.09210182753
8.0900 3.3482 8.10211680504
8.1000 3.3441 8.11213178255
8.1100 3.3400 8.12214676006
8.1200 3.3358 8.13216173757
8.1300 3.3317 8.14217671508
8.1400 3.3277 8.15219169258
8.1500 3.3236 8.16220667009
8.1600 3.3195 8.1722216476
8.1700 3.3154 8.18223662511
8.1800 3.3114 8.19225160262
8.1900 3.3073 8.20226658013
8.2000 3.3033 8.21228155764
8.2100 3.2993 8.22229653515
8.2200 3.2953 8.23231151266
8.2300 3.2913 8.24232649017
8.2400 3.2873 8.25234146768
8.2500 3.2833 8.26235644519
8.2600 3.2793 8.2723714227
8.2700 3.2754 8.28238640021
8.2800 3.2714 8.29240137772
8.2900 3.2675 8.30241635522
8.3000 3.2635 8.31243133273
8.3100 3.2596 8.32244631024
8.3200 3.2557 8.33246128775
8.3300 3.2518 8.34247626526
8.3400 3.2479 8.35249124277
8.3500 3.2440 8.36250622028
8.3600 3.2401 8.37252119779
8.3700 3.2362 8.3825361753
8.3800 3.2324 8.39255115281
8.3900 3.2285 8.40256613032
8.4000 3.2247 8.41258110783
8.4100 3.2209 8.42259608534
8.4200 3.2170 8.43261106285
8.4300 3.2132 8.44262604036
8.4400 3.2094 8.45264101786
8.4500 3.2056 8.46265599537
8.4600 3.2018 8.47267097288
8.4700 3.1981 8.48268595039
8.4800 3.1943 8.4927009279
8.4900 3.1905 8.50271590541
8.5000 3.1868 8.51273088292
8.5100 3.1830 8.52274586043
8.5200 3.1793 8.53276083794
8.5300 3.1756 8.54277581545
8.5400 3.1719 8.55279079296
8.5500 3.1681 8.56280577047
8.5600 3.1644 8.57282074798
8.5700 3.1608 8.58283572549
8.5800 3.1571 8.59285070299
8.5900 3.1534 8.6028656805
8.6000 3.1497 8.61288065801
8.6100 3.1461 8.62289563552
8.6200 3.1424 8.63291061303
8.6300 3.1388 8.64292559054
8.6400 3.1352 8.65294056805
8.6500 3.1315 8.66295554556
8.6600 3.1279 8.67297052307
8.6700 3.1243 8.68298550058
8.6800 3.1207 8.69300047809
8.6900 3.1171 8.7030154556
8.7000 3.1135 8.71303043311
8.7100 3.1100 8.72304541062
8.7200 3.1064 8.73306038813
8.7300 3.1029 8.74307536563
8.7400 3.0993 8.75309034314
8.7500 3.0958 8.76310532065
8.7600 3.0922 8.77312029816
8.7700 3.0887 8.78313527567
8.7800 3.0852 8.79315025318
8.7900 3.0817 8.80316523069
8.8000 3.0782 8.8131802082
8.8100 3.0747 8.82319518571
8.8200 3.0712 8.83321016322
8.8300 3.0677 8.84322514073
8.8400 3.0643 8.85324011824
8.8500 3.0608 8.86325509575
8.8600 3.0573 8.87327007326
8.8700 3.0539 8.88328505077
8.8800 3.0505 8.89330002827
8.8900 3.0470 8.90331500578
8.9000 3.0436 8.91332998329
8.9100 3.0402 8.9233449608
8.9200 3.0368 8.93335993831
8.9300 3.0334 8.94337491582
8.9400 3.0300 8.95338989333
8.9500 3.0266 8.96340487084
8.9600 3.0232 8.97341984835
8.9700 3.0199 8.98343482586
8.9800 3.0165 8.99344980337
8.9900 3.0132 9.00346478088
9.0000 3.0098 9.01347975839
9.0100 3.0065 9.0234947359
9.0200 3.0031 9.0335097134
9.0300 2.9998 9.04352469091
9.0400 2.9965 9.05353966842
9.0500 2.9932 9.06355464593
9.0600 2.9899 9.07356962344
9.0700 2.9866 9.08358460095
9.0800 2.9833 9.09359957846
9.0900 2.9800 9.10361455597
9.1000 2.9768 9.11362953348
9.1100 2.9735 9.12364451099
9.1200 2.9702 9.1336594885
9.1300 2.9670 9.14367446601
9.1400 2.9637 9.15368944352
9.1500 2.9605 9.16370442103
9.1600 2.9573 9.17371939854
9.1700 2.9540 9.18373437604
9.1800 2.9508 9.19374935355
9.1900 2.9476 9.20376433106
9.2000 2.9444 9.21377930857
9.2100 2.9412 9.22379428608
9.2200 2.9380 9.23380926359
9.2300 2.9348 9.2438242411
9.2400 2.9317 9.25383921861
9.2500 2.9285 9.26385419612
9.2600 2.9253 9.27386917363
9.2700 2.9222 9.28388415114
9.2800 2.9190 9.29389912865
9.2900 2.9159 9.30391410616
9.3000 2.9128 9.31392908367
9.3100 2.9096 9.32394406117
9.3200 2.9065 9.33395903868
9.3300 2.9034 9.34397401619
9.3400 2.9003 9.3539889937
9.3500 2.8972 9.36400397121
9.3600 2.8941 9.37401894872
9.3700 2.8910 9.38403392623
9.3800 2.8879 9.39404890374
9.3900 2.8849 9.40406388125
9.4000 2.8818 9.41407885876
9.4100 2.8787 9.42409383627
9.4200 2.8757 9.43410881378
9.4300 2.8726 9.44412379129
9.4400 2.8696 9.4541387688
9.4500 2.8666 9.46415374631
9.4600 2.8635 9.47416872381
9.4700 2.8605 9.48418370132
9.4800 2.8575 9.49419867883
9.4900 2.8545 9.50421365634
9.5000 2.8515 9.51422863385
9.5100 2.8485 9.52424361136
9.5200 2.8455 9.53425858887
9.5300 2.8425 9.54427356638
9.5400 2.8395 9.55428854389
9.5500 2.8366 9.5643035214
9.5600 2.8336 9.57431849891
9.5700 2.8306 9.58433347642
9.5800 2.8277 9.59434845393
9.5900 2.8247 9.60436343144
9.6000 2.8218 9.61437840895
9.6100 2.8189 9.62439338645
9.6200 2.8159 9.63440836396
9.6300 2.8130 9.64442334147
9.6400 2.8101 9.65443831898
9.6500 2.8072 9.66445329649
9.6600 2.8043 9.674468274
9.6700 2.8014 9.68448325151
9.6800 2.7985 9.69449822902
9.6900 2.7956 9.70451320653
9.7000 2.7927 9.71452818404
9.7100 2.7898 9.72454316155
9.7200 2.7870 9.73455813906
9.7300 2.7841 9.74457311657
9.7400 2.7813 9.75458809408
9.7500 2.7784 9.76460307158
9.7600 2.7756 9.77461804909
9.7700 2.7727 9.7846330266
9.7800 2.7699 9.79464800411
9.7900 2.7671 9.80466298162
9.8000 2.7642 9.81467795913
9.8100 2.7614 9.82469293664
9.8200 2.7586 9.83470791415
9.8300 2.7558 9.84472289166
9.8400 2.7530 9.85473786917
9.8500 2.7502 9.86475284668
9.8600 2.7474 9.87476782419
9.8700 2.7446 9.8847828017
9.8800 2.7419 9.89479777921
9.8900 2.7391 9.90481275672
9.9000 2.7363 9.91482773422
9.9100 2.7336 9.92484271173
9.9200 2.7308 9.93485768924
9.9300 2.7281 9.94487266675
9.9400 2.7253 9.95488764426
9.9500 2.7226 9.96490262177
9.9600 2.7199 9.97491759928
9.9700 2.7171 9.98493257679
9.9800 2.7144 9.9949475543
9.9900 2.7117 10.0049625318
10.000 2.7090 10.0149775093
10.100 2.6822 10.1151272844
10.110 2.6795 10.1251422619
10.120 2.6769 10.1351572394
10.130 2.6742 10.1451722169
10.140 2.6716 10.1551871944
10.150 2.6690 10.165202172
10.160 2.6663 10.1752171495
10.170 2.6637 10.185232127
10.180 2.6611 10.1952471045
10.190 2.6585 10.205262082
10.200 2.6559 10.2152770595
10.210 2.6533 10.225292037
10.220 2.6507 10.2353070145
10.230 2.6481 10.245321992
10.240 2.6455 10.2553369695
10.250 2.6430 10.2653519471
10.260 2.6404 10.2753669246
10.270 2.6378 10.2853819021
10.280 2.6352 10.2953968796
10.290 2.6327 10.3054118571
10.300 2.6301 10.3154268346
10.310 2.6276 10.3254418121
10.320 2.6250 10.3354567896
10.330 2.6225 10.3454717671
10.340 2.6200 10.3554867446
10.350 2.6174 10.3655017221
10.360 2.6149 10.3755166997
10.370 2.6124 10.3855316772
10.380 2.6099 10.3955466547
10.390 2.6074 10.4055616322
10.400 2.6049 10.4155766097
10.410 2.6024 10.4255915872
10.420 2.5999 10.4356065647
10.430 2.5974 10.4456215422
10.440 2.5949 10.4556365197
10.450 2.5924 10.4656514972
10.460 2.5899 10.4756664747
10.470 2.5874 10.4856814523
10.480 2.5850 10.4956964298
10.490 2.5825 10.5057114073
10.500 2.5801 10.5157263848
10.510 2.5776 10.5257413623
10.520 2.5752 10.5357563398
10.530 2.5727 10.5457713173
10.540 2.5703 10.5557862948
10.550 2.5678 10.5658012723
10.560 2.5654 10.5758162498
10.570 2.5630 10.5858312273
10.580 2.5606 10.5958462049
10.590 2.5581 10.6058611824
10.600 2.5557 10.6158761599
10.610 2.5533 10.6258911374
10.620 2.5509 10.6359061149
10.630 2.5485 10.6459210924
10.640 2.5461 10.6559360699
10.650 2.5437 10.6659510474
10.660 2.5414 10.6759660249
10.670 2.5390 10.6859810024
10.680 2.5366 10.69599598
10.690 2.5342 10.7060109575
10.700 2.5319 10.716025935
10.710 2.5295 10.7260409125
10.720 2.5271 10.73605589
10.730 2.5248 10.7460708675
10.740 2.5224 10.756085845
10.750 2.5201 10.7661008225
10.760 2.5178 10.7761158
10.770 2.5154 10.7861307775
10.780 2.5131 10.796145755
10.790 2.5108 10.8061607326
10.800 2.5084 10.8161757101
10.810 2.5061 10.8261906876
10.820 2.5038 10.8362056651
10.830 2.5015 10.8462206426
10.840 2.4992 10.8562356201
10.850 2.4969 10.8662505976
10.860 2.4946 10.8762655751
10.870 2.4923 10.8862805526
10.880 2.4900 10.8962955301
10.890 2.4877 10.9063105076
10.900 2.4854 10.9163254852
10.910 2.4832 10.9263404627
10.920 2.4809 10.9363554402
10.930 2.4786 10.9463704177
10.940 2.4764 10.9563853952
10.950 2.4741 10.9664003727
10.960 2.4718 10.9764153502
10.970 2.4696 10.9864303277
10.980 2.4673 10.9964453052
10.990 2.4651 11.0064602827
11.000 2.4629 11.0164752602
11.010 2.4606 11.0264902378
11.020 2.4584 11.0365052153
11.030 2.4562 11.0465201928
11.040 2.4539 11.0565351703
11.050 2.4517 11.0665501478
11.060 2.4495 11.0765651253
11.070 2.4473 11.0865801028
11.080 2.4451 11.0965950803
11.090 2.4429 11.1066100578
11.100 2.4407 11.1166250353
11.110 2.4385 11.1266400129
11.120 2.4363 11.1366549904
11.130 2.4341 11.1466699679
11.140 2.4319 11.1566849454
11.150 2.4298 11.1666999229
11.160 2.4276 11.1767149004
11.170 2.4254 11.1867298779
11.180 2.4232 11.1967448554
11.190 2.4211 11.2067598329
11.200 2.4189 11.2167748104
11.210 2.4168 11.2267897879
11.220 2.4146 11.2368047655
11.230 2.4125 11.246819743
11.240 2.4103 11.2568347205
11.250 2.4082 11.266849698
11.260 2.4060 11.2768646755
11.270 2.4039 11.286879653
11.280 2.4018 11.2968946305
11.290 2.3996 11.306909608
11.300 2.3975 11.3169245855
11.310 2.3954 11.326939563
11.320 2.3933 11.3369545405
11.330 2.3912 11.3469695181
11.340 2.3891 11.3569844956
11.350 2.3870 11.3669994731
11.360 2.3849 11.3770144506
11.370 2.3828 11.3870294281
11.380 2.3807 11.3970444056
11.390 2.3786 11.4070593831
11.400 2.3765 11.4170743606
11.410 2.3744 11.4270893381
11.420 2.3723 11.4371043156
11.430 2.3703 11.4471192932
11.440 2.3682 11.4571342707
11.450 2.3661 11.4671492482
11.460 2.3641 11.4771642257
11.470 2.3620 11.4871792032
11.480 2.3600 11.4971941807
11.490 2.3579 11.5072091582
11.500 2.3559 11.5172241357
11.510 2.3538 11.5272391132
11.520 2.3518 11.5372540907
11.530 2.3497 11.5472690682
11.540 2.3477 11.5572840458
11.550 2.3457 11.5672990233
11.560 2.3436 11.5773140008
11.570 2.3416 11.5873289783
11.580 2.3396 11.5973439558
11.590 2.3376 11.6073589333
11.600 2.3356 11.6173739108
11.610 2.3335 11.6273888883
11.620 2.3315 11.6374038658
11.630 2.3295 11.6474188433
11.640 2.3275 11.6574338208
11.650 2.3255 11.6674487984
11.660 2.3236 11.6774637759
11.670 2.3216 11.6874787534
11.680 2.3196 11.6974937309
11.690 2.3176 11.7075087084
11.700 2.3156 11.7175236859
11.710 2.3136 11.7275386634
11.720 2.3117 11.7375536409
11.730 2.3097 11.7475686184
11.740 2.3077 11.7575835959
11.750 2.3058 11.7675985734
11.760 2.3038 11.777613551
11.770 2.3019 11.7876285285
11.780 2.2999 11.797643506
11.790 2.2979 11.8076584835
11.800 2.2960 11.817673461
11.810 2.2941 11.8276884385
11.820 2.2921 11.837703416
11.830 2.2902 11.8477183935
11.840 2.2883 11.857733371
11.850 2.2863 11.8677483485
11.860 2.2844 11.8777633261
11.870 2.2825 11.8877783036
11.880 2.2806 11.8977932811
11.890 2.2786 11.9078082586
11.900 2.2767 11.9178232361
11.910 2.2748 11.9278382136
11.920 2.2729 11.9378531911
11.930 2.2710 11.9478681686
11.940 2.2691 11.9578831461
11.950 2.2672 11.9678981236
11.960 2.2653 11.9779131011
11.970 2.2634 11.9879280787
11.980 2.2615 11.9979430562
11.990 2.2596 12.0079580337
12.000 2.2578 12.0179730112
12.010 2.2559 12.0279879887
12.020 2.2540 12.0380029662
12.030 2.2521 12.0480179437
12.040 2.2503 12.0580329212
12.050 2.2484 12.0680478987
12.060 2.2465 12.0780628762
12.070 2.2447 12.0880778537
12.080 2.2428 12.0980928313
12.090 2.2410 12.1081078088
12.100 2.2391 12.1181227863
12.110 2.2373 12.1281377638
12.120 2.2354 12.1381527413
12.130 2.2336 12.1481677188
12.140 2.2318 12.1581826963
12.150 2.2299 12.1681976738
12.160 2.2281 12.1782126513
12.170 2.2263 12.1882276288
12.180 2.2244 12.1982426063
12.190 2.2226 12.2082575839
12.200 2.2208 12.2182725614
12.210 2.2190 12.2282875389
12.220 2.2172 12.2383025164
12.230 2.2153 12.2483174939
12.240 2.2135 12.2583324714
12.250 2.2117 12.2683474489
12.260 2.2099 12.2783624264
12.270 2.2081 12.2883774039
12.280 2.2063 12.2983923814
12.290 2.2045 12.308407359
12.300 2.2027 12.3184223365
12.310 2.2010 12.328437314
12.320 2.1992 12.3384522915
12.330 2.1974 12.348467269
12.340 2.1956 12.3584822465
12.350 2.1938 12.368497224
12.360 2.1921 12.3785122015
12.370 2.1903 12.388527179
12.380 2.1885 12.3985421565
12.390 2.1868 12.408557134
12.400 2.1850 12.4185721116
12.410 2.1832 12.4285870891
12.420 2.1815 12.4386020666
12.430 2.1797 12.4486170441
12.440 2.1780 12.4586320216
12.450 2.1762 12.4686469991
12.460 2.1745 12.4786619766
12.470 2.1727 12.4886769541
12.480 2.1710 12.4986919316
12.490 2.1693 12.5087069091
12.500 2.1675 12.5187218866
12.510 2.1658 12.5287368642
12.520 2.1641 12.5387518417
12.530 2.1623 12.5487668192
12.540 2.1606 12.5587817967
12.550 2.1589 12.5687967742
12.560 2.1572 12.5788117517
12.570 2.1555 12.5888267292
12.580 2.1538 12.5988417067
12.590 2.1520 12.6088566842
12.600 2.1503 12.6188716617
12.610 2.1486 12.6288866392
12.620 2.1469 12.6389016168
12.630 2.1452 12.6489165943
12.640 2.1435 12.6589315718
12.650 2.1418 12.6689465493
12.660 2.1402 12.6789615268
12.670 2.1385 12.6889765043
12.680 2.1368 12.6989914818
12.690 2.1351 12.7090064593
12.700 2.1334 12.7190214368
12.710 2.1317 12.7290364143
12.720 2.1301 12.7390513919
12.730 2.1284 12.7490663694
12.740 2.1267 12.7590813469
12.750 2.1251 12.7690963244
12.760 2.1234 12.7791113019
12.770 2.1217 12.7891262794
12.780 2.1201 12.7991412569
12.790 2.1184 12.8091562344
12.800 2.1168 12.8191712119
12.810 2.1151 12.8291861894
12.820 2.1135 12.8392011669
12.830 2.1118 12.8492161445
12.840 2.1102 12.859231122
12.850 2.1085 12.8692460995
12.860 2.1069 12.879261077
12.870 2.1053 12.8892760545
12.880 2.1036 12.899291032
12.890 2.1020 12.9093060095
12.900 2.1004 12.919320987
12.910 2.0987 12.9293359645
12.920 2.0971 12.939350942
12.930 2.0955 12.9493659195
12.940 2.0939 12.9593808971
12.950 2.0923 12.9693958746
12.960 2.0907 12.9794108521
12.970 2.0890 12.9894258296
12.980 2.0874 12.9994408071
12.990 2.0858 13.0094557846
13.000 2.0842 13.0194707621
13.010 2.0826 13.0294857396
13.020 2.0810 13.0395007171
13.030 2.0794 13.0495156946
13.040 2.0778 13.0595306722
13.050 2.0763 13.0695456497
13.060 2.0747 13.0795606272
13.070 2.0731 13.0895756047
13.080 2.0715 13.0995905822
13.090 2.0699 13.1096055597
13.100 2.0683 13.1196205372
13.110 2.0668 13.1296355147
13.120 2.0652 13.1396504922
13.130 2.0636 13.1496654697
13.140 2.0620 13.1596804472
13.150 2.0605 13.1696954248
13.160 2.0589 13.1797104023
13.170 2.0574 13.1897253798
13.180 2.0558 13.1997403573
13.190 2.0542 13.2097553348
13.200 2.0527 13.2197703123
13.210 2.0511 13.2297852898
13.220 2.0496 13.2398002673
13.230 2.0480 13.2498152448
13.240 2.0465 13.2598302223
13.250 2.0449 13.2698451998
13.260 2.0434 13.2798601774
13.270 2.0419 13.2898751549
13.280 2.0403 13.2998901324
13.290 2.0388 13.3099051099
13.300 2.0373 13.3199200874
13.310 2.0357 13.3299350649
13.320 2.0342 13.3399500424
13.330 2.0327 13.3499650199
13.340 2.0312 13.3599799974
13.350 2.0296 13.3699949749
13.360 2.0281 13.3800099524
13.370 2.0266 13.39002493
13.380 2.0251 13.4000399075
13.390 2.0236 13.410054885
13.400 2.0221 13.4200698625
13.410 2.0206 13.43008484
13.420 2.0191 13.4400998175
13.430 2.0176 13.450114795
13.440 2.0161 13.4601297725
13.450 2.0146 13.47014475
13.460 2.0131 13.4801597275
13.470 2.0116 13.4901747051
13.480 2.0101 13.5001896826
13.490 2.0086 13.5102046601
13.500 2.0071 13.5202196376
13.510 2.0056 13.5302346151
13.520 2.0041 13.5402495926
13.530 2.0027 13.5502645701
13.540 2.0012 13.5602795476
13.550 1.9997 13.5702945251
13.560 1.9982 13.5803095026
13.570 1.9968 13.5903244801
13.580 1.9953 13.6003394577
13.590 1.9938 13.6103544352
13.600 1.9924 13.6203694127
13.610 1.9909 13.6303843902
13.620 1.9894 13.6403993677
13.630 1.9880 13.6504143452
13.640 1.9865 13.6604293227
13.650 1.9851 13.6704443002
13.660 1.9836 13.6804592777
13.670 1.9822 13.6904742552
13.680 1.9807 13.7004892327
13.690 1.9793 13.7105042103
13.700 1.9778 13.7205191878
13.710 1.9764 13.7305341653
13.720 1.9750 13.7405491428
13.730 1.9735 13.7505641203
13.740 1.9721 13.7605790978
13.750 1.9707 13.7705940753
13.760 1.9692 13.7806090528
13.770 1.9678 13.7906240303
13.780 1.9664 13.8006390078
13.790 1.9649 13.8106539853
13.800 1.9635 13.8206689629
13.810 1.9621 13.8306839404
13.820 1.9607 13.8406989179
13.830 1.9593 13.8507138954
13.840 1.9578 13.8607288729
13.850 1.9564 13.8707438504
13.860 1.9550 13.8807588279
13.870 1.9536 13.8907738054
13.880 1.9522 13.9007887829
13.890 1.9508 13.9108037604
13.900 1.9494 13.920818738
13.910 1.9480 13.9308337155
13.920 1.9466 13.940848693
13.930 1.9452 13.9508636705
13.940 1.9438 13.960878648
13.950 1.9424 13.9708936255
13.960 1.9410 13.980908603
13.970 1.9396 13.9909235805
13.980 1.9383 14.000938558
13.990 1.9369 14.0109535355
14.000 1.9355 14.020968513
14.010 1.9341 14.0309834906
14.020 1.9327 14.0409984681
14.030 1.9314 14.0510134456
14.040 1.9300 14.0610284231
14.050 1.9286 14.0710434006
14.060 1.9272 14.0810583781
14.070 1.9259 14.0910733556
14.080 1.9245 14.1010883331
14.090 1.9231 14.1111033106
14.100 1.9218 14.1211182881
14.110 1.9204 14.1311332656
14.120 1.9191 14.1411482432
14.130 1.9177 14.1511632207
14.140 1.9164 14.1611781982
14.150 1.9150 14.1711931757
14.160 1.9136 14.1812081532
14.170 1.9123 14.1912231307
14.180 1.9110 14.2012381082
14.190 1.9096 14.2112530857
14.200 1.9083 14.2212680632
14.210 1.9069 14.2312830407
14.220 1.9056 14.2412980183
14.230 1.9042 14.2513129958
14.240 1.9029 14.2613279733
14.250 1.9016 14.2713429508
14.260 1.9002 14.2813579283
14.270 1.8989 14.2913729058
14.280 1.8976 14.3013878833
14.290 1.8963 14.3114028608
14.300 1.8949 14.3214178383
14.310 1.8936 14.3314328158
14.320 1.8923 14.3414477933
14.330 1.8910 14.3514627709
14.340 1.8897 14.3614777484
14.350 1.8883 14.3714927259
14.360 1.8870 14.3815077034
14.370 1.8857 14.3915226809
14.380 1.8844 14.4015376584
14.390 1.8831 14.4115526359
14.400 1.8818 14.4215676134
14.410 1.8805 14.4315825909
14.420 1.8792 14.4415975684
14.430 1.8779 14.4516125459
14.440 1.8766 14.4616275235
14.450 1.8753 14.471642501
14.460 1.8740 14.4816574785
14.470 1.8727 14.491672456
14.480 1.8714 14.5016874335
14.490 1.8701 14.511702411
14.500 1.8688 14.5217173885
14.510 1.8675 14.531732366
14.520 1.8663 14.5417473435
14.530 1.8650 14.551762321
14.540 1.8637 14.5617772985
14.550 1.8624 14.5717922761
14.560 1.8611 14.5818072536
14.570 1.8599 14.5918222311
14.580 1.8586 14.6018372086
14.590 1.8573 14.6118521861
14.600 1.8560 14.6218671636
14.610 1.8548 14.6318821411
14.620 1.8535 14.6418971186
14.630 1.8522 14.6519120961
14.640 1.8510 14.6619270736
14.650 1.8497 14.6719420512
14.660 1.8485 14.6819570287
14.670 1.8472 14.6919720062
14.680 1.8459 14.7019869837
14.690 1.8447 14.7120019612
14.700 1.8434 14.7220169387
14.710 1.8422 14.7320319162
14.720 1.8409 14.7420468937
14.730 1.8397 14.7520618712
14.740 1.8384 14.7620768487
14.750 1.8372 14.7720918262
14.760 1.8359 14.7821068038
14.770 1.8347 14.7921217813
14.780 1.8335 14.8021367588
14.790 1.8322 14.8121517363
14.800 1.8310 14.8221667138
14.810 1.8297 14.8321816913
14.820 1.8285 14.8421966688
14.830 1.8273 14.8522116463
14.840 1.8261 14.8622266238
14.850 1.8248 14.8722416013
14.860 1.8236 14.8822565788
14.870 1.8224 14.8922715564
14.880 1.8212 14.9022865339
14.890 1.8199 14.9123015114
14.900 1.8187 14.9223164889
14.910 1.8175 14.9323314664
14.920 1.8163 14.9423464439
14.930 1.8151 14.9523614214
14.940 1.8138 14.9623763989
14.950 1.8126 14.9723913764
14.960 1.8114 14.9824063539
14.970 1.8102 14.9924213314
14.980 1.8090 15.002436309
14.990 1.8078 15.0124512865
15.000 1.8066 15.022466264
15.100 1.7946 15.1226160391
15.110 1.7935 15.1326310166
15.120 1.7923 15.1426459941
15.130 1.7911 15.1526609716
15.140 1.7899 15.1626759491
15.150 1.7887 15.1726909266
15.160 1.7876 15.1827059041
15.170 1.7864 15.1927208816
15.180 1.7852 15.2027358591
15.190 1.7840 15.2127508367
15.200 1.7829 15.2227658142
15.210 1.7817 15.2327807917
15.220 1.7805 15.2427957692
15.230 1.7793 15.2528107467
15.240 1.7782 15.2628257242
15.250 1.7770 15.2728407017
15.260 1.7759 15.2828556792
15.270 1.7747 15.2928706567
15.280 1.7735 15.3028856342
15.290 1.7724 15.3129006117
15.300 1.7712 15.3229155893
15.310 1.7701 15.3329305668
15.320 1.7689 15.3429455443
15.330 1.7678 15.3529605218
15.340 1.7666 15.3629754993
15.350 1.7655 15.3729904768
15.360 1.7643 15.3830054543
15.370 1.7632 15.3930204318
15.380 1.7620 15.4030354093
15.390 1.7609 15.4130503868
15.400 1.7597 15.4230653643
15.410 1.7586 15.4330803419
15.420 1.7574 15.4430953194
15.430 1.7563 15.4531102969
15.440 1.7552 15.4631252744
15.450 1.7540 15.4731402519
15.460 1.7529 15.4831552294
15.470 1.7518 15.4931702069
15.480 1.7506 15.5031851844
15.490 1.7495 15.5132001619
15.500 1.7484 15.5232151394
15.510 1.7473 15.533230117
15.520 1.7461 15.5432450945
15.530 1.7450 15.553260072
15.540 1.7439 15.5632750495
15.550 1.7428 15.573290027
15.560 1.7417 15.5833050045
15.570 1.7405 15.593319982
15.580 1.7394 15.6033349595
15.590 1.7383 15.613349937
15.600 1.7372 15.6233649145
15.610 1.7361 15.633379892
15.620 1.7350 15.6433948696
15.630 1.7339 15.6534098471
15.640 1.7328 15.6634248246
15.650 1.7317 15.6734398021
15.660 1.7305 15.6834547796
15.670 1.7294 15.6934697571
15.680 1.7283 15.7034847346
15.690 1.7272 15.7134997121
15.700 1.7261 15.7235146896
15.710 1.7250 15.7335296671
15.720 1.7240 15.7435446446
15.730 1.7229 15.7535596222
15.740 1.7218 15.7635745997
15.750 1.7207 15.7735895772
15.760 1.7196 15.7836045547
15.770 1.7185 15.7936195322
15.780 1.7174 15.8036345097
15.790 1.7163 15.8136494872
15.800 1.7152 15.8236644647
15.810 1.7141 15.8336794422
15.820 1.7131 15.8436944197
15.830 1.7120 15.8537093973
15.840 1.7109 15.8637243748
15.850 1.7098 15.8737393523
15.860 1.7088 15.8837543298
15.870 1.7077 15.8937693073
15.880 1.7066 15.9037842848
15.890 1.7055 15.9137992623
15.900 1.7045 15.9238142398
15.910 1.7034 15.9338292173
15.920 1.7023 15.9438441948
15.930 1.7013 15.9538591723
15.940 1.7002 15.9638741499
15.950 1.6991 15.9738891274
15.960 1.6981 15.9839041049
15.970 1.6970 15.9939190824
15.980 1.6959 16.0039340599
15.990 1.6949 16.0139490374
16.000 1.6938 16.0239640149
16.010 1.6928 16.0339789924
16.020 1.6917 16.0439939699
16.030 1.6907 16.0540089474
16.040 1.6896 16.0640239249
16.050 1.6885 16.0740389025
16.060 1.6875 16.08405388
16.070 1.6865 16.0940688575
16.080 1.6854 16.104083835
16.090 1.6844 16.1140988125
16.100 1.6833 16.12411379
16.110 1.6823 16.1341287675
16.120 1.6812 16.144143745
16.130 1.6802 16.1541587225
16.140 1.6791 16.1641737
16.150 1.6781 16.1741886775
16.160 1.6771 16.1842036551
16.170 1.6760 16.1942186326
16.180 1.6750 16.2042336101
16.190 1.6740 16.2142485876
16.200 1.6729 16.2242635651
16.210 1.6719 16.2342785426
16.220 1.6709 16.2442935201
16.230 1.6698 16.2543084976
16.240 1.6688 16.2643234751
16.250 1.6678 16.2743384526
16.260 1.6668 16.2843534302
16.270 1.6657 16.2943684077
16.280 1.6647 16.3043833852
16.290 1.6637 16.3143983627
16.300 1.6627 16.3244133402
16.310 1.6617 16.3344283177
16.320 1.6606 16.3444432952
16.330 1.6596 16.3544582727
16.340 1.6586 16.3644732502
16.350 1.6576 16.3744882277
16.360 1.6566 16.3845032052
16.370 1.6556 16.3945181828
16.380 1.6546 16.4045331603
16.390 1.6536 16.4145481378
16.400 1.6526 16.4245631153
16.410 1.6516 16.4345780928
16.420 1.6505 16.4445930703
16.430 1.6495 16.4546080478
16.440 1.6485 16.4646230253
16.450 1.6475 16.4746380028
16.460 1.6465 16.4846529803
16.470 1.6455 16.4946679578
16.480 1.6445 16.5046829354
16.490 1.6436 16.5146979129
16.500 1.6426 16.5247128904
16.510 1.6416 16.5347278679
16.520 1.6406 16.5447428454
16.530 1.6396 16.5547578229
16.540 1.6386 16.5647728004
16.550 1.6376 16.5747877779
16.560 1.6366 16.5848027554
16.570 1.6356 16.5948177329
16.580 1.6346 16.6048327104
16.590 1.6337 16.614847688
16.600 1.6327 16.6248626655
16.610 1.6317 16.634877643
16.620 1.6307 16.6448926205
16.630 1.6297 16.654907598
16.640 1.6288 16.6649225755
16.650 1.6278 16.674937553
16.660 1.6268 16.6849525305
16.670 1.6258 16.694967508
16.680 1.6249 16.7049824855
16.690 1.6239 16.7149974631
16.700 1.6229 16.7250124406
16.710 1.6219 16.7350274181
16.720 1.6210 16.7450423956
16.730 1.6200 16.7550573731
16.740 1.6190 16.7650723506
16.750 1.6181 16.7750873281
16.760 1.6171 16.7851023056
16.770 1.6161 16.7951172831
16.780 1.6152 16.8051322606
16.790 1.6142 16.8151472381
16.800 1.6133 16.8251622157
16.810 1.6123 16.8351771932
16.820 1.6114 16.8451921707
16.830 1.6104 16.8552071482
16.840 1.6094 16.8652221257
16.850 1.6085 16.8752371032
16.860 1.6075 16.8852520807
16.870 1.6066 16.8952670582
16.880 1.6056 16.9052820357
16.890 1.6047 16.9152970132
16.900 1.6037 16.9253119907
16.910 1.6028 16.9353269683
16.920 1.6018 16.9453419458
16.930 1.6009 16.9553569233
16.940 1.6000 16.9653719008
16.950 1.5990 16.9753868783
16.960 1.5981 16.9854018558
16.970 1.5971 16.9954168333
16.980 1.5962 17.0054318108
16.990 1.5953 17.0154467883
17.000 1.5943 17.0254617658
17.010 1.5934 17.0354767433
17.020 1.5924 17.0454917209
17.030 1.5915 17.0555066984
17.040 1.5906 17.0655216759
17.050 1.5896 17.0755366534
17.060 1.5887 17.0855516309
17.070 1.5878 17.0955666084
17.080 1.5869 17.1055815859
17.090 1.5859 17.1155965634
17.100 1.5850 17.1256115409
17.110 1.5841 17.1356265184
17.120 1.5832 17.145641496
17.130 1.5822 17.1556564735
17.140 1.5813 17.165671451
17.150 1.5804 17.1756864285
17.160 1.5795 17.185701406
17.170 1.5786 17.1957163835
17.180 1.5776 17.205731361
17.190 1.5767 17.2157463385
17.200 1.5758 17.225761316
17.210 1.5749 17.2357762935
17.220 1.5740 17.245791271
17.230 1.5731 17.2558062486
17.240 1.5722 17.2658212261
17.250 1.5712 17.2758362036
17.260 1.5703 17.2858511811
17.270 1.5694 17.2958661586
17.280 1.5685 17.3058811361
17.290 1.5676 17.3158961136
17.300 1.5667 17.3259110911
17.310 1.5658 17.3359260686
17.320 1.5649 17.3459410461
17.330 1.5640 17.3559560236
17.340 1.5631 17.3659710012
17.350 1.5622 17.3759859787
17.360 1.5613 17.3860009562
17.370 1.5604 17.3960159337
17.380 1.5595 17.4060309112
17.390 1.5586 17.4160458887
17.400 1.5577 17.4260608662
17.410 1.5568 17.4360758437
17.420 1.5559 17.4460908212
17.430 1.5550 17.4561057987
17.440 1.5541 17.4661207763
17.450 1.5533 17.4761357538
17.460 1.5524 17.4861507313
17.470 1.5515 17.4961657088
17.480 1.5506 17.5061806863
17.490 1.5497 17.5161956638
17.500 1.5488 17.5262106413
17.510 1.5479 17.5362256188
17.520 1.5471 17.5462405963
17.530 1.5462 17.5562555738
17.540 1.5453 17.5662705513
17.550 1.5444 17.5762855289
17.560 1.5435 17.5863005064
17.570 1.5427 17.5963154839
17.580 1.5418 17.6063304614
17.590 1.5409 17.6163454389
17.600 1.5400 17.6263604164
17.610 1.5392 17.6363753939
17.620 1.5383 17.6463903714
17.630 1.5374 17.6564053489
17.640 1.5366 17.6664203264
17.650 1.5357 17.6764353039
17.660 1.5348 17.6864502815
17.670 1.5339 17.696465259
17.680 1.5331 17.7064802365
17.690 1.5322 17.716495214
17.700 1.5314 17.7265101915
17.710 1.5305 17.736525169
17.720 1.5296 17.7465401465
17.730 1.5288 17.756555124
17.740 1.5279 17.7665701015
17.750 1.5270 17.776585079
17.760 1.5262 17.7866000565
17.770 1.5253 17.7966150341
17.780 1.5245 17.8066300116
17.790 1.5236 17.8166449891
17.800 1.5228 17.8266599666
17.810 1.5219 17.8366749441
17.820 1.5211 17.8466899216
17.830 1.5202 17.8567048991
17.840 1.5194 17.8667198766
17.850 1.5185 17.8767348541
17.860 1.5177 17.8867498316
17.870 1.5168 17.8967648092
17.880 1.5160 17.9067797867
17.890 1.5151 17.9167947642
17.900 1.5143 17.9268097417
17.910 1.5134 17.9368247192
17.920 1.5126 17.9468396967
17.930 1.5117 17.9568546742
17.940 1.5109 17.9668696517
17.950 1.5101 17.9768846292
17.960 1.5092 17.9868996067
17.970 1.5084 17.9969145842
17.980 1.5075 18.0069295618
17.990 1.5067 18.0169445393
18.000 1.5059 18.0269595168
18.010 1.5050 18.0369744943
18.020 1.5042 18.0469894718
18.030 1.5034 18.0570044493
18.040 1.5025 18.0670194268
18.050 1.5017 18.0770344043
18.060 1.5009 18.0870493818
18.070 1.5000 18.0970643593
18.080 1.4992 18.1070793368
18.090 1.4984 18.1170943144
18.100 1.4976 18.1271092919
18.110 1.4967 18.1371242694
18.120 1.4959 18.1471392469
18.130 1.4951 18.1571542244
18.140 1.4943 18.1671692019
18.150 1.4934 18.1771841794
18.160 1.4926 18.1871991569
18.170 1.4918 18.1972141344
18.180 1.4910 18.2072291119
18.190 1.4902 18.2172440894
18.200 1.4893 18.227259067
18.210 1.4885 18.2372740445
18.220 1.4877 18.247289022
18.230 1.4869 18.2573039995
18.240 1.4861 18.267318977
18.250 1.4853 18.2773339545
18.260 1.4845 18.287348932
18.270 1.4837 18.2973639095
18.280 1.4828 18.307378887
18.290 1.4820 18.3173938645
18.300 1.4812 18.3274088421
18.310 1.4804 18.3374238196
18.320 1.4796 18.3474387971
18.330 1.4788 18.3574537746
18.340 1.4780 18.3674687521
18.350 1.4772 18.3774837296
18.360 1.4764 18.3874987071
18.370 1.4756 18.3975136846
18.380 1.4748 18.4075286621
18.390 1.4740 18.4175436396
18.400 1.4732 18.4275586171
18.410 1.4724 18.4375735947
18.420 1.4716 18.4475885722
18.430 1.4708 18.4576035497
18.440 1.4700 18.4676185272
18.450 1.4692 18.4776335047
18.460 1.4684 18.4876484822
18.470 1.4676 18.4976634597
18.480 1.4668 18.5076784372
18.490 1.4660 18.5176934147
18.500 1.4652 18.5277083922
18.510 1.4644 18.5377233697
18.520 1.4637 18.5477383473
18.530 1.4629 18.5577533248
18.540 1.4621 18.5677683023
18.550 1.4613 18.5777832798
18.560 1.4605 18.5877982573
18.570 1.4597 18.5978132348
18.580 1.4589 18.6078282123
18.590 1.4582 18.6178431898
18.600 1.4574 18.6278581673
18.610 1.4566 18.6378731448
18.620 1.4558 18.6478881223
18.630 1.4550 18.6579030999
18.640 1.4542 18.6679180774
18.650 1.4535 18.6779330549
18.660 1.4527 18.6879480324
18.670 1.4519 18.6979630099
18.680 1.4511 18.7079779874
18.690 1.4504 18.7179929649
18.700 1.4496 18.7280079424
18.710 1.4488 18.7380229199
18.720 1.4480 18.7480378974
18.730 1.4473 18.758052875
18.740 1.4465 18.7680678525
18.750 1.4457 18.77808283
18.760 1.4450 18.7880978075
18.770 1.4442 18.798112785
18.780 1.4434 18.8081277625
18.790 1.4427 18.81814274
18.800 1.4419 18.8281577175
18.810 1.4411 18.838172695
18.820 1.4404 18.8481876725
18.830 1.4396 18.85820265
18.840 1.4388 18.8682176276
18.850 1.4381 18.8782326051
18.860 1.4373 18.8882475826
18.870 1.4366 18.8982625601
18.880 1.4358 18.9082775376
18.890 1.4350 18.9182925151
18.900 1.4343 18.9283074926
18.910 1.4335 18.9383224701
18.920 1.4328 18.9483374476
18.930 1.4320 18.9583524251
18.940 1.4313 18.9683674026
18.950 1.4305 18.9783823802
18.960 1.4297 18.9883973577
18.970 1.4290 18.9984123352
18.980 1.4282 19.0084273127
18.990 1.4275 19.0184422902
19.000 1.4267 19.0284572677
19.010 1.4260 19.0384722452
19.020 1.4252 19.0484872227
19.030 1.4245 19.0585022002
19.040 1.4237 19.0685171777
19.050 1.4230 19.0785321553
19.060 1.4223 19.0885471328
19.070 1.4215 19.0985621103
19.080 1.4208 19.1085770878
19.090 1.4200 19.1185920653
19.100 1.4193 19.1286070428
19.110 1.4185 19.1386220203
19.120 1.4178 19.1486369978
19.130 1.4171 19.1586519753
19.140 1.4163 19.1686669528
19.150 1.4156 19.1786819303
19.160 1.4148 19.1886969079
19.170 1.4141 19.1987118854
19.180 1.4134 19.2087268629
19.190 1.4126 19.2187418404
19.200 1.4119 19.2287568179
19.210 1.4112 19.2387717954
19.220 1.4104 19.2487867729
19.230 1.4097 19.2588017504
19.240 1.4090 19.2688167279
19.250 1.4082 19.2788317054
19.260 1.4075 19.2888466829
19.270 1.4068 19.2988616605
19.280 1.4061 19.308876638
19.290 1.4053 19.3188916155
19.300 1.4046 19.328906593
19.310 1.4039 19.3389215705
19.320 1.4032 19.348936548
19.330 1.4024 19.3589515255
19.340 1.4017 19.368966503
19.350 1.4010 19.3789814805
19.360 1.4003 19.388996458
19.370 1.3995 19.3990114355
19.380 1.3988 19.4090264131
19.390 1.3981 19.4190413906
19.400 1.3974 19.4290563681
19.410 1.3967 19.4390713456
19.420 1.3959 19.4490863231
19.430 1.3952 19.4591013006
19.440 1.3945 19.4691162781
19.450 1.3938 19.4791312556
19.460 1.3931 19.4891462331
19.470 1.3924 19.4991612106
19.480 1.3916 19.5091761882
19.490 1.3909 19.5191911657
19.500 1.3902 19.5292061432
19.510 1.3895 19.5392211207
19.520 1.3888 19.5492360982
19.530 1.3881 19.5592510757
19.540 1.3874 19.5692660532
19.550 1.3867 19.5792810307
19.560 1.3860 19.5892960082
19.570 1.3853 19.5993109857
19.580 1.3846 19.6093259632
19.590 1.3838 19.6193409408
19.600 1.3831 19.6293559183
19.610 1.3824 19.6393708958
19.620 1.3817 19.6493858733
19.630 1.3810 19.6594008508
19.640 1.3803 19.6694158283
19.650 1.3796 19.6794308058
19.660 1.3789 19.6894457833
19.670 1.3782 19.6994607608
19.680 1.3775 19.7094757383
19.690 1.3768 19.7194907158
19.700 1.3761 19.7295056934
19.710 1.3754 19.7395206709
19.720 1.3747 19.7495356484
19.730 1.3740 19.7595506259
19.740 1.3734 19.7695656034
19.750 1.3727 19.7795805809
19.760 1.3720 19.7895955584
19.770 1.3713 19.7996105359
19.780 1.3706 19.8096255134
19.790 1.3699 19.8196404909
19.800 1.3692 19.8296554684
19.810 1.3685 19.839670446
19.820 1.3678 19.8496854235
19.830 1.3671 19.859700401
19.840 1.3664 19.8697153785
19.850 1.3658 19.879730356
19.860 1.3651 19.8897453335
19.870 1.3644 19.899760311
19.880 1.3637 19.9097752885
19.890 1.3630 19.919790266
19.900 1.3623 19.9298052435
19.910 1.3616 19.9398202211
19.920 1.3610 19.9498351986
19.930 1.3603 19.9598501761
19.940 1.3596 19.9698651536
19.950 1.3589 19.9798801311
19.960 1.3582 19.9898951086
19.970 1.3576 19.9999100861
19.980 1.3569 20.0099250636
19.990 1.3562 20.0199400411
20.000 1.3555 20.0299550186
20.100 1.3488 20.1301047937
20.110 1.3481 20.1401197712
20.120 1.3475 20.1501347487
20.130 1.3468 20.1601497263
20.140 1.3461 20.1701647038
20.150 1.3455 20.1801796813
20.160 1.3448 20.1901946588
20.170 1.3441 20.2002096363
20.180 1.3435 20.2102246138
20.190 1.3428 20.2202395913
20.200 1.3421 20.2302545688
20.210 1.3415 20.2402695463
20.220 1.3408 20.2502845238
20.230 1.3401 20.2602995014
20.240 1.3395 20.2703144789
20.250 1.3388 20.2803294564
20.260 1.3382 20.2903444339
20.270 1.3375 20.3003594114
20.280 1.3369 20.3103743889
20.290 1.3362 20.3203893664
20.300 1.3355 20.3304043439
20.310 1.3349 20.3404193214
20.320 1.3342 20.3504342989
20.330 1.3336 20.3604492764
20.340 1.3329 20.370464254
20.350 1.3323 20.3804792315
20.360 1.3316 20.390494209
20.370 1.3310 20.4005091865
20.380 1.3303 20.410524164
20.390 1.3297 20.4205391415
20.400 1.3290 20.430554119
20.410 1.3284 20.4405690965
20.420 1.3277 20.450584074
20.430 1.3271 20.4605990515
20.440 1.3264 20.470614029
20.450 1.3258 20.4806290066
20.460 1.3251 20.4906439841
20.470 1.3245 20.5006589616
20.480 1.3238 20.5106739391
20.490 1.3232 20.5206889166
20.500 1.3225 20.5307038941
20.510 1.3219 20.5407188716
20.520 1.3212 20.5507338491
20.530 1.3206 20.5607488266
20.540 1.3200 20.5707638041
20.550 1.3193 20.5807787816
20.560 1.3187 20.5907937592
20.570 1.3180 20.6008087367
20.580 1.3174 20.6108237142
20.590 1.3168 20.6208386917
20.600 1.3161 20.6308536692
20.610 1.3155 20.6408686467
20.620 1.3149 20.6508836242
20.630 1.3142 20.6608986017
20.640 1.3136 20.6709135792
20.650 1.3129 20.6809285567
20.660 1.3123 20.6909435343
20.670 1.3117 20.7009585118
20.680 1.3110 20.7109734893
20.690 1.3104 20.7209884668
20.700 1.3098 20.7310034443
20.710 1.3091 20.7410184218
20.720 1.3085 20.7510333993
20.730 1.3079 20.7610483768
20.740 1.3073 20.7710633543
20.750 1.3066 20.7810783318
20.760 1.3060 20.7910933093
20.770 1.3054 20.8011082869
20.780 1.3047 20.8111232644
20.790 1.3041 20.8211382419
20.800 1.3035 20.8311532194
20.810 1.3029 20.8411681969
20.820 1.3022 20.8511831744
20.830 1.3016 20.8611981519
20.840 1.3010 20.8712131294
20.850 1.3004 20.8812281069
20.860 1.2998 20.8912430844
20.870 1.2991 20.9012580619
20.880 1.2985 20.9112730395
20.890 1.2979 20.921288017
20.900 1.2973 20.9313029945
20.910 1.2967 20.941317972
20.920 1.2960 20.9513329495
20.930 1.2954 20.961347927
20.940 1.2948 20.9713629045
20.950 1.2942 20.981377882
20.960 1.2936 20.9913928595
20.970 1.2929 21.001407837
20.980 1.2923 21.0114228145
20.990 1.2917 21.0214377921
21.000 1.2911 21.0314527696
21.010 1.2905 21.0414677471
21.020 1.2899 21.0514827246
21.030 1.2893 21.0614977021
21.040 1.2887 21.0715126796
21.050 1.2880 21.0815276571
21.060 1.2874 21.0915426346
21.070 1.2868 21.1015576121
21.080 1.2862 21.1115725896
21.090 1.2856 21.1215875672
21.100 1.2850 21.1316025447
21.110 1.2844 21.1416175222
21.120 1.2838 21.1516324997
21.130 1.2832 21.1616474772
21.140 1.2826 21.1716624547
21.150 1.2820 21.1816774322
21.160 1.2814 21.1916924097
21.170 1.2808 21.2017073872
21.180 1.2802 21.2117223647
21.190 1.2796 21.2217373422
21.200 1.2790 21.2317523198
21.210 1.2783 21.2417672973
21.220 1.2777 21.2517822748
21.230 1.2771 21.2617972523
21.240 1.2765 21.2718122298
21.250 1.2759 21.2818272073
21.260 1.2753 21.2918421848
21.270 1.2748 21.3018571623
21.280 1.2742 21.3118721398
21.290 1.2736 21.3218871173
21.300 1.2730 21.3319020948
21.310 1.2724 21.3419170724
21.320 1.2718 21.3519320499
21.330 1.2712 21.3619470274
21.340 1.2706 21.3719620049
21.350 1.2700 21.3819769824
21.360 1.2694 21.3919919599
21.370 1.2688 21.4020069374
21.380 1.2682 21.4120219149
21.390 1.2676 21.4220368924
21.400 1.2670 21.4320518699
21.410 1.2664 21.4420668474
21.420 1.2658 21.452081825
21.430 1.2653 21.4620968025
21.440 1.2647 21.47211178
21.450 1.2641 21.4821267575
21.460 1.2635 21.492141735
21.470 1.2629 21.5021567125
21.480 1.2623 21.51217169
21.490 1.2617 21.5221866675
21.500 1.2611 21.532201645
21.510 1.2606 21.5422166225
21.520 1.2600 21.5522316001
21.530 1.2594 21.5622465776
21.540 1.2588 21.5722615551
21.550 1.2582 21.5822765326
21.560 1.2576 21.5922915101
21.570 1.2571 21.6023064876
21.580 1.2565 21.6123214651
21.590 1.2559 21.6223364426
21.600 1.2553 21.6323514201
21.610 1.2547 21.6423663976
21.620 1.2542 21.6523813751
21.630 1.2536 21.6623963527
21.640 1.2530 21.6724113302
21.650 1.2524 21.6824263077
21.660 1.2518 21.6924412852
21.670 1.2513 21.7024562627
21.680 1.2507 21.7124712402
21.690 1.2501 21.7224862177
21.700 1.2495 21.7325011952
21.710 1.2490 21.7425161727
21.720 1.2484 21.7525311502
21.730 1.2478 21.7625461277
21.740 1.2473 21.7725611053
21.750 1.2467 21.7825760828
21.760 1.2461 21.7925910603
21.770 1.2455 21.8026060378
21.780 1.2450 21.8126210153
21.790 1.2444 21.8226359928
21.800 1.2438 21.8326509703
21.810 1.2433 21.8426659478
21.820 1.2427 21.8526809253
21.830 1.2421 21.8626959028
21.840 1.2416 21.8727108804
21.850 1.2410 21.8827258579
21.860 1.2404 21.8927408354
21.870 1.2399 21.9027558129
21.880 1.2393 21.9127707904
21.890 1.2387 21.9227857679
21.900 1.2382 21.9328007454
21.910 1.2376 21.9428157229
21.920 1.2370 21.9528307004
21.930 1.2365 21.9628456779
21.940 1.2359 21.9728606554
21.950 1.2353 21.982875633
21.960 1.2348 21.9928906105
21.970 1.2342 22.002905588
21.980 1.2337 22.0129205655
21.990 1.2331 22.022935543
22.000 1.2325 22.0329505205
22.010 1.2320 22.042965498
22.020 1.2314 22.0529804755
22.030 1.2309 22.062995453
22.040 1.2303 22.0730104305
22.050 1.2298 22.083025408
22.060 1.2292 22.0930403856
22.070 1.2286 22.1030553631
22.080 1.2281 22.1130703406
22.090 1.2275 22.1230853181
22.100 1.2270 22.1331002956
22.110 1.2264 22.1431152731
22.120 1.2259 22.1531302506
22.130 1.2253 22.1631452281
22.140 1.2248 22.1731602056
22.150 1.2242 22.1831751831
22.160 1.2237 22.1931901606
22.170 1.2231 22.2032051382
22.180 1.2226 22.2132201157
22.190 1.2220 22.2232350932
22.200 1.2215 22.2332500707
22.210 1.2209 22.2432650482
22.220 1.2204 22.2532800257
22.230 1.2198 22.2632950032
22.240 1.2193 22.2733099807
22.250 1.2187 22.2833249582
22.260 1.2182 22.2933399357
22.270 1.2176 22.3033549133
22.280 1.2171 22.3133698908
22.290 1.2165 22.3233848683
22.300 1.2160 22.3333998458
22.310 1.2155 22.3434148233
22.320 1.2149 22.3534298008
22.330 1.2144 22.3634447783
22.340 1.2138 22.3734597558
22.350 1.2133 22.3834747333
22.360 1.2127 22.3934897108
22.370 1.2122 22.4035046883
22.380 1.2117 22.4135196659
22.390 1.2111 22.4235346434
22.400 1.2106 22.4335496209
22.410 1.2100 22.4435645984
22.420 1.2095 22.4535795759
22.430 1.2090 22.4635945534
22.440 1.2084 22.4736095309
22.450 1.2079 22.4836245084
22.460 1.2074 22.4936394859
22.470 1.2068 22.5036544634
22.480 1.2063 22.5136694409
22.490 1.2058 22.5236844185
22.500 1.2052 22.533699396
22.510 1.2047 22.5437143735
22.520 1.2041 22.553729351
22.530 1.2036 22.5637443285
22.540 1.2031 22.573759306
22.550 1.2026 22.5837742835
22.560 1.2020 22.593789261
22.570 1.2015 22.6038042385
22.580 1.2010 22.613819216
22.590 1.2004 22.6238341935
22.600 1.1999 22.6338491711
22.610 1.1994 22.6438641486
22.620 1.1988 22.6538791261
22.630 1.1983 22.6638941036
22.640 1.1978 22.6739090811
22.650 1.1973 22.6839240586
22.660 1.1967 22.6939390361
22.670 1.1962 22.7039540136
22.680 1.1957 22.7139689911
22.690 1.1951 22.7239839686
22.700 1.1946 22.7339989462
22.710 1.1941 22.7440139237
22.720 1.1936 22.7540289012
22.730 1.1930 22.7640438787
22.740 1.1925 22.7740588562
22.750 1.1920 22.7840738337
22.760 1.1915 22.7940888112
22.770 1.1910 22.8041037887
22.780 1.1904 22.8141187662
22.790 1.1899 22.8241337437
22.800 1.1894 22.8341487212
22.810 1.1889 22.8441636988
22.820 1.1884 22.8541786763
22.830 1.1878 22.8641936538
22.840 1.1873 22.8742086313
22.850 1.1868 22.8842236088
22.860 1.1863 22.8942385863
22.870 1.1858 22.9042535638
22.880 1.1852 22.9142685413
22.890 1.1847 22.9242835188
22.900 1.1842 22.9342984963
22.910 1.1837 22.9443134738
22.920 1.1832 22.9543284514
22.930 1.1827 22.9643434289
22.940 1.1822 22.9743584064
22.950 1.1816 22.9843733839
22.960 1.1811 22.9943883614
22.970 1.1806 23.0044033389
22.980 1.1801 23.0144183164
22.990 1.1796 23.0244332939
23.000 1.1791 23.0344482714
23.010 1.1786 23.0444632489
23.020 1.1781 23.0544782264
23.030 1.1775 23.064493204
23.040 1.1770 23.0745081815
23.050 1.1765 23.084523159
23.060 1.1760 23.0945381365
23.070 1.1755 23.104553114
23.080 1.1750 23.1145680915
23.090 1.1745 23.124583069
23.100 1.1740 23.1345980465
23.110 1.1735 23.144613024
23.120 1.1730 23.1546280015
23.130 1.1725 23.1646429791
23.140 1.1720 23.1746579566
23.150 1.1715 23.1846729341
23.160 1.1710 23.1946879116
23.170 1.1704 23.2047028891
23.180 1.1699 23.2147178666
23.190 1.1694 23.2247328441
23.200 1.1689 23.2347478216
23.210 1.1684 23.2447627991
23.220 1.1679 23.2547777766
23.230 1.1674 23.2647927541
23.240 1.1669 23.2748077317
23.250 1.1664 23.2848227092
23.260 1.1659 23.2948376867
23.270 1.1654 23.3048526642
23.280 1.1649 23.3148676417
23.290 1.1644 23.3248826192
23.300 1.1639 23.3348975967
23.310 1.1634 23.3449125742
23.320 1.1629 23.3549275517
23.330 1.1624 23.3649425292
23.340 1.1619 23.3749575067
23.350 1.1614 23.3849724843
23.360 1.1610 23.3949874618
23.370 1.1605 23.4050024393
23.380 1.1600 23.4150174168
23.390 1.1595 23.4250323943
23.400 1.1590 23.4350473718
23.410 1.1585 23.4450623493
23.420 1.1580 23.4550773268
23.430 1.1575 23.4650923043
23.440 1.1570 23.4751072818
23.450 1.1565 23.4851222594
23.460 1.1560 23.4951372369
23.470 1.1555 23.5051522144
23.480 1.1550 23.5151671919
23.490 1.1545 23.5251821694
23.500 1.1541 23.5351971469
23.510 1.1536 23.5452121244
23.520 1.1531 23.5552271019
23.530 1.1526 23.5652420794
23.540 1.1521 23.5752570569
23.550 1.1516 23.5852720344
23.560 1.1511 23.595287012
23.570 1.1506 23.6053019895
23.580 1.1501 23.615316967
23.590 1.1497 23.6253319445
23.600 1.1492 23.635346922
23.610 1.1487 23.6453618995
23.620 1.1482 23.655376877
23.630 1.1477 23.6653918545
23.640 1.1472 23.675406832
23.650 1.1468 23.6854218095
23.660 1.1463 23.695436787
23.670 1.1458 23.7054517646
23.680 1.1453 23.7154667421
23.690 1.1448 23.7254817196
23.700 1.1443 23.7354966971
23.710 1.1439 23.7455116746
23.720 1.1434 23.7555266521
23.730 1.1429 23.7655416296
23.740 1.1424 23.7755566071
23.750 1.1419 23.7855715846
23.760 1.1415 23.7955865621
23.770 1.1410 23.8056015396
23.780 1.1405 23.8156165172
23.790 1.1400 23.8256314947
23.800 1.1395 23.8356464722
23.810 1.1391 23.8456614497
23.820 1.1386 23.8556764272
23.830 1.1381 23.8656914047
23.840 1.1376 23.8757063822
23.850 1.1372 23.8857213597
23.860 1.1367 23.8957363372
23.870 1.1362 23.9057513147
23.880 1.1357 23.9157662923
23.890 1.1353 23.9257812698
23.900 1.1348 23.9357962473
23.910 1.1343 23.9458112248
23.920 1.1338 23.9558262023
23.930 1.1334 23.9658411798
23.940 1.1329 23.9758561573
23.950 1.1324 23.9858711348
23.960 1.1320 23.9958861123
23.970 1.1315 24.0059010898
23.980 1.1310 24.0159160673
23.990 1.1305 24.0259310449
24.000 1.1301 24.0359460224
24.010 1.1296 24.0459609999
24.020 1.1291 24.0559759774
24.030 1.1287 24.0659909549
24.040 1.1282 24.0760059324
24.050 1.1277 24.0860209099
24.060 1.1273 24.0960358874
24.070 1.1268 24.1060508649
24.080 1.1263 24.1160658424
24.090 1.1259 24.1260808199
24.100 1.1254 24.1360957975
24.110 1.1249 24.146110775
24.120 1.1245 24.1561257525
24.130 1.1240 24.16614073
24.140 1.1235 24.1761557075
24.150 1.1231 24.186170685
24.160 1.1226 24.1961856625
24.170 1.1221 24.20620064
24.180 1.1217 24.2162156175
24.190 1.1212 24.226230595
24.200 1.1208 24.2362455725
24.210 1.1203 24.2462605501
24.220 1.1198 24.2562755276
24.230 1.1194 24.2662905051
24.240 1.1189 24.2763054826
24.250 1.1185 24.2863204601
24.260 1.1180 24.2963354376
24.270 1.1175 24.3063504151
24.280 1.1171 24.3163653926
24.290 1.1166 24.3263803701
24.300 1.1162 24.3363953476
24.310 1.1157 24.3464103252
24.320 1.1152 24.3564253027
24.330 1.1148 24.3664402802
24.340 1.1143 24.3764552577
24.350 1.1139 24.3864702352
24.360 1.1134 24.3964852127
24.370 1.1130 24.4065001902
24.380 1.1125 24.4165151677
24.390 1.1120 24.4265301452
24.400 1.1116 24.4365451227
24.410 1.1111 24.4465601002
24.420 1.1107 24.4565750778
24.430 1.1102 24.4665900553
24.440 1.1098 24.4766050328
24.450 1.1093 24.4866200103
24.460 1.1089 24.4966349878
24.470 1.1084 24.5066499653
24.480 1.1080 24.5166649428
24.490 1.1075 24.5266799203
24.500 1.1071 24.5366948978
24.510 1.1066 24.5467098753
24.520 1.1062 24.5567248528
24.530 1.1057 24.5667398304
24.540 1.1053 24.5767548079
24.550 1.1048 24.5867697854
24.560 1.1044 24.5967847629
24.570 1.1039 24.6067997404
24.580 1.1035 24.6168147179
24.590 1.1030 24.6268296954
24.600 1.1026 24.6368446729
24.610 1.1021 24.6468596504
24.620 1.1017 24.6568746279
24.630 1.1012 24.6668896055
24.640 1.1008 24.676904583
24.650 1.1004 24.6869195605
24.660 1.0999 24.696934538
24.670 1.0995 24.7069495155
24.680 1.0990 24.716964493
24.690 1.0986 24.7269794705
24.700 1.0981 24.736994448
24.710 1.0977 24.7470094255
24.720 1.0972 24.757024403
24.730 1.0968 24.7670393805
24.740 1.0964 24.7770543581
24.750 1.0959 24.7870693356
24.760 1.0955 24.7970843131
24.770 1.0950 24.8070992906
24.780 1.0946 24.8171142681
24.790 1.0942 24.8271292456
24.800 1.0937 24.8371442231
24.810 1.0933 24.8471592006
24.820 1.0928 24.8571741781
24.830 1.0924 24.8671891556
24.840 1.0920 24.8772041331
24.850 1.0915 24.8872191107
24.860 1.0911 24.8972340882
24.870 1.0906 24.9072490657
24.880 1.0902 24.9172640432
24.890 1.0898 24.9272790207
24.900 1.0893 24.9372939982
24.910 1.0889 24.9473089757
24.920 1.0885 24.9573239532
24.930 1.0880 24.9673389307
24.940 1.0876 24.9773539082
24.950 1.0872 24.9873688857
24.960 1.0867 24.9973838633
24.970 1.0863 25.0073988408
24.980 1.0859 25.0174138183
24.990 1.0854 25.0274287958
25.000 1.0850 25.0374437733
25.100 1.0807 25.1375935484
25.110 1.0803 25.1476085259
25.120 1.0798 25.1576235034
25.130 1.0794 25.1676384809
25.140 1.0790 25.1776534584
25.150 1.0785 25.1876684359
25.160 1.0781 25.1976834134
25.170 1.0777 25.207698391
25.180 1.0773 25.2177133685
25.190 1.0768 25.227728346
25.200 1.0764 25.2377433235
25.210 1.0760 25.247758301
25.220 1.0756 25.2577732785
25.230 1.0751 25.267788256
25.240 1.0747 25.2778032335
25.250 1.0743 25.287818211
25.260 1.0739 25.2978331885
25.270 1.0734 25.307848166
25.280 1.0730 25.3178631436
25.290 1.0726 25.3278781211
25.300 1.0722 25.3378930986
25.310 1.0717 25.3479080761
25.320 1.0713 25.3579230536
25.330 1.0709 25.3679380311
25.340 1.0705 25.3779530086
25.350 1.0701 25.3879679861
25.360 1.0696 25.3979829636
25.370 1.0692 25.4079979411
25.380 1.0688 25.4180129186
25.390 1.0684 25.4280278962
25.400 1.0680 25.4380428737
25.410 1.0675 25.4480578512
25.420 1.0671 25.4580728287
25.430 1.0667 25.4680878062
25.440 1.0663 25.4781027837
25.450 1.0659 25.4881177612
25.460 1.0654 25.4981327387
25.470 1.0650 25.5081477162
25.480 1.0646 25.5181626937
25.490 1.0642 25.5281776713
25.500 1.0638 25.5381926488
25.510 1.0634 25.5482076263
25.520 1.0629 25.5582226038
25.530 1.0625 25.5682375813
25.540 1.0621 25.5782525588
25.550 1.0617 25.5882675363
25.560 1.0613 25.5982825138
25.570 1.0609 25.6082974913
25.580 1.0605 25.6183124688
25.590 1.0600 25.6283274463
25.600 1.0596 25.6383424239
25.610 1.0592 25.6483574014
25.620 1.0588 25.6583723789
25.630 1.0584 25.6683873564
25.640 1.0580 25.6784023339
25.650 1.0576 25.6884173114
25.660 1.0572 25.6984322889
25.670 1.0568 25.7084472664
25.680 1.0563 25.7184622439
25.690 1.0559 25.7284772214
25.700 1.0555 25.7384921989
25.710 1.0551 25.7485071765
25.720 1.0547 25.758522154
25.730 1.0543 25.7685371315
25.740 1.0539 25.778552109
25.750 1.0535 25.7885670865
25.760 1.0531 25.798582064
25.770 1.0527 25.8085970415
25.780 1.0523 25.818612019
25.790 1.0518 25.8286269965
25.800 1.0514 25.838641974
25.810 1.0510 25.8486569515
25.820 1.0506 25.8586719291
25.830 1.0502 25.8686869066
25.840 1.0498 25.8787018841
25.850 1.0494 25.8887168616
25.860 1.0490 25.8987318391
25.870 1.0486 25.9087468166
25.880 1.0482 25.9187617941
25.890 1.0478 25.9287767716
25.900 1.0474 25.9387917491
25.910 1.0470 25.9488067266
25.920 1.0466 25.9588217042
25.930 1.0462 25.9688366817
25.940 1.0458 25.9788516592
25.950 1.0454 25.9888666367
25.960 1.0450 25.9988816142
25.970 1.0446 26.0088965917
25.980 1.0442 26.0189115692
25.990 1.0438 26.0289265467
26.000 1.0434 26.0389415242
26.010 1.0430 26.0489565017
26.020 1.0426 26.0589714792
26.030 1.0422 26.0689864568
26.040 1.0418 26.0790014343
26.050 1.0414 26.0890164118
26.060 1.0410 26.0990313893
26.070 1.0406 26.1090463668
26.080 1.0402 26.1190613443
26.090 1.0398 26.1290763218
26.100 1.0394 26.1390912993
26.110 1.0390 26.1491062768
26.120 1.0386 26.1591212543
26.130 1.0382 26.1691362318
26.140 1.0378 26.1791512094
26.150 1.0374 26.1891661869
26.160 1.0370 26.1991811644
26.170 1.0366 26.2091961419
26.180 1.0362 26.2192111194
26.190 1.0358 26.2292260969
26.200 1.0354 26.2392410744
26.210 1.0350 26.2492560519
26.220 1.0347 26.2592710294
26.230 1.0343 26.2692860069
26.240 1.0339 26.2793009845
26.250 1.0335 26.289315962
26.260 1.0331 26.2993309395
26.270 1.0327 26.309345917
26.280 1.0323 26.3193608945
26.290 1.0319 26.329375872
26.300 1.0315 26.3393908495
26.310 1.0311 26.349405827
26.320 1.0307 26.3594208045
26.330 1.0303 26.369435782
26.340 1.0300 26.3794507595
26.350 1.0296 26.3894657371
26.360 1.0292 26.3994807146
26.370 1.0288 26.4094956921
26.380 1.0284 26.4195106696
26.390 1.0280 26.4295256471
26.400 1.0276 26.4395406246
26.410 1.0272 26.4495556021
26.420 1.0268 26.4595705796
26.430 1.0265 26.4695855571
26.440 1.0261 26.4796005346
26.450 1.0257 26.4896155121
26.460 1.0253 26.4996304897
26.470 1.0249 26.5096454672
26.480 1.0245 26.5196604447
26.490 1.0241 26.5296754222
26.500 1.0238 26.5396903997
26.510 1.0234 26.5497053772
26.520 1.0230 26.5597203547
26.530 1.0226 26.5697353322
26.540 1.0222 26.5797503097
26.550 1.0218 26.5897652872
26.560 1.0214 26.5997802647
26.570 1.0211 26.6097952423
26.580 1.0207 26.6198102198
26.590 1.0203 26.6298251973
26.600 1.0199 26.6398401748
26.610 1.0195 26.6498551523
26.620 1.0192 26.6598701298
26.630 1.0188 26.6698851073
26.640 1.0184 26.6799000848
26.650 1.0180 26.6899150623
26.660 1.0176 26.6999300398
26.670 1.0172 26.7099450174
26.680 1.0169 26.7199599949
26.690 1.0165 26.7299749724
26.700 1.0161 26.7399899499
26.710 1.0157 26.7500049274
26.720 1.0154 26.7600199049
26.730 1.0150 26.7700348824
26.740 1.0146 26.7800498599
26.750 1.0142 26.7900648374
26.760 1.0138 26.8000798149
26.770 1.0135 26.8100947924
26.780 1.0131 26.82010977
26.790 1.0127 26.8301247475
26.800 1.0123 26.840139725
26.810 1.0120 26.8501547025
26.820 1.0116 26.86016968
26.830 1.0112 26.8701846575
26.840 1.0108 26.880199635
26.850 1.0105 26.8902146125
26.860 1.0101 26.90022959
26.870 1.0097 26.9102445675
26.880 1.0093 26.920259545
26.890 1.0090 26.9302745226
26.900 1.0086 26.9402895001
26.910 1.0082 26.9503044776
26.920 1.0078 26.9603194551
26.930 1.0075 26.9703344326
26.940 1.0071 26.9803494101
26.950 1.0067 26.9903643876
26.960 1.0063 27.0003793651
26.970 1.0060 27.0103943426
26.980 1.0056 27.0204093201
26.990 1.0052 27.0304242976
27.000 1.0049 27.0404392752
27.010 1.0045 27.0504542527
27.020 1.0041 27.0604692302
27.030 1.0037 27.0704842077
27.040 1.0034 27.0804991852
27.050 1.0030 27.0905141627
27.060 1.0026 27.1005291402
27.070 1.0023 27.1105441177
27.080 1.0019 27.1205590952
27.090 1.0015 27.1305740727
27.100 1.0012 27.1405890503
27.110 1.0008 27.1506040278
27.120 1.0004 27.1606190053
27.130 1.0001 27.1706339828
27.140 0.99969 27.1806489603
27.150 0.99932 27.1906639378
27.160 0.99896 27.2006789153
27.170 0.99859 27.2106938928
27.180 0.99822 27.2207088703
27.190 0.99786 27.2307238478
27.200 0.99749 27.2407388253
27.210 0.99713 27.2507538029
27.220 0.99676 27.2607687804
27.230 0.99640 27.2707837579
27.240 0.99603 27.2807987354
27.250 0.99567 27.2908137129
27.260 0.99530 27.3008286904
27.270 0.99494 27.3108436679
27.280 0.99458 27.3208586454
27.290 0.99421 27.3308736229
27.300 0.99385 27.3408886004
27.310 0.99349 27.3509035779
27.320 0.99312 27.3609185555
27.330 0.99276 27.370933533
27.340 0.99240 27.3809485105
27.350 0.99204 27.390963488
27.360 0.99168 27.4009784655
27.370 0.99132 27.410993443
27.380 0.99096 27.4210084205
27.390 0.99059 27.431023398
27.400 0.99023 27.4410383755
27.410 0.98987 27.451053353
27.420 0.98951 27.4610683305
27.430 0.98915 27.4710833081
27.440 0.98880 27.4810982856
27.450 0.98844 27.4911132631
27.460 0.98808 27.5011282406
27.470 0.98772 27.5111432181
27.480 0.98736 27.5211581956
27.490 0.98700 27.5311731731
27.500 0.98665 27.5411881506
27.510 0.98629 27.5512031281
27.520 0.98593 27.5612181056
27.530 0.98557 27.5712330832
27.540 0.98522 27.5812480607
27.550 0.98486 27.5912630382
27.560 0.98450 27.6012780157
27.570 0.98415 27.6112929932
27.580 0.98379 27.6213079707
27.590 0.98344 27.6313229482
27.600 0.98308 27.6413379257
27.610 0.98273 27.6513529032
27.620 0.98237 27.6613678807
27.630 0.98202 27.6713828582
27.640 0.98166 27.6813978358
27.650 0.98131 27.6914128133
27.660 0.98096 27.7014277908
27.670 0.98060 27.7114427683
27.680 0.98025 27.7214577458
27.690 0.97990 27.7314727233
27.700 0.97955 27.7414877008
27.710 0.97919 27.7515026783
27.720 0.97884 27.7615176558
27.730 0.97849 27.7715326333
27.740 0.97814 27.7815476108
27.750 0.97779 27.7915625884
27.760 0.97744 27.8015775659
27.770 0.97709 27.8115925434
27.780 0.97673 27.8216075209
27.790 0.97638 27.8316224984
27.800 0.97603 27.8416374759
27.810 0.97568 27.8516524534
27.820 0.97534 27.8616674309
27.830 0.97499 27.8716824084
27.840 0.97464 27.8816973859
27.850 0.97429 27.8917123635
27.860 0.97394 27.901727341
27.870 0.97359 27.9117423185
27.880 0.97324 27.921757296
27.890 0.97290 27.9317722735
27.900 0.97255 27.941787251
27.910 0.97220 27.9518022285
27.920 0.97185 27.961817206
27.930 0.97151 27.9718321835
27.940 0.97116 27.981847161
27.950 0.97081 27.9918621385
27.960 0.97047 28.0018771161
27.970 0.97012 28.0118920936
27.980 0.96978 28.0219070711
27.990 0.96943 28.0319220486
28.000 0.96909 28.0419370261
28.010 0.96874 28.0519520036
28.020 0.96840 28.0619669811
28.030 0.96805 28.0719819586
28.040 0.96771 28.0819969361
28.050 0.96737 28.0920119136
28.060 0.96702 28.1020268911
28.070 0.96668 28.1120418687
28.080 0.96634 28.1220568462
28.090 0.96599 28.1320718237
28.100 0.96565 28.1420868012
28.110 0.96531 28.1521017787
28.120 0.96497 28.1621167562
28.130 0.96462 28.1721317337
28.140 0.96428 28.1821467112
28.150 0.96394 28.1921616887
28.160 0.96360 28.2021766662
28.170 0.96326 28.2121916437
28.180 0.96292 28.2222066213
28.190 0.96258 28.2322215988
28.200 0.96224 28.2422365763
28.210 0.96190 28.2522515538
28.220 0.96156 28.2622665313
28.230 0.96122 28.2722815088
28.240 0.96088 28.2822964863
28.250 0.96054 28.2923114638
28.260 0.96020 28.3023264413
28.270 0.95986 28.3123414188
28.280 0.95953 28.3223563964
28.290 0.95919 28.3323713739
28.300 0.95885 28.3423863514
28.310 0.95851 28.3524013289
28.320 0.95817 28.3624163064
28.330 0.95784 28.3724312839
28.340 0.95750 28.3824462614
28.350 0.95716 28.3924612389
28.360 0.95683 28.4024762164
28.370 0.95649 28.4124911939
28.380 0.95616 28.4225061714
28.390 0.95582 28.432521149
28.400 0.95549 28.4425361265
28.410 0.95515 28.452551104
28.420 0.95482 28.4625660815
28.430 0.95448 28.472581059
28.440 0.95415 28.4825960365
28.450 0.95381 28.492611014
28.460 0.95348 28.5026259915
28.470 0.95314 28.512640969
28.480 0.95281 28.5226559465
28.490 0.95248 28.532670924
28.500 0.95214 28.5426859016
28.510 0.95181 28.5527008791
28.520 0.95148 28.5627158566
28.530 0.95115 28.5727308341
28.540 0.95082 28.5827458116
28.550 0.95048 28.5927607891
28.560 0.95015 28.6027757666
28.570 0.94982 28.6127907441
28.580 0.94949 28.6228057216
28.590 0.94916 28.6328206991
28.600 0.94883 28.6428356766
28.610 0.94850 28.6528506542
28.620 0.94817 28.6628656317
28.630 0.94784 28.6728806092
28.640 0.94751 28.6828955867
28.650 0.94718 28.6929105642
28.660 0.94685 28.7029255417
28.670 0.94652 28.7129405192
28.680 0.94619 28.7229554967
28.690 0.94586 28.7329704742
28.700 0.94553 28.7429854517
28.710 0.94521 28.7530004293
28.720 0.94488 28.7630154068
28.730 0.94455 28.7730303843
28.740 0.94422 28.7830453618
28.750 0.94390 28.7930603393
28.760 0.94357 28.8030753168
28.770 0.94324 28.8130902943
28.780 0.94291 28.8231052718
28.790 0.94259 28.8331202493
28.800 0.94226 28.8431352268
28.810 0.94194 28.8531502043
28.820 0.94161 28.8631651819
28.830 0.94129 28.8731801594
28.840 0.94096 28.8831951369
28.850 0.94064 28.8932101144
28.860 0.94031 28.9032250919
28.870 0.93999 28.9132400694
28.880 0.93966 28.9232550469
28.890 0.93934 28.9332700244
28.900 0.93901 28.9432850019
28.910 0.93869 28.9532999794
28.920 0.93837 28.9633149569
28.930 0.93804 28.9733299345
28.940 0.93772 28.983344912
28.950 0.93740 28.9933598895
28.960 0.93708 29.003374867
28.970 0.93675 29.0133898445
28.980 0.93643 29.023404822
28.990 0.93611 29.0334197995
29.000 0.93579 29.043434777
29.010 0.93547 29.0534497545
29.020 0.93515 29.063464732
29.030 0.93482 29.0734797095
29.040 0.93450 29.0834946871
29.050 0.93418 29.0935096646
29.060 0.93386 29.1035246421
29.070 0.93354 29.1135396196
29.080 0.93322 29.1235545971
29.090 0.93290 29.1335695746
29.100 0.93258 29.1435845521
29.110 0.93227 29.1535995296
29.120 0.93195 29.1636145071
29.130 0.93163 29.1736294846
29.140 0.93131 29.1836444622
29.150 0.93099 29.1936594397
29.160 0.93067 29.2036744172
29.170 0.93035 29.2136893947
29.180 0.93004 29.2237043722
29.190 0.92972 29.2337193497
29.200 0.92940 29.2437343272
29.210 0.92909 29.2537493047
29.220 0.92877 29.2637642822
29.230 0.92845 29.2737792597
29.240 0.92814 29.2837942372
29.250 0.92782 29.2938092148
29.260 0.92750 29.3038241923
29.270 0.92719 29.3138391698
29.280 0.92687 29.3238541473
29.290 0.92656 29.3338691248
29.300 0.92624 29.3438841023
29.310 0.92593 29.3538990798
29.320 0.92561 29.3639140573
29.330 0.92530 29.3739290348
29.340 0.92498 29.3839440123
29.350 0.92467 29.3939589898
29.360 0.92436 29.4039739674
29.370 0.92404 29.4139889449
29.380 0.92373 29.4240039224
29.390 0.92342 29.4340188999
29.400 0.92310 29.4440338774
29.410 0.92279 29.4540488549
29.420 0.92248 29.4640638324
29.430 0.92217 29.4740788099
29.440 0.92185 29.4840937874
29.450 0.92154 29.4941087649
29.460 0.92123 29.5041237425
29.470 0.92092 29.51413872
29.480 0.92061 29.5241536975
29.490 0.92030 29.534168675
29.500 0.91999 29.5441836525
29.510 0.91968 29.55419863
29.520 0.91937 29.5642136075
29.530 0.91906 29.574228585
29.540 0.91875 29.5842435625
29.550 0.91844 29.59425854
29.560 0.91813 29.6042735175
29.570 0.91782 29.6142884951
29.580 0.91751 29.6243034726
29.590 0.91720 29.6343184501
29.600 0.91689 29.6443334276
29.610 0.91658 29.6543484051
29.620 0.91627 29.6643633826
29.630 0.91597 29.6743783601
29.640 0.91566 29.6843933376
29.650 0.91535 29.6944083151
29.660 0.91504 29.7044232926
29.670 0.91474 29.7144382701
29.680 0.91443 29.7244532477
29.690 0.91412 29.7344682252
29.700 0.91382 29.7444832027
29.710 0.91351 29.7544981802
29.720 0.91320 29.7645131577
29.730 0.91290 29.7745281352
29.740 0.91259 29.7845431127
29.750 0.91229 29.7945580902
29.760 0.91198 29.8045730677
29.770 0.91167 29.8145880452
29.780 0.91137 29.8246030227
29.790 0.91107 29.8346180003
29.800 0.91076 29.8446329778
29.810 0.91046 29.8546479553
29.820 0.91015 29.8646629328
29.830 0.90985 29.8746779103
29.840 0.90954 29.8846928878
29.850 0.90924 29.8947078653
29.860 0.90894 29.9047228428
29.870 0.90863 29.9147378203
29.880 0.90833 29.9247527978
29.890 0.90803 29.9347677754
29.900 0.90773 29.9447827529
29.910 0.90742 29.9547977304
29.920 0.90712 29.9648127079
29.930 0.90682 29.9748276854
29.940 0.90652 29.9848426629
29.950 0.90622 29.9948576404
29.960 0.90592 30.0048726179
29.970 0.90561 30.0148875954
29.980 0.90531 30.0249025729
29.990 0.90501 30.0349175504
30.000 0.90471 30.044932528
