0.10000 303.62 0.100648675143
0.11000 276.02 0.110713542657
0.12000 253.02 0.120778410171
0.13000 233.56 0.130843277686
0.14000 216.87 0.1409081452
0.15000 202.42 0.150973012714
0.16000 189.76 0.161037880229
0.17000 178.60 0.171102747743
0.18000 168.68 0.181167615257
0.19000 159.80 0.191232482771
0.20000 151.81 0.201297350286
0.21000 144.58 0.2113622178
0.22000 138.01 0.221427085314
0.23000 132.01 0.231491952829
0.24000 126.51 0.241556820343
0.25000 121.45 0.251621687857
0.26000 116.78 0.261686555371
0.27000 112.46 0.271751422886
0.28000 108.44 0.2818162904
0.29000 104.70 0.291881157914
0.30000 101.21 0.301946025429
0.31000 97.946 0.312010892943
0.32000 94.885 0.322075760457
0.33000 92.010 0.332140627971
0.34000 89.304 0.342205495486
0.35000 86.753 0.352270363
0.36000 84.343 0.362335230514
0.37000 82.064 0.372400098029
0.38000 79.904 0.382464965543
0.39000 77.856 0.392529833057
0.40000 75.909 0.402594700571
0.41000 74.058 0.412659568086
0.42000 72.295 0.4227244356
0.43000 70.614 0.432789303114
0.44000 69.009 0.442854170629
0.45000 67.476 0.452919038143
0.46000 66.009 0.462983905657
0.47000 64.605 0.473048773171
0.48000 63.259 0.483113640686
0.49000 61.968 0.4931785082
0.50000 60.729 0.503243375714
0.51000 59.538 0.513308243229
0.52000 58.393 0.523373110743
0.53000 57.292 0.533437978257
0.54000 56.231 0.543502845771
0.55000 55.208 0.553567713286
0.56000 54.223 0.5636325808
0.57000 53.272 0.573697448314
0.58000 52.353 0.583762315829
0.59000 51.466 0.593827183343
0.60000 50.608 0.603892050857
0.61000 49.779 0.613956918371
0.62000 48.976 0.624021785886
0.63000 48.199 0.6340866534
0.64000 47.446 0.644151520914
0.65000 46.716 0.654216388429
0.66000 46.008 0.664281255943
0.67000 45.321 0.674346123457
0.68000 44.655 0.684410990972
0.69000 44.008 0.694475858486
0.70000 43.379 0.704540726
0.71000 42.768 0.714605593514
0.72000 42.175 0.724670461029
0.73000 41.597 0.734735328543
0.74000 41.035 0.744800196057
0.75000 40.488 0.754865063572
0.76000 39.955 0.764929931086
0.77000 39.436 0.7749947986
0.78000 38.931 0.785059666114
0.79000 38.438 0.795124533629
0.80000 37.958 0.805189401143
0.81000 37.489 0.815254268657
0.82000 37.032 0.825319136172
0.83000 36.586 0.835384003686
0.84000 36.150 0.8454488712
0.85000 35.725 0.855513738714
0.86000 35.310 0.865578606229
0.87000 34.904 0.875643473743
0.88000 34.508 0.885708341257
0.89000 34.120 0.895773208772
0.90000 33.741 0.905838076286
0.91000 33.370 0.9159029438
0.92000 33.007 0.925967811314
0.93000 32.653 0.936032678829
0.94000 32.305 0.946097546343
0.95000 31.965 0.956162413857
0.96000 31.632 0.966227281372
0.97000 31.306 0.976292148886
0.98000 30.987 0.9863570164
0.99000 30.674 0.996421883914
1.0000 30.367 1.00648675143
1.0100 30.067 1.01655161894
1.0200 29.772 1.02661648646
1.0300 29.483 1.03668135397
1.0400 29.200 1.04674622149
1.0500 28.922 1.056811089
1.0600 28.649 1.06687595651
1.0700 28.381 1.07694082403
1.0800 28.118 1.08700569154
1.0900 27.860 1.09707055906
1.1000 27.607 1.10713542657
1.1100 27.359 1.11720029409
1.1200 27.114 1.1272651616
1.1300 26.874 1.13733002911
1.1400 26.639 1.14739489663
1.1500 26.407 1.15745976414
1.1600 26.180 1.16752463166
1.1700 25.956 1.17758949917
1.1800 25.736 1.18765436669
1.1900 25.520 1.1977192342
1.2000 25.307 1.20778410171
1.2100 25.098 1.21784896923
1.2200 24.892 1.22791383674
1.2300 24.690 1.23797870426
1.2400 24.491 1.24804357177
1.2500 24.295 1.25810843929
1.2600 24.102 1.2681733068
1.2700 23.913 1.27823817431
1.2800 23.726 1.28830304183
1.2900 23.542 1.29836790934
1.3000 23.361 1.30843277686
1.3100 23.183 1.31849764437
1.3200 23.007 1.32856251189
1.3300 22.834 1.3386273794
1.3400 22.664 1.34869224691
1.3500 22.496 1.35875711443
1.3600 22.331 1.36882198194
1.3700 22.168 1.37888684946
1.3800 22.007 1.38895171697
1.3900 21.849 1.39901658449
1.4000 21.693 1.409081452
1.4100 21.539 1.41914631951
1.4200 21.387 1.42921118703
1.4300 21.238 1.43927605454
1.4400 21.090 1.44934092206
1.4500 20.945 1.45940578957
1.4600 20.801 1.46947065709
1.4700 20.660 1.4795355246
1.4800 20.520 1.48960039211
1.4900 20.383 1.49966525963
1.5000 20.247 1.50973012714
1.5100 20.113 1.51979499466
1.5200 19.981 1.52985986217
1.5300 19.850 1.53992472969
1.5400 19.721 1.5499895972
1.5500 19.594 1.56005446471
1.5600 19.468 1.57011933223
1.5700 19.344 1.58018419974
1.5800 19.222 1.59024906726
1.5900 19.101 1.60031393477
1.6000 18.982 1.61037880229
1.6100 18.864 1.6204436698
1.6200 18.748 1.63050853731
1.6300 18.633 1.64057340483
1.6400 18.519 1.65063827234
1.6500 18.407 1.66070313986
1.6600 18.296 1.67076800737
1.6700 18.186 1.68083287489
1.6800 18.078 1.6908977424
1.6900 17.971 1.70096260991
1.7000 17.866 1.71102747743
1.7100 17.761 1.72109234494
1.7200 17.658 1.73115721246
1.7300 17.556 1.74122207997
1.7400 17.455 1.75128694749
1.7500 17.355 1.761351815
1.7600 17.257 1.77141668251
1.7700 17.159 1.78148155003
1.7800 17.063 1.79154641754
1.7900 16.968 1.80161128506
1.8000 16.873 1.81167615257
1.8100 16.780 1.82174102009
1.8200 16.688 1.8318058876
1.8300 16.597 1.84187075511
1.8400 16.507 1.85193562263
1.8500 16.418 1.86200049014
1.8600 16.329 1.87206535766
1.8700 16.242 1.88213022517
1.8800 16.156 1.89219509269
1.8900 16.070 1.9022599602
1.9000 15.986 1.91232482771
1.9100 15.902 1.92238969523
1.9200 15.819 1.93245456274
1.9300 15.737 1.94251943026
1.9400 15.656 1.95258429777
1.9500 15.576 1.96264916529
1.9600 15.497 1.9727140328
1.9700 15.418 1.98277890031
1.9800 15.340 1.99284376783
1.9900 15.263 2.00290863534
2.0000 15.187 2.01297350286
2.0100 15.111 2.02303837037
2.0200 15.036 2.03310323789
2.0300 14.962 2.0431681054
2.0400 14.889 2.05323297291
2.0500 14.816 2.06329784043
2.0600 14.745 2.07336270794
2.0700 14.673 2.08342757546
2.0800 14.603 2.09349244297
2.0900 14.533 2.10355731049
2.1000 14.464 2.113622178
2.1100 14.395 2.12368704551
2.1200 14.327 2.13375191303
2.1300 14.260 2.14381678054
2.1400 14.194 2.15388164806
2.1500 14.128 2.16394651557
2.1600 14.062 2.17401138309
2.1700 13.997 2.1840762506
2.1800 13.933 2.19414111811
2.1900 13.870 2.20420598563
2.2000 13.807 2.21427085314
2.2100 13.744 2.22433572066
2.2200 13.682 2.23440058817
2.2300 13.621 2.24446545569
2.2400 13.560 2.2545303232
2.2500 13.500 2.26459519071
2.2600 13.440 2.27466005823
2.2700 13.381 2.28472492574
2.2800 13.322 2.29478979326
2.2900 13.264 2.30485466077
2.3000 13.207 2.31491952829
2.3100 13.149 2.3249843958
2.3200 13.093 2.33504926331
2.3300 13.037 2.34511413083
2.3400 12.981 2.35517899834
2.3500 12.926 2.36524386586
2.3600 12.871 2.37530873337
2.3700 12.817 2.38537360089
2.3800 12.763 2.3954384684
2.3900 12.710 2.40550333591
2.4000 12.657 2.41556820343
2.4100 12.604 2.42563307094
2.4200 12.552 2.43569793846
2.4300 12.500 2.44576280597
2.4400 12.449 2.45582767349
2.4500 12.398 2.465892541
2.4600 12.348 2.47595740851
2.4700 12.298 2.48602227603
2.4800 12.249 2.49608714354
2.4900 12.199 2.50615201106
2.5000 12.151 2.51621687857
2.5100 12.102 2.52628174609
2.5200 12.054 2.5363466136
2.5300 12.007 2.54641148111
2.5400 11.959 2.55647634863
2.5500 11.912 2.56654121614
2.5600 11.866 2.57660608366
2.5700 11.820 2.58667095117
2.5800 11.774 2.59673581869
2.5900 11.729 2.6068006862
2.6000 11.683 2.61686555371
2.6100 11.639 2.62693042123
2.6200 11.594 2.63699528874
2.6300 11.550 2.64706015626
2.6400 11.507 2.65712502377
2.6500 11.463 2.66718989129
2.6600 11.420 2.6772547588
2.6700 11.377 2.68731962631
2.6800 11.335 2.69738449383
2.6900 11.293 2.70744936134
2.7000 11.251 2.71751422886
2.7100 11.209 2.72757909637
2.7200 11.168 2.73764396389
2.7300 11.127 2.7477088314
2.7400 11.087 2.75777369891
2.7500 11.047 2.76783856643
2.7600 11.007 2.77790343394
2.7700 10.967 2.78796830146
2.7800 10.927 2.79803316897
2.7900 10.888 2.80809803649
2.8000 10.849 2.818162904
2.8100 10.811 2.82822777151
2.8200 10.772 2.83829263903
2.8300 10.734 2.84835750654
2.8400 10.697 2.85842237406
2.8500 10.659 2.86848724157
2.8600 10.622 2.87855210909
2.8700 10.585 2.8886169766
2.8800 10.548 2.89868184411
2.8900 10.512 2.90874671163
2.9000 10.475 2.91881157914
2.9100 10.440 2.92887644666
2.9200 10.404 2.93894131417
2.9300 10.368 2.94900618169
2.9400 10.333 2.9590710492
2.9500 10.298 2.96913591671
2.9600 10.263 2.97920078423
2.9700 10.229 2.98926565174
2.9800 10.194 2.99933051926
2.9900 10.160 3.00939538677
3.0000 10.127 3.01946025429
3.0100 10.093 3.0295251218
3.0200 10.059 3.03958998931
3.0300 10.026 3.04965485683
3.0400 9.9933 3.05971972434
3.0500 9.9606 3.06978459186
3.0600 9.9281 3.07984945937
3.0700 9.8957 3.08991432689
3.0800 9.8636 3.0999791944
3.0900 9.8317 3.11004406191
3.1000 9.8000 3.12010892943
3.1100 9.7686 3.13017379694
3.1200 9.7373 3.14023866446
3.1300 9.7062 3.15030353197
3.1400 9.6753 3.16036839949
3.1500 9.6446 3.170433267
3.1600 9.6141 3.18049813451
3.1700 9.5838 3.19056300203
3.1800 9.5537 3.20062786954
3.1900 9.5237 3.21069273706
3.2000 9.4940 3.22075760457
3.2100 9.4644 3.23082247209
3.2200 9.4351 3.2408873396
3.2300 9.4059 3.25095220711
3.2400 9.3769 3.26101707463
3.2500 9.3480 3.27108194214
3.2600 9.3194 3.28114680966
3.2700 9.2909 3.29121167717
3.2800 9.2626 3.30127654469
3.2900 9.2344 3.3113414122
3.3000 9.2065 3.32140627971
3.3100 9.1787 3.33147114723
3.3200 9.1511 3.34153601474
3.3300 9.1236 3.35160088226
3.3400 9.0963 3.36166574977
3.3500 9.0692 3.37173061729
3.3600 9.0422 3.3817954848
3.3700 9.0154 3.39186035231
3.3800 8.9887 3.40192521983
3.3900 8.9622 3.41199008734
3.4000 8.9359 3.42205495486
3.4100 8.9097 3.43211982237
3.4200 8.8837 3.44218468989
3.4300 8.8578 3.4522495574
3.4400 8.8320 3.46231442491
3.4500 8.8065 3.47237929243
3.4600 8.7810 3.48244415994
3.4700 8.7557 3.49250902746
3.4800 8.7306 3.50257389497
3.4900 8.7056 3.51263876249
3.5000 8.6807 3.52270363
3.5100 8.6560 3.53276849751
3.5200 8.6315 3.54283336503
3.5300 8.6070 3.55289823254
3.5400 8.5827 3.56296310006
3.5500 8.5586 3.57302796757
3.5600 8.5345 3.58309283509
3.5700 8.5107 3.5931577026
3.5800 8.4869 3.60322257011
3.5900 8.4633 3.61328743763
3.6000 8.4398 3.62335230514
3.6100 8.4164 3.63341717266
3.6200 8.3932 3.64348204017
3.6300 8.3701 3.65354690769
3.6400 8.3471 3.6636117752
3.6500 8.3243 3.67367664271
3.6600 8.3015 3.68374151023
3.6700 8.2789 3.69380637774
3.6800 8.2564 3.70387124526
3.6900 8.2341 3.71393611277
3.7000 8.2119 3.72400098029
3.7100 8.1897 3.7340658478
3.7200 8.1677 3.74413071531
3.7300 8.1459 3.75419558283
3.7400 8.1241 3.76426045034
3.7500 8.1024 3.77432531786
3.7600 8.0809 3.78439018537
3.7700 8.0595 3.79445505289
3.7800 8.0382 3.8045199204
3.7900 8.0170 3.81458478791
3.8000 7.9959 3.82464965543
3.8100 7.9749 3.83471452294
3.8200 7.9541 3.84477939046
3.8300 7.9333 3.85484425797
3.8400 7.9127 3.86490912549
3.8500 7.8922 3.874973993
3.8600 7.8717 3.88503886051
3.8700 7.8514 3.89510372803
3.8800 7.8312 3.90516859554
3.8900 7.8111 3.91523346306
3.9000 7.7911 3.92529833057
3.9100 7.7711 3.93536319809
3.9200 7.7513 3.9454280656
3.9300 7.7316 3.95549293311
3.9400 7.7120 3.96555780063
3.9500 7.6925 3.97562266814
3.9600 7.6731 3.98568753566
3.9700 7.6538 3.99575240317
3.9800 7.6346 4.00581727069
3.9900 7.6155 4.0158821382
4.0000 7.5964 4.02594700571
4.0100 7.5775 4.03601187323
4.0200 7.5587 4.04607674074
4.0300 7.5399 4.05614160826
4.0400 7.5213 4.06620647577
4.0500 7.5027 4.07627134329
4.0600 7.4843 4.0863362108
4.0700 7.4659 4.09640107831
4.0800 7.4476 4.10646594583
4.0900 7.4294 4.11653081334
4.1000 7.4113 4.12659568086
4.1100 7.3933 4.13666054837
4.1200 7.3754 4.14672541589
4.1300 7.3575 4.1567902834
4.1400 7.3398 4.16685515091
4.1500 7.3221 4.17692001843
4.1600 7.3045 4.18698488594
4.1700 7.2870 4.19704975346
4.1800 7.2696 4.20711462097
4.1900 7.2522 4.21717948849
4.2000 7.2350 4.227244356
4.2100 7.2178 4.23730922351
4.2200 7.2007 4.24737409103
4.2300 7.1837 4.25743895854
4.2400 7.1668 4.26750382606
4.2500 7.1500 4.27756869357
4.2600 7.1332 4.28763356109
4.2700 7.1165 4.2976984286
4.2800 7.0999 4.30776329611
4.2900 7.0833 4.31782816363
4.3000 7.0669 4.32789303114
4.3100 7.0505 4.33795789866
4.3200 7.0342 4.34802276617
4.3300 7.0180 4.35808763369
4.3400 7.0018 4.3681525012
4.3500 6.9857 4.37821736871
4.3600 6.9697 4.38828223623
4.3700 6.9538 4.39834710374
4.3800 6.9379 4.40841197126
4.3900 6.9221 4.41847683877
4.4000 6.9064 4.42854170629
4.4100 6.8908 4.4386065738
4.4200 6.8752 4.44867144131
4.4300 6.8597 4.45873630883
4.4400 6.8443 4.46880117634
4.4500 6.8289 4.47886604386
4.4600 6.8136 4.48893091137
4.4700 6.7984 4.49899577889
4.4800 6.7832 4.5090606464
4.4900 6.7681 4.51912551391
4.5000 6.7531 4.52919038143
4.5100 6.7381 4.53925524894
4.5200 6.7232 4.54932011646
4.5300 6.7084 4.55938498397
4.5400 6.6936 4.56944985149
4.5500 6.6789 4.579514719
4.5600 6.6643 4.58957958651
4.5700 6.6497 4.59964445403
4.5800 6.6352 4.60970932154
4.5900 6.6208 4.61977418906
4.6000 6.6064 4.62983905657
4.6100 6.5921 4.63990392409
4.6200 6.5778 4.6499687916
4.6300 6.5636 4.66003365911
4.6400 6.5495 4.67009852663
4.6500 6.5354 4.68016339414
4.6600 6.5214 4.69022826166
4.6700 6.5075 4.70029312917
4.6800 6.4936 4.71035799669
4.6900 6.4798 4.7204228642
4.7000 6.4660 4.73048773171
4.7100 6.4523 4.74055259923
4.7200 6.4386 4.75061746674
4.7300 6.4250 4.76068233426
4.7400 6.4115 4.77074720177
4.7500 6.3980 4.78081206929
4.7600 6.3846 4.7908769368
4.7700 6.3712 4.80094180431
4.7800 6.3579 4.81100667183
4.7900 6.3446 4.82107153934
4.8000 6.3314 4.83113640686
4.8100 6.3183 4.84120127437
4.8200 6.3052 4.85126614189
4.8300 6.2921 4.8613310094
4.8400 6.2791 4.87139587691
4.8500 6.2662 4.88146074443
4.8600 6.2533 4.89152561194
4.8700 6.2405 4.90159047946
4.8800 6.2277 4.91165534697
4.8900 6.2150 4.92172021449
4.9000 6.2023 4.931785082
4.9100 6.1897 4.94184994951
4.9200 6.1771 4.95191481703
4.9300 6.1646 4.96197968454
4.9400 6.1522 4.97204455206
4.9500 6.1397 4.98210941957
4.9600 6.1274 4.99217428709
4.9700 6.1151 5.0022391546
4.9800 6.1028 5.01230402211
4.9900 6.0906 5.02236888963
5.0000 6.0784 5.03243375714
5.1000 5.9593 5.13308243229
5.1100 5.9477 5.1431472998
5.1200 5.9361 5.15321216731
5.1300 5.9245 5.16327703483
5.1400 5.9130 5.17334190234
5.1500 5.9015 5.18340676986
5.1600 5.8901 5.19347163737
5.1700 5.8787 5.20353650489
5.1800 5.8674 5.2136013724
5.1900 5.8561 5.22366623991
5.2000 5.8449 5.23373110743
5.2100 5.8337 5.24379597494
5.2200 5.8225 5.25386084246
5.2300 5.8114 5.26392570997
5.2400 5.8003 5.27399057749
5.2500 5.7893 5.284055445
5.2600 5.7783 5.29412031251
5.2700 5.7673 5.30418518003
5.2800 5.7564 5.31425004754
5.2900 5.7455 5.32431491506
5.3000 5.7347 5.33437978257
5.3100 5.7239 5.34444465009
5.3200 5.7132 5.3545095176
5.3300 5.7025 5.36457438511
5.3400 5.6918 5.37463925263
5.3500 5.6812 5.38470412014
5.3600 5.6706 5.39476898766
5.3700 5.6600 5.40483385517
5.3800 5.6495 5.41489872269
5.3900 5.6391 5.4249635902
5.4000 5.6286 5.43502845771
5.4100 5.6182 5.44509332523
5.4200 5.6079 5.45515819274
5.4300 5.5976 5.46522306026
5.4400 5.5873 5.47528792777
5.4500 5.5770 5.48535279529
5.4600 5.5668 5.4954176628
5.4700 5.5567 5.50548253031
5.4800 5.5465 5.51554739783
5.4900 5.5365 5.52561226534
5.5000 5.5264 5.53567713286
5.5100 5.5164 5.54574200037
5.5200 5.5064 5.55580686789
5.5300 5.4965 5.5658717354
5.5400 5.4865 5.57593660291
5.5500 5.4767 5.58600147043
5.5600 5.4668 5.59606633794
5.5700 5.4570 5.60613120546
5.5800 5.4473 5.61619607297
5.5900 5.4375 5.62626094049
5.6000 5.4278 5.636325808
5.6100 5.4182 5.64639067551
5.6200 5.4085 5.65645554303
5.6300 5.3989 5.66652041054
5.6400 5.3894 5.67658527806
5.6500 5.3798 5.68665014557
5.6600 5.3704 5.69671501309
5.6700 5.3609 5.7067798806
5.6800 5.3515 5.71684474811
5.6900 5.3421 5.72690961563
5.7000 5.3327 5.73697448314
5.7100 5.3234 5.74703935066
5.7200 5.3141 5.75710421817
5.7300 5.3048 5.76716908569
5.7400 5.2956 5.7772339532
5.7500 5.2864 5.78729882071
5.7600 5.2772 5.79736368823
5.7700 5.2681 5.80742855574
5.7800 5.2590 5.81749342326
5.7900 5.2499 5.82755829077
5.8000 5.2409 5.83762315829
5.8100 5.2319 5.8476880258
5.8200 5.2229 5.85775289331
5.8300 5.2139 5.86781776083
5.8400 5.2050 5.87788262834
5.8500 5.1961 5.88794749586
5.8600 5.1873 5.89801236337
5.8700 5.1785 5.90807723089
5.8800 5.1697 5.9181420984
5.8900 5.1609 5.92820696591
5.9000 5.1522 5.93827183343
5.9100 5.1435 5.94833670094
5.9200 5.1348 5.95840156846
5.9300 5.1261 5.96846643597
5.9400 5.1175 5.97853130349
5.9500 5.1089 5.988596171
5.9600 5.1004 5.99866103851
5.9700 5.0918 6.00872590603
5.9800 5.0833 6.01879077354
5.9900 5.0748 6.02885564106
6.0000 5.0664 6.03892050857
6.0100 5.0580 6.04898537609
6.0200 5.0496 6.0590502436
6.0300 5.0412 6.06911511111
6.0400 5.0329 6.07917997863
6.0500 5.0246 6.08924484614
6.0600 5.0163 6.09930971366
6.0700 5.0080 6.10937458117
6.0800 4.9998 6.11943944869
6.0900 4.9916 6.1295043162
6.1000 4.9834 6.13956918371
6.1100 4.9753 6.14963405123
6.1200 4.9672 6.15969891874
6.1300 4.9591 6.16976378626
6.1400 4.9510 6.17982865377
6.1500 4.9430 6.18989352129
6.1600 4.9350 6.1999583888
6.1700 4.9270 6.21002325631
6.1800 4.9190 6.22008812383
6.1900 4.9111 6.23015299134
6.2000 4.9032 6.24021785886
6.2100 4.8953 6.25028272637
6.2200 4.8874 6.26034759389
6.2300 4.8796 6.2704124614
6.2400 4.8718 6.28047732891
6.2500 4.8640 6.29054219643
6.2600 4.8562 6.30060706394
6.2700 4.8485 6.31067193146
6.2800 4.8408 6.32073679897
6.2900 4.8331 6.33080166649
6.3000 4.8254 6.340866534
6.3100 4.8178 6.35093140151
6.3200 4.8102 6.36099626903
6.3300 4.8026 6.37106113654
6.3400 4.7950 6.38112600406
6.3500 4.7875 6.39119087157
6.3600 4.7800 6.40125573909
6.3700 4.7725 6.4113206066
6.3800 4.7650 6.42138547411
6.3900 4.7576 6.43145034163
6.4000 4.7502 6.44151520914
6.4100 4.7428 6.45158007666
6.4200 4.7354 6.46164494417
6.4300 4.7280 6.47170981169
6.4400 4.7207 6.4817746792
6.4500 4.7134 6.49183954671
6.4600 4.7061 6.50190441423
6.4700 4.6988 6.51196928174
6.4800 4.6916 6.52203414926
6.4900 4.6844 6.53209901677
6.5000 4.6772 6.54216388429
6.5100 4.6700 6.5522287518
6.5200 4.6628 6.56229361931
6.5300 4.6557 6.57235848683
6.5400 4.6486 6.58242335434
6.5500 4.6415 6.59248822186
6.5600 4.6345 6.60255308937
6.5700 4.6274 6.61261795689
6.5800 4.6204 6.6226828244
6.5900 4.6134 6.63274769192
6.6000 4.6064 6.64281255943
6.6100 4.5994 6.65287742694
6.6200 4.5925 6.66294229446
6.6300 4.5856 6.67300716197
6.6400 4.5787 6.68307202949
6.6500 4.5718 6.693136897
6.6600 4.5650 6.70320176452
6.6700 4.5581 6.71326663203
6.6800 4.5513 6.72333149954
6.6900 4.5445 6.73339636706
6.7000 4.5377 6.74346123457
6.7100 4.5310 6.75352610209
6.7200 4.5243 6.7635909696
6.7300 4.5175 6.77365583712
6.7400 4.5109 6.78372070463
6.7500 4.5042 6.79378557214
6.7600 4.4975 6.80385043966
6.7700 4.4909 6.81391530717
6.7800 4.4843 6.82398017469
6.7900 4.4777 6.8340450422
6.8000 4.4711 6.84410990972
6.8100 4.4646 6.85417477723
6.8200 4.4580 6.86423964474
6.8300 4.4515 6.87430451226
6.8400 4.4450 6.88436937977
6.8500 4.4385 6.89443424729
6.8600 4.4321 6.9044991148
6.8700 4.4256 6.91456398232
6.8800 4.4192 6.92462884983
6.8900 4.4128 6.93469371734
6.9000 4.4064 6.94475858486
6.9100 4.4000 6.95482345237
6.9200 4.3937 6.96488831989
6.9300 4.3874 6.9749531874
6.9400 4.3810 6.98501805492
6.9500 4.3748 6.99508292243
6.9600 4.3685 7.00514778994
6.9700 4.3622 7.01521265746
6.9800 4.3560 7.02527752497
6.9900 4.3498 7.03534239249
7.0000 4.3435 7.04540726
7.0100 4.3374 7.05547212752
7.0200 4.3312 7.06553699503
7.0300 4.3250 7.07560186254
7.0400 4.3189 7.08566673006
7.0500 4.3128 7.09573159757
7.0600 4.3067 7.10579646509
7.0700 4.3006 7.1158613326
7.0800 4.2945 7.12592620012
7.0900 4.2885 7.13599106763
7.1000 4.2825 7.14605593514
7.1100 4.2765 7.15612080266
7.1200 4.2705 7.16618567017
7.1300 4.2645 7.17625053769
7.1400 4.2585 7.1863154052
7.1500 4.2526 7.19638027272
7.1600 4.2466 7.20644514023
7.1700 4.2407 7.21651000774
7.1800 4.2348 7.22657487526
7.1900 4.2289 7.23663974277
7.2000 4.2231 7.24670461029
7.2100 4.2172 7.2567694778
7.2200 4.2114 7.26683434532
7.2300 4.2056 7.27689921283
7.2400 4.1998 7.28696408034
7.2500 4.1940 7.29702894786
7.2600 4.1882 7.30709381537
7.2700 4.1825 7.31715868289
7.2800 4.1767 7.3272235504
7.2900 4.1710 7.33728841792
7.3000 4.1653 7.34735328543
7.3100 4.1596 7.35741815294
7.3200 4.1540 7.36748302046
7.3300 4.1483 7.37754788797
7.3400 4.1427 7.38761275549
7.3500 4.1370 7.397677623
7.3600 4.1314 7.40774249052
7.3700 4.1258 7.41780735803
7.3800 4.1202 7.42787222554
7.3900 4.1147 7.43793709306
7.4000 4.1091 7.44800196057
7.4100 4.1036 7.45806682809
7.4200 4.0981 7.4681316956
7.4300 4.0926 7.47819656312
7.4400 4.0871 7.48826143063
7.4500 4.0816 7.49832629814
7.4600 4.0761 7.50839116566
7.4700 4.0707 7.51845603317
7.4800 4.0652 7.52852090069
7.4900 4.0598 7.5385857682
7.5000 4.0544 7.54865063572
7.5100 4.0490 7.55871550323
7.5200 4.0436 7.56878037074
7.5300 4.0383 7.57884523826
7.5400 4.0329 7.58891010577
7.5500 4.0276 7.59897497329
7.5600 4.0223 7.6090398408
7.5700 4.0170 7.61910470832
7.5800 4.0117 7.62916957583
7.5900 4.0064 7.63923444334
7.6000 4.0012 7.64929931086
7.6100 3.9959 7.65936417837
7.6200 3.9907 7.66942904589
7.6300 3.9854 7.6794939134
7.6400 3.9802 7.68955878092
7.6500 3.9750 7.69962364843
7.6600 3.9699 7.70968851594
7.6700 3.9647 7.71975338346
7.6800 3.9595 7.72981825097
7.6900 3.9544 7.73988311849
7.7000 3.9493 7.749947986
7.7100 3.9442 7.76001285352
7.7200 3.9391 7.77007772103
7.7300 3.9340 7.78014258854
7.7400 3.9289 7.79020745606
7.7500 3.9238 7.80027232357
7.7600 3.9188 7.81033719109
7.7700 3.9138 7.8204020586
7.7800 3.9087 7.83046692612
7.7900 3.9037 7.84053179363
7.8000 3.8987 7.85059666114
7.8100 3.8937 7.86066152866
7.8200 3.8888 7.87072639617
7.8300 3.8838 7.88079126369
7.8400 3.8789 7.8908561312
7.8500 3.8739 7.90092099872
7.8600 3.8690 7.91098586623
7.8700 3.8641 7.92105073374
7.8800 3.8592 7.93111560126
7.8900 3.8543 7.94118046877
7.9000 3.8495 7.95124533629
7.9100 3.8446 7.9613102038
7.9200 3.8398 7.97137507132
7.9300 3.8349 7.98143993883
7.9400 3.8301 7.99150480634
7.9500 3.8253 8.00156967386
7.9600 3.8205 8.01163454137
7.9700 3.8157 8.02169940889
7.9800 3.8109 8.0317642764
7.9900 3.8062 8.04182914392
8.0000 3.8014 8.05189401143
8.0100 3.7967 8.06195887894
8.0200 3.7920 8.07202374646
8.0300 3.7872 8.08208861397
8.0400 3.7825 8.09215348149
8.0500 3.7779 8.102218349
8.0600 3.7732 8.11228321652
8.0700 3.7685 8.12234808403
8.0800 3.7639 8.13241295154
8.0900 3.7592 8.14247781906
8.1000 3.7546 8.15254268657
8.1100 3.7500 8.16260755409
8.1200 3.7453 8.1726724216
8.1300 3.7407 8.18273728912
8.1400 3.7362 8.19280215663
8.1500 3.7316 8.20286702414
8.1600 3.7270 8.21293189166
8.1700 3.7225 8.22299675917
8.1800 3.7179 8.23306162669
8.1900 3.7134 8.2431264942
8.2000 3.7089 8.25319136172
8.2100 3.7044 8.26325622923
8.2200 3.6999 8.27332109674
8.2300 3.6954 8.28338596426
8.2400 3.6909 8.29345083177
8.2500 3.6864 8.30351569929
8.2600 3.6820 8.3135805668
8.2700 3.6775 8.32364543432
8.2800 3.6731 8.33371030183
8.2900 3.6687 8.34377516934
8.3000 3.6643 8.35384003686
8.3100 3.6599 8.36390490437
8.3200 3.6555 8.37396977189
8.3300 3.6511 8.3840346394
8.3400 3.6467 8.39409950692
8.3500 3.6424 8.40416437443
8.3600 3.6380 8.41422924194
8.3700 3.6337 8.42429410946
8.3800 3.6293 8.43435897697
8.3900 3.6250 8.44442384449
8.4000 3.6207 8.454488712
8.4100 3.6164 8.46455357952
8.4200 3.6121 8.47461844703
8.4300 3.6079 8.48468331454
8.4400 3.6036 8.49474818206
8.4500 3.5993 8.50481304957
8.4600 3.5951 8.51487791709
8.4700 3.5908 8.5249427846
8.4800 3.5866 8.53500765212
8.4900 3.5824 8.54507251963
8.5000 3.5782 8.55513738714
8.5100 3.5740 8.56520225466
8.5200 3.5698 8.57526712217
8.5300 3.5656 8.58533198969
8.5400 3.5615 8.5953968572
8.5500 3.5573 8.60546172472
8.5600 3.5532 8.61552659223
8.5700 3.5490 8.62559145974
8.5800 3.5449 8.63565632726
8.5900 3.5408 8.64572119477
8.6000 3.5367 8.65578606229
8.6100 3.5326 8.6658509298
8.6200 3.5285 8.67591579732
8.6300 3.5244 8.68598066483
8.6400 3.5203 8.69604553234
8.6500 3.5163 8.70611039986
8.6600 3.5122 8.71617526737
8.6700 3.5082 8.72624013489
8.6800 3.5041 8.7363050024
8.6900 3.5001 8.74636986992
8.7000 3.4961 8.75643473743
8.7100 3.4921 8.76649960494
8.7200 3.4881 8.77656447246
8.7300 3.4841 8.78662933997
8.7400 3.4801 8.79669420749
8.7500 3.4762 8.806759075
8.7600 3.4722 8.81682394252
8.7700 3.4682 8.82688881003
8.7800 3.4643 8.83695367754
8.7900 3.4604 8.84701854506
8.8000 3.4564 8.85708341257
8.8100 3.4525 8.86714828009
8.8200 3.4486 8.8772131476
8.8300 3.4447 8.88727801512
8.8400 3.4408 8.89734288263
8.8500 3.4370 8.90740775014
8.8600 3.4331 8.91747261766
8.8700 3.4292 8.92753748517
8.8800 3.4254 8.93760235269
8.8900 3.4215 8.9476672202
8.9000 3.4177 8.95773208772
8.9100 3.4139 8.96779695523
8.9200 3.4100 8.97786182274
8.9300 3.4062 8.98792669026
8.9400 3.4024 8.99799155777
8.9500 3.3986 9.00805642529
8.9600 3.3948 9.0181212928
8.9700 3.3911 9.02818616032
8.9800 3.3873 9.03825102783
8.9900 3.3835 9.04831589534
9.0000 3.3798 9.05838076286
9.0100 3.3760 9.06844563037
9.0200 3.3723 9.07851049789
9.0300 3.3686 9.0885753654
9.0400 3.3649 9.09864023292
9.0500 3.3611 9.10870510043
9.0600 3.3574 9.11876996794
9.0700 3.3537 9.12883483546
9.0800 3.3501 9.13889970297
9.0900 3.3464 9.14896457049
9.1000 3.3427 9.159029438
9.1100 3.3390 9.16909430552
9.1200 3.3354 9.17915917303
9.1300 3.3317 9.18922404054
9.1400 3.3281 9.19928890806
9.1500 3.3245 9.20935377557
9.1600 3.3209 9.21941864309
9.1700 3.3172 9.2294835106
9.1800 3.3136 9.23954837812
9.1900 3.3100 9.24961324563
9.2000 3.3065 9.25967811314
9.2100 3.3029 9.26974298066
9.2200 3.2993 9.27980784817
9.2300 3.2957 9.28987271569
9.2400 3.2922 9.2999375832
9.2500 3.2886 9.31000245072
9.2600 3.2851 9.32006731823
9.2700 3.2815 9.33013218574
9.2800 3.2780 9.34019705326
9.2900 3.2745 9.35026192077
9.3000 3.2710 9.36032678829
9.3100 3.2675 9.3703916558
9.3200 3.2640 9.38045652332
9.3300 3.2605 9.39052139083
9.3400 3.2570 9.40058625834
9.3500 3.2535 9.41065112586
9.3600 3.2500 9.42071599337
9.3700 3.2466 9.43078086089
9.3800 3.2431 9.4408457284
9.3900 3.2397 9.45091059592
9.4000 3.2362 9.46097546343
9.4100 3.2328 9.47104033094
9.4200 3.2294 9.48110519846
9.4300 3.2260 9.49117006597
9.4400 3.2226 9.50123493349
9.4500 3.2192 9.511299801
9.4600 3.2158 9.52136466852
9.4700 3.2124 9.53142953603
9.4800 3.2090 9.54149440354
9.4900 3.2056 9.55155927106
9.5000 3.2022 9.56162413857
9.5100 3.1989 9.57168900609
9.5200 3.1955 9.5817538736
9.5300 3.1922 9.59181874112
9.5400 3.1888 9.60188360863
9.5500 3.1855 9.61194847614
9.5600 3.1822 9.62201334366
9.5700 3.1789 9.63207821117
9.5800 3.1756 9.64214307869
9.5900 3.1723 9.6522079462
9.6000 3.1690 9.66227281372
9.6100 3.1657 9.67233768123
9.6200 3.1624 9.68240254874
9.6300 3.1591 9.69246741626
9.6400 3.1558 9.70253228377
9.6500 3.1526 9.71259715129
9.6600 3.1493 9.7226620188
9.6700 3.1461 9.73272688632
9.6800 3.1428 9.74279175383
9.6900 3.1396 9.75285662134
9.7000 3.1364 9.76292148886
9.7100 3.1331 9.77298635637
9.7200 3.1299 9.78305122389
9.7300 3.1267 9.7931160914
9.7400 3.1235 9.80318095892
9.7500 3.1203 9.81324582643
9.7600 3.1171 9.82331069394
9.7700 3.1139 9.83337556146
9.7800 3.1108 9.84344042897
9.7900 3.1076 9.85350529649
9.8000 3.1044 9.863570164
9.8100 3.1013 9.87363503152
9.8200 3.0981 9.88369989903
9.8300 3.0950 9.89376476654
9.8400 3.0918 9.90382963406
9.8500 3.0887 9.91389450157
9.8600 3.0856 9.92395936909
9.8700 3.0825 9.9340242366
9.8800 3.0793 9.94408910412
9.8900 3.0762 9.95415397163
9.9000 3.0731 9.96421883914
9.9100 3.0700 9.97428370666
9.9200 3.0670 9.98434857417
9.9300 3.0639 9.99441344169
9.9400 3.0608 10.0044783092
9.9500 3.0577 10.0145431767
9.9600 3.0547 10.0246080442
9.9700 3.0516 10.0346729117
9.9800 3.0486 10.0447377793
9.9900 3.0455 10.0548026468
10.000 3.0425 10.0648675143
10.100 3.0124 10.1655161894
10.110 3.0094 10.1755810569
10.120 3.0065 10.1856459245
10.130 3.0035 10.195710792
10.140 3.0006 10.2057756595
10.150 2.9976 10.215840527
10.160 2.9947 10.2259053945
10.170 2.9917 10.235970262
10.180 2.9888 10.2460351295
10.190 2.9859 10.2560999971
10.200 2.9829 10.2661648646
10.210 2.9800 10.2762297321
10.220 2.9771 10.2862945996
10.230 2.9742 10.2963594671
10.240 2.9713 10.3064243346
10.250 2.9684 10.3164892021
10.260 2.9655 10.3265540697
10.270 2.9627 10.3366189372
10.280 2.9598 10.3466838047
10.290 2.9569 10.3567486722
10.300 2.9541 10.3668135397
10.310 2.9512 10.3768784072
10.320 2.9483 10.3869432747
10.330 2.9455 10.3970081423
10.340 2.9427 10.4070730098
10.350 2.9398 10.4171378773
10.360 2.9370 10.4272027448
10.370 2.9342 10.4372676123
10.380 2.9313 10.4473324798
10.390 2.9285 10.4573973473
10.400 2.9257 10.4674622149
10.410 2.9229 10.4775270824
10.420 2.9201 10.4875919499
10.430 2.9173 10.4976568174
10.440 2.9145 10.5077216849
10.450 2.9117 10.5177865524
10.460 2.9090 10.5278514199
10.470 2.9062 10.5379162875
10.480 2.9034 10.547981155
10.490 2.9007 10.5580460225
10.500 2.8979 10.56811089
10.510 2.8952 10.5781757575
10.520 2.8924 10.588240625
10.530 2.8897 10.5983054925
10.540 2.8869 10.6083703601
10.550 2.8842 10.6184352276
10.560 2.8815 10.6285000951
10.570 2.8788 10.6385649626
10.580 2.8761 10.6486298301
10.590 2.8733 10.6586946976
10.600 2.8706 10.6687595651
10.610 2.8679 10.6788244327
10.620 2.8652 10.6888893002
10.630 2.8626 10.6989541677
10.640 2.8599 10.7090190352
10.650 2.8572 10.7190839027
10.660 2.8545 10.7291487702
10.670 2.8519 10.7392136377
10.680 2.8492 10.7492785053
10.690 2.8465 10.7593433728
10.700 2.8439 10.7694082403
10.710 2.8412 10.7794731078
10.720 2.8386 10.7895379753
10.730 2.8359 10.7996028428
10.740 2.8333 10.8096677103
10.750 2.8307 10.8197325779
10.760 2.8281 10.8297974454
10.770 2.8254 10.8398623129
10.780 2.8228 10.8499271804
10.790 2.8202 10.8599920479
10.800 2.8176 10.8700569154
10.810 2.8150 10.8801217829
10.820 2.8124 10.8901866505
10.830 2.8098 10.900251518
10.840 2.8072 10.9103163855
10.850 2.8047 10.920381253
10.860 2.8021 10.9304461205
10.870 2.7995 10.940510988
10.880 2.7969 10.9505758555
10.890 2.7944 10.9606407231
10.900 2.7918 10.9707055906
10.910 2.7893 10.9807704581
10.920 2.7867 10.9908353256
10.930 2.7842 11.0009001931
10.940 2.7816 11.0109650606
10.950 2.7791 11.0210299281
10.960 2.7766 11.0310947957
10.970 2.7740 11.0411596632
10.980 2.7715 11.0512245307
10.990 2.7690 11.0612893982
11.000 2.7665 11.0713542657
11.010 2.7640 11.0814191332
11.020 2.7615 11.0914840007
11.030 2.7590 11.1015488683
11.040 2.7565 11.1116137358
11.050 2.7540 11.1216786033
11.060 2.7515 11.1317434708
11.070 2.7490 11.1418083383
11.080 2.7466 11.1518732058
11.090 2.7441 11.1619380733
11.100 2.7416 11.1720029409
11.110 2.7392 11.1820678084
11.120 2.7367 11.1921326759
11.130 2.7343 11.2021975434
11.140 2.7318 11.2122624109
11.150 2.7294 11.2223272784
11.160 2.7269 11.2323921459
11.170 2.7245 11.2424570135
11.180 2.7221 11.252521881
11.190 2.7196 11.2625867485
11.200 2.7172 11.272651616
11.210 2.7148 11.2827164835
11.220 2.7124 11.292781351
11.230 2.7100 11.3028462185
11.240 2.7076 11.3129110861
11.250 2.7052 11.3229759536
11.260 2.7028 11.3330408211
11.270 2.7004 11.3431056886
11.280 2.6980 11.3531705561
11.290 2.6956 11.3632354236
11.300 2.6932 11.3733002911
11.310 2.6909 11.3833651587
11.320 2.6885 11.3934300262
11.330 2.6861 11.4034948937
11.340 2.6838 11.4135597612
11.350 2.6814 11.4236246287
11.360 2.6790 11.4336894962
11.370 2.6767 11.4437543637
11.380 2.6743 11.4538192313
11.390 2.6720 11.4638840988
11.400 2.6697 11.4739489663
11.410 2.6673 11.4840138338
11.420 2.6650 11.4940787013
11.430 2.6627 11.5041435688
11.440 2.6604 11.5142084363
11.450 2.6580 11.5242733039
11.460 2.6557 11.5343381714
11.470 2.6534 11.5444030389
11.480 2.6511 11.5544679064
11.490 2.6488 11.5645327739
11.500 2.6465 11.5745976414
11.510 2.6442 11.5846625089
11.520 2.6419 11.5947273765
11.530 2.6396 11.604792244
11.540 2.6374 11.6148571115
11.550 2.6351 11.624921979
11.560 2.6328 11.6349868465
11.570 2.6305 11.645051714
11.580 2.6283 11.6551165815
11.590 2.6260 11.6651814491
11.600 2.6238 11.6752463166
11.610 2.6215 11.6853111841
11.620 2.6193 11.6953760516
11.630 2.6170 11.7054409191
11.640 2.6148 11.7155057866
11.650 2.6125 11.7255706541
11.660 2.6103 11.7356355217
11.670 2.6081 11.7457003892
11.680 2.6058 11.7557652567
11.690 2.6036 11.7658301242
11.700 2.6014 11.7758949917
11.710 2.5992 11.7859598592
11.720 2.5970 11.7960247267
11.730 2.5948 11.8060895943
11.740 2.5926 11.8161544618
11.750 2.5904 11.8262193293
11.760 2.5882 11.8362841968
11.770 2.5860 11.8463490643
11.780 2.5838 11.8564139318
11.790 2.5816 11.8664787993
11.800 2.5794 11.8765436669
11.810 2.5772 11.8866085344
11.820 2.5751 11.8966734019
11.830 2.5729 11.9067382694
11.840 2.5707 11.9168031369
11.850 2.5686 11.9268680044
11.860 2.5664 11.9369328719
11.870 2.5642 11.9469977395
11.880 2.5621 11.957062607
11.890 2.5599 11.9671274745
11.900 2.5578 11.977192342
11.910 2.5556 11.9872572095
11.920 2.5535 11.997322077
11.930 2.5514 12.0073869445
11.940 2.5492 12.0174518121
11.950 2.5471 12.0275166796
11.960 2.5450 12.0375815471
11.970 2.5429 12.0476464146
11.980 2.5408 12.0577112821
11.990 2.5386 12.0677761496
12.000 2.5365 12.0778410171
12.010 2.5344 12.0879058847
12.020 2.5323 12.0979707522
12.030 2.5302 12.1080356197
12.040 2.5281 12.1181004872
12.050 2.5260 12.1281653547
12.060 2.5239 12.1382302222
12.070 2.5219 12.1482950897
12.080 2.5198 12.1583599573
12.090 2.5177 12.1684248248
12.100 2.5156 12.1784896923
12.110 2.5136 12.1885545598
12.120 2.5115 12.1986194273
12.130 2.5094 12.2086842948
12.140 2.5074 12.2187491623
12.150 2.5053 12.2288140299
12.160 2.5032 12.2388788974
12.170 2.5012 12.2489437649
12.180 2.4991 12.2590086324
12.190 2.4971 12.2690734999
12.200 2.4951 12.2791383674
12.210 2.4930 12.2892032349
12.220 2.4910 12.2992681025
12.230 2.4890 12.30933297
12.240 2.4869 12.3193978375
12.250 2.4849 12.329462705
12.260 2.4829 12.3395275725
12.270 2.4809 12.34959244
12.280 2.4789 12.3596573075
12.290 2.4768 12.3697221751
12.300 2.4748 12.3797870426
12.310 2.4728 12.3898519101
12.320 2.4708 12.3999167776
12.330 2.4688 12.4099816451
12.340 2.4668 12.4200465126
12.350 2.4648 12.4301113801
12.360 2.4629 12.4401762477
12.370 2.4609 12.4502411152
12.380 2.4589 12.4603059827
12.390 2.4569 12.4703708502
12.400 2.4549 12.4804357177
12.410 2.4530 12.4905005852
12.420 2.4510 12.5005654527
12.430 2.4490 12.5106303203
12.440 2.4471 12.5206951878
12.450 2.4451 12.5307600553
12.460 2.4431 12.5408249228
12.470 2.4412 12.5508897903
12.480 2.4392 12.5609546578
12.490 2.4373 12.5710195253
12.500 2.4353 12.5810843929
12.510 2.4334 12.5911492604
12.520 2.4315 12.6012141279
12.530 2.4295 12.6112789954
12.540 2.4276 12.6213438629
12.550 2.4257 12.6314087304
12.560 2.4237 12.6414735979
12.570 2.4218 12.6515384655
12.580 2.4199 12.661603333
12.590 2.4180 12.6716682005
12.600 2.4161 12.681733068
12.610 2.4142 12.6917979355
12.620 2.4123 12.701862803
12.630 2.4104 12.7119276705
12.640 2.4085 12.7219925381
12.650 2.4066 12.7320574056
12.660 2.4047 12.7421222731
12.670 2.4028 12.7521871406
12.680 2.4009 12.7622520081
12.690 2.3990 12.7723168756
12.700 2.3971 12.7823817431
12.710 2.3952 12.7924466107
12.720 2.3933 12.8025114782
12.730 2.3915 12.8125763457
12.740 2.3896 12.8226412132
12.750 2.3877 12.8327060807
12.760 2.3859 12.8427709482
12.770 2.3840 12.8528358157
12.780 2.3821 12.8629006833
12.790 2.3803 12.8729655508
12.800 2.3784 12.8830304183
12.810 2.3766 12.8930952858
12.820 2.3747 12.9031601533
12.830 2.3729 12.9132250208
12.840 2.3710 12.9232898883
12.850 2.3692 12.9333547559
12.860 2.3674 12.9434196234
12.870 2.3655 12.9534844909
12.880 2.3637 12.9635493584
12.890 2.3619 12.9736142259
12.900 2.3600 12.9836790934
12.910 2.3582 12.9937439609
12.920 2.3564 13.0038088285
12.930 2.3546 13.013873696
12.940 2.3528 13.0239385635
12.950 2.3510 13.034003431
12.960 2.3492 13.0440682985
12.970 2.3473 13.054133166
12.980 2.3455 13.0641980335
12.990 2.3437 13.0742629011
13.000 2.3419 13.0843277686
13.010 2.3402 13.0943926361
13.020 2.3384 13.1044575036
13.030 2.3366 13.1145223711
13.040 2.3348 13.1245872386
13.050 2.3330 13.1346521061
13.060 2.3312 13.1447169737
13.070 2.3294 13.1547818412
13.080 2.3277 13.1648467087
13.090 2.3259 13.1749115762
13.100 2.3241 13.1849764437
13.110 2.3224 13.1950413112
13.120 2.3206 13.2051061787
13.130 2.3188 13.2151710463
13.140 2.3171 13.2252359138
13.150 2.3153 13.2353007813
13.160 2.3136 13.2453656488
13.170 2.3118 13.2554305163
13.180 2.3101 13.2654953838
13.190 2.3083 13.2755602513
13.200 2.3066 13.2856251189
13.210 2.3048 13.2956899864
13.220 2.3031 13.3057548539
13.230 2.3014 13.3158197214
13.240 2.2996 13.3258845889
13.250 2.2979 13.3359494564
13.260 2.2962 13.3460143239
13.270 2.2944 13.3560791915
13.280 2.2927 13.366144059
13.290 2.2910 13.3762089265
13.300 2.2893 13.386273794
13.310 2.2876 13.3963386615
13.320 2.2859 13.406403529
13.330 2.2841 13.4164683965
13.340 2.2824 13.4265332641
13.350 2.2807 13.4365981316
13.360 2.2790 13.4466629991
13.370 2.2773 13.4567278666
13.380 2.2756 13.4667927341
13.390 2.2739 13.4768576016
13.400 2.2722 13.4869224691
13.410 2.2706 13.4969873367
13.420 2.2689 13.5070522042
13.430 2.2672 13.5171170717
13.440 2.2655 13.5271819392
13.450 2.2638 13.5372468067
13.460 2.2622 13.5473116742
13.470 2.2605 13.5573765417
13.480 2.2588 13.5674414093
13.490 2.2571 13.5775062768
13.500 2.2555 13.5875711443
13.510 2.2538 13.5976360118
13.520 2.2521 13.6077008793
13.530 2.2505 13.6177657468
13.540 2.2488 13.6278306143
13.550 2.2472 13.6378954819
13.560 2.2455 13.6479603494
13.570 2.2439 13.6580252169
13.580 2.2422 13.6680900844
13.590 2.2406 13.6781549519
13.600 2.2389 13.6882198194
13.610 2.2373 13.6982846869
13.620 2.2357 13.7083495545
13.630 2.2340 13.718414422
13.640 2.2324 13.7284792895
13.650 2.2308 13.738544157
13.660 2.2291 13.7486090245
13.670 2.2275 13.758673892
13.680 2.2259 13.7687387595
13.690 2.2243 13.7788036271
13.700 2.2226 13.7888684946
13.710 2.2210 13.7989333621
13.720 2.2194 13.8089982296
13.730 2.2178 13.8190630971
13.740 2.2162 13.8291279646
13.750 2.2146 13.8391928321
13.760 2.2130 13.8492576997
13.770 2.2114 13.8593225672
13.780 2.2098 13.8693874347
13.790 2.2082 13.8794523022
13.800 2.2066 13.8895171697
13.810 2.2050 13.8995820372
13.820 2.2034 13.9096469047
13.830 2.2018 13.9197117723
13.840 2.2002 13.9297766398
13.850 2.1986 13.9398415073
13.860 2.1971 13.9499063748
13.870 2.1955 13.9599712423
13.880 2.1939 13.9700361098
13.890 2.1923 13.9801009773
13.900 2.1908 13.9901658449
13.910 2.1892 14.0002307124
13.920 2.1876 14.0102955799
13.930 2.1861 14.0203604474
13.940 2.1845 14.0304253149
13.950 2.1829 14.0404901824
13.960 2.1814 14.0505550499
13.970 2.1798 14.0606199175
13.980 2.1783 14.070684785
13.990 2.1767 14.0807496525
14.000 2.1752 14.09081452
14.010 2.1736 14.1008793875
14.020 2.1721 14.110944255
14.030 2.1705 14.1210091225
14.040 2.1690 14.1310739901
14.050 2.1675 14.1411388576
14.060 2.1659 14.1512037251
14.070 2.1644 14.1612685926
14.080 2.1628 14.1713334601
14.090 2.1613 14.1813983276
14.100 2.1598 14.1914631951
14.110 2.1583 14.2015280627
14.120 2.1567 14.2115929302
14.130 2.1552 14.2216577977
14.140 2.1537 14.2317226652
14.150 2.1522 14.2417875327
14.160 2.1507 14.2518524002
14.170 2.1492 14.2619172677
14.180 2.1476 14.2719821353
14.190 2.1461 14.2820470028
14.200 2.1446 14.2921118703
14.210 2.1431 14.3021767378
14.220 2.1416 14.3122416053
14.230 2.1401 14.3223064728
14.240 2.1386 14.3323713403
14.250 2.1371 14.3424362079
14.260 2.1356 14.3525010754
14.270 2.1341 14.3625659429
14.280 2.1327 14.3726308104
14.290 2.1312 14.3826956779
14.300 2.1297 14.3927605454
14.310 2.1282 14.4028254129
14.320 2.1267 14.4128902805
14.330 2.1252 14.422955148
14.340 2.1238 14.4330200155
14.350 2.1223 14.443084883
14.360 2.1208 14.4531497505
14.370 2.1193 14.463214618
14.380 2.1179 14.4732794855
14.390 2.1164 14.4833443531
14.400 2.1149 14.4934092206
14.410 2.1135 14.5034740881
14.420 2.1120 14.5135389556
14.430 2.1106 14.5236038231
14.440 2.1091 14.5336686906
14.450 2.1077 14.5437335581
14.460 2.1062 14.5537984257
14.470 2.1047 14.5638632932
14.480 2.1033 14.5739281607
14.490 2.1019 14.5839930282
14.500 2.1004 14.5940578957
14.510 2.0990 14.6041227632
14.520 2.0975 14.6141876307
14.530 2.0961 14.6242524983
14.540 2.0946 14.6343173658
14.550 2.0932 14.6443822333
14.560 2.0918 14.6544471008
14.570 2.0904 14.6645119683
14.580 2.0889 14.6745768358
14.590 2.0875 14.6846417033
14.600 2.0861 14.6947065709
14.610 2.0846 14.7047714384
14.620 2.0832 14.7148363059
14.630 2.0818 14.7249011734
14.640 2.0804 14.7349660409
14.650 2.0790 14.7450309084
14.660 2.0776 14.7550957759
14.670 2.0761 14.7651606435
14.680 2.0747 14.775225511
14.690 2.0733 14.7852903785
14.700 2.0719 14.795355246
14.710 2.0705 14.8054201135
14.720 2.0691 14.815484981
14.730 2.0677 14.8255498485
14.740 2.0663 14.8356147161
14.750 2.0649 14.8456795836
14.760 2.0635 14.8557444511
14.770 2.0621 14.8658093186
14.780 2.0608 14.8758741861
14.790 2.0594 14.8859390536
14.800 2.0580 14.8960039211
14.810 2.0566 14.9060687887
14.820 2.0552 14.9161336562
14.830 2.0538 14.9261985237
14.840 2.0524 14.9362633912
14.850 2.0511 14.9463282587
14.860 2.0497 14.9563931262
14.870 2.0483 14.9664579937
14.880 2.0469 14.9765228613
14.890 2.0456 14.9865877288
14.900 2.0442 14.9966525963
14.910 2.0428 15.0067174638
14.920 2.0415 15.0167823313
14.930 2.0401 15.0268471988
14.940 2.0388 15.0369120663
14.950 2.0374 15.0469769339
14.960 2.0360 15.0570418014
14.970 2.0347 15.0671066689
14.980 2.0333 15.0771715364
14.990 2.0320 15.0872364039
15.000 2.0306 15.0973012714
15.100 2.0172 15.1979499466
15.110 2.0159 15.2080148141
15.120 2.0146 15.2180796816
15.130 2.0132 15.2281445491
15.140 2.0119 15.2382094166
15.150 2.0106 15.2482742841
15.160 2.0093 15.2583391517
15.170 2.0080 15.2684040192
15.180 2.0066 15.2784688867
15.190 2.0053 15.2885337542
15.200 2.0040 15.2985986217
15.210 2.0027 15.3086634892
15.220 2.0014 15.3187283567
15.230 2.0001 15.3287932243
15.240 1.9988 15.3388580918
15.250 1.9975 15.3489229593
15.260 1.9962 15.3589878268
15.270 1.9949 15.3690526943
15.280 1.9936 15.3791175618
15.290 1.9923 15.3891824293
15.300 1.9910 15.3992472969
15.310 1.9897 15.4093121644
15.320 1.9884 15.4193770319
15.330 1.9871 15.4294418994
15.340 1.9858 15.4395067669
15.350 1.9845 15.4495716344
15.360 1.9832 15.4596365019
15.370 1.9819 15.4697013695
15.380 1.9806 15.479766237
15.390 1.9794 15.4898311045
15.400 1.9781 15.499895972
15.410 1.9768 15.5099608395
15.420 1.9755 15.520025707
15.430 1.9742 15.5300905745
15.440 1.9730 15.5401554421
15.450 1.9717 15.5502203096
15.460 1.9704 15.5602851771
15.470 1.9692 15.5703500446
15.480 1.9679 15.5804149121
15.490 1.9666 15.5904797796
15.500 1.9654 15.6005446471
15.510 1.9641 15.6106095147
15.520 1.9628 15.6206743822
15.530 1.9616 15.6307392497
15.540 1.9603 15.6408041172
15.550 1.9591 15.6508689847
15.560 1.9578 15.6609338522
15.570 1.9566 15.6709987197
15.580 1.9553 15.6810635873
15.590 1.9541 15.6911284548
15.600 1.9528 15.7011933223
15.610 1.9516 15.7112581898
15.620 1.9503 15.7213230573
15.630 1.9491 15.7313879248
15.640 1.9478 15.7414527923
15.650 1.9466 15.7515176599
15.660 1.9454 15.7615825274
15.670 1.9441 15.7716473949
15.680 1.9429 15.7817122624
15.690 1.9416 15.7917771299
15.700 1.9404 15.8018419974
15.710 1.9392 15.8119068649
15.720 1.9380 15.8219717325
15.730 1.9367 15.8320366
15.740 1.9355 15.8421014675
15.750 1.9343 15.852166335
15.760 1.9331 15.8622312025
15.770 1.9318 15.87229607
15.780 1.9306 15.8823609375
15.790 1.9294 15.8924258051
15.800 1.9282 15.9024906726
15.810 1.9270 15.9125555401
15.820 1.9258 15.9226204076
15.830 1.9245 15.9326852751
15.840 1.9233 15.9427501426
15.850 1.9221 15.9528150101
15.860 1.9209 15.9628798777
15.870 1.9197 15.9729447452
15.880 1.9185 15.9830096127
15.890 1.9173 15.9930744802
15.900 1.9161 16.0031393477
15.910 1.9149 16.0132042152
15.920 1.9137 16.0232690827
15.930 1.9125 16.0333339503
15.940 1.9113 16.0433988178
15.950 1.9101 16.0534636853
15.960 1.9089 16.0635285528
15.970 1.9077 16.0735934203
15.980 1.9065 16.0836582878
15.990 1.9054 16.0937231553
16.000 1.9042 16.1037880229
16.010 1.9030 16.1138528904
16.020 1.9018 16.1239177579
16.030 1.9006 16.1339826254
16.040 1.8994 16.1440474929
16.050 1.8983 16.1541123604
16.060 1.8971 16.1641772279
16.070 1.8959 16.1742420955
16.080 1.8947 16.184306963
16.090 1.8936 16.1943718305
16.100 1.8924 16.204436698
16.110 1.8912 16.2145015655
16.120 1.8900 16.224566433
16.130 1.8889 16.2346313005
16.140 1.8877 16.2446961681
16.150 1.8865 16.2547610356
16.160 1.8854 16.2648259031
16.170 1.8842 16.2748907706
16.180 1.8831 16.2849556381
16.190 1.8819 16.2950205056
16.200 1.8807 16.3050853731
16.210 1.8796 16.3151502407
16.220 1.8784 16.3252151082
16.230 1.8773 16.3352799757
16.240 1.8761 16.3453448432
16.250 1.8750 16.3554097107
16.260 1.8738 16.3654745782
16.270 1.8727 16.3755394457
16.280 1.8715 16.3856043133
16.290 1.8704 16.3956691808
16.300 1.8693 16.4057340483
16.310 1.8681 16.4157989158
16.320 1.8670 16.4258637833
16.330 1.8658 16.4359286508
16.340 1.8647 16.4459935183
16.350 1.8636 16.4560583859
16.360 1.8624 16.4661232534
16.370 1.8613 16.4761881209
16.380 1.8602 16.4862529884
16.390 1.8590 16.4963178559
16.400 1.8579 16.5063827234
16.410 1.8568 16.5164475909
16.420 1.8556 16.5265124585
16.430 1.8545 16.536577326
16.440 1.8534 16.5466421935
16.450 1.8523 16.556707061
16.460 1.8512 16.5667719285
16.470 1.8500 16.576836796
16.480 1.8489 16.5869016635
16.490 1.8478 16.5969665311
16.500 1.8467 16.6070313986
16.510 1.8456 16.6170962661
16.520 1.8445 16.6271611336
16.530 1.8433 16.6372260011
16.540 1.8422 16.6472908686
16.550 1.8411 16.6573557361
16.560 1.8400 16.6674206037
16.570 1.8389 16.6774854712
16.580 1.8378 16.6875503387
16.590 1.8367 16.6976152062
16.600 1.8356 16.7076800737
16.610 1.8345 16.7177449412
16.620 1.8334 16.7278098087
16.630 1.8323 16.7378746763
16.640 1.8312 16.7479395438
16.650 1.8301 16.7580044113
16.660 1.8290 16.7680692788
16.670 1.8279 16.7781341463
16.680 1.8268 16.7881990138
16.690 1.8257 16.7982638813
16.700 1.8247 16.8083287489
16.710 1.8236 16.8183936164
16.720 1.8225 16.8284584839
16.730 1.8214 16.8385233514
16.740 1.8203 16.8485882189
16.750 1.8192 16.8586530864
16.760 1.8181 16.8687179539
16.770 1.8171 16.8787828215
16.780 1.8160 16.888847689
16.790 1.8149 16.8989125565
16.800 1.8138 16.908977424
16.810 1.8128 16.9190422915
16.820 1.8117 16.929107159
16.830 1.8106 16.9391720265
16.840 1.8095 16.9492368941
16.850 1.8085 16.9593017616
16.860 1.8074 16.9693666291
16.870 1.8063 16.9794314966
16.880 1.8053 16.9894963641
16.890 1.8042 16.9995612316
16.900 1.8031 17.0096260991
16.910 1.8021 17.0196909667
16.920 1.8010 17.0297558342
16.930 1.8000 17.0398207017
16.940 1.7989 17.0498855692
16.950 1.7979 17.0599504367
16.960 1.7968 17.0700153042
16.970 1.7957 17.0800801717
16.980 1.7947 17.0901450393
16.990 1.7936 17.1002099068
17.000 1.7926 17.1102747743
17.010 1.7915 17.1203396418
17.020 1.7905 17.1304045093
17.030 1.7894 17.1404693768
17.040 1.7884 17.1505342443
17.050 1.7873 17.1605991119
17.060 1.7863 17.1706639794
17.070 1.7853 17.1807288469
17.080 1.7842 17.1907937144
17.090 1.7832 17.2008585819
17.100 1.7821 17.2109234494
17.110 1.7811 17.2209883169
17.120 1.7801 17.2310531845
17.130 1.7790 17.241118052
17.140 1.7780 17.2511829195
17.150 1.7770 17.261247787
17.160 1.7759 17.2713126545
17.170 1.7749 17.281377522
17.180 1.7739 17.2914423895
17.190 1.7729 17.3015072571
17.200 1.7718 17.3115721246
17.210 1.7708 17.3216369921
17.220 1.7698 17.3317018596
17.230 1.7688 17.3417667271
17.240 1.7677 17.3518315946
17.250 1.7667 17.3618964621
17.260 1.7657 17.3719613297
17.270 1.7647 17.3820261972
17.280 1.7637 17.3920910647
17.290 1.7626 17.4021559322
17.300 1.7616 17.4122207997
17.310 1.7606 17.4222856672
17.320 1.7596 17.4323505347
17.330 1.7586 17.4424154023
17.340 1.7576 17.4524802698
17.350 1.7566 17.4625451373
17.360 1.7556 17.4726100048
17.370 1.7546 17.4826748723
17.380 1.7536 17.4927397398
17.390 1.7525 17.5028046073
17.400 1.7515 17.5128694749
17.410 1.7505 17.5229343424
17.420 1.7495 17.5329992099
17.430 1.7485 17.5430640774
17.440 1.7475 17.5531289449
17.450 1.7465 17.5631938124
17.460 1.7456 17.5732586799
17.470 1.7446 17.5833235475
17.480 1.7436 17.593388415
17.490 1.7426 17.6034532825
17.500 1.7416 17.61351815
17.510 1.7406 17.6235830175
17.520 1.7396 17.633647885
17.530 1.7386 17.6437127525
17.540 1.7376 17.6537776201
17.550 1.7366 17.6638424876
17.560 1.7357 17.6739073551
17.570 1.7347 17.6839722226
17.580 1.7337 17.6940370901
17.590 1.7327 17.7041019576
17.600 1.7317 17.7141668251
17.610 1.7307 17.7242316927
17.620 1.7298 17.7342965602
17.630 1.7288 17.7443614277
17.640 1.7278 17.7544262952
17.650 1.7268 17.7644911627
17.660 1.7259 17.7745560302
17.670 1.7249 17.7846208977
17.680 1.7239 17.7946857653
17.690 1.7230 17.8047506328
17.700 1.7220 17.8148155003
17.710 1.7210 17.8248803678
17.720 1.7200 17.8349452353
17.730 1.7191 17.8450101028
17.740 1.7181 17.8550749703
17.750 1.7172 17.8651398379
17.760 1.7162 17.8752047054
17.770 1.7152 17.8852695729
17.780 1.7143 17.8953344404
17.790 1.7133 17.9053993079
17.800 1.7124 17.9154641754
17.810 1.7114 17.9255290429
17.820 1.7104 17.9355939105
17.830 1.7095 17.945658778
17.840 1.7085 17.9557236455
17.850 1.7076 17.965788513
17.860 1.7066 17.9758533805
17.870 1.7057 17.985918248
17.880 1.7047 17.9959831155
17.890 1.7038 18.0060479831
17.900 1.7028 18.0161128506
17.910 1.7019 18.0261777181
17.920 1.7009 18.0362425856
17.930 1.7000 18.0463074531
17.940 1.6990 18.0563723206
17.950 1.6981 18.0664371881
17.960 1.6972 18.0765020557
17.970 1.6962 18.0865669232
17.980 1.6953 18.0966317907
17.990 1.6943 18.1066966582
18.000 1.6934 18.1167615257
18.010 1.6925 18.1268263932
18.020 1.6915 18.1368912607
18.030 1.6906 18.1469561283
18.040 1.6897 18.1570209958
18.050 1.6887 18.1670858633
18.060 1.6878 18.1771507308
18.070 1.6869 18.1872155983
18.080 1.6859 18.1972804658
18.090 1.6850 18.2073453333
18.100 1.6841 18.2174102009
18.110 1.6832 18.2274750684
18.120 1.6822 18.2375399359
18.130 1.6813 18.2476048034
18.140 1.6804 18.2576696709
18.150 1.6795 18.2677345384
18.160 1.6786 18.2777994059
18.170 1.6776 18.2878642735
18.180 1.6767 18.297929141
18.190 1.6758 18.3079940085
18.200 1.6749 18.318058876
18.210 1.6740 18.3281237435
18.220 1.6730 18.338188611
18.230 1.6721 18.3482534785
18.240 1.6712 18.3583183461
18.250 1.6703 18.3683832136
18.260 1.6694 18.3784480811
18.270 1.6685 18.3885129486
18.280 1.6676 18.3985778161
18.290 1.6667 18.4086426836
18.300 1.6658 18.4187075511
18.310 1.6649 18.4287724187
18.320 1.6640 18.4388372862
18.330 1.6631 18.4489021537
18.340 1.6621 18.4589670212
18.350 1.6612 18.4690318887
18.360 1.6603 18.4790967562
18.370 1.6594 18.4891616237
18.380 1.6585 18.4992264913
18.390 1.6577 18.5092913588
18.400 1.6568 18.5193562263
18.410 1.6559 18.5294210938
18.420 1.6550 18.5394859613
18.430 1.6541 18.5495508288
18.440 1.6532 18.5596156963
18.450 1.6523 18.5696805639
18.460 1.6514 18.5797454314
18.470 1.6505 18.5898102989
18.480 1.6496 18.5998751664
18.490 1.6487 18.6099400339
18.500 1.6478 18.6200049014
18.510 1.6470 18.6300697689
18.520 1.6461 18.6401346365
18.530 1.6452 18.650199504
18.540 1.6443 18.6602643715
18.550 1.6434 18.670329239
18.560 1.6425 18.6803941065
18.570 1.6417 18.690458974
18.580 1.6408 18.7005238415
18.590 1.6399 18.7105887091
18.600 1.6390 18.7206535766
18.610 1.6381 18.7307184441
18.620 1.6373 18.7407833116
18.630 1.6364 18.7508481791
18.640 1.6355 18.7609130466
18.650 1.6346 18.7709779141
18.660 1.6338 18.7810427817
18.670 1.6329 18.7911076492
18.680 1.6320 18.8011725167
18.690 1.6312 18.8112373842
18.700 1.6303 18.8213022517
18.710 1.6294 18.8313671192
18.720 1.6286 18.8414319867
18.730 1.6277 18.8514968543
18.740 1.6268 18.8615617218
18.750 1.6260 18.8716265893
18.760 1.6251 18.8816914568
18.770 1.6242 18.8917563243
18.780 1.6234 18.9018211918
18.790 1.6225 18.9118860593
18.800 1.6217 18.9219509269
18.810 1.6208 18.9320157944
18.820 1.6199 18.9420806619
18.830 1.6191 18.9521455294
18.840 1.6182 18.9622103969
18.850 1.6174 18.9722752644
18.860 1.6165 18.9823401319
18.870 1.6157 18.9924049995
18.880 1.6148 19.002469867
18.890 1.6140 19.0125347345
18.900 1.6131 19.022599602
18.910 1.6123 19.0326644695
18.920 1.6114 19.042729337
18.930 1.6106 19.0527942045
18.940 1.6097 19.0628590721
18.950 1.6089 19.0729239396
18.960 1.6080 19.0829888071
18.970 1.6072 19.0930536746
18.980 1.6064 19.1031185421
18.990 1.6055 19.1131834096
19.000 1.6047 19.1232482771
19.010 1.6038 19.1333131447
19.020 1.6030 19.1433780122
19.030 1.6022 19.1534428797
19.040 1.6013 19.1635077472
19.050 1.6005 19.1735726147
19.060 1.5996 19.1836374822
19.070 1.5988 19.1937023497
19.080 1.5980 19.2037672173
19.090 1.5971 19.2138320848
19.100 1.5963 19.2238969523
19.110 1.5955 19.2339618198
19.120 1.5946 19.2440266873
19.130 1.5938 19.2540915548
19.140 1.5930 19.2641564223
19.150 1.5922 19.2742212899
19.160 1.5913 19.2842861574
19.170 1.5905 19.2943510249
19.180 1.5897 19.3044158924
19.190 1.5889 19.3144807599
19.200 1.5880 19.3245456274
19.210 1.5872 19.3346104949
19.220 1.5864 19.3446753625
19.230 1.5856 19.35474023
19.240 1.5847 19.3648050975
19.250 1.5839 19.374869965
19.260 1.5831 19.3849348325
19.270 1.5823 19.3949997
19.280 1.5815 19.4050645675
19.290 1.5807 19.4151294351
19.300 1.5798 19.4251943026
19.310 1.5790 19.4352591701
19.320 1.5782 19.4453240376
19.330 1.5774 19.4553889051
19.340 1.5766 19.4654537726
19.350 1.5758 19.4755186401
19.360 1.5750 19.4855835077
19.370 1.5742 19.4956483752
19.380 1.5734 19.5057132427
19.390 1.5725 19.5157781102
19.400 1.5717 19.5258429777
19.410 1.5709 19.5359078452
19.420 1.5701 19.5459727127
19.430 1.5693 19.5560375803
19.440 1.5685 19.5661024478
19.450 1.5677 19.5761673153
19.460 1.5669 19.5862321828
19.470 1.5661 19.5962970503
19.480 1.5653 19.6063619178
19.490 1.5645 19.6164267853
19.500 1.5637 19.6264916529
19.510 1.5629 19.6365565204
19.520 1.5621 19.6466213879
19.530 1.5613 19.6566862554
19.540 1.5605 19.6667511229
19.550 1.5597 19.6768159904
19.560 1.5589 19.6868808579
19.570 1.5582 19.6969457255
19.580 1.5574 19.707010593
19.590 1.5566 19.7170754605
19.600 1.5558 19.727140328
19.610 1.5550 19.7372051955
19.620 1.5542 19.747270063
19.630 1.5534 19.7573349305
19.640 1.5526 19.7673997981
19.650 1.5518 19.7774646656
19.660 1.5511 19.7875295331
19.670 1.5503 19.7975944006
19.680 1.5495 19.8076592681
19.690 1.5487 19.8177241356
19.700 1.5479 19.8277890031
19.710 1.5471 19.8378538707
19.720 1.5464 19.8479187382
19.730 1.5456 19.8579836057
19.740 1.5448 19.8680484732
19.750 1.5440 19.8781133407
19.760 1.5432 19.8881782082
19.770 1.5425 19.8982430757
19.780 1.5417 19.9083079433
19.790 1.5409 19.9183728108
19.800 1.5401 19.9284376783
19.810 1.5394 19.9385025458
19.820 1.5386 19.9485674133
19.830 1.5378 19.9586322808
19.840 1.5370 19.9686971483
19.850 1.5363 19.9787620159
19.860 1.5355 19.9888268834
19.870 1.5347 19.9988917509
19.880 1.5340 20.0089566184
19.890 1.5332 20.0190214859
19.900 1.5324 20.0290863534
19.910 1.5317 20.0391512209
19.920 1.5309 20.0492160885
19.930 1.5301 20.059280956
19.940 1.5294 20.0693458235
19.950 1.5286 20.079410691
19.960 1.5279 20.0894755585
19.970 1.5271 20.099540426
19.980 1.5263 20.1096052935
19.990 1.5256 20.1196701611
20.000 1.5248 20.1297350286
20.100 1.5173 20.2303837037
20.110 1.5165 20.2404485712
20.120 1.5158 20.2505134387
20.130 1.5150 20.2605783063
20.140 1.5143 20.2706431738
20.150 1.5135 20.2807080413
20.160 1.5128 20.2907729088
20.170 1.5120 20.3008377763
20.180 1.5113 20.3109026438
20.190 1.5105 20.3209675113
20.200 1.5098 20.3310323789
20.210 1.5090 20.3410972464
20.220 1.5083 20.3511621139
20.230 1.5076 20.3612269814
20.240 1.5068 20.3712918489
20.250 1.5061 20.3813567164
20.260 1.5053 20.3914215839
20.270 1.5046 20.4014864515
20.280 1.5039 20.411551319
20.290 1.5031 20.4216161865
20.300 1.5024 20.431681054
20.310 1.5017 20.4417459215
20.320 1.5009 20.451810789
20.330 1.5002 20.4618756565
20.340 1.4995 20.4719405241
20.350 1.4987 20.4820053916
20.360 1.4980 20.4920702591
20.370 1.4973 20.5021351266
20.380 1.4965 20.5121999941
20.390 1.4958 20.5222648616
20.400 1.4951 20.5323297291
20.410 1.4943 20.5423945967
20.420 1.4936 20.5524594642
20.430 1.4929 20.5625243317
20.440 1.4922 20.5725891992
20.450 1.4914 20.5826540667
20.460 1.4907 20.5927189342
20.470 1.4900 20.6027838017
20.480 1.4893 20.6128486693
20.490 1.4885 20.6229135368
20.500 1.4878 20.6329784043
20.510 1.4871 20.6430432718
20.520 1.4864 20.6531081393
20.530 1.4856 20.6631730068
20.540 1.4849 20.6732378743
20.550 1.4842 20.6833027419
20.560 1.4835 20.6933676094
20.570 1.4828 20.7034324769
20.580 1.4821 20.7134973444
20.590 1.4813 20.7235622119
20.600 1.4806 20.7336270794
20.610 1.4799 20.7436919469
20.620 1.4792 20.7537568145
20.630 1.4785 20.763821682
20.640 1.4778 20.7738865495
20.650 1.4771 20.783951417
20.660 1.4763 20.7940162845
20.670 1.4756 20.804081152
20.680 1.4749 20.8141460195
20.690 1.4742 20.8242108871
20.700 1.4735 20.8342757546
20.710 1.4728 20.8443406221
20.720 1.4721 20.8544054896
20.730 1.4714 20.8644703571
20.740 1.4707 20.8745352246
20.750 1.4700 20.8846000921
20.760 1.4693 20.8946649597
20.770 1.4686 20.9047298272
20.780 1.4679 20.9147946947
20.790 1.4672 20.9248595622
20.800 1.4665 20.9349244297
20.810 1.4658 20.9449892972
20.820 1.4651 20.9550541647
20.830 1.4644 20.9651190323
20.840 1.4637 20.9751838998
20.850 1.4630 20.9852487673
20.860 1.4623 20.9953136348
20.870 1.4616 21.0053785023
20.880 1.4609 21.0154433698
20.890 1.4602 21.0255082373
20.900 1.4595 21.0355731049
20.910 1.4588 21.0456379724
20.920 1.4581 21.0557028399
20.930 1.4574 21.0657677074
20.940 1.4567 21.0758325749
20.950 1.4560 21.0858974424
20.960 1.4553 21.0959623099
20.970 1.4546 21.1060271775
20.980 1.4539 21.116092045
20.990 1.4533 21.1261569125
21.000 1.4526 21.13622178
21.010 1.4519 21.1462866475
21.020 1.4512 21.156351515
21.030 1.4505 21.1664163825
21.040 1.4498 21.1764812501
21.050 1.4491 21.1865461176
21.060 1.4484 21.1966109851
21.070 1.4478 21.2066758526
21.080 1.4471 21.2167407201
21.090 1.4464 21.2268055876
21.100 1.4457 21.2368704551
21.110 1.4450 21.2469353227
21.120 1.4444 21.2570001902
21.130 1.4437 21.2670650577
21.140 1.4430 21.2771299252
21.150 1.4423 21.2871947927
21.160 1.4416 21.2972596602
21.170 1.4410 21.3073245277
21.180 1.4403 21.3173893953
21.190 1.4396 21.3274542628
21.200 1.4389 21.3375191303
21.210 1.4383 21.3475839978
21.220 1.4376 21.3576488653
21.230 1.4369 21.3677137328
21.240 1.4362 21.3777786003
21.250 1.4356 21.3878434679
21.260 1.4349 21.3979083354
21.270 1.4342 21.4079732029
21.280 1.4336 21.4180380704
21.290 1.4329 21.4281029379
21.300 1.4322 21.4381678054
21.310 1.4315 21.4482326729
21.320 1.4309 21.4582975405
21.330 1.4302 21.468362408
21.340 1.4295 21.4784272755
21.350 1.4289 21.488492143
21.360 1.4282 21.4985570105
21.370 1.4275 21.508621878
21.380 1.4269 21.5186867455
21.390 1.4262 21.5287516131
21.400 1.4256 21.5388164806
21.410 1.4249 21.5488813481
21.420 1.4242 21.5589462156
21.430 1.4236 21.5690110831
21.440 1.4229 21.5790759506
21.450 1.4223 21.5891408181
21.460 1.4216 21.5992056857
21.470 1.4209 21.6092705532
21.480 1.4203 21.6193354207
21.490 1.4196 21.6294002882
21.500 1.4190 21.6394651557
21.510 1.4183 21.6495300232
21.520 1.4177 21.6595948907
21.530 1.4170 21.6696597583
21.540 1.4163 21.6797246258
21.550 1.4157 21.6897894933
21.560 1.4150 21.6998543608
21.570 1.4144 21.7099192283
21.580 1.4137 21.7199840958
21.590 1.4131 21.7300489633
21.600 1.4124 21.7401138309
21.610 1.4118 21.7501786984
21.620 1.4111 21.7602435659
21.630 1.4105 21.7703084334
21.640 1.4098 21.7803733009
21.650 1.4092 21.7904381684
21.660 1.4085 21.8005030359
21.670 1.4079 21.8105679035
21.680 1.4072 21.820632771
21.690 1.4066 21.8306976385
21.700 1.4060 21.840762506
21.710 1.4053 21.8508273735
21.720 1.4047 21.860892241
21.730 1.4040 21.8709571085
21.740 1.4034 21.8810219761
21.750 1.4027 21.8910868436
21.760 1.4021 21.9011517111
21.770 1.4015 21.9112165786
21.780 1.4008 21.9212814461
21.790 1.4002 21.9313463136
21.800 1.3995 21.9414111811
21.810 1.3989 21.9514760487
21.820 1.3983 21.9615409162
21.830 1.3976 21.9716057837
21.840 1.3970 21.9816706512
21.850 1.3964 21.9917355187
21.860 1.3957 22.0018003862
21.870 1.3951 22.0118652537
21.880 1.3945 22.0219301213
21.890 1.3938 22.0319949888
21.900 1.3932 22.0420598563
21.910 1.3926 22.0521247238
21.920 1.3919 22.0621895913
21.930 1.3913 22.0722544588
21.940 1.3907 22.0823193263
21.950 1.3900 22.0923841939
21.960 1.3894 22.1024490614
21.970 1.3888 22.1125139289
21.980 1.3881 22.1225787964
21.990 1.3875 22.1326436639
22.000 1.3869 22.1427085314
22.010 1.3863 22.1527733989
22.020 1.3856 22.1628382665
22.030 1.3850 22.172903134
22.040 1.3844 22.1829680015
22.050 1.3838 22.193032869
22.060 1.3831 22.2030977365
22.070 1.3825 22.213162604
22.080 1.3819 22.2232274715
22.090 1.3813 22.2332923391
22.100 1.3806 22.2433572066
22.110 1.3800 22.2534220741
22.120 1.3794 22.2634869416
22.130 1.3788 22.2735518091
22.140 1.3782 22.2836166766
22.150 1.3775 22.2936815441
22.160 1.3769 22.3037464117
22.170 1.3763 22.3138112792
22.180 1.3757 22.3238761467
22.190 1.3751 22.3339410142
22.200 1.3745 22.3440058817
22.210 1.3738 22.3540707492
22.220 1.3732 22.3641356167
22.230 1.3726 22.3742004843
22.240 1.3720 22.3842653518
22.250 1.3714 22.3943302193
22.260 1.3708 22.4043950868
22.270 1.3702 22.4144599543
22.280 1.3696 22.4245248218
22.290 1.3689 22.4345896893
22.300 1.3683 22.4446545569
22.310 1.3677 22.4547194244
22.320 1.3671 22.4647842919
22.330 1.3665 22.4748491594
22.340 1.3659 22.4849140269
22.350 1.3653 22.4949788944
22.360 1.3647 22.5050437619
22.370 1.3641 22.5151086295
22.380 1.3635 22.525173497
22.390 1.3629 22.5352383645
22.400 1.3623 22.545303232
22.410 1.3617 22.5553680995
22.420 1.3611 22.565432967
22.430 1.3605 22.5754978345
22.440 1.3598 22.5855627021
22.450 1.3592 22.5956275696
22.460 1.3586 22.6056924371
22.470 1.3580 22.6157573046
22.480 1.3574 22.6258221721
22.490 1.3568 22.6358870396
22.500 1.3562 22.6459519071
22.510 1.3556 22.6560167747
22.520 1.3550 22.6660816422
22.530 1.3544 22.6761465097
22.540 1.3538 22.6862113772
22.550 1.3533 22.6962762447
22.560 1.3527 22.7063411122
22.570 1.3521 22.7164059797
22.580 1.3515 22.7264708473
22.590 1.3509 22.7365357148
22.600 1.3503 22.7466005823
22.610 1.3497 22.7566654498
22.620 1.3491 22.7667303173
22.630 1.3485 22.7767951848
22.640 1.3479 22.7868600523
22.650 1.3473 22.7969249199
22.660 1.3467 22.8069897874
22.670 1.3461 22.8170546549
22.680 1.3455 22.8271195224
22.690 1.3450 22.8371843899
22.700 1.3444 22.8472492574
22.710 1.3438 22.8573141249
22.720 1.3432 22.8673789925
22.730 1.3426 22.87744386
22.740 1.3420 22.8875087275
22.750 1.3414 22.897573595
22.760 1.3408 22.9076384625
22.770 1.3403 22.91770333
22.780 1.3397 22.9277681975
22.790 1.3391 22.9378330651
22.800 1.3385 22.9478979326
22.810 1.3379 22.9579628001
22.820 1.3373 22.9680276676
22.830 1.3368 22.9780925351
22.840 1.3362 22.9881574026
22.850 1.3356 22.9982222701
22.860 1.3350 23.0082871377
22.870 1.3344 23.0183520052
22.880 1.3338 23.0284168727
22.890 1.3333 23.0384817402
22.900 1.3327 23.0485466077
22.910 1.3321 23.0586114752
22.920 1.3315 23.0686763427
22.930 1.3310 23.0787412103
22.940 1.3304 23.0888060778
22.950 1.3298 23.0988709453
22.960 1.3292 23.1089358128
22.970 1.3287 23.1190006803
22.980 1.3281 23.1290655478
22.990 1.3275 23.1391304153
23.000 1.3269 23.1491952829
23.010 1.3264 23.1592601504
23.020 1.3258 23.1693250179
23.030 1.3252 23.1793898854
23.040 1.3246 23.1894547529
23.050 1.3241 23.1995196204
23.060 1.3235 23.2095844879
23.070 1.3229 23.2196493555
23.080 1.3224 23.229714223
23.090 1.3218 23.2397790905
23.100 1.3212 23.249843958
23.110 1.3206 23.2599088255
23.120 1.3201 23.269973693
23.130 1.3195 23.2800385605
23.140 1.3189 23.2901034281
23.150 1.3184 23.3001682956
23.160 1.3178 23.3102331631
23.170 1.3172 23.3202980306
23.180 1.3167 23.3303628981
23.190 1.3161 23.3404277656
23.200 1.3156 23.3504926331
23.210 1.3150 23.3605575007
23.220 1.3144 23.3706223682
23.230 1.3139 23.3806872357
23.240 1.3133 23.3907521032
23.250 1.3127 23.4008169707
23.260 1.3122 23.4108818382
23.270 1.3116 23.4209467057
23.280 1.3111 23.4310115733
23.290 1.3105 23.4410764408
23.300 1.3099 23.4511413083
23.310 1.3094 23.4612061758
23.320 1.3088 23.4712710433
23.330 1.3083 23.4813359108
23.340 1.3077 23.4914007783
23.350 1.3072 23.5014656459
23.360 1.3066 23.5115305134
23.370 1.3060 23.5215953809
23.380 1.3055 23.5316602484
23.390 1.3049 23.5417251159
23.400 1.3044 23.5517899834
23.410 1.3038 23.5618548509
23.420 1.3033 23.5719197185
23.430 1.3027 23.581984586
23.440 1.3022 23.5920494535
23.450 1.3016 23.602114321
23.460 1.3011 23.6121791885
23.470 1.3005 23.622244056
23.480 1.3000 23.6323089235
23.490 1.2994 23.6423737911
23.500 1.2989 23.6524386586
23.510 1.2983 23.6625035261
23.520 1.2978 23.6725683936
23.530 1.2972 23.6826332611
23.540 1.2967 23.6926981286
23.550 1.2961 23.7027629961
23.560 1.2956 23.7128278637
23.570 1.2950 23.7228927312
23.580 1.2945 23.7329575987
23.590 1.2939 23.7430224662
23.600 1.2934 23.7530873337
23.610 1.2928 23.7631522012
23.620 1.2923 23.7732170687
23.630 1.2918 23.7832819363
23.640 1.2912 23.7933468038
23.650 1.2907 23.8034116713
23.660 1.2901 23.8134765388
23.670 1.2896 23.8235414063
23.680 1.2890 23.8336062738
23.690 1.2885 23.8436711413
23.700 1.2880 23.8537360089
23.710 1.2874 23.8638008764
23.720 1.2869 23.8738657439
23.730 1.2863 23.8839306114
23.740 1.2858 23.8939954789
23.750 1.2853 23.9040603464
23.760 1.2847 23.9141252139
23.770 1.2842 23.9241900815
23.780 1.2837 23.934254949
23.790 1.2831 23.9443198165
23.800 1.2826 23.954384684
23.810 1.2821 23.9644495515
23.820 1.2815 23.974514419
23.830 1.2810 23.9845792865
23.840 1.2804 23.9946441541
23.850 1.2799 24.0047090216
23.860 1.2794 24.0147738891
23.870 1.2789 24.0248387566
23.880 1.2783 24.0349036241
23.890 1.2778 24.0449684916
23.900 1.2773 24.0550333591
23.910 1.2767 24.0650982267
23.920 1.2762 24.0751630942
23.930 1.2757 24.0852279617
23.940 1.2751 24.0952928292
23.950 1.2746 24.1053576967
23.960 1.2741 24.1154225642
23.970 1.2735 24.1254874317
23.980 1.2730 24.1355522993
23.990 1.2725 24.1456171668
24.000 1.2720 24.1556820343
24.010 1.2714 24.1657469018
24.020 1.2709 24.1758117693
24.030 1.2704 24.1858766368
24.040 1.2699 24.1959415043
24.050 1.2693 24.2060063719
24.060 1.2688 24.2160712394
24.070 1.2683 24.2261361069
24.080 1.2678 24.2362009744
24.090 1.2672 24.2462658419
24.100 1.2667 24.2563307094
24.110 1.2662 24.2663955769
24.120 1.2657 24.2764604445
24.130 1.2652 24.286525312
24.140 1.2646 24.2965901795
24.150 1.2641 24.306655047
24.160 1.2636 24.3167199145
24.170 1.2631 24.326784782
24.180 1.2626 24.3368496495
24.190 1.2620 24.3469145171
24.200 1.2615 24.3569793846
24.210 1.2610 24.3670442521
24.220 1.2605 24.3771091196
24.230 1.2600 24.3871739871
24.240 1.2595 24.3972388546
24.250 1.2589 24.4073037221
24.260 1.2584 24.4173685897
24.270 1.2579 24.4274334572
24.280 1.2574 24.4374983247
24.290 1.2569 24.4475631922
24.300 1.2564 24.4576280597
24.310 1.2558 24.4676929272
24.320 1.2553 24.4777577947
24.330 1.2548 24.4878226623
24.340 1.2543 24.4978875298
24.350 1.2538 24.5079523973
24.360 1.2533 24.5180172648
24.370 1.2528 24.5280821323
24.380 1.2523 24.5381469998
24.390 1.2518 24.5482118673
24.400 1.2512 24.5582767349
24.410 1.2507 24.5683416024
24.420 1.2502 24.5784064699
24.430 1.2497 24.5884713374
24.440 1.2492 24.5985362049
24.450 1.2487 24.6086010724
24.460 1.2482 24.6186659399
24.470 1.2477 24.6287308075
24.480 1.2472 24.638795675
24.490 1.2467 24.6488605425
24.500 1.2462 24.65892541
24.510 1.2457 24.6689902775
24.520 1.2452 24.679055145
24.530 1.2447 24.6891200125
24.540 1.2442 24.6991848801
24.550 1.2436 24.7092497476
24.560 1.2431 24.7193146151
24.570 1.2426 24.7293794826
24.580 1.2421 24.7394443501
24.590 1.2416 24.7495092176
24.600 1.2411 24.7595740851
24.610 1.2406 24.7696389527
24.620 1.2401 24.7797038202
24.630 1.2396 24.7897686877
24.640 1.2391 24.7998335552
24.650 1.2386 24.8098984227
24.660 1.2381 24.8199632902
24.670 1.2376 24.8300281577
24.680 1.2371 24.8400930253
24.690 1.2366 24.8501578928
24.700 1.2361 24.8602227603
24.710 1.2356 24.8702876278
24.720 1.2351 24.8803524953
24.730 1.2347 24.8904173628
24.740 1.2342 24.9004822303
24.750 1.2337 24.9105470979
24.760 1.2332 24.9206119654
24.770 1.2327 24.9306768329
24.780 1.2322 24.9407417004
24.790 1.2317 24.9508065679
24.800 1.2312 24.9608714354
24.810 1.2307 24.9709363029
24.820 1.2302 24.9810011705
24.830 1.2297 24.991066038
24.840 1.2292 25.0011309055
24.850 1.2287 25.011195773
24.860 1.2282 25.0212606405
24.870 1.2277 25.031325508
24.880 1.2273 25.0413903755
24.890 1.2268 25.0514552431
24.900 1.2263 25.0615201106
24.910 1.2258 25.0715849781
24.920 1.2253 25.0816498456
24.930 1.2248 25.0917147131
24.940 1.2243 25.1017795806
24.950 1.2238 25.1118444481
24.960 1.2233 25.1219093157
24.970 1.2229 25.1319741832
24.980 1.2224 25.1420390507
24.990 1.2219 25.1521039182
25.000 1.2214 25.1621687857
25.100 1.2166 25.2628174609
25.110 1.2161 25.2728823284
25.120 1.2156 25.2829471959
25.130 1.2151 25.2930120634
25.140 1.2146 25.3030769309
25.150 1.2142 25.3131417984
25.160 1.2137 25.3232066659
25.170 1.2132 25.3332715335
25.180 1.2127 25.343336401
25.190 1.2123 25.3534012685
25.200 1.2118 25.363466136
25.210 1.2113 25.3735310035
25.220 1.2108 25.383595871
25.230 1.2103 25.3936607385
25.240 1.2099 25.4037256061
25.250 1.2094 25.4137904736
25.260 1.2089 25.4238553411
25.270 1.2084 25.4339202086
25.280 1.2080 25.4439850761
25.290 1.2075 25.4540499436
25.300 1.2070 25.4641148111
25.310 1.2065 25.4741796787
25.320 1.2061 25.4842445462
25.330 1.2056 25.4943094137
25.340 1.2051 25.5043742812
25.350 1.2047 25.5144391487
25.360 1.2042 25.5245040162
25.370 1.2037 25.5345688837
25.380 1.2032 25.5446337513
25.390 1.2028 25.5546986188
25.400 1.2023 25.5647634863
25.410 1.2018 25.5748283538
25.420 1.2014 25.5848932213
25.430 1.2009 25.5949580888
25.440 1.2004 25.6050229563
25.450 1.1999 25.6150878239
25.460 1.1995 25.6251526914
25.470 1.1990 25.6352175589
25.480 1.1985 25.6452824264
25.490 1.1981 25.6553472939
25.500 1.1976 25.6654121614
25.510 1.1971 25.6754770289
25.520 1.1967 25.6855418965
25.530 1.1962 25.695606764
25.540 1.1957 25.7056716315
25.550 1.1953 25.715736499
25.560 1.1948 25.7258013665
25.570 1.1944 25.735866234
25.580 1.1939 25.7459311015
25.590 1.1934 25.7559959691
25.600 1.1930 25.7660608366
25.610 1.1925 25.7761257041
25.620 1.1920 25.7861905716
25.630 1.1916 25.7962554391
25.640 1.1911 25.8063203066
25.650 1.1907 25.8163851741
25.660 1.1902 25.8264500417
25.670 1.1897 25.8365149092
25.680 1.1893 25.8465797767
25.690 1.1888 25.8566446442
25.700 1.1884 25.8667095117
25.710 1.1879 25.8767743792
25.720 1.1874 25.8868392467
25.730 1.1870 25.8969041143
25.740 1.1865 25.9069689818
25.750 1.1861 25.9170338493
25.760 1.1856 25.9270987168
25.770 1.1851 25.9371635843
25.780 1.1847 25.9472284518
25.790 1.1842 25.9572933193
25.800 1.1838 25.9673581869
25.810 1.1833 25.9774230544
25.820 1.1829 25.9874879219
25.830 1.1824 25.9975527894
25.840 1.1820 26.0076176569
25.850 1.1815 26.0176825244
25.860 1.1811 26.0277473919
25.870 1.1806 26.0378122595
25.880 1.1801 26.047877127
25.890 1.1797 26.0579419945
25.900 1.1792 26.068006862
25.910 1.1788 26.0780717295
25.920 1.1783 26.088136597
25.930 1.1779 26.0982014645
25.940 1.1774 26.1082663321
25.950 1.1770 26.1183311996
25.960 1.1765 26.1283960671
25.970 1.1761 26.1384609346
25.980 1.1756 26.1485258021
25.990 1.1752 26.1585906696
26.000 1.1747 26.1686555371
26.010 1.1743 26.1787204047
26.020 1.1738 26.1887852722
26.030 1.1734 26.1988501397
26.040 1.1729 26.2089150072
26.050 1.1725 26.2189798747
26.060 1.1720 26.2290447422
26.070 1.1716 26.2391096097
26.080 1.1712 26.2491744773
26.090 1.1707 26.2592393448
26.100 1.1703 26.2693042123
26.110 1.1698 26.2793690798
26.120 1.1694 26.2894339473
26.130 1.1689 26.2994988148
26.140 1.1685 26.3095636823
26.150 1.1680 26.3196285499
26.160 1.1676 26.3296934174
26.170 1.1672 26.3397582849
26.180 1.1667 26.3498231524
26.190 1.1663 26.3598880199
26.200 1.1658 26.3699528874
26.210 1.1654 26.3800177549
26.220 1.1649 26.3900826225
26.230 1.1645 26.40014749
26.240 1.1641 26.4102123575
26.250 1.1636 26.420277225
26.260 1.1632 26.4303420925
26.270 1.1627 26.44040696
26.280 1.1623 26.4504718275
26.290 1.1619 26.4605366951
26.300 1.1614 26.4706015626
26.310 1.1610 26.4806664301
26.320 1.1606 26.4907312976
26.330 1.1601 26.5007961651
26.340 1.1597 26.5108610326
26.350 1.1592 26.5209259001
26.360 1.1588 26.5309907677
26.370 1.1584 26.5410556352
26.380 1.1579 26.5511205027
26.390 1.1575 26.5611853702
26.400 1.1571 26.5712502377
26.410 1.1566 26.5813151052
26.420 1.1562 26.5913799727
26.430 1.1558 26.6014448403
26.440 1.1553 26.6115097078
26.450 1.1549 26.6215745753
26.460 1.1545 26.6316394428
26.470 1.1540 26.6417043103
26.480 1.1536 26.6517691778
26.490 1.1532 26.6618340453
26.500 1.1527 26.6718989129
26.510 1.1523 26.6819637804
26.520 1.1519 26.6920286479
26.530 1.1514 26.7020935154
26.540 1.1510 26.7121583829
26.550 1.1506 26.7222232504
26.560 1.1501 26.7322881179
26.570 1.1497 26.7423529855
26.580 1.1493 26.752417853
26.590 1.1488 26.7624827205
26.600 1.1484 26.772547588
26.610 1.1480 26.7826124555
26.620 1.1476 26.792677323
26.630 1.1471 26.8027421905
26.640 1.1467 26.8128070581
26.650 1.1463 26.8228719256
26.660 1.1459 26.8329367931
26.670 1.1454 26.8430016606
26.680 1.1450 26.8530665281
26.690 1.1446 26.8631313956
26.700 1.1441 26.8731962631
26.710 1.1437 26.8832611307
26.720 1.1433 26.8933259982
26.730 1.1429 26.9033908657
26.740 1.1424 26.9134557332
26.750 1.1420 26.9235206007
26.760 1.1416 26.9335854682
26.770 1.1412 26.9436503357
26.780 1.1408 26.9537152033
26.790 1.1403 26.9637800708
26.800 1.1399 26.9738449383
26.810 1.1395 26.9839098058
26.820 1.1391 26.9939746733
26.830 1.1386 27.0040395408
26.840 1.1382 27.0141044083
26.850 1.1378 27.0241692759
26.860 1.1374 27.0342341434
26.870 1.1370 27.0442990109
26.880 1.1365 27.0543638784
26.890 1.1361 27.0644287459
26.900 1.1357 27.0744936134
26.910 1.1353 27.0845584809
26.920 1.1349 27.0946233485
26.930 1.1344 27.104688216
26.940 1.1340 27.1147530835
26.950 1.1336 27.124817951
26.960 1.1332 27.1348828185
26.970 1.1328 27.144947686
26.980 1.1324 27.1550125535
26.990 1.1319 27.1650774211
27.000 1.1315 27.1751422886
27.010 1.1311 27.1852071561
27.020 1.1307 27.1952720236
27.030 1.1303 27.2053368911
27.040 1.1299 27.2154017586
27.050 1.1295 27.2254666261
27.060 1.1290 27.2355314937
27.070 1.1286 27.2455963612
27.080 1.1282 27.2556612287
27.090 1.1278 27.2657260962
27.100 1.1274 27.2757909637
27.110 1.1270 27.2858558312
27.120 1.1266 27.2959206987
27.130 1.1261 27.3059855663
27.140 1.1257 27.3160504338
27.150 1.1253 27.3261153013
27.160 1.1249 27.3361801688
27.170 1.1245 27.3462450363
27.180 1.1241 27.3563099038
27.190 1.1237 27.3663747713
27.200 1.1233 27.3764396389
27.210 1.1229 27.3865045064
27.220 1.1224 27.3965693739
27.230 1.1220 27.4066342414
27.240 1.1216 27.4166991089
27.250 1.1212 27.4267639764
27.260 1.1208 27.4368288439
27.270 1.1204 27.4468937115
27.280 1.1200 27.456958579
27.290 1.1196 27.4670234465
27.300 1.1192 27.477088314
27.310 1.1188 27.4871531815
27.320 1.1184 27.497218049
27.330 1.1180 27.5072829165
27.340 1.1176 27.5173477841
27.350 1.1172 27.5274126516
27.360 1.1167 27.5374775191
27.370 1.1163 27.5475423866
27.380 1.1159 27.5576072541
27.390 1.1155 27.5676721216
27.400 1.1151 27.5777369891
27.410 1.1147 27.5878018567
27.420 1.1143 27.5978667242
27.430 1.1139 27.6079315917
27.440 1.1135 27.6179964592
27.450 1.1131 27.6280613267
27.460 1.1127 27.6381261942
27.470 1.1123 27.6481910617
27.480 1.1119 27.6582559293
27.490 1.1115 27.6683207968
27.500 1.1111 27.6783856643
27.510 1.1107 27.6884505318
27.520 1.1103 27.6985153993
27.530 1.1099 27.7085802668
27.540 1.1095 27.7186451343
27.550 1.1091 27.7287100019
27.560 1.1087 27.7387748694
27.570 1.1083 27.7488397369
27.580 1.1079 27.7589046044
27.590 1.1075 27.7689694719
27.600 1.1071 27.7790343394
27.610 1.1067 27.7890992069
27.620 1.1063 27.7991640745
27.630 1.1059 27.809228942
27.640 1.1055 27.8192938095
27.650 1.1051 27.829358677
27.660 1.1047 27.8394235445
27.670 1.1043 27.849488412
27.680 1.1039 27.8595532795
27.690 1.1035 27.8696181471
27.700 1.1031 27.8796830146
27.710 1.1027 27.8897478821
27.720 1.1023 27.8998127496
27.730 1.1020 27.9098776171
27.740 1.1016 27.9199424846
27.750 1.1012 27.9300073521
27.760 1.1008 27.9400722197
27.770 1.1004 27.9501370872
27.780 1.1000 27.9602019547
27.790 1.0996 27.9702668222
27.800 1.0992 27.9803316897
27.810 1.0988 27.9903965572
27.820 1.0984 28.0004614247
27.830 1.0980 28.0105262923
27.840 1.0976 28.0205911598
27.850 1.0972 28.0306560273
27.860 1.0969 28.0407208948
27.870 1.0965 28.0507857623
27.880 1.0961 28.0608506298
27.890 1.0957 28.0709154973
27.900 1.0953 28.0809803649
27.910 1.0949 28.0910452324
27.920 1.0945 28.1011100999
27.930 1.0941 28.1111749674
27.940 1.0937 28.1212398349
27.950 1.0933 28.1313047024
27.960 1.0930 28.1413695699
27.970 1.0926 28.1514344375
27.980 1.0922 28.161499305
27.990 1.0918 28.1715641725
28.000 1.0914 28.18162904
28.010 1.0910 28.1916939075
28.020 1.0906 28.201758775
28.030 1.0902 28.2118236425
28.040 1.0899 28.2218885101
28.050 1.0895 28.2319533776
28.060 1.0891 28.2420182451
28.070 1.0887 28.2520831126
28.080 1.0883 28.2621479801
28.090 1.0879 28.2722128476
28.100 1.0876 28.2822777151
28.110 1.0872 28.2923425827
28.120 1.0868 28.3024074502
28.130 1.0864 28.3124723177
28.140 1.0860 28.3225371852
28.150 1.0856 28.3326020527
28.160 1.0853 28.3426669202
28.170 1.0849 28.3527317877
28.180 1.0845 28.3627966553
28.190 1.0841 28.3728615228
28.200 1.0837 28.3829263903
28.210 1.0833 28.3929912578
28.220 1.0830 28.4030561253
28.230 1.0826 28.4131209928
28.240 1.0822 28.4231858603
28.250 1.0818 28.4332507279
28.260 1.0814 28.4433155954
28.270 1.0811 28.4533804629
28.280 1.0807 28.4634453304
28.290 1.0803 28.4735101979
28.300 1.0799 28.4835750654
28.310 1.0795 28.4936399329
28.320 1.0792 28.5037048005
28.330 1.0788 28.513769668
28.340 1.0784 28.5238345355
28.350 1.0780 28.533899403
28.360 1.0777 28.5439642705
28.370 1.0773 28.554029138
28.380 1.0769 28.5640940055
28.390 1.0765 28.5741588731
28.400 1.0762 28.5842237406
28.410 1.0758 28.5942886081
28.420 1.0754 28.6043534756
28.430 1.0750 28.6144183431
28.440 1.0746 28.6244832106
28.450 1.0743 28.6345480781
28.460 1.0739 28.6446129457
28.470 1.0735 28.6546778132
28.480 1.0732 28.6647426807
28.490 1.0728 28.6748075482
28.500 1.0724 28.6848724157
28.510 1.0720 28.6949372832
28.520 1.0717 28.7050021507
28.530 1.0713 28.7150670183
28.540 1.0709 28.7251318858
28.550 1.0705 28.7351967533
28.560 1.0702 28.7452616208
28.570 1.0698 28.7553264883
28.580 1.0694 28.7653913558
28.590 1.0691 28.7754562233
28.600 1.0687 28.7855210909
28.610 1.0683 28.7955859584
28.620 1.0679 28.8056508259
28.630 1.0676 28.8157156934
28.640 1.0672 28.8257805609
28.650 1.0668 28.8358454284
28.660 1.0665 28.8459102959
28.670 1.0661 28.8559751635
28.680 1.0657 28.866040031
28.690 1.0654 28.8761048985
28.700 1.0650 28.886169766
28.710 1.0646 28.8962346335
28.720 1.0643 28.906299501
28.730 1.0639 28.9163643685
28.740 1.0635 28.9264292361
28.750 1.0632 28.9364941036
28.760 1.0628 28.9465589711
28.770 1.0624 28.9566238386
28.780 1.0621 28.9666887061
28.790 1.0617 28.9767535736
28.800 1.0613 28.9868184411
28.810 1.0610 28.9968833087
28.820 1.0606 29.0069481762
28.830 1.0602 29.0170130437
28.840 1.0599 29.0270779112
28.850 1.0595 29.0371427787
28.860 1.0591 29.0472076462
28.870 1.0588 29.0572725137
28.880 1.0584 29.0673373813
28.890 1.0580 29.0774022488
28.900 1.0577 29.0874671163
28.910 1.0573 29.0975319838
28.920 1.0569 29.1075968513
28.930 1.0566 29.1176617188
28.940 1.0562 29.1277265863
28.950 1.0559 29.1377914539
28.960 1.0555 29.1478563214
28.970 1.0551 29.1579211889
28.980 1.0548 29.1679860564
28.990 1.0544 29.1780509239
29.000 1.0541 29.1881157914
29.010 1.0537 29.1981806589
29.020 1.0533 29.2082455265
29.030 1.0530 29.218310394
29.040 1.0526 29.2283752615
29.050 1.0523 29.238440129
29.060 1.0519 29.2485049965
29.070 1.0515 29.258569864
29.080 1.0512 29.2686347315
29.090 1.0508 29.2786995991
29.100 1.0505 29.2887644666
29.110 1.0501 29.2988293341
29.120 1.0497 29.3088942016
29.130 1.0494 29.3189590691
29.140 1.0490 29.3290239366
29.150 1.0487 29.3390888041
29.160 1.0483 29.3491536717
29.170 1.0480 29.3592185392
29.180 1.0476 29.3692834067
29.190 1.0472 29.3793482742
29.200 1.0469 29.3894131417
29.210 1.0465 29.3994780092
29.220 1.0462 29.4095428767
29.230 1.0458 29.4196077443
29.240 1.0455 29.4296726118
29.250 1.0451 29.4397374793
29.260 1.0448 29.4498023468
29.270 1.0444 29.4598672143
29.280 1.0441 29.4699320818
29.290 1.0437 29.4799969493
29.300 1.0433 29.4900618169
29.310 1.0430 29.5001266844
29.320 1.0426 29.5101915519
29.330 1.0423 29.5202564194
29.340 1.0419 29.5303212869
29.350 1.0416 29.5403861544
29.360 1.0412 29.5504510219
29.370 1.0409 29.5605158895
29.380 1.0405 29.570580757
29.390 1.0402 29.5806456245
29.400 1.0398 29.590710492
29.410 1.0395 29.6007753595
29.420 1.0391 29.610840227
29.430 1.0388 29.6209050945
29.440 1.0384 29.6309699621
29.450 1.0381 29.6410348296
29.460 1.0377 29.6510996971
29.470 1.0374 29.6611645646
29.480 1.0370 29.6712294321
29.490 1.0367 29.6812942996
29.500 1.0363 29.6913591671
29.510 1.0360 29.7014240347
29.520 1.0356 29.7114889022
29.530 1.0353 29.7215537697
29.540 1.0349 29.7316186372
29.550 1.0346 29.7416835047
29.560 1.0342 29.7517483722
29.570 1.0339 29.7618132397
29.580 1.0336 29.7718781073
29.590 1.0332 29.7819429748
29.600 1.0329 29.7920078423
29.610 1.0325 29.8020727098
29.620 1.0322 29.8121375773
29.630 1.0318 29.8222024448
29.640 1.0315 29.8322673123
29.650 1.0311 29.8423321799
29.660 1.0308 29.8523970474
29.670 1.0304 29.8624619149
29.680 1.0301 29.8725267824
29.690 1.0298 29.8825916499
29.700 1.0294 29.8926565174
29.710 1.0291 29.9027213849
29.720 1.0287 29.9127862525
29.730 1.0284 29.92285112
29.740 1.0280 29.9329159875
29.750 1.0277 29.942980855
29.760 1.0274 29.9530457225
29.770 1.0270 29.96311059
29.780 1.0267 29.9731754575
29.790 1.0263 29.9832403251
29.800 1.0260 29.9933051926
29.810 1.0256 30.0033700601
29.820 1.0253 30.0134349276
29.830 1.0250 30.0234997951
29.840 1.0246 30.0335646626
29.850 1.0243 30.0436295301
29.860 1.0239 30.0536943977
29.870 1.0236 30.0637592652
29.880 1.0233 30.0738241327
29.890 1.0229 30.0838890002
29.900 1.0226 30.0939538677
29.910 1.0222 30.1040187352
29.920 1.0219 30.1140836027
29.930 1.0216 30.1241484703
29.940 1.0212 30.1342133378
29.950 1.0209 30.1442782053
29.960 1.0205 30.1543430728
29.970 1.0202 30.1644079403
29.980 1.0199 30.1744728078
29.990 1.0195 30.1845376753
30.000 1.0192 30.1946025429
