0.10000 73.629 0.00563037348036
0.11000 66.915 0.0061934108284
0.12000 61.320 0.00675644817644
0.13000 56.586 0.00731948552447
0.14000 52.528 0.00788252287251
0.15000 49.011 0.00844556022055
0.16000 45.934 0.00900859756858
0.17000 43.219 0.00957163491662
0.18000 40.805 0.0101346722647
0.19000 38.646 0.0106977096127
0.20000 36.702 0.0112607469607
0.21000 34.944 0.0118237843088
0.22000 33.345 0.0123868216568
0.23000 31.886 0.0129498590048
0.24000 30.548 0.0135128963529
0.25000 29.317 0.0140759337009
0.26000 28.181 0.0146389710489
0.27000 27.128 0.015202008397
0.28000 26.152 0.015765045745
0.29000 25.242 0.0163280830931
0.30000 24.393 0.0168911204411
0.31000 23.599 0.0174541577891
0.32000 22.854 0.0180171951372
0.33000 22.155 0.0185802324852
0.34000 21.497 0.0191432698332
0.35000 20.876 0.0197063071813
0.36000 20.290 0.0202693445293
0.37000 19.735 0.0208323818773
0.38000 19.210 0.0213954192254
0.39000 18.711 0.0219584565734
0.40000 18.238 0.0225214939215
0.41000 17.787 0.0230845312695
0.42000 17.359 0.0236475686175
0.43000 16.950 0.0242106059656
0.44000 16.559 0.0247736433136
0.45000 16.186 0.0253366806616
0.46000 15.829 0.0258997180097
0.47000 15.487 0.0264627553577
0.48000 15.160 0.0270257927057
0.49000 14.846 0.0275888300538
0.50000 14.544 0.0281518674018
0.51000 14.255 0.0287149047499
0.52000 13.976 0.0292779420979
0.53000 13.708 0.0298409794459
0.54000 13.450 0.030404016794
0.55000 13.201 0.030967054142
0.56000 12.961 0.03153009149
0.57000 12.730 0.0320931288381
0.58000 12.507 0.0326561661861
0.59000 12.291 0.0332192035341
0.60000 12.082 0.0337822408822
0.61000 11.880 0.0343452782302
0.62000 11.685 0.0349083155783
0.63000 11.496 0.0354713529263
0.64000 11.312 0.0360343902743
0.65000 11.135 0.0365974276224
0.66000 10.962 0.0371604649704
0.67000 10.795 0.0377235023184
0.68000 10.633 0.0382865396665
0.69000 10.476 0.0388495770145
0.70000 10.323 0.0394126143626
0.71000 10.174 0.0399756517106
0.72000 10.029 0.0405386890586
0.73000 9.8889 0.0411017264067
0.74000 9.7521 0.0416647637547
0.75000 9.6190 0.0422278011027
0.76000 9.4893 0.0427908384508
0.77000 9.3630 0.0433538757988
0.78000 9.2400 0.0439169131468
0.79000 9.1200 0.0444799504949
0.80000 9.0031 0.0450429878429
0.81000 8.8891 0.045606025191
0.82000 8.7778 0.046169062539
0.83000 8.6692 0.046732099887
0.84000 8.5632 0.0472951372351
0.85000 8.4597 0.0478581745831
0.86000 8.3585 0.0484212119311
0.87000 8.2598 0.0489842492792
0.88000 8.1632 0.0495472866272
0.89000 8.0688 0.0501103239752
0.90000 7.9765 0.0506733613233
0.91000 7.8863 0.0512363986713
0.92000 7.7980 0.0517994360194
0.93000 7.7116 0.0523624733674
0.94000 7.6270 0.0529255107154
0.95000 7.5442 0.0534885480635
0.96000 7.4632 0.0540515854115
0.97000 7.3838 0.0546146227595
0.98000 7.3060 0.0551776601076
0.99000 7.2298 0.0557406974556
1.0000 7.1551 0.0563037348036
1.0100 7.0819 0.0568667721517
1.0200 7.0101 0.0574298094997
1.0300 6.9397 0.0579928468478
1.0400 6.8707 0.0585558841958
1.0500 6.8030 0.0591189215438
1.0600 6.7366 0.0596819588919
1.0700 6.6714 0.0602449962399
1.0800 6.6074 0.0608080335879
1.0900 6.5445 0.061371070936
1.1000 6.4829 0.061934108284
1.1100 6.4223 0.062497145632
1.1200 6.3628 0.0630601829801
1.1300 6.3044 0.0636232203281
1.1400 6.2469 0.0641862576762
1.1500 6.1905 0.0647492950242
1.1600 6.1351 0.0653123323722
1.1700 6.0806 0.0658753697203
1.1800 6.0270 0.0664384070683
1.1900 5.9743 0.0670014444163
1.2000 5.9225 0.0675644817644
1.2100 5.8715 0.0681275191124
1.2200 5.8214 0.0686905564604
1.2300 5.7721 0.0692535938085
1.2400 5.7236 0.0698166311565
1.2500 5.6759 0.0703796685046
1.2600 5.6289 0.0709427058526
1.2700 5.5826 0.0715057432006
1.2800 5.5371 0.0720687805487
1.2900 5.4923 0.0726318178967
1.3000 5.4482 0.0731948552447
1.3100 5.4047 0.0737578925928
1.3176 5.3721 0.0741858009773
1.3176 0.028977 0.0741858009773
1.3200 0.028977 0.0743209299408
1.3300 0.028977 0.0748839672888
1.3400 0.028977 0.0754470046369
1.3500 0.028976 0.0760100419849
1.3600 0.028976 0.076573079333
1.3700 0.028976 0.077136116681
1.3800 0.028976 0.077699154029
1.3900 0.028976 0.0782621913771
1.4000 0.028976 0.0788252287251
1.4100 0.028976 0.0793882660731
1.4200 0.028976 0.0799513034212
1.4300 0.028976 0.0805143407692
1.4400 0.028976 0.0810773781172
1.4500 0.028976 0.0816404154653
1.4600 0.028976 0.0822034528133
1.4700 0.028976 0.0827664901614
1.4800 0.028976 0.0833295275094
1.4900 0.028976 0.0838925648574
1.5000 0.028975 0.0844556022055
1.5100 0.028975 0.0850186395535
1.5200 0.028975 0.0855816769015
1.5300 0.028975 0.0861447142496
1.5400 0.028975 0.0867077515976
1.5500 0.028975 0.0872707889456
1.5600 0.028975 0.0878338262937
