0.10000 123.00
0.11000 111.81
0.12000 102.49
0.13000 94.596
0.14000 87.833
0.15000 81.971
0.16000 76.843
0.17000 72.318
0.18000 68.295
0.19000 64.696
0.20000 61.457
0.21000 58.526
0.22000 55.862
0.23000 53.430
0.24000 51.200
0.25000 49.148
0.26000 47.255
0.27000 45.501
0.28000 43.873
0.29000 42.357
0.30000 40.942
0.31000 39.619
0.32000 38.378
0.33000 37.213
0.34000 36.116
0.35000 35.081
0.36000 34.104
0.37000 33.180
0.38000 32.305
0.39000 31.474
0.40000 30.685
0.41000 29.935
0.42000 29.220
0.43000 28.538
0.44000 27.888
0.45000 27.266
0.46000 26.671
0.47000 26.102
0.48000 25.557
0.49000 25.033
0.50000 24.531
0.51000 24.048
0.52000 23.584
0.53000 23.137
0.54000 22.707
0.55000 22.293
0.56000 21.893
0.57000 21.508
0.58000 21.135
0.59000 20.776
0.60000 20.428
0.61000 20.092
0.62000 19.766
0.63000 19.451
0.64000 19.146
0.65000 18.850
0.66000 18.563
0.67000 18.285
0.68000 18.014
0.69000 17.752
0.70000 17.497
0.71000 17.250
0.72000 17.009
0.73000 16.775
0.74000 16.547
0.75000 16.325
0.76000 16.109
0.77000 15.899
0.78000 15.694
0.79000 15.494
0.80000 15.299
0.81000 15.109
0.82000 14.924
0.83000 14.743
0.84000 14.567
0.85000 14.394
0.86000 14.226
0.87000 14.061
0.88000 13.900
0.89000 13.743
0.90000 13.590
0.91000 13.439
0.92000 13.292
0.93000 13.148
0.94000 13.008
0.95000 12.870
0.96000 12.735
0.97000 12.603
0.98000 12.473
0.99000 12.346
1.0000 12.222
1.0100 12.100
1.0200 11.981
1.0300 11.863
1.0400 11.749
1.0500 11.636
1.0600 11.525
1.0700 11.417
1.0800 11.310
1.0900 11.206
1.1000 11.103
1.1100 11.002
1.1200 10.903
1.1300 10.806
1.1400 10.710
1.1500 10.616
1.1600 10.524
1.1700 10.433
1.1800 10.344
1.1900 10.257
1.2000 10.170
1.2100 10.086
1.2200 10.002
1.2300 9.9202
1.2400 9.8395
1.2500 9.7601
1.2600 9.6820
1.2700 9.6050
1.2800 9.5293
1.2900 9.4548
1.3000 9.3814
1.3100 9.3091
1.3200 9.2379
1.3300 9.1678
1.3400 9.0987
1.3500 9.0307
1.3600 8.9636
1.3700 8.8975
1.3800 8.8324
1.3900 8.7683
1.4000 8.7050
1.4100 8.6427
1.4200 8.5812
1.4300 8.5206
1.4400 8.4608
1.4500 8.4018
1.4600 8.3437
1.4700 8.2863
1.4800 8.2297
1.4900 8.1739
1.5000 8.1188
1.5100 8.0645
1.5200 8.0109
1.5300 7.9579
1.5400 7.9057
1.5500 7.8541
1.5600 7.8032
1.5700 7.7529
1.5800 7.7033
1.5900 7.6543
1.6000 7.6059
1.6100 7.5581
1.6200 7.5110
1.6300 7.4643
1.6400 7.4183
1.6500 7.3728
1.6600 7.3279
1.6700 7.2834
1.6800 7.2396
1.6900 7.1962
1.7000 7.1534
1.7100 7.1110
1.7200 7.0692
1.7300 7.0278
1.7400 6.9869
1.7500 6.9465
1.7600 6.9065
1.7700 6.8670
1.7800 6.8279
1.7900 6.7893
1.8000 6.7511
1.8100 6.7133
1.8200 6.6759
1.8300 6.6390
1.8400 6.6024
1.8500 6.5662
1.8600 6.5305
1.8700 6.4951
1.8800 6.4601
1.8900 6.4254
1.9000 6.3911
1.9100 6.3572
1.9200 6.3236
1.9300 6.2904
1.9400 6.2575
1.9500 6.2250
1.9600 6.1928
1.9700 6.1609
1.9800 6.1293
1.9900 6.0981
2.0000 6.0672
2.0100 6.0366
2.0200 6.0062
2.0300 5.9762
2.0400 5.9465
2.0500 5.9170
2.0600 5.8879
2.0700 5.8590
2.0800 5.8304
2.0900 5.8021
2.1000 5.7741
2.1100 5.7463
2.1200 5.7188
2.1300 5.6915
2.1400 5.6645
2.1500 5.6377
2.1600 5.6112
2.1700 5.5850
2.1800 5.5589
2.1900 5.5332
2.2000 5.5076
2.2100 5.4823
2.2200 5.4572
2.2300 5.4323
2.2400 5.4077
2.2500 5.3832
2.2600 5.3590
2.2700 5.3350
2.2800 5.3113
2.2900 5.2877
2.3000 5.2643
2.3100 5.2411
2.3200 5.2182
2.3300 5.1954
2.3400 5.1728
2.3500 5.1504
2.3600 5.1282
2.3700 5.1062
2.3800 5.0844
2.3900 5.0627
2.4000 5.0413
2.4100 5.0200
2.4200 4.9989
2.4300 4.9779
2.4400 4.9572
2.4500 4.9366
2.4600 4.9162
2.4700 4.8959
2.4800 4.8758
2.4900 4.8559
2.5000 4.8361
2.5100 4.8165
2.5200 4.7970
2.5300 4.7777
2.5400 4.7585
2.5500 4.7395
2.5600 4.7207
2.5700 4.7020
2.5800 4.6834
2.5900 4.6650
2.6000 4.6467
2.6100 4.6285
2.6200 4.6105
2.6300 4.5927
2.6400 4.5749
2.6500 4.5573
2.6600 4.5399
2.6700 4.5225
2.6800 4.5053
2.6900 4.4882
2.7000 4.4713
2.7100 4.4545
2.7200 4.4378
2.7300 4.4212
2.7400 4.4047
2.7500 4.3884
2.7600 4.3722
2.7700 4.3561
2.7800 4.3401
2.7900 4.3242
2.8000 4.3084
2.8100 4.2928
2.8200 4.2773
2.8300 4.2618
2.8400 4.2465
2.8500 4.2313
2.8600 4.2162
2.8700 4.2012
2.8800 4.1863
2.8900 4.1715
2.9000 4.1568
2.9100 4.1422
2.9200 4.1277
2.9300 4.1133
2.9400 4.0990
2.9500 4.0848
2.9600 4.0707
2.9700 4.0567
2.9800 4.0428
2.9900 4.0290
3.0000 4.0153
3.0100 4.0016
3.0200 3.9881
3.0300 3.9746
3.0400 3.9613
3.0500 3.9480
3.0600 3.9348
3.0700 3.9217
3.0800 3.9087
3.0900 3.8957
3.1000 3.8829
3.1100 3.8701
3.1200 3.8574
3.1300 3.8448
3.1400 3.8323
3.1500 3.8198
3.1600 3.8075
3.1700 3.7952
3.1800 3.7830
3.1900 3.7708
3.2000 3.7588
3.2100 3.7468
3.2200 3.7349
3.2300 3.7230
3.2400 3.7113
3.2500 3.6996
3.2600 3.6879
3.2700 3.6764
3.2800 3.6649
3.2900 3.6535
3.3000 3.6422
3.3100 3.6309
3.3200 3.6197
3.3300 3.6085
3.3400 3.5975
3.3500 3.5865
3.3600 3.5755
3.3700 3.5647
3.3800 3.5538
3.3900 3.5431
3.4000 3.5324
3.4100 3.5218
3.4200 3.5112
3.4300 3.5007
3.4400 3.4903
3.4500 3.4799
3.4600 3.4696
3.4700 3.4593
3.4800 3.4492
3.4900 3.4390
3.5000 3.4289
3.5100 3.4189
3.5200 3.4089
3.5300 3.3990
3.5400 3.3892
3.5500 3.3794
3.5600 3.3696
3.5700 3.3599
3.5800 3.3503
3.5900 3.3407
3.6000 3.3312
3.6100 3.3217
3.6200 3.3123
3.6300 3.3029
3.6400 3.2936
3.6500 3.2843
3.6600 3.2751
3.6700 3.2660
3.6800 3.2568
3.6900 3.2478
3.7000 3.2387
3.7100 3.2298
3.7200 3.2208
3.7300 3.2120
3.7400 3.2031
3.7500 3.1944
3.7600 3.1856
3.7700 3.1769
3.7800 3.1683
3.7900 3.1597
3.8000 3.1512
3.8100 3.1426
3.8200 3.1342
3.8300 3.1258
3.8400 3.1174
3.8500 3.1091
3.8600 3.1008
3.8700 3.0925
3.8800 3.0843
3.8900 3.0762
3.9000 3.0681
3.9100 3.0600
3.9200 3.0519
3.9300 3.0439
3.9400 3.0360
3.9500 3.0281
3.9600 3.0202
3.9700 3.0124
3.9800 3.0046
3.9900 2.9968
4.0000 2.9891
4.0100 2.9814
4.0200 2.9738
4.0300 2.9662
4.0400 2.9586
4.0500 2.9511
4.0600 2.9436
4.0700 2.9361
4.0800 2.9287
4.0900 2.9214
4.1000 2.9140
4.1100 2.9067
4.1200 2.8994
4.1300 2.8922
4.1400 2.8850
4.1500 2.8778
4.1600 2.8707
4.1700 2.8636
4.1800 2.8565
4.1900 2.8495
4.2000 2.8425
4.2100 2.8355
4.2200 2.8286
4.2300 2.8217
4.2400 2.8148
4.2500 2.8080
4.2600 2.8012
4.2700 2.7944
4.2800 2.7877
4.2900 2.7810
4.3000 2.7743
4.3100 2.7676
4.3200 2.7610
4.3300 2.7544
4.3400 2.7479
4.3500 2.7414
4.3600 2.7349
4.3700 2.7284
4.3800 2.7220
4.3900 2.7156
4.4000 2.7092
4.4100 2.7028
4.4200 2.6965
4.4300 2.6902
4.4400 2.6840
4.4500 2.6777
4.4600 2.6715
4.4700 2.6653
4.4800 2.6592
4.4900 2.6531
4.5000 2.6470
4.5100 2.6409
4.5200 2.6349
4.5300 2.6288
4.5400 2.6228
4.5500 2.6169
4.5600 2.6109
4.5700 2.6050
4.5800 2.5992
4.5900 2.5933
4.6000 2.5875
4.6100 2.5816
4.6200 2.5759
4.6300 2.5701
4.6400 2.5644
4.6500 2.5587
4.6600 2.5530
4.6700 2.5473
4.6800 2.5417
4.6900 2.5361
4.7000 2.5305
4.7100 2.5249
4.7200 2.5194
4.7300 2.5139
4.7400 2.5084
4.7500 2.5029
4.7600 2.4974
4.7700 2.4920
4.7800 2.4866
4.7900 2.4812
4.8000 2.4759
4.8100 2.4705
4.8200 2.4652
4.8300 2.4599
4.8400 2.4547
4.8500 2.4494
4.8600 2.4442
4.8700 2.4390
4.8800 2.4338
4.8900 2.4286
4.9000 2.4235
4.9100 2.4184
4.9200 2.4133
4.9300 2.4082
4.9400 2.4031
4.9500 2.3981
4.9600 2.3931
4.9700 2.3881
4.9800 2.3831
4.9900 2.3781
5.0000 2.3732
5.1000 2.3249
5.1100 2.3202
5.1200 2.3155
5.1300 2.3108
5.1400 2.3061
5.1500 2.3014
5.1600 2.2968
5.1700 2.2922
5.1800 2.2876
5.1900 2.2830
5.2000 2.2784
5.2100 2.2739
5.2200 2.2693
5.2300 2.2648
5.2400 2.2603
5.2500 2.2559
5.2600 2.2514
5.2700 2.2470
5.2800 2.2425
5.2900 2.2381
5.3000 2.2337
5.3100 2.2293
5.3200 2.2250
5.3300 2.2206
5.3400 2.2163
5.3500 2.2120
5.3600 2.2077
5.3700 2.2034
5.3800 2.1991
5.3900 2.1949
5.4000 2.1907
5.4100 2.1864
5.4200 2.1822
5.4300 2.1781
5.4400 2.1739
5.4500 2.1697
5.4600 2.1656
5.4700 2.1615
5.4800 2.1573
5.4900 2.1533
5.5000 2.1492
5.5100 2.1451
5.5200 2.1411
5.5300 2.1370
5.5400 2.1330
5.5500 2.1290
5.5600 2.1250
5.5700 2.1210
5.5800 2.1170
5.5900 2.1131
5.6000 2.1092
5.6100 2.1052
5.6200 2.1013
5.6300 2.0974
5.6400 2.0936
5.6500 2.0897
5.6600 2.0858
5.6700 2.0820
5.6800 2.0782
5.6900 2.0744
5.7000 2.0706
5.7100 2.0668
5.7200 2.0630
5.7300 2.0592
5.7400 2.0555
5.7500 2.0517
5.7600 2.0480
5.7700 2.0443
5.7800 2.0406
5.7900 2.0369
5.8000 2.0333
5.8100 2.0296
5.8200 2.0260
5.8300 2.0223
5.8400 2.0187
5.8500 2.0151
5.8600 2.0115
5.8700 2.0079
5.8800 2.0044
5.8900 2.0008
5.9000 1.9973
5.9100 1.9937
5.9200 1.9902
5.9300 1.9867
5.9400 1.9832
5.9500 1.9797
5.9600 1.9762
5.9700 1.9728
5.9800 1.9693
5.9900 1.9659
6.0000 1.9624
6.0100 1.9590
6.0200 1.9556
6.0300 1.9522
6.0400 1.9488
6.0500 1.9455
6.0600 1.9421
6.0700 1.9387
6.0800 1.9354
6.0900 1.9321
6.1000 1.9288
6.1100 1.9254
6.1200 1.9222
6.1300 1.9189
6.1400 1.9156
6.1500 1.9123
6.1600 1.9091
6.1700 1.9058
6.1800 1.9026
6.1900 1.8994
6.2000 1.8962
6.2100 1.8930
6.2200 1.8898
6.2300 1.8866
6.2400 1.8834
6.2500 1.8803
6.2600 1.8771
6.2700 1.8740
6.2800 1.8708
6.2900 1.8677
6.3000 1.8646
6.3100 1.8615
6.3200 1.8584
6.3300 1.8553
6.3400 1.8523
6.3500 1.8492
6.3600 1.8461
6.3700 1.8431
6.3800 1.8401
6.3900 1.8370
6.4000 1.8340
6.4100 1.8310
6.4200 1.8280
6.4300 1.8250
6.4400 1.8221
6.4500 1.8191
6.4600 1.8161
6.4700 1.8132
6.4800 1.8102
6.4900 1.8073
6.5000 1.8044
6.5100 1.8015
6.5200 1.7986
6.5300 1.7957
6.5400 1.7928
6.5500 1.7899
6.5600 1.7870
6.5700 1.7842
6.5800 1.7813
6.5900 1.7785
6.6000 1.7756
6.6100 1.7728
6.6200 1.7700
6.6300 1.7672
6.6400 1.7644
6.6500 1.7616
6.6600 1.7588
6.6700 1.7560
6.6800 1.7533
6.6900 1.7505
6.7000 1.7478
6.7100 1.7450
6.7200 1.7423
6.7300 1.7396
6.7400 1.7368
6.7500 1.7341
6.7600 1.7314
6.7700 1.7287
6.7800 1.7260
6.7900 1.7234
6.8000 1.7207
6.8100 1.7180
6.8200 1.7154
6.8300 1.7127
6.8400 1.7101
6.8500 1.7075
6.8600 1.7048
6.8700 1.7022
6.8800 1.6996
6.8900 1.6970
6.9000 1.6944
6.9100 1.6918
6.9200 1.6892
6.9300 1.6867
6.9400 1.6841
6.9500 1.6816
6.9600 1.6790
6.9700 1.6765
6.9800 1.6739
6.9900 1.6714
7.0000 1.6689
7.0100 1.6664
7.0200 1.6639
7.0300 1.6614
7.0400 1.6589
7.0500 1.6564
7.0600 1.6539
7.0700 1.6514
7.0800 1.6490
7.0900 1.6465
7.1000 1.6441
7.1100 1.6416
7.1200 1.6392
7.1300 1.6368
7.1400 1.6343
7.1500 1.6319
7.1600 1.6295
7.1700 1.6271
7.1800 1.6247
7.1900 1.6223
7.2000 1.6199
7.2100 1.6176
7.2200 1.6152
7.2300 1.6128
7.2400 1.6105
7.2500 1.6081
7.2600 1.6058
7.2700 1.6034
7.2800 1.6011
7.2900 1.5988
7.3000 1.5965
7.3100 1.5942
7.3200 1.5919
7.3300 1.5896
7.3400 1.5873
7.3500 1.5850
7.3600 1.5827
7.3700 1.5804
7.3800 1.5782
7.3900 1.5759
7.4000 1.5736
7.4100 1.5714
7.4200 1.5691
7.4300 1.5669
7.4400 1.5647
7.4500 1.5624
7.4600 1.5602
7.4700 1.5580
7.4800 1.5558
7.4900 1.5536
7.5000 1.5514
7.5100 1.5492
7.5200 1.5470
7.5300 1.5449
7.5400 1.5427
7.5500 1.5405
7.5600 1.5384
7.5700 1.5362
7.5800 1.5340
7.5900 1.5319
7.6000 1.5298
7.6100 1.5276
7.6200 1.5255
7.6300 1.5234
7.6400 1.5213
7.6500 1.5192
7.6600 1.5170
7.6700 1.5149
7.6800 1.5129
7.6900 1.5108
7.7000 1.5087
7.7100 1.5066
7.7200 1.5045
7.7300 1.5025
7.7400 1.5004
7.7500 1.4983
7.7600 1.4963
7.7700 1.4942
7.7800 1.4922
7.7900 1.4902
7.8000 1.4881
7.8100 1.4861
7.8200 1.4841
7.8300 1.4821
7.8400 1.4801
7.8500 1.4781
7.8600 1.4761
7.8700 1.4741
7.8800 1.4721
7.8900 1.4701
7.9000 1.4681
7.9100 1.4661
7.9200 1.4642
7.9300 1.4622
7.9400 1.4602
7.9500 1.4583
7.9600 1.4563
7.9700 1.4544
7.9800 1.4524
7.9900 1.4505
8.0000 1.4486
8.0100 1.4467
8.0200 1.4447
8.0300 1.4428
8.0400 1.4409
8.0500 1.4390
8.0600 1.4371
8.0700 1.4352
8.0800 1.4333
8.0900 1.4314
8.1000 1.4295
8.1100 1.4277
8.1200 1.4258
8.1300 1.4239
8.1400 1.4220
8.1500 1.4202
8.1600 1.4183
8.1700 1.4165
8.1800 1.4146
8.1900 1.4128
8.2000 1.4110
8.2100 1.4091
8.2200 1.4073
8.2300 1.4055
8.2400 1.4036
8.2500 1.4018
8.2600 1.4000
8.2700 1.3982
8.2800 1.3964
8.2900 1.3946
8.3000 1.3928
8.3100 1.3910
8.3200 1.3892
8.3300 1.3875
8.3400 1.3857
8.3500 1.3839
8.3600 1.3821
8.3700 1.3804
8.3800 1.3786
8.3900 1.3769
8.4000 1.3751
8.4100 1.3734
8.4200 1.3716
8.4300 1.3699
8.4400 1.3681
8.4500 1.3664
8.4600 1.3647
8.4700 1.3630
8.4800 1.3612
8.4900 1.3595
8.5000 1.3578
8.5100 1.3561
8.5200 1.3544
8.5300 1.3527
8.5400 1.3510
8.5500 1.3493
8.5600 1.3476
8.5700 1.3460
8.5800 1.3443
8.5900 1.3426
8.6000 1.3409
8.6100 1.3393
8.6200 1.3376
8.6300 1.3359
8.6400 1.3343
8.6500 1.3326
8.6600 1.3310
8.6700 1.3293
8.6800 1.3277
8.6900 1.3261
8.7000 1.3244
8.7100 1.3228
8.7200 1.3212
8.7300 1.3195
8.7400 1.3179
8.7500 1.3163
8.7600 1.3147
8.7700 1.3131
8.7800 1.3115
8.7900 1.3099
8.8000 1.3083
8.8100 1.3067
8.8200 1.3051
8.8300 1.3035
8.8400 1.3019
8.8500 1.3004
8.8600 1.2988
8.8700 1.2972
8.8800 1.2957
8.8900 1.2941
8.9000 1.2925
8.9100 1.2910
8.9200 1.2894
8.9300 1.2879
8.9400 1.2863
8.9500 1.2848
8.9600 1.2832
8.9700 1.2817
8.9800 1.2802
8.9900 1.2786
9.0000 1.2771
9.0100 1.2756
9.0200 1.2741
9.0300 1.2725
9.0400 1.2710
9.0500 1.2695
9.0600 1.2680
9.0700 1.2665
9.0800 1.2650
9.0900 1.2635
9.1000 1.2620
9.1100 1.2605
9.1200 1.2591
9.1300 1.2576
9.1400 1.2561
9.1500 1.2546
9.1600 1.2531
9.1700 1.2517
9.1800 1.2502
9.1900 1.2487
9.2000 1.2473
9.2100 1.2458
9.2200 1.2444
9.2300 1.2429
9.2400 1.2415
9.2500 1.2400
9.2600 1.2386
9.2700 1.2371
9.2800 1.2357
9.2900 1.2343
9.3000 1.2328
9.3100 1.2314
9.3200 1.2300
9.3300 1.2286
9.3400 1.2271
9.3500 1.2257
9.3600 1.2243
9.3700 1.2229
9.3800 1.2215
9.3900 1.2201
9.4000 1.2187
9.4100 1.2173
9.4200 1.2159
9.4300 1.2145
9.4400 1.2131
9.4500 1.2117
9.4600 1.2104
9.4700 1.2090
9.4800 1.2076
9.4900 1.2062
9.5000 1.2049
9.5100 1.2035
9.5200 1.2021
9.5300 1.2008
9.5400 1.1994
9.5500 1.1981
9.5600 1.1967
9.5700 1.1954
9.5800 1.1940
9.5900 1.1927
9.6000 1.1913
9.6100 1.1900
9.6200 1.1886
9.6300 1.1873
9.6400 1.1860
9.6500 1.1846
9.6600 1.1833
9.6700 1.1820
9.6800 1.1807
9.6900 1.1794
9.7000 1.1780
9.7100 1.1767
9.7200 1.1754
9.7300 1.1741
9.7400 1.1728
9.7500 1.1715
9.7600 1.1702
9.7700 1.1689
9.7800 1.1676
9.7900 1.1663
9.8000 1.1650
9.8100 1.1638
9.8200 1.1625
9.8300 1.1612
9.8400 1.1599
9.8500 1.1586
9.8600 1.1574
9.8700 1.1561
9.8800 1.1548
9.8900 1.1536
9.9000 1.1523
9.9100 1.1510
9.9200 1.1498
9.9300 1.1485
9.9400 1.1473
9.9500 1.1460
9.9600 1.1448
9.9700 1.1435
9.9800 1.1423
9.9900 1.1411
10.000 1.1398
10.100 1.1276
10.110 1.1264
10.120 1.1252
10.130 1.1239
10.140 1.1227
10.150 1.1215
10.160 1.1203
10.170 1.1191
10.180 1.1180
10.190 1.1168
10.200 1.1156
10.210 1.1144
10.220 1.1132
10.230 1.1120
10.240 1.1108
10.250 1.1097
10.260 1.1085
10.270 1.1073
10.280 1.1061
10.290 1.1050
10.300 1.1038
10.310 1.1026
10.320 1.1015
10.330 1.1003
10.340 1.0992
10.350 1.0980
10.360 1.0968
10.370 1.0957
10.380 1.0945
10.390 1.0934
10.400 1.0923
10.410 1.0911
10.420 1.0900
10.430 1.0888
10.440 1.0877
10.450 1.0866
10.460 1.0854
10.470 1.0843
10.480 1.0832
10.490 1.0821
10.500 1.0809
10.510 1.0798
10.520 1.0787
10.530 1.0776
10.540 1.0765
10.550 1.0753
10.560 1.0742
10.570 1.0731
10.580 1.0720
10.590 1.0709
10.600 1.0698
10.610 1.0687
10.620 1.0676
10.630 1.0665
10.640 1.0654
10.650 1.0643
10.660 1.0632
10.670 1.0622
10.680 1.0611
10.690 1.0600
10.700 1.0589
10.710 1.0578
10.720 1.0568
10.730 1.0557
10.740 1.0546
10.750 1.0535
10.760 1.0525
10.770 1.0514
10.780 1.0503
10.790 1.0493
10.800 1.0482
10.810 1.0471
10.820 1.0461
10.830 1.0450
10.840 1.0440
10.850 1.0429
10.860 1.0419
10.870 1.0408
10.880 1.0398
10.890 1.0387
10.900 1.0377
10.910 1.0367
10.920 1.0356
10.930 1.0346
10.940 1.0335
10.950 1.0325
10.960 1.0315
10.970 1.0304
10.980 1.0294
10.990 1.0284
11.000 1.0274
11.010 1.0264
11.020 1.0253
11.030 1.0243
11.040 1.0233
11.050 1.0223
11.060 1.0213
11.070 1.0203
11.080 1.0192
11.090 1.0182
11.100 1.0172
11.110 1.0162
11.120 1.0152
11.130 1.0142
11.140 1.0132
11.150 1.0122
11.160 1.0112
11.170 1.0102
11.180 1.0093
11.190 1.0083
11.200 1.0073
11.210 1.0063
11.220 1.0053
11.230 1.0043
11.240 1.0033
11.250 1.0024
11.260 1.0014
11.270 1.0004
11.280 0.99944
11.290 0.99847
11.300 0.99750
11.310 0.99653
11.320 0.99556
11.330 0.99460
11.340 0.99363
11.350 0.99267
11.360 0.99171
11.370 0.99075
11.380 0.98980
11.390 0.98884
11.400 0.98789
11.410 0.98694
11.420 0.98599
11.430 0.98504
11.440 0.98409
11.450 0.98315
11.460 0.98220
11.470 0.98126
11.480 0.98032
11.490 0.97938
11.500 0.97844
11.510 0.97751
11.520 0.97657
11.530 0.97564
11.540 0.97471
11.550 0.97378
11.560 0.97285
11.570 0.97193
11.580 0.97100
11.590 0.97008
11.600 0.96916
11.610 0.96824
11.620 0.96732
11.630 0.96641
11.640 0.96549
11.650 0.96458
11.660 0.96367
11.670 0.96276
11.680 0.96185
11.690 0.96094
11.700 0.96004
11.710 0.95913
11.720 0.95823
11.730 0.95733
11.740 0.95643
11.750 0.95553
11.760 0.95463
11.770 0.95374
11.780 0.95285
11.790 0.95195
11.800 0.95106
11.810 0.95017
11.820 0.94929
11.830 0.94840
11.840 0.94752
11.850 0.94663
11.860 0.94575
11.870 0.94487
11.880 0.94399
11.890 0.94312
11.900 0.94224
11.910 0.94137
11.920 0.94049
11.930 0.93962
11.940 0.93875
11.950 0.93788
11.960 0.93702
11.970 0.93615
11.980 0.93529
11.990 0.93443
12.000 0.93356
12.010 0.93270
12.020 0.93185
12.030 0.93099
12.040 0.93013
12.050 0.92928
12.060 0.92843
12.070 0.92758
12.080 0.92673
12.090 0.92588
12.100 0.92503
12.110 0.92418
12.120 0.92334
12.130 0.92250
12.140 0.92166
12.150 0.92082
12.160 0.91998
12.170 0.91914
12.180 0.91830
12.190 0.91747
12.200 0.91664
12.210 0.91580
12.220 0.91497
12.230 0.91414
12.240 0.91332
12.250 0.91249
12.260 0.91166
12.270 0.91084
12.280 0.91002
12.290 0.90920
12.300 0.90838
12.310 0.90756
12.320 0.90674
12.330 0.90592
12.340 0.90511
12.350 0.90430
12.360 0.90348
12.370 0.90267
12.380 0.90186
12.390 0.90105
12.400 0.90025
12.410 0.89944
12.420 0.89864
12.430 0.89784
12.440 0.89703
12.450 0.89623
12.460 0.89543
12.470 0.89464
12.480 0.89384
12.490 0.89304
12.500 0.89225
12.510 0.89146
12.520 0.89066
12.530 0.88987
12.540 0.88909
12.550 0.88830
12.560 0.88751
12.570 0.88673
12.580 0.88594
12.590 0.88516
12.600 0.88438
12.610 0.88360
12.620 0.88282
12.630 0.88204
12.640 0.88126
12.650 0.88049
12.660 0.87971
12.670 0.87894
12.680 0.87817
12.690 0.87740
12.700 0.87663
12.710 0.87586
12.720 0.87509
12.730 0.87433
12.740 0.87356
12.750 0.87280
12.760 0.87203
12.770 0.87127
12.780 0.87051
12.790 0.86975
12.800 0.86900
12.810 0.86824
12.820 0.86748
12.830 0.86673
12.840 0.86598
12.850 0.86523
12.860 0.86448
12.870 0.86373
12.880 0.86298
12.890 0.86223
12.900 0.86148
12.910 0.86074
12.920 0.86000
12.930 0.85925
12.940 0.85851
12.950 0.85777
12.960 0.85703
12.970 0.85629
12.980 0.85556
12.990 0.85482
13.000 0.85409
13.010 0.85335
13.020 0.85262
13.030 0.85189
13.040 0.85116
13.050 0.85043
13.060 0.84970
13.070 0.84897
13.080 0.84825
13.090 0.84752
13.100 0.84680
13.110 0.84608
13.120 0.84536
13.130 0.84464
13.140 0.84392
13.150 0.84320
13.160 0.84248
13.170 0.84176
13.180 0.84105
13.190 0.84034
13.200 0.83962
13.210 0.83891
13.220 0.83820
13.230 0.83749
13.240 0.83678
13.250 0.83607
13.260 0.83537
13.270 0.83466
13.280 0.83396
13.290 0.83326
13.300 0.83255
13.310 0.83185
13.320 0.83115
13.330 0.83045
13.340 0.82975
13.350 0.82906
13.360 0.82836
13.370 0.82767
13.380 0.82697
13.390 0.82628
13.400 0.82559
13.410 0.82490
13.420 0.82421
13.430 0.82352
13.440 0.82283
13.450 0.82214
13.460 0.82146
13.470 0.82077
13.480 0.82009
13.490 0.81941
13.500 0.81872
13.510 0.81804
13.520 0.81736
13.530 0.81668
13.540 0.81601
13.550 0.81533
13.560 0.81465
13.570 0.81398
13.580 0.81331
13.590 0.81263
13.600 0.81196
13.610 0.81129
13.620 0.81062
13.630 0.80995
13.640 0.80928
13.650 0.80862
13.660 0.80795
13.670 0.80728
13.680 0.80662
13.690 0.80596
13.700 0.80529
13.710 0.80463
13.720 0.80397
13.730 0.80331
13.740 0.80265
13.750 0.80200
13.760 0.80134
13.770 0.80069
13.780 0.80003
13.790 0.79938
13.800 0.79872
13.810 0.79807
13.820 0.79742
13.830 0.79677
13.840 0.79612
13.850 0.79547
13.860 0.79483
13.870 0.79418
13.880 0.79354
13.890 0.79289
13.900 0.79225
13.910 0.79160
13.920 0.79096
13.930 0.79032
13.940 0.78968
13.950 0.78904
13.960 0.78841
13.970 0.78777
13.980 0.78713
13.990 0.78650
14.000 0.78586
14.010 0.78523
14.020 0.78460
14.030 0.78396
14.040 0.78333
14.050 0.78270
14.060 0.78207
14.070 0.78145
14.080 0.78082
14.090 0.78019
14.100 0.77957
14.110 0.77894
14.120 0.77832
14.130 0.77769
14.140 0.77707
14.150 0.77645
14.160 0.77583
14.170 0.77521
14.180 0.77459
14.190 0.77398
14.200 0.77336
14.210 0.77274
14.220 0.77213
14.230 0.77151
14.240 0.77090
14.250 0.77029
14.260 0.76967
14.270 0.76906
14.280 0.76845
14.290 0.76784
14.300 0.76724
14.310 0.76663
14.320 0.76602
14.330 0.76542
14.340 0.76481
14.350 0.76421
14.360 0.76360
14.370 0.76300
14.380 0.76240
14.390 0.76180
14.400 0.76120
14.410 0.76060
14.420 0.76000
14.430 0.75940
14.440 0.75881
14.450 0.75821
14.460 0.75761
14.470 0.75702
14.480 0.75643
14.490 0.75583
14.500 0.75524
14.510 0.75465
14.520 0.75406
14.530 0.75347
14.540 0.75288
14.550 0.75229
14.560 0.75171
14.570 0.75112
14.580 0.75053
14.590 0.74995
14.600 0.74937
14.610 0.74878
14.620 0.74820
14.630 0.74762
14.640 0.74704
14.650 0.74646
14.660 0.74588
14.670 0.74530
14.680 0.74472
14.690 0.74415
14.700 0.74357
14.710 0.74299
14.720 0.74242
14.730 0.74185
14.740 0.74127
14.750 0.74070
14.760 0.74013
14.770 0.73956
14.780 0.73899
14.790 0.73842
14.800 0.73785
14.810 0.73728
14.820 0.73672
14.830 0.73615
14.840 0.73558
14.850 0.73502
14.860 0.73446
14.870 0.73389
14.880 0.73333
14.890 0.73277
14.900 0.73221
14.910 0.73165
14.920 0.73109
14.930 0.73053
14.940 0.72997
14.950 0.72941
14.960 0.72886
14.970 0.72830
14.980 0.72775
14.990 0.72719
15.000 0.72664
15.100 0.72114
15.110 0.72060
15.120 0.72005
15.130 0.71951
15.140 0.71896
15.150 0.71842
15.160 0.71788
15.170 0.71734
15.180 0.71680
15.190 0.71626
15.200 0.71572
15.210 0.71518
15.220 0.71464
15.230 0.71410
15.240 0.71357
15.250 0.71303
15.260 0.71249
15.270 0.71196
15.280 0.71143
15.290 0.71089
15.300 0.71036
15.310 0.70983
15.320 0.70930
15.330 0.70877
15.340 0.70824
15.350 0.70771
15.360 0.70718
15.370 0.70665
15.380 0.70613
15.390 0.70560
15.400 0.70507
15.410 0.70455
15.420 0.70402
15.430 0.70350
15.440 0.70298
15.450 0.70246
15.460 0.70193
15.470 0.70141
15.480 0.70089
15.490 0.70037
15.500 0.69985
15.510 0.69934
15.520 0.69882
15.530 0.69830
15.540 0.69779
15.550 0.69727
15.560 0.69675
15.570 0.69624
15.580 0.69573
15.590 0.69521
15.600 0.69470
15.610 0.69419
15.620 0.69368
15.630 0.69317
15.640 0.69266
15.650 0.69215
15.660 0.69164
15.670 0.69113
15.680 0.69062
15.690 0.69012
15.700 0.68961
15.710 0.68911
15.720 0.68860
15.730 0.68810
15.740 0.68759
15.750 0.68709
15.760 0.68659
15.770 0.68609
15.780 0.68559
15.790 0.68509
15.800 0.68459
15.810 0.68409
15.820 0.68359
15.830 0.68309
15.840 0.68259
15.850 0.68210
15.860 0.68160
15.870 0.68111
15.880 0.68061
15.890 0.68012
15.900 0.67962
15.910 0.67913
15.920 0.67864
15.930 0.67815
15.940 0.67765
15.950 0.67716
15.960 0.67667
15.970 0.67618
15.980 0.67570
15.990 0.67521
16.000 0.67472
16.010 0.67423
16.020 0.67375
16.030 0.67326
16.040 0.67278
16.050 0.67229
16.060 0.67181
16.070 0.67132
16.080 0.67084
16.090 0.67036
16.100 0.66988
16.110 0.66940
16.120 0.66892
16.130 0.66844
16.140 0.66796
16.150 0.66748
16.160 0.66700
16.170 0.66652
16.180 0.66605
16.190 0.66557
16.200 0.66509
16.210 0.66462
16.220 0.66414
16.230 0.66367
16.240 0.66320
16.250 0.66272
16.260 0.66225
16.270 0.66178
16.280 0.66131
16.290 0.66084
16.300 0.66037
16.310 0.65990
16.320 0.65943
16.330 0.65896
16.340 0.65849
16.350 0.65803
16.360 0.65756
16.370 0.65709
16.380 0.65663
16.390 0.65616
16.400 0.65570
16.410 0.65524
16.420 0.65477
16.430 0.65431
16.440 0.65385
16.450 0.65339
16.460 0.65292
16.470 0.65246
16.480 0.65200
16.490 0.65154
16.500 0.65109
16.510 0.65063
16.520 0.65017
16.530 0.64971
16.540 0.64926
16.550 0.64880
16.560 0.64834
16.570 0.64789
16.580 0.64743
16.590 0.64698
16.600 0.64653
16.610 0.64607
16.620 0.64562
16.630 0.64517
16.640 0.64472
16.650 0.64427
16.660 0.64382
16.670 0.64337
16.680 0.64292
16.690 0.64247
16.700 0.64202
16.710 0.64157
16.720 0.64113
16.730 0.64068
16.740 0.64023
16.750 0.63979
16.760 0.63934
16.770 0.63890
16.780 0.63845
16.790 0.63801
16.800 0.63757
16.810 0.63713
16.820 0.63668
16.830 0.63624
16.840 0.63580
16.850 0.63536
16.860 0.63492
16.870 0.63448
16.880 0.63404
16.890 0.63361
16.900 0.63317
16.910 0.63273
16.920 0.63229
16.930 0.63186
16.940 0.63142
16.950 0.63099
16.960 0.63055
16.970 0.63012
16.980 0.62968
16.990 0.62925
17.000 0.62882
17.010 0.62838
17.020 0.62795
17.030 0.62752
17.040 0.62709
17.050 0.62666
17.060 0.62623
17.070 0.62580
17.080 0.62537
17.090 0.62494
17.100 0.62452
17.110 0.62409
17.120 0.62366
17.130 0.62324
17.140 0.62281
17.150 0.62238
17.160 0.62196
17.170 0.62154
17.180 0.62111
17.190 0.62069
17.200 0.62027
17.210 0.61984
17.220 0.61942
17.230 0.61900
17.240 0.61858
17.250 0.61816
17.260 0.61774
17.270 0.61732
17.280 0.61690
17.290 0.61648
17.300 0.61606
17.310 0.61564
17.320 0.61523
17.330 0.61481
17.340 0.61439
17.350 0.61398
17.360 0.61356
17.370 0.61315
17.380 0.61273
17.390 0.61232
17.400 0.61191
17.410 0.61149
17.420 0.61108
17.430 0.61067
17.440 0.61026
17.450 0.60985
17.460 0.60944
17.470 0.60902
17.480 0.60862
17.490 0.60821
17.500 0.60780
17.510 0.60739
17.520 0.60698
17.530 0.60657
17.540 0.60617
17.550 0.60576
17.560 0.60535
17.570 0.60495
17.580 0.60454
17.590 0.60414
17.600 0.60373
17.610 0.60333
17.620 0.60293
17.630 0.60252
17.640 0.60212
17.650 0.60172
17.660 0.60132
17.670 0.60092
17.680 0.60051
17.690 0.60011
17.700 0.59971
17.710 0.59932
17.720 0.59892
17.730 0.59852
17.740 0.59812
17.750 0.59772
17.760 0.59732
17.770 0.59693
17.780 0.59653
17.790 0.59614
17.800 0.59574
17.810 0.59534
17.820 0.59495
17.830 0.59456
17.840 0.59416
17.850 0.59377
17.860 0.59338
17.870 0.59298
17.880 0.59259
17.890 0.59220
17.900 0.59181
17.910 0.59142
17.920 0.59103
17.930 0.59064
17.940 0.59025
17.950 0.58986
17.960 0.58947
17.970 0.58908
17.980 0.58869
17.990 0.58831
18.000 0.58792
18.010 0.58753
18.020 0.58715
18.030 0.58676
18.040 0.58638
18.050 0.58599
18.060 0.58561
18.070 0.58522
18.080 0.58484
18.090 0.58446
18.100 0.58407
18.110 0.58369
18.120 0.58331
18.130 0.58293
18.140 0.58255
18.150 0.58217
18.160 0.58179
18.170 0.58141
18.180 0.58103
18.190 0.58065
18.200 0.58027
18.210 0.57989
18.220 0.57951
18.230 0.57914
18.240 0.57876
18.250 0.57838
18.260 0.57801
18.270 0.57763
18.280 0.57725
18.290 0.57688
18.300 0.57650
18.310 0.57613
18.320 0.57576
18.330 0.57538
18.340 0.57501
18.350 0.57464
18.360 0.57426
18.370 0.57389
18.380 0.57352
18.390 0.57315
18.400 0.57278
18.410 0.57241
18.420 0.57204
18.430 0.57167
18.440 0.57130
18.450 0.57093
18.460 0.57056
18.470 0.57020
18.480 0.56983
18.490 0.56946
18.500 0.56909
18.510 0.56873
18.520 0.56836
18.530 0.56800
18.540 0.56763
18.550 0.56727
18.560 0.56690
18.570 0.56654
18.580 0.56617
18.590 0.56581
18.600 0.56545
18.610 0.56509
18.620 0.56472
18.630 0.56436
18.640 0.56400
18.650 0.56364
18.660 0.56328
18.670 0.56292
18.680 0.56256
18.690 0.56220
18.700 0.56184
18.710 0.56148
18.720 0.56112
18.730 0.56076
18.740 0.56041
18.750 0.56005
18.760 0.55969
18.770 0.55934
18.780 0.55898
18.790 0.55862
18.800 0.55827
18.810 0.55791
18.820 0.55756
18.830 0.55720
18.840 0.55685
18.850 0.55650
18.860 0.55614
18.870 0.55579
18.880 0.55544
18.890 0.55509
18.900 0.55473
18.910 0.55438
18.920 0.55403
18.930 0.55368
18.940 0.55333
18.950 0.55298
18.960 0.55263
18.970 0.55228
18.980 0.55193
18.990 0.55158
19.000 0.55124
19.010 0.55089
19.020 0.55054
19.030 0.55019
19.040 0.54985
19.050 0.54950
19.060 0.54915
19.070 0.54881
19.080 0.54846
19.090 0.54812
19.100 0.54777
19.110 0.54743
19.120 0.54708
19.130 0.54674
19.140 0.54640
19.150 0.54605
19.160 0.54571
19.170 0.54537
19.180 0.54503
19.190 0.54469
19.200 0.54435
19.210 0.54400
19.220 0.54366
19.230 0.54332
19.240 0.54298
19.250 0.54264
19.260 0.54231
19.270 0.54197
19.280 0.54163
19.290 0.54129
19.300 0.54095
19.310 0.54061
19.320 0.54028
19.330 0.53994
19.340 0.53960
19.350 0.53927
19.360 0.53893
19.370 0.53860
19.380 0.53826
19.390 0.53793
19.400 0.53759
19.410 0.53726
19.420 0.53693
19.430 0.53659
19.440 0.53626
19.450 0.53593
19.460 0.53559
19.470 0.53526
19.480 0.53493
19.490 0.53460
19.500 0.53427
19.510 0.53394
19.520 0.53361
19.530 0.53328
19.540 0.53295
19.550 0.53262
19.560 0.53229
19.570 0.53196
19.580 0.53163
19.590 0.53130
19.600 0.53098
19.610 0.53065
19.620 0.53032
19.630 0.52999
19.640 0.52967
19.650 0.52934
19.660 0.52902
19.670 0.52869
19.680 0.52836
19.690 0.52804
19.700 0.52772
19.710 0.52739
19.720 0.52707
19.730 0.52674
19.740 0.52642
19.750 0.52610
19.760 0.52577
19.770 0.52545
19.780 0.52513
19.790 0.52481
19.800 0.52449
19.810 0.52417
19.820 0.52385
19.830 0.52352
19.840 0.52320
19.850 0.52288
19.860 0.52257
19.870 0.52225
19.880 0.52193
19.890 0.52161
19.900 0.52129
19.910 0.52097
19.920 0.52065
19.930 0.52034
19.940 0.52002
19.950 0.51970
19.960 0.51939
19.970 0.51907
19.980 0.51876
19.990 0.51844
20.000 0.51812
20.100 0.51499
20.110 0.51468
20.120 0.51437
20.130 0.51405
20.140 0.51374
20.150 0.51343
20.160 0.51312
20.170 0.51281
20.180 0.51250
20.190 0.51219
20.200 0.51188
20.210 0.51158
20.220 0.51127
20.230 0.51096
20.240 0.51065
20.250 0.51034
20.260 0.51004
20.270 0.50973
20.280 0.50942
20.290 0.50912
20.300 0.50881
20.310 0.50850
20.320 0.50820
20.330 0.50789
20.340 0.50759
20.350 0.50728
20.360 0.50698
20.370 0.50667
20.380 0.50637
20.390 0.50607
20.400 0.50576
20.410 0.50546
20.420 0.50516
20.430 0.50485
20.440 0.50455
20.450 0.50425
20.460 0.50395
20.470 0.50365
20.480 0.50335
20.490 0.50305
20.500 0.50274
20.510 0.50244
20.520 0.50214
20.530 0.50185
20.540 0.50155
20.550 0.50125
20.560 0.50095
20.570 0.50065
20.580 0.50035
20.590 0.50005
20.600 0.49976
20.610 0.49946
20.620 0.49916
20.630 0.49886
20.640 0.49857
20.650 0.49827
20.660 0.49798
20.670 0.49768
20.680 0.49738
20.690 0.49709
20.700 0.49679
20.710 0.49650
20.720 0.49621
20.730 0.49591
20.740 0.49562
20.750 0.49532
20.760 0.49503
20.770 0.49474
20.780 0.49444
20.790 0.49415
20.800 0.49386
20.810 0.49357
20.820 0.49328
20.830 0.49299
20.840 0.49269
20.850 0.49240
20.860 0.49211
20.870 0.49182
20.880 0.49153
20.890 0.49124
20.900 0.49095
20.910 0.49066
20.920 0.49038
20.930 0.49009
20.940 0.48980
20.950 0.48951
20.960 0.48922
20.970 0.48893
20.980 0.48865
20.990 0.48836
21.000 0.48807
21.010 0.48779
21.020 0.48750
21.030 0.48721
21.040 0.48693
21.050 0.48664
21.060 0.48636
21.070 0.48607
21.080 0.48579
21.090 0.48550
21.100 0.48522
21.110 0.48494
21.120 0.48465
21.130 0.48437
21.140 0.48409
21.150 0.48380
21.160 0.48352
21.170 0.48324
21.180 0.48295
21.190 0.48267
21.200 0.48239
21.210 0.48211
21.220 0.48183
21.230 0.48155
21.240 0.48127
21.250 0.48099
21.260 0.48071
21.270 0.48043
21.280 0.48015
21.290 0.47987
21.300 0.47959
21.310 0.47931
21.320 0.47903
21.330 0.47875
21.340 0.47848
21.350 0.47820
21.360 0.47792
21.370 0.47764
21.380 0.47737
21.390 0.47709
21.400 0.47681
21.410 0.47654
21.420 0.47626
21.430 0.47598
21.440 0.47571
21.450 0.47543
21.460 0.47516
21.470 0.47488
21.480 0.47461
21.490 0.47433
21.500 0.47406
21.510 0.47379
21.520 0.47351
21.530 0.47324
21.540 0.47297
21.550 0.47269
21.560 0.47242
21.570 0.47215
21.580 0.47188
21.590 0.47160
21.600 0.47133
21.610 0.47106
21.620 0.47079
21.630 0.47052
21.640 0.47025
21.650 0.46998
21.660 0.46971
21.670 0.46944
21.680 0.46917
21.690 0.46890
21.700 0.46863
21.710 0.46836
21.720 0.46809
21.730 0.46782
21.740 0.46755
21.750 0.46729
21.760 0.46702
21.770 0.46675
21.780 0.46648
21.790 0.46621
21.800 0.46595
21.810 0.46568
21.820 0.46541
21.830 0.46515
21.840 0.46488
21.850 0.46462
21.860 0.46435
21.870 0.46409
21.880 0.46382
21.890 0.46356
21.900 0.46329
21.910 0.46303
21.920 0.46276
21.930 0.46250
21.940 0.46224
21.950 0.46197
21.960 0.46171
21.970 0.46145
21.980 0.46118
21.990 0.46092
22.000 0.46066
22.010 0.46040
22.020 0.46013
22.030 0.45987
22.040 0.45961
22.050 0.45935
22.060 0.45909
22.070 0.45883
22.080 0.45857
22.090 0.45831
22.100 0.45805
22.110 0.45779
22.120 0.45753
22.130 0.45727
22.140 0.45701
22.150 0.45675
22.160 0.45649
22.170 0.45623
22.180 0.45598
22.190 0.45572
22.200 0.45546
22.210 0.45520
22.220 0.45494
22.230 0.45469
22.240 0.45443
22.250 0.45417
22.260 0.45392
22.270 0.45366
22.280 0.45341
22.290 0.45315
22.300 0.45289
22.310 0.45264
22.320 0.45238
22.330 0.45213
22.340 0.45187
22.350 0.45162
22.360 0.45137
22.370 0.45111
22.380 0.45086
22.390 0.45060
22.400 0.45035
22.410 0.45010
22.420 0.44984
22.430 0.44959
22.440 0.44934
22.450 0.44909
22.460 0.44883
22.470 0.44858
22.480 0.44833
22.490 0.44808
22.500 0.44783
22.510 0.44758
22.520 0.44733
22.530 0.44708
22.540 0.44682
22.550 0.44657
22.560 0.44632
22.570 0.44608
22.580 0.44583
22.590 0.44558
22.600 0.44533
22.610 0.44508
22.620 0.44483
22.630 0.44458
22.640 0.44433
22.650 0.44408
22.660 0.44384
22.670 0.44359
22.680 0.44334
22.690 0.44309
22.700 0.44285
22.710 0.44260
22.720 0.44235
22.730 0.44211
22.740 0.44186
22.750 0.44161
22.760 0.44137
22.770 0.44112
22.780 0.44088
22.790 0.44063
22.800 0.44039
22.810 0.44014
22.820 0.43990
22.830 0.43965
22.840 0.43941
22.850 0.43917
22.860 0.43892
22.870 0.43868
22.880 0.43844
22.890 0.43819
22.900 0.43795
22.910 0.43771
22.920 0.43746
22.930 0.43722
22.940 0.43698
22.950 0.43674
22.960 0.43650
22.970 0.43625
22.980 0.43601
22.990 0.43577
23.000 0.43553
23.010 0.43529
23.020 0.43505
23.030 0.43481
23.040 0.43457
23.050 0.43433
23.060 0.43409
23.070 0.43385
23.080 0.43361
23.090 0.43337
23.100 0.43313
23.110 0.43289
23.120 0.43265
23.130 0.43242
23.140 0.43218
23.150 0.43194
23.160 0.43170
23.170 0.43146
23.180 0.43123
23.190 0.43099
23.200 0.43075
23.210 0.43052
23.220 0.43028
23.230 0.43004
23.240 0.42981
23.250 0.42957
23.260 0.42933
23.270 0.42910
23.280 0.42886
23.290 0.42863
23.300 0.42839
23.310 0.42816
23.320 0.42792
23.330 0.42769
23.340 0.42745
23.350 0.42722
23.360 0.42699
23.370 0.42675
23.380 0.42652
23.390 0.42629
23.400 0.42605
23.410 0.42582
23.420 0.42559
23.430 0.42535
23.440 0.42512
23.450 0.42489
23.460 0.42466
23.470 0.42443
23.480 0.42419
23.490 0.42396
23.500 0.42373
23.510 0.42350
23.520 0.42327
23.530 0.42304
23.540 0.42281
23.550 0.42258
23.560 0.42235
23.570 0.42212
23.580 0.42189
23.590 0.42166
23.600 0.42143
23.610 0.42120
23.620 0.42097
23.630 0.42074
23.640 0.42051
23.650 0.42028
23.660 0.42006
23.670 0.41983
23.680 0.41960
23.690 0.41937
23.700 0.41914
23.710 0.41892
23.720 0.41869
23.730 0.41846
23.740 0.41823
23.750 0.41801
23.760 0.41778
23.770 0.41756
23.780 0.41733
23.790 0.41710
23.800 0.41688
23.810 0.41665
23.820 0.41643
23.830 0.41620
23.840 0.41598
23.850 0.41575
23.860 0.41553
23.870 0.41530
23.880 0.41508
23.890 0.41485
23.900 0.41463
23.910 0.41440
23.920 0.41418
23.930 0.41396
23.940 0.41373
23.950 0.41351
23.960 0.41329
23.970 0.41307
23.980 0.41284
23.990 0.41262
24.000 0.41240
24.010 0.41218
24.020 0.41195
24.030 0.41173
24.040 0.41151
24.050 0.41129
24.060 0.41107
24.070 0.41085
24.080 0.41063
24.090 0.41040
24.100 0.41018
24.110 0.40996
24.120 0.40974
24.130 0.40952
24.140 0.40930
24.150 0.40908
24.160 0.40886
24.170 0.40865
24.180 0.40843
24.190 0.40821
24.200 0.40799
24.210 0.40777
24.220 0.40755
24.230 0.40733
24.240 0.40711
24.250 0.40690
24.260 0.40668
24.270 0.40646
24.280 0.40624
24.290 0.40603
24.300 0.40581
24.310 0.40559
24.320 0.40538
24.330 0.40516
24.340 0.40494
24.350 0.40473
24.360 0.40451
24.370 0.40429
24.380 0.40408
24.390 0.40386
24.400 0.40365
24.410 0.40343
24.420 0.40322
24.430 0.40300
24.440 0.40279
24.450 0.40257
24.460 0.40236
24.470 0.40214
24.480 0.40193
24.490 0.40171
24.500 0.40150
24.510 0.40129
24.520 0.40107
24.530 0.40086
24.540 0.40065
24.550 0.40043
24.560 0.40022
24.570 0.40001
24.580 0.39980
24.590 0.39958
24.600 0.39937
24.610 0.39916
24.620 0.39895
24.630 0.39874
24.640 0.39852
24.650 0.39831
24.660 0.39810
24.670 0.39789
24.680 0.39768
24.690 0.39747
24.700 0.39726
24.710 0.39705
24.720 0.39684
24.730 0.39663
24.740 0.39642
24.750 0.39621
24.760 0.39600
24.770 0.39579
24.780 0.39558
24.790 0.39537
24.800 0.39516
24.810 0.39495
24.820 0.39474
24.830 0.39454
24.840 0.39433
24.850 0.39412
24.860 0.39391
24.870 0.39370
24.880 0.39350
24.890 0.39329
24.900 0.39308
24.910 0.39287
24.920 0.39267
24.930 0.39246
24.940 0.39225
24.950 0.39205
24.960 0.39184
24.970 0.39163
24.980 0.39143
24.990 0.39122
25.000 0.39101
25.100 0.38896
25.110 0.38876
25.120 0.38856
25.130 0.38835
25.140 0.38815
25.150 0.38794
25.160 0.38774
25.170 0.38754
25.180 0.38733
25.190 0.38713
25.200 0.38693
25.210 0.38673
25.220 0.38652
25.230 0.38632
25.240 0.38612
25.250 0.38592
25.260 0.38571
25.270 0.38551
25.280 0.38531
25.290 0.38511
25.300 0.38491
25.310 0.38471
25.320 0.38451
25.330 0.38431
25.340 0.38410
25.350 0.38390
25.360 0.38370
25.370 0.38350
25.380 0.38330
25.390 0.38310
25.400 0.38290
25.410 0.38270
25.420 0.38250
25.430 0.38230
25.440 0.38210
25.450 0.38191
25.460 0.38171
25.470 0.38151
25.480 0.38131
25.490 0.38111
25.500 0.38091
25.510 0.38071
25.520 0.38052
25.530 0.38032
25.540 0.38012
25.550 0.37992
25.560 0.37972
25.570 0.37953
25.580 0.37933
25.590 0.37913
25.600 0.37894
25.610 0.37874
25.620 0.37854
25.630 0.37835
25.640 0.37815
25.650 0.37795
25.660 0.37776
25.670 0.37756
25.680 0.37736
25.690 0.37717
25.700 0.37697
25.710 0.37678
25.720 0.37658
25.730 0.37639
25.740 0.37619
25.750 0.37600
25.760 0.37580
25.770 0.37561
25.780 0.37541
25.790 0.37522
25.800 0.37503
25.810 0.37483
25.820 0.37464
25.830 0.37444
25.840 0.37425
25.850 0.37406
25.860 0.37386
25.870 0.37367
25.880 0.37348
25.890 0.37328
25.900 0.37309
25.910 0.37290
25.920 0.37271
25.930 0.37251
25.940 0.37232
25.950 0.37213
25.960 0.37194
25.970 0.37175
25.980 0.37155
25.990 0.37136
26.000 0.37117
26.010 0.37098
26.020 0.37079
26.030 0.37060
26.040 0.37041
26.050 0.37022
26.060 0.37003
26.070 0.36984
26.080 0.36965
26.090 0.36945
26.100 0.36926
26.110 0.36907
26.120 0.36889
26.130 0.36870
26.140 0.36851
26.150 0.36832
26.160 0.36813
26.170 0.36794
26.180 0.36775
26.190 0.36756
26.200 0.36737
26.210 0.36718
26.220 0.36699
26.230 0.36681
26.240 0.36662
26.250 0.36643
26.260 0.36624
26.270 0.36605
26.280 0.36587
26.290 0.36568
26.300 0.36549
26.310 0.36530
26.320 0.36512
26.330 0.36493
26.340 0.36474
26.350 0.36456
26.360 0.36437
26.370 0.36418
26.380 0.36400
26.390 0.36381
26.400 0.36362
26.410 0.36344
26.420 0.36325
26.430 0.36307
26.440 0.36288
26.450 0.36270
26.460 0.36251
26.470 0.36233
26.480 0.36214
26.490 0.36196
26.500 0.36177
26.510 0.36159
26.520 0.36140
26.530 0.36122
26.540 0.36103
26.550 0.36085
26.560 0.36066
26.570 0.36048
26.580 0.36030
26.590 0.36011
26.600 0.35993
26.610 0.35975
26.620 0.35956
26.630 0.35938
26.640 0.35920
26.650 0.35901
26.660 0.35883
26.670 0.35865
26.680 0.35847
26.690 0.35828
26.700 0.35810
26.710 0.35792
26.720 0.35774
26.730 0.35756
26.740 0.35737
26.750 0.35719
26.760 0.35701
26.770 0.35683
26.780 0.35665
26.790 0.35647
26.800 0.35629
26.810 0.35610
26.820 0.35592
26.830 0.35574
26.840 0.35556
26.850 0.35538
26.860 0.35520
26.870 0.35502
26.880 0.35484
26.890 0.35466
26.900 0.35448
26.910 0.35430
26.920 0.35412
26.930 0.35394
26.940 0.35376
26.950 0.35358
26.960 0.35341
26.970 0.35323
26.980 0.35305
26.990 0.35287
27.000 0.35269
27.010 0.35251
27.020 0.35233
27.030 0.35216
27.040 0.35198
27.050 0.35180
27.060 0.35162
27.070 0.35144
27.080 0.35127
27.090 0.35109
27.100 0.35091
27.110 0.35073
27.120 0.35056
27.130 0.35038
27.140 0.35020
27.150 0.35003
27.160 0.34985
27.170 0.34967
27.180 0.34950
27.190 0.34932
27.200 0.34914
27.210 0.34897
27.220 0.34879
27.230 0.34862
27.240 0.34844
27.250 0.34826
27.260 0.34809
27.270 0.34791
27.280 0.34774
27.290 0.34756
27.300 0.34739
27.310 0.34721
27.320 0.34704
27.330 0.34686
27.340 0.34669
27.350 0.34652
27.360 0.34634
27.370 0.34617
27.380 0.34599
27.390 0.34582
27.400 0.34564
27.410 0.34547
27.420 0.34530
27.430 0.34512
27.440 0.34495
27.450 0.34478
27.460 0.34460
27.470 0.34443
27.480 0.34426
27.490 0.34408
27.500 0.34391
27.510 0.34374
27.520 0.34357
27.530 0.34339
27.540 0.34322
27.550 0.34305
27.560 0.34288
27.570 0.34271
27.580 0.34253
27.590 0.34236
27.600 0.34219
27.610 0.34202
27.620 0.34185
27.630 0.34168
27.640 0.34151
27.650 0.34133
27.660 0.34116
27.670 0.34099
27.680 0.34082
27.690 0.34065
27.700 0.34048
27.710 0.34031
27.720 0.34014
27.730 0.33997
27.740 0.33980
27.750 0.33963
27.760 0.33946
27.770 0.33929
27.780 0.33912
27.790 0.33895
27.800 0.33878
27.810 0.33861
27.820 0.33844
27.830 0.33828
27.840 0.33811
27.850 0.33794
27.860 0.33777
27.870 0.33760
27.880 0.33743
27.890 0.33726
27.900 0.33709
27.910 0.33693
27.920 0.33676
27.930 0.33659
27.940 0.33642
27.950 0.33626
27.960 0.33609
27.970 0.33592
27.980 0.33575
27.990 0.33559
28.000 0.33542
28.010 0.33525
28.020 0.33508
28.030 0.33492
28.040 0.33475
28.050 0.33458
28.060 0.33442
28.070 0.33425
28.080 0.33408
28.090 0.33392
28.100 0.33375
28.110 0.33359
28.120 0.33342
28.130 0.33325
28.140 0.33309
28.150 0.33292
28.160 0.33276
28.170 0.33259
28.180 0.33243
28.190 0.33226
28.200 0.33210
28.210 0.33193
28.220 0.33177
28.230 0.33160
28.240 0.33144
28.250 0.33127
28.260 0.33111
28.270 0.33094
28.280 0.33078
28.290 0.33062
28.300 0.33045
28.310 0.33029
28.320 0.33012
28.330 0.32996
28.340 0.32980
28.350 0.32963
28.360 0.32947
28.370 0.32931
28.380 0.32914
28.390 0.32898
28.400 0.32882
28.410 0.32865
28.420 0.32849
28.430 0.32833
28.440 0.32817
28.450 0.32800
28.460 0.32784
28.470 0.32768
28.480 0.32752
28.490 0.32735
28.500 0.32719
28.510 0.32703
28.520 0.32687
28.530 0.32671
28.540 0.32655
28.550 0.32638
28.560 0.32622
28.570 0.32606
28.580 0.32590
28.590 0.32574
28.600 0.32558
28.610 0.32542
28.620 0.32526
28.630 0.32510
28.640 0.32493
28.650 0.32477
28.660 0.32461
28.670 0.32445
28.680 0.32429
28.690 0.32413
28.700 0.32397
28.710 0.32381
28.720 0.32365
28.730 0.32349
28.740 0.32333
28.750 0.32318
28.760 0.32302
28.770 0.32286
28.780 0.32270
28.790 0.32254
28.800 0.32238
28.810 0.32222
28.820 0.32206
28.830 0.32190
28.840 0.32174
28.850 0.32159
28.860 0.32143
28.870 0.32127
28.880 0.32111
28.890 0.32095
28.900 0.32079
28.910 0.32064
28.920 0.32048
28.930 0.32032
28.940 0.32016
28.950 0.32001
28.960 0.31985
28.970 0.31969
28.980 0.31953
28.990 0.31938
29.000 0.31922
29.010 0.31906
29.020 0.31891
29.030 0.31875
29.040 0.31859
29.050 0.31844
29.060 0.31828
29.070 0.31812
29.080 0.31797
29.090 0.31781
29.100 0.31765
29.110 0.31750
29.120 0.31734
29.130 0.31719
29.140 0.31703
29.150 0.31687
29.160 0.31672
29.170 0.31656
29.180 0.31641
29.190 0.31625
29.200 0.31610
29.210 0.31594
29.220 0.31579
29.230 0.31563
29.240 0.31548
29.250 0.31532
29.260 0.31517
29.270 0.31501
29.280 0.31486
29.290 0.31471
29.300 0.31455
29.310 0.31440
29.320 0.31424
29.330 0.31409
29.340 0.31394
29.350 0.31378
29.360 0.31363
29.370 0.31347
29.380 0.31332
29.390 0.31317
29.400 0.31301
29.410 0.31286
29.420 0.31271
29.430 0.31255
29.440 0.31240
29.450 0.31225
29.460 0.31210
29.470 0.31194
29.480 0.31179
29.490 0.31164
29.500 0.31149
29.510 0.31133
29.520 0.31118
29.530 0.31103
29.540 0.31088
29.550 0.31073
29.560 0.31057
29.570 0.31042
29.580 0.31027
29.590 0.31012
29.600 0.30997
29.610 0.30982
29.620 0.30966
29.630 0.30951
29.640 0.30936
29.650 0.30921
29.660 0.30906
29.670 0.30891
29.680 0.30876
29.690 0.30861
29.700 0.30846
29.710 0.30831
29.720 0.30816
29.730 0.30801
29.740 0.30785
29.750 0.30770
29.760 0.30755
29.770 0.30740
29.780 0.30725
29.790 0.30710
29.800 0.30695
29.810 0.30681
29.820 0.30666
29.830 0.30651
29.840 0.30636
29.850 0.30621
29.860 0.30606
29.870 0.30591
29.880 0.30576
29.890 0.30561
29.900 0.30546
29.910 0.30531
29.920 0.30516
29.930 0.30502
29.940 0.30487
29.950 0.30472
29.960 0.30457
29.970 0.30442
29.980 0.30427
29.990 0.30413
30.000 0.30398
