0.10000 123.00 0.0794475601121
0.11000 111.81 0.0873923161233
0.12000 102.49 0.0953370721345
0.13000 94.596 0.103281828146
0.14000 87.833 0.111226584157
0.15000 81.971 0.119171340168
0.16000 76.843 0.127116096179
0.17000 72.318 0.135060852191
0.18000 68.295 0.143005608202
0.19000 64.696 0.150950364213
0.20000 61.457 0.158895120224
0.21000 58.526 0.166839876235
0.22000 55.862 0.174784632247
0.23000 53.430 0.182729388258
0.24000 51.200 0.190674144269
0.25000 49.148 0.19861890028
0.26000 47.255 0.206563656291
0.27000 45.501 0.214508412303
0.28000 43.873 0.222453168314
0.29000 42.357 0.230397924325
0.30000 40.942 0.238342680336
0.31000 39.619 0.246287436347
0.32000 38.378 0.254232192359
0.33000 37.213 0.26217694837
0.34000 36.116 0.270121704381
0.35000 35.081 0.278066460392
0.36000 34.104 0.286011216403
0.37000 33.180 0.293955972415
0.38000 32.305 0.301900728426
0.39000 31.474 0.309845484437
0.40000 30.685 0.317790240448
0.41000 29.935 0.32573499646
0.42000 29.220 0.333679752471
0.43000 28.538 0.341624508482
0.44000 27.888 0.349569264493
0.45000 27.266 0.357514020504
0.46000 26.671 0.365458776516
0.47000 26.102 0.373403532527
0.48000 25.557 0.381348288538
0.49000 25.033 0.389293044549
0.50000 24.531 0.39723780056
0.51000 24.048 0.405182556572
0.52000 23.584 0.413127312583
0.53000 23.137 0.421072068594
0.54000 22.707 0.429016824605
0.55000 22.293 0.436961580616
0.56000 21.893 0.444906336628
0.57000 21.508 0.452851092639
0.58000 21.135 0.46079584865
0.59000 20.776 0.468740604661
0.60000 20.428 0.476685360672
0.61000 20.092 0.484630116684
0.62000 19.766 0.492574872695
0.63000 19.451 0.500519628706
0.64000 19.146 0.508464384717
0.65000 18.850 0.516409140728
0.66000 18.563 0.52435389674
0.67000 18.285 0.532298652751
0.68000 18.014 0.540243408762
0.69000 17.752 0.548188164773
0.70000 17.497 0.556132920785
0.71000 17.250 0.564077676796
0.72000 17.009 0.572022432807
0.73000 16.775 0.579967188818
0.74000 16.547 0.587911944829
0.75000 16.325 0.595856700841
0.76000 16.109 0.603801456852
0.77000 15.899 0.611746212863
0.78000 15.694 0.619690968874
0.79000 15.494 0.627635724885
0.80000 15.299 0.635580480897
0.81000 15.109 0.643525236908
0.82000 14.924 0.651469992919
0.83000 14.743 0.65941474893
0.84000 14.567 0.667359504941
0.85000 14.394 0.675304260953
0.86000 14.226 0.683249016964
0.87000 14.061 0.691193772975
0.88000 13.900 0.699138528986
0.89000 13.743 0.707083284997
0.90000 13.590 0.715028041009
0.91000 13.439 0.72297279702
0.92000 13.292 0.730917553031
0.93000 13.148 0.738862309042
0.94000 13.008 0.746807065054
0.95000 12.870 0.754751821065
0.96000 12.735 0.762696577076
0.97000 12.603 0.770641333087
0.98000 12.473 0.778586089098
0.99000 12.346 0.78653084511
1.0000 12.222 0.794475601121
1.0100 12.100 0.802420357132
1.0200 11.981 0.810365113143
1.0300 11.863 0.818309869154
1.0400 11.749 0.826254625166
1.0500 11.636 0.834199381177
1.0600 11.525 0.842144137188
1.0700 11.417 0.850088893199
1.0800 11.310 0.85803364921
1.0900 11.206 0.865978405222
1.1000 11.103 0.873923161233
1.1100 11.002 0.881867917244
1.1200 10.903 0.889812673255
1.1300 10.806 0.897757429266
1.1400 10.710 0.905702185278
1.1500 10.616 0.913646941289
1.1600 10.524 0.9215916973
1.1700 10.433 0.929536453311
1.1800 10.344 0.937481209323
1.1900 10.257 0.945425965334
1.2000 10.170 0.953370721345
1.2100 10.086 0.961315477356
1.2200 10.002 0.969260233367
1.2300 9.9202 0.977204989379
1.2400 9.8395 0.98514974539
1.2500 9.7601 0.993094501401
1.2600 9.6820 1.00103925741
1.2700 9.6050 1.00898401342
1.2800 9.5293 1.01692876943
1.2900 9.4548 1.02487352545
1.3000 9.3814 1.03281828146
1.3100 9.3091 1.04076303747
1.3200 9.2379 1.04870779348
1.3300 9.1678 1.05665254949
1.3400 9.0987 1.0645973055
1.3500 9.0307 1.07254206151
1.3600 8.9636 1.08048681752
1.3700 8.8975 1.08843157354
1.3800 8.8324 1.09637632955
1.3900 8.7683 1.10432108556
1.4000 8.7050 1.11226584157
1.4100 8.6427 1.12021059758
1.4200 8.5812 1.12815535359
1.4300 8.5206 1.1361001096
1.4400 8.4608 1.14404486561
1.4500 8.4018 1.15198962163
1.4600 8.3437 1.15993437764
1.4700 8.2863 1.16787913365
1.4800 8.2297 1.17582388966
1.4900 8.1739 1.18376864567
1.5000 8.1188 1.19171340168
1.5100 8.0645 1.19965815769
1.5200 8.0109 1.2076029137
1.5300 7.9579 1.21554766971
1.5400 7.9057 1.22349242573
1.5500 7.8541 1.23143718174
1.5600 7.8032 1.23938193775
1.5700 7.7529 1.24732669376
1.5800 7.7033 1.25527144977
1.5900 7.6543 1.26321620578
1.6000 7.6059 1.27116096179
1.6100 7.5581 1.2791057178
1.6200 7.5110 1.28705047382
1.6300 7.4643 1.29499522983
1.6400 7.4183 1.30293998584
1.6500 7.3728 1.31088474185
1.6600 7.3279 1.31882949786
1.6700 7.2834 1.32677425387
1.6800 7.2396 1.33471900988
1.6900 7.1962 1.34266376589
1.7000 7.1534 1.35060852191
1.7100 7.1110 1.35855327792
1.7200 7.0692 1.36649803393
1.7300 7.0278 1.37444278994
1.7400 6.9869 1.38238754595
1.7500 6.9465 1.39033230196
1.7600 6.9065 1.39827705797
1.7700 6.8670 1.40622181398
1.7800 6.8279 1.41416656999
1.7900 6.7893 1.42211132601
1.8000 6.7511 1.43005608202
1.8100 6.7133 1.43800083803
1.8200 6.6759 1.44594559404
1.8300 6.6390 1.45389035005
1.8400 6.6024 1.46183510606
1.8500 6.5662 1.46977986207
1.8600 6.5305 1.47772461808
1.8700 6.4951 1.4856693741
1.8800 6.4601 1.49361413011
1.8900 6.4254 1.50155888612
1.9000 6.3911 1.50950364213
1.9100 6.3572 1.51744839814
1.9200 6.3236 1.52539315415
1.9300 6.2904 1.53333791016
1.9400 6.2575 1.54128266617
1.9500 6.2250 1.54922742219
1.9600 6.1928 1.5571721782
1.9700 6.1609 1.56511693421
1.9800 6.1293 1.57306169022
1.9900 6.0981 1.58100644623
2.0000 6.0672 1.58895120224
2.0100 6.0366 1.59689595825
2.0200 6.0062 1.60484071426
2.0300 5.9762 1.61278547028
2.0400 5.9465 1.62073022629
2.0500 5.9170 1.6286749823
2.0600 5.8879 1.63661973831
2.0700 5.8590 1.64456449432
2.0800 5.8304 1.65250925033
2.0900 5.8021 1.66045400634
2.1000 5.7741 1.66839876235
2.1100 5.7463 1.67634351836
2.1200 5.7188 1.68428827438
2.1300 5.6915 1.69223303039
2.1400 5.6645 1.7001777864
2.1500 5.6377 1.70812254241
2.1600 5.6112 1.71606729842
2.1700 5.5850 1.72401205443
2.1800 5.5589 1.73195681044
2.1900 5.5332 1.73990156645
2.2000 5.5076 1.74784632247
2.2100 5.4823 1.75579107848
2.2200 5.4572 1.76373583449
2.2300 5.4323 1.7716805905
2.2400 5.4077 1.77962534651
2.2500 5.3832 1.78757010252
2.2600 5.3590 1.79551485853
2.2700 5.3350 1.80345961454
2.2800 5.3113 1.81140437056
2.2900 5.2877 1.81934912657
2.3000 5.2643 1.82729388258
2.3100 5.2411 1.83523863859
2.3200 5.2182 1.8431833946
2.3300 5.1954 1.85112815061
2.3400 5.1728 1.85907290662
2.3500 5.1504 1.86701766263
2.3600 5.1282 1.87496241865
2.3700 5.1062 1.88290717466
2.3800 5.0844 1.89085193067
2.3900 5.0627 1.89879668668
2.4000 5.0413 1.90674144269
2.4100 5.0200 1.9146861987
2.4200 4.9989 1.92263095471
2.4300 4.9779 1.93057571072
2.4400 4.9572 1.93852046673
2.4500 4.9366 1.94646522275
2.4600 4.9162 1.95440997876
2.4700 4.8959 1.96235473477
2.4800 4.8758 1.97029949078
2.4900 4.8559 1.97824424679
2.5000 4.8361 1.9861890028
2.5100 4.8165 1.99413375881
2.5200 4.7970 2.00207851482
2.5300 4.7777 2.01002327084
2.5400 4.7585 2.01796802685
2.5500 4.7395 2.02591278286
2.5600 4.7207 2.03385753887
2.5700 4.7020 2.04180229488
2.5800 4.6834 2.04974705089
2.5900 4.6650 2.0576918069
2.6000 4.6467 2.06563656291
2.6100 4.6285 2.07358131893
2.6200 4.6105 2.08152607494
2.6300 4.5927 2.08947083095
2.6400 4.5749 2.09741558696
2.6500 4.5573 2.10536034297
2.6600 4.5399 2.11330509898
2.6700 4.5225 2.12124985499
2.6800 4.5053 2.129194611
2.6900 4.4882 2.13713936701
2.7000 4.4713 2.14508412303
2.7100 4.4545 2.15302887904
2.7200 4.4378 2.16097363505
2.7300 4.4212 2.16891839106
2.7400 4.4047 2.17686314707
2.7500 4.3884 2.18480790308
2.7600 4.3722 2.19275265909
2.7700 4.3561 2.2006974151
2.7800 4.3401 2.20864217112
2.7900 4.3242 2.21658692713
2.8000 4.3084 2.22453168314
2.8100 4.2928 2.23247643915
2.8200 4.2773 2.24042119516
2.8300 4.2618 2.24836595117
2.8400 4.2465 2.25631070718
2.8500 4.2313 2.26425546319
2.8600 4.2162 2.27220021921
2.8700 4.2012 2.28014497522
2.8800 4.1863 2.28808973123
2.8900 4.1715 2.29603448724
2.9000 4.1568 2.30397924325
2.9100 4.1422 2.31192399926
2.9200 4.1277 2.31986875527
2.9300 4.1133 2.32781351128
2.9400 4.0990 2.3357582673
2.9500 4.0848 2.34370302331
2.9600 4.0707 2.35164777932
2.9700 4.0567 2.35959253533
2.9800 4.0428 2.36753729134
2.9900 4.0290 2.37548204735
3.0000 4.0153 2.38342680336
3.0100 4.0016 2.39137155937
3.0200 3.9881 2.39931631538
3.0300 3.9746 2.4072610714
3.0400 3.9613 2.41520582741
3.0500 3.9480 2.42315058342
3.0600 3.9348 2.43109533943
3.0700 3.9217 2.43904009544
3.0800 3.9087 2.44698485145
3.0900 3.8957 2.45492960746
3.1000 3.8829 2.46287436347
3.1100 3.8701 2.47081911949
3.1200 3.8574 2.4787638755
3.1300 3.8448 2.48670863151
3.1400 3.8323 2.49465338752
3.1500 3.8198 2.50259814353
3.1600 3.8075 2.51054289954
3.1700 3.7952 2.51848765555
3.1800 3.7830 2.52643241156
3.1900 3.7708 2.53437716758
3.2000 3.7588 2.54232192359
3.2100 3.7468 2.5502666796
3.2200 3.7349 2.55821143561
3.2300 3.7230 2.56615619162
3.2400 3.7113 2.57410094763
3.2500 3.6996 2.58204570364
3.2600 3.6879 2.58999045965
3.2700 3.6764 2.59793521566
3.2800 3.6649 2.60587997168
3.2900 3.6535 2.61382472769
3.3000 3.6422 2.6217694837
3.3100 3.6309 2.62971423971
3.3200 3.6197 2.63765899572
3.3300 3.6085 2.64560375173
3.3400 3.5975 2.65354850774
3.3500 3.5865 2.66149326375
3.3600 3.5755 2.66943801977
3.3700 3.5647 2.67738277578
3.3800 3.5538 2.68532753179
3.3900 3.5431 2.6932722878
3.4000 3.5324 2.70121704381
3.4100 3.5218 2.70916179982
3.4200 3.5112 2.71710655583
3.4300 3.5007 2.72505131184
3.4400 3.4903 2.73299606786
3.4500 3.4799 2.74094082387
3.4600 3.4696 2.74888557988
3.4700 3.4593 2.75683033589
3.4800 3.4492 2.7647750919
3.4900 3.4390 2.77271984791
3.5000 3.4289 2.78066460392
3.5100 3.4189 2.78860935993
3.5200 3.4089 2.79655411595
3.5300 3.3990 2.80449887196
3.5400 3.3892 2.81244362797
3.5500 3.3794 2.82038838398
3.5600 3.3696 2.82833313999
3.5700 3.3599 2.836277896
3.5800 3.3503 2.84422265201
3.5900 3.3407 2.85216740802
3.6000 3.3312 2.86011216403
3.6100 3.3217 2.86805692005
3.6200 3.3123 2.87600167606
3.6300 3.3029 2.88394643207
3.6400 3.2936 2.89189118808
3.6500 3.2843 2.89983594409
3.6600 3.2751 2.9077807001
3.6700 3.2660 2.91572545611
3.6800 3.2568 2.92367021212
3.6900 3.2478 2.93161496814
3.7000 3.2387 2.93955972415
3.7100 3.2298 2.94750448016
3.7200 3.2208 2.95544923617
3.7300 3.2120 2.96339399218
3.7400 3.2031 2.97133874819
3.7500 3.1944 2.9792835042
3.7600 3.1856 2.98722826021
3.7700 3.1769 2.99517301623
3.7800 3.1683 3.00311777224
3.7900 3.1597 3.01106252825
3.8000 3.1512 3.01900728426
3.8100 3.1426 3.02695204027
3.8200 3.1342 3.03489679628
3.8300 3.1258 3.04284155229
3.8400 3.1174 3.0507863083
3.8500 3.1091 3.05873106431
3.8600 3.1008 3.06667582033
3.8700 3.0925 3.07462057634
3.8800 3.0843 3.08256533235
3.8900 3.0762 3.09051008836
3.9000 3.0681 3.09845484437
3.9100 3.0600 3.10639960038
3.9200 3.0519 3.11434435639
3.9300 3.0439 3.1222891124
3.9400 3.0360 3.13023386842
3.9500 3.0281 3.13817862443
3.9600 3.0202 3.14612338044
3.9700 3.0124 3.15406813645
3.9800 3.0046 3.16201289246
3.9900 2.9968 3.16995764847
4.0000 2.9891 3.17790240448
4.0100 2.9814 3.18584716049
4.0200 2.9738 3.19379191651
4.0300 2.9662 3.20173667252
4.0400 2.9586 3.20968142853
4.0500 2.9511 3.21762618454
4.0600 2.9436 3.22557094055
4.0700 2.9361 3.23351569656
4.0800 2.9287 3.24146045257
4.0900 2.9214 3.24940520858
4.1000 2.9140 3.2573499646
4.1100 2.9067 3.26529472061
4.1200 2.8994 3.27323947662
4.1300 2.8922 3.28118423263
4.1400 2.8850 3.28912898864
4.1500 2.8778 3.29707374465
4.1600 2.8707 3.30501850066
4.1700 2.8636 3.31296325667
4.1800 2.8565 3.32090801268
4.1900 2.8495 3.3288527687
4.2000 2.8425 3.33679752471
4.2100 2.8355 3.34474228072
4.2200 2.8286 3.35268703673
4.2300 2.8217 3.36063179274
4.2400 2.8148 3.36857654875
4.2500 2.8080 3.37652130476
4.2600 2.8012 3.38446606077
4.2700 2.7944 3.39241081679
4.2800 2.7877 3.4003555728
4.2900 2.7810 3.40830032881
4.3000 2.7743 3.41624508482
4.3100 2.7676 3.42418984083
4.3200 2.7610 3.43213459684
4.3300 2.7544 3.44007935285
4.3400 2.7479 3.44802410886
4.3500 2.7414 3.45596886488
4.3600 2.7349 3.46391362089
4.3700 2.7284 3.4718583769
4.3800 2.7220 3.47980313291
4.3900 2.7156 3.48774788892
4.4000 2.7092 3.49569264493
4.4100 2.7028 3.50363740094
4.4200 2.6965 3.51158215695
4.4300 2.6902 3.51952691296
4.4400 2.6840 3.52747166898
4.4500 2.6777 3.53541642499
4.4600 2.6715 3.543361181
4.4700 2.6653 3.55130593701
4.4800 2.6592 3.55925069302
4.4900 2.6531 3.56719544903
4.5000 2.6470 3.57514020504
4.5100 2.6409 3.58308496105
4.5200 2.6349 3.59102971707
4.5300 2.6288 3.59897447308
4.5400 2.6228 3.60691922909
4.5500 2.6169 3.6148639851
4.5600 2.6109 3.62280874111
4.5700 2.6050 3.63075349712
4.5800 2.5992 3.63869825313
4.5900 2.5933 3.64664300914
4.6000 2.5875 3.65458776516
4.6100 2.5816 3.66253252117
4.6200 2.5759 3.67047727718
4.6300 2.5701 3.67842203319
4.6400 2.5644 3.6863667892
4.6500 2.5587 3.69431154521
4.6600 2.5530 3.70225630122
4.6700 2.5473 3.71020105723
4.6800 2.5417 3.71814581325
4.6900 2.5361 3.72609056926
4.7000 2.5305 3.73403532527
4.7100 2.5249 3.74198008128
4.7200 2.5194 3.74992483729
4.7300 2.5139 3.7578695933
4.7400 2.5084 3.76581434931
4.7500 2.5029 3.77375910532
4.7600 2.4974 3.78170386133
4.7700 2.4920 3.78964861735
4.7800 2.4866 3.79759337336
4.7900 2.4812 3.80553812937
4.8000 2.4759 3.81348288538
4.8100 2.4705 3.82142764139
4.8200 2.4652 3.8293723974
4.8300 2.4599 3.83731715341
4.8400 2.4547 3.84526190942
4.8500 2.4494 3.85320666544
4.8600 2.4442 3.86115142145
4.8700 2.4390 3.86909617746
4.8800 2.4338 3.87704093347
4.8900 2.4286 3.88498568948
4.9000 2.4235 3.89293044549
4.9100 2.4184 3.9008752015
4.9200 2.4133 3.90881995751
4.9300 2.4082 3.91676471353
4.9400 2.4031 3.92470946954
4.9500 2.3981 3.93265422555
4.9600 2.3931 3.94059898156
4.9700 2.3881 3.94854373757
4.9800 2.3831 3.95648849358
4.9900 2.3781 3.96443324959
5.0000 2.3732 3.9723780056
5.1000 2.3249 4.05182556572
5.1100 2.3202 4.05977032173
5.1200 2.3155 4.06771507774
5.1300 2.3108 4.07565983375
5.1400 2.3061 4.08360458976
5.1500 2.3014 4.09154934577
5.1600 2.2968 4.09949410178
5.1700 2.2922 4.10743885779
5.1800 2.2876 4.11538361381
5.1900 2.2830 4.12332836982
5.2000 2.2784 4.13127312583
5.2100 2.2739 4.13921788184
5.2200 2.2693 4.14716263785
5.2300 2.2648 4.15510739386
5.2400 2.2603 4.16305214987
5.2500 2.2559 4.17099690588
5.2600 2.2514 4.1789416619
5.2700 2.2470 4.18688641791
5.2800 2.2425 4.19483117392
5.2900 2.2381 4.20277592993
5.3000 2.2337 4.21072068594
5.3100 2.2293 4.21866544195
5.3200 2.2250 4.22661019796
5.3300 2.2206 4.23455495397
5.3400 2.2163 4.24249970998
5.3500 2.2120 4.250444466
5.3600 2.2077 4.25838922201
5.3700 2.2034 4.26633397802
5.3800 2.1991 4.27427873403
5.3900 2.1949 4.28222349004
5.4000 2.1907 4.29016824605
5.4100 2.1864 4.29811300206
5.4200 2.1822 4.30605775807
5.4300 2.1781 4.31400251409
5.4400 2.1739 4.3219472701
5.4500 2.1697 4.32989202611
5.4600 2.1656 4.33783678212
5.4700 2.1615 4.34578153813
5.4800 2.1573 4.35372629414
5.4900 2.1533 4.36167105015
5.5000 2.1492 4.36961580616
5.5100 2.1451 4.37756056218
5.5200 2.1411 4.38550531819
5.5300 2.1370 4.3934500742
5.5400 2.1330 4.40139483021
5.5500 2.1290 4.40933958622
5.5600 2.1250 4.41728434223
5.5700 2.1210 4.42522909824
5.5800 2.1170 4.43317385425
5.5900 2.1131 4.44111861027
5.6000 2.1092 4.44906336628
5.6100 2.1052 4.45700812229
5.6200 2.1013 4.4649528783
5.6300 2.0974 4.47289763431
5.6400 2.0936 4.48084239032
5.6500 2.0897 4.48878714633
5.6600 2.0858 4.49673190234
5.6700 2.0820 4.50467665835
5.6800 2.0782 4.51262141437
5.6900 2.0744 4.52056617038
5.7000 2.0706 4.52851092639
5.7100 2.0668 4.5364556824
5.7200 2.0630 4.54440043841
5.7300 2.0592 4.55234519442
5.7400 2.0555 4.56028995043
5.7500 2.0517 4.56823470644
5.7600 2.0480 4.57617946246
5.7700 2.0443 4.58412421847
5.7800 2.0406 4.59206897448
5.7900 2.0369 4.60001373049
5.8000 2.0333 4.6079584865
5.8100 2.0296 4.61590324251
5.8200 2.0260 4.62384799852
5.8300 2.0223 4.63179275453
5.8400 2.0187 4.63973751055
5.8500 2.0151 4.64768226656
5.8600 2.0115 4.65562702257
5.8700 2.0079 4.66357177858
5.8800 2.0044 4.67151653459
5.8900 2.0008 4.6794612906
5.9000 1.9973 4.68740604661
5.9100 1.9937 4.69535080262
5.9200 1.9902 4.70329555863
5.9300 1.9867 4.71124031465
5.9400 1.9832 4.71918507066
5.9500 1.9797 4.72712982667
5.9600 1.9762 4.73507458268
5.9700 1.9728 4.74301933869
5.9800 1.9693 4.7509640947
5.9900 1.9659 4.75890885071
6.0000 1.9624 4.76685360672
6.0100 1.9590 4.77479836274
6.0200 1.9556 4.78274311875
6.0300 1.9522 4.79068787476
6.0400 1.9488 4.79863263077
6.0500 1.9455 4.80657738678
6.0600 1.9421 4.81452214279
6.0700 1.9387 4.8224668988
6.0800 1.9354 4.83041165481
6.0900 1.9321 4.83835641083
6.1000 1.9288 4.84630116684
6.1100 1.9254 4.85424592285
6.1200 1.9222 4.86219067886
6.1300 1.9189 4.87013543487
6.1400 1.9156 4.87808019088
6.1500 1.9123 4.88602494689
6.1600 1.9091 4.8939697029
6.1700 1.9058 4.90191445892
6.1800 1.9026 4.90985921493
6.1900 1.8994 4.91780397094
6.2000 1.8962 4.92574872695
6.2100 1.8930 4.93369348296
6.2200 1.8898 4.94163823897
6.2300 1.8866 4.94958299498
6.2400 1.8834 4.95752775099
6.2500 1.8803 4.965472507
6.2600 1.8771 4.97341726302
6.2700 1.8740 4.98136201903
6.2800 1.8708 4.98930677504
6.2900 1.8677 4.99725153105
6.3000 1.8646 5.00519628706
6.3100 1.8615 5.01314104307
6.3200 1.8584 5.02108579908
6.3300 1.8553 5.02903055509
6.3400 1.8523 5.03697531111
6.3500 1.8492 5.04492006712
6.3600 1.8461 5.05286482313
6.3700 1.8431 5.06080957914
6.3800 1.8401 5.06875433515
6.3900 1.8370 5.07669909116
6.4000 1.8340 5.08464384717
6.4100 1.8310 5.09258860318
6.4200 1.8280 5.1005333592
6.4300 1.8250 5.10847811521
6.4400 1.8221 5.11642287122
6.4500 1.8191 5.12436762723
6.4600 1.8161 5.13231238324
6.4700 1.8132 5.14025713925
6.4800 1.8102 5.14820189526
6.4900 1.8073 5.15614665127
6.5000 1.8044 5.16409140728
6.5100 1.8015 5.1720361633
6.5200 1.7986 5.17998091931
6.5300 1.7957 5.18792567532
6.5400 1.7928 5.19587043133
6.5500 1.7899 5.20381518734
6.5600 1.7870 5.21175994335
6.5700 1.7842 5.21970469936
6.5800 1.7813 5.22764945537
6.5900 1.7785 5.23559421139
6.6000 1.7756 5.2435389674
6.6100 1.7728 5.25148372341
6.6200 1.7700 5.25942847942
6.6300 1.7672 5.26737323543
6.6400 1.7644 5.27531799144
6.6500 1.7616 5.28326274745
6.6600 1.7588 5.29120750346
6.6700 1.7560 5.29915225948
6.6800 1.7533 5.30709701549
6.6900 1.7505 5.3150417715
6.7000 1.7478 5.32298652751
6.7100 1.7450 5.33093128352
6.7200 1.7423 5.33887603953
6.7300 1.7396 5.34682079554
6.7400 1.7368 5.35476555155
6.7500 1.7341 5.36271030757
6.7600 1.7314 5.37065506358
6.7700 1.7287 5.37859981959
6.7800 1.7260 5.3865445756
6.7900 1.7234 5.39448933161
6.8000 1.7207 5.40243408762
6.8100 1.7180 5.41037884363
6.8200 1.7154 5.41832359964
6.8300 1.7127 5.42626835565
6.8400 1.7101 5.43421311167
6.8500 1.7075 5.44215786768
6.8600 1.7048 5.45010262369
6.8700 1.7022 5.4580473797
6.8800 1.6996 5.46599213571
6.8900 1.6970 5.47393689172
6.9000 1.6944 5.48188164773
6.9100 1.6918 5.48982640374
6.9200 1.6892 5.49777115976
6.9300 1.6867 5.50571591577
6.9400 1.6841 5.51366067178
6.9500 1.6816 5.52160542779
6.9600 1.6790 5.5295501838
6.9700 1.6765 5.53749493981
6.9800 1.6739 5.54543969582
6.9900 1.6714 5.55338445183
7.0000 1.6689 5.56132920785
7.0100 1.6664 5.56927396386
7.0200 1.6639 5.57721871987
7.0300 1.6614 5.58516347588
7.0400 1.6589 5.59310823189
7.0500 1.6564 5.6010529879
7.0600 1.6539 5.60899774391
7.0700 1.6514 5.61694249992
7.0800 1.6490 5.62488725594
7.0900 1.6465 5.63283201195
7.1000 1.6441 5.64077676796
7.1100 1.6416 5.64872152397
7.1200 1.6392 5.65666627998
7.1300 1.6368 5.66461103599
7.1400 1.6343 5.672555792
7.1500 1.6319 5.68050054801
7.1600 1.6295 5.68844530402
7.1700 1.6271 5.69639006004
7.1800 1.6247 5.70433481605
7.1900 1.6223 5.71227957206
7.2000 1.6199 5.72022432807
7.2100 1.6176 5.72816908408
7.2200 1.6152 5.73611384009
7.2300 1.6128 5.7440585961
7.2400 1.6105 5.75200335211
7.2500 1.6081 5.75994810813
7.2600 1.6058 5.76789286414
7.2700 1.6034 5.77583762015
7.2800 1.6011 5.78378237616
7.2900 1.5988 5.79172713217
7.3000 1.5965 5.79967188818
7.3100 1.5942 5.80761664419
7.3200 1.5919 5.8155614002
7.3300 1.5896 5.82350615622
7.3400 1.5873 5.83145091223
7.3500 1.5850 5.83939566824
7.3600 1.5827 5.84734042425
7.3700 1.5804 5.85528518026
7.3800 1.5782 5.86322993627
7.3900 1.5759 5.87117469228
7.4000 1.5736 5.87911944829
7.4100 1.5714 5.8870642043
7.4200 1.5691 5.89500896032
7.4300 1.5669 5.90295371633
7.4400 1.5647 5.91089847234
7.4500 1.5624 5.91884322835
7.4600 1.5602 5.92678798436
7.4700 1.5580 5.93473274037
7.4800 1.5558 5.94267749638
7.4900 1.5536 5.95062225239
7.5000 1.5514 5.95856700841
7.5100 1.5492 5.96651176442
7.5200 1.5470 5.97445652043
7.5300 1.5449 5.98240127644
7.5400 1.5427 5.99034603245
7.5500 1.5405 5.99829078846
7.5600 1.5384 6.00623554447
7.5700 1.5362 6.01418030048
7.5800 1.5340 6.0221250565
7.5900 1.5319 6.03006981251
7.6000 1.5298 6.03801456852
7.6100 1.5276 6.04595932453
7.6200 1.5255 6.05390408054
7.6300 1.5234 6.06184883655
7.6400 1.5213 6.06979359256
7.6500 1.5192 6.07773834857
7.6600 1.5170 6.08568310459
7.6700 1.5149 6.0936278606
7.6800 1.5129 6.10157261661
7.6900 1.5108 6.10951737262
7.7000 1.5087 6.11746212863
7.7100 1.5066 6.12540688464
7.7200 1.5045 6.13335164065
7.7300 1.5025 6.14129639666
7.7400 1.5004 6.14924115267
7.7500 1.4983 6.15718590869
7.7600 1.4963 6.1651306647
7.7700 1.4942 6.17307542071
7.7800 1.4922 6.18102017672
7.7900 1.4902 6.18896493273
7.8000 1.4881 6.19690968874
7.8100 1.4861 6.20485444475
7.8200 1.4841 6.21279920076
7.8300 1.4821 6.22074395678
7.8400 1.4801 6.22868871279
7.8500 1.4781 6.2366334688
7.8600 1.4761 6.24457822481
7.8700 1.4741 6.25252298082
7.8800 1.4721 6.26046773683
7.8900 1.4701 6.26841249284
7.9000 1.4681 6.27635724885
7.9100 1.4661 6.28430200487
7.9200 1.4642 6.29224676088
7.9300 1.4622 6.30019151689
7.9400 1.4602 6.3081362729
7.9500 1.4583 6.31608102891
7.9600 1.4563 6.32402578492
7.9700 1.4544 6.33197054093
7.9800 1.4524 6.33991529694
7.9900 1.4505 6.34786005295
8.0000 1.4486 6.35580480897
8.0100 1.4467 6.36374956498
8.0200 1.4447 6.37169432099
8.0300 1.4428 6.379639077
8.0400 1.4409 6.38758383301
8.0500 1.4390 6.39552858902
8.0600 1.4371 6.40347334503
8.0700 1.4352 6.41141810104
8.0800 1.4333 6.41936285706
8.0900 1.4314 6.42730761307
8.1000 1.4295 6.43525236908
8.1100 1.4277 6.44319712509
8.1200 1.4258 6.4511418811
8.1300 1.4239 6.45908663711
8.1400 1.4220 6.46703139312
8.1500 1.4202 6.47497614913
8.1600 1.4183 6.48292090515
8.1700 1.4165 6.49086566116
8.1800 1.4146 6.49881041717
8.1900 1.4128 6.50675517318
8.2000 1.4110 6.51469992919
8.2100 1.4091 6.5226446852
8.2200 1.4073 6.53058944121
8.2300 1.4055 6.53853419722
8.2400 1.4036 6.54647895324
8.2500 1.4018 6.55442370925
8.2600 1.4000 6.56236846526
8.2700 1.3982 6.57031322127
8.2800 1.3964 6.57825797728
8.2900 1.3946 6.58620273329
8.3000 1.3928 6.5941474893
8.3100 1.3910 6.60209224531
8.3200 1.3892 6.61003700132
8.3300 1.3875 6.61798175734
8.3400 1.3857 6.62592651335
8.3500 1.3839 6.63387126936
8.3600 1.3821 6.64181602537
8.3700 1.3804 6.64976078138
8.3800 1.3786 6.65770553739
8.3900 1.3769 6.6656502934
8.4000 1.3751 6.67359504941
8.4100 1.3734 6.68153980543
8.4200 1.3716 6.68948456144
8.4300 1.3699 6.69742931745
8.4400 1.3681 6.70537407346
8.4500 1.3664 6.71331882947
8.4600 1.3647 6.72126358548
8.4700 1.3630 6.72920834149
8.4800 1.3612 6.7371530975
8.4900 1.3595 6.74509785352
8.5000 1.3578 6.75304260953
8.5100 1.3561 6.76098736554
8.5200 1.3544 6.76893212155
8.5300 1.3527 6.77687687756
8.5400 1.3510 6.78482163357
8.5500 1.3493 6.79276638958
8.5600 1.3476 6.80071114559
8.5700 1.3460 6.8086559016
8.5800 1.3443 6.81660065762
8.5900 1.3426 6.82454541363
8.6000 1.3409 6.83249016964
8.6100 1.3393 6.84043492565
8.6200 1.3376 6.84837968166
8.6300 1.3359 6.85632443767
8.6400 1.3343 6.86426919368
8.6500 1.3326 6.87221394969
8.6600 1.3310 6.88015870571
8.6700 1.3293 6.88810346172
8.6800 1.3277 6.89604821773
8.6900 1.3261 6.90399297374
8.7000 1.3244 6.91193772975
8.7100 1.3228 6.91988248576
8.7200 1.3212 6.92782724177
8.7300 1.3195 6.93577199778
8.7400 1.3179 6.9437167538
8.7500 1.3163 6.95166150981
8.7600 1.3147 6.95960626582
8.7700 1.3131 6.96755102183
8.7800 1.3115 6.97549577784
8.7900 1.3099 6.98344053385
8.8000 1.3083 6.99138528986
8.8100 1.3067 6.99933004587
8.8200 1.3051 7.00727480189
8.8300 1.3035 7.0152195579
8.8400 1.3019 7.02316431391
8.8500 1.3004 7.03110906992
8.8600 1.2988 7.03905382593
8.8700 1.2972 7.04699858194
8.8800 1.2957 7.05494333795
8.8900 1.2941 7.06288809396
8.9000 1.2925 7.07083284997
8.9100 1.2910 7.07877760599
8.9200 1.2894 7.086722362
8.9300 1.2879 7.09466711801
8.9400 1.2863 7.10261187402
8.9500 1.2848 7.11055663003
8.9600 1.2832 7.11850138604
8.9700 1.2817 7.12644614205
8.9800 1.2802 7.13439089806
8.9900 1.2786 7.14233565408
9.0000 1.2771 7.15028041009
9.0100 1.2756 7.1582251661
9.0200 1.2741 7.16616992211
9.0300 1.2725 7.17411467812
9.0400 1.2710 7.18205943413
9.0500 1.2695 7.19000419014
9.0600 1.2680 7.19794894615
9.0700 1.2665 7.20589370217
9.0800 1.2650 7.21383845818
9.0900 1.2635 7.22178321419
9.1000 1.2620 7.2297279702
9.1100 1.2605 7.23767272621
9.1200 1.2591 7.24561748222
9.1300 1.2576 7.25356223823
9.1400 1.2561 7.26150699424
9.1500 1.2546 7.26945175026
9.1600 1.2531 7.27739650627
9.1700 1.2517 7.28534126228
9.1800 1.2502 7.29328601829
9.1900 1.2487 7.3012307743
9.2000 1.2473 7.30917553031
9.2100 1.2458 7.31712028632
9.2200 1.2444 7.32506504233
9.2300 1.2429 7.33300979834
9.2400 1.2415 7.34095455436
9.2500 1.2400 7.34889931037
9.2600 1.2386 7.35684406638
9.2700 1.2371 7.36478882239
9.2800 1.2357 7.3727335784
9.2900 1.2343 7.38067833441
9.3000 1.2328 7.38862309042
9.3100 1.2314 7.39656784643
9.3200 1.2300 7.40451260245
9.3300 1.2286 7.41245735846
9.3400 1.2271 7.42040211447
9.3500 1.2257 7.42834687048
9.3600 1.2243 7.43629162649
9.3700 1.2229 7.4442363825
9.3800 1.2215 7.45218113851
9.3900 1.2201 7.46012589452
9.4000 1.2187 7.46807065054
9.4100 1.2173 7.47601540655
9.4200 1.2159 7.48396016256
9.4300 1.2145 7.49190491857
9.4400 1.2131 7.49984967458
9.4500 1.2117 7.50779443059
9.4600 1.2104 7.5157391866
9.4700 1.2090 7.52368394261
9.4800 1.2076 7.53162869862
9.4900 1.2062 7.53957345464
9.5000 1.2049 7.54751821065
9.5100 1.2035 7.55546296666
9.5200 1.2021 7.56340772267
9.5300 1.2008 7.57135247868
9.5400 1.1994 7.57929723469
9.5500 1.1981 7.5872419907
9.5600 1.1967 7.59518674671
9.5700 1.1954 7.60313150273
9.5800 1.1940 7.61107625874
9.5900 1.1927 7.61902101475
9.6000 1.1913 7.62696577076
9.6100 1.1900 7.63491052677
9.6200 1.1886 7.64285528278
9.6300 1.1873 7.65080003879
9.6400 1.1860 7.6587447948
9.6500 1.1846 7.66668955082
9.6600 1.1833 7.67463430683
9.6700 1.1820 7.68257906284
9.6800 1.1807 7.69052381885
9.6900 1.1794 7.69846857486
9.7000 1.1780 7.70641333087
9.7100 1.1767 7.71435808688
9.7200 1.1754 7.72230284289
9.7300 1.1741 7.73024759891
9.7400 1.1728 7.73819235492
9.7500 1.1715 7.74613711093
9.7600 1.1702 7.75408186694
9.7700 1.1689 7.76202662295
9.7800 1.1676 7.76997137896
9.7900 1.1663 7.77791613497
9.8000 1.1650 7.78586089098
9.8100 1.1638 7.79380564699
9.8200 1.1625 7.80175040301
9.8300 1.1612 7.80969515902
9.8400 1.1599 7.81763991503
9.8500 1.1586 7.82558467104
9.8600 1.1574 7.83352942705
9.8700 1.1561 7.84147418306
9.8800 1.1548 7.84941893907
9.8900 1.1536 7.85736369508
9.9000 1.1523 7.8653084511
9.9100 1.1510 7.87325320711
9.9200 1.1498 7.88119796312
9.9300 1.1485 7.88914271913
9.9400 1.1473 7.89708747514
9.9500 1.1460 7.90503223115
9.9600 1.1448 7.91297698716
9.9700 1.1435 7.92092174317
9.9800 1.1423 7.92886649919
9.9900 1.1411 7.9368112552
10.000 1.1398 7.94475601121
10.100 1.1276 8.02420357132
10.110 1.1264 8.03214832733
10.120 1.1252 8.04009308334
10.130 1.1239 8.04803783935
10.140 1.1227 8.05598259536
10.150 1.1215 8.06392735138
10.160 1.1203 8.07187210739
10.170 1.1191 8.0798168634
10.180 1.1180 8.08776161941
10.190 1.1168 8.09570637542
10.200 1.1156 8.10365113143
10.210 1.1144 8.11159588744
10.220 1.1132 8.11954064345
10.230 1.1120 8.12748539947
10.240 1.1108 8.13543015548
10.250 1.1097 8.14337491149
10.260 1.1085 8.1513196675
10.270 1.1073 8.15926442351
10.280 1.1061 8.16720917952
10.290 1.1050 8.17515393553
10.300 1.1038 8.18309869154
10.310 1.1026 8.19104344756
10.320 1.1015 8.19898820357
10.330 1.1003 8.20693295958
10.340 1.0992 8.21487771559
10.350 1.0980 8.2228224716
10.360 1.0968 8.23076722761
10.370 1.0957 8.23871198362
10.380 1.0945 8.24665673963
10.390 1.0934 8.25460149564
10.400 1.0923 8.26254625166
10.410 1.0911 8.27049100767
10.420 1.0900 8.27843576368
10.430 1.0888 8.28638051969
10.440 1.0877 8.2943252757
10.450 1.0866 8.30227003171
10.460 1.0854 8.31021478772
10.470 1.0843 8.31815954373
10.480 1.0832 8.32610429975
10.490 1.0821 8.33404905576
10.500 1.0809 8.34199381177
10.510 1.0798 8.34993856778
10.520 1.0787 8.35788332379
10.530 1.0776 8.3658280798
10.540 1.0765 8.37377283581
10.550 1.0753 8.38171759182
10.560 1.0742 8.38966234784
10.570 1.0731 8.39760710385
10.580 1.0720 8.40555185986
10.590 1.0709 8.41349661587
10.600 1.0698 8.42144137188
10.610 1.0687 8.42938612789
10.620 1.0676 8.4373308839
10.630 1.0665 8.44527563991
10.640 1.0654 8.45322039592
10.650 1.0643 8.46116515194
10.660 1.0632 8.46910990795
10.670 1.0622 8.47705466396
10.680 1.0611 8.48499941997
10.690 1.0600 8.49294417598
10.700 1.0589 8.50088893199
10.710 1.0578 8.508833688
10.720 1.0568 8.51677844401
10.730 1.0557 8.52472320003
10.740 1.0546 8.53266795604
10.750 1.0535 8.54061271205
10.760 1.0525 8.54855746806
10.770 1.0514 8.55650222407
10.780 1.0503 8.56444698008
10.790 1.0493 8.57239173609
10.800 1.0482 8.5803364921
10.810 1.0471 8.58828124812
10.820 1.0461 8.59622600413
10.830 1.0450 8.60417076014
10.840 1.0440 8.61211551615
10.850 1.0429 8.62006027216
10.860 1.0419 8.62800502817
10.870 1.0408 8.63594978418
10.880 1.0398 8.64389454019
10.890 1.0387 8.65183929621
10.900 1.0377 8.65978405222
10.910 1.0367 8.66772880823
10.920 1.0356 8.67567356424
10.930 1.0346 8.68361832025
10.940 1.0335 8.69156307626
10.950 1.0325 8.69950783227
10.960 1.0315 8.70745258828
10.970 1.0304 8.71539734429
10.980 1.0294 8.72334210031
10.990 1.0284 8.73128685632
11.000 1.0274 8.73923161233
11.010 1.0264 8.74717636834
11.020 1.0253 8.75512112435
11.030 1.0243 8.76306588036
11.040 1.0233 8.77101063637
11.050 1.0223 8.77895539238
11.060 1.0213 8.7869001484
11.070 1.0203 8.79484490441
11.080 1.0192 8.80278966042
11.090 1.0182 8.81073441643
11.100 1.0172 8.81867917244
11.110 1.0162 8.82662392845
11.120 1.0152 8.83456868446
11.130 1.0142 8.84251344047
11.140 1.0132 8.85045819649
11.150 1.0122 8.8584029525
11.160 1.0112 8.86634770851
11.170 1.0102 8.87429246452
11.180 1.0093 8.88223722053
11.190 1.0083 8.89018197654
11.200 1.0073 8.89812673255
11.210 1.0063 8.90607148856
11.220 1.0053 8.91401624457
11.230 1.0043 8.92196100059
11.240 1.0033 8.9299057566
11.250 1.0024 8.93785051261
11.260 1.0014 8.94579526862
11.270 1.0004 8.95374002463
11.280 0.99944 8.96168478064
11.290 0.99847 8.96962953665
11.300 0.99750 8.97757429266
11.310 0.99653 8.98551904868
11.320 0.99556 8.99346380469
11.330 0.99460 9.0014085607
11.340 0.99363 9.00935331671
11.350 0.99267 9.01729807272
11.360 0.99171 9.02524282873
11.370 0.99075 9.03318758474
11.380 0.98980 9.04113234075
11.390 0.98884 9.04907709677
11.400 0.98789 9.05702185278
11.410 0.98694 9.06496660879
11.420 0.98599 9.0729113648
11.430 0.98504 9.08085612081
11.440 0.98409 9.08880087682
11.450 0.98315 9.09674563283
11.460 0.98220 9.10469038884
11.470 0.98126 9.11263514486
11.480 0.98032 9.12057990087
11.490 0.97938 9.12852465688
11.500 0.97844 9.13646941289
11.510 0.97751 9.1444141689
11.520 0.97657 9.15235892491
11.530 0.97564 9.16030368092
11.540 0.97471 9.16824843693
11.550 0.97378 9.17619319294
11.560 0.97285 9.18413794896
11.570 0.97193 9.19208270497
11.580 0.97100 9.20002746098
11.590 0.97008 9.20797221699
11.600 0.96916 9.215916973
11.610 0.96824 9.22386172901
11.620 0.96732 9.23180648502
11.630 0.96641 9.23975124103
11.640 0.96549 9.24769599705
11.650 0.96458 9.25564075306
11.660 0.96367 9.26358550907
11.670 0.96276 9.27153026508
11.680 0.96185 9.27947502109
11.690 0.96094 9.2874197771
11.700 0.96004 9.29536453311
11.710 0.95913 9.30330928912
11.720 0.95823 9.31125404514
11.730 0.95733 9.31919880115
11.740 0.95643 9.32714355716
11.750 0.95553 9.33508831317
11.760 0.95463 9.34303306918
11.770 0.95374 9.35097782519
11.780 0.95285 9.3589225812
11.790 0.95195 9.36686733721
11.800 0.95106 9.37481209323
11.810 0.95017 9.38275684924
11.820 0.94929 9.39070160525
11.830 0.94840 9.39864636126
11.840 0.94752 9.40659111727
11.850 0.94663 9.41453587328
11.860 0.94575 9.42248062929
11.870 0.94487 9.4304253853
11.880 0.94399 9.43837014131
11.890 0.94312 9.44631489733
11.900 0.94224 9.45425965334
11.910 0.94137 9.46220440935
11.920 0.94049 9.47014916536
11.930 0.93962 9.47809392137
11.940 0.93875 9.48603867738
11.950 0.93788 9.49398343339
11.960 0.93702 9.5019281894
11.970 0.93615 9.50987294542
11.980 0.93529 9.51781770143
11.990 0.93443 9.52576245744
12.000 0.93356 9.53370721345
12.010 0.93270 9.54165196946
12.020 0.93185 9.54959672547
12.030 0.93099 9.55754148148
12.040 0.93013 9.56548623749
12.050 0.92928 9.57343099351
12.060 0.92843 9.58137574952
12.070 0.92758 9.58932050553
12.080 0.92673 9.59726526154
12.090 0.92588 9.60521001755
12.100 0.92503 9.61315477356
12.110 0.92418 9.62109952957
12.120 0.92334 9.62904428558
12.130 0.92250 9.63698904159
12.140 0.92166 9.64493379761
12.150 0.92082 9.65287855362
12.160 0.91998 9.66082330963
12.170 0.91914 9.66876806564
12.180 0.91830 9.67671282165
12.190 0.91747 9.68465757766
12.200 0.91664 9.69260233367
12.210 0.91580 9.70054708968
12.220 0.91497 9.7084918457
12.230 0.91414 9.71643660171
12.240 0.91332 9.72438135772
12.250 0.91249 9.73232611373
12.260 0.91166 9.74027086974
12.270 0.91084 9.74821562575
12.280 0.91002 9.75616038176
12.290 0.90920 9.76410513777
12.300 0.90838 9.77204989379
12.310 0.90756 9.7799946498
12.320 0.90674 9.78793940581
12.330 0.90592 9.79588416182
12.340 0.90511 9.80382891783
12.350 0.90430 9.81177367384
12.360 0.90348 9.81971842985
12.370 0.90267 9.82766318586
12.380 0.90186 9.83560794188
12.390 0.90105 9.84355269789
12.400 0.90025 9.8514974539
12.410 0.89944 9.85944220991
12.420 0.89864 9.86738696592
12.430 0.89784 9.87533172193
12.440 0.89703 9.88327647794
12.450 0.89623 9.89122123395
12.460 0.89543 9.89916598996
12.470 0.89464 9.90711074598
12.480 0.89384 9.91505550199
12.490 0.89304 9.923000258
12.500 0.89225 9.93094501401
12.510 0.89146 9.93888977002
12.520 0.89066 9.94683452603
12.530 0.88987 9.95477928204
12.540 0.88909 9.96272403805
12.550 0.88830 9.97066879407
12.560 0.88751 9.97861355008
12.570 0.88673 9.98655830609
12.580 0.88594 9.9945030621
12.590 0.88516 10.0024478181
12.600 0.88438 10.0103925741
12.610 0.88360 10.0183373301
12.620 0.88282 10.0262820861
12.630 0.88204 10.0342268422
12.640 0.88126 10.0421715982
12.650 0.88049 10.0501163542
12.660 0.87971 10.0580611102
12.670 0.87894 10.0660058662
12.680 0.87817 10.0739506222
12.690 0.87740 10.0818953782
12.700 0.87663 10.0898401342
12.710 0.87586 10.0977848902
12.720 0.87509 10.1057296463
12.730 0.87433 10.1136744023
12.740 0.87356 10.1216191583
12.750 0.87280 10.1295639143
12.760 0.87203 10.1375086703
12.770 0.87127 10.1454534263
12.780 0.87051 10.1533981823
12.790 0.86975 10.1613429383
12.800 0.86900 10.1692876943
12.810 0.86824 10.1772324504
12.820 0.86748 10.1851772064
12.830 0.86673 10.1931219624
12.840 0.86598 10.2010667184
12.850 0.86523 10.2090114744
12.860 0.86448 10.2169562304
12.870 0.86373 10.2249009864
12.880 0.86298 10.2328457424
12.890 0.86223 10.2407904984
12.900 0.86148 10.2487352545
12.910 0.86074 10.2566800105
12.920 0.86000 10.2646247665
12.930 0.85925 10.2725695225
12.940 0.85851 10.2805142785
12.950 0.85777 10.2884590345
12.960 0.85703 10.2964037905
12.970 0.85629 10.3043485465
12.980 0.85556 10.3122933025
12.990 0.85482 10.3202380586
13.000 0.85409 10.3281828146
13.010 0.85335 10.3361275706
13.020 0.85262 10.3440723266
13.030 0.85189 10.3520170826
13.040 0.85116 10.3599618386
13.050 0.85043 10.3679065946
13.060 0.84970 10.3758513506
13.070 0.84897 10.3837961066
13.080 0.84825 10.3917408627
13.090 0.84752 10.3996856187
13.100 0.84680 10.4076303747
13.110 0.84608 10.4155751307
13.120 0.84536 10.4235198867
13.130 0.84464 10.4314646427
13.140 0.84392 10.4394093987
13.150 0.84320 10.4473541547
13.160 0.84248 10.4552989107
13.170 0.84176 10.4632436668
13.180 0.84105 10.4711884228
13.190 0.84034 10.4791331788
13.200 0.83962 10.4870779348
13.210 0.83891 10.4950226908
13.220 0.83820 10.5029674468
13.230 0.83749 10.5109122028
13.240 0.83678 10.5188569588
13.250 0.83607 10.5268017149
13.260 0.83537 10.5347464709
13.270 0.83466 10.5426912269
13.280 0.83396 10.5506359829
13.290 0.83326 10.5585807389
13.300 0.83255 10.5665254949
13.310 0.83185 10.5744702509
13.320 0.83115 10.5824150069
13.330 0.83045 10.5903597629
13.340 0.82975 10.598304519
13.350 0.82906 10.606249275
13.360 0.82836 10.614194031
13.370 0.82767 10.622138787
13.380 0.82697 10.630083543
13.390 0.82628 10.638028299
13.400 0.82559 10.645973055
13.410 0.82490 10.653917811
13.420 0.82421 10.661862567
13.430 0.82352 10.6698073231
13.440 0.82283 10.6777520791
13.450 0.82214 10.6856968351
13.460 0.82146 10.6936415911
13.470 0.82077 10.7015863471
13.480 0.82009 10.7095311031
13.490 0.81941 10.7174758591
13.500 0.81872 10.7254206151
13.510 0.81804 10.7333653711
13.520 0.81736 10.7413101272
13.530 0.81668 10.7492548832
13.540 0.81601 10.7571996392
13.550 0.81533 10.7651443952
13.560 0.81465 10.7730891512
13.570 0.81398 10.7810339072
13.580 0.81331 10.7889786632
13.590 0.81263 10.7969234192
13.600 0.81196 10.8048681752
13.610 0.81129 10.8128129313
13.620 0.81062 10.8207576873
13.630 0.80995 10.8287024433
13.640 0.80928 10.8366471993
13.650 0.80862 10.8445919553
13.660 0.80795 10.8525367113
13.670 0.80728 10.8604814673
13.680 0.80662 10.8684262233
13.690 0.80596 10.8763709793
13.700 0.80529 10.8843157354
13.710 0.80463 10.8922604914
13.720 0.80397 10.9002052474
13.730 0.80331 10.9081500034
13.740 0.80265 10.9160947594
13.750 0.80200 10.9240395154
13.760 0.80134 10.9319842714
13.770 0.80069 10.9399290274
13.780 0.80003 10.9478737834
13.790 0.79938 10.9558185395
13.800 0.79872 10.9637632955
13.810 0.79807 10.9717080515
13.820 0.79742 10.9796528075
13.830 0.79677 10.9875975635
13.840 0.79612 10.9955423195
13.850 0.79547 11.0034870755
13.860 0.79483 11.0114318315
13.870 0.79418 11.0193765875
13.880 0.79354 11.0273213436
13.890 0.79289 11.0352660996
13.900 0.79225 11.0432108556
13.910 0.79160 11.0511556116
13.920 0.79096 11.0591003676
13.930 0.79032 11.0670451236
13.940 0.78968 11.0749898796
13.950 0.78904 11.0829346356
13.960 0.78841 11.0908793916
13.970 0.78777 11.0988241477
13.980 0.78713 11.1067689037
13.990 0.78650 11.1147136597
14.000 0.78586 11.1226584157
14.010 0.78523 11.1306031717
14.020 0.78460 11.1385479277
14.030 0.78396 11.1464926837
14.040 0.78333 11.1544374397
14.050 0.78270 11.1623821957
14.060 0.78207 11.1703269518
14.070 0.78145 11.1782717078
14.080 0.78082 11.1862164638
14.090 0.78019 11.1941612198
14.100 0.77957 11.2021059758
14.110 0.77894 11.2100507318
14.120 0.77832 11.2179954878
14.130 0.77769 11.2259402438
14.140 0.77707 11.2338849998
14.150 0.77645 11.2418297559
14.160 0.77583 11.2497745119
14.170 0.77521 11.2577192679
14.180 0.77459 11.2656640239
14.190 0.77398 11.2736087799
14.200 0.77336 11.2815535359
14.210 0.77274 11.2894982919
14.220 0.77213 11.2974430479
14.230 0.77151 11.3053878039
14.240 0.77090 11.31333256
14.250 0.77029 11.321277316
14.260 0.76967 11.329222072
14.270 0.76906 11.337166828
14.280 0.76845 11.345111584
14.290 0.76784 11.35305634
14.300 0.76724 11.361001096
14.310 0.76663 11.368945852
14.320 0.76602 11.376890608
14.330 0.76542 11.3848353641
14.340 0.76481 11.3927801201
14.350 0.76421 11.4007248761
14.360 0.76360 11.4086696321
14.370 0.76300 11.4166143881
14.380 0.76240 11.4245591441
14.390 0.76180 11.4325039001
14.400 0.76120 11.4404486561
14.410 0.76060 11.4483934122
14.420 0.76000 11.4563381682
14.430 0.75940 11.4642829242
14.440 0.75881 11.4722276802
14.450 0.75821 11.4801724362
14.460 0.75761 11.4881171922
14.470 0.75702 11.4960619482
14.480 0.75643 11.5040067042
14.490 0.75583 11.5119514602
14.500 0.75524 11.5198962163
14.510 0.75465 11.5278409723
14.520 0.75406 11.5357857283
14.530 0.75347 11.5437304843
14.540 0.75288 11.5516752403
14.550 0.75229 11.5596199963
14.560 0.75171 11.5675647523
14.570 0.75112 11.5755095083
14.580 0.75053 11.5834542643
14.590 0.74995 11.5913990204
14.600 0.74937 11.5993437764
14.610 0.74878 11.6072885324
14.620 0.74820 11.6152332884
14.630 0.74762 11.6231780444
14.640 0.74704 11.6311228004
14.650 0.74646 11.6390675564
14.660 0.74588 11.6470123124
14.670 0.74530 11.6549570684
14.680 0.74472 11.6629018245
14.690 0.74415 11.6708465805
14.700 0.74357 11.6787913365
14.710 0.74299 11.6867360925
14.720 0.74242 11.6946808485
14.730 0.74185 11.7026256045
14.740 0.74127 11.7105703605
14.750 0.74070 11.7185151165
14.760 0.74013 11.7264598725
14.770 0.73956 11.7344046286
14.780 0.73899 11.7423493846
14.790 0.73842 11.7502941406
14.800 0.73785 11.7582388966
14.810 0.73728 11.7661836526
14.820 0.73672 11.7741284086
14.830 0.73615 11.7820731646
14.840 0.73558 11.7900179206
14.850 0.73502 11.7979626766
14.860 0.73446 11.8059074327
14.870 0.73389 11.8138521887
14.880 0.73333 11.8217969447
14.890 0.73277 11.8297417007
14.900 0.73221 11.8376864567
14.910 0.73165 11.8456312127
14.920 0.73109 11.8535759687
14.930 0.73053 11.8615207247
14.940 0.72997 11.8694654807
14.950 0.72941 11.8774102368
14.960 0.72886 11.8853549928
14.970 0.72830 11.8932997488
14.980 0.72775 11.9012445048
14.990 0.72719 11.9091892608
15.000 0.72664 11.9171340168
15.100 0.72114 11.9965815769
15.110 0.72060 12.0045263329
15.120 0.72005 12.0124710889
15.130 0.71951 12.020415845
15.140 0.71896 12.028360601
15.150 0.71842 12.036305357
15.160 0.71788 12.044250113
15.170 0.71734 12.052194869
15.180 0.71680 12.060139625
15.190 0.71626 12.068084381
15.200 0.71572 12.076029137
15.210 0.71518 12.083973893
15.220 0.71464 12.0919186491
15.230 0.71410 12.0998634051
15.240 0.71357 12.1078081611
15.250 0.71303 12.1157529171
15.260 0.71249 12.1236976731
15.270 0.71196 12.1316424291
15.280 0.71143 12.1395871851
15.290 0.71089 12.1475319411
15.300 0.71036 12.1554766971
15.310 0.70983 12.1634214532
15.320 0.70930 12.1713662092
15.330 0.70877 12.1793109652
15.340 0.70824 12.1872557212
15.350 0.70771 12.1952004772
15.360 0.70718 12.2031452332
15.370 0.70665 12.2110899892
15.380 0.70613 12.2190347452
15.390 0.70560 12.2269795012
15.400 0.70507 12.2349242573
15.410 0.70455 12.2428690133
15.420 0.70402 12.2508137693
15.430 0.70350 12.2587585253
15.440 0.70298 12.2667032813
15.450 0.70246 12.2746480373
15.460 0.70193 12.2825927933
15.470 0.70141 12.2905375493
15.480 0.70089 12.2984823053
15.490 0.70037 12.3064270614
15.500 0.69985 12.3143718174
15.510 0.69934 12.3223165734
15.520 0.69882 12.3302613294
15.530 0.69830 12.3382060854
15.540 0.69779 12.3461508414
15.550 0.69727 12.3540955974
15.560 0.69675 12.3620403534
15.570 0.69624 12.3699851095
15.580 0.69573 12.3779298655
15.590 0.69521 12.3858746215
15.600 0.69470 12.3938193775
15.610 0.69419 12.4017641335
15.620 0.69368 12.4097088895
15.630 0.69317 12.4176536455
15.640 0.69266 12.4255984015
15.650 0.69215 12.4335431575
15.660 0.69164 12.4414879136
15.670 0.69113 12.4494326696
15.680 0.69062 12.4573774256
15.690 0.69012 12.4653221816
15.700 0.68961 12.4732669376
15.710 0.68911 12.4812116936
15.720 0.68860 12.4891564496
15.730 0.68810 12.4971012056
15.740 0.68759 12.5050459616
15.750 0.68709 12.5129907177
15.760 0.68659 12.5209354737
15.770 0.68609 12.5288802297
15.780 0.68559 12.5368249857
15.790 0.68509 12.5447697417
15.800 0.68459 12.5527144977
15.810 0.68409 12.5606592537
15.820 0.68359 12.5686040097
15.830 0.68309 12.5765487657
15.840 0.68259 12.5844935218
15.850 0.68210 12.5924382778
15.860 0.68160 12.6003830338
15.870 0.68111 12.6083277898
15.880 0.68061 12.6162725458
15.890 0.68012 12.6242173018
15.900 0.67962 12.6321620578
15.910 0.67913 12.6401068138
15.920 0.67864 12.6480515698
15.930 0.67815 12.6559963259
15.940 0.67765 12.6639410819
15.950 0.67716 12.6718858379
15.960 0.67667 12.6798305939
15.970 0.67618 12.6877753499
15.980 0.67570 12.6957201059
15.990 0.67521 12.7036648619
16.000 0.67472 12.7116096179
16.010 0.67423 12.7195543739
16.020 0.67375 12.72749913
16.030 0.67326 12.735443886
16.040 0.67278 12.743388642
16.050 0.67229 12.751333398
16.060 0.67181 12.759278154
16.070 0.67132 12.76722291
16.080 0.67084 12.775167666
16.090 0.67036 12.783112422
16.100 0.66988 12.791057178
16.110 0.66940 12.7990019341
16.120 0.66892 12.8069466901
16.130 0.66844 12.8148914461
16.140 0.66796 12.8228362021
16.150 0.66748 12.8307809581
16.160 0.66700 12.8387257141
16.170 0.66652 12.8466704701
16.180 0.66605 12.8546152261
16.190 0.66557 12.8625599821
16.200 0.66509 12.8705047382
16.210 0.66462 12.8784494942
16.220 0.66414 12.8863942502
16.230 0.66367 12.8943390062
16.240 0.66320 12.9022837622
16.250 0.66272 12.9102285182
16.260 0.66225 12.9181732742
16.270 0.66178 12.9261180302
16.280 0.66131 12.9340627862
16.290 0.66084 12.9420075423
16.300 0.66037 12.9499522983
16.310 0.65990 12.9578970543
16.320 0.65943 12.9658418103
16.330 0.65896 12.9737865663
16.340 0.65849 12.9817313223
16.350 0.65803 12.9896760783
16.360 0.65756 12.9976208343
16.370 0.65709 13.0055655903
16.380 0.65663 13.0135103464
16.390 0.65616 13.0214551024
16.400 0.65570 13.0293998584
16.410 0.65524 13.0373446144
16.420 0.65477 13.0452893704
16.430 0.65431 13.0532341264
16.440 0.65385 13.0611788824
16.450 0.65339 13.0691236384
16.460 0.65292 13.0770683944
16.470 0.65246 13.0850131505
16.480 0.65200 13.0929579065
16.490 0.65154 13.1009026625
16.500 0.65109 13.1088474185
16.510 0.65063 13.1167921745
16.520 0.65017 13.1247369305
16.530 0.64971 13.1326816865
16.540 0.64926 13.1406264425
16.550 0.64880 13.1485711985
16.560 0.64834 13.1565159546
16.570 0.64789 13.1644607106
16.580 0.64743 13.1724054666
16.590 0.64698 13.1803502226
16.600 0.64653 13.1882949786
16.610 0.64607 13.1962397346
16.620 0.64562 13.2041844906
16.630 0.64517 13.2121292466
16.640 0.64472 13.2200740026
16.650 0.64427 13.2280187587
16.660 0.64382 13.2359635147
16.670 0.64337 13.2439082707
16.680 0.64292 13.2518530267
16.690 0.64247 13.2597977827
16.700 0.64202 13.2677425387
16.710 0.64157 13.2756872947
16.720 0.64113 13.2836320507
16.730 0.64068 13.2915768068
16.740 0.64023 13.2995215628
16.750 0.63979 13.3074663188
16.760 0.63934 13.3154110748
16.770 0.63890 13.3233558308
16.780 0.63845 13.3313005868
16.790 0.63801 13.3392453428
16.800 0.63757 13.3471900988
16.810 0.63713 13.3551348548
16.820 0.63668 13.3630796109
16.830 0.63624 13.3710243669
16.840 0.63580 13.3789691229
16.850 0.63536 13.3869138789
16.860 0.63492 13.3948586349
16.870 0.63448 13.4028033909
16.880 0.63404 13.4107481469
16.890 0.63361 13.4186929029
16.900 0.63317 13.4266376589
16.910 0.63273 13.434582415
16.920 0.63229 13.442527171
16.930 0.63186 13.450471927
16.940 0.63142 13.458416683
16.950 0.63099 13.466361439
16.960 0.63055 13.474306195
16.970 0.63012 13.482250951
16.980 0.62968 13.490195707
16.990 0.62925 13.498140463
17.000 0.62882 13.5060852191
17.010 0.62838 13.5140299751
17.020 0.62795 13.5219747311
17.030 0.62752 13.5299194871
17.040 0.62709 13.5378642431
17.050 0.62666 13.5458089991
17.060 0.62623 13.5537537551
17.070 0.62580 13.5616985111
17.080 0.62537 13.5696432671
17.090 0.62494 13.5775880232
17.100 0.62452 13.5855327792
17.110 0.62409 13.5934775352
17.120 0.62366 13.6014222912
17.130 0.62324 13.6093670472
17.140 0.62281 13.6173118032
17.150 0.62238 13.6252565592
17.160 0.62196 13.6332013152
17.170 0.62154 13.6411460712
17.180 0.62111 13.6490908273
17.190 0.62069 13.6570355833
17.200 0.62027 13.6649803393
17.210 0.61984 13.6729250953
17.220 0.61942 13.6808698513
17.230 0.61900 13.6888146073
17.240 0.61858 13.6967593633
17.250 0.61816 13.7047041193
17.260 0.61774 13.7126488753
17.270 0.61732 13.7205936314
17.280 0.61690 13.7285383874
17.290 0.61648 13.7364831434
17.300 0.61606 13.7444278994
17.310 0.61564 13.7523726554
17.320 0.61523 13.7603174114
17.330 0.61481 13.7682621674
17.340 0.61439 13.7762069234
17.350 0.61398 13.7841516794
17.360 0.61356 13.7920964355
17.370 0.61315 13.8000411915
17.380 0.61273 13.8079859475
17.390 0.61232 13.8159307035
17.400 0.61191 13.8238754595
17.410 0.61149 13.8318202155
17.420 0.61108 13.8397649715
17.430 0.61067 13.8477097275
17.440 0.61026 13.8556544835
17.450 0.60985 13.8635992396
17.460 0.60944 13.8715439956
17.470 0.60902 13.8794887516
17.480 0.60862 13.8874335076
17.490 0.60821 13.8953782636
17.500 0.60780 13.9033230196
17.510 0.60739 13.9112677756
17.520 0.60698 13.9192125316
17.530 0.60657 13.9271572876
17.540 0.60617 13.9351020437
17.550 0.60576 13.9430467997
17.560 0.60535 13.9509915557
17.570 0.60495 13.9589363117
17.580 0.60454 13.9668810677
17.590 0.60414 13.9748258237
17.600 0.60373 13.9827705797
17.610 0.60333 13.9907153357
17.620 0.60293 13.9986600917
17.630 0.60252 14.0066048478
17.640 0.60212 14.0145496038
17.650 0.60172 14.0224943598
17.660 0.60132 14.0304391158
17.670 0.60092 14.0383838718
17.680 0.60051 14.0463286278
17.690 0.60011 14.0542733838
17.700 0.59971 14.0622181398
17.710 0.59932 14.0701628958
17.720 0.59892 14.0781076519
17.730 0.59852 14.0860524079
17.740 0.59812 14.0939971639
17.750 0.59772 14.1019419199
17.760 0.59732 14.1098866759
17.770 0.59693 14.1178314319
17.780 0.59653 14.1257761879
17.790 0.59614 14.1337209439
17.800 0.59574 14.1416656999
17.810 0.59534 14.149610456
17.820 0.59495 14.157555212
17.830 0.59456 14.165499968
17.840 0.59416 14.173444724
17.850 0.59377 14.18138948
17.860 0.59338 14.189334236
17.870 0.59298 14.197278992
17.880 0.59259 14.205223748
17.890 0.59220 14.2131685041
17.900 0.59181 14.2211132601
17.910 0.59142 14.2290580161
17.920 0.59103 14.2370027721
17.930 0.59064 14.2449475281
17.940 0.59025 14.2528922841
17.950 0.58986 14.2608370401
17.960 0.58947 14.2687817961
17.970 0.58908 14.2767265521
17.980 0.58869 14.2846713082
17.990 0.58831 14.2926160642
18.000 0.58792 14.3005608202
18.010 0.58753 14.3085055762
18.020 0.58715 14.3164503322
18.030 0.58676 14.3243950882
18.040 0.58638 14.3323398442
18.050 0.58599 14.3402846002
18.060 0.58561 14.3482293562
18.070 0.58522 14.3561741123
18.080 0.58484 14.3641188683
18.090 0.58446 14.3720636243
18.100 0.58407 14.3800083803
18.110 0.58369 14.3879531363
18.120 0.58331 14.3958978923
18.130 0.58293 14.4038426483
18.140 0.58255 14.4117874043
18.150 0.58217 14.4197321603
18.160 0.58179 14.4276769164
18.170 0.58141 14.4356216724
18.180 0.58103 14.4435664284
18.190 0.58065 14.4515111844
18.200 0.58027 14.4594559404
18.210 0.57989 14.4674006964
18.220 0.57951 14.4753454524
18.230 0.57914 14.4832902084
18.240 0.57876 14.4912349644
18.250 0.57838 14.4991797205
18.260 0.57801 14.5071244765
18.270 0.57763 14.5150692325
18.280 0.57725 14.5230139885
18.290 0.57688 14.5309587445
18.300 0.57650 14.5389035005
18.310 0.57613 14.5468482565
18.320 0.57576 14.5547930125
18.330 0.57538 14.5627377685
18.340 0.57501 14.5706825246
18.350 0.57464 14.5786272806
18.360 0.57426 14.5865720366
18.370 0.57389 14.5945167926
18.380 0.57352 14.6024615486
18.390 0.57315 14.6104063046
18.400 0.57278 14.6183510606
18.410 0.57241 14.6262958166
18.420 0.57204 14.6342405726
18.430 0.57167 14.6421853287
18.440 0.57130 14.6501300847
18.450 0.57093 14.6580748407
18.460 0.57056 14.6660195967
18.470 0.57020 14.6739643527
18.480 0.56983 14.6819091087
18.490 0.56946 14.6898538647
18.500 0.56909 14.6977986207
18.510 0.56873 14.7057433767
18.520 0.56836 14.7136881328
18.530 0.56800 14.7216328888
18.540 0.56763 14.7295776448
18.550 0.56727 14.7375224008
18.560 0.56690 14.7454671568
18.570 0.56654 14.7534119128
18.580 0.56617 14.7613566688
18.590 0.56581 14.7693014248
18.600 0.56545 14.7772461808
18.610 0.56509 14.7851909369
18.620 0.56472 14.7931356929
18.630 0.56436 14.8010804489
18.640 0.56400 14.8090252049
18.650 0.56364 14.8169699609
18.660 0.56328 14.8249147169
18.670 0.56292 14.8328594729
18.680 0.56256 14.8408042289
18.690 0.56220 14.8487489849
18.700 0.56184 14.856693741
18.710 0.56148 14.864638497
18.720 0.56112 14.872583253
18.730 0.56076 14.880528009
18.740 0.56041 14.888472765
18.750 0.56005 14.896417521
18.760 0.55969 14.904362277
18.770 0.55934 14.912307033
18.780 0.55898 14.920251789
18.790 0.55862 14.9281965451
18.800 0.55827 14.9361413011
18.810 0.55791 14.9440860571
18.820 0.55756 14.9520308131
18.830 0.55720 14.9599755691
18.840 0.55685 14.9679203251
18.850 0.55650 14.9758650811
18.860 0.55614 14.9838098371
18.870 0.55579 14.9917545931
18.880 0.55544 14.9996993492
18.890 0.55509 15.0076441052
18.900 0.55473 15.0155888612
18.910 0.55438 15.0235336172
18.920 0.55403 15.0314783732
18.930 0.55368 15.0394231292
18.940 0.55333 15.0473678852
18.950 0.55298 15.0553126412
18.960 0.55263 15.0632573972
18.970 0.55228 15.0712021533
18.980 0.55193 15.0791469093
18.990 0.55158 15.0870916653
19.000 0.55124 15.0950364213
19.010 0.55089 15.1029811773
19.020 0.55054 15.1109259333
19.030 0.55019 15.1188706893
19.040 0.54985 15.1268154453
19.050 0.54950 15.1347602014
19.060 0.54915 15.1427049574
19.070 0.54881 15.1506497134
19.080 0.54846 15.1585944694
19.090 0.54812 15.1665392254
19.100 0.54777 15.1744839814
19.110 0.54743 15.1824287374
19.120 0.54708 15.1903734934
19.130 0.54674 15.1983182494
19.140 0.54640 15.2062630055
19.150 0.54605 15.2142077615
19.160 0.54571 15.2221525175
19.170 0.54537 15.2300972735
19.180 0.54503 15.2380420295
19.190 0.54469 15.2459867855
19.200 0.54435 15.2539315415
19.210 0.54400 15.2618762975
19.220 0.54366 15.2698210535
19.230 0.54332 15.2777658096
19.240 0.54298 15.2857105656
19.250 0.54264 15.2936553216
19.260 0.54231 15.3016000776
19.270 0.54197 15.3095448336
19.280 0.54163 15.3174895896
19.290 0.54129 15.3254343456
19.300 0.54095 15.3333791016
19.310 0.54061 15.3413238576
19.320 0.54028 15.3492686137
19.330 0.53994 15.3572133697
19.340 0.53960 15.3651581257
19.350 0.53927 15.3731028817
19.360 0.53893 15.3810476377
19.370 0.53860 15.3889923937
19.380 0.53826 15.3969371497
19.390 0.53793 15.4048819057
19.400 0.53759 15.4128266617
19.410 0.53726 15.4207714178
19.420 0.53693 15.4287161738
19.430 0.53659 15.4366609298
19.440 0.53626 15.4446056858
19.450 0.53593 15.4525504418
19.460 0.53559 15.4604951978
19.470 0.53526 15.4684399538
19.480 0.53493 15.4763847098
19.490 0.53460 15.4843294658
19.500 0.53427 15.4922742219
19.510 0.53394 15.5002189779
19.520 0.53361 15.5081637339
19.530 0.53328 15.5161084899
19.540 0.53295 15.5240532459
19.550 0.53262 15.5319980019
19.560 0.53229 15.5399427579
19.570 0.53196 15.5478875139
19.580 0.53163 15.5558322699
19.590 0.53130 15.563777026
19.600 0.53098 15.571721782
19.610 0.53065 15.579666538
19.620 0.53032 15.587611294
19.630 0.52999 15.59555605
19.640 0.52967 15.603500806
19.650 0.52934 15.611445562
19.660 0.52902 15.619390318
19.670 0.52869 15.627335074
19.680 0.52836 15.6352798301
19.690 0.52804 15.6432245861
19.700 0.52772 15.6511693421
19.710 0.52739 15.6591140981
19.720 0.52707 15.6670588541
19.730 0.52674 15.6750036101
19.740 0.52642 15.6829483661
19.750 0.52610 15.6908931221
19.760 0.52577 15.6988378781
19.770 0.52545 15.7067826342
19.780 0.52513 15.7147273902
19.790 0.52481 15.7226721462
19.800 0.52449 15.7306169022
19.810 0.52417 15.7385616582
19.820 0.52385 15.7465064142
19.830 0.52352 15.7544511702
19.840 0.52320 15.7623959262
19.850 0.52288 15.7703406822
19.860 0.52257 15.7782854383
19.870 0.52225 15.7862301943
19.880 0.52193 15.7941749503
19.890 0.52161 15.8021197063
19.900 0.52129 15.8100644623
19.910 0.52097 15.8180092183
19.920 0.52065 15.8259539743
19.930 0.52034 15.8338987303
19.940 0.52002 15.8418434863
19.950 0.51970 15.8497882424
19.960 0.51939 15.8577329984
19.970 0.51907 15.8656777544
19.980 0.51876 15.8736225104
19.990 0.51844 15.8815672664
20.000 0.51812 15.8895120224
20.100 0.51499 15.9689595825
20.110 0.51468 15.9769043385
20.120 0.51437 15.9848490945
20.130 0.51405 15.9927938506
20.140 0.51374 16.0007386066
20.150 0.51343 16.0086833626
20.160 0.51312 16.0166281186
20.170 0.51281 16.0245728746
20.180 0.51250 16.0325176306
20.190 0.51219 16.0404623866
20.200 0.51188 16.0484071426
20.210 0.51158 16.0563518987
20.220 0.51127 16.0642966547
20.230 0.51096 16.0722414107
20.240 0.51065 16.0801861667
20.250 0.51034 16.0881309227
20.260 0.51004 16.0960756787
20.270 0.50973 16.1040204347
20.280 0.50942 16.1119651907
20.290 0.50912 16.1199099467
20.300 0.50881 16.1278547028
20.310 0.50850 16.1357994588
20.320 0.50820 16.1437442148
20.330 0.50789 16.1516889708
20.340 0.50759 16.1596337268
20.350 0.50728 16.1675784828
20.360 0.50698 16.1755232388
20.370 0.50667 16.1834679948
20.380 0.50637 16.1914127508
20.390 0.50607 16.1993575069
20.400 0.50576 16.2073022629
20.410 0.50546 16.2152470189
20.420 0.50516 16.2231917749
20.430 0.50485 16.2311365309
20.440 0.50455 16.2390812869
20.450 0.50425 16.2470260429
20.460 0.50395 16.2549707989
20.470 0.50365 16.2629155549
20.480 0.50335 16.270860311
20.490 0.50305 16.278805067
20.500 0.50274 16.286749823
20.510 0.50244 16.294694579
20.520 0.50214 16.302639335
20.530 0.50185 16.310584091
20.540 0.50155 16.318528847
20.550 0.50125 16.326473603
20.560 0.50095 16.334418359
20.570 0.50065 16.3423631151
20.580 0.50035 16.3503078711
20.590 0.50005 16.3582526271
20.600 0.49976 16.3661973831
20.610 0.49946 16.3741421391
20.620 0.49916 16.3820868951
20.630 0.49886 16.3900316511
20.640 0.49857 16.3979764071
20.650 0.49827 16.4059211631
20.660 0.49798 16.4138659192
20.670 0.49768 16.4218106752
20.680 0.49738 16.4297554312
20.690 0.49709 16.4377001872
20.700 0.49679 16.4456449432
20.710 0.49650 16.4535896992
20.720 0.49621 16.4615344552
20.730 0.49591 16.4694792112
20.740 0.49562 16.4774239672
20.750 0.49532 16.4853687233
20.760 0.49503 16.4933134793
20.770 0.49474 16.5012582353
20.780 0.49444 16.5092029913
20.790 0.49415 16.5171477473
20.800 0.49386 16.5250925033
20.810 0.49357 16.5330372593
20.820 0.49328 16.5409820153
20.830 0.49299 16.5489267713
20.840 0.49269 16.5568715274
20.850 0.49240 16.5648162834
20.860 0.49211 16.5727610394
20.870 0.49182 16.5807057954
20.880 0.49153 16.5886505514
20.890 0.49124 16.5965953074
20.900 0.49095 16.6045400634
20.910 0.49066 16.6124848194
20.920 0.49038 16.6204295754
20.930 0.49009 16.6283743315
20.940 0.48980 16.6363190875
20.950 0.48951 16.6442638435
20.960 0.48922 16.6522085995
20.970 0.48893 16.6601533555
20.980 0.48865 16.6680981115
20.990 0.48836 16.6760428675
21.000 0.48807 16.6839876235
21.010 0.48779 16.6919323795
21.020 0.48750 16.6998771356
21.030 0.48721 16.7078218916
21.040 0.48693 16.7157666476
21.050 0.48664 16.7237114036
21.060 0.48636 16.7316561596
21.070 0.48607 16.7396009156
21.080 0.48579 16.7475456716
21.090 0.48550 16.7554904276
21.100 0.48522 16.7634351836
21.110 0.48494 16.7713799397
21.120 0.48465 16.7793246957
21.130 0.48437 16.7872694517
21.140 0.48409 16.7952142077
21.150 0.48380 16.8031589637
21.160 0.48352 16.8111037197
21.170 0.48324 16.8190484757
21.180 0.48295 16.8269932317
21.190 0.48267 16.8349379877
21.200 0.48239 16.8428827438
21.210 0.48211 16.8508274998
21.220 0.48183 16.8587722558
21.230 0.48155 16.8667170118
21.240 0.48127 16.8746617678
21.250 0.48099 16.8826065238
21.260 0.48071 16.8905512798
21.270 0.48043 16.8984960358
21.280 0.48015 16.9064407918
21.290 0.47987 16.9143855479
21.300 0.47959 16.9223303039
21.310 0.47931 16.9302750599
21.320 0.47903 16.9382198159
21.330 0.47875 16.9461645719
21.340 0.47848 16.9541093279
21.350 0.47820 16.9620540839
21.360 0.47792 16.9699988399
21.370 0.47764 16.977943596
21.380 0.47737 16.985888352
21.390 0.47709 16.993833108
21.400 0.47681 17.001777864
21.410 0.47654 17.00972262
21.420 0.47626 17.017667376
21.430 0.47598 17.025612132
21.440 0.47571 17.033556888
21.450 0.47543 17.041501644
21.460 0.47516 17.0494464001
21.470 0.47488 17.0573911561
21.480 0.47461 17.0653359121
21.490 0.47433 17.0732806681
21.500 0.47406 17.0812254241
21.510 0.47379 17.0891701801
21.520 0.47351 17.0971149361
21.530 0.47324 17.1050596921
21.540 0.47297 17.1130044481
21.550 0.47269 17.1209492042
21.560 0.47242 17.1288939602
21.570 0.47215 17.1368387162
21.580 0.47188 17.1447834722
21.590 0.47160 17.1527282282
21.600 0.47133 17.1606729842
21.610 0.47106 17.1686177402
21.620 0.47079 17.1765624962
21.630 0.47052 17.1845072522
21.640 0.47025 17.1924520083
21.650 0.46998 17.2003967643
21.660 0.46971 17.2083415203
21.670 0.46944 17.2162862763
21.680 0.46917 17.2242310323
21.690 0.46890 17.2321757883
21.700 0.46863 17.2401205443
21.710 0.46836 17.2480653003
21.720 0.46809 17.2560100563
21.730 0.46782 17.2639548124
21.740 0.46755 17.2718995684
21.750 0.46729 17.2798443244
21.760 0.46702 17.2877890804
21.770 0.46675 17.2957338364
21.780 0.46648 17.3036785924
21.790 0.46621 17.3116233484
21.800 0.46595 17.3195681044
21.810 0.46568 17.3275128604
21.820 0.46541 17.3354576165
21.830 0.46515 17.3434023725
21.840 0.46488 17.3513471285
21.850 0.46462 17.3592918845
21.860 0.46435 17.3672366405
21.870 0.46409 17.3751813965
21.880 0.46382 17.3831261525
21.890 0.46356 17.3910709085
21.900 0.46329 17.3990156645
21.910 0.46303 17.4069604206
21.920 0.46276 17.4149051766
21.930 0.46250 17.4228499326
21.940 0.46224 17.4307946886
21.950 0.46197 17.4387394446
21.960 0.46171 17.4466842006
21.970 0.46145 17.4546289566
21.980 0.46118 17.4625737126
21.990 0.46092 17.4705184686
22.000 0.46066 17.4784632247
22.010 0.46040 17.4864079807
22.020 0.46013 17.4943527367
22.030 0.45987 17.5022974927
22.040 0.45961 17.5102422487
22.050 0.45935 17.5181870047
22.060 0.45909 17.5261317607
22.070 0.45883 17.5340765167
22.080 0.45857 17.5420212727
22.090 0.45831 17.5499660288
22.100 0.45805 17.5579107848
22.110 0.45779 17.5658555408
22.120 0.45753 17.5738002968
22.130 0.45727 17.5817450528
22.140 0.45701 17.5896898088
22.150 0.45675 17.5976345648
22.160 0.45649 17.6055793208
22.170 0.45623 17.6135240768
22.180 0.45598 17.6214688329
22.190 0.45572 17.6294135889
22.200 0.45546 17.6373583449
22.210 0.45520 17.6453031009
22.220 0.45494 17.6532478569
22.230 0.45469 17.6611926129
22.240 0.45443 17.6691373689
22.250 0.45417 17.6770821249
22.260 0.45392 17.6850268809
22.270 0.45366 17.692971637
22.280 0.45341 17.700916393
22.290 0.45315 17.708861149
22.300 0.45289 17.716805905
22.310 0.45264 17.724750661
22.320 0.45238 17.732695417
22.330 0.45213 17.740640173
22.340 0.45187 17.748584929
22.350 0.45162 17.756529685
22.360 0.45137 17.7644744411
22.370 0.45111 17.7724191971
22.380 0.45086 17.7803639531
22.390 0.45060 17.7883087091
22.400 0.45035 17.7962534651
22.410 0.45010 17.8041982211
22.420 0.44984 17.8121429771
22.430 0.44959 17.8200877331
22.440 0.44934 17.8280324891
22.450 0.44909 17.8359772452
22.460 0.44883 17.8439220012
22.470 0.44858 17.8518667572
22.480 0.44833 17.8598115132
22.490 0.44808 17.8677562692
22.500 0.44783 17.8757010252
22.510 0.44758 17.8836457812
22.520 0.44733 17.8915905372
22.530 0.44708 17.8995352933
22.540 0.44682 17.9074800493
22.550 0.44657 17.9154248053
22.560 0.44632 17.9233695613
22.570 0.44608 17.9313143173
22.580 0.44583 17.9392590733
22.590 0.44558 17.9472038293
22.600 0.44533 17.9551485853
22.610 0.44508 17.9630933413
22.620 0.44483 17.9710380974
22.630 0.44458 17.9789828534
22.640 0.44433 17.9869276094
22.650 0.44408 17.9948723654
22.660 0.44384 18.0028171214
22.670 0.44359 18.0107618774
22.680 0.44334 18.0187066334
22.690 0.44309 18.0266513894
22.700 0.44285 18.0345961454
22.710 0.44260 18.0425409015
22.720 0.44235 18.0504856575
22.730 0.44211 18.0584304135
22.740 0.44186 18.0663751695
22.750 0.44161 18.0743199255
22.760 0.44137 18.0822646815
22.770 0.44112 18.0902094375
22.780 0.44088 18.0981541935
22.790 0.44063 18.1060989495
22.800 0.44039 18.1140437056
22.810 0.44014 18.1219884616
22.820 0.43990 18.1299332176
22.830 0.43965 18.1378779736
22.840 0.43941 18.1458227296
22.850 0.43917 18.1537674856
22.860 0.43892 18.1617122416
22.870 0.43868 18.1696569976
22.880 0.43844 18.1776017536
22.890 0.43819 18.1855465097
22.900 0.43795 18.1934912657
22.910 0.43771 18.2014360217
22.920 0.43746 18.2093807777
22.930 0.43722 18.2173255337
22.940 0.43698 18.2252702897
22.950 0.43674 18.2332150457
22.960 0.43650 18.2411598017
22.970 0.43625 18.2491045577
22.980 0.43601 18.2570493138
22.990 0.43577 18.2649940698
23.000 0.43553 18.2729388258
23.010 0.43529 18.2808835818
23.020 0.43505 18.2888283378
23.030 0.43481 18.2967730938
23.040 0.43457 18.3047178498
23.050 0.43433 18.3126626058
23.060 0.43409 18.3206073618
23.070 0.43385 18.3285521179
23.080 0.43361 18.3364968739
23.090 0.43337 18.3444416299
23.100 0.43313 18.3523863859
23.110 0.43289 18.3603311419
23.120 0.43265 18.3682758979
23.130 0.43242 18.3762206539
23.140 0.43218 18.3841654099
23.150 0.43194 18.3921101659
23.160 0.43170 18.400054922
23.170 0.43146 18.407999678
23.180 0.43123 18.415944434
23.190 0.43099 18.42388919
23.200 0.43075 18.431833946
23.210 0.43052 18.439778702
23.220 0.43028 18.447723458
23.230 0.43004 18.455668214
23.240 0.42981 18.46361297
23.250 0.42957 18.4715577261
23.260 0.42933 18.4795024821
23.270 0.42910 18.4874472381
23.280 0.42886 18.4953919941
23.290 0.42863 18.5033367501
23.300 0.42839 18.5112815061
23.310 0.42816 18.5192262621
23.320 0.42792 18.5271710181
23.330 0.42769 18.5351157741
23.340 0.42745 18.5430605302
23.350 0.42722 18.5510052862
23.360 0.42699 18.5589500422
23.370 0.42675 18.5668947982
23.380 0.42652 18.5748395542
23.390 0.42629 18.5827843102
23.400 0.42605 18.5907290662
23.410 0.42582 18.5986738222
23.420 0.42559 18.6066185782
23.430 0.42535 18.6145633343
23.440 0.42512 18.6225080903
23.450 0.42489 18.6304528463
23.460 0.42466 18.6383976023
23.470 0.42443 18.6463423583
23.480 0.42419 18.6542871143
23.490 0.42396 18.6622318703
23.500 0.42373 18.6701766263
23.510 0.42350 18.6781213823
23.520 0.42327 18.6860661384
23.530 0.42304 18.6940108944
23.540 0.42281 18.7019556504
23.550 0.42258 18.7099004064
23.560 0.42235 18.7178451624
23.570 0.42212 18.7257899184
23.580 0.42189 18.7337346744
23.590 0.42166 18.7416794304
23.600 0.42143 18.7496241865
23.610 0.42120 18.7575689425
23.620 0.42097 18.7655136985
23.630 0.42074 18.7734584545
23.640 0.42051 18.7814032105
23.650 0.42028 18.7893479665
23.660 0.42006 18.7972927225
23.670 0.41983 18.8052374785
23.680 0.41960 18.8131822345
23.690 0.41937 18.8211269906
23.700 0.41914 18.8290717466
23.710 0.41892 18.8370165026
23.720 0.41869 18.8449612586
23.730 0.41846 18.8529060146
23.740 0.41823 18.8608507706
23.750 0.41801 18.8687955266
23.760 0.41778 18.8767402826
23.770 0.41756 18.8846850386
23.780 0.41733 18.8926297947
23.790 0.41710 18.9005745507
23.800 0.41688 18.9085193067
23.810 0.41665 18.9164640627
23.820 0.41643 18.9244088187
23.830 0.41620 18.9323535747
23.840 0.41598 18.9402983307
23.850 0.41575 18.9482430867
23.860 0.41553 18.9561878427
23.870 0.41530 18.9641325988
23.880 0.41508 18.9720773548
23.890 0.41485 18.9800221108
23.900 0.41463 18.9879668668
23.910 0.41440 18.9959116228
23.920 0.41418 19.0038563788
23.930 0.41396 19.0118011348
23.940 0.41373 19.0197458908
23.950 0.41351 19.0276906468
23.960 0.41329 19.0356354029
23.970 0.41307 19.0435801589
23.980 0.41284 19.0515249149
23.990 0.41262 19.0594696709
24.000 0.41240 19.0674144269
24.010 0.41218 19.0753591829
24.020 0.41195 19.0833039389
24.030 0.41173 19.0912486949
24.040 0.41151 19.0991934509
24.050 0.41129 19.107138207
24.060 0.41107 19.115082963
24.070 0.41085 19.123027719
24.080 0.41063 19.130972475
24.090 0.41040 19.138917231
24.100 0.41018 19.146861987
24.110 0.40996 19.154806743
24.120 0.40974 19.162751499
24.130 0.40952 19.170696255
24.140 0.40930 19.1786410111
24.150 0.40908 19.1865857671
24.160 0.40886 19.1945305231
24.170 0.40865 19.2024752791
24.180 0.40843 19.2104200351
24.190 0.40821 19.2183647911
24.200 0.40799 19.2263095471
24.210 0.40777 19.2342543031
24.220 0.40755 19.2421990591
24.230 0.40733 19.2501438152
24.240 0.40711 19.2580885712
24.250 0.40690 19.2660333272
24.260 0.40668 19.2739780832
24.270 0.40646 19.2819228392
24.280 0.40624 19.2898675952
24.290 0.40603 19.2978123512
24.300 0.40581 19.3057571072
24.310 0.40559 19.3137018632
24.320 0.40538 19.3216466193
24.330 0.40516 19.3295913753
24.340 0.40494 19.3375361313
24.350 0.40473 19.3454808873
24.360 0.40451 19.3534256433
24.370 0.40429 19.3613703993
24.380 0.40408 19.3693151553
24.390 0.40386 19.3772599113
24.400 0.40365 19.3852046673
24.410 0.40343 19.3931494234
24.420 0.40322 19.4010941794
24.430 0.40300 19.4090389354
24.440 0.40279 19.4169836914
24.450 0.40257 19.4249284474
24.460 0.40236 19.4328732034
24.470 0.40214 19.4408179594
24.480 0.40193 19.4487627154
24.490 0.40171 19.4567074714
24.500 0.40150 19.4646522275
24.510 0.40129 19.4725969835
24.520 0.40107 19.4805417395
24.530 0.40086 19.4884864955
24.540 0.40065 19.4964312515
24.550 0.40043 19.5043760075
24.560 0.40022 19.5123207635
24.570 0.40001 19.5202655195
24.580 0.39980 19.5282102755
24.590 0.39958 19.5361550316
24.600 0.39937 19.5440997876
24.610 0.39916 19.5520445436
24.620 0.39895 19.5599892996
24.630 0.39874 19.5679340556
24.640 0.39852 19.5758788116
24.650 0.39831 19.5838235676
24.660 0.39810 19.5917683236
24.670 0.39789 19.5997130796
24.680 0.39768 19.6076578357
24.690 0.39747 19.6156025917
24.700 0.39726 19.6235473477
24.710 0.39705 19.6314921037
24.720 0.39684 19.6394368597
24.730 0.39663 19.6473816157
24.740 0.39642 19.6553263717
24.750 0.39621 19.6632711277
24.760 0.39600 19.6712158838
24.770 0.39579 19.6791606398
24.780 0.39558 19.6871053958
24.790 0.39537 19.6950501518
24.800 0.39516 19.7029949078
24.810 0.39495 19.7109396638
24.820 0.39474 19.7188844198
24.830 0.39454 19.7268291758
24.840 0.39433 19.7347739318
24.850 0.39412 19.7427186879
24.860 0.39391 19.7506634439
24.870 0.39370 19.7586081999
24.880 0.39350 19.7665529559
24.890 0.39329 19.7744977119
24.900 0.39308 19.7824424679
24.910 0.39287 19.7903872239
24.920 0.39267 19.7983319799
24.930 0.39246 19.8062767359
24.940 0.39225 19.814221492
24.950 0.39205 19.822166248
24.960 0.39184 19.830111004
24.970 0.39163 19.83805576
24.980 0.39143 19.846000516
24.990 0.39122 19.853945272
25.000 0.39101 19.861890028
25.100 0.38896 19.9413375881
25.110 0.38876 19.9492823441
25.120 0.38856 19.9572271002
25.130 0.38835 19.9651718562
25.140 0.38815 19.9731166122
25.150 0.38794 19.9810613682
25.160 0.38774 19.9890061242
25.170 0.38754 19.9969508802
25.180 0.38733 20.0048956362
25.190 0.38713 20.0128403922
25.200 0.38693 20.0207851482
25.210 0.38673 20.0287299043
25.220 0.38652 20.0366746603
25.230 0.38632 20.0446194163
25.240 0.38612 20.0525641723
25.250 0.38592 20.0605089283
25.260 0.38571 20.0684536843
25.270 0.38551 20.0763984403
25.280 0.38531 20.0843431963
25.290 0.38511 20.0922879523
25.300 0.38491 20.1002327084
25.310 0.38471 20.1081774644
25.320 0.38451 20.1161222204
25.330 0.38431 20.1240669764
25.340 0.38410 20.1320117324
25.350 0.38390 20.1399564884
25.360 0.38370 20.1479012444
25.370 0.38350 20.1558460004
25.380 0.38330 20.1637907564
25.390 0.38310 20.1717355125
25.400 0.38290 20.1796802685
25.410 0.38270 20.1876250245
25.420 0.38250 20.1955697805
25.430 0.38230 20.2035145365
25.440 0.38210 20.2114592925
25.450 0.38191 20.2194040485
25.460 0.38171 20.2273488045
25.470 0.38151 20.2352935605
25.480 0.38131 20.2432383166
25.490 0.38111 20.2511830726
25.500 0.38091 20.2591278286
25.510 0.38071 20.2670725846
25.520 0.38052 20.2750173406
25.530 0.38032 20.2829620966
25.540 0.38012 20.2909068526
25.550 0.37992 20.2988516086
25.560 0.37972 20.3067963646
25.570 0.37953 20.3147411207
25.580 0.37933 20.3226858767
25.590 0.37913 20.3306306327
25.600 0.37894 20.3385753887
25.610 0.37874 20.3465201447
25.620 0.37854 20.3544649007
25.630 0.37835 20.3624096567
25.640 0.37815 20.3703544127
25.650 0.37795 20.3782991687
25.660 0.37776 20.3862439248
25.670 0.37756 20.3941886808
25.680 0.37736 20.4021334368
25.690 0.37717 20.4100781928
25.700 0.37697 20.4180229488
25.710 0.37678 20.4259677048
25.720 0.37658 20.4339124608
25.730 0.37639 20.4418572168
25.740 0.37619 20.4498019728
25.750 0.37600 20.4577467289
25.760 0.37580 20.4656914849
25.770 0.37561 20.4736362409
25.780 0.37541 20.4815809969
25.790 0.37522 20.4895257529
25.800 0.37503 20.4974705089
25.810 0.37483 20.5054152649
25.820 0.37464 20.5133600209
25.830 0.37444 20.5213047769
25.840 0.37425 20.529249533
25.850 0.37406 20.537194289
25.860 0.37386 20.545139045
25.870 0.37367 20.553083801
25.880 0.37348 20.561028557
25.890 0.37328 20.568973313
25.900 0.37309 20.576918069
25.910 0.37290 20.584862825
25.920 0.37271 20.5928075811
25.930 0.37251 20.6007523371
25.940 0.37232 20.6086970931
25.950 0.37213 20.6166418491
25.960 0.37194 20.6245866051
25.970 0.37175 20.6325313611
25.980 0.37155 20.6404761171
25.990 0.37136 20.6484208731
26.000 0.37117 20.6563656291
26.010 0.37098 20.6643103852
26.020 0.37079 20.6722551412
26.030 0.37060 20.6801998972
26.040 0.37041 20.6881446532
26.050 0.37022 20.6960894092
26.060 0.37003 20.7040341652
26.070 0.36984 20.7119789212
26.080 0.36965 20.7199236772
26.090 0.36945 20.7278684332
26.100 0.36926 20.7358131893
26.110 0.36907 20.7437579453
26.120 0.36889 20.7517027013
26.130 0.36870 20.7596474573
26.140 0.36851 20.7675922133
26.150 0.36832 20.7755369693
26.160 0.36813 20.7834817253
26.170 0.36794 20.7914264813
26.180 0.36775 20.7993712373
26.190 0.36756 20.8073159934
26.200 0.36737 20.8152607494
26.210 0.36718 20.8232055054
26.220 0.36699 20.8311502614
26.230 0.36681 20.8390950174
26.240 0.36662 20.8470397734
26.250 0.36643 20.8549845294
26.260 0.36624 20.8629292854
26.270 0.36605 20.8708740414
26.280 0.36587 20.8788187975
26.290 0.36568 20.8867635535
26.300 0.36549 20.8947083095
26.310 0.36530 20.9026530655
26.320 0.36512 20.9105978215
26.330 0.36493 20.9185425775
26.340 0.36474 20.9264873335
26.350 0.36456 20.9344320895
26.360 0.36437 20.9423768455
26.370 0.36418 20.9503216016
26.380 0.36400 20.9582663576
26.390 0.36381 20.9662111136
26.400 0.36362 20.9741558696
26.410 0.36344 20.9821006256
26.420 0.36325 20.9900453816
26.430 0.36307 20.9979901376
26.440 0.36288 21.0059348936
26.450 0.36270 21.0138796496
26.460 0.36251 21.0218244057
26.470 0.36233 21.0297691617
26.480 0.36214 21.0377139177
26.490 0.36196 21.0456586737
26.500 0.36177 21.0536034297
26.510 0.36159 21.0615481857
26.520 0.36140 21.0694929417
26.530 0.36122 21.0774376977
26.540 0.36103 21.0853824537
26.550 0.36085 21.0933272098
26.560 0.36066 21.1012719658
26.570 0.36048 21.1092167218
26.580 0.36030 21.1171614778
26.590 0.36011 21.1251062338
26.600 0.35993 21.1330509898
26.610 0.35975 21.1409957458
26.620 0.35956 21.1489405018
26.630 0.35938 21.1568852578
26.640 0.35920 21.1648300139
26.650 0.35901 21.1727747699
26.660 0.35883 21.1807195259
26.670 0.35865 21.1886642819
26.680 0.35847 21.1966090379
26.690 0.35828 21.2045537939
26.700 0.35810 21.2124985499
26.710 0.35792 21.2204433059
26.720 0.35774 21.2283880619
26.730 0.35756 21.236332818
26.740 0.35737 21.244277574
26.750 0.35719 21.25222233
26.760 0.35701 21.260167086
26.770 0.35683 21.268111842
26.780 0.35665 21.276056598
26.790 0.35647 21.284001354
26.800 0.35629 21.29194611
26.810 0.35610 21.299890866
26.820 0.35592 21.3078356221
26.830 0.35574 21.3157803781
26.840 0.35556 21.3237251341
26.850 0.35538 21.3316698901
26.860 0.35520 21.3396146461
26.870 0.35502 21.3475594021
26.880 0.35484 21.3555041581
26.890 0.35466 21.3634489141
26.900 0.35448 21.3713936701
26.910 0.35430 21.3793384262
26.920 0.35412 21.3872831822
26.930 0.35394 21.3952279382
26.940 0.35376 21.4031726942
26.950 0.35358 21.4111174502
26.960 0.35341 21.4190622062
26.970 0.35323 21.4270069622
26.980 0.35305 21.4349517182
26.990 0.35287 21.4428964742
27.000 0.35269 21.4508412303
27.010 0.35251 21.4587859863
27.020 0.35233 21.4667307423
27.030 0.35216 21.4746754983
27.040 0.35198 21.4826202543
27.050 0.35180 21.4905650103
27.060 0.35162 21.4985097663
27.070 0.35144 21.5064545223
27.080 0.35127 21.5143992784
27.090 0.35109 21.5223440344
27.100 0.35091 21.5302887904
27.110 0.35073 21.5382335464
27.120 0.35056 21.5461783024
27.130 0.35038 21.5541230584
27.140 0.35020 21.5620678144
27.150 0.35003 21.5700125704
27.160 0.34985 21.5779573264
27.170 0.34967 21.5859020825
27.180 0.34950 21.5938468385
27.190 0.34932 21.6017915945
27.200 0.34914 21.6097363505
27.210 0.34897 21.6176811065
27.220 0.34879 21.6256258625
27.230 0.34862 21.6335706185
27.240 0.34844 21.6415153745
27.250 0.34826 21.6494601305
27.260 0.34809 21.6574048866
27.270 0.34791 21.6653496426
27.280 0.34774 21.6732943986
27.290 0.34756 21.6812391546
27.300 0.34739 21.6891839106
27.310 0.34721 21.6971286666
27.320 0.34704 21.7050734226
27.330 0.34686 21.7130181786
27.340 0.34669 21.7209629346
27.350 0.34652 21.7289076907
27.360 0.34634 21.7368524467
27.370 0.34617 21.7447972027
27.380 0.34599 21.7527419587
27.390 0.34582 21.7606867147
27.400 0.34564 21.7686314707
27.410 0.34547 21.7765762267
27.420 0.34530 21.7845209827
27.430 0.34512 21.7924657387
27.440 0.34495 21.8004104948
27.450 0.34478 21.8083552508
27.460 0.34460 21.8163000068
27.470 0.34443 21.8242447628
27.480 0.34426 21.8321895188
27.490 0.34408 21.8401342748
27.500 0.34391 21.8480790308
27.510 0.34374 21.8560237868
27.520 0.34357 21.8639685428
27.530 0.34339 21.8719132989
27.540 0.34322 21.8798580549
27.550 0.34305 21.8878028109
27.560 0.34288 21.8957475669
27.570 0.34271 21.9036923229
27.580 0.34253 21.9116370789
27.590 0.34236 21.9195818349
27.600 0.34219 21.9275265909
27.610 0.34202 21.9354713469
27.620 0.34185 21.943416103
27.630 0.34168 21.951360859
27.640 0.34151 21.959305615
27.650 0.34133 21.967250371
27.660 0.34116 21.975195127
27.670 0.34099 21.983139883
27.680 0.34082 21.991084639
27.690 0.34065 21.999029395
27.700 0.34048 22.006974151
27.710 0.34031 22.0149189071
27.720 0.34014 22.0228636631
27.730 0.33997 22.0308084191
27.740 0.33980 22.0387531751
27.750 0.33963 22.0466979311
27.760 0.33946 22.0546426871
27.770 0.33929 22.0625874431
27.780 0.33912 22.0705321991
27.790 0.33895 22.0784769551
27.800 0.33878 22.0864217112
27.810 0.33861 22.0943664672
27.820 0.33844 22.1023112232
27.830 0.33828 22.1102559792
27.840 0.33811 22.1182007352
27.850 0.33794 22.1261454912
27.860 0.33777 22.1340902472
27.870 0.33760 22.1420350032
27.880 0.33743 22.1499797592
27.890 0.33726 22.1579245153
27.900 0.33709 22.1658692713
27.910 0.33693 22.1738140273
27.920 0.33676 22.1817587833
27.930 0.33659 22.1897035393
27.940 0.33642 22.1976482953
27.950 0.33626 22.2055930513
27.960 0.33609 22.2135378073
27.970 0.33592 22.2214825633
27.980 0.33575 22.2294273194
27.990 0.33559 22.2373720754
28.000 0.33542 22.2453168314
28.010 0.33525 22.2532615874
28.020 0.33508 22.2612063434
28.030 0.33492 22.2691510994
28.040 0.33475 22.2770958554
28.050 0.33458 22.2850406114
28.060 0.33442 22.2929853674
28.070 0.33425 22.3009301235
28.080 0.33408 22.3088748795
28.090 0.33392 22.3168196355
28.100 0.33375 22.3247643915
28.110 0.33359 22.3327091475
28.120 0.33342 22.3406539035
28.130 0.33325 22.3485986595
28.140 0.33309 22.3565434155
28.150 0.33292 22.3644881715
28.160 0.33276 22.3724329276
28.170 0.33259 22.3803776836
28.180 0.33243 22.3883224396
28.190 0.33226 22.3962671956
28.200 0.33210 22.4042119516
28.210 0.33193 22.4121567076
28.220 0.33177 22.4201014636
28.230 0.33160 22.4280462196
28.240 0.33144 22.4359909757
28.250 0.33127 22.4439357317
28.260 0.33111 22.4518804877
28.270 0.33094 22.4598252437
28.280 0.33078 22.4677699997
28.290 0.33062 22.4757147557
28.300 0.33045 22.4836595117
28.310 0.33029 22.4916042677
28.320 0.33012 22.4995490237
28.330 0.32996 22.5074937798
28.340 0.32980 22.5154385358
28.350 0.32963 22.5233832918
28.360 0.32947 22.5313280478
28.370 0.32931 22.5392728038
28.380 0.32914 22.5472175598
28.390 0.32898 22.5551623158
28.400 0.32882 22.5631070718
28.410 0.32865 22.5710518278
28.420 0.32849 22.5789965839
28.430 0.32833 22.5869413399
28.440 0.32817 22.5948860959
28.450 0.32800 22.6028308519
28.460 0.32784 22.6107756079
28.470 0.32768 22.6187203639
28.480 0.32752 22.6266651199
28.490 0.32735 22.6346098759
28.500 0.32719 22.6425546319
28.510 0.32703 22.650499388
28.520 0.32687 22.658444144
28.530 0.32671 22.6663889
28.540 0.32655 22.674333656
28.550 0.32638 22.682278412
28.560 0.32622 22.690223168
28.570 0.32606 22.698167924
28.580 0.32590 22.70611268
28.590 0.32574 22.714057436
28.600 0.32558 22.7220021921
28.610 0.32542 22.7299469481
28.620 0.32526 22.7378917041
28.630 0.32510 22.7458364601
28.640 0.32493 22.7537812161
28.650 0.32477 22.7617259721
28.660 0.32461 22.7696707281
28.670 0.32445 22.7776154841
28.680 0.32429 22.7855602401
28.690 0.32413 22.7935049962
28.700 0.32397 22.8014497522
28.710 0.32381 22.8093945082
28.720 0.32365 22.8173392642
28.730 0.32349 22.8252840202
28.740 0.32333 22.8332287762
28.750 0.32318 22.8411735322
28.760 0.32302 22.8491182882
28.770 0.32286 22.8570630442
28.780 0.32270 22.8650078003
28.790 0.32254 22.8729525563
28.800 0.32238 22.8808973123
28.810 0.32222 22.8888420683
28.820 0.32206 22.8967868243
28.830 0.32190 22.9047315803
28.840 0.32174 22.9126763363
28.850 0.32159 22.9206210923
28.860 0.32143 22.9285658483
28.870 0.32127 22.9365106044
28.880 0.32111 22.9444553604
28.890 0.32095 22.9524001164
28.900 0.32079 22.9603448724
28.910 0.32064 22.9682896284
28.920 0.32048 22.9762343844
28.930 0.32032 22.9841791404
28.940 0.32016 22.9921238964
28.950 0.32001 23.0000686524
28.960 0.31985 23.0080134085
28.970 0.31969 23.0159581645
28.980 0.31953 23.0239029205
28.990 0.31938 23.0318476765
29.000 0.31922 23.0397924325
29.010 0.31906 23.0477371885
29.020 0.31891 23.0556819445
29.030 0.31875 23.0636267005
29.040 0.31859 23.0715714565
29.050 0.31844 23.0795162126
29.060 0.31828 23.0874609686
29.070 0.31812 23.0954057246
29.080 0.31797 23.1033504806
29.090 0.31781 23.1112952366
29.100 0.31765 23.1192399926
29.110 0.31750 23.1271847486
29.120 0.31734 23.1351295046
29.130 0.31719 23.1430742606
29.140 0.31703 23.1510190167
29.150 0.31687 23.1589637727
29.160 0.31672 23.1669085287
29.170 0.31656 23.1748532847
29.180 0.31641 23.1827980407
29.190 0.31625 23.1907427967
29.200 0.31610 23.1986875527
29.210 0.31594 23.2066323087
29.220 0.31579 23.2145770647
29.230 0.31563 23.2225218208
29.240 0.31548 23.2304665768
29.250 0.31532 23.2384113328
29.260 0.31517 23.2463560888
29.270 0.31501 23.2543008448
29.280 0.31486 23.2622456008
29.290 0.31471 23.2701903568
29.300 0.31455 23.2781351128
29.310 0.31440 23.2860798688
29.320 0.31424 23.2940246249
29.330 0.31409 23.3019693809
29.340 0.31394 23.3099141369
29.350 0.31378 23.3178588929
29.360 0.31363 23.3258036489
29.370 0.31347 23.3337484049
29.380 0.31332 23.3416931609
29.390 0.31317 23.3496379169
29.400 0.31301 23.357582673
29.410 0.31286 23.365527429
29.420 0.31271 23.373472185
29.430 0.31255 23.381416941
29.440 0.31240 23.389361697
29.450 0.31225 23.397306453
29.460 0.31210 23.405251209
29.470 0.31194 23.413195965
29.480 0.31179 23.421140721
29.490 0.31164 23.4290854771
29.500 0.31149 23.4370302331
29.510 0.31133 23.4449749891
29.520 0.31118 23.4529197451
29.530 0.31103 23.4608645011
29.540 0.31088 23.4688092571
29.550 0.31073 23.4767540131
29.560 0.31057 23.4846987691
29.570 0.31042 23.4926435251
29.580 0.31027 23.5005882812
29.590 0.31012 23.5085330372
29.600 0.30997 23.5164777932
29.610 0.30982 23.5244225492
29.620 0.30966 23.5323673052
29.630 0.30951 23.5403120612
29.640 0.30936 23.5482568172
29.650 0.30921 23.5562015732
29.660 0.30906 23.5641463292
29.670 0.30891 23.5720910853
29.680 0.30876 23.5800358413
29.690 0.30861 23.5879805973
29.700 0.30846 23.5959253533
29.710 0.30831 23.6038701093
29.720 0.30816 23.6118148653
29.730 0.30801 23.6197596213
29.740 0.30785 23.6277043773
29.750 0.30770 23.6356491333
29.760 0.30755 23.6435938894
29.770 0.30740 23.6515386454
29.780 0.30725 23.6594834014
29.790 0.30710 23.6674281574
29.800 0.30695 23.6753729134
29.810 0.30681 23.6833176694
29.820 0.30666 23.6912624254
29.830 0.30651 23.6992071814
29.840 0.30636 23.7071519374
29.850 0.30621 23.7150966935
29.860 0.30606 23.7230414495
29.870 0.30591 23.7309862055
29.880 0.30576 23.7389309615
29.890 0.30561 23.7468757175
29.900 0.30546 23.7548204735
29.910 0.30531 23.7627652295
29.920 0.30516 23.7707099855
29.930 0.30502 23.7786547415
29.940 0.30487 23.7865994976
29.950 0.30472 23.7945442536
29.960 0.30457 23.8024890096
29.970 0.30442 23.8104337656
29.980 0.30427 23.8183785216
29.990 0.30413 23.8263232776
30.000 0.30398 23.8342680336
