0.10000 196.91 0.095466458569
0.11000 179.00 0.105013104426
0.12000 164.08 0.114559750283
0.13000 151.46 0.12410639614
0.14000 140.64 0.133653041997
0.15000 131.26 0.143199687854
0.16000 123.06 0.15274633371
0.17000 115.82 0.162292979567
0.18000 109.38 0.171839625424
0.19000 103.62 0.181386271281
0.20000 98.439 0.190932917138
0.21000 93.749 0.200479562995
0.22000 89.487 0.210026208852
0.23000 85.595 0.219572854709
0.24000 82.027 0.229119500566
0.25000 78.745 0.238666146423
0.26000 75.715 0.24821279228
0.27000 72.909 0.257759438136
0.28000 70.304 0.267306083993
0.29000 67.879 0.27685272985
0.30000 65.615 0.286399375707
0.31000 63.498 0.295946021564
0.32000 61.512 0.305492667421
0.33000 59.648 0.315039313278
0.34000 57.892 0.324585959135
0.35000 56.237 0.334132604992
0.36000 54.674 0.343679250849
0.37000 53.196 0.353225896705
0.38000 51.795 0.362772542562
0.39000 50.466 0.372319188419
0.40000 49.204 0.381865834276
0.41000 48.003 0.391412480133
0.42000 46.859 0.40095912599
0.43000 45.769 0.410505771847
0.44000 44.728 0.420052417704
0.45000 43.733 0.429599063561
0.46000 42.782 0.439145709418
0.47000 41.871 0.448692355275
0.48000 40.998 0.458239001131
0.49000 40.161 0.467785646988
0.50000 39.357 0.477332292845
0.51000 38.585 0.486878938702
0.52000 37.842 0.496425584559
0.53000 37.127 0.505972230416
0.54000 36.439 0.515518876273
0.55000 35.776 0.52506552213
0.56000 35.137 0.534612167987
0.57000 34.520 0.544158813844
0.58000 33.924 0.5537054597
0.59000 33.349 0.563252105557
0.60000 32.792 0.572798751414
0.61000 32.254 0.582345397271
0.62000 31.733 0.591892043128
0.63000 31.229 0.601438688985
0.64000 30.741 0.610985334842
0.65000 30.267 0.620531980699
0.66000 29.808 0.630078626556
0.67000 29.363 0.639625272413
0.68000 28.931 0.64917191827
0.69000 28.511 0.658718564126
0.70000 28.103 0.668265209983
0.71000 27.707 0.67781185584
0.72000 27.322 0.687358501697
0.73000 26.947 0.696905147554
0.74000 26.582 0.706451793411
0.75000 26.228 0.715998439268
0.76000 25.882 0.725545085125
0.77000 25.546 0.735091730982
0.78000 25.218 0.744638376839
0.79000 24.898 0.754185022695
0.80000 24.586 0.763731668552
0.81000 24.283 0.773278314409
0.82000 23.986 0.782824960266
0.83000 23.697 0.792371606123
0.84000 23.414 0.80191825198
0.85000 23.138 0.811464897837
0.86000 22.869 0.821011543694
0.87000 22.606 0.830558189551
0.88000 22.349 0.840104835408
0.89000 22.097 0.849651481265
0.90000 21.851 0.859198127121
0.91000 21.611 0.868744772978
0.92000 21.376 0.878291418835
0.93000 21.145 0.887838064692
0.94000 20.920 0.897384710549
0.95000 20.700 0.906931356406
0.96000 20.484 0.916478002263
0.97000 20.272 0.92602464812
0.98000 20.065 0.935571293977
0.99000 19.862 0.945117939834
1.0000 19.663 0.95466458569
1.0100 19.468 0.964211231547
1.0200 19.277 0.973757877404
1.0300 19.089 0.983304523261
1.0400 18.906 0.992851169118
1.0500 18.725 1.00239781498
1.0600 18.548 1.01194446083
1.0700 18.375 1.02149110669
1.0800 18.204 1.03103775255
1.0900 18.037 1.0405843984
1.1000 17.873 1.05013104426
1.1100 17.711 1.05967769012
1.1200 17.553 1.06922433597
1.1300 17.397 1.07877098183
1.1400 17.244 1.08831762769
1.1500 17.094 1.09786427354
1.1600 16.947 1.1074109194
1.1700 16.801 1.11695756526
1.1800 16.659 1.12650421111
1.1900 16.519 1.13605085697
1.2000 16.381 1.14559750283
1.2100 16.245 1.15514414869
1.2200 16.112 1.16469079454
1.2300 15.980 1.1742374404
1.2400 15.851 1.18378408626
1.2500 15.724 1.19333073211
1.2600 15.599 1.20287737797
1.2700 15.476 1.21242402383
1.2800 15.355 1.22197066968
1.2900 15.236 1.23151731554
1.3000 15.118 1.2410639614
1.3100 15.003 1.25061060725
1.3200 14.889 1.26015725311
1.3300 14.777 1.26970389897
1.3400 14.666 1.27925054483
1.3500 14.557 1.28879719068
1.3600 14.450 1.29834383654
1.3700 14.344 1.3078904824
1.3800 14.240 1.31743712825
1.3900 14.137 1.32698377411
1.4000 14.036 1.33653041997
1.4100 13.936 1.34607706582
1.4200 13.838 1.35562371168
1.4300 13.741 1.36517035754
1.4400 13.645 1.37471700339
1.4500 13.551 1.38426364925
1.4600 13.458 1.39381029511
1.4700 13.366 1.40335694097
1.4800 13.276 1.41290358682
1.4900 13.186 1.42245023268
1.5000 13.098 1.43199687854
1.5100 13.011 1.44154352439
1.5200 12.926 1.45109017025
1.5300 12.841 1.46063681611
1.5400 12.757 1.47018346196
1.5500 12.675 1.47973010782
1.5600 12.593 1.48927675368
1.5700 12.513 1.49882339953
1.5800 12.434 1.50837004539
1.5900 12.355 1.51791669125
1.6000 12.278 1.5274633371
1.6100 12.201 1.53700998296
1.6200 12.126 1.54655662882
1.6300 12.051 1.55610327468
1.6400 11.978 1.56564992053
1.6500 11.905 1.57519656639
1.6600 11.833 1.58474321225
1.6700 11.762 1.5942898581
1.6800 11.692 1.60383650396
1.6900 11.622 1.61338314982
1.7000 11.554 1.62292979567
1.7100 11.486 1.63247644153
1.7200 11.419 1.64202308739
1.7300 11.353 1.65156973324
1.7400 11.287 1.6611163791
1.7500 11.223 1.67066302496
1.7600 11.159 1.68020967082
1.7700 11.096 1.68975631667
1.7800 11.033 1.69930296253
1.7900 10.971 1.70884960839
1.8000 10.910 1.71839625424
1.8100 10.850 1.7279429001
1.8200 10.790 1.73748954596
1.8300 10.731 1.74703619181
1.8400 10.672 1.75658283767
1.8500 10.614 1.76612948353
1.8600 10.557 1.77567612938
1.8700 10.501 1.78522277524
1.8800 10.445 1.7947694211
1.8900 10.389 1.80431606696
1.9000 10.334 1.81386271281
1.9100 10.280 1.82340935867
1.9200 10.226 1.83295600453
1.9300 10.173 1.84250265038
1.9400 10.121 1.85204929624
1.9500 10.069 1.8615959421
1.9600 10.017 1.87114258795
1.9700 9.9660 1.88068923381
1.9800 9.9155 1.89023587967
1.9900 9.8656 1.89978252552
2.0000 9.8161 1.90932917138
2.0100 9.7671 1.91887581724
2.0200 9.7186 1.92842246309
2.0300 9.6706 1.93796910895
2.0400 9.6230 1.94751575481
2.0500 9.5759 1.95706240067
2.0600 9.5293 1.96660904652
2.0700 9.4831 1.97615569238
2.0800 9.4373 1.98570233824
2.0900 9.3920 1.99524898409
2.1000 9.3472 2.00479562995
2.1100 9.3027 2.01434227581
2.1200 9.2587 2.02388892166
2.1300 9.2151 2.03343556752
2.1400 9.1719 2.04298221338
2.1500 9.1291 2.05252885923
2.1600 9.0867 2.06207550509
2.1700 9.0447 2.07162215095
2.1800 9.0030 2.08116879681
2.1900 8.9618 2.09071544266
2.2000 8.9209 2.10026208852
2.2100 8.8804 2.10980873438
2.2200 8.8403 2.11935538023
2.2300 8.8005 2.12890202609
2.2400 8.7611 2.13844867195
2.2500 8.7220 2.1479953178
2.2600 8.6832 2.15754196366
2.2700 8.6449 2.16708860952
2.2800 8.6068 2.17663525537
2.2900 8.5691 2.18618190123
2.3000 8.5317 2.19572854709
2.3100 8.4946 2.20527519295
2.3200 8.4579 2.2148218388
2.3300 8.4215 2.22436848466
2.3400 8.3853 2.23391513052
2.3500 8.3495 2.24346177637
2.3600 8.3140 2.25300842223
2.3700 8.2788 2.26255506809
2.3800 8.2439 2.27210171394
2.3900 8.2093 2.2816483598
2.4000 8.1749 2.29119500566
2.4100 8.1409 2.30074165151
2.4200 8.1071 2.31028829737
2.4300 8.0736 2.31983494323
2.4400 8.0404 2.32938158908
2.4500 8.0075 2.33892823494
2.4600 7.9748 2.3484748808
2.4700 7.9424 2.35802152666
2.4800 7.9102 2.36756817251
2.4900 7.8783 2.37711481837
2.5000 7.8467 2.38666146423
2.5100 7.8153 2.39620811008
2.5200 7.7842 2.40575475594
2.5300 7.7533 2.4153014018
2.5400 7.7226 2.42484804765
2.5500 7.6922 2.43439469351
2.5600 7.6621 2.44394133937
2.5700 7.6321 2.45348798522
2.5800 7.6024 2.46303463108
2.5900 7.5730 2.47258127694
2.6000 7.5437 2.4821279228
2.6100 7.5147 2.49167456865
2.6200 7.4859 2.50122121451
2.6300 7.4573 2.51076786037
2.6400 7.4290 2.52031450622
2.6500 7.4008 2.52986115208
2.6600 7.3729 2.53940779794
2.6700 7.3451 2.54895444379
2.6800 7.3176 2.55850108965
2.6900 7.2903 2.56804773551
2.7000 7.2632 2.57759438136
2.7100 7.2363 2.58714102722
2.7200 7.2095 2.59668767308
2.7300 7.1830 2.60623431894
2.7400 7.1567 2.61578096479
2.7500 7.1306 2.62532761065
2.7600 7.1046 2.63487425651
2.7700 7.0789 2.64442090236
2.7800 7.0533 2.65396754822
2.7900 7.0279 2.66351419408
2.8000 7.0027 2.67306083993
2.8100 6.9776 2.68260748579
2.8200 6.9528 2.69215413165
2.8300 6.9281 2.7017007775
2.8400 6.9036 2.71124742336
2.8500 6.8793 2.72079406922
2.8600 6.8551 2.73034071507
2.8700 6.8311 2.73988736093
2.8800 6.8073 2.74943400679
2.8900 6.7836 2.75898065265
2.9000 6.7601 2.7685272985
2.9100 6.7368 2.77807394436
2.9200 6.7136 2.78762059022
2.9300 6.6906 2.79716723607
2.9400 6.6678 2.80671388193
2.9500 6.6450 2.81626052779
2.9600 6.6225 2.82580717364
2.9700 6.6001 2.8353538195
2.9800 6.5778 2.84490046536
2.9900 6.5557 2.85444711121
3.0000 6.5338 2.86399375707
3.0100 6.5120 2.87354040293
3.0200 6.4903 2.88308704879
3.0300 6.4688 2.89263369464
3.0400 6.4474 2.9021803405
3.0500 6.4262 2.91172698636
3.0600 6.4051 2.92127363221
3.0700 6.3841 2.93082027807
3.0800 6.3633 2.94036692393
3.0900 6.3426 2.94991356978
3.1000 6.3220 2.95946021564
3.1100 6.3016 2.9690068615
3.1200 6.2813 2.97855350735
3.1300 6.2611 2.98810015321
3.1400 6.2411 2.99764679907
3.1500 6.2212 3.00719344493
3.1600 6.2014 3.01674009078
3.1700 6.1817 3.02628673664
3.1800 6.1622 3.0358333825
3.1900 6.1428 3.04538002835
3.2000 6.1235 3.05492667421
3.2100 6.1043 3.06447332007
3.2200 6.0853 3.07401996592
3.2300 6.0663 3.08356661178
3.2400 6.0475 3.09311325764
3.2500 6.0288 3.10265990349
3.2600 6.0102 3.11220654935
3.2700 5.9918 3.12175319521
3.2800 5.9734 3.13129984106
3.2900 5.9551 3.14084648692
3.3000 5.9370 3.15039313278
3.3100 5.9190 3.15993977864
3.3200 5.9011 3.16948642449
3.3300 5.8832 3.17903307035
3.3400 5.8655 3.18857971621
3.3500 5.8479 3.19812636206
3.3600 5.8304 3.20767300792
3.3700 5.8130 3.21721965378
3.3800 5.7958 3.22676629963
3.3900 5.7786 3.23631294549
3.4000 5.7615 3.24585959135
3.4100 5.7445 3.2554062372
3.4200 5.7276 3.26495288306
3.4300 5.7108 3.27449952892
3.4400 5.6941 3.28404617478
3.4500 5.6775 3.29359282063
3.4600 5.6610 3.30313946649
3.4700 5.6446 3.31268611235
3.4800 5.6283 3.3222327582
3.4900 5.6121 3.33177940406
3.5000 5.5960 3.34132604992
3.5100 5.5800 3.35087269577
3.5200 5.5640 3.36041934163
3.5300 5.5482 3.36996598749
3.5400 5.5324 3.37951263334
3.5500 5.5167 3.3890592792
3.5600 5.5012 3.39860592506
3.5700 5.4857 3.40815257092
3.5800 5.4702 3.41769921677
3.5900 5.4549 3.42724586263
3.6000 5.4397 3.43679250849
3.6100 5.4245 3.44633915434
3.6200 5.4095 3.4558858002
3.6300 5.3945 3.46543244606
3.6400 5.3796 3.47497909191
3.6500 5.3648 3.48452573777
3.6600 5.3500 3.49407238363
3.6700 5.3353 3.50361902948
3.6800 5.3208 3.51316567534
3.6900 5.3063 3.5227123212
3.7000 5.2918 3.53225896705
3.7100 5.2775 3.54180561291
3.7200 5.2632 3.55135225877
3.7300 5.2490 3.56089890463
3.7400 5.2349 3.57044555048
3.7500 5.2209 3.57999219634
3.7600 5.2069 3.5895388422
3.7700 5.1930 3.59908548805
3.7800 5.1792 3.60863213391
3.7900 5.1654 3.61817877977
3.8000 5.1518 3.62772542562
3.8100 5.1382 3.63727207148
3.8200 5.1246 3.64681871734
3.8300 5.1112 3.65636536319
3.8400 5.0978 3.66591200905
3.8500 5.0845 3.67545865491
3.8600 5.0712 3.68500530077
3.8700 5.0580 3.69455194662
3.8800 5.0449 3.70409859248
3.8900 5.0319 3.71364523834
3.9000 5.0189 3.72319188419
3.9100 5.0060 3.73273853005
3.9200 4.9931 3.74228517591
3.9300 4.9803 3.75183182176
3.9400 4.9676 3.76137846762
3.9500 4.9550 3.77092511348
3.9600 4.9424 3.78047175933
3.9700 4.9298 3.79001840519
3.9800 4.9174 3.79956505105
3.9900 4.9050 3.80911169691
4.0000 4.8926 3.81865834276
4.0100 4.8804 3.82820498862
4.0200 4.8681 3.83775163448
4.0300 4.8560 3.84729828033
4.0400 4.8439 3.85684492619
4.0500 4.8319 3.86639157205
4.0600 4.8199 3.8759382179
4.0700 4.8080 3.88548486376
4.0800 4.7961 3.89503150962
4.0900 4.7843 3.90457815547
4.1000 4.7726 3.91412480133
4.1100 4.7609 3.92367144719
4.1200 4.7492 3.93321809304
4.1300 4.7377 3.9427647389
4.1400 4.7262 3.95231138476
4.1500 4.7147 3.96185803062
4.1600 4.7033 3.97140467647
4.1700 4.6919 3.98095132233
4.1800 4.6806 3.99049796819
4.1900 4.6694 4.00004461404
4.2000 4.6582 4.0095912599
4.2100 4.6471 4.01913790576
4.2200 4.6360 4.02868455161
4.2300 4.6249 4.03823119747
4.2400 4.6140 4.04777784333
4.2500 4.6030 4.05732448918
4.2600 4.5922 4.06687113504
4.2700 4.5813 4.0764177809
4.2800 4.5706 4.08596442676
4.2900 4.5598 4.09551107261
4.3000 4.5492 4.10505771847
4.3100 4.5385 4.11460436433
4.3200 4.5279 4.12415101018
4.3300 4.5174 4.13369765604
4.3400 4.5069 4.1432443019
4.3500 4.4965 4.15279094775
4.3600 4.4861 4.16233759361
4.3700 4.4758 4.17188423947
4.3800 4.4655 4.18143088532
4.3900 4.4553 4.19097753118
4.4000 4.4451 4.20052417704
4.4100 4.4349 4.2100708229
4.4200 4.4248 4.21961746875
4.4300 4.4148 4.22916411461
4.4400 4.4047 4.23871076047
4.4500 4.3948 4.24825740632
4.4600 4.3849 4.25780405218
4.4700 4.3750 4.26735069804
4.4800 4.3651 4.27689734389
4.4900 4.3553 4.28644398975
4.5000 4.3456 4.29599063561
4.5100 4.3359 4.30553728146
4.5200 4.3262 4.31508392732
4.5300 4.3166 4.32463057318
4.5400 4.3070 4.33417721903
4.5500 4.2975 4.34372386489
4.5600 4.2880 4.35327051075
4.5700 4.2786 4.36281715661
4.5800 4.2692 4.37236380246
4.5900 4.2598 4.38191044832
4.6000 4.2505 4.39145709418
4.6100 4.2412 4.40100374003
4.6200 4.2319 4.41055038589
4.6300 4.2227 4.42009703175
4.6400 4.2136 4.4296436776
4.6500 4.2044 4.43919032346
4.6600 4.1953 4.44873696932
4.6700 4.1863 4.45828361517
4.6800 4.1773 4.46783026103
4.6900 4.1683 4.47737690689
4.7000 4.1594 4.48692355275
4.7100 4.1505 4.4964701986
4.7200 4.1416 4.50601684446
4.7300 4.1328 4.51556349032
4.7400 4.1240 4.52511013617
4.7500 4.1153 4.53465678203
4.7600 4.1066 4.54420342789
4.7700 4.0979 4.55375007374
4.7800 4.0892 4.5632967196
4.7900 4.0806 4.57284336546
4.8000 4.0721 4.58239001131
4.8100 4.0636 4.59193665717
4.8200 4.0551 4.60148330303
4.8300 4.0466 4.61102994889
4.8400 4.0382 4.62057659474
4.8500 4.0298 4.6301232406
4.8600 4.0214 4.63966988646
4.8700 4.0131 4.64921653231
4.8800 4.0048 4.65876317817
4.8900 3.9966 4.66830982403
4.9000 3.9884 4.67785646988
4.9100 3.9802 4.68740311574
4.9200 3.9720 4.6969497616
4.9300 3.9639 4.70649640745
4.9400 3.9558 4.71604305331
4.9500 3.9478 4.72558969917
4.9600 3.9397 4.73513634502
4.9700 3.9317 4.74468299088
4.9800 3.9238 4.75422963674
4.9900 3.9159 4.7637762826
5.0000 3.9080 4.77332292845
5.1000 3.8307 4.86878938702
5.1100 3.8232 4.87833603288
5.1200 3.8157 4.88788267874
5.1300 3.8082 4.89742932459
5.1400 3.8007 4.90697597045
5.1500 3.7933 4.91652261631
5.1600 3.7858 4.92606926216
5.1700 3.7785 4.93561590802
5.1800 3.7711 4.94516255388
5.1900 3.7638 4.95470919973
5.2000 3.7565 4.96425584559
5.2100 3.7492 4.97380249145
5.2200 3.7420 4.9833491373
5.2300 3.7348 4.99289578316
5.2400 3.7276 5.00244242902
5.2500 3.7204 5.01198907488
5.2600 3.7133 5.02153572073
5.2700 3.7062 5.03108236659
5.2800 3.6991 5.04062901245
5.2900 3.6920 5.0501756583
5.3000 3.6850 5.05972230416
5.3100 3.6780 5.06926895002
5.3200 3.6711 5.07881559587
5.3300 3.6641 5.08836224173
5.3400 3.6572 5.09790888759
5.3500 3.6503 5.10745553344
5.3600 3.6434 5.1170021793
5.3700 3.6366 5.12654882516
5.3800 3.6298 5.13609547101
5.3900 3.6230 5.14564211687
5.4000 3.6162 5.15518876273
5.4100 3.6095 5.16473540859
5.4200 3.6028 5.17428205444
5.4300 3.5961 5.1838287003
5.4400 3.5894 5.19337534616
5.4500 3.5828 5.20292199201
5.4600 3.5761 5.21246863787
5.4700 3.5695 5.22201528373
5.4800 3.5630 5.23156192958
5.4900 3.5564 5.24110857544
5.5000 3.5499 5.2506552213
5.5100 3.5434 5.26020186715
5.5200 3.5369 5.26974851301
5.5300 3.5305 5.27929515887
5.5400 3.5241 5.28884180473
5.5500 3.5177 5.29838845058
5.5600 3.5113 5.30793509644
5.5700 3.5049 5.3174817423
5.5800 3.4986 5.32702838815
5.5900 3.4923 5.33657503401
5.6000 3.4860 5.34612167987
5.6100 3.4797 5.35566832572
5.6200 3.4735 5.36521497158
5.6300 3.4672 5.37476161744
5.6400 3.4610 5.38430826329
5.6500 3.4548 5.39385490915
5.6600 3.4487 5.40340155501
5.6700 3.4426 5.41294820087
5.6800 3.4364 5.42249484672
5.6900 3.4303 5.43204149258
5.7000 3.4243 5.44158813844
5.7100 3.4182 5.45113478429
5.7200 3.4122 5.46068143015
5.7300 3.4062 5.47022807601
5.7400 3.4002 5.47977472186
5.7500 3.3942 5.48932136772
5.7600 3.3883 5.49886801358
5.7700 3.3824 5.50841465943
5.7800 3.3765 5.51796130529
5.7900 3.3706 5.52750795115
5.8000 3.3647 5.537054597
5.8100 3.3589 5.54660124286
5.8200 3.3530 5.55614788872
5.8300 3.3472 5.56569453458
5.8400 3.3414 5.57524118043
5.8500 3.3357 5.58478782629
5.8600 3.3299 5.59433447215
5.8700 3.3242 5.603881118
5.8800 3.3185 5.61342776386
5.8900 3.3128 5.62297440972
5.9000 3.3072 5.63252105557
5.9100 3.3015 5.64206770143
5.9200 3.2959 5.65161434729
5.9300 3.2903 5.66116099314
5.9400 3.2847 5.670707639
5.9500 3.2791 5.68025428486
5.9600 3.2736 5.68980093072
5.9700 3.2680 5.69934757657
5.9800 3.2625 5.70889422243
5.9900 3.2570 5.71844086829
6.0000 3.2515 5.72798751414
6.0100 3.2461 5.73753416
6.0200 3.2406 5.74708080586
6.0300 3.2352 5.75662745171
6.0400 3.2298 5.76617409757
6.0500 3.2244 5.77572074343
6.0600 3.2190 5.78526738928
6.0700 3.2137 5.79481403514
6.0800 3.2083 5.804360681
6.0900 3.2030 5.81390732686
6.1000 3.1977 5.82345397271
6.1100 3.1924 5.83300061857
6.1200 3.1872 5.84254726443
6.1300 3.1819 5.85209391028
6.1400 3.1767 5.86164055614
6.1500 3.1715 5.871187202
6.1600 3.1663 5.88073384785
6.1700 3.1611 5.89028049371
6.1800 3.1559 5.89982713957
6.1900 3.1508 5.90937378542
6.2000 3.1456 5.91892043128
6.2100 3.1405 5.92846707714
6.2200 3.1354 5.93801372299
6.2300 3.1304 5.94756036885
6.2400 3.1253 5.95710701471
6.2500 3.1202 5.96665366057
6.2600 3.1152 5.97620030642
6.2700 3.1102 5.98574695228
6.2800 3.1052 5.99529359814
6.2900 3.1002 6.00484024399
6.3000 3.0952 6.01438688985
6.3100 3.0903 6.02393353571
6.3200 3.0853 6.03348018156
6.3300 3.0804 6.04302682742
6.3400 3.0755 6.05257347328
6.3500 3.0706 6.06212011913
6.3600 3.0657 6.07166676499
6.3700 3.0609 6.08121341085
6.3800 3.0560 6.09076005671
6.3900 3.0512 6.10030670256
6.4000 3.0464 6.10985334842
6.4100 3.0416 6.11939999428
6.4200 3.0368 6.12894664013
6.4300 3.0320 6.13849328599
6.4400 3.0273 6.14803993185
6.4500 3.0225 6.1575865777
6.4600 3.0178 6.16713322356
6.4700 3.0131 6.17667986942
6.4800 3.0084 6.18622651527
6.4900 3.0037 6.19577316113
6.5000 2.9991 6.20531980699
6.5100 2.9944 6.21486645285
6.5200 2.9898 6.2244130987
6.5300 2.9851 6.23395974456
6.5400 2.9805 6.24350639042
6.5500 2.9759 6.25305303627
6.5600 2.9713 6.26259968213
6.5700 2.9668 6.27214632799
6.5800 2.9622 6.28169297384
6.5900 2.9577 6.2912396197
6.6000 2.9531 6.30078626556
6.6100 2.9486 6.31033291141
6.6200 2.9441 6.31987955727
6.6300 2.9396 6.32942620313
6.6400 2.9352 6.33897284898
6.6500 2.9307 6.34851949484
6.6600 2.9263 6.3580661407
6.6700 2.9218 6.36761278656
6.6800 2.9174 6.37715943241
6.6900 2.9130 6.38670607827
6.7000 2.9086 6.39625272413
6.7100 2.9042 6.40579936998
6.7200 2.8999 6.41534601584
6.7300 2.8955 6.4248926617
6.7400 2.8912 6.43443930755
6.7500 2.8868 6.44398595341
6.7600 2.8825 6.45353259927
6.7700 2.8782 6.46307924512
6.7800 2.8739 6.47262589098
6.7900 2.8697 6.48217253684
6.8000 2.8654 6.4917191827
6.8100 2.8611 6.50126582855
6.8200 2.8569 6.51081247441
6.8300 2.8527 6.52035912027
6.8400 2.8485 6.52990576612
6.8500 2.8442 6.53945241198
6.8600 2.8401 6.54899905784
6.8700 2.8359 6.55854570369
6.8800 2.8317 6.56809234955
6.8900 2.8276 6.57763899541
6.9000 2.8234 6.58718564126
6.9100 2.8193 6.59673228712
6.9200 2.8152 6.60627893298
6.9300 2.8111 6.61582557884
6.9400 2.8070 6.62537222469
6.9500 2.8029 6.63491887055
6.9600 2.7988 6.64446551641
6.9700 2.7948 6.65401216226
6.9800 2.7907 6.66355880812
6.9900 2.7867 6.67310545398
7.0000 2.7826 6.68265209983
7.0100 2.7786 6.69219874569
7.0200 2.7746 6.70174539155
7.0300 2.7706 6.7112920374
7.0400 2.7667 6.72083868326
7.0500 2.7627 6.73038532912
7.0600 2.7587 6.73993197497
7.0700 2.7548 6.74947862083
7.0800 2.7509 6.75902526669
7.0900 2.7469 6.76857191255
7.1000 2.7430 6.7781185584
7.1100 2.7391 6.78766520426
7.1200 2.7352 6.79721185012
7.1300 2.7314 6.80675849597
7.1400 2.7275 6.81630514183
7.1500 2.7236 6.82585178769
7.1600 2.7198 6.83539843354
7.1700 2.7159 6.8449450794
7.1800 2.7121 6.85449172526
7.1900 2.7083 6.86403837111
7.2000 2.7045 6.87358501697
7.2100 2.7007 6.88313166283
7.2200 2.6969 6.89267830869
7.2300 2.6931 6.90222495454
7.2400 2.6894 6.9117716004
7.2500 2.6856 6.92131824626
7.2600 2.6819 6.93086489211
7.2700 2.6782 6.94041153797
7.2800 2.6744 6.94995818383
7.2900 2.6707 6.95950482968
7.3000 2.6670 6.96905147554
7.3100 2.6633 6.9785981214
7.3200 2.6597 6.98814476725
7.3300 2.6560 6.99769141311
7.3400 2.6523 7.00723805897
7.3500 2.6487 7.01678470483
7.3600 2.6450 7.02633135068
7.3700 2.6414 7.03587799654
7.3800 2.6378 7.0454246424
7.3900 2.6342 7.05497128825
7.4000 2.6306 7.06451793411
7.4100 2.6270 7.07406457997
7.4200 2.6234 7.08361122582
7.4300 2.6198 7.09315787168
7.4400 2.6163 7.10270451754
7.4500 2.6127 7.11225116339
7.4600 2.6092 7.12179780925
7.4700 2.6056 7.13134445511
7.4800 2.6021 7.14089110096
7.4900 2.5986 7.15043774682
7.5000 2.5951 7.15998439268
7.5100 2.5916 7.16953103854
7.5200 2.5881 7.17907768439
7.5300 2.5846 7.18862433025
7.5400 2.5812 7.19817097611
7.5500 2.5777 7.20771762196
7.5600 2.5743 7.21726426782
7.5700 2.5708 7.22681091368
7.5800 2.5674 7.23635755953
7.5900 2.5640 7.24590420539
7.6000 2.5605 7.25545085125
7.6100 2.5571 7.2649974971
7.6200 2.5537 7.27454414296
7.6300 2.5504 7.28409078882
7.6400 2.5470 7.29363743468
7.6500 2.5436 7.30318408053
7.6600 2.5402 7.31273072639
7.6700 2.5369 7.32227737225
7.6800 2.5336 7.3318240181
7.6900 2.5302 7.34137066396
7.7000 2.5269 7.35091730982
7.7100 2.5236 7.36046395567
7.7200 2.5203 7.37001060153
7.7300 2.5170 7.37955724739
7.7400 2.5137 7.38910389324
7.7500 2.5104 7.3986505391
7.7600 2.5071 7.40819718496
7.7700 2.5039 7.41774383082
7.7800 2.5006 7.42729047667
7.7900 2.4973 7.43683712253
7.8000 2.4941 7.44638376839
7.8100 2.4909 7.45593041424
7.8200 2.4876 7.4654770601
7.8300 2.4844 7.47502370596
7.8400 2.4812 7.48457035181
7.8500 2.4780 7.49411699767
7.8600 2.4748 7.50366364353
7.8700 2.4716 7.51321028938
7.8800 2.4685 7.52275693524
7.8900 2.4653 7.5323035811
7.9000 2.4621 7.54185022695
7.9100 2.4590 7.55139687281
7.9200 2.4559 7.56094351867
7.9300 2.4527 7.57049016453
7.9400 2.4496 7.58003681038
7.9500 2.4465 7.58958345624
7.9600 2.4434 7.5991301021
7.9700 2.4403 7.60867674795
7.9800 2.4372 7.61822339381
7.9900 2.4341 7.62777003967
8.0000 2.4310 7.63731668552
8.0100 2.4279 7.64686333138
8.0200 2.4248 7.65640997724
8.0300 2.4218 7.66595662309
8.0400 2.4187 7.67550326895
8.0500 2.4157 7.68504991481
8.0600 2.4127 7.69459656067
8.0700 2.4096 7.70414320652
8.0800 2.4066 7.71368985238
8.0900 2.4036 7.72323649824
8.1000 2.4006 7.73278314409
8.1100 2.3976 7.74232978995
8.1200 2.3946 7.75187643581
8.1300 2.3916 7.76142308166
8.1400 2.3887 7.77096972752
8.1500 2.3857 7.78051637338
8.1600 2.3827 7.79006301923
8.1700 2.3798 7.79960966509
8.1800 2.3768 7.80915631095
8.1900 2.3739 7.81870295681
8.2000 2.3709 7.82824960266
8.2100 2.3680 7.83779624852
8.2200 2.3651 7.84734289438
8.2300 2.3622 7.85688954023
8.2400 2.3593 7.86643618609
8.2500 2.3564 7.87598283195
8.2600 2.3535 7.8855294778
8.2700 2.3506 7.89507612366
8.2800 2.3477 7.90462276952
8.2900 2.3449 7.91416941537
8.3000 2.3420 7.92371606123
8.3100 2.3392 7.93326270709
8.3200 2.3363 7.94280935294
8.3300 2.3335 7.9523559988
8.3400 2.3306 7.96190264466
8.3500 2.3278 7.97144929052
8.3600 2.3250 7.98099593637
8.3700 2.3222 7.99054258223
8.3800 2.3194 8.00008922809
8.3900 2.3166 8.00963587394
8.4000 2.3138 8.0191825198
8.4100 2.3110 8.02872916566
8.4200 2.3082 8.03827581151
8.4300 2.3054 8.04782245737
8.4400 2.3027 8.05736910323
8.4500 2.2999 8.06691574908
8.4600 2.2971 8.07646239494
8.4700 2.2944 8.0860090408
8.4800 2.2917 8.09555568666
8.4900 2.2889 8.10510233251
8.5000 2.2862 8.11464897837
8.5100 2.2835 8.12419562423
8.5200 2.2808 8.13374227008
8.5300 2.2780 8.14328891594
8.5400 2.2753 8.1528355618
8.5500 2.2726 8.16238220765
8.5600 2.2700 8.17192885351
8.5700 2.2673 8.18147549937
8.5800 2.2646 8.19102214522
8.5900 2.2619 8.20056879108
8.6000 2.2593 8.21011543694
8.6100 2.2566 8.2196620828
8.6200 2.2539 8.22920872865
8.6300 2.2513 8.23875537451
8.6400 2.2487 8.24830202037
8.6500 2.2460 8.25784866622
8.6600 2.2434 8.26739531208
8.6700 2.2408 8.27694195794
8.6800 2.2381 8.28648860379
8.6900 2.2355 8.29603524965
8.7000 2.2329 8.30558189551
8.7100 2.2303 8.31512854136
8.7200 2.2277 8.32467518722
8.7300 2.2252 8.33422183308
8.7400 2.2226 8.34376847893
8.7500 2.2200 8.35331512479
8.7600 2.2174 8.36286177065
8.7700 2.2149 8.37240841651
8.7800 2.2123 8.38195506236
8.7900 2.2098 8.39150170822
8.8000 2.2072 8.40104835408
8.8100 2.2047 8.41059499993
8.8200 2.2021 8.42014164579
8.8300 2.1996 8.42968829165
8.8400 2.1971 8.4392349375
8.8500 2.1946 8.44878158336
8.8600 2.1921 8.45832822922
8.8700 2.1896 8.46787487507
8.8800 2.1871 8.47742152093
8.8900 2.1846 8.48696816679
8.9000 2.1821 8.49651481265
8.9100 2.1796 8.5060614585
8.9200 2.1771 8.51560810436
8.9300 2.1746 8.52515475022
8.9400 2.1722 8.53470139607
8.9500 2.1697 8.54424804193
8.9600 2.1673 8.55379468779
8.9700 2.1648 8.56334133364
8.9800 2.1624 8.5728879795
8.9900 2.1599 8.58243462536
9.0000 2.1575 8.59198127121
9.0100 2.1551 8.60152791707
9.0200 2.1526 8.61107456293
9.0300 2.1502 8.62062120879
9.0400 2.1478 8.63016785464
9.0500 2.1454 8.6397145005
9.0600 2.1430 8.64926114636
9.0700 2.1406 8.65880779221
9.0800 2.1382 8.66835443807
9.0900 2.1358 8.67790108393
9.1000 2.1334 8.68744772978
9.1100 2.1311 8.69699437564
9.1200 2.1287 8.7065410215
9.1300 2.1263 8.71608766735
9.1400 2.1240 8.72563431321
9.1500 2.1216 8.73518095907
9.1600 2.1193 8.74472760492
9.1700 2.1169 8.75427425078
9.1800 2.1146 8.76382089664
9.1900 2.1122 8.7733675425
9.2000 2.1099 8.78291418835
9.2100 2.1076 8.79246083421
9.2200 2.1053 8.80200748007
9.2300 2.1030 8.81155412592
9.2400 2.1007 8.82110077178
9.2500 2.0983 8.83064741764
9.2600 2.0960 8.84019406349
9.2700 2.0938 8.84974070935
9.2800 2.0915 8.85928735521
9.2900 2.0892 8.86883400106
9.3000 2.0869 8.87838064692
9.3100 2.0846 8.88792729278
9.3200 2.0824 8.89747393864
9.3300 2.0801 8.90702058449
9.3400 2.0778 8.91656723035
9.3500 2.0756 8.92611387621
9.3600 2.0733 8.93566052206
9.3700 2.0711 8.94520716792
9.3800 2.0688 8.95475381378
9.3900 2.0666 8.96430045963
9.4000 2.0644 8.97384710549
9.4100 2.0621 8.98339375135
9.4200 2.0599 8.9929403972
9.4300 2.0577 9.00248704306
9.4400 2.0555 9.01203368892
9.4500 2.0533 9.02158033478
9.4600 2.0511 9.03112698063
9.4700 2.0489 9.04067362649
9.4800 2.0467 9.05022027235
9.4900 2.0445 9.0597669182
9.5000 2.0423 9.06931356406
9.5100 2.0401 9.07886020992
9.5200 2.0380 9.08840685577
9.5300 2.0358 9.09795350163
9.5400 2.0336 9.10750014749
9.5500 2.0315 9.11704679334
9.5600 2.0293 9.1265934392
9.5700 2.0272 9.13614008506
9.5800 2.0250 9.14568673091
9.5900 2.0229 9.15523337677
9.6000 2.0207 9.16478002263
9.6100 2.0186 9.17432666849
9.6200 2.0165 9.18387331434
9.6300 2.0143 9.1934199602
9.6400 2.0122 9.20296660606
9.6500 2.0101 9.21251325191
9.6600 2.0080 9.22205989777
9.6700 2.0059 9.23160654363
9.6800 2.0038 9.24115318948
9.6900 2.0017 9.25069983534
9.7000 1.9996 9.2602464812
9.7100 1.9975 9.26979312705
9.7200 1.9954 9.27933977291
9.7300 1.9933 9.28888641877
9.7400 1.9912 9.29843306463
9.7500 1.9892 9.30797971048
9.7600 1.9871 9.31752635634
9.7700 1.9850 9.3270730022
9.7800 1.9830 9.33661964805
9.7900 1.9809 9.34616629391
9.8000 1.9789 9.35571293977
9.8100 1.9768 9.36525958562
9.8200 1.9748 9.37480623148
9.8300 1.9727 9.38435287734
9.8400 1.9707 9.39389952319
9.8500 1.9687 9.40344616905
9.8600 1.9666 9.41299281491
9.8700 1.9646 9.42253946077
9.8800 1.9626 9.43208610662
9.8900 1.9606 9.44163275248
9.9000 1.9586 9.45117939834
9.9100 1.9566 9.46072604419
9.9200 1.9546 9.47027269005
9.9300 1.9526 9.47981933591
9.9400 1.9506 9.48936598176
9.9500 1.9486 9.49891262762
9.9600 1.9466 9.50845927348
9.9700 1.9446 9.51800591933
9.9800 1.9426 9.52755256519
9.9900 1.9407 9.53709921105
10.000 1.9387 9.5466458569
10.100 1.9192 9.64211231547
10.110 1.9173 9.65165896133
10.120 1.9153 9.66120560719
10.130 1.9134 9.67075225304
10.140 1.9115 9.6802988989
10.150 1.9096 9.68984554476
10.160 1.9077 9.69939219062
10.170 1.9058 9.70893883647
10.180 1.9039 9.71848548233
10.190 1.9020 9.72803212819
10.200 1.9001 9.73757877404
10.210 1.8982 9.7471254199
10.220 1.8963 9.75667206576
10.230 1.8944 9.76621871161
10.240 1.8925 9.77576535747
10.250 1.8907 9.78531200333
10.260 1.8888 9.79485864918
10.270 1.8869 9.80440529504
10.280 1.8850 9.8139519409
10.290 1.8832 9.82349858676
10.300 1.8813 9.83304523261
10.310 1.8795 9.84259187847
10.320 1.8776 9.85213852433
10.330 1.8758 9.86168517018
10.340 1.8739 9.87123181604
10.350 1.8721 9.8807784619
10.360 1.8703 9.89032510775
10.370 1.8684 9.89987175361
10.380 1.8666 9.90941839947
10.390 1.8648 9.91896504532
10.400 1.8629 9.92851169118
10.410 1.8611 9.93805833704
10.420 1.8593 9.94760498289
10.430 1.8575 9.95715162875
10.440 1.8557 9.96669827461
10.450 1.8539 9.97624492047
10.460 1.8521 9.98579156632
10.470 1.8503 9.99533821218
10.480 1.8485 10.004884858
10.490 1.8467 10.0144315039
10.500 1.8449 10.0239781498
10.510 1.8431 10.0335247956
10.520 1.8413 10.0430714415
10.530 1.8396 10.0526180873
10.540 1.8378 10.0621647332
10.550 1.8360 10.071711379
10.560 1.8343 10.0812580249
10.570 1.8325 10.0908046707
10.580 1.8307 10.1003513166
10.590 1.8290 10.1098979625
10.600 1.8272 10.1194446083
10.610 1.8255 10.1289912542
10.620 1.8237 10.1385379
10.630 1.8220 10.1480845459
10.640 1.8202 10.1576311917
10.650 1.8185 10.1671778376
10.660 1.8168 10.1767244835
10.670 1.8150 10.1862711293
10.680 1.8133 10.1958177752
10.690 1.8116 10.205364421
10.700 1.8099 10.2149110669
10.710 1.8081 10.2244577127
10.720 1.8064 10.2340043586
10.730 1.8047 10.2435510045
10.740 1.8030 10.2530976503
10.750 1.8013 10.2626442962
10.760 1.7996 10.272190942
10.770 1.7979 10.2817375879
10.780 1.7962 10.2912842337
10.790 1.7945 10.3008308796
10.800 1.7928 10.3103775255
10.810 1.7911 10.3199241713
10.820 1.7894 10.3294708172
10.830 1.7878 10.339017463
10.840 1.7861 10.3485641089
10.850 1.7844 10.3581107547
10.860 1.7827 10.3676574006
10.870 1.7811 10.3772040465
10.880 1.7794 10.3867506923
10.890 1.7778 10.3962973382
10.900 1.7761 10.405843984
10.910 1.7744 10.4153906299
10.920 1.7728 10.4249372757
10.930 1.7711 10.4344839216
10.940 1.7695 10.4440305675
10.950 1.7678 10.4535772133
10.960 1.7662 10.4631238592
10.970 1.7646 10.472670505
10.980 1.7629 10.4822171509
10.990 1.7613 10.4917637967
11.000 1.7597 10.5013104426
11.010 1.7580 10.5108570885
11.020 1.7564 10.5204037343
11.030 1.7548 10.5299503802
11.040 1.7532 10.539497026
11.050 1.7516 10.5490436719
11.060 1.7500 10.5585903177
11.070 1.7483 10.5681369636
11.080 1.7467 10.5776836095
11.090 1.7451 10.5872302553
11.100 1.7435 10.5967769012
11.110 1.7419 10.606323547
11.120 1.7404 10.6158701929
11.130 1.7388 10.6254168387
11.140 1.7372 10.6349634846
11.150 1.7356 10.6445101304
11.160 1.7340 10.6540567763
11.170 1.7324 10.6636034222
11.180 1.7308 10.673150068
11.190 1.7293 10.6826967139
11.200 1.7277 10.6922433597
11.210 1.7261 10.7017900056
11.220 1.7246 10.7113366514
11.230 1.7230 10.7208832973
11.240 1.7214 10.7304299432
11.250 1.7199 10.739976589
11.260 1.7183 10.7495232349
11.270 1.7168 10.7590698807
11.280 1.7152 10.7686165266
11.290 1.7137 10.7781631724
11.300 1.7121 10.7877098183
11.310 1.7106 10.7972564642
11.320 1.7091 10.80680311
11.330 1.7075 10.8163497559
11.340 1.7060 10.8258964017
11.350 1.7045 10.8354430476
11.360 1.7029 10.8449896934
11.370 1.7014 10.8545363393
11.380 1.6999 10.8640829852
11.390 1.6984 10.873629631
11.400 1.6969 10.8831762769
11.410 1.6953 10.8927229227
11.420 1.6938 10.9022695686
11.430 1.6923 10.9118162144
11.440 1.6908 10.9213628603
11.450 1.6893 10.9309095062
11.460 1.6878 10.940456152
11.470 1.6863 10.9500027979
11.480 1.6848 10.9595494437
11.490 1.6833 10.9690960896
11.500 1.6818 10.9786427354
11.510 1.6804 10.9881893813
11.520 1.6789 10.9977360272
11.530 1.6774 11.007282673
11.540 1.6759 11.0168293189
11.550 1.6744 11.0263759647
11.560 1.6730 11.0359226106
11.570 1.6715 11.0454692564
11.580 1.6700 11.0550159023
11.590 1.6685 11.0645625482
11.600 1.6671 11.074109194
11.610 1.6656 11.0836558399
11.620 1.6642 11.0932024857
11.630 1.6627 11.1027491316
11.640 1.6612 11.1122957774
11.650 1.6598 11.1218424233
11.660 1.6583 11.1313890692
11.670 1.6569 11.140935715
11.680 1.6555 11.1504823609
11.690 1.6540 11.1600290067
11.700 1.6526 11.1695756526
11.710 1.6511 11.1791222984
11.720 1.6497 11.1886689443
11.730 1.6483 11.1982155901
11.740 1.6468 11.207762236
11.750 1.6454 11.2173088819
11.760 1.6440 11.2268555277
11.770 1.6426 11.2364021736
11.780 1.6411 11.2459488194
11.790 1.6397 11.2554954653
11.800 1.6383 11.2650421111
11.810 1.6369 11.274588757
11.820 1.6355 11.2841354029
11.830 1.6341 11.2936820487
11.840 1.6327 11.3032286946
11.850 1.6313 11.3127753404
11.860 1.6299 11.3223219863
11.870 1.6285 11.3318686321
11.880 1.6271 11.341415278
11.890 1.6257 11.3509619239
11.900 1.6243 11.3605085697
11.910 1.6229 11.3700552156
11.920 1.6215 11.3796018614
11.930 1.6201 11.3891485073
11.940 1.6187 11.3986951531
11.950 1.6174 11.408241799
11.960 1.6160 11.4177884449
11.970 1.6146 11.4273350907
11.980 1.6132 11.4368817366
11.990 1.6119 11.4464283824
12.000 1.6105 11.4559750283
12.010 1.6091 11.4655216741
12.020 1.6078 11.47506832
12.030 1.6064 11.4846149659
12.040 1.6050 11.4941616117
12.050 1.6037 11.5037082576
12.060 1.6023 11.5132549034
12.070 1.6010 11.5228015493
12.080 1.5996 11.5323481951
12.090 1.5983 11.541894841
12.100 1.5969 11.5514414869
12.110 1.5956 11.5609881327
12.120 1.5942 11.5705347786
12.130 1.5929 11.5800814244
12.140 1.5916 11.5896280703
12.150 1.5902 11.5991747161
12.160 1.5889 11.608721362
12.170 1.5876 11.6182680079
12.180 1.5862 11.6278146537
12.190 1.5849 11.6373612996
12.200 1.5836 11.6469079454
12.210 1.5823 11.6564545913
12.220 1.5810 11.6660012371
12.230 1.5796 11.675547883
12.240 1.5783 11.6850945289
12.250 1.5770 11.6946411747
12.260 1.5757 11.7041878206
12.270 1.5744 11.7137344664
12.280 1.5731 11.7232811123
12.290 1.5718 11.7328277581
12.300 1.5705 11.742374404
12.310 1.5692 11.7519210498
12.320 1.5679 11.7614676957
12.330 1.5666 11.7710143416
12.340 1.5653 11.7805609874
12.350 1.5640 11.7901076333
12.360 1.5627 11.7996542791
12.370 1.5614 11.809200925
12.380 1.5601 11.8187475708
12.390 1.5588 11.8282942167
12.400 1.5576 11.8378408626
12.410 1.5563 11.8473875084
12.420 1.5550 11.8569341543
12.430 1.5537 11.8664808001
12.440 1.5525 11.876027446
12.450 1.5512 11.8855740918
12.460 1.5499 11.8951207377
12.470 1.5486 11.9046673836
12.480 1.5474 11.9142140294
12.490 1.5461 11.9237606753
12.500 1.5449 11.9333073211
12.510 1.5436 11.942853967
12.520 1.5423 11.9524006128
12.530 1.5411 11.9619472587
12.540 1.5398 11.9714939046
12.550 1.5386 11.9810405504
12.560 1.5373 11.9905871963
12.570 1.5361 12.0001338421
12.580 1.5348 12.009680488
12.590 1.5336 12.0192271338
12.600 1.5324 12.0287737797
12.610 1.5311 12.0383204256
12.620 1.5299 12.0478670714
12.630 1.5286 12.0574137173
12.640 1.5274 12.0669603631
12.650 1.5262 12.076507009
12.660 1.5250 12.0860536548
12.670 1.5237 12.0956003007
12.680 1.5225 12.1051469466
12.690 1.5213 12.1146935924
12.700 1.5201 12.1242402383
12.710 1.5188 12.1337868841
12.720 1.5176 12.14333353
12.730 1.5164 12.1528801758
12.740 1.5152 12.1624268217
12.750 1.5140 12.1719734676
12.760 1.5128 12.1815201134
12.770 1.5116 12.1910667593
12.780 1.5103 12.2006134051
12.790 1.5091 12.210160051
12.800 1.5079 12.2197066968
12.810 1.5067 12.2292533427
12.820 1.5055 12.2387999886
12.830 1.5043 12.2483466344
12.840 1.5031 12.2578932803
12.850 1.5020 12.2674399261
12.860 1.5008 12.276986572
12.870 1.4996 12.2865332178
12.880 1.4984 12.2960798637
12.890 1.4972 12.3056265096
12.900 1.4960 12.3151731554
12.910 1.4948 12.3247198013
12.920 1.4937 12.3342664471
12.930 1.4925 12.343813093
12.940 1.4913 12.3533597388
12.950 1.4901 12.3629063847
12.960 1.4889 12.3724530305
12.970 1.4878 12.3819996764
12.980 1.4866 12.3915463223
12.990 1.4854 12.4010929681
13.000 1.4843 12.410639614
13.010 1.4831 12.4201862598
13.020 1.4819 12.4297329057
13.030 1.4808 12.4392795515
13.040 1.4796 12.4488261974
13.050 1.4785 12.4583728433
13.060 1.4773 12.4679194891
13.070 1.4762 12.477466135
13.080 1.4750 12.4870127808
13.090 1.4739 12.4965594267
13.100 1.4727 12.5061060725
13.110 1.4716 12.5156527184
13.120 1.4704 12.5251993643
13.130 1.4693 12.5347460101
13.140 1.4681 12.544292656
13.150 1.4670 12.5538393018
13.160 1.4659 12.5633859477
13.170 1.4647 12.5729325935
13.180 1.4636 12.5824792394
13.190 1.4625 12.5920258853
13.200 1.4613 12.6015725311
13.210 1.4602 12.611119177
13.220 1.4591 12.6206658228
13.230 1.4579 12.6302124687
13.240 1.4568 12.6397591145
13.250 1.4557 12.6493057604
13.260 1.4546 12.6588524063
13.270 1.4535 12.6683990521
13.280 1.4523 12.677945698
13.290 1.4512 12.6874923438
13.300 1.4501 12.6970389897
13.310 1.4490 12.7065856355
13.320 1.4479 12.7161322814
13.330 1.4468 12.7256789273
13.340 1.4457 12.7352255731
13.350 1.4446 12.744772219
13.360 1.4435 12.7543188648
13.370 1.4424 12.7638655107
13.380 1.4413 12.7734121565
13.390 1.4402 12.7829588024
13.400 1.4391 12.7925054483
13.410 1.4380 12.8020520941
13.420 1.4369 12.81159874
13.430 1.4358 12.8211453858
13.440 1.4347 12.8306920317
13.450 1.4336 12.8402386775
13.460 1.4325 12.8497853234
13.470 1.4314 12.8593319693
13.480 1.4303 12.8688786151
13.490 1.4293 12.878425261
13.500 1.4282 12.8879719068
13.510 1.4271 12.8975185527
13.520 1.4260 12.9070651985
13.530 1.4249 12.9166118444
13.540 1.4239 12.9261584902
13.550 1.4228 12.9357051361
13.560 1.4217 12.945251782
13.570 1.4207 12.9547984278
13.580 1.4196 12.9643450737
13.590 1.4185 12.9738917195
13.600 1.4175 12.9834383654
13.610 1.4164 12.9929850112
13.620 1.4153 13.0025316571
13.630 1.4143 13.012078303
13.640 1.4132 13.0216249488
13.650 1.4121 13.0311715947
13.660 1.4111 13.0407182405
13.670 1.4100 13.0502648864
13.680 1.4090 13.0598115322
13.690 1.4079 13.0693581781
13.700 1.4069 13.078904824
13.710 1.4058 13.0884514698
13.720 1.4048 13.0979981157
13.730 1.4037 13.1075447615
13.740 1.4027 13.1170914074
13.750 1.4017 13.1266380532
13.760 1.4006 13.1361846991
13.770 1.3996 13.145731345
13.780 1.3985 13.1552779908
13.790 1.3975 13.1648246367
13.800 1.3965 13.1743712825
13.810 1.3954 13.1839179284
13.820 1.3944 13.1934645742
13.830 1.3934 13.2030112201
13.840 1.3923 13.212557866
13.850 1.3913 13.2221045118
13.860 1.3903 13.2316511577
13.870 1.3893 13.2411978035
13.880 1.3882 13.2507444494
13.890 1.3872 13.2602910952
13.900 1.3862 13.2698377411
13.910 1.3852 13.279384387
13.920 1.3842 13.2889310328
13.930 1.3832 13.2984776787
13.940 1.3821 13.3080243245
13.950 1.3811 13.3175709704
13.960 1.3801 13.3271176162
13.970 1.3791 13.3366642621
13.980 1.3781 13.346210908
13.990 1.3771 13.3557575538
14.000 1.3761 13.3653041997
14.010 1.3751 13.3748508455
14.020 1.3741 13.3843974914
14.030 1.3731 13.3939441372
14.040 1.3721 13.4034907831
14.050 1.3711 13.413037429
14.060 1.3701 13.4225840748
14.070 1.3691 13.4321307207
14.080 1.3681 13.4416773665
14.090 1.3671 13.4512240124
14.100 1.3661 13.4607706582
14.110 1.3651 13.4703173041
14.120 1.3641 13.4798639499
14.130 1.3631 13.4894105958
14.140 1.3622 13.4989572417
14.150 1.3612 13.5085038875
14.160 1.3602 13.5180505334
14.170 1.3592 13.5275971792
14.180 1.3582 13.5371438251
14.190 1.3573 13.5466904709
14.200 1.3563 13.5562371168
14.210 1.3553 13.5657837627
14.220 1.3543 13.5753304085
14.230 1.3534 13.5848770544
14.240 1.3524 13.5944237002
14.250 1.3514 13.6039703461
14.260 1.3504 13.6135169919
14.270 1.3495 13.6230636378
14.280 1.3485 13.6326102837
14.290 1.3475 13.6421569295
14.300 1.3466 13.6517035754
14.310 1.3456 13.6612502212
14.320 1.3447 13.6707968671
14.330 1.3437 13.6803435129
14.340 1.3427 13.6898901588
14.350 1.3418 13.6994368047
14.360 1.3408 13.7089834505
14.370 1.3399 13.7185300964
14.380 1.3389 13.7280767422
14.390 1.3380 13.7376233881
14.400 1.3370 13.7471700339
14.410 1.3361 13.7567166798
14.420 1.3351 13.7662633257
14.430 1.3342 13.7758099715
14.440 1.3332 13.7853566174
14.450 1.3323 13.7949032632
14.460 1.3313 13.8044499091
14.470 1.3304 13.8139965549
14.480 1.3295 13.8235432008
14.490 1.3285 13.8330898467
14.500 1.3276 13.8426364925
14.510 1.3267 13.8521831384
14.520 1.3257 13.8617297842
14.530 1.3248 13.8712764301
14.540 1.3239 13.8808230759
14.550 1.3229 13.8903697218
14.560 1.3220 13.8999163677
14.570 1.3211 13.9094630135
14.580 1.3201 13.9190096594
14.590 1.3192 13.9285563052
14.600 1.3183 13.9381029511
14.610 1.3174 13.9476495969
14.620 1.3164 13.9571962428
14.630 1.3155 13.9667428887
14.640 1.3146 13.9762895345
14.650 1.3137 13.9858361804
14.660 1.3128 13.9953828262
14.670 1.3119 14.0049294721
14.680 1.3109 14.0144761179
14.690 1.3100 14.0240227638
14.700 1.3091 14.0335694097
14.710 1.3082 14.0431160555
14.720 1.3073 14.0526627014
14.730 1.3064 14.0622093472
14.740 1.3055 14.0717559931
14.750 1.3046 14.0813026389
14.760 1.3037 14.0908492848
14.770 1.3028 14.1003959306
14.780 1.3019 14.1099425765
14.790 1.3010 14.1194892224
14.800 1.3001 14.1290358682
14.810 1.2992 14.1385825141
14.820 1.2983 14.1481291599
14.830 1.2974 14.1576758058
14.840 1.2965 14.1672224516
14.850 1.2956 14.1767690975
14.860 1.2947 14.1863157434
14.870 1.2938 14.1958623892
14.880 1.2929 14.2054090351
14.890 1.2920 14.2149556809
14.900 1.2911 14.2245023268
14.910 1.2903 14.2340489726
14.920 1.2894 14.2435956185
14.930 1.2885 14.2531422644
14.940 1.2876 14.2626889102
14.950 1.2867 14.2722355561
14.960 1.2858 14.2817822019
14.970 1.2850 14.2913288478
14.980 1.2841 14.3008754936
14.990 1.2832 14.3104221395
15.000 1.2823 14.3199687854
15.100 1.2736 14.4154352439
15.110 1.2728 14.4249818898
15.120 1.2719 14.4345285356
15.130 1.2711 14.4440751815
15.140 1.2702 14.4536218274
15.150 1.2693 14.4631684732
15.160 1.2685 14.4727151191
15.170 1.2676 14.4822617649
15.180 1.2668 14.4918084108
15.190 1.2659 14.5013550566
15.200 1.2651 14.5109017025
15.210 1.2642 14.5204483484
15.220 1.2634 14.5299949942
15.230 1.2625 14.5395416401
15.240 1.2617 14.5490882859
15.250 1.2608 14.5586349318
15.260 1.2600 14.5681815776
15.270 1.2591 14.5777282235
15.280 1.2583 14.5872748694
15.290 1.2574 14.5968215152
15.300 1.2566 14.6063681611
15.310 1.2558 14.6159148069
15.320 1.2549 14.6254614528
15.330 1.2541 14.6350080986
15.340 1.2532 14.6445547445
15.350 1.2524 14.6541013903
15.360 1.2516 14.6636480362
15.370 1.2507 14.6731946821
15.380 1.2499 14.6827413279
15.390 1.2491 14.6922879738
15.400 1.2482 14.7018346196
15.410 1.2474 14.7113812655
15.420 1.2466 14.7209279113
15.430 1.2458 14.7304745572
15.440 1.2449 14.7400212031
15.450 1.2441 14.7495678489
15.460 1.2433 14.7591144948
15.470 1.2425 14.7686611406
15.480 1.2416 14.7782077865
15.490 1.2408 14.7877544323
15.500 1.2400 14.7973010782
15.510 1.2392 14.8068477241
15.520 1.2384 14.8163943699
15.530 1.2375 14.8259410158
15.540 1.2367 14.8354876616
15.550 1.2359 14.8450343075
15.560 1.2351 14.8545809533
15.570 1.2343 14.8641275992
15.580 1.2335 14.8736742451
15.590 1.2327 14.8832208909
15.600 1.2318 14.8927675368
15.610 1.2310 14.9023141826
15.620 1.2302 14.9118608285
15.630 1.2294 14.9214074743
15.640 1.2286 14.9309541202
15.650 1.2278 14.9405007661
15.660 1.2270 14.9500474119
15.670 1.2262 14.9595940578
15.680 1.2254 14.9691407036
15.690 1.2246 14.9786873495
15.700 1.2238 14.9882339953
15.710 1.2230 14.9977806412
15.720 1.2222 15.0073272871
15.730 1.2214 15.0168739329
15.740 1.2206 15.0264205788
15.750 1.2198 15.0359672246
15.760 1.2190 15.0455138705
15.770 1.2182 15.0550605163
15.780 1.2175 15.0646071622
15.790 1.2167 15.0741538081
15.800 1.2159 15.0837004539
15.810 1.2151 15.0932470998
15.820 1.2143 15.1027937456
15.830 1.2135 15.1123403915
15.840 1.2127 15.1218870373
15.850 1.2119 15.1314336832
15.860 1.2112 15.1409803291
15.870 1.2104 15.1505269749
15.880 1.2096 15.1600736208
15.890 1.2088 15.1696202666
15.900 1.2080 15.1791669125
15.910 1.2073 15.1887135583
15.920 1.2065 15.1982602042
15.930 1.2057 15.20780685
15.940 1.2049 15.2173534959
15.950 1.2042 15.2269001418
15.960 1.2034 15.2364467876
15.970 1.2026 15.2459934335
15.980 1.2018 15.2555400793
15.990 1.2011 15.2650867252
16.000 1.2003 15.274633371
16.010 1.1995 15.2841800169
16.020 1.1988 15.2937266628
16.030 1.1980 15.3032733086
16.040 1.1972 15.3128199545
16.050 1.1965 15.3223666003
16.060 1.1957 15.3319132462
16.070 1.1949 15.341459892
16.080 1.1942 15.3510065379
16.090 1.1934 15.3605531838
16.100 1.1927 15.3700998296
16.110 1.1919 15.3796464755
16.120 1.1911 15.3891931213
16.130 1.1904 15.3987397672
16.140 1.1896 15.408286413
16.150 1.1889 15.4178330589
16.160 1.1881 15.4273797048
16.170 1.1874 15.4369263506
16.180 1.1866 15.4464729965
16.190 1.1859 15.4560196423
16.200 1.1851 15.4655662882
16.210 1.1844 15.475112934
16.220 1.1836 15.4846595799
16.230 1.1829 15.4942062258
16.240 1.1821 15.5037528716
16.250 1.1814 15.5132995175
16.260 1.1806 15.5228461633
16.270 1.1799 15.5323928092
16.280 1.1791 15.541939455
16.290 1.1784 15.5514861009
16.300 1.1776 15.5610327468
16.310 1.1769 15.5705793926
16.320 1.1762 15.5801260385
16.330 1.1754 15.5896726843
16.340 1.1747 15.5992193302
16.350 1.1740 15.608765976
16.360 1.1732 15.6183126219
16.370 1.1725 15.6278592678
16.380 1.1717 15.6374059136
16.390 1.1710 15.6469525595
16.400 1.1703 15.6564992053
16.410 1.1696 15.6660458512
16.420 1.1688 15.675592497
16.430 1.1681 15.6851391429
16.440 1.1674 15.6946857888
16.450 1.1666 15.7042324346
16.460 1.1659 15.7137790805
16.470 1.1652 15.7233257263
16.480 1.1645 15.7328723722
16.490 1.1637 15.742419018
16.500 1.1630 15.7519656639
16.510 1.1623 15.7615123098
16.520 1.1616 15.7710589556
16.530 1.1608 15.7806056015
16.540 1.1601 15.7901522473
16.550 1.1594 15.7996988932
16.560 1.1587 15.809245539
16.570 1.1580 15.8187921849
16.580 1.1573 15.8283388307
16.590 1.1565 15.8378854766
16.600 1.1558 15.8474321225
16.610 1.1551 15.8569787683
16.620 1.1544 15.8665254142
16.630 1.1537 15.87607206
16.640 1.1530 15.8856187059
16.650 1.1523 15.8951653517
16.660 1.1515 15.9047119976
16.670 1.1508 15.9142586435
16.680 1.1501 15.9238052893
16.690 1.1494 15.9333519352
16.700 1.1487 15.942898581
16.710 1.1480 15.9524452269
16.720 1.1473 15.9619918727
16.730 1.1466 15.9715385186
16.740 1.1459 15.9810851645
16.750 1.1452 15.9906318103
16.760 1.1445 16.0001784562
16.770 1.1438 16.009725102
16.780 1.1431 16.0192717479
16.790 1.1424 16.0288183937
16.800 1.1417 16.0383650396
16.810 1.1410 16.0479116855
16.820 1.1403 16.0574583313
16.830 1.1396 16.0670049772
16.840 1.1389 16.076551623
16.850 1.1382 16.0860982689
16.860 1.1375 16.0956449147
16.870 1.1368 16.1051915606
16.880 1.1361 16.1147382065
16.890 1.1355 16.1242848523
16.900 1.1348 16.1338314982
16.910 1.1341 16.143378144
16.920 1.1334 16.1529247899
16.930 1.1327 16.1624714357
16.940 1.1320 16.1720180816
16.950 1.1313 16.1815647275
16.960 1.1306 16.1911113733
16.970 1.1300 16.2006580192
16.980 1.1293 16.210204665
16.990 1.1286 16.2197513109
17.000 1.1279 16.2292979567
17.010 1.1272 16.2388446026
17.020 1.1266 16.2483912485
17.030 1.1259 16.2579378943
17.040 1.1252 16.2674845402
17.050 1.1245 16.277031186
17.060 1.1238 16.2865778319
17.070 1.1232 16.2961244777
17.080 1.1225 16.3056711236
17.090 1.1218 16.3152177695
17.100 1.1211 16.3247644153
17.110 1.1205 16.3343110612
17.120 1.1198 16.343857707
17.130 1.1191 16.3534043529
17.140 1.1185 16.3629509987
17.150 1.1178 16.3724976446
17.160 1.1171 16.3820442904
17.170 1.1164 16.3915909363
17.180 1.1158 16.4011375822
17.190 1.1151 16.410684228
17.200 1.1144 16.4202308739
17.210 1.1138 16.4297775197
17.220 1.1131 16.4393241656
17.230 1.1125 16.4488708114
17.240 1.1118 16.4584174573
17.250 1.1111 16.4679641032
17.260 1.1105 16.477510749
17.270 1.1098 16.4870573949
17.280 1.1092 16.4966040407
17.290 1.1085 16.5061506866
17.300 1.1078 16.5156973324
17.310 1.1072 16.5252439783
17.320 1.1065 16.5347906242
17.330 1.1059 16.54433727
17.340 1.1052 16.5538839159
17.350 1.1046 16.5634305617
17.360 1.1039 16.5729772076
17.370 1.1032 16.5825238534
17.380 1.1026 16.5920704993
17.390 1.1019 16.6016171452
17.400 1.1013 16.611163791
17.410 1.1006 16.6207104369
17.420 1.1000 16.6302570827
17.430 1.0993 16.6398037286
17.440 1.0987 16.6493503744
17.450 1.0981 16.6588970203
17.460 1.0974 16.6684436662
17.470 1.0968 16.677990312
17.480 1.0961 16.6875369579
17.490 1.0955 16.6970836037
17.500 1.0948 16.7066302496
17.510 1.0942 16.7161768954
17.520 1.0935 16.7257235413
17.530 1.0929 16.7352701872
17.540 1.0923 16.744816833
17.550 1.0916 16.7543634789
17.560 1.0910 16.7639101247
17.570 1.0903 16.7734567706
17.580 1.0897 16.7830034164
17.590 1.0891 16.7925500623
17.600 1.0884 16.8020967082
17.610 1.0878 16.811643354
17.620 1.0872 16.8211899999
17.630 1.0865 16.8307366457
17.640 1.0859 16.8402832916
17.650 1.0853 16.8498299374
17.660 1.0846 16.8593765833
17.670 1.0840 16.8689232292
17.680 1.0834 16.878469875
17.690 1.0827 16.8880165209
17.700 1.0821 16.8975631667
17.710 1.0815 16.9071098126
17.720 1.0809 16.9166564584
17.730 1.0802 16.9262031043
17.740 1.0796 16.9357497501
17.750 1.0790 16.945296396
17.760 1.0784 16.9548430419
17.770 1.0777 16.9643896877
17.780 1.0771 16.9739363336
17.790 1.0765 16.9834829794
17.800 1.0759 16.9930296253
17.810 1.0752 17.0025762711
17.820 1.0746 17.012122917
17.830 1.0740 17.0216695629
17.840 1.0734 17.0312162087
17.850 1.0728 17.0407628546
17.860 1.0722 17.0503095004
17.870 1.0715 17.0598561463
17.880 1.0709 17.0694027921
17.890 1.0703 17.078949438
17.900 1.0697 17.0884960839
17.910 1.0691 17.0980427297
17.920 1.0685 17.1075893756
17.930 1.0679 17.1171360214
17.940 1.0672 17.1266826673
17.950 1.0666 17.1362293131
17.960 1.0660 17.145775959
17.970 1.0654 17.1553226049
17.980 1.0648 17.1648692507
17.990 1.0642 17.1744158966
18.000 1.0636 17.1839625424
18.010 1.0630 17.1935091883
18.020 1.0624 17.2030558341
18.030 1.0618 17.21260248
18.040 1.0612 17.2221491259
18.050 1.0606 17.2316957717
18.060 1.0599 17.2412424176
18.070 1.0593 17.2507890634
18.080 1.0587 17.2603357093
18.090 1.0581 17.2698823551
18.100 1.0575 17.279429001
18.110 1.0569 17.2889756469
18.120 1.0563 17.2985222927
18.130 1.0557 17.3080689386
18.140 1.0551 17.3176155844
18.150 1.0545 17.3271622303
18.160 1.0539 17.3367088761
18.170 1.0533 17.346255522
18.180 1.0528 17.3558021679
18.190 1.0522 17.3653488137
18.200 1.0516 17.3748954596
18.210 1.0510 17.3844421054
18.220 1.0504 17.3939887513
18.230 1.0498 17.4035353971
18.240 1.0492 17.413082043
18.250 1.0486 17.4226286889
18.260 1.0480 17.4321753347
18.270 1.0474 17.4417219806
18.280 1.0468 17.4512686264
18.290 1.0462 17.4608152723
18.300 1.0457 17.4703619181
18.310 1.0451 17.479908564
18.320 1.0445 17.4894552098
18.330 1.0439 17.4990018557
18.340 1.0433 17.5085485016
18.350 1.0427 17.5180951474
18.360 1.0421 17.5276417933
18.370 1.0416 17.5371884391
18.380 1.0410 17.546735085
18.390 1.0404 17.5562817308
18.400 1.0398 17.5658283767
18.410 1.0392 17.5753750226
18.420 1.0386 17.5849216684
18.430 1.0381 17.5944683143
18.440 1.0375 17.6040149601
18.450 1.0369 17.613561606
18.460 1.0363 17.6231082518
18.470 1.0358 17.6326548977
18.480 1.0352 17.6422015436
18.490 1.0346 17.6517481894
18.500 1.0340 17.6612948353
18.510 1.0334 17.6708414811
18.520 1.0329 17.680388127
18.530 1.0323 17.6899347728
18.540 1.0317 17.6994814187
18.550 1.0312 17.7090280646
18.560 1.0306 17.7185747104
18.570 1.0300 17.7281213563
18.580 1.0294 17.7376680021
18.590 1.0289 17.747214648
18.600 1.0283 17.7567612938
18.610 1.0277 17.7663079397
18.620 1.0272 17.7758545856
18.630 1.0266 17.7854012314
18.640 1.0260 17.7949478773
18.650 1.0255 17.8044945231
18.660 1.0249 17.814041169
18.670 1.0243 17.8235878148
18.680 1.0238 17.8331344607
18.690 1.0232 17.8426811066
18.700 1.0226 17.8522277524
18.710 1.0221 17.8617743983
18.720 1.0215 17.8713210441
18.730 1.0210 17.88086769
18.740 1.0204 17.8904143358
18.750 1.0198 17.8999609817
18.760 1.0193 17.9095076276
18.770 1.0187 17.9190542734
18.780 1.0182 17.9286009193
18.790 1.0176 17.9381475651
18.800 1.0170 17.947694211
18.810 1.0165 17.9572408568
18.820 1.0159 17.9667875027
18.830 1.0154 17.9763341486
18.840 1.0148 17.9858807944
18.850 1.0143 17.9954274403
18.860 1.0137 18.0049740861
18.870 1.0132 18.014520732
18.880 1.0126 18.0240673778
18.890 1.0121 18.0336140237
18.900 1.0115 18.0431606696
18.910 1.0110 18.0527073154
18.920 1.0104 18.0622539613
18.930 1.0099 18.0718006071
18.940 1.0093 18.081347253
18.950 1.0088 18.0908938988
18.960 1.0082 18.1004405447
18.970 1.0077 18.1099871905
18.980 1.0071 18.1195338364
18.990 1.0066 18.1290804823
19.000 1.0060 18.1386271281
19.010 1.0055 18.148173774
19.020 1.0049 18.1577204198
19.030 1.0044 18.1672670657
19.040 1.0038 18.1768137115
19.050 1.0033 18.1863603574
19.060 1.0028 18.1959070033
19.070 1.0022 18.2054536491
19.080 1.0017 18.215000295
19.090 1.0011 18.2245469408
19.100 1.0006 18.2340935867
19.110 1.0001 18.2436402325
19.120 0.99952 18.2531868784
19.130 0.99898 18.2627335243
19.140 0.99844 18.2722801701
19.150 0.99791 18.281826816
19.160 0.99737 18.2913734618
19.170 0.99683 18.3009201077
19.180 0.99630 18.3104667535
19.190 0.99576 18.3200133994
19.200 0.99523 18.3295600453
19.210 0.99469 18.3391066911
19.220 0.99416 18.348653337
19.230 0.99363 18.3581999828
19.240 0.99310 18.3677466287
19.250 0.99257 18.3772932745
19.260 0.99203 18.3868399204
19.270 0.99150 18.3963865663
19.280 0.99097 18.4059332121
19.290 0.99044 18.415479858
19.300 0.98992 18.4250265038
19.310 0.98939 18.4345731497
19.320 0.98886 18.4441197955
19.330 0.98833 18.4536664414
19.340 0.98781 18.4632130873
19.350 0.98728 18.4727597331
19.360 0.98676 18.482306379
19.370 0.98623 18.4918530248
19.380 0.98571 18.5013996707
19.390 0.98518 18.5109463165
19.400 0.98466 18.5204929624
19.410 0.98414 18.5300396083
19.420 0.98361 18.5395862541
19.430 0.98309 18.5491329
19.440 0.98257 18.5586795458
19.450 0.98205 18.5682261917
19.460 0.98153 18.5777728375
19.470 0.98101 18.5873194834
19.480 0.98049 18.5968661293
19.490 0.97997 18.6064127751
19.500 0.97946 18.615959421
19.510 0.97894 18.6255060668
19.520 0.97842 18.6350527127
19.530 0.97790 18.6445993585
19.540 0.97739 18.6541460044
19.550 0.97687 18.6636926502
19.560 0.97636 18.6732392961
19.570 0.97584 18.682785942
19.580 0.97533 18.6923325878
19.590 0.97482 18.7018792337
19.600 0.97431 18.7114258795
19.610 0.97379 18.7209725254
19.620 0.97328 18.7305191712
19.630 0.97277 18.7400658171
19.640 0.97226 18.749612463
19.650 0.97175 18.7591591088
19.660 0.97124 18.7687057547
19.670 0.97073 18.7782524005
19.680 0.97022 18.7877990464
19.690 0.96971 18.7973456922
19.700 0.96921 18.8068923381
19.710 0.96870 18.816438984
19.720 0.96819 18.8259856298
19.730 0.96769 18.8355322757
19.740 0.96718 18.8450789215
19.750 0.96668 18.8546255674
19.760 0.96617 18.8641722132
19.770 0.96567 18.8737188591
19.780 0.96517 18.883265505
19.790 0.96466 18.8928121508
19.800 0.96416 18.9023587967
19.810 0.96366 18.9119054425
19.820 0.96316 18.9214520884
19.830 0.96266 18.9309987342
19.840 0.96216 18.9405453801
19.850 0.96166 18.950092026
19.860 0.96116 18.9596386718
19.870 0.96066 18.9691853177
19.880 0.96016 18.9787319635
19.890 0.95966 18.9882786094
19.900 0.95917 18.9978252552
19.910 0.95867 19.0073719011
19.920 0.95817 19.016918547
19.930 0.95768 19.0264651928
19.940 0.95718 19.0360118387
19.950 0.95669 19.0455584845
19.960 0.95619 19.0551051304
19.970 0.95570 19.0646517762
19.980 0.95520 19.0741984221
19.990 0.95471 19.083745068
20.000 0.95422 19.0932917138
20.100 0.94932 19.1887581724
20.110 0.94884 19.1983048182
20.120 0.94835 19.2078514641
20.130 0.94786 19.2173981099
20.140 0.94738 19.2269447558
20.150 0.94689 19.2364914017
20.160 0.94641 19.2460380475
20.170 0.94592 19.2555846934
20.180 0.94544 19.2651313392
20.190 0.94496 19.2746779851
20.200 0.94448 19.2842246309
20.210 0.94399 19.2937712768
20.220 0.94351 19.3033179227
20.230 0.94303 19.3128645685
20.240 0.94255 19.3224112144
20.250 0.94207 19.3319578602
20.260 0.94159 19.3415045061
20.270 0.94111 19.3510511519
20.280 0.94063 19.3605977978
20.290 0.94015 19.3701444437
20.300 0.93967 19.3796910895
20.310 0.93920 19.3892377354
20.320 0.93872 19.3987843812
20.330 0.93824 19.4083310271
20.340 0.93777 19.4178776729
20.350 0.93729 19.4274243188
20.360 0.93682 19.4369709647
20.370 0.93634 19.4465176105
20.380 0.93587 19.4560642564
20.390 0.93540 19.4656109022
20.400 0.93492 19.4751575481
20.410 0.93445 19.4847041939
20.420 0.93398 19.4942508398
20.430 0.93350 19.5037974857
20.440 0.93303 19.5133441315
20.450 0.93256 19.5228907774
20.460 0.93209 19.5324374232
20.470 0.93162 19.5419840691
20.480 0.93115 19.5515307149
20.490 0.93068 19.5610773608
20.500 0.93022 19.5706240067
20.510 0.92975 19.5801706525
20.520 0.92928 19.5897172984
20.530 0.92881 19.5992639442
20.540 0.92835 19.6088105901
20.550 0.92788 19.6183572359
20.560 0.92741 19.6279038818
20.570 0.92695 19.6374505277
20.580 0.92648 19.6469971735
20.590 0.92602 19.6565438194
20.600 0.92555 19.6660904652
20.610 0.92509 19.6756371111
20.620 0.92463 19.6851837569
20.630 0.92416 19.6947304028
20.640 0.92370 19.7042770487
20.650 0.92324 19.7138236945
20.660 0.92278 19.7233703404
20.670 0.92232 19.7329169862
20.680 0.92186 19.7424636321
20.690 0.92140 19.7520102779
20.700 0.92094 19.7615569238
20.710 0.92048 19.7711035697
20.720 0.92002 19.7806502155
20.730 0.91956 19.7901968614
20.740 0.91910 19.7997435072
20.750 0.91865 19.8092901531
20.760 0.91819 19.8188367989
20.770 0.91773 19.8283834448
20.780 0.91728 19.8379300906
20.790 0.91682 19.8474767365
20.800 0.91637 19.8570233824
20.810 0.91591 19.8665700282
20.820 0.91546 19.8761166741
20.830 0.91500 19.8856633199
20.840 0.91455 19.8952099658
20.850 0.91410 19.9047566116
20.860 0.91365 19.9143032575
20.870 0.91319 19.9238499034
20.880 0.91274 19.9333965492
20.890 0.91229 19.9429431951
20.900 0.91184 19.9524898409
20.910 0.91139 19.9620364868
20.920 0.91094 19.9715831326
20.930 0.91049 19.9811297785
20.940 0.91004 19.9906764244
20.950 0.90959 20.0002230702
20.960 0.90914 20.0097697161
20.970 0.90870 20.0193163619
20.980 0.90825 20.0288630078
20.990 0.90780 20.0384096536
21.000 0.90735 20.0479562995
21.010 0.90691 20.0575029454
21.020 0.90646 20.0670495912
21.030 0.90602 20.0765962371
21.040 0.90557 20.0861428829
21.050 0.90513 20.0956895288
21.060 0.90468 20.1052361746
21.070 0.90424 20.1147828205
21.080 0.90380 20.1243294664
21.090 0.90335 20.1338761122
21.100 0.90291 20.1434227581
21.110 0.90247 20.1529694039
21.120 0.90203 20.1625160498
21.130 0.90159 20.1720626956
21.140 0.90115 20.1816093415
21.150 0.90071 20.1911559874
21.160 0.90027 20.2007026332
21.170 0.89983 20.2102492791
21.180 0.89939 20.2197959249
21.190 0.89895 20.2293425708
21.200 0.89851 20.2388892166
21.210 0.89807 20.2484358625
21.220 0.89764 20.2579825084
21.230 0.89720 20.2675291542
21.240 0.89676 20.2770758001
21.250 0.89633 20.2866224459
21.260 0.89589 20.2961690918
21.270 0.89546 20.3057157376
21.280 0.89502 20.3152623835
21.290 0.89459 20.3248090294
21.300 0.89415 20.3343556752
21.310 0.89372 20.3439023211
21.320 0.89329 20.3534489669
21.330 0.89285 20.3629956128
21.340 0.89242 20.3725422586
21.350 0.89199 20.3820889045
21.360 0.89156 20.3916355503
21.370 0.89113 20.4011821962
21.380 0.89070 20.4107288421
21.390 0.89027 20.4202754879
21.400 0.88984 20.4298221338
21.410 0.88941 20.4393687796
21.420 0.88898 20.4489154255
21.430 0.88855 20.4584620713
21.440 0.88812 20.4680087172
21.450 0.88769 20.4775553631
21.460 0.88726 20.4871020089
21.470 0.88684 20.4966486548
21.480 0.88641 20.5061953006
21.490 0.88598 20.5157419465
21.500 0.88556 20.5252885923
21.510 0.88513 20.5348352382
21.520 0.88471 20.5443818841
21.530 0.88428 20.5539285299
21.540 0.88386 20.5634751758
21.550 0.88343 20.5730218216
21.560 0.88301 20.5825684675
21.570 0.88259 20.5921151133
21.580 0.88216 20.6016617592
21.590 0.88174 20.6112084051
21.600 0.88132 20.6207550509
21.610 0.88090 20.6303016968
21.620 0.88048 20.6398483426
21.630 0.88006 20.6493949885
21.640 0.87964 20.6589416343
21.650 0.87922 20.6684882802
21.660 0.87880 20.6780349261
21.670 0.87838 20.6875815719
21.680 0.87796 20.6971282178
21.690 0.87754 20.7066748636
21.700 0.87712 20.7162215095
21.710 0.87670 20.7257681553
21.720 0.87629 20.7353148012
21.730 0.87587 20.7448614471
21.740 0.87545 20.7544080929
21.750 0.87504 20.7639547388
21.760 0.87462 20.7735013846
21.770 0.87420 20.7830480305
21.780 0.87379 20.7925946763
21.790 0.87337 20.8021413222
21.800 0.87296 20.8116879681
21.810 0.87255 20.8212346139
21.820 0.87213 20.8307812598
21.830 0.87172 20.8403279056
21.840 0.87131 20.8498745515
21.850 0.87089 20.8594211973
21.860 0.87048 20.8689678432
21.870 0.87007 20.8785144891
21.880 0.86966 20.8880611349
21.890 0.86925 20.8976077808
21.900 0.86884 20.9071544266
21.910 0.86843 20.9167010725
21.920 0.86802 20.9262477183
21.930 0.86761 20.9357943642
21.940 0.86720 20.94534101
21.950 0.86679 20.9548876559
21.960 0.86638 20.9644343018
21.970 0.86597 20.9739809476
21.980 0.86557 20.9835275935
21.990 0.86516 20.9930742393
22.000 0.86475 21.0026208852
22.010 0.86435 21.012167531
22.020 0.86394 21.0217141769
22.030 0.86353 21.0312608228
22.040 0.86313 21.0408074686
22.050 0.86272 21.0503541145
22.060 0.86232 21.0599007603
22.070 0.86192 21.0694474062
22.080 0.86151 21.078994052
22.090 0.86111 21.0885406979
22.100 0.86071 21.0980873438
22.110 0.86030 21.1076339896
22.120 0.85990 21.1171806355
22.130 0.85950 21.1267272813
22.140 0.85910 21.1362739272
22.150 0.85869 21.145820573
22.160 0.85829 21.1553672189
22.170 0.85789 21.1649138648
22.180 0.85749 21.1744605106
22.190 0.85709 21.1840071565
22.200 0.85669 21.1935538023
22.210 0.85629 21.2031004482
22.220 0.85590 21.212647094
22.230 0.85550 21.2221937399
22.240 0.85510 21.2317403858
22.250 0.85470 21.2412870316
22.260 0.85430 21.2508336775
22.270 0.85391 21.2603803233
22.280 0.85351 21.2699269692
22.290 0.85311 21.279473615
22.300 0.85272 21.2890202609
22.310 0.85232 21.2985669068
22.320 0.85193 21.3081135526
22.330 0.85153 21.3176601985
22.340 0.85114 21.3272068443
22.350 0.85074 21.3367534902
22.360 0.85035 21.346300136
22.370 0.84996 21.3558467819
22.380 0.84956 21.3653934278
22.390 0.84917 21.3749400736
22.400 0.84878 21.3844867195
22.410 0.84839 21.3940333653
22.420 0.84799 21.4035800112
22.430 0.84760 21.413126657
22.440 0.84721 21.4226733029
22.450 0.84682 21.4322199488
22.460 0.84643 21.4417665946
22.470 0.84604 21.4513132405
22.480 0.84565 21.4608598863
22.490 0.84526 21.4704065322
22.500 0.84487 21.479953178
22.510 0.84448 21.4894998239
22.520 0.84410 21.4990464697
22.530 0.84371 21.5085931156
22.540 0.84332 21.5181397615
22.550 0.84293 21.5276864073
22.560 0.84255 21.5372330532
22.570 0.84216 21.546779699
22.580 0.84177 21.5563263449
22.590 0.84139 21.5658729907
22.600 0.84100 21.5754196366
22.610 0.84062 21.5849662825
22.620 0.84023 21.5945129283
22.630 0.83985 21.6040595742
22.640 0.83946 21.61360622
22.650 0.83908 21.6231528659
22.660 0.83870 21.6326995117
22.670 0.83831 21.6422461576
22.680 0.83793 21.6517928035
22.690 0.83755 21.6613394493
22.700 0.83717 21.6708860952
22.710 0.83678 21.680432741
22.720 0.83640 21.6899793869
22.730 0.83602 21.6995260327
22.740 0.83564 21.7090726786
22.750 0.83526 21.7186193245
22.760 0.83488 21.7281659703
22.770 0.83450 21.7377126162
22.780 0.83412 21.747259262
22.790 0.83374 21.7568059079
22.800 0.83336 21.7663525537
22.810 0.83299 21.7758991996
22.820 0.83261 21.7854458455
22.830 0.83223 21.7949924913
22.840 0.83185 21.8045391372
22.850 0.83148 21.814085783
22.860 0.83110 21.8236324289
22.870 0.83072 21.8331790747
22.880 0.83035 21.8427257206
22.890 0.82997 21.8522723665
22.900 0.82959 21.8618190123
22.910 0.82922 21.8713656582
22.920 0.82885 21.880912304
22.930 0.82847 21.8904589499
22.940 0.82810 21.9000055957
22.950 0.82772 21.9095522416
22.960 0.82735 21.9190988875
22.970 0.82698 21.9286455333
22.980 0.82660 21.9381921792
22.990 0.82623 21.947738825
23.000 0.82586 21.9572854709
23.010 0.82549 21.9668321167
23.020 0.82512 21.9763787626
23.030 0.82474 21.9859254085
23.040 0.82437 21.9954720543
23.050 0.82400 22.0050187002
23.060 0.82363 22.014565346
23.070 0.82326 22.0241119919
23.080 0.82289 22.0336586377
23.090 0.82252 22.0432052836
23.100 0.82215 22.0527519295
23.110 0.82179 22.0622985753
23.120 0.82142 22.0718452212
23.130 0.82105 22.081391867
23.140 0.82068 22.0909385129
23.150 0.82031 22.1004851587
23.160 0.81995 22.1100318046
23.170 0.81958 22.1195784504
23.180 0.81921 22.1291250963
23.190 0.81885 22.1386717422
23.200 0.81848 22.148218388
23.210 0.81812 22.1577650339
23.220 0.81775 22.1673116797
23.230 0.81739 22.1768583256
23.240 0.81702 22.1864049714
23.250 0.81666 22.1959516173
23.260 0.81629 22.2054982632
23.270 0.81593 22.215044909
23.280 0.81557 22.2245915549
23.290 0.81520 22.2341382007
23.300 0.81484 22.2436848466
23.310 0.81448 22.2532314924
23.320 0.81412 22.2627781383
23.330 0.81376 22.2723247842
23.340 0.81339 22.28187143
23.350 0.81303 22.2914180759
23.360 0.81267 22.3009647217
23.370 0.81231 22.3105113676
23.380 0.81195 22.3200580134
23.390 0.81159 22.3296046593
23.400 0.81123 22.3391513052
23.410 0.81087 22.348697951
23.420 0.81051 22.3582445969
23.430 0.81016 22.3677912427
23.440 0.80980 22.3773378886
23.450 0.80944 22.3868845344
23.460 0.80908 22.3964311803
23.470 0.80872 22.4059778262
23.480 0.80837 22.415524472
23.490 0.80801 22.4250711179
23.500 0.80765 22.4346177637
23.510 0.80730 22.4441644096
23.520 0.80694 22.4537110554
23.530 0.80659 22.4632577013
23.540 0.80623 22.4728043472
23.550 0.80588 22.482350993
23.560 0.80552 22.4918976389
23.570 0.80517 22.5014442847
23.580 0.80481 22.5109909306
23.590 0.80446 22.5205375764
23.600 0.80411 22.5300842223
23.610 0.80375 22.5396308682
23.620 0.80340 22.549177514
23.630 0.80305 22.5587241599
23.640 0.80269 22.5682708057
23.650 0.80234 22.5778174516
23.660 0.80199 22.5873640974
23.670 0.80164 22.5969107433
23.680 0.80129 22.6064573892
23.690 0.80094 22.616004035
23.700 0.80059 22.6255506809
23.710 0.80024 22.6350973267
23.720 0.79989 22.6446439726
23.730 0.79954 22.6541906184
23.740 0.79919 22.6637372643
23.750 0.79884 22.6732839101
23.760 0.79849 22.682830556
23.770 0.79814 22.6923772019
23.780 0.79779 22.7019238477
23.790 0.79745 22.7114704936
23.800 0.79710 22.7210171394
23.810 0.79675 22.7305637853
23.820 0.79640 22.7401104311
23.830 0.79606 22.749657077
23.840 0.79571 22.7592037229
23.850 0.79536 22.7687503687
23.860 0.79502 22.7782970146
23.870 0.79467 22.7878436604
23.880 0.79433 22.7973903063
23.890 0.79398 22.8069369521
23.900 0.79364 22.816483598
23.910 0.79329 22.8260302439
23.920 0.79295 22.8355768897
23.930 0.79261 22.8451235356
23.940 0.79226 22.8546701814
23.950 0.79192 22.8642168273
23.960 0.79158 22.8737634731
23.970 0.79123 22.883310119
23.980 0.79089 22.8928567649
23.990 0.79055 22.9024034107
24.000 0.79021 22.9119500566
24.010 0.78987 22.9214967024
24.020 0.78953 22.9310433483
24.030 0.78918 22.9405899941
24.040 0.78884 22.95013664
24.050 0.78850 22.9596832859
24.060 0.78816 22.9692299317
24.070 0.78782 22.9787765776
24.080 0.78748 22.9883232234
24.090 0.78714 22.9978698693
24.100 0.78681 23.0074165151
24.110 0.78647 23.016963161
24.120 0.78613 23.0265098069
24.130 0.78579 23.0360564527
24.140 0.78545 23.0456030986
24.150 0.78512 23.0551497444
24.160 0.78478 23.0646963903
24.170 0.78444 23.0742430361
24.180 0.78410 23.083789682
24.190 0.78377 23.0933363279
24.200 0.78343 23.1028829737
24.210 0.78310 23.1124296196
24.220 0.78276 23.1219762654
24.230 0.78242 23.1315229113
24.240 0.78209 23.1410695571
24.250 0.78176 23.150616203
24.260 0.78142 23.1601628489
24.270 0.78109 23.1697094947
24.280 0.78075 23.1792561406
24.290 0.78042 23.1888027864
24.300 0.78009 23.1983494323
24.310 0.77975 23.2078960781
24.320 0.77942 23.217442724
24.330 0.77909 23.2269893698
24.340 0.77875 23.2365360157
24.350 0.77842 23.2460826616
24.360 0.77809 23.2556293074
24.370 0.77776 23.2651759533
24.380 0.77743 23.2747225991
24.390 0.77710 23.284269245
24.400 0.77677 23.2938158908
24.410 0.77644 23.3033625367
24.420 0.77611 23.3129091826
24.430 0.77578 23.3224558284
24.440 0.77545 23.3320024743
24.450 0.77512 23.3415491201
24.460 0.77479 23.351095766
24.470 0.77446 23.3606424118
24.480 0.77413 23.3701890577
24.490 0.77380 23.3797357036
24.500 0.77347 23.3892823494
24.510 0.77315 23.3988289953
24.520 0.77282 23.4083756411
24.530 0.77249 23.417922287
24.540 0.77217 23.4274689328
24.550 0.77184 23.4370155787
24.560 0.77151 23.4465622246
24.570 0.77119 23.4561088704
24.580 0.77086 23.4656555163
24.590 0.77054 23.4752021621
24.600 0.77021 23.484748808
24.610 0.76988 23.4942954538
24.620 0.76956 23.5038420997
24.630 0.76924 23.5133887456
24.640 0.76891 23.5229353914
24.650 0.76859 23.5324820373
24.660 0.76826 23.5420286831
24.670 0.76794 23.551575329
24.680 0.76762 23.5611219748
24.690 0.76729 23.5706686207
24.700 0.76697 23.5802152666
24.710 0.76665 23.5897619124
24.720 0.76633 23.5993085583
24.730 0.76601 23.6088552041
24.740 0.76568 23.61840185
24.750 0.76536 23.6279484958
24.760 0.76504 23.6374951417
24.770 0.76472 23.6470417876
24.780 0.76440 23.6565884334
24.790 0.76408 23.6661350793
24.800 0.76376 23.6756817251
24.810 0.76344 23.685228371
24.820 0.76312 23.6947750168
24.830 0.76280 23.7043216627
24.840 0.76248 23.7138683086
24.850 0.76216 23.7234149544
24.860 0.76184 23.7329616003
24.870 0.76153 23.7425082461
24.880 0.76121 23.752054892
24.890 0.76089 23.7616015378
24.900 0.76057 23.7711481837
24.910 0.76026 23.7806948296
24.920 0.75994 23.7902414754
24.930 0.75962 23.7997881213
24.940 0.75931 23.8093347671
24.950 0.75899 23.818881413
24.960 0.75867 23.8284280588
24.970 0.75836 23.8379747047
24.980 0.75804 23.8475213505
24.990 0.75773 23.8570679964
25.000 0.75741 23.8666146423
25.100 0.75428 23.9620811008
25.110 0.75396 23.9716277467
25.120 0.75365 23.9811743925
25.130 0.75334 23.9907210384
25.140 0.75303 24.0002676843
25.150 0.75272 24.0098143301
25.160 0.75241 24.019360976
25.170 0.75210 24.0289076218
25.180 0.75179 24.0384542677
25.190 0.75148 24.0480009135
25.200 0.75117 24.0575475594
25.210 0.75086 24.0670942053
25.220 0.75055 24.0766408511
25.230 0.75024 24.086187497
25.240 0.74993 24.0957341428
25.250 0.74962 24.1052807887
25.260 0.74931 24.1148274345
25.270 0.74900 24.1243740804
25.280 0.74869 24.1339207263
25.290 0.74839 24.1434673721
25.300 0.74808 24.153014018
25.310 0.74777 24.1625606638
25.320 0.74746 24.1721073097
25.330 0.74716 24.1816539555
25.340 0.74685 24.1912006014
25.350 0.74655 24.2007472473
25.360 0.74624 24.2102938931
25.370 0.74593 24.219840539
25.380 0.74563 24.2293871848
25.390 0.74532 24.2389338307
25.400 0.74502 24.2484804765
25.410 0.74471 24.2580271224
25.420 0.74441 24.2675737683
25.430 0.74410 24.2771204141
25.440 0.74380 24.28666706
25.450 0.74350 24.2962137058
25.460 0.74319 24.3057603517
25.470 0.74289 24.3153069975
25.480 0.74259 24.3248536434
25.490 0.74228 24.3344002893
25.500 0.74198 24.3439469351
25.510 0.74168 24.353493581
25.520 0.74137 24.3630402268
25.530 0.74107 24.3725868727
25.540 0.74077 24.3821335185
25.550 0.74047 24.3916801644
25.560 0.74017 24.4012268102
25.570 0.73987 24.4107734561
25.580 0.73957 24.420320102
25.590 0.73927 24.4298667478
25.600 0.73897 24.4394133937
25.610 0.73867 24.4489600395
25.620 0.73837 24.4585066854
25.630 0.73807 24.4680533312
25.640 0.73777 24.4775999771
25.650 0.73747 24.487146623
25.660 0.73717 24.4966932688
25.670 0.73687 24.5062399147
25.680 0.73657 24.5157865605
25.690 0.73627 24.5253332064
25.700 0.73597 24.5348798522
25.710 0.73568 24.5444264981
25.720 0.73538 24.553973144
25.730 0.73508 24.5635197898
25.740 0.73479 24.5730664357
25.750 0.73449 24.5826130815
25.760 0.73419 24.5921597274
25.770 0.73390 24.6017063732
25.780 0.73360 24.6112530191
25.790 0.73330 24.620799665
25.800 0.73301 24.6303463108
25.810 0.73271 24.6398929567
25.820 0.73242 24.6494396025
25.830 0.73212 24.6589862484
25.840 0.73183 24.6685328942
25.850 0.73153 24.6780795401
25.860 0.73124 24.687626186
25.870 0.73094 24.6971728318
25.880 0.73065 24.7067194777
25.890 0.73036 24.7162661235
25.900 0.73006 24.7258127694
25.910 0.72977 24.7353594152
25.920 0.72948 24.7449060611
25.930 0.72918 24.754452707
25.940 0.72889 24.7639993528
25.950 0.72860 24.7735459987
25.960 0.72831 24.7830926445
25.970 0.72802 24.7926392904
25.980 0.72772 24.8021859362
25.990 0.72743 24.8117325821
26.000 0.72714 24.821279228
26.010 0.72685 24.8308258738
26.020 0.72656 24.8403725197
26.030 0.72627 24.8499191655
26.040 0.72598 24.8594658114
26.050 0.72569 24.8690124572
26.060 0.72540 24.8785591031
26.070 0.72511 24.888105749
26.080 0.72482 24.8976523948
26.090 0.72453 24.9071990407
26.100 0.72424 24.9167456865
26.110 0.72395 24.9262923324
26.120 0.72366 24.9358389782
26.130 0.72338 24.9453856241
26.140 0.72309 24.9549322699
26.150 0.72280 24.9644789158
26.160 0.72251 24.9740255617
26.170 0.72223 24.9835722075
26.180 0.72194 24.9931188534
26.190 0.72165 25.0026654992
26.200 0.72136 25.0122121451
26.210 0.72108 25.0217587909
26.220 0.72079 25.0313054368
26.230 0.72051 25.0408520827
26.240 0.72022 25.0503987285
26.250 0.71993 25.0599453744
26.260 0.71965 25.0694920202
26.270 0.71936 25.0790386661
26.280 0.71908 25.0885853119
26.290 0.71879 25.0981319578
26.300 0.71851 25.1076786037
26.310 0.71822 25.1172252495
26.320 0.71794 25.1267718954
26.330 0.71766 25.1363185412
26.340 0.71737 25.1458651871
26.350 0.71709 25.1554118329
26.360 0.71681 25.1649584788
26.370 0.71652 25.1745051247
26.380 0.71624 25.1840517705
26.390 0.71596 25.1935984164
26.400 0.71568 25.2031450622
26.410 0.71539 25.2126917081
26.420 0.71511 25.2222383539
26.430 0.71483 25.2317849998
26.440 0.71455 25.2413316457
26.450 0.71427 25.2508782915
26.460 0.71399 25.2604249374
26.470 0.71370 25.2699715832
26.480 0.71342 25.2795182291
26.490 0.71314 25.2890648749
26.500 0.71286 25.2986115208
26.510 0.71258 25.3081581667
26.520 0.71230 25.3177048125
26.530 0.71202 25.3272514584
26.540 0.71174 25.3367981042
26.550 0.71147 25.3463447501
26.560 0.71119 25.3558913959
26.570 0.71091 25.3654380418
26.580 0.71063 25.3749846877
26.590 0.71035 25.3845313335
26.600 0.71007 25.3940779794
26.610 0.70979 25.4036246252
26.620 0.70952 25.4131712711
26.630 0.70924 25.4227179169
26.640 0.70896 25.4322645628
26.650 0.70868 25.4418112087
26.660 0.70841 25.4513578545
26.670 0.70813 25.4609045004
26.680 0.70785 25.4704511462
26.690 0.70758 25.4799977921
26.700 0.70730 25.4895444379
26.710 0.70703 25.4990910838
26.720 0.70675 25.5086377296
26.730 0.70648 25.5181843755
26.740 0.70620 25.5277310214
26.750 0.70592 25.5372776672
26.760 0.70565 25.5468243131
26.770 0.70538 25.5563709589
26.780 0.70510 25.5659176048
26.790 0.70483 25.5754642506
26.800 0.70455 25.5850108965
26.810 0.70428 25.5945575424
26.820 0.70401 25.6041041882
26.830 0.70373 25.6136508341
26.840 0.70346 25.6231974799
26.850 0.70319 25.6327441258
26.860 0.70291 25.6422907716
26.870 0.70264 25.6518374175
26.880 0.70237 25.6613840634
26.890 0.70210 25.6709307092
26.900 0.70182 25.6804773551
26.910 0.70155 25.6900240009
26.920 0.70128 25.6995706468
26.930 0.70101 25.7091172926
26.940 0.70074 25.7186639385
26.950 0.70047 25.7282105844
26.960 0.70020 25.7377572302
26.970 0.69993 25.7473038761
26.980 0.69966 25.7568505219
26.990 0.69939 25.7663971678
27.000 0.69912 25.7759438136
27.010 0.69885 25.7854904595
27.020 0.69858 25.7950371054
27.030 0.69831 25.8045837512
27.040 0.69804 25.8141303971
27.050 0.69777 25.8236770429
27.060 0.69750 25.8332236888
27.070 0.69723 25.8427703346
27.080 0.69696 25.8523169805
27.090 0.69669 25.8618636264
27.100 0.69643 25.8714102722
27.110 0.69616 25.8809569181
27.120 0.69589 25.8905035639
27.130 0.69562 25.9000502098
27.140 0.69536 25.9095968556
27.150 0.69509 25.9191435015
27.160 0.69482 25.9286901474
27.170 0.69456 25.9382367932
27.180 0.69429 25.9477834391
27.190 0.69402 25.9573300849
27.200 0.69376 25.9668767308
27.210 0.69349 25.9764233766
27.220 0.69323 25.9859700225
27.230 0.69296 25.9955166684
27.240 0.69270 26.0050633142
27.250 0.69243 26.0146099601
27.260 0.69217 26.0241566059
27.270 0.69190 26.0337032518
27.280 0.69164 26.0432498976
27.290 0.69137 26.0527965435
27.300 0.69111 26.0623431894
27.310 0.69084 26.0718898352
27.320 0.69058 26.0814364811
27.330 0.69032 26.0909831269
27.340 0.69005 26.1005297728
27.350 0.68979 26.1100764186
27.360 0.68953 26.1196230645
27.370 0.68927 26.1291697103
27.380 0.68900 26.1387163562
27.390 0.68874 26.1482630021
27.400 0.68848 26.1578096479
27.410 0.68822 26.1673562938
27.420 0.68795 26.1769029396
27.430 0.68769 26.1864495855
27.440 0.68743 26.1959962313
27.450 0.68717 26.2055428772
27.460 0.68691 26.2150895231
27.470 0.68665 26.2246361689
27.480 0.68639 26.2341828148
27.490 0.68613 26.2437294606
27.500 0.68587 26.2532761065
27.510 0.68561 26.2628227523
27.520 0.68535 26.2723693982
27.530 0.68509 26.2819160441
27.540 0.68483 26.2914626899
27.550 0.68457 26.3010093358
27.560 0.68431 26.3105559816
27.570 0.68405 26.3201026275
27.580 0.68379 26.3296492733
27.590 0.68353 26.3391959192
27.600 0.68328 26.3487425651
27.610 0.68302 26.3582892109
27.620 0.68276 26.3678358568
27.630 0.68250 26.3773825026
27.640 0.68224 26.3869291485
27.650 0.68199 26.3964757943
27.660 0.68173 26.4060224402
27.670 0.68147 26.4155690861
27.680 0.68122 26.4251157319
27.690 0.68096 26.4346623778
27.700 0.68070 26.4442090236
27.710 0.68045 26.4537556695
27.720 0.68019 26.4633023153
27.730 0.67993 26.4728489612
27.740 0.67968 26.4823956071
27.750 0.67942 26.4919422529
27.760 0.67917 26.5014888988
27.770 0.67891 26.5110355446
27.780 0.67866 26.5205821905
27.790 0.67840 26.5301288363
27.800 0.67815 26.5396754822
27.810 0.67789 26.5492221281
27.820 0.67764 26.5587687739
27.830 0.67739 26.5683154198
27.840 0.67713 26.5778620656
27.850 0.67688 26.5874087115
27.860 0.67662 26.5969553573
27.870 0.67637 26.6065020032
27.880 0.67612 26.6160486491
27.890 0.67586 26.6255952949
27.900 0.67561 26.6351419408
27.910 0.67536 26.6446885866
27.920 0.67511 26.6542352325
27.930 0.67485 26.6637818783
27.940 0.67460 26.6733285242
27.950 0.67435 26.68287517
27.960 0.67410 26.6924218159
27.970 0.67385 26.7019684618
27.980 0.67360 26.7115151076
27.990 0.67334 26.7210617535
28.000 0.67309 26.7306083993
28.010 0.67284 26.7401550452
28.020 0.67259 26.749701691
28.030 0.67234 26.7592483369
28.040 0.67209 26.7687949828
28.050 0.67184 26.7783416286
28.060 0.67159 26.7878882745
28.070 0.67134 26.7974349203
28.080 0.67109 26.8069815662
28.090 0.67084 26.816528212
28.100 0.67059 26.8260748579
28.110 0.67034 26.8356215038
28.120 0.67010 26.8451681496
28.130 0.66985 26.8547147955
28.140 0.66960 26.8642614413
28.150 0.66935 26.8738080872
28.160 0.66910 26.883354733
28.170 0.66885 26.8929013789
28.180 0.66861 26.9024480248
28.190 0.66836 26.9119946706
28.200 0.66811 26.9215413165
28.210 0.66786 26.9310879623
28.220 0.66762 26.9406346082
28.230 0.66737 26.950181254
28.240 0.66712 26.9597278999
28.250 0.66688 26.9692745458
28.260 0.66663 26.9788211916
28.270 0.66638 26.9883678375
28.280 0.66614 26.9979144833
28.290 0.66589 27.0074611292
28.300 0.66565 27.017007775
28.310 0.66540 27.0265544209
28.320 0.66516 27.0361010668
28.330 0.66491 27.0456477126
28.340 0.66467 27.0551943585
28.350 0.66442 27.0647410043
28.360 0.66418 27.0742876502
28.370 0.66393 27.083834296
28.380 0.66369 27.0933809419
28.390 0.66344 27.1029275878
28.400 0.66320 27.1124742336
28.410 0.66295 27.1220208795
28.420 0.66271 27.1315675253
28.430 0.66247 27.1411141712
28.440 0.66222 27.150660817
28.450 0.66198 27.1602074629
28.460 0.66174 27.1697541088
28.470 0.66150 27.1793007546
28.480 0.66125 27.1888474005
28.490 0.66101 27.1983940463
28.500 0.66077 27.2079406922
28.510 0.66053 27.217487338
28.520 0.66028 27.2270339839
28.530 0.66004 27.2365806297
28.540 0.65980 27.2461272756
28.550 0.65956 27.2556739215
28.560 0.65932 27.2652205673
28.570 0.65908 27.2747672132
28.580 0.65884 27.284313859
28.590 0.65860 27.2938605049
28.600 0.65836 27.3034071507
28.610 0.65811 27.3129537966
28.620 0.65787 27.3225004425
28.630 0.65763 27.3320470883
28.640 0.65739 27.3415937342
28.650 0.65715 27.35114038
28.660 0.65692 27.3606870259
28.670 0.65668 27.3702336717
28.680 0.65644 27.3797803176
28.690 0.65620 27.3893269635
28.700 0.65596 27.3988736093
28.710 0.65572 27.4084202552
28.720 0.65548 27.417966901
28.730 0.65524 27.4275135469
28.740 0.65500 27.4370601927
28.750 0.65477 27.4466068386
28.760 0.65453 27.4561534845
28.770 0.65429 27.4657001303
28.780 0.65405 27.4752467762
28.790 0.65382 27.484793422
28.800 0.65358 27.4943400679
28.810 0.65334 27.5038867137
28.820 0.65311 27.5134333596
28.830 0.65287 27.5229800055
28.840 0.65263 27.5325266513
28.850 0.65240 27.5420732972
28.860 0.65216 27.551619943
28.870 0.65192 27.5611665889
28.880 0.65169 27.5707132347
28.890 0.65145 27.5802598806
28.900 0.65122 27.5898065265
28.910 0.65098 27.5993531723
28.920 0.65075 27.6088998182
28.930 0.65051 27.618446464
28.940 0.65028 27.6279931099
28.950 0.65004 27.6375397557
28.960 0.64981 27.6470864016
28.970 0.64957 27.6566330475
28.980 0.64934 27.6661796933
28.990 0.64910 27.6757263392
29.000 0.64887 27.685272985
29.010 0.64864 27.6948196309
29.020 0.64840 27.7043662767
29.030 0.64817 27.7139129226
29.040 0.64793 27.7234595685
29.050 0.64770 27.7330062143
29.060 0.64747 27.7425528602
29.070 0.64724 27.752099506
29.080 0.64700 27.7616461519
29.090 0.64677 27.7711927977
29.100 0.64654 27.7807394436
29.110 0.64631 27.7902860895
29.120 0.64607 27.7998327353
29.130 0.64584 27.8093793812
29.140 0.64561 27.818926027
29.150 0.64538 27.8284726729
29.160 0.64515 27.8380193187
29.170 0.64492 27.8475659646
29.180 0.64469 27.8571126104
29.190 0.64445 27.8666592563
29.200 0.64422 27.8762059022
29.210 0.64399 27.885752548
29.220 0.64376 27.8952991939
29.230 0.64353 27.9048458397
29.240 0.64330 27.9143924856
29.250 0.64307 27.9239391314
29.260 0.64284 27.9334857773
29.270 0.64261 27.9430324232
29.280 0.64238 27.952579069
29.290 0.64215 27.9621257149
29.300 0.64192 27.9716723607
29.310 0.64170 27.9812190066
29.320 0.64147 27.9907656524
29.330 0.64124 28.0003122983
29.340 0.64101 28.0098589442
29.350 0.64078 28.01940559
29.360 0.64055 28.0289522359
29.370 0.64032 28.0384988817
29.380 0.64010 28.0480455276
29.390 0.63987 28.0575921734
29.400 0.63964 28.0671388193
29.410 0.63941 28.0766854652
29.420 0.63919 28.086232111
29.430 0.63896 28.0957787569
29.440 0.63873 28.1053254027
29.450 0.63851 28.1148720486
29.460 0.63828 28.1244186944
29.470 0.63805 28.1339653403
29.480 0.63783 28.1435119862
29.490 0.63760 28.153058632
29.500 0.63737 28.1626052779
29.510 0.63715 28.1721519237
29.520 0.63692 28.1816985696
29.530 0.63670 28.1912452154
29.540 0.63647 28.2007918613
29.550 0.63625 28.2103385072
29.560 0.63602 28.219885153
29.570 0.63580 28.2294317989
29.580 0.63557 28.2389784447
29.590 0.63535 28.2485250906
29.600 0.63512 28.2580717364
29.610 0.63490 28.2676183823
29.620 0.63467 28.2771650282
29.630 0.63445 28.286711674
29.640 0.63422 28.2962583199
29.650 0.63400 28.3058049657
29.660 0.63378 28.3153516116
29.670 0.63355 28.3248982574
29.680 0.63333 28.3344449033
29.690 0.63311 28.3439915492
29.700 0.63288 28.353538195
29.710 0.63266 28.3630848409
29.720 0.63244 28.3726314867
29.730 0.63222 28.3821781326
29.740 0.63199 28.3917247784
29.750 0.63177 28.4012714243
29.760 0.63155 28.4108180701
29.770 0.63133 28.420364716
29.780 0.63110 28.4299113619
29.790 0.63088 28.4394580077
29.800 0.63066 28.4490046536
29.810 0.63044 28.4585512994
29.820 0.63022 28.4680979453
29.830 0.63000 28.4776445911
29.840 0.62978 28.487191237
29.850 0.62956 28.4967378829
29.860 0.62934 28.5062845287
29.870 0.62911 28.5158311746
29.880 0.62889 28.5253778204
29.890 0.62867 28.5349244663
29.900 0.62845 28.5444711121
29.910 0.62823 28.554017758
29.920 0.62801 28.5635644039
29.930 0.62779 28.5731110497
29.940 0.62758 28.5826576956
29.950 0.62736 28.5922043414
29.960 0.62714 28.6017509873
29.970 0.62692 28.6112976331
29.980 0.62670 28.620844279
29.990 0.62648 28.6303909249
30.000 0.62626 28.6399375707
