0.10000 246.16 0.0982392808955
0.11000 223.78 0.108063208985
0.12000 205.13 0.117887137075
0.13000 189.35 0.127711065164
0.14000 175.82 0.137534993254
0.15000 164.10 0.147358921343
0.16000 153.84 0.157182849433
0.17000 144.79 0.167006777522
0.18000 136.75 0.176830705612
0.19000 129.55 0.186654633701
0.20000 123.07 0.196478561791
0.21000 117.21 0.20630248988
0.22000 111.88 0.21612641797
0.23000 107.02 0.22595034606
0.24000 102.56 0.235774274149
0.25000 98.454 0.245598202239
0.26000 94.667 0.255422130328
0.27000 91.160 0.265246058418
0.28000 87.904 0.275069986507
0.29000 84.872 0.284893914597
0.30000 82.043 0.294717842686
0.31000 79.396 0.304541770776
0.32000 76.914 0.314365698865
0.33000 74.583 0.324189626955
0.34000 72.389 0.334013555045
0.35000 70.320 0.343837483134
0.36000 68.366 0.353661411224
0.37000 66.518 0.363485339313
0.38000 64.767 0.373309267403
0.39000 63.106 0.383133195492
0.40000 61.528 0.392957123582
0.41000 60.027 0.402781051671
0.42000 58.598 0.412604979761
0.43000 57.234 0.42242890785
0.44000 55.933 0.43225283594
0.45000 54.690 0.44207676403
0.46000 53.501 0.451900692119
0.47000 52.362 0.461724620209
0.48000 51.271 0.471548548298
0.49000 50.224 0.481372476388
0.50000 49.220 0.491196404477
0.51000 48.254 0.501020332567
0.52000 47.326 0.510844260656
0.53000 46.433 0.520668188746
0.54000 45.573 0.530492116835
0.55000 44.744 0.540316044925
0.56000 43.944 0.550139973015
0.57000 43.173 0.559963901104
0.58000 42.429 0.569787829194
0.59000 41.709 0.579611757283
0.60000 41.014 0.589435685373
0.61000 40.341 0.599259613462
0.62000 39.690 0.609083541552
0.63000 39.060 0.618907469641
0.64000 38.449 0.628731397731
0.65000 37.858 0.638555325821
0.66000 37.284 0.64837925391
0.67000 36.727 0.658203182
0.68000 36.187 0.668027110089
0.69000 35.662 0.677851038179
0.70000 35.152 0.687674966268
0.71000 34.657 0.697498894358
0.72000 34.176 0.707322822447
0.73000 33.707 0.717146750537
0.74000 33.252 0.726970678626
0.75000 32.808 0.736794606716
0.76000 32.376 0.746618534806
0.77000 31.955 0.756442462895
0.78000 31.546 0.766266390985
0.79000 31.146 0.776090319074
0.80000 30.757 0.785914247164
0.81000 30.377 0.795738175253
0.82000 30.006 0.805562103343
0.83000 29.644 0.815386031432
0.84000 29.291 0.825209959522
0.85000 28.946 0.835033887611
0.86000 28.610 0.844857815701
0.87000 28.281 0.854681743791
0.88000 27.959 0.86450567188
0.89000 27.645 0.87432959997
0.90000 27.337 0.884153528059
0.91000 27.037 0.893977456149
0.92000 26.743 0.903801384238
0.93000 26.455 0.913625312328
0.94000 26.174 0.923449240417
0.95000 25.898 0.933273168507
0.96000 25.628 0.943097096596
0.97000 25.364 0.952921024686
0.98000 25.105 0.962744952776
0.99000 24.851 0.972568880865
1.0000 24.602 0.982392808955
1.0100 24.358 0.992216737044
1.0200 24.120 1.00204066513
1.0300 23.885 1.01186459322
1.0400 23.655 1.02168852131
1.0500 23.430 1.0315124494
1.0600 23.209 1.04133637749
1.0700 22.992 1.05116030558
1.0800 22.779 1.06098423367
1.0900 22.570 1.07080816176
1.1000 22.364 1.08063208985
1.1100 22.163 1.09045601794
1.1200 21.965 1.10027994603
1.1300 21.770 1.11010387412
1.1400 21.579 1.11992780221
1.1500 21.391 1.1297517303
1.1600 21.207 1.13957565839
1.1700 21.025 1.14939958648
1.1800 20.847 1.15922351457
1.1900 20.672 1.16904744266
1.2000 20.499 1.17887137075
1.2100 20.330 1.18869529884
1.2200 20.163 1.19851922692
1.2300 19.999 1.20834315501
1.2400 19.838 1.2181670831
1.2500 19.679 1.22799101119
1.2600 19.522 1.23781493928
1.2700 19.369 1.24763886737
1.2800 19.217 1.25746279546
1.2900 19.068 1.26728672355
1.3000 18.921 1.27711065164
1.3100 18.777 1.28693457973
1.3200 18.634 1.29675850782
1.3300 18.494 1.30658243591
1.3400 18.356 1.316406364
1.3500 18.220 1.32623029209
1.3600 18.086 1.33605422018
1.3700 17.954 1.34587814827
1.3800 17.824 1.35570207636
1.3900 17.695 1.36552600445
1.4000 17.569 1.37534993254
1.4100 17.444 1.38517386063
1.4200 17.321 1.39499778872
1.4300 17.200 1.40482171681
1.4400 17.080 1.41464564489
1.4500 16.962 1.42446957298
1.4600 16.846 1.43429350107
1.4700 16.731 1.44411742916
1.4800 16.618 1.45394135725
1.4900 16.507 1.46376528534
1.5000 16.396 1.47358921343
1.5100 16.288 1.48341314152
1.5200 16.180 1.49323706961
1.5300 16.075 1.5030609977
1.5400 15.970 1.51288492579
1.5500 15.867 1.52270885388
1.5600 15.765 1.53253278197
1.5700 15.665 1.54235671006
1.5800 15.565 1.55218063815
1.5900 15.467 1.56200456624
1.6000 15.371 1.57182849433
1.6100 15.275 1.58165242242
1.6200 15.181 1.59147635051
1.6300 15.088 1.6013002786
1.6400 14.995 1.61112420669
1.6500 14.904 1.62094813478
1.6600 14.815 1.63077206286
1.6700 14.726 1.64059599095
1.6800 14.638 1.65041991904
1.6900 14.551 1.66024384713
1.7000 14.466 1.67006777522
1.7100 14.381 1.67989170331
1.7200 14.297 1.6897156314
1.7300 14.215 1.69953955949
1.7400 14.133 1.70936348758
1.7500 14.052 1.71918741567
1.7600 13.972 1.72901134376
1.7700 13.893 1.73883527185
1.7800 13.815 1.74865919994
1.7900 13.738 1.75848312803
1.8000 13.661 1.76830705612
1.8100 13.586 1.77813098421
1.8200 13.511 1.7879549123
1.8300 13.437 1.79777884039
1.8400 13.364 1.80760276848
1.8500 13.292 1.81742669657
1.8600 13.220 1.82725062466
1.8700 13.149 1.83707455275
1.8800 13.079 1.84689848083
1.8900 13.010 1.85672240892
1.9000 12.941 1.86654633701
1.9100 12.874 1.8763702651
1.9200 12.806 1.88619419319
1.9300 12.740 1.89601812128
1.9400 12.674 1.90584204937
1.9500 12.609 1.91566597746
1.9600 12.545 1.92548990555
1.9700 12.481 1.93531383364
1.9800 12.418 1.94513776173
1.9900 12.355 1.95496168982
2.0000 12.294 1.96478561791
2.0100 12.232 1.974609546
2.0200 12.172 1.98443347409
2.0300 12.112 1.99425740218
2.0400 12.052 2.00408133027
2.0500 11.993 2.01390525836
2.0600 11.935 2.02372918645
2.0700 11.877 2.03355311454
2.0800 11.820 2.04337704263
2.0900 11.764 2.05320097072
2.1000 11.707 2.0630248988
2.1100 11.652 2.07284882689
2.1200 11.597 2.08267275498
2.1300 11.542 2.09249668307
2.1400 11.488 2.10232061116
2.1500 11.435 2.11214453925
2.1600 11.382 2.12196846734
2.1700 11.329 2.13179239543
2.1800 11.277 2.14161632352
2.1900 11.226 2.15144025161
2.2000 11.175 2.1612641797
2.2100 11.124 2.17108810779
2.2200 11.074 2.18091203588
2.2300 11.024 2.19073596397
2.2400 10.975 2.20055989206
2.2500 10.926 2.21038382015
2.2600 10.878 2.22020774824
2.2700 10.830 2.23003167633
2.2800 10.782 2.23985560442
2.2900 10.735 2.24967953251
2.3000 10.688 2.2595034606
2.3100 10.642 2.26932738869
2.3200 10.596 2.27915131677
2.3300 10.550 2.28897524486
2.3400 10.505 2.29879917295
2.3500 10.460 2.30862310104
2.3600 10.416 2.31844702913
2.3700 10.372 2.32827095722
2.3800 10.328 2.33809488531
2.3900 10.285 2.3479188134
2.4000 10.242 2.35774274149
2.4100 10.200 2.36756666958
2.4200 10.157 2.37739059767
2.4300 10.115 2.38721452576
2.4400 10.074 2.39703845385
2.4500 10.033 2.40686238194
2.4600 9.9920 2.41668631003
2.4700 9.9514 2.42651023812
2.4800 9.9113 2.43633416621
2.4900 9.8714 2.4461580943
2.5000 9.8318 2.45598202239
2.5100 9.7926 2.46580595048
2.5200 9.7537 2.47562987857
2.5300 9.7151 2.48545380666
2.5400 9.6768 2.49527773474
2.5500 9.6388 2.50510166283
2.5600 9.6011 2.51492559092
2.5700 9.5636 2.52474951901
2.5800 9.5265 2.5345734471
2.5900 9.4897 2.54439737519
2.6000 9.4531 2.55422130328
2.6100 9.4168 2.56404523137
2.6200 9.3808 2.57386915946
2.6300 9.3451 2.58369308755
2.6400 9.3097 2.59351701564
2.6500 9.2745 2.60334094373
2.6600 9.2396 2.61316487182
2.6700 9.2049 2.62298879991
2.6800 9.1705 2.632812728
2.6900 9.1363 2.64263665609
2.7000 9.1024 2.65246058418
2.7100 9.0688 2.66228451227
2.7200 9.0354 2.67210844036
2.7300 9.0023 2.68193236845
2.7400 8.9693 2.69175629654
2.7500 8.9367 2.70158022463
2.7600 8.9042 2.71140415271
2.7700 8.8720 2.7212280808
2.7800 8.8401 2.73105200889
2.7900 8.8083 2.74087593698
2.8000 8.7768 2.75069986507
2.8100 8.7455 2.76052379316
2.8200 8.7145 2.77034772125
2.8300 8.6836 2.78017164934
2.8400 8.6530 2.78999557743
2.8500 8.6226 2.79981950552
2.8600 8.5924 2.80964343361
2.8700 8.5624 2.8194673617
2.8800 8.5326 2.82929128979
2.8900 8.5030 2.83911521788
2.9000 8.4737 2.84893914597
2.9100 8.4445 2.85876307406
2.9200 8.4155 2.86858700215
2.9300 8.3867 2.87841093024
2.9400 8.3582 2.88823485833
2.9500 8.3298 2.89805878642
2.9600 8.3016 2.90788271451
2.9700 8.2736 2.9177066426
2.9800 8.2458 2.92753057068
2.9900 8.2181 2.93735449877
3.0000 8.1907 2.94717842686
3.0100 8.1634 2.95700235495
3.0200 8.1364 2.96682628304
3.0300 8.1095 2.97665021113
3.0400 8.0827 2.98647413922
3.0500 8.0562 2.99629806731
3.0600 8.0298 3.0061219954
3.0700 8.0036 3.01594592349
3.0800 7.9776 3.02576985158
3.0900 7.9517 3.03559377967
3.1000 7.9260 3.04541770776
3.1100 7.9005 3.05524163585
3.1200 7.8751 3.06506556394
3.1300 7.8499 3.07488949203
3.1400 7.8248 3.08471342012
3.1500 7.8000 3.09453734821
3.1600 7.7752 3.1043612763
3.1700 7.7507 3.11418520439
3.1800 7.7262 3.12400913248
3.1900 7.7020 3.13383306057
3.2000 7.6778 3.14365698865
3.2100 7.6539 3.15348091674
3.2200 7.6301 3.16330484483
3.2300 7.6064 3.17312877292
3.2400 7.5829 3.18295270101
3.2500 7.5595 3.1927766291
3.2600 7.5363 3.20260055719
3.2700 7.5132 3.21242448528
3.2800 7.4902 3.22224841337
3.2900 7.4674 3.23207234146
3.3000 7.4447 3.24189626955
3.3100 7.4222 3.25172019764
3.3200 7.3998 3.26154412573
3.3300 7.3775 3.27136805382
3.3400 7.3554 3.28119198191
3.3500 7.3334 3.29101591
3.3600 7.3115 3.30083983809
3.3700 7.2898 3.31066376618
3.3800 7.2682 3.32048769427
3.3900 7.2467 3.33031162236
3.4000 7.2253 3.34013555045
3.4100 7.2041 3.34995947854
3.4200 7.1830 3.35978340662
3.4300 7.1620 3.36960733471
3.4400 7.1411 3.3794312628
3.4500 7.1204 3.38925519089
3.4600 7.0998 3.39907911898
3.4700 7.0793 3.40890304707
3.4800 7.0589 3.41872697516
3.4900 7.0386 3.42855090325
3.5000 7.0185 3.43837483134
3.5100 6.9984 3.44819875943
3.5200 6.9785 3.45802268752
3.5300 6.9587 3.46784661561
3.5400 6.9390 3.4776705437
3.5500 6.9194 3.48749447179
3.5600 6.8999 3.49731839988
3.5700 6.8806 3.50714232797
3.5800 6.8613 3.51696625606
3.5900 6.8421 3.52679018415
3.6000 6.8231 3.53661411224
3.6100 6.8042 3.54643804033
3.6200 6.7853 3.55626196842
3.6300 6.7666 3.56608589651
3.6400 6.7480 3.57590982459
3.6500 6.7294 3.58573375268
3.6600 6.7110 3.59555768077
3.6700 6.6927 3.60538160886
3.6800 6.6744 3.61520553695
3.6900 6.6563 3.62502946504
3.7000 6.6383 3.63485339313
3.7100 6.6203 3.64467732122
3.7200 6.6025 3.65450124931
3.7300 6.5848 3.6643251774
3.7400 6.5671 3.67414910549
3.7500 6.5496 3.68397303358
3.7600 6.5321 3.69379696167
3.7700 6.5147 3.70362088976
3.7800 6.4975 3.71344481785
3.7900 6.4803 3.72326874594
3.8000 6.4632 3.73309267403
3.8100 6.4462 3.74291660212
3.8200 6.4293 3.75274053021
3.8300 6.4125 3.7625644583
3.8400 6.3957 3.77238838639
3.8500 6.3791 3.78221231448
3.8600 6.3625 3.79203624256
3.8700 6.3460 3.80186017065
3.8800 6.3296 3.81168409874
3.8900 6.3133 3.82150802683
3.9000 6.2971 3.83133195492
3.9100 6.2809 3.84115588301
3.9200 6.2649 3.8509798111
3.9300 6.2489 3.86080373919
3.9400 6.2330 3.87062766728
3.9500 6.2172 3.88045159537
3.9600 6.2015 3.89027552346
3.9700 6.1858 3.90009945155
3.9800 6.1702 3.90992337964
3.9900 6.1547 3.91974730773
4.0000 6.1393 3.92957123582
4.0100 6.1239 3.93939516391
4.0200 6.1087 3.949219092
4.0300 6.0935 3.95904302009
4.0400 6.0784 3.96886694818
4.0500 6.0633 3.97869087627
4.0600 6.0483 3.98851480436
4.0700 6.0334 3.99833873245
4.0800 6.0186 4.00816266053
4.0900 6.0039 4.01798658862
4.1000 5.9892 4.02781051671
4.1100 5.9746 4.0376344448
4.1200 5.9600 4.04745837289
4.1300 5.9456 4.05728230098
4.1400 5.9312 4.06710622907
4.1500 5.9169 4.07693015716
4.1600 5.9026 4.08675408525
4.1700 5.8884 4.09657801334
4.1800 5.8743 4.10640194143
4.1900 5.8602 4.11622586952
4.2000 5.8462 4.12604979761
4.2100 5.8323 4.1358737257
4.2200 5.8185 4.14569765379
4.2300 5.8047 4.15552158188
4.2400 5.7909 4.16534550997
4.2500 5.7773 4.17516943806
4.2600 5.7637 4.18499336615
4.2700 5.7502 4.19481729424
4.2800 5.7367 4.20464122233
4.2900 5.7233 4.21446515042
4.3000 5.7099 4.2242890785
4.3100 5.6966 4.23411300659
4.3200 5.6834 4.24393693468
4.3300 5.6703 4.25376086277
4.3400 5.6572 4.26358479086
4.3500 5.6441 4.27340871895
4.3600 5.6311 4.28323264704
4.3700 5.6182 4.29305657513
4.3800 5.6054 4.30288050322
4.3900 5.5926 4.31270443131
4.4000 5.5798 4.3225283594
4.4100 5.5671 4.33235228749
4.4200 5.5545 4.34217621558
4.4300 5.5419 4.35200014367
4.4400 5.5294 4.36182407176
4.4500 5.5170 4.37164799985
4.4600 5.5046 4.38147192794
4.4700 5.4922 4.39129585603
4.4800 5.4799 4.40111978412
4.4900 5.4677 4.41094371221
4.5000 5.4555 4.4207676403
4.5100 5.4434 4.43059156839
4.5200 5.4313 4.44041549647
4.5300 5.4193 4.45023942456
4.5400 5.4073 4.46006335265
4.5500 5.3954 4.46988728074
4.5600 5.3835 4.47971120883
4.5700 5.3717 4.48953513692
4.5800 5.3599 4.49935906501
4.5900 5.3482 4.5091829931
4.6000 5.3366 4.51900692119
4.6100 5.3250 4.52883084928
4.6200 5.3134 4.53865477737
4.6300 5.3019 4.54847870546
4.6400 5.2904 4.55830263355
4.6500 5.2790 4.56812656164
4.6600 5.2677 4.57795048973
4.6700 5.2564 4.58777441782
4.6800 5.2451 4.59759834591
4.6900 5.2339 4.607422274
4.7000 5.2227 4.61724620209
4.7100 5.2116 4.62707013018
4.7200 5.2005 4.63689405827
4.7300 5.1895 4.64671798636
4.7400 5.1785 4.65654191444
4.7500 5.1676 4.66636584253
4.7600 5.1567 4.67618977062
4.7700 5.1459 4.68601369871
4.7800 5.1351 4.6958376268
4.7900 5.1243 4.70566155489
4.8000 5.1136 4.71548548298
4.8100 5.1029 4.72530941107
4.8200 5.0923 4.73513333916
4.8300 5.0817 4.74495726725
4.8400 5.0712 4.75478119534
4.8500 5.0607 4.76460512343
4.8600 5.0503 4.77442905152
4.8700 5.0399 4.78425297961
4.8800 5.0295 4.7940769077
4.8900 5.0192 4.80390083579
4.9000 5.0089 4.81372476388
4.9100 4.9987 4.82354869197
4.9200 4.9885 4.83337262006
4.9300 4.9784 4.84319654815
4.9400 4.9683 4.85302047624
4.9500 4.9582 4.86284440433
4.9600 4.9482 4.87266833241
4.9700 4.9382 4.8824922605
4.9800 4.9282 4.89231618859
4.9900 4.9183 4.90214011668
5.0000 4.9085 4.91196404477
5.1000 4.8119 5.01020332567
5.1100 4.8025 5.02002725376
5.1200 4.7931 5.02985118185
5.1300 4.7837 5.03967510994
5.1400 4.7744 5.04949903803
5.1500 4.7651 5.05932296612
5.1600 4.7558 5.06914689421
5.1700 4.7466 5.0789708223
5.1800 4.7374 5.08879475038
5.1900 4.7282 5.09861867847
5.2000 4.7191 5.10844260656
5.2100 4.7100 5.11826653465
5.2200 4.7010 5.12809046274
5.2300 4.6919 5.13791439083
5.2400 4.6830 5.14773831892
5.2500 4.6740 5.15756224701
5.2600 4.6651 5.1673861751
5.2700 4.6562 5.17721010319
5.2800 4.6474 5.18703403128
5.2900 4.6386 5.19685795937
5.3000 4.6298 5.20668188746
5.3100 4.6210 5.21650581555
5.3200 4.6123 5.22632974364
5.3300 4.6036 5.23615367173
5.3400 4.5950 5.24597759982
5.3500 4.5864 5.25580152791
5.3600 4.5778 5.265625456
5.3700 4.5692 5.27544938409
5.3800 4.5607 5.28527331218
5.3900 4.5522 5.29509724027
5.4000 4.5438 5.30492116835
5.4100 4.5353 5.31474509644
5.4200 4.5269 5.32456902453
5.4300 4.5186 5.33439295262
5.4400 4.5103 5.34421688071
5.4500 4.5019 5.3540408088
5.4600 4.4937 5.36386473689
5.4700 4.4854 5.37368866498
5.4800 4.4772 5.38351259307
5.4900 4.4690 5.39333652116
5.5000 4.4609 5.40316044925
5.5100 4.4528 5.41298437734
5.5200 4.4447 5.42280830543
5.5300 4.4366 5.43263223352
5.5400 4.4286 5.44245616161
5.5500 4.4206 5.4522800897
5.5600 4.4126 5.46210401779
5.5700 4.4046 5.47192794588
5.5800 4.3967 5.48175187397
5.5900 4.3888 5.49157580206
5.6000 4.3810 5.50139973015
5.6100 4.3731 5.51122365824
5.6200 4.3653 5.52104758632
5.6300 4.3575 5.53087151441
5.6400 4.3498 5.5406954425
5.6500 4.3421 5.55051937059
5.6600 4.3344 5.56034329868
5.6700 4.3267 5.57016722677
5.6800 4.3191 5.57999115486
5.6900 4.3114 5.58981508295
5.7000 4.3038 5.59963901104
5.7100 4.2963 5.60946293913
5.7200 4.2887 5.61928686722
5.7300 4.2812 5.62911079531
5.7400 4.2738 5.6389347234
5.7500 4.2663 5.64875865149
5.7600 4.2589 5.65858257958
5.7700 4.2515 5.66840650767
5.7800 4.2441 5.67823043576
5.7900 4.2367 5.68805436385
5.8000 4.2294 5.69787829194
5.8100 4.2221 5.70770222003
5.8200 4.2148 5.71752614812
5.8300 4.2075 5.72735007621
5.8400 4.2003 5.73717400429
5.8500 4.1931 5.74699793238
5.8600 4.1859 5.75682186047
5.8700 4.1788 5.76664578856
5.8800 4.1716 5.77646971665
5.8900 4.1645 5.78629364474
5.9000 4.1575 5.79611757283
5.9100 4.1504 5.80594150092
5.9200 4.1434 5.81576542901
5.9300 4.1363 5.8255893571
5.9400 4.1294 5.83541328519
5.9500 4.1224 5.84523721328
5.9600 4.1154 5.85506114137
5.9700 4.1085 5.86488506946
5.9800 4.1016 5.87470899755
5.9900 4.0948 5.88453292564
6.0000 4.0879 5.89435685373
6.0100 4.0811 5.90418078182
6.0200 4.0743 5.91400470991
6.0300 4.0675 5.923828638
6.0400 4.0607 5.93365256609
6.0500 4.0540 5.94347649418
6.0600 4.0473 5.95330042227
6.0700 4.0406 5.96312435035
6.0800 4.0339 5.97294827844
6.0900 4.0273 5.98277220653
6.1000 4.0207 5.99259613462
6.1100 4.0141 6.00242006271
6.1200 4.0075 6.0122439908
6.1300 4.0009 6.02206791889
6.1400 3.9944 6.03189184698
6.1500 3.9878 6.04171577507
6.1600 3.9814 6.05153970316
6.1700 3.9749 6.06136363125
6.1800 3.9684 6.07118755934
6.1900 3.9620 6.08101148743
6.2000 3.9556 6.09083541552
6.2100 3.9492 6.10065934361
6.2200 3.9428 6.1104832717
6.2300 3.9365 6.12030719979
6.2400 3.9301 6.13013112788
6.2500 3.9238 6.13995505597
6.2600 3.9175 6.14977898406
6.2700 3.9112 6.15960291215
6.2800 3.9050 6.16942684024
6.2900 3.8988 6.17925076832
6.3000 3.8925 6.18907469641
6.3100 3.8864 6.1988986245
6.3200 3.8802 6.20872255259
6.3300 3.8740 6.21854648068
6.3400 3.8679 6.22837040877
6.3500 3.8618 6.23819433686
6.3600 3.8557 6.24801826495
6.3700 3.8496 6.25784219304
6.3800 3.8436 6.26766612113
6.3900 3.8375 6.27749004922
6.4000 3.8315 6.28731397731
6.4100 3.8255 6.2971379054
6.4200 3.8195 6.30696183349
6.4300 3.8136 6.31678576158
6.4400 3.8076 6.32660968967
6.4500 3.8017 6.33643361776
6.4600 3.7958 6.34625754585
6.4700 3.7899 6.35608147394
6.4800 3.7840 6.36590540203
6.4900 3.7782 6.37572933012
6.5000 3.7723 6.38555325821
6.5100 3.7665 6.39537718629
6.5200 3.7607 6.40520111438
6.5300 3.7549 6.41502504247
6.5400 3.7492 6.42484897056
6.5500 3.7434 6.43467289865
6.5600 3.7377 6.44449682674
6.5700 3.7320 6.45432075483
6.5800 3.7263 6.46414468292
6.5900 3.7206 6.47396861101
6.6000 3.7149 6.4837925391
6.6100 3.7093 6.49361646719
6.6200 3.7037 6.50344039528
6.6300 3.6981 6.51326432337
6.6400 3.6925 6.52308825146
6.6500 3.6869 6.53291217955
6.6600 3.6813 6.54273610764
6.6700 3.6758 6.55256003573
6.6800 3.6703 6.56238396382
6.6900 3.6648 6.57220789191
6.7000 3.6593 6.58203182
6.7100 3.6538 6.59185574809
6.7200 3.6483 6.60167967618
6.7300 3.6429 6.61150360426
6.7400 3.6375 6.62132753235
6.7500 3.6321 6.63115146044
6.7600 3.6267 6.64097538853
6.7700 3.6213 6.65079931662
6.7800 3.6159 6.66062324471
6.7900 3.6106 6.6704471728
6.8000 3.6052 6.68027110089
6.8100 3.5999 6.69009502898
6.8200 3.5946 6.69991895707
6.8300 3.5893 6.70974288516
6.8400 3.5841 6.71956681325
6.8500 3.5788 6.72939074134
6.8600 3.5736 6.73921466943
6.8700 3.5684 6.74903859752
6.8800 3.5632 6.75886252561
6.8900 3.5580 6.7686864537
6.9000 3.5528 6.77851038179
6.9100 3.5476 6.78833430988
6.9200 3.5425 6.79815823797
6.9300 3.5373 6.80798216606
6.9400 3.5322 6.81780609415
6.9500 3.5271 6.82763002223
6.9600 3.5220 6.83745395032
6.9700 3.5170 6.84727787841
6.9800 3.5119 6.8571018065
6.9900 3.5069 6.86692573459
7.0000 3.5018 6.87674966268
7.0100 3.4968 6.88657359077
7.0200 3.4918 6.89639751886
7.0300 3.4868 6.90622144695
7.0400 3.4818 6.91604537504
7.0500 3.4769 6.92586930313
7.0600 3.4719 6.93569323122
7.0700 3.4670 6.94551715931
7.0800 3.4621 6.9553410874
7.0900 3.4572 6.96516501549
7.1000 3.4523 6.97498894358
7.1100 3.4474 6.98481287167
7.1200 3.4426 6.99463679976
7.1300 3.4377 7.00446072785
7.1400 3.4329 7.01428465594
7.1500 3.4280 7.02410858403
7.1600 3.4232 7.03393251212
7.1700 3.4184 7.0437564402
7.1800 3.4137 7.05358036829
7.1900 3.4089 7.06340429638
7.2000 3.4041 7.07322822447
7.2100 3.3994 7.08305215256
7.2200 3.3947 7.09287608065
7.2300 3.3900 7.10270000874
7.2400 3.3853 7.11252393683
7.2500 3.3806 7.12234786492
7.2600 3.3759 7.13217179301
7.2700 3.3712 7.1419957211
7.2800 3.3666 7.15181964919
7.2900 3.3619 7.16164357728
7.3000 3.3573 7.17146750537
7.3100 3.3527 7.18129143346
7.3200 3.3481 7.19111536155
7.3300 3.3435 7.20093928964
7.3400 3.3389 7.21076321773
7.3500 3.3344 7.22058714582
7.3600 3.3298 7.23041107391
7.3700 3.3253 7.240235002
7.3800 3.3208 7.25005893009
7.3900 3.3162 7.25988285817
7.4000 3.3117 7.26970678626
7.4100 3.3073 7.27953071435
7.4200 3.3028 7.28935464244
7.4300 3.2983 7.29917857053
7.4400 3.2939 7.30900249862
7.4500 3.2894 7.31882642671
7.4600 3.2850 7.3286503548
7.4700 3.2806 7.33847428289
7.4800 3.2762 7.34829821098
7.4900 3.2718 7.35812213907
7.5000 3.2674 7.36794606716
7.5100 3.2630 7.37776999525
7.5200 3.2587 7.38759392334
7.5300 3.2543 7.39741785143
7.5400 3.2500 7.40724177952
7.5500 3.2457 7.41706570761
7.5600 3.2413 7.4268896357
7.5700 3.2370 7.43671356379
7.5800 3.2327 7.44653749188
7.5900 3.2285 7.45636141997
7.6000 3.2242 7.46618534806
7.6100 3.2199 7.47600927614
7.6200 3.2157 7.48583320423
7.6300 3.2115 7.49565713232
7.6400 3.2072 7.50548106041
7.6500 3.2030 7.5153049885
7.6600 3.1988 7.52512891659
7.6700 3.1946 7.53495284468
7.6800 3.1905 7.54477677277
7.6900 3.1863 7.55460070086
7.7000 3.1821 7.56442462895
7.7100 3.1780 7.57424855704
7.7200 3.1739 7.58407248513
7.7300 3.1697 7.59389641322
7.7400 3.1656 7.60372034131
7.7500 3.1615 7.6135442694
7.7600 3.1574 7.62336819749
7.7700 3.1533 7.63319212558
7.7800 3.1493 7.64301605367
7.7900 3.1452 7.65283998176
7.8000 3.1412 7.66266390985
7.8100 3.1371 7.67248783794
7.8200 3.1331 7.68231176603
7.8300 3.1291 7.69213569411
7.8400 3.1251 7.7019596222
7.8500 3.1211 7.71178355029
7.8600 3.1171 7.72160747838
7.8700 3.1131 7.73143140647
7.8800 3.1091 7.74125533456
7.8900 3.1052 7.75107926265
7.9000 3.1012 7.76090319074
7.9100 3.0973 7.77072711883
7.9200 3.0933 7.78055104692
7.9300 3.0894 7.79037497501
7.9400 3.0855 7.8001989031
7.9500 3.0816 7.81002283119
7.9600 3.0777 7.81984675928
7.9700 3.0738 7.82967068737
7.9800 3.0700 7.83949461546
7.9900 3.0661 7.84931854355
8.0000 3.0623 7.85914247164
8.0100 3.0584 7.86896639973
8.0200 3.0546 7.87879032782
8.0300 3.0508 7.88861425591
8.0400 3.0470 7.898438184
8.0500 3.0432 7.90826211208
8.0600 3.0394 7.91808604017
8.0700 3.0356 7.92790996826
8.0800 3.0318 7.93773389635
8.0900 3.0280 7.94755782444
8.1000 3.0243 7.95738175253
8.1100 3.0205 7.96720568062
8.1200 3.0168 7.97702960871
8.1300 3.0131 7.9868535368
8.1400 3.0093 7.99667746489
8.1500 3.0056 8.00650139298
8.1600 3.0019 8.01632532107
8.1700 2.9982 8.02614924916
8.1800 2.9946 8.03597317725
8.1900 2.9909 8.04579710534
8.2000 2.9872 8.05562103343
8.2100 2.9836 8.06544496152
8.2200 2.9799 8.07526888961
8.2300 2.9763 8.0850928177
8.2400 2.9726 8.09491674579
8.2500 2.9690 8.10474067388
8.2600 2.9654 8.11456460197
8.2700 2.9618 8.12438853005
8.2800 2.9582 8.13421245814
8.2900 2.9546 8.14403638623
8.3000 2.9510 8.15386031432
8.3100 2.9475 8.16368424241
8.3200 2.9439 8.1735081705
8.3300 2.9404 8.18333209859
8.3400 2.9368 8.19315602668
8.3500 2.9333 8.20297995477
8.3600 2.9298 8.21280388286
8.3700 2.9262 8.22262781095
8.3800 2.9227 8.23245173904
8.3900 2.9192 8.24227566713
8.4000 2.9157 8.25209959522
8.4100 2.9123 8.26192352331
8.4200 2.9088 8.2717474514
8.4300 2.9053 8.28157137949
8.4400 2.9019 8.29139530758
8.4500 2.8984 8.30121923567
8.4600 2.8950 8.31104316376
8.4700 2.8915 8.32086709185
8.4800 2.8881 8.33069101994
8.4900 2.8847 8.34051494802
8.5000 2.8813 8.35033887611
8.5100 2.8779 8.3601628042
8.5200 2.8745 8.36998673229
8.5300 2.8711 8.37981066038
8.5400 2.8677 8.38963458847
8.5500 2.8643 8.39945851656
8.5600 2.8610 8.40928244465
8.5700 2.8576 8.41910637274
8.5800 2.8543 8.42893030083
8.5900 2.8509 8.43875422892
8.6000 2.8476 8.44857815701
8.6100 2.8443 8.4584020851
8.6200 2.8410 8.46822601319
8.6300 2.8376 8.47804994128
8.6400 2.8343 8.48787386937
8.6500 2.8311 8.49769779746
8.6600 2.8278 8.50752172555
8.6700 2.8245 8.51734565364
8.6800 2.8212 8.52716958173
8.6900 2.8180 8.53699350982
8.7000 2.8147 8.54681743791
8.7100 2.8114 8.55664136599
8.7200 2.8082 8.56646529408
8.7300 2.8050 8.57628922217
8.7400 2.8017 8.58611315026
8.7500 2.7985 8.59593707835
8.7600 2.7953 8.60576100644
8.7700 2.7921 8.61558493453
8.7800 2.7889 8.62540886262
8.7900 2.7857 8.63523279071
8.8000 2.7825 8.6450567188
8.8100 2.7794 8.65488064689
8.8200 2.7762 8.66470457498
8.8300 2.7730 8.67452850307
8.8400 2.7699 8.68435243116
8.8500 2.7667 8.69417635925
8.8600 2.7636 8.70400028734
8.8700 2.7605 8.71382421543
8.8800 2.7573 8.72364814352
8.8900 2.7542 8.73347207161
8.9000 2.7511 8.7432959997
8.9100 2.7480 8.75311992779
8.9200 2.7449 8.76294385588
8.9300 2.7418 8.77276778396
8.9400 2.7387 8.78259171205
8.9500 2.7357 8.79241564014
8.9600 2.7326 8.80223956823
8.9700 2.7295 8.81206349632
8.9800 2.7265 8.82188742441
8.9900 2.7234 8.8317113525
9.0000 2.7204 8.84153528059
9.0100 2.7174 8.85135920868
9.0200 2.7143 8.86118313677
9.0300 2.7113 8.87100706486
9.0400 2.7083 8.88083099295
9.0500 2.7053 8.89065492104
9.0600 2.7023 8.90047884913
9.0700 2.6993 8.91030277722
9.0800 2.6963 8.92012670531
9.0900 2.6933 8.9299506334
9.1000 2.6903 8.93977456149
9.1100 2.6874 8.94959848958
9.1200 2.6844 8.95942241767
9.1300 2.6814 8.96924634576
9.1400 2.6785 8.97907027385
9.1500 2.6756 8.98889420193
9.1600 2.6726 8.99871813002
9.1700 2.6697 9.00854205811
9.1800 2.6668 9.0183659862
9.1900 2.6638 9.02818991429
9.2000 2.6609 9.03801384238
9.2100 2.6580 9.04783777047
9.2200 2.6551 9.05766169856
9.2300 2.6522 9.06748562665
9.2400 2.6494 9.07730955474
9.2500 2.6465 9.08713348283
9.2600 2.6436 9.09695741092
9.2700 2.6407 9.10678133901
9.2800 2.6379 9.1166052671
9.2900 2.6350 9.12642919519
9.3000 2.6322 9.13625312328
9.3100 2.6293 9.14607705137
9.3200 2.6265 9.15590097946
9.3300 2.6237 9.16572490755
9.3400 2.6208 9.17554883564
9.3500 2.6180 9.18537276373
9.3600 2.6152 9.19519669182
9.3700 2.6124 9.2050206199
9.3800 2.6096 9.21484454799
9.3900 2.6068 9.22466847608
9.4000 2.6040 9.23449240417
9.4100 2.6012 9.24431633226
9.4200 2.5984 9.25414026035
9.4300 2.5957 9.26396418844
9.4400 2.5929 9.27378811653
9.4500 2.5902 9.28361204462
9.4600 2.5874 9.29343597271
9.4700 2.5847 9.3032599008
9.4800 2.5819 9.31308382889
9.4900 2.5792 9.32290775698
9.5000 2.5764 9.33273168507
9.5100 2.5737 9.34255561316
9.5200 2.5710 9.35237954125
9.5300 2.5683 9.36220346934
9.5400 2.5656 9.37202739743
9.5500 2.5629 9.38185132552
9.5600 2.5602 9.39167525361
9.5700 2.5575 9.4014991817
9.5800 2.5548 9.41132310979
9.5900 2.5521 9.42114703787
9.6000 2.5495 9.43097096596
9.6100 2.5468 9.44079489405
9.6200 2.5441 9.45061882214
9.6300 2.5415 9.46044275023
9.6400 2.5388 9.47026667832
9.6500 2.5362 9.48009060641
9.6600 2.5335 9.4899145345
9.6700 2.5309 9.49973846259
9.6800 2.5283 9.50956239068
9.6900 2.5256 9.51938631877
9.7000 2.5230 9.52921024686
9.7100 2.5204 9.53903417495
9.7200 2.5178 9.54885810304
9.7300 2.5152 9.55868203113
9.7400 2.5126 9.56850595922
9.7500 2.5100 9.57832988731
9.7600 2.5074 9.5881538154
9.7700 2.5048 9.59797774349
9.7800 2.5023 9.60780167158
9.7900 2.4997 9.61762559967
9.8000 2.4971 9.62744952776
9.8100 2.4946 9.63727345584
9.8200 2.4920 9.64709738393
9.8300 2.4895 9.65692131202
9.8400 2.4869 9.66674524011
9.8500 2.4844 9.6765691682
9.8600 2.4818 9.68639309629
9.8700 2.4793 9.69621702438
9.8800 2.4768 9.70604095247
9.8900 2.4743 9.71586488056
9.9000 2.4718 9.72568880865
9.9100 2.4693 9.73551273674
9.9200 2.4667 9.74533666483
9.9300 2.4642 9.75516059292
9.9400 2.4618 9.76498452101
9.9500 2.4593 9.7748084491
9.9600 2.4568 9.78463237719
9.9700 2.4543 9.79445630528
9.9800 2.4518 9.80428023337
9.9900 2.4494 9.81410416146
10.000 2.4469 9.82392808955
10.100 2.4225 9.92216737044
10.110 2.4201 9.93199129853
10.120 2.4177 9.94181522662
10.130 2.4153 9.95163915471
10.140 2.4129 9.9614630828
10.150 2.4105 9.97128701089
10.160 2.4081 9.98111093898
10.170 2.4058 9.99093486707
10.180 2.4034 10.0007587952
10.190 2.4010 10.0105827232
10.200 2.3986 10.0204066513
10.210 2.3963 10.0302305794
10.220 2.3939 10.0400545075
10.230 2.3916 10.0498784356
10.240 2.3892 10.0597023637
10.250 2.3869 10.0695262918
10.260 2.3845 10.0793502199
10.270 2.3822 10.089174148
10.280 2.3799 10.0989980761
10.290 2.3775 10.1088220041
10.300 2.3752 10.1186459322
10.310 2.3729 10.1284698603
10.320 2.3706 10.1382937884
10.330 2.3683 10.1481177165
10.340 2.3660 10.1579416446
10.350 2.3637 10.1677655727
10.360 2.3614 10.1775895008
10.370 2.3591 10.1874134289
10.380 2.3568 10.1972373569
10.390 2.3545 10.207061285
10.400 2.3522 10.2168852131
10.410 2.3500 10.2267091412
10.420 2.3477 10.2365330693
10.430 2.3454 10.2463569974
10.440 2.3432 10.2561809255
10.450 2.3409 10.2660048536
10.460 2.3387 10.2758287817
10.470 2.3364 10.2856527098
10.480 2.3342 10.2954766378
10.490 2.3319 10.3053005659
10.500 2.3297 10.315124494
10.510 2.3275 10.3249484221
10.520 2.3252 10.3347723502
10.530 2.3230 10.3445962783
10.540 2.3208 10.3544202064
10.550 2.3186 10.3642441345
10.560 2.3164 10.3740680626
10.570 2.3142 10.3838919907
10.580 2.3120 10.3937159187
10.590 2.3098 10.4035398468
10.600 2.3076 10.4133637749
10.610 2.3054 10.423187703
10.620 2.3032 10.4330116311
10.630 2.3010 10.4428355592
10.640 2.2988 10.4526594873
10.650 2.2967 10.4624834154
10.660 2.2945 10.4723073435
10.670 2.2923 10.4821312715
10.680 2.2902 10.4919551996
10.690 2.2880 10.5017791277
10.700 2.2859 10.5116030558
10.710 2.2837 10.5214269839
10.720 2.2816 10.531250912
10.730 2.2794 10.5410748401
10.740 2.2773 10.5508987682
10.750 2.2752 10.5607226963
10.760 2.2730 10.5705466244
10.770 2.2709 10.5803705524
10.780 2.2688 10.5901944805
10.790 2.2667 10.6000184086
10.800 2.2646 10.6098423367
10.810 2.2625 10.6196662648
10.820 2.2604 10.6294901929
10.830 2.2583 10.639314121
10.840 2.2562 10.6491380491
10.850 2.2541 10.6589619772
10.860 2.2520 10.6687859052
10.870 2.2499 10.6786098333
10.880 2.2478 10.6884337614
10.890 2.2457 10.6982576895
10.900 2.2437 10.7080816176
10.910 2.2416 10.7179055457
10.920 2.2395 10.7277294738
10.930 2.2375 10.7375534019
10.940 2.2354 10.74737733
10.950 2.2334 10.7572012581
10.960 2.2313 10.7670251861
10.970 2.2293 10.7768491142
10.980 2.2272 10.7866730423
10.990 2.2252 10.7964969704
11.000 2.2231 10.8063208985
11.010 2.2211 10.8161448266
11.020 2.2191 10.8259687547
11.030 2.2171 10.8357926828
11.040 2.2150 10.8456166109
11.050 2.2130 10.8554405389
11.060 2.2110 10.865264467
11.070 2.2090 10.8750883951
11.080 2.2070 10.8849123232
11.090 2.2050 10.8947362513
11.100 2.2030 10.9045601794
11.110 2.2010 10.9143841075
11.120 2.1990 10.9242080356
11.130 2.1970 10.9340319637
11.140 2.1950 10.9438558918
11.150 2.1930 10.9536798198
11.160 2.1911 10.9635037479
11.170 2.1891 10.973327676
11.180 2.1871 10.9831516041
11.190 2.1851 10.9929755322
11.200 2.1832 11.0027994603
11.210 2.1812 11.0126233884
11.220 2.1793 11.0224473165
11.230 2.1773 11.0322712446
11.240 2.1754 11.0420951726
11.250 2.1734 11.0519191007
11.260 2.1715 11.0617430288
11.270 2.1695 11.0715669569
11.280 2.1676 11.081390885
11.290 2.1657 11.0912148131
11.300 2.1637 11.1010387412
11.310 2.1618 11.1108626693
11.320 2.1599 11.1206865974
11.330 2.1580 11.1305105255
11.340 2.1561 11.1403344535
11.350 2.1541 11.1501583816
11.360 2.1522 11.1599823097
11.370 2.1503 11.1698062378
11.380 2.1484 11.1796301659
11.390 2.1465 11.189454094
11.400 2.1446 11.1992780221
11.410 2.1427 11.2091019502
11.420 2.1408 11.2189258783
11.430 2.1390 11.2287498064
11.440 2.1371 11.2385737344
11.450 2.1352 11.2483976625
11.460 2.1333 11.2582215906
11.470 2.1315 11.2680455187
11.480 2.1296 11.2778694468
11.490 2.1277 11.2876933749
11.500 2.1259 11.297517303
11.510 2.1240 11.3073412311
11.520 2.1221 11.3171651592
11.530 2.1203 11.3269890872
11.540 2.1184 11.3368130153
11.550 2.1166 11.3466369434
11.560 2.1147 11.3564608715
11.570 2.1129 11.3662847996
11.580 2.1111 11.3761087277
11.590 2.1092 11.3859326558
11.600 2.1074 11.3957565839
11.610 2.1056 11.405580512
11.620 2.1038 11.4154044401
11.630 2.1019 11.4252283681
11.640 2.1001 11.4350522962
11.650 2.0983 11.4448762243
11.660 2.0965 11.4547001524
11.670 2.0947 11.4645240805
11.680 2.0929 11.4743480086
11.690 2.0911 11.4841719367
11.700 2.0893 11.4939958648
11.710 2.0875 11.5038197929
11.720 2.0857 11.5136437209
11.730 2.0839 11.523467649
11.740 2.0821 11.5332915771
11.750 2.0803 11.5431155052
11.760 2.0785 11.5529394333
11.770 2.0768 11.5627633614
11.780 2.0750 11.5725872895
11.790 2.0732 11.5824112176
11.800 2.0714 11.5922351457
11.810 2.0697 11.6020590738
11.820 2.0679 11.6118830018
11.830 2.0662 11.6217069299
11.840 2.0644 11.631530858
11.850 2.0626 11.6413547861
11.860 2.0609 11.6511787142
11.870 2.0591 11.6610026423
11.880 2.0574 11.6708265704
11.890 2.0557 11.6806504985
11.900 2.0539 11.6904744266
11.910 2.0522 11.7002983546
11.920 2.0504 11.7101222827
11.930 2.0487 11.7199462108
11.940 2.0470 11.7297701389
11.950 2.0453 11.739594067
11.960 2.0435 11.7494179951
11.970 2.0418 11.7592419232
11.980 2.0401 11.7690658513
11.990 2.0384 11.7788897794
12.000 2.0367 11.7887137075
12.010 2.0350 11.7985376355
12.020 2.0333 11.8083615636
12.030 2.0316 11.8181854917
12.040 2.0299 11.8280094198
12.050 2.0282 11.8378333479
12.060 2.0265 11.847657276
12.070 2.0248 11.8574812041
12.080 2.0231 11.8673051322
12.090 2.0214 11.8771290603
12.100 2.0197 11.8869529884
12.110 2.0180 11.8967769164
12.120 2.0164 11.9066008445
12.130 2.0147 11.9164247726
12.140 2.0130 11.9262487007
12.150 2.0114 11.9360726288
12.160 2.0097 11.9458965569
12.170 2.0080 11.955720485
12.180 2.0064 11.9655444131
12.190 2.0047 11.9753683412
12.200 2.0031 11.9851922692
12.210 2.0014 11.9950161973
12.220 1.9998 12.0048401254
12.230 1.9981 12.0146640535
12.240 1.9965 12.0244879816
12.250 1.9948 12.0343119097
12.260 1.9932 12.0441358378
12.270 1.9915 12.0539597659
12.280 1.9899 12.063783694
12.290 1.9883 12.0736076221
12.300 1.9867 12.0834315501
12.310 1.9850 12.0932554782
12.320 1.9834 12.1030794063
12.330 1.9818 12.1129033344
12.340 1.9802 12.1227272625
12.350 1.9786 12.1325511906
12.360 1.9769 12.1423751187
12.370 1.9753 12.1521990468
12.380 1.9737 12.1620229749
12.390 1.9721 12.1718469029
12.400 1.9705 12.181670831
12.410 1.9689 12.1914947591
12.420 1.9673 12.2013186872
12.430 1.9657 12.2111426153
12.440 1.9641 12.2209665434
12.450 1.9625 12.2307904715
12.460 1.9610 12.2406143996
12.470 1.9594 12.2504383277
12.480 1.9578 12.2602622558
12.490 1.9562 12.2700861838
12.500 1.9546 12.2799101119
12.510 1.9531 12.28973404
12.520 1.9515 12.2995579681
12.530 1.9499 12.3093818962
12.540 1.9484 12.3192058243
12.550 1.9468 12.3290297524
12.560 1.9452 12.3388536805
12.570 1.9437 12.3486776086
12.580 1.9421 12.3585015366
12.590 1.9406 12.3683254647
12.600 1.9390 12.3781493928
12.610 1.9375 12.3879733209
12.620 1.9359 12.397797249
12.630 1.9344 12.4076211771
12.640 1.9328 12.4174451052
12.650 1.9313 12.4272690333
12.660 1.9298 12.4370929614
12.670 1.9282 12.4469168895
12.680 1.9267 12.4567408175
12.690 1.9252 12.4665647456
12.700 1.9236 12.4763886737
12.710 1.9221 12.4862126018
12.720 1.9206 12.4960365299
12.730 1.9191 12.505860458
12.740 1.9175 12.5156843861
12.750 1.9160 12.5255083142
12.760 1.9145 12.5353322423
12.770 1.9130 12.5451561704
12.780 1.9115 12.5549800984
12.790 1.9100 12.5648040265
12.800 1.9085 12.5746279546
12.810 1.9070 12.5844518827
12.820 1.9055 12.5942758108
12.830 1.9040 12.6040997389
12.840 1.9025 12.613923667
12.850 1.9010 12.6237475951
12.860 1.8995 12.6335715232
12.870 1.8980 12.6433954512
12.880 1.8965 12.6532193793
12.890 1.8951 12.6630433074
12.900 1.8936 12.6728672355
12.910 1.8921 12.6826911636
12.920 1.8906 12.6925150917
12.930 1.8892 12.7023390198
12.940 1.8877 12.7121629479
12.950 1.8862 12.721986876
12.960 1.8848 12.7318108041
12.970 1.8833 12.7416347321
12.980 1.8818 12.7514586602
12.990 1.8804 12.7612825883
13.000 1.8789 12.7711065164
13.010 1.8775 12.7809304445
13.020 1.8760 12.7907543726
13.030 1.8746 12.8005783007
13.040 1.8731 12.8104022288
13.050 1.8717 12.8202261569
13.060 1.8702 12.8300500849
13.070 1.8688 12.839874013
13.080 1.8673 12.8496979411
13.090 1.8659 12.8595218692
13.100 1.8645 12.8693457973
13.110 1.8630 12.8791697254
13.120 1.8616 12.8889936535
13.130 1.8602 12.8988175816
13.140 1.8587 12.9086415097
13.150 1.8573 12.9184654378
13.160 1.8559 12.9282893658
13.170 1.8545 12.9381132939
13.180 1.8531 12.947937222
13.190 1.8516 12.9577611501
13.200 1.8502 12.9675850782
13.210 1.8488 12.9774090063
13.220 1.8474 12.9872329344
13.230 1.8460 12.9970568625
13.240 1.8446 13.0068807906
13.250 1.8432 13.0167047186
13.260 1.8418 13.0265286467
13.270 1.8404 13.0363525748
13.280 1.8390 13.0461765029
13.290 1.8376 13.056000431
13.300 1.8362 13.0658243591
13.310 1.8348 13.0756482872
13.320 1.8334 13.0854722153
13.330 1.8320 13.0952961434
13.340 1.8307 13.1051200715
13.350 1.8293 13.1149439995
13.360 1.8279 13.1247679276
13.370 1.8265 13.1345918557
13.380 1.8251 13.1444157838
13.390 1.8238 13.1542397119
13.400 1.8224 13.16406364
13.410 1.8210 13.1738875681
13.420 1.8197 13.1837114962
13.430 1.8183 13.1935354243
13.440 1.8169 13.2033593524
13.450 1.8156 13.2131832804
13.460 1.8142 13.2230072085
13.470 1.8129 13.2328311366
13.480 1.8115 13.2426550647
13.490 1.8101 13.2524789928
13.500 1.8088 13.2623029209
13.510 1.8074 13.272126849
13.520 1.8061 13.2819507771
13.530 1.8048 13.2917747052
13.540 1.8034 13.3015986332
13.550 1.8021 13.3114225613
13.560 1.8007 13.3212464894
13.570 1.7994 13.3310704175
13.580 1.7981 13.3408943456
13.590 1.7967 13.3507182737
13.600 1.7954 13.3605422018
13.610 1.7941 13.3703661299
13.620 1.7927 13.380190058
13.630 1.7914 13.3900139861
13.640 1.7901 13.3998379141
13.650 1.7888 13.4096618422
13.660 1.7874 13.4194857703
13.670 1.7861 13.4293096984
13.680 1.7848 13.4391336265
13.690 1.7835 13.4489575546
13.700 1.7822 13.4587814827
13.710 1.7809 13.4686054108
13.720 1.7796 13.4784293389
13.730 1.7783 13.4882532669
13.740 1.7770 13.498077195
13.750 1.7756 13.5079011231
13.760 1.7743 13.5177250512
13.770 1.7730 13.5275489793
13.780 1.7718 13.5373729074
13.790 1.7705 13.5471968355
13.800 1.7692 13.5570207636
13.810 1.7679 13.5668446917
13.820 1.7666 13.5766686198
13.830 1.7653 13.5864925478
13.840 1.7640 13.5963164759
13.850 1.7627 13.606140404
13.860 1.7614 13.6159643321
13.870 1.7602 13.6257882602
13.880 1.7589 13.6356121883
13.890 1.7576 13.6454361164
13.900 1.7563 13.6552600445
13.910 1.7551 13.6650839726
13.920 1.7538 13.6749079006
13.930 1.7525 13.6847318287
13.940 1.7513 13.6945557568
13.950 1.7500 13.7043796849
13.960 1.7487 13.714203613
13.970 1.7475 13.7240275411
13.980 1.7462 13.7338514692
13.990 1.7449 13.7436753973
14.000 1.7437 13.7534993254
14.010 1.7424 13.7633232535
14.020 1.7412 13.7731471815
14.030 1.7399 13.7829711096
14.040 1.7387 13.7927950377
14.050 1.7374 13.8026189658
14.060 1.7362 13.8124428939
14.070 1.7349 13.822266822
14.080 1.7337 13.8320907501
14.090 1.7325 13.8419146782
14.100 1.7312 13.8517386063
14.110 1.7300 13.8615625343
14.120 1.7287 13.8713864624
14.130 1.7275 13.8812103905
14.140 1.7263 13.8910343186
14.150 1.7251 13.9008582467
14.160 1.7238 13.9106821748
14.170 1.7226 13.9205061029
14.180 1.7214 13.930330031
14.190 1.7201 13.9401539591
14.200 1.7189 13.9499778872
14.210 1.7177 13.9598018152
14.220 1.7165 13.9696257433
14.230 1.7153 13.9794496714
14.240 1.7141 13.9892735995
14.250 1.7128 13.9990975276
14.260 1.7116 14.0089214557
14.270 1.7104 14.0187453838
14.280 1.7092 14.0285693119
14.290 1.7080 14.03839324
14.300 1.7068 14.0482171681
14.310 1.7056 14.0580410961
14.320 1.7044 14.0678650242
14.330 1.7032 14.0776889523
14.340 1.7020 14.0875128804
14.350 1.7008 14.0973368085
14.360 1.6996 14.1071607366
14.370 1.6984 14.1169846647
14.380 1.6972 14.1268085928
14.390 1.6960 14.1366325209
14.400 1.6949 14.1464564489
14.410 1.6937 14.156280377
14.420 1.6925 14.1661043051
14.430 1.6913 14.1759282332
14.440 1.6901 14.1857521613
14.450 1.6889 14.1955760894
14.460 1.6878 14.2054000175
14.470 1.6866 14.2152239456
14.480 1.6854 14.2250478737
14.490 1.6842 14.2348718018
14.500 1.6831 14.2446957298
14.510 1.6819 14.2545196579
14.520 1.6807 14.264343586
14.530 1.6796 14.2741675141
14.540 1.6784 14.2839914422
14.550 1.6772 14.2938153703
14.560 1.6761 14.3036392984
14.570 1.6749 14.3134632265
14.580 1.6738 14.3232871546
14.590 1.6726 14.3331110826
14.600 1.6714 14.3429350107
14.610 1.6703 14.3527589388
14.620 1.6691 14.3625828669
14.630 1.6680 14.372406795
14.640 1.6668 14.3822307231
14.650 1.6657 14.3920546512
14.660 1.6645 14.4018785793
14.670 1.6634 14.4117025074
14.680 1.6623 14.4215264355
14.690 1.6611 14.4313503635
14.700 1.6600 14.4411742916
14.710 1.6588 14.4509982197
14.720 1.6577 14.4608221478
14.730 1.6566 14.4706460759
14.740 1.6554 14.480470004
14.750 1.6543 14.4902939321
14.760 1.6532 14.5001178602
14.770 1.6520 14.5099417883
14.780 1.6509 14.5197657163
14.790 1.6498 14.5295896444
14.800 1.6487 14.5394135725
14.810 1.6475 14.5492375006
14.820 1.6464 14.5590614287
14.830 1.6453 14.5688853568
14.840 1.6442 14.5787092849
14.850 1.6431 14.588533213
14.860 1.6420 14.5983571411
14.870 1.6408 14.6081810692
14.880 1.6397 14.6180049972
14.890 1.6386 14.6278289253
14.900 1.6375 14.6376528534
14.910 1.6364 14.6474767815
14.920 1.6353 14.6573007096
14.930 1.6342 14.6671246377
14.940 1.6331 14.6769485658
14.950 1.6320 14.6867724939
14.960 1.6309 14.696596422
14.970 1.6298 14.7064203501
14.980 1.6287 14.7162442781
14.990 1.6276 14.7260682062
15.000 1.6265 14.7358921343
15.100 1.6156 14.8341314152
15.110 1.6146 14.8439553433
15.120 1.6135 14.8537792714
15.130 1.6124 14.8636031995
15.140 1.6113 14.8734271276
15.150 1.6103 14.8832510557
15.160 1.6092 14.8930749838
15.170 1.6081 14.9028989118
15.180 1.6070 14.9127228399
15.190 1.6060 14.922546768
15.200 1.6049 14.9323706961
15.210 1.6038 14.9421946242
15.220 1.6028 14.9520185523
15.230 1.6017 14.9618424804
15.240 1.6007 14.9716664085
15.250 1.5996 14.9814903366
15.260 1.5985 14.9913142646
15.270 1.5975 15.0011381927
15.280 1.5964 15.0109621208
15.290 1.5954 15.0207860489
15.300 1.5943 15.030609977
15.310 1.5933 15.0404339051
15.320 1.5922 15.0502578332
15.330 1.5912 15.0600817613
15.340 1.5901 15.0699056894
15.350 1.5891 15.0797296175
15.360 1.5880 15.0895535455
15.370 1.5870 15.0993774736
15.380 1.5860 15.1092014017
15.390 1.5849 15.1190253298
15.400 1.5839 15.1288492579
15.410 1.5828 15.138673186
15.420 1.5818 15.1484971141
15.430 1.5808 15.1583210422
15.440 1.5797 15.1681449703
15.450 1.5787 15.1779688983
15.460 1.5777 15.1877928264
15.470 1.5767 15.1976167545
15.480 1.5756 15.2074406826
15.490 1.5746 15.2172646107
15.500 1.5736 15.2270885388
15.510 1.5726 15.2369124669
15.520 1.5715 15.246736395
15.530 1.5705 15.2565603231
15.540 1.5695 15.2663842512
15.550 1.5685 15.2762081792
15.560 1.5675 15.2860321073
15.570 1.5664 15.2958560354
15.580 1.5654 15.3056799635
15.590 1.5644 15.3155038916
15.600 1.5634 15.3253278197
15.610 1.5624 15.3351517478
15.620 1.5614 15.3449756759
15.630 1.5604 15.354799604
15.640 1.5594 15.3646235321
15.650 1.5584 15.3744474601
15.660 1.5574 15.3842713882
15.670 1.5564 15.3940953163
15.680 1.5553 15.4039192444
15.690 1.5543 15.4137431725
15.700 1.5533 15.4235671006
15.710 1.5524 15.4333910287
15.720 1.5514 15.4432149568
15.730 1.5504 15.4530388849
15.740 1.5494 15.4628628129
15.750 1.5484 15.472686741
15.760 1.5474 15.4825106691
15.770 1.5464 15.4923345972
15.780 1.5454 15.5021585253
15.790 1.5444 15.5119824534
15.800 1.5434 15.5218063815
15.810 1.5424 15.5316303096
15.820 1.5415 15.5414542377
15.830 1.5405 15.5512781658
15.840 1.5395 15.5611020938
15.850 1.5385 15.5709260219
15.860 1.5375 15.58074995
15.870 1.5366 15.5905738781
15.880 1.5356 15.6003978062
15.890 1.5346 15.6102217343
15.900 1.5336 15.6200456624
15.910 1.5327 15.6298695905
15.920 1.5317 15.6396935186
15.930 1.5307 15.6495174466
15.940 1.5298 15.6593413747
15.950 1.5288 15.6691653028
15.960 1.5278 15.6789892309
15.970 1.5269 15.688813159
15.980 1.5259 15.6986370871
15.990 1.5249 15.7084610152
16.000 1.5240 15.7182849433
16.010 1.5230 15.7281088714
16.020 1.5220 15.7379327995
16.030 1.5211 15.7477567275
16.040 1.5201 15.7575806556
16.050 1.5192 15.7674045837
16.060 1.5182 15.7772285118
16.070 1.5173 15.7870524399
16.080 1.5163 15.796876368
16.090 1.5154 15.8067002961
16.100 1.5144 15.8165242242
16.110 1.5135 15.8263481523
16.120 1.5125 15.8361720803
16.130 1.5116 15.8459960084
16.140 1.5106 15.8558199365
16.150 1.5097 15.8656438646
16.160 1.5087 15.8754677927
16.170 1.5078 15.8852917208
16.180 1.5069 15.8951156489
16.190 1.5059 15.904939577
16.200 1.5050 15.9147635051
16.210 1.5040 15.9245874332
16.220 1.5031 15.9344113612
16.230 1.5022 15.9442352893
16.240 1.5012 15.9540592174
16.250 1.5003 15.9638831455
16.260 1.4994 15.9737070736
16.270 1.4984 15.9835310017
16.280 1.4975 15.9933549298
16.290 1.4966 16.0031788579
16.300 1.4957 16.013002786
16.310 1.4947 16.022826714
16.320 1.4938 16.0326506421
16.330 1.4929 16.0424745702
16.340 1.4920 16.0522984983
16.350 1.4910 16.0621224264
16.360 1.4901 16.0719463545
16.370 1.4892 16.0817702826
16.380 1.4883 16.0915942107
16.390 1.4874 16.1014181388
16.400 1.4864 16.1112420669
16.410 1.4855 16.1210659949
16.420 1.4846 16.130889923
16.430 1.4837 16.1407138511
16.440 1.4828 16.1505377792
16.450 1.4819 16.1603617073
16.460 1.4810 16.1701856354
16.470 1.4801 16.1800095635
16.480 1.4792 16.1898334916
16.490 1.4783 16.1996574197
16.500 1.4774 16.2094813478
16.510 1.4765 16.2193052758
16.520 1.4755 16.2291292039
16.530 1.4746 16.238953132
16.540 1.4737 16.2487770601
16.550 1.4728 16.2586009882
16.560 1.4720 16.2684249163
16.570 1.4711 16.2782488444
16.580 1.4702 16.2880727725
16.590 1.4693 16.2978967006
16.600 1.4684 16.3077206286
16.610 1.4675 16.3175445567
16.620 1.4666 16.3273684848
16.630 1.4657 16.3371924129
16.640 1.4648 16.347016341
16.650 1.4639 16.3568402691
16.660 1.4630 16.3666641972
16.670 1.4621 16.3764881253
16.680 1.4613 16.3863120534
16.690 1.4604 16.3961359815
16.700 1.4595 16.4059599095
16.710 1.4586 16.4157838376
16.720 1.4577 16.4256077657
16.730 1.4569 16.4354316938
16.740 1.4560 16.4452556219
16.750 1.4551 16.45507955
16.760 1.4542 16.4649034781
16.770 1.4533 16.4747274062
16.780 1.4525 16.4845513343
16.790 1.4516 16.4943752623
16.800 1.4507 16.5041991904
16.810 1.4499 16.5140231185
16.820 1.4490 16.5238470466
16.830 1.4481 16.5336709747
16.840 1.4472 16.5434949028
16.850 1.4464 16.5533188309
16.860 1.4455 16.563142759
16.870 1.4446 16.5729666871
16.880 1.4438 16.5827906152
16.890 1.4429 16.5926145432
16.900 1.4421 16.6024384713
16.910 1.4412 16.6122623994
16.920 1.4403 16.6220863275
16.930 1.4395 16.6319102556
16.940 1.4386 16.6417341837
16.950 1.4378 16.6515581118
16.960 1.4369 16.6613820399
16.970 1.4361 16.671205968
16.980 1.4352 16.681029896
16.990 1.4343 16.6908538241
17.000 1.4335 16.7006777522
17.010 1.4326 16.7105016803
17.020 1.4318 16.7203256084
17.030 1.4309 16.7301495365
17.040 1.4301 16.7399734646
17.050 1.4292 16.7497973927
17.060 1.4284 16.7596213208
17.070 1.4276 16.7694452489
17.080 1.4267 16.7792691769
17.090 1.4259 16.789093105
17.100 1.4250 16.7989170331
17.110 1.4242 16.8087409612
17.120 1.4233 16.8185648893
17.130 1.4225 16.8283888174
17.140 1.4217 16.8382127455
17.150 1.4208 16.8480366736
17.160 1.4200 16.8578606017
17.170 1.4192 16.8676845298
17.180 1.4183 16.8775084578
17.190 1.4175 16.8873323859
17.200 1.4167 16.897156314
17.210 1.4158 16.9069802421
17.220 1.4150 16.9168041702
17.230 1.4142 16.9266280983
17.240 1.4133 16.9364520264
17.250 1.4125 16.9462759545
17.260 1.4117 16.9560998826
17.270 1.4109 16.9659238106
17.280 1.4100 16.9757477387
17.290 1.4092 16.9855716668
17.300 1.4084 16.9953955949
17.310 1.4076 17.005219523
17.320 1.4067 17.0150434511
17.330 1.4059 17.0248673792
17.340 1.4051 17.0346913073
17.350 1.4043 17.0445152354
17.360 1.4035 17.0543391635
17.370 1.4027 17.0641630915
17.380 1.4018 17.0739870196
17.390 1.4010 17.0838109477
17.400 1.4002 17.0936348758
17.410 1.3994 17.1034588039
17.420 1.3986 17.113282732
17.430 1.3978 17.1231066601
17.440 1.3970 17.1329305882
17.450 1.3962 17.1427545163
17.460 1.3954 17.1525784443
17.470 1.3946 17.1624023724
17.480 1.3937 17.1722263005
17.490 1.3929 17.1820502286
17.500 1.3921 17.1918741567
17.510 1.3913 17.2016980848
17.520 1.3905 17.2115220129
17.530 1.3897 17.221345941
17.540 1.3889 17.2311698691
17.550 1.3881 17.2409937972
17.560 1.3873 17.2508177252
17.570 1.3865 17.2606416533
17.580 1.3857 17.2704655814
17.590 1.3849 17.2802895095
17.600 1.3841 17.2901134376
17.610 1.3834 17.2999373657
17.620 1.3826 17.3097612938
17.630 1.3818 17.3195852219
17.640 1.3810 17.32940915
17.650 1.3802 17.339233078
17.660 1.3794 17.3490570061
17.670 1.3786 17.3588809342
17.680 1.3778 17.3687048623
17.690 1.3770 17.3785287904
17.700 1.3762 17.3883527185
17.710 1.3755 17.3981766466
17.720 1.3747 17.4080005747
17.730 1.3739 17.4178245028
17.740 1.3731 17.4276484309
17.750 1.3723 17.4374723589
17.760 1.3716 17.447296287
17.770 1.3708 17.4571202151
17.780 1.3700 17.4669441432
17.790 1.3692 17.4767680713
17.800 1.3684 17.4865919994
17.810 1.3677 17.4964159275
17.820 1.3669 17.5062398556
17.830 1.3661 17.5160637837
17.840 1.3653 17.5258877118
17.850 1.3646 17.5357116398
17.860 1.3638 17.5455355679
17.870 1.3630 17.555359496
17.880 1.3623 17.5651834241
17.890 1.3615 17.5750073522
17.900 1.3607 17.5848312803
17.910 1.3599 17.5946552084
17.920 1.3592 17.6044791365
17.930 1.3584 17.6143030646
17.940 1.3577 17.6241269926
17.950 1.3569 17.6339509207
17.960 1.3561 17.6437748488
17.970 1.3554 17.6535987769
17.980 1.3546 17.663422705
17.990 1.3538 17.6732466331
18.000 1.3531 17.6830705612
18.010 1.3523 17.6928944893
18.020 1.3516 17.7027184174
18.030 1.3508 17.7125423455
18.040 1.3500 17.7223662735
18.050 1.3493 17.7321902016
18.060 1.3485 17.7420141297
18.070 1.3478 17.7518380578
18.080 1.3470 17.7616619859
18.090 1.3463 17.771485914
18.100 1.3455 17.7813098421
18.110 1.3448 17.7911337702
18.120 1.3440 17.8009576983
18.130 1.3433 17.8107816263
18.140 1.3425 17.8206055544
18.150 1.3418 17.8304294825
18.160 1.3410 17.8402534106
18.170 1.3403 17.8500773387
18.180 1.3395 17.8599012668
18.190 1.3388 17.8697251949
18.200 1.3381 17.879549123
18.210 1.3373 17.8893730511
18.220 1.3366 17.8991969792
18.230 1.3358 17.9090209072
18.240 1.3351 17.9188448353
18.250 1.3344 17.9286687634
18.260 1.3336 17.9384926915
18.270 1.3329 17.9483166196
18.280 1.3321 17.9581405477
18.290 1.3314 17.9679644758
18.300 1.3307 17.9777884039
18.310 1.3299 17.987612332
18.320 1.3292 17.99743626
18.330 1.3285 18.0072601881
18.340 1.3277 18.0170841162
18.350 1.3270 18.0269080443
18.360 1.3263 18.0367319724
18.370 1.3255 18.0465559005
18.380 1.3248 18.0563798286
18.390 1.3241 18.0662037567
18.400 1.3234 18.0760276848
18.410 1.3226 18.0858516129
18.420 1.3219 18.0956755409
18.430 1.3212 18.105499469
18.440 1.3205 18.1153233971
18.450 1.3197 18.1251473252
18.460 1.3190 18.1349712533
18.470 1.3183 18.1447951814
18.480 1.3176 18.1546191095
18.490 1.3169 18.1644430376
18.500 1.3161 18.1742669657
18.510 1.3154 18.1840908938
18.520 1.3147 18.1939148218
18.530 1.3140 18.2037387499
18.540 1.3133 18.213562678
18.550 1.3126 18.2233866061
18.560 1.3118 18.2332105342
18.570 1.3111 18.2430344623
18.580 1.3104 18.2528583904
18.590 1.3097 18.2626823185
18.600 1.3090 18.2725062466
18.610 1.3083 18.2823301746
18.620 1.3076 18.2921541027
18.630 1.3069 18.3019780308
18.640 1.3061 18.3118019589
18.650 1.3054 18.321625887
18.660 1.3047 18.3314498151
18.670 1.3040 18.3412737432
18.680 1.3033 18.3510976713
18.690 1.3026 18.3609215994
18.700 1.3019 18.3707455275
18.710 1.3012 18.3805694555
18.720 1.3005 18.3903933836
18.730 1.2998 18.4002173117
18.740 1.2991 18.4100412398
18.750 1.2984 18.4198651679
18.760 1.2977 18.429689096
18.770 1.2970 18.4395130241
18.780 1.2963 18.4493369522
18.790 1.2956 18.4591608803
18.800 1.2949 18.4689848083
18.810 1.2942 18.4788087364
18.820 1.2935 18.4886326645
18.830 1.2928 18.4984565926
18.840 1.2921 18.5082805207
18.850 1.2914 18.5181044488
18.860 1.2907 18.5279283769
18.870 1.2901 18.537752305
18.880 1.2894 18.5475762331
18.890 1.2887 18.5574001612
18.900 1.2880 18.5672240892
18.910 1.2873 18.5770480173
18.920 1.2866 18.5868719454
18.930 1.2859 18.5966958735
18.940 1.2852 18.6065198016
18.950 1.2846 18.6163437297
18.960 1.2839 18.6261676578
18.970 1.2832 18.6359915859
18.980 1.2825 18.645815514
18.990 1.2818 18.655639442
19.000 1.2811 18.6654633701
19.010 1.2805 18.6752872982
19.020 1.2798 18.6851112263
19.030 1.2791 18.6949351544
19.040 1.2784 18.7047590825
19.050 1.2777 18.7145830106
19.060 1.2771 18.7244069387
19.070 1.2764 18.7342308668
19.080 1.2757 18.7440547949
19.090 1.2750 18.7538787229
19.100 1.2744 18.763702651
19.110 1.2737 18.7735265791
19.120 1.2730 18.7833505072
19.130 1.2723 18.7931744353
19.140 1.2717 18.8029983634
19.150 1.2710 18.8128222915
19.160 1.2703 18.8226462196
19.170 1.2697 18.8324701477
19.180 1.2690 18.8422940757
19.190 1.2683 18.8521180038
19.200 1.2676 18.8619419319
19.210 1.2670 18.87176586
19.220 1.2663 18.8815897881
19.230 1.2656 18.8914137162
19.240 1.2650 18.9012376443
19.250 1.2643 18.9110615724
19.260 1.2637 18.9208855005
19.270 1.2630 18.9307094286
19.280 1.2623 18.9405333566
19.290 1.2617 18.9503572847
19.300 1.2610 18.9601812128
19.310 1.2603 18.9700051409
19.320 1.2597 18.979829069
19.330 1.2590 18.9896529971
19.340 1.2584 18.9994769252
19.350 1.2577 19.0093008533
19.360 1.2571 19.0191247814
19.370 1.2564 19.0289487095
19.380 1.2557 19.0387726375
19.390 1.2551 19.0485965656
19.400 1.2544 19.0584204937
19.410 1.2538 19.0682444218
19.420 1.2531 19.0780683499
19.430 1.2525 19.087892278
19.440 1.2518 19.0977162061
19.450 1.2512 19.1075401342
19.460 1.2505 19.1173640623
19.470 1.2499 19.1271879903
19.480 1.2492 19.1370119184
19.490 1.2486 19.1468358465
19.500 1.2479 19.1566597746
19.510 1.2473 19.1664837027
19.520 1.2466 19.1763076308
19.530 1.2460 19.1861315589
19.540 1.2453 19.195955487
19.550 1.2447 19.2057794151
19.560 1.2441 19.2156033432
19.570 1.2434 19.2254272712
19.580 1.2428 19.2352511993
19.590 1.2421 19.2450751274
19.600 1.2415 19.2548990555
19.610 1.2409 19.2647229836
19.620 1.2402 19.2745469117
19.630 1.2396 19.2843708398
19.640 1.2389 19.2941947679
19.650 1.2383 19.304018696
19.660 1.2377 19.313842624
19.670 1.2370 19.3236665521
19.680 1.2364 19.3334904802
19.690 1.2358 19.3433144083
19.700 1.2351 19.3531383364
19.710 1.2345 19.3629622645
19.720 1.2339 19.3727861926
19.730 1.2332 19.3826101207
19.740 1.2326 19.3924340488
19.750 1.2320 19.4022579769
19.760 1.2313 19.4120819049
19.770 1.2307 19.421905833
19.780 1.2301 19.4317297611
19.790 1.2294 19.4415536892
19.800 1.2288 19.4513776173
19.810 1.2282 19.4612015454
19.820 1.2276 19.4710254735
19.830 1.2269 19.4808494016
19.840 1.2263 19.4906733297
19.850 1.2257 19.5004972577
19.860 1.2251 19.5103211858
19.870 1.2244 19.5201451139
19.880 1.2238 19.529969042
19.890 1.2232 19.5397929701
19.900 1.2226 19.5496168982
19.910 1.2220 19.5594408263
19.920 1.2213 19.5692647544
19.930 1.2207 19.5790886825
19.940 1.2201 19.5889126106
19.950 1.2195 19.5987365386
19.960 1.2189 19.6085604667
19.970 1.2182 19.6183843948
19.980 1.2176 19.6282083229
19.990 1.2170 19.638032251
20.000 1.2164 19.6478561791
20.100 1.2103 19.74609546
20.110 1.2097 19.7559193881
20.120 1.2091 19.7657433162
20.130 1.2084 19.7755672443
20.140 1.2078 19.7853911723
20.150 1.2072 19.7952151004
20.160 1.2066 19.8050390285
20.170 1.2060 19.8148629566
20.180 1.2054 19.8246868847
20.190 1.2048 19.8345108128
20.200 1.2042 19.8443347409
20.210 1.2036 19.854158669
20.220 1.2030 19.8639825971
20.230 1.2024 19.8738065252
20.240 1.2018 19.8836304532
20.250 1.2012 19.8934543813
20.260 1.2006 19.9032783094
20.270 1.2000 19.9131022375
20.280 1.1994 19.9229261656
20.290 1.1988 19.9327500937
20.300 1.1982 19.9425740218
20.310 1.1976 19.9523979499
20.320 1.1970 19.962221878
20.330 1.1964 19.972045806
20.340 1.1958 19.9818697341
20.350 1.1952 19.9916936622
20.360 1.1946 20.0015175903
20.370 1.1940 20.0113415184
20.380 1.1935 20.0211654465
20.390 1.1929 20.0309893746
20.400 1.1923 20.0408133027
20.410 1.1917 20.0506372308
20.420 1.1911 20.0604611589
20.430 1.1905 20.0702850869
20.440 1.1899 20.080109015
20.450 1.1893 20.0899329431
20.460 1.1887 20.0997568712
20.470 1.1881 20.1095807993
20.480 1.1876 20.1194047274
20.490 1.1870 20.1292286555
20.500 1.1864 20.1390525836
20.510 1.1858 20.1488765117
20.520 1.1852 20.1587004397
20.530 1.1846 20.1685243678
20.540 1.1841 20.1783482959
20.550 1.1835 20.188172224
20.560 1.1829 20.1979961521
20.570 1.1823 20.2078200802
20.580 1.1817 20.2176440083
20.590 1.1811 20.2274679364
20.600 1.1806 20.2372918645
20.610 1.1800 20.2471157926
20.620 1.1794 20.2569397206
20.630 1.1788 20.2667636487
20.640 1.1782 20.2765875768
20.650 1.1777 20.2864115049
20.660 1.1771 20.296235433
20.670 1.1765 20.3060593611
20.680 1.1759 20.3158832892
20.690 1.1754 20.3257072173
20.700 1.1748 20.3355311454
20.710 1.1742 20.3453550735
20.720 1.1736 20.3551790015
20.730 1.1731 20.3650029296
20.740 1.1725 20.3748268577
20.750 1.1719 20.3846507858
20.760 1.1714 20.3944747139
20.770 1.1708 20.404298642
20.780 1.1702 20.4141225701
20.790 1.1696 20.4239464982
20.800 1.1691 20.4337704263
20.810 1.1685 20.4435943543
20.820 1.1679 20.4534182824
20.830 1.1674 20.4632422105
20.840 1.1668 20.4730661386
20.850 1.1662 20.4828900667
20.860 1.1657 20.4927139948
20.870 1.1651 20.5025379229
20.880 1.1645 20.512361851
20.890 1.1640 20.5221857791
20.900 1.1634 20.5320097072
20.910 1.1629 20.5418336352
20.920 1.1623 20.5516575633
20.930 1.1617 20.5614814914
20.940 1.1612 20.5713054195
20.950 1.1606 20.5811293476
20.960 1.1600 20.5909532757
20.970 1.1595 20.6007772038
20.980 1.1589 20.6106011319
20.990 1.1584 20.62042506
21.000 1.1578 20.630248988
21.010 1.1573 20.6400729161
21.020 1.1567 20.6498968442
21.030 1.1561 20.6597207723
21.040 1.1556 20.6695447004
21.050 1.1550 20.6793686285
21.060 1.1545 20.6891925566
21.070 1.1539 20.6990164847
21.080 1.1534 20.7088404128
21.090 1.1528 20.7186643409
21.100 1.1523 20.7284882689
21.110 1.1517 20.738312197
21.120 1.1512 20.7481361251
21.130 1.1506 20.7579600532
21.140 1.1501 20.7677839813
21.150 1.1495 20.7776079094
21.160 1.1490 20.7874318375
21.170 1.1484 20.7972557656
21.180 1.1479 20.8070796937
21.190 1.1473 20.8169036217
21.200 1.1468 20.8267275498
21.210 1.1462 20.8365514779
21.220 1.1457 20.846375406
21.230 1.1451 20.8561993341
21.240 1.1446 20.8660232622
21.250 1.1440 20.8758471903
21.260 1.1435 20.8856711184
21.270 1.1429 20.8954950465
21.280 1.1424 20.9053189746
21.290 1.1419 20.9151429026
21.300 1.1413 20.9249668307
21.310 1.1408 20.9347907588
21.320 1.1402 20.9446146869
21.330 1.1397 20.954438615
21.340 1.1391 20.9642625431
21.350 1.1386 20.9740864712
21.360 1.1381 20.9839103993
21.370 1.1375 20.9937343274
21.380 1.1370 21.0035582554
21.390 1.1365 21.0133821835
21.400 1.1359 21.0232061116
21.410 1.1354 21.0330300397
21.420 1.1348 21.0428539678
21.430 1.1343 21.0526778959
21.440 1.1338 21.062501824
21.450 1.1332 21.0723257521
21.460 1.1327 21.0821496802
21.470 1.1322 21.0919736083
21.480 1.1316 21.1017975363
21.490 1.1311 21.1116214644
21.500 1.1306 21.1214453925
21.510 1.1300 21.1312693206
21.520 1.1295 21.1410932487
21.530 1.1290 21.1509171768
21.540 1.1284 21.1607411049
21.550 1.1279 21.170565033
21.560 1.1274 21.1803889611
21.570 1.1269 21.1902128892
21.580 1.1263 21.2000368172
21.590 1.1258 21.2098607453
21.600 1.1253 21.2196846734
21.610 1.1247 21.2295086015
21.620 1.1242 21.2393325296
21.630 1.1237 21.2491564577
21.640 1.1232 21.2589803858
21.650 1.1226 21.2688043139
21.660 1.1221 21.278628242
21.670 1.1216 21.28845217
21.680 1.1211 21.2982760981
21.690 1.1205 21.3081000262
21.700 1.1200 21.3179239543
21.710 1.1195 21.3277478824
21.720 1.1190 21.3375718105
21.730 1.1185 21.3473957386
21.740 1.1179 21.3572196667
21.750 1.1174 21.3670435948
21.760 1.1169 21.3768675229
21.770 1.1164 21.3866914509
21.780 1.1159 21.396515379
21.790 1.1153 21.4063393071
21.800 1.1148 21.4161632352
21.810 1.1143 21.4259871633
21.820 1.1138 21.4358110914
21.830 1.1133 21.4456350195
21.840 1.1128 21.4554589476
21.850 1.1122 21.4652828757
21.860 1.1117 21.4751068037
21.870 1.1112 21.4849307318
21.880 1.1107 21.4947546599
21.890 1.1102 21.504578588
21.900 1.1097 21.5144025161
21.910 1.1092 21.5242264442
21.920 1.1086 21.5340503723
21.930 1.1081 21.5438743004
21.940 1.1076 21.5536982285
21.950 1.1071 21.5635221566
21.960 1.1066 21.5733460846
21.970 1.1061 21.5831700127
21.980 1.1056 21.5929939408
21.990 1.1051 21.6028178689
22.000 1.1046 21.612641797
22.010 1.1041 21.6224657251
22.020 1.1036 21.6322896532
22.030 1.1030 21.6421135813
22.040 1.1025 21.6519375094
22.050 1.1020 21.6617614374
22.060 1.1015 21.6715853655
22.070 1.1010 21.6814092936
22.080 1.1005 21.6912332217
22.090 1.1000 21.7010571498
22.100 1.0995 21.7108810779
22.110 1.0990 21.720705006
22.120 1.0985 21.7305289341
22.130 1.0980 21.7403528622
22.140 1.0975 21.7501767903
22.150 1.0970 21.7600007183
22.160 1.0965 21.7698246464
22.170 1.0960 21.7796485745
22.180 1.0955 21.7894725026
22.190 1.0950 21.7992964307
22.200 1.0945 21.8091203588
22.210 1.0940 21.8189442869
22.220 1.0935 21.828768215
22.230 1.0930 21.8385921431
22.240 1.0925 21.8484160712
22.250 1.0920 21.8582399992
22.260 1.0915 21.8680639273
22.270 1.0910 21.8778878554
22.280 1.0905 21.8877117835
22.290 1.0900 21.8975357116
22.300 1.0895 21.9073596397
22.310 1.0890 21.9171835678
22.320 1.0885 21.9270074959
22.330 1.0880 21.936831424
22.340 1.0875 21.946655352
22.350 1.0871 21.9564792801
22.360 1.0866 21.9663032082
22.370 1.0861 21.9761271363
22.380 1.0856 21.9859510644
22.390 1.0851 21.9957749925
22.400 1.0846 22.0055989206
22.410 1.0841 22.0154228487
22.420 1.0836 22.0252467768
22.430 1.0831 22.0350707049
22.440 1.0826 22.0448946329
22.450 1.0822 22.054718561
22.460 1.0817 22.0645424891
22.470 1.0812 22.0743664172
22.480 1.0807 22.0841903453
22.490 1.0802 22.0940142734
22.500 1.0797 22.1038382015
22.510 1.0792 22.1136621296
22.520 1.0787 22.1234860577
22.530 1.0783 22.1333099857
22.540 1.0778 22.1431339138
22.550 1.0773 22.1529578419
22.560 1.0768 22.16278177
22.570 1.0763 22.1726056981
22.580 1.0758 22.1824296262
22.590 1.0754 22.1922535543
22.600 1.0749 22.2020774824
22.610 1.0744 22.2119014105
22.620 1.0739 22.2217253386
22.630 1.0734 22.2315492666
22.640 1.0730 22.2413731947
22.650 1.0725 22.2511971228
22.660 1.0720 22.2610210509
22.670 1.0715 22.270844979
22.680 1.0710 22.2806689071
22.690 1.0706 22.2904928352
22.700 1.0701 22.3003167633
22.710 1.0696 22.3101406914
22.720 1.0691 22.3199646194
22.730 1.0687 22.3297885475
22.740 1.0682 22.3396124756
22.750 1.0677 22.3494364037
22.760 1.0672 22.3592603318
22.770 1.0668 22.3690842599
22.780 1.0663 22.378908188
22.790 1.0658 22.3887321161
22.800 1.0653 22.3985560442
22.810 1.0649 22.4083799723
22.820 1.0644 22.4182039003
22.830 1.0639 22.4280278284
22.840 1.0634 22.4378517565
22.850 1.0630 22.4476756846
22.860 1.0625 22.4574996127
22.870 1.0620 22.4673235408
22.880 1.0616 22.4771474689
22.890 1.0611 22.486971397
22.900 1.0606 22.4967953251
22.910 1.0602 22.5066192532
22.920 1.0597 22.5164431812
22.930 1.0592 22.5262671093
22.940 1.0588 22.5360910374
22.950 1.0583 22.5459149655
22.960 1.0578 22.5557388936
22.970 1.0573 22.5655628217
22.980 1.0569 22.5753867498
22.990 1.0564 22.5852106779
23.000 1.0560 22.595034606
23.010 1.0555 22.604858534
23.020 1.0550 22.6146824621
23.030 1.0546 22.6245063902
23.040 1.0541 22.6343303183
23.050 1.0536 22.6441542464
23.060 1.0532 22.6539781745
23.070 1.0527 22.6638021026
23.080 1.0522 22.6736260307
23.090 1.0518 22.6834499588
23.100 1.0513 22.6932738869
23.110 1.0509 22.7030978149
23.120 1.0504 22.712921743
23.130 1.0499 22.7227456711
23.140 1.0495 22.7325695992
23.150 1.0490 22.7423935273
23.160 1.0486 22.7522174554
23.170 1.0481 22.7620413835
23.180 1.0476 22.7718653116
23.190 1.0472 22.7816892397
23.200 1.0467 22.7915131677
23.210 1.0463 22.8013370958
23.220 1.0458 22.8111610239
23.230 1.0454 22.820984952
23.240 1.0449 22.8308088801
23.250 1.0445 22.8406328082
23.260 1.0440 22.8504567363
23.270 1.0435 22.8602806644
23.280 1.0431 22.8701045925
23.290 1.0426 22.8799285206
23.300 1.0422 22.8897524486
23.310 1.0417 22.8995763767
23.320 1.0413 22.9094003048
23.330 1.0408 22.9192242329
23.340 1.0404 22.929048161
23.350 1.0399 22.9388720891
23.360 1.0395 22.9486960172
23.370 1.0390 22.9585199453
23.380 1.0386 22.9683438734
23.390 1.0381 22.9781678014
23.400 1.0377 22.9879917295
23.410 1.0372 22.9978156576
23.420 1.0368 23.0076395857
23.430 1.0363 23.0174635138
23.440 1.0359 23.0272874419
23.450 1.0354 23.03711137
23.460 1.0350 23.0469352981
23.470 1.0345 23.0567592262
23.480 1.0341 23.0665831543
23.490 1.0336 23.0764070823
23.500 1.0332 23.0862310104
23.510 1.0328 23.0960549385
23.520 1.0323 23.1058788666
23.530 1.0319 23.1157027947
23.540 1.0314 23.1255267228
23.550 1.0310 23.1353506509
23.560 1.0305 23.145174579
23.570 1.0301 23.1549985071
23.580 1.0296 23.1648224352
23.590 1.0292 23.1746463632
23.600 1.0288 23.1844702913
23.610 1.0283 23.1942942194
23.620 1.0279 23.2041181475
23.630 1.0274 23.2139420756
23.640 1.0270 23.2237660037
23.650 1.0266 23.2335899318
23.660 1.0261 23.2434138599
23.670 1.0257 23.253237788
23.680 1.0252 23.263061716
23.690 1.0248 23.2728856441
23.700 1.0244 23.2827095722
23.710 1.0239 23.2925335003
23.720 1.0235 23.3023574284
23.730 1.0231 23.3121813565
23.740 1.0226 23.3220052846
23.750 1.0222 23.3318292127
23.760 1.0217 23.3416531408
23.770 1.0213 23.3514770689
23.780 1.0209 23.3613009969
23.790 1.0204 23.371124925
23.800 1.0200 23.3809488531
23.810 1.0196 23.3907727812
23.820 1.0191 23.4005967093
23.830 1.0187 23.4104206374
23.840 1.0183 23.4202445655
23.850 1.0178 23.4300684936
23.860 1.0174 23.4398924217
23.870 1.0170 23.4497163497
23.880 1.0165 23.4595402778
23.890 1.0161 23.4693642059
23.900 1.0157 23.479188134
23.910 1.0153 23.4890120621
23.920 1.0148 23.4988359902
23.930 1.0144 23.5086599183
23.940 1.0140 23.5184838464
23.950 1.0135 23.5283077745
23.960 1.0131 23.5381317026
23.970 1.0127 23.5479556306
23.980 1.0122 23.5577795587
23.990 1.0118 23.5676034868
24.000 1.0114 23.5774274149
24.010 1.0110 23.587251343
24.020 1.0105 23.5970752711
24.030 1.0101 23.6068991992
24.040 1.0097 23.6167231273
24.050 1.0093 23.6265470554
24.060 1.0088 23.6363709834
24.070 1.0084 23.6461949115
24.080 1.0080 23.6560188396
24.090 1.0076 23.6658427677
24.100 1.0071 23.6756666958
24.110 1.0067 23.6854906239
24.120 1.0063 23.695314552
24.130 1.0059 23.7051384801
24.140 1.0055 23.7149624082
24.150 1.0050 23.7247863363
24.160 1.0046 23.7346102643
24.170 1.0042 23.7444341924
24.180 1.0038 23.7542581205
24.190 1.0033 23.7640820486
24.200 1.0029 23.7739059767
24.210 1.0025 23.7837299048
24.220 1.0021 23.7935538329
24.230 1.0017 23.803377761
24.240 1.0012 23.8132016891
24.250 1.0008 23.8230256171
24.260 1.0004 23.8328495452
24.270 0.99999 23.8426734733
24.280 0.99958 23.8524974014
24.290 0.99916 23.8623213295
24.300 0.99874 23.8721452576
24.310 0.99833 23.8819691857
24.320 0.99791 23.8917931138
24.330 0.99749 23.9016170419
24.340 0.99708 23.91144097
24.350 0.99666 23.921264898
24.360 0.99625 23.9310888261
24.370 0.99583 23.9409127542
24.380 0.99542 23.9507366823
24.390 0.99501 23.9605606104
24.400 0.99459 23.9703845385
24.410 0.99418 23.9802084666
24.420 0.99377 23.9900323947
24.430 0.99336 23.9998563228
24.440 0.99294 24.0096802509
24.450 0.99253 24.0195041789
24.460 0.99212 24.029328107
24.470 0.99171 24.0391520351
24.480 0.99130 24.0489759632
24.490 0.99089 24.0587998913
24.500 0.99048 24.0686238194
24.510 0.99007 24.0784477475
24.520 0.98966 24.0882716756
24.530 0.98925 24.0980956037
24.540 0.98884 24.1079195317
24.550 0.98843 24.1177434598
24.560 0.98803 24.1275673879
24.570 0.98762 24.137391316
24.580 0.98721 24.1472152441
24.590 0.98681 24.1570391722
24.600 0.98640 24.1668631003
24.610 0.98599 24.1766870284
24.620 0.98559 24.1865109565
24.630 0.98518 24.1963348846
24.640 0.98478 24.2061588126
24.650 0.98437 24.2159827407
24.660 0.98397 24.2258066688
24.670 0.98356 24.2356305969
24.680 0.98316 24.245454525
24.690 0.98275 24.2552784531
24.700 0.98235 24.2651023812
24.710 0.98195 24.2749263093
24.720 0.98155 24.2847502374
24.730 0.98114 24.2945741654
24.740 0.98074 24.3043980935
24.750 0.98034 24.3142220216
24.760 0.97994 24.3240459497
24.770 0.97954 24.3338698778
24.780 0.97914 24.3436938059
24.790 0.97874 24.353517734
24.800 0.97834 24.3633416621
24.810 0.97794 24.3731655902
24.820 0.97754 24.3829895183
24.830 0.97714 24.3928134463
24.840 0.97674 24.4026373744
24.850 0.97634 24.4124613025
24.860 0.97594 24.4222852306
24.870 0.97554 24.4321091587
24.880 0.97515 24.4419330868
24.890 0.97475 24.4517570149
24.900 0.97435 24.461580943
24.910 0.97396 24.4714048711
24.920 0.97356 24.4812287991
24.930 0.97316 24.4910527272
24.940 0.97277 24.5008766553
24.950 0.97237 24.5107005834
24.960 0.97198 24.5205245115
24.970 0.97158 24.5303484396
24.980 0.97119 24.5401723677
24.990 0.97080 24.5499962958
25.000 0.97040 24.5598202239
25.100 0.96648 24.6580595048
25.110 0.96609 24.6678834329
25.120 0.96570 24.6777073609
25.130 0.96531 24.687531289
25.140 0.96492 24.6973552171
25.150 0.96454 24.7071791452
25.160 0.96415 24.7170030733
25.170 0.96376 24.7268270014
25.180 0.96337 24.7366509295
25.190 0.96298 24.7464748576
25.200 0.96259 24.7562987857
25.210 0.96221 24.7661227137
25.220 0.96182 24.7759466418
25.230 0.96143 24.7857705699
25.240 0.96105 24.795594498
25.250 0.96066 24.8054184261
25.260 0.96028 24.8152423542
25.270 0.95989 24.8250662823
25.280 0.95951 24.8348902104
25.290 0.95912 24.8447141385
25.300 0.95874 24.8545380666
25.310 0.95835 24.8643619946
25.320 0.95797 24.8741859227
25.330 0.95759 24.8840098508
25.340 0.95720 24.8938337789
25.350 0.95682 24.903657707
25.360 0.95644 24.9134816351
25.370 0.95606 24.9233055632
25.380 0.95567 24.9331294913
25.390 0.95529 24.9429534194
25.400 0.95491 24.9527773474
25.410 0.95453 24.9626012755
25.420 0.95415 24.9724252036
25.430 0.95377 24.9822491317
25.440 0.95339 24.9920730598
25.450 0.95301 25.0018969879
25.460 0.95263 25.011720916
25.470 0.95225 25.0215448441
25.480 0.95187 25.0313687722
25.490 0.95149 25.0411927003
25.500 0.95111 25.0510166283
25.510 0.95074 25.0608405564
25.520 0.95036 25.0706644845
25.530 0.94998 25.0804884126
25.540 0.94960 25.0903123407
25.550 0.94923 25.1001362688
25.560 0.94885 25.1099601969
25.570 0.94847 25.119784125
25.580 0.94810 25.1296080531
25.590 0.94772 25.1394319811
25.600 0.94735 25.1492559092
25.610 0.94697 25.1590798373
25.620 0.94660 25.1689037654
25.630 0.94622 25.1787276935
25.640 0.94585 25.1885516216
25.650 0.94547 25.1983755497
25.660 0.94510 25.2081994778
25.670 0.94473 25.2180234059
25.680 0.94435 25.227847334
25.690 0.94398 25.237671262
25.700 0.94361 25.2474951901
25.710 0.94324 25.2573191182
25.720 0.94286 25.2671430463
25.730 0.94249 25.2769669744
25.740 0.94212 25.2867909025
25.750 0.94175 25.2966148306
25.760 0.94138 25.3064387587
25.770 0.94101 25.3162626868
25.780 0.94064 25.3260866149
25.790 0.94027 25.3359105429
25.800 0.93990 25.345734471
25.810 0.93953 25.3555583991
25.820 0.93916 25.3653823272
25.830 0.93879 25.3752062553
25.840 0.93842 25.3850301834
25.850 0.93806 25.3948541115
25.860 0.93769 25.4046780396
25.870 0.93732 25.4145019677
25.880 0.93695 25.4243258957
25.890 0.93659 25.4341498238
25.900 0.93622 25.4439737519
25.910 0.93585 25.45379768
25.920 0.93549 25.4636216081
25.930 0.93512 25.4734455362
25.940 0.93475 25.4832694643
25.950 0.93439 25.4930933924
25.960 0.93402 25.5029173205
25.970 0.93366 25.5127412486
25.980 0.93330 25.5225651766
25.990 0.93293 25.5323891047
26.000 0.93257 25.5422130328
26.010 0.93220 25.5520369609
26.020 0.93184 25.561860889
26.030 0.93148 25.5716848171
26.040 0.93111 25.5815087452
26.050 0.93075 25.5913326733
26.060 0.93039 25.6011566014
26.070 0.93003 25.6109805294
26.080 0.92967 25.6208044575
26.090 0.92930 25.6306283856
26.100 0.92894 25.6404523137
26.110 0.92858 25.6502762418
26.120 0.92822 25.6601001699
26.130 0.92786 25.669924098
26.140 0.92750 25.6797480261
26.150 0.92714 25.6895719542
26.160 0.92678 25.6993958823
26.170 0.92642 25.7092198103
26.180 0.92606 25.7190437384
26.190 0.92571 25.7288676665
26.200 0.92535 25.7386915946
26.210 0.92499 25.7485155227
26.220 0.92463 25.7583394508
26.230 0.92427 25.7681633789
26.240 0.92392 25.777987307
26.250 0.92356 25.7878112351
26.260 0.92320 25.7976351631
26.270 0.92285 25.8074590912
26.280 0.92249 25.8172830193
26.290 0.92213 25.8271069474
26.300 0.92178 25.8369308755
26.310 0.92142 25.8467548036
26.320 0.92107 25.8565787317
26.330 0.92071 25.8664026598
26.340 0.92036 25.8762265879
26.350 0.92000 25.886050516
26.360 0.91965 25.895874444
26.370 0.91930 25.9056983721
26.380 0.91894 25.9155223002
26.390 0.91859 25.9253462283
26.400 0.91824 25.9351701564
26.410 0.91788 25.9449940845
26.420 0.91753 25.9548180126
26.430 0.91718 25.9646419407
26.440 0.91683 25.9744658688
26.450 0.91648 25.9842897968
26.460 0.91612 25.9941137249
26.470 0.91577 26.003937653
26.480 0.91542 26.0137615811
26.490 0.91507 26.0235855092
26.500 0.91472 26.0334094373
26.510 0.91437 26.0432333654
26.520 0.91402 26.0530572935
26.530 0.91367 26.0628812216
26.540 0.91332 26.0727051497
26.550 0.91297 26.0825290777
26.560 0.91263 26.0923530058
26.570 0.91228 26.1021769339
26.580 0.91193 26.112000862
26.590 0.91158 26.1218247901
26.600 0.91123 26.1316487182
26.610 0.91089 26.1414726463
26.620 0.91054 26.1512965744
26.630 0.91019 26.1611205025
26.640 0.90984 26.1709444306
26.650 0.90950 26.1807683586
26.660 0.90915 26.1905922867
26.670 0.90881 26.2004162148
26.680 0.90846 26.2102401429
26.690 0.90812 26.220064071
26.700 0.90777 26.2298879991
26.710 0.90743 26.2397119272
26.720 0.90708 26.2495358553
26.730 0.90674 26.2593597834
26.740 0.90639 26.2691837114
26.750 0.90605 26.2790076395
26.760 0.90571 26.2888315676
26.770 0.90536 26.2986554957
26.780 0.90502 26.3084794238
26.790 0.90468 26.3183033519
26.800 0.90433 26.32812728
26.810 0.90399 26.3379512081
26.820 0.90365 26.3477751362
26.830 0.90331 26.3575990643
26.840 0.90297 26.3674229923
26.850 0.90263 26.3772469204
26.860 0.90228 26.3870708485
26.870 0.90194 26.3968947766
26.880 0.90160 26.4067187047
26.890 0.90126 26.4165426328
26.900 0.90092 26.4263665609
26.910 0.90058 26.436190489
26.920 0.90024 26.4460144171
26.930 0.89990 26.4558383451
26.940 0.89957 26.4656622732
26.950 0.89923 26.4754862013
26.960 0.89889 26.4853101294
26.970 0.89855 26.4951340575
26.980 0.89821 26.5049579856
26.990 0.89787 26.5147819137
27.000 0.89754 26.5246058418
27.010 0.89720 26.5344297699
27.020 0.89686 26.544253698
27.030 0.89653 26.554077626
27.040 0.89619 26.5639015541
27.050 0.89585 26.5737254822
27.060 0.89552 26.5835494103
27.070 0.89518 26.5933733384
27.080 0.89485 26.6031972665
27.090 0.89451 26.6130211946
27.100 0.89418 26.6228451227
27.110 0.89384 26.6326690508
27.120 0.89351 26.6424929788
27.130 0.89317 26.6523169069
27.140 0.89284 26.662140835
27.150 0.89251 26.6719647631
27.160 0.89217 26.6817886912
27.170 0.89184 26.6916126193
27.180 0.89151 26.7014365474
27.190 0.89117 26.7112604755
27.200 0.89084 26.7210844036
27.210 0.89051 26.7309083317
27.220 0.89018 26.7407322597
27.230 0.88985 26.7505561878
27.240 0.88951 26.7603801159
27.250 0.88918 26.770204044
27.260 0.88885 26.7800279721
27.270 0.88852 26.7898519002
27.280 0.88819 26.7996758283
27.290 0.88786 26.8094997564
27.300 0.88753 26.8193236845
27.310 0.88720 26.8291476126
27.320 0.88687 26.8389715406
27.330 0.88654 26.8487954687
27.340 0.88621 26.8586193968
27.350 0.88588 26.8684433249
27.360 0.88555 26.878267253
27.370 0.88523 26.8880911811
27.380 0.88490 26.8979151092
27.390 0.88457 26.9077390373
27.400 0.88424 26.9175629654
27.410 0.88392 26.9273868934
27.420 0.88359 26.9372108215
27.430 0.88326 26.9470347496
27.440 0.88293 26.9568586777
27.450 0.88261 26.9666826058
27.460 0.88228 26.9765065339
27.470 0.88196 26.986330462
27.480 0.88163 26.9961543901
27.490 0.88130 27.0059783182
27.500 0.88098 27.0158022463
27.510 0.88065 27.0256261743
27.520 0.88033 27.0354501024
27.530 0.88000 27.0452740305
27.540 0.87968 27.0550979586
27.550 0.87936 27.0649218867
27.560 0.87903 27.0747458148
27.570 0.87871 27.0845697429
27.580 0.87839 27.094393671
27.590 0.87806 27.1042175991
27.600 0.87774 27.1140415271
27.610 0.87742 27.1238654552
27.620 0.87709 27.1336893833
27.630 0.87677 27.1435133114
27.640 0.87645 27.1533372395
27.650 0.87613 27.1631611676
27.660 0.87581 27.1729850957
27.670 0.87549 27.1828090238
27.680 0.87516 27.1926329519
27.690 0.87484 27.20245688
27.700 0.87452 27.212280808
27.710 0.87420 27.2221047361
27.720 0.87388 27.2319286642
27.730 0.87356 27.2417525923
27.740 0.87324 27.2515765204
27.750 0.87292 27.2614004485
27.760 0.87260 27.2712243766
27.770 0.87229 27.2810483047
27.780 0.87197 27.2908722328
27.790 0.87165 27.3006961608
27.800 0.87133 27.3105200889
27.810 0.87101 27.320344017
27.820 0.87069 27.3301679451
27.830 0.87038 27.3399918732
27.840 0.87006 27.3498158013
27.850 0.86974 27.3596397294
27.860 0.86943 27.3694636575
27.870 0.86911 27.3792875856
27.880 0.86879 27.3891115137
27.890 0.86848 27.3989354417
27.900 0.86816 27.4087593698
27.910 0.86784 27.4185832979
27.920 0.86753 27.428407226
27.930 0.86721 27.4382311541
27.940 0.86690 27.4480550822
27.950 0.86658 27.4578790103
27.960 0.86627 27.4677029384
27.970 0.86595 27.4775268665
27.980 0.86564 27.4873507946
27.990 0.86533 27.4971747226
28.000 0.86501 27.5069986507
28.010 0.86470 27.5168225788
28.020 0.86439 27.5266465069
28.030 0.86407 27.536470435
28.040 0.86376 27.5462943631
28.050 0.86345 27.5561182912
28.060 0.86314 27.5659422193
28.070 0.86282 27.5757661474
28.080 0.86251 27.5855900754
28.090 0.86220 27.5954140035
28.100 0.86189 27.6052379316
28.110 0.86158 27.6150618597
28.120 0.86127 27.6248857878
28.130 0.86095 27.6347097159
28.140 0.86064 27.644533644
28.150 0.86033 27.6543575721
28.160 0.86002 27.6641815002
28.170 0.85971 27.6740054283
28.180 0.85940 27.6838293563
28.190 0.85909 27.6936532844
28.200 0.85879 27.7034772125
28.210 0.85848 27.7133011406
28.220 0.85817 27.7231250687
28.230 0.85786 27.7329489968
28.240 0.85755 27.7427729249
28.250 0.85724 27.752596853
28.260 0.85693 27.7624207811
28.270 0.85663 27.7722447091
28.280 0.85632 27.7820686372
28.290 0.85601 27.7918925653
28.300 0.85570 27.8017164934
28.310 0.85540 27.8115404215
28.320 0.85509 27.8213643496
28.330 0.85478 27.8311882777
28.340 0.85448 27.8410122058
28.350 0.85417 27.8508361339
28.360 0.85387 27.860660062
28.370 0.85356 27.87048399
28.380 0.85326 27.8803079181
28.390 0.85295 27.8901318462
28.400 0.85265 27.8999557743
28.410 0.85234 27.9097797024
28.420 0.85204 27.9196036305
28.430 0.85173 27.9294275586
28.440 0.85143 27.9392514867
28.450 0.85112 27.9490754148
28.460 0.85082 27.9588993428
28.470 0.85052 27.9687232709
28.480 0.85021 27.978547199
28.490 0.84991 27.9883711271
28.500 0.84961 27.9981950552
28.510 0.84930 28.0080189833
28.520 0.84900 28.0178429114
28.530 0.84870 28.0276668395
28.540 0.84840 28.0374907676
28.550 0.84810 28.0473146957
28.560 0.84780 28.0571386237
28.570 0.84749 28.0669625518
28.580 0.84719 28.0767864799
28.590 0.84689 28.086610408
28.600 0.84659 28.0964343361
28.610 0.84629 28.1062582642
28.620 0.84599 28.1160821923
28.630 0.84569 28.1259061204
28.640 0.84539 28.1357300485
28.650 0.84509 28.1455539765
28.660 0.84479 28.1553779046
28.670 0.84449 28.1652018327
28.680 0.84419 28.1750257608
28.690 0.84389 28.1848496889
28.700 0.84360 28.194673617
28.710 0.84330 28.2044975451
28.720 0.84300 28.2143214732
28.730 0.84270 28.2241454013
28.740 0.84240 28.2339693294
28.750 0.84211 28.2437932574
28.760 0.84181 28.2536171855
28.770 0.84151 28.2634411136
28.780 0.84121 28.2732650417
28.790 0.84092 28.2830889698
28.800 0.84062 28.2929128979
28.810 0.84033 28.302736826
28.820 0.84003 28.3125607541
28.830 0.83973 28.3223846822
28.840 0.83944 28.3322086103
28.850 0.83914 28.3420325383
28.860 0.83885 28.3518564664
28.870 0.83855 28.3616803945
28.880 0.83826 28.3715043226
28.890 0.83796 28.3813282507
28.900 0.83767 28.3911521788
28.910 0.83737 28.4009761069
28.920 0.83708 28.410800035
28.930 0.83679 28.4206239631
28.940 0.83649 28.4304478911
28.950 0.83620 28.4402718192
28.960 0.83591 28.4500957473
28.970 0.83561 28.4599196754
28.980 0.83532 28.4697436035
28.990 0.83503 28.4795675316
29.000 0.83473 28.4893914597
29.010 0.83444 28.4992153878
29.020 0.83415 28.5090393159
29.030 0.83386 28.518863244
29.040 0.83357 28.528687172
29.050 0.83327 28.5385111001
29.060 0.83298 28.5483350282
29.070 0.83269 28.5581589563
29.080 0.83240 28.5679828844
29.090 0.83211 28.5778068125
29.100 0.83182 28.5876307406
29.110 0.83153 28.5974546687
29.120 0.83124 28.6072785968
29.130 0.83095 28.6171025248
29.140 0.83066 28.6269264529
29.150 0.83037 28.636750381
29.160 0.83008 28.6465743091
29.170 0.82979 28.6563982372
29.180 0.82950 28.6662221653
29.190 0.82922 28.6760460934
29.200 0.82893 28.6858700215
29.210 0.82864 28.6956939496
29.220 0.82835 28.7055178777
29.230 0.82806 28.7153418057
29.240 0.82778 28.7251657338
29.250 0.82749 28.7349896619
29.260 0.82720 28.74481359
29.270 0.82691 28.7546375181
29.280 0.82663 28.7644614462
29.290 0.82634 28.7742853743
29.300 0.82605 28.7841093024
29.310 0.82577 28.7939332305
29.320 0.82548 28.8037571585
29.330 0.82520 28.8135810866
29.340 0.82491 28.8234050147
29.350 0.82462 28.8332289428
29.360 0.82434 28.8430528709
29.370 0.82405 28.852876799
29.380 0.82377 28.8627007271
29.390 0.82348 28.8725246552
29.400 0.82320 28.8823485833
29.410 0.82292 28.8921725114
29.420 0.82263 28.9019964394
29.430 0.82235 28.9118203675
29.440 0.82206 28.9216442956
29.450 0.82178 28.9314682237
29.460 0.82150 28.9412921518
29.470 0.82121 28.9511160799
29.480 0.82093 28.960940008
29.490 0.82065 28.9707639361
29.500 0.82037 28.9805878642
29.510 0.82008 28.9904117923
29.520 0.81980 29.0002357203
29.530 0.81952 29.0100596484
29.540 0.81924 29.0198835765
29.550 0.81896 29.0297075046
29.560 0.81867 29.0395314327
29.570 0.81839 29.0493553608
29.580 0.81811 29.0591792889
29.590 0.81783 29.069003217
29.600 0.81755 29.0788271451
29.610 0.81727 29.0886510731
29.620 0.81699 29.0984750012
29.630 0.81671 29.1082989293
29.640 0.81643 29.1181228574
29.650 0.81615 29.1279467855
29.660 0.81587 29.1377707136
29.670 0.81559 29.1475946417
29.680 0.81531 29.1574185698
29.690 0.81503 29.1672424979
29.700 0.81475 29.177066426
29.710 0.81448 29.186890354
29.720 0.81420 29.1967142821
29.730 0.81392 29.2065382102
29.740 0.81364 29.2163621383
29.750 0.81336 29.2261860664
29.760 0.81308 29.2360099945
29.770 0.81281 29.2458339226
29.780 0.81253 29.2556578507
29.790 0.81225 29.2654817788
29.800 0.81198 29.2753057068
29.810 0.81170 29.2851296349
29.820 0.81142 29.294953563
29.830 0.81115 29.3047774911
29.840 0.81087 29.3146014192
29.850 0.81059 29.3244253473
29.860 0.81032 29.3342492754
29.870 0.81004 29.3440732035
29.880 0.80977 29.3538971316
29.890 0.80949 29.3637210597
29.900 0.80922 29.3735449877
29.910 0.80894 29.3833689158
29.920 0.80867 29.3931928439
29.930 0.80839 29.403016772
29.940 0.80812 29.4128407001
29.950 0.80784 29.4226646282
29.960 0.80757 29.4324885563
29.970 0.80730 29.4423124844
29.980 0.80702 29.4521364125
29.990 0.80675 29.4619603405
30.000 0.80648 29.4717842686
