0.10000 131.30 0.102793656925
0.11000 119.37 0.113073022618
0.12000 109.42 0.12335238831
0.13000 101.00 0.133631754003
0.14000 93.790 0.143911119695
0.15000 87.538 0.154190485388
0.16000 82.068 0.16446985108
0.17000 77.241 0.174749216773
0.18000 72.951 0.185028582465
0.19000 69.112 0.195307948158
0.20000 65.657 0.20558731385
0.21000 62.531 0.215866679543
0.22000 59.689 0.226146045235
0.23000 57.094 0.236425410928
0.24000 54.716 0.24670477662
0.25000 52.528 0.256984142313
0.26000 50.508 0.267263508005
0.27000 48.638 0.277542873698
0.28000 46.901 0.28782223939
0.29000 45.284 0.298101605083
0.30000 43.775 0.308380970776
0.31000 42.364 0.318660336468
0.32000 41.040 0.328939702161
0.33000 39.797 0.339219067853
0.34000 38.627 0.349498433546
0.35000 37.523 0.359777799238
0.36000 36.481 0.370057164931
0.37000 35.496 0.380336530623
0.38000 34.562 0.390615896316
0.39000 33.676 0.400895262008
0.40000 32.834 0.411174627701
0.41000 32.034 0.421453993393
0.42000 31.272 0.431733359086
0.43000 30.545 0.442012724778
0.44000 29.851 0.452292090471
0.45000 29.188 0.462571456163
0.46000 28.553 0.472850821856
0.47000 27.946 0.483130187548
0.48000 27.364 0.493409553241
0.49000 26.806 0.503688918933
0.50000 26.270 0.513968284626
0.51000 25.755 0.524247650318
0.52000 25.260 0.534527016011
0.53000 24.784 0.544806381703
0.54000 24.325 0.555085747396
0.55000 23.883 0.565365113088
0.56000 23.457 0.575644478781
0.57000 23.045 0.585923844474
0.58000 22.648 0.596203210166
0.59000 22.265 0.606482575859
0.60000 21.894 0.616761941551
0.61000 21.535 0.627041307244
0.62000 21.188 0.637320672936
0.63000 20.852 0.647600038629
0.64000 20.526 0.657879404321
0.65000 20.211 0.668158770014
0.66000 19.904 0.678438135706
0.67000 19.608 0.688717501399
0.68000 19.319 0.698996867091
0.69000 19.040 0.709276232784
0.70000 18.768 0.719555598476
0.71000 18.504 0.729834964169
0.72000 18.247 0.740114329861
0.73000 17.997 0.750393695554
0.74000 17.754 0.760673061246
0.75000 17.517 0.770952426939
0.76000 17.287 0.781231792631
0.77000 17.063 0.791511158324
0.78000 16.844 0.801790524016
0.79000 16.631 0.812069889709
0.80000 16.423 0.822349255401
0.81000 16.221 0.832628621094
0.82000 16.023 0.842907986786
0.83000 15.830 0.853187352479
0.84000 15.642 0.863466718171
0.85000 15.458 0.873746083864
0.86000 15.278 0.884025449557
0.87000 15.103 0.894304815249
0.88000 14.931 0.904584180942
0.89000 14.764 0.914863546634
0.90000 14.600 0.925142912327
0.91000 14.440 0.935422278019
0.92000 14.283 0.945701643712
0.93000 14.129 0.955981009404
0.94000 13.979 0.966260375097
0.95000 13.832 0.976539740789
0.96000 13.688 0.986819106482
0.97000 13.547 0.997098472174
0.98000 13.409 1.00737783787
0.99000 13.274 1.01765720356
1.0000 13.141 1.02793656925
1.0100 13.011 1.03821593494
1.0200 12.884 1.04849530064
1.0300 12.759 1.05877466633
1.0400 12.636 1.06905403202
1.0500 12.516 1.07933339771
1.0600 12.398 1.08961276341
1.0700 12.282 1.0998921291
1.0800 12.169 1.11017149479
1.0900 12.057 1.12045086048
1.1000 11.948 1.13073022618
1.1100 11.840 1.14100959187
1.1200 11.734 1.15128895756
1.1300 11.631 1.16156832325
1.1400 11.529 1.17184768895
1.1500 11.429 1.18212705464
1.1600 11.330 1.19240642033
1.1700 11.233 1.20268578602
1.1800 11.138 1.21296515172
1.1900 11.045 1.22324451741
1.2000 10.953 1.2335238831
1.2100 10.863 1.24380324879
1.2200 10.774 1.25408261449
1.2300 10.686 1.26436198018
1.2400 10.600 1.27464134587
1.2500 10.515 1.28492071156
1.2600 10.432 1.29520007726
1.2700 10.350 1.30547944295
1.2800 10.269 1.31575880864
1.2900 10.190 1.32603817433
1.3000 10.111 1.33631754003
1.3100 10.034 1.34659690572
1.3200 9.9583 1.35687627141
1.3300 9.8835 1.3671556371
1.3400 9.8099 1.3774350028
1.3500 9.7373 1.38771436849
1.3600 9.6658 1.39799373418
1.3700 9.5953 1.40827309987
1.3800 9.5259 1.41855246557
1.3900 9.4574 1.42883183126
1.4000 9.3900 1.43911119695
1.4100 9.3235 1.44939056264
1.4200 9.2579 1.45966992834
1.4300 9.1932 1.46994929403
1.4400 9.1295 1.48022865972
1.4500 9.0666 1.49050802542
1.4600 9.0046 1.50078739111
1.4700 8.9434 1.5110667568
1.4800 8.8831 1.52134612249
1.4900 8.8235 1.53162548819
1.5000 8.7648 1.54190485388
1.5100 8.7068 1.55218421957
1.5200 8.6496 1.56246358526
1.5300 8.5932 1.57274295096
1.5400 8.5374 1.58302231665
1.5500 8.4824 1.59330168234
1.5600 8.4281 1.60358104803
1.5700 8.3745 1.61386041373
1.5800 8.3216 1.62413977942
1.5900 8.2693 1.63441914511
1.6000 8.2177 1.6446985108
1.6100 8.1668 1.6549778765
1.6200 8.1164 1.66525724219
1.6300 8.0667 1.67553660788
1.6400 8.0176 1.68581597357
1.6500 7.9691 1.69609533927
1.6600 7.9211 1.70637470496
1.6700 7.8738 1.71665407065
1.6800 7.8270 1.72693343634
1.6900 7.7808 1.73721280204
1.7000 7.7351 1.74749216773
1.7100 7.6899 1.75777153342
1.7200 7.6453 1.76805089911
1.7300 7.6011 1.77833026481
1.7400 7.5575 1.7886096305
1.7500 7.5144 1.79888899619
1.7600 7.4718 1.80916836188
1.7700 7.4296 1.81944772758
1.7800 7.3880 1.82972709327
1.7900 7.3468 1.84000645896
1.8000 7.3060 1.85028582465
1.8100 7.2657 1.86056519035
1.8200 7.2259 1.87084455604
1.8300 7.1864 1.88112392173
1.8400 7.1474 1.89140328742
1.8500 7.1089 1.90168265312
1.8600 7.0707 1.91196201881
1.8700 7.0330 1.9222413845
1.8800 6.9956 1.93252075019
1.8900 6.9587 1.94280011589
1.9000 6.9221 1.95307948158
1.9100 6.8859 1.96335884727
1.9200 6.8501 1.97363821296
1.9300 6.8147 1.98391757866
1.9400 6.7796 1.99419694435
1.9500 6.7449 2.00447631004
1.9600 6.7106 2.01475567573
1.9700 6.6766 2.02503504143
1.9800 6.6429 2.03531440712
1.9900 6.6096 2.04559377281
2.0000 6.5766 2.0558731385
2.0100 6.5440 2.0661525042
2.0200 6.5116 2.07643186989
2.0300 6.4796 2.08671123558
2.0400 6.4479 2.09699060127
2.0500 6.4165 2.10726996697
2.0600 6.3854 2.11754933266
2.0700 6.3546 2.12782869835
2.0800 6.3241 2.13810806404
2.0900 6.2939 2.14838742974
2.1000 6.2640 2.15866679543
2.1100 6.2344 2.16894616112
2.1200 6.2050 2.17922552681
2.1300 6.1760 2.18950489251
2.1400 6.1472 2.1997842582
2.1500 6.1186 2.21006362389
2.1600 6.0904 2.22034298958
2.1700 6.0624 2.23062235528
2.1800 6.0346 2.24090172097
2.1900 6.0071 2.25118108666
2.2000 5.9798 2.26146045235
2.2100 5.9528 2.27173981805
2.2200 5.9261 2.28201918374
2.2300 5.8996 2.29229854943
2.2400 5.8733 2.30257791512
2.2500 5.8472 2.31285728082
2.2500 5.8472 2.31285728082
2.2500 5.8472 2.31285728082
2.2600 5.8214 2.32313664651
2.2700 5.7958 2.3334160122
2.2800 5.7705 2.34369537789
2.2900 5.7453 2.35397474359
2.3000 5.7204 2.36425410928
2.3100 5.6957 2.37453347497
2.3200 5.6712 2.38481284066
2.3300 5.6469 2.39509220636
2.3400 5.6228 2.40537157205
2.3500 5.5989 2.41565093774
2.3600 5.5753 2.42593030343
2.3700 5.5518 2.43620966913
2.3800 5.5285 2.44648903482
2.3900 5.5054 2.45676840051
2.4000 5.4825 2.4670477662
2.4100 5.4598 2.4773271319
2.4200 5.4373 2.48760649759
2.4300 5.4150 2.49788586328
2.4400 5.3929 2.50816522897
2.4500 5.3709 2.51844459467
2.4600 5.3491 2.52872396036
2.4700 5.3275 2.53900332605
2.4800 5.3061 2.54928269174
2.4900 5.2848 2.55956205744
2.5000 5.2637 2.56984142313
2.5100 5.2428 2.58012078882
2.5200 5.2220 2.59040015451
2.5300 5.2015 2.60067952021
2.5400 5.1810 2.6109588859
2.5500 5.1608 2.62123825159
2.5600 5.1406 2.63151761728
2.5700 5.1207 2.64179698298
2.5800 5.1009 2.65207634867
2.5900 5.0812 2.66235571436
2.6000 5.0617 2.67263508005
2.6100 5.0424 2.68291444575
2.6200 5.0232 2.69319381144
2.6300 5.0041 2.70347317713
2.6400 4.9852 2.71375254282
2.6500 4.9665 2.72403190852
2.6600 4.9478 2.73431127421
2.6700 4.9294 2.7445906399
2.6800 4.9110 2.75487000559
2.6900 4.8928 2.76514937129
2.7000 4.8747 2.77542873698
2.7100 4.8568 2.78570810267
2.7200 4.8390 2.79598746836
2.7300 4.8213 2.80626683406
2.7400 4.8037 2.81654619975
2.7500 4.7863 2.82682556544
2.7600 4.7690 2.83710493113
2.7700 4.7518 2.84738429683
2.7800 4.7348 2.85766366252
2.7900 4.7179 2.86794302821
2.8000 4.7011 2.8782223939
2.8100 4.6844 2.8885017596
2.8200 4.6678 2.89878112529
2.8300 4.6513 2.90906049098
2.8400 4.6350 2.91933985667
2.8500 4.6188 2.92961922237
2.8600 4.6027 2.93989858806
2.8700 4.5867 2.95017795375
2.8800 4.5708 2.96045731945
2.8900 4.5550 2.97073668514
2.9000 4.5394 2.98101605083
2.9100 4.5238 2.99129541652
2.9200 4.5084 3.00157478222
2.9300 4.4930 3.01185414791
2.9400 4.4778 3.0221335136
2.9500 4.4626 3.03241287929
2.9600 4.4476 3.04269224499
2.9700 4.4327 3.05297161068
2.9800 4.4178 3.06325097637
2.9900 4.4031 3.07353034206
3.0000 4.3885 3.08380970776
3.0100 4.3739 3.09408907345
3.0200 4.3595 3.10436843914
3.0300 4.3451 3.11464780483
3.0400 4.3309 3.12492717053
3.0500 4.3167 3.13520653622
3.0600 4.3027 3.14548590191
3.0700 4.2887 3.1557652676
3.0800 4.2748 3.1660446333
3.0900 4.2610 3.17632399899
3.1000 4.2473 3.18660336468
3.1100 4.2337 3.19688273037
3.1200 4.2201 3.20716209607
3.1300 4.2067 3.21744146176
3.1400 4.1933 3.22772082745
3.1500 4.1801 3.23800019314
3.1600 4.1669 3.24827955884
3.1700 4.1538 3.25855892453
3.1800 4.1407 3.26883829022
3.1900 4.1278 3.27911765591
3.2000 4.1149 3.28939702161
3.2100 4.1022 3.2996763873
3.2200 4.0895 3.30995575299
3.2300 4.0768 3.32023511868
3.2400 4.0643 3.33051448438
3.2500 4.0518 3.34079385007
3.2600 4.0394 3.35107321576
3.2700 4.0271 3.36135258145
3.2800 4.0149 3.37163194715
3.2900 4.0027 3.38191131284
3.3000 3.9906 3.39219067853
3.3100 3.9786 3.40247004422
3.3200 3.9666 3.41274940992
3.3300 3.9548 3.42302877561
3.3400 3.9430 3.4333081413
3.3500 3.9312 3.44358750699
3.3600 3.9196 3.45386687269
3.3700 3.9080 3.46414623838
3.3800 3.8964 3.47442560407
3.3900 3.8850 3.48470496976
3.4000 3.8736 3.49498433546
3.4100 3.8623 3.50526370115
3.4200 3.8510 3.51554306684
3.4300 3.8398 3.52582243253
3.4400 3.8287 3.53610179823
3.4500 3.8176 3.54638116392
3.4600 3.8066 3.55666052961
3.4700 3.7957 3.5669398953
3.4800 3.7848 3.577219261
3.4900 3.7740 3.58749862669
3.5000 3.7633 3.59777799238
3.5100 3.7526 3.60805735807
3.5200 3.7420 3.61833672377
3.5300 3.7314 3.62861608946
3.5400 3.7209 3.63889545515
3.5500 3.7104 3.64917482084
3.5600 3.7001 3.65945418654
3.5700 3.6897 3.66973355223
3.5800 3.6794 3.68001291792
3.5900 3.6692 3.69029228361
3.6000 3.6591 3.70057164931
3.6100 3.6490 3.710851015
3.6200 3.6389 3.72113038069
3.6300 3.6289 3.73140974638
3.6400 3.6190 3.74168911208
3.6500 3.6091 3.75196847777
3.6600 3.5993 3.76224784346
3.6700 3.5895 3.77252720915
3.6800 3.5798 3.78280657485
3.6900 3.5701 3.79308594054
3.7000 3.5605 3.80336530623
3.7100 3.5509 3.81364467192
3.7200 3.5414 3.82392403762
3.7300 3.5320 3.83420340331
3.7400 3.5226 3.844482769
3.7500 3.5132 3.85476213469
3.7600 3.5039 3.86504150039
3.7700 3.4946 3.87532086608
3.7800 3.4854 3.88560023177
3.7900 3.4762 3.89587959746
3.8000 3.4671 3.90615896316
3.8100 3.4581 3.91643832885
3.8200 3.4490 3.92671769454
3.8300 3.4401 3.93699706023
3.8400 3.4311 3.94727642593
3.8500 3.4223 3.95755579162
3.8600 3.4134 3.96783515731
3.8700 3.4046 3.978114523
3.8800 3.3959 3.9883938887
3.8900 3.3872 3.99867325439
3.9000 3.3785 4.00895262008
3.9100 3.3699 4.01923198577
3.9200 3.3614 4.02951135147
3.9300 3.3528 4.03979071716
3.9400 3.3444 4.05007008285
3.9500 3.3359 4.06034944854
3.9600 3.3275 4.07062881424
3.9700 3.3192 4.08090817993
3.9800 3.3109 4.09118754562
3.9900 3.3026 4.10146691131
4.0000 3.2944 4.11174627701
4.0100 3.2862 4.1220256427
4.0200 3.2781 4.13230500839
4.0300 3.2699 4.14258437408
4.0400 3.2619 4.15286373978
4.0500 3.2539 4.16314310547
4.0600 3.2459 4.17342247116
4.0700 3.2379 4.18370183685
4.0800 3.2300 4.19398120255
4.0900 3.2222 4.20426056824
4.1000 3.2143 4.21453993393
4.1100 3.2065 4.22481929962
4.1200 3.1988 4.23509866532
4.1300 3.1911 4.24537803101
4.1400 3.1834 4.2556573967
4.1500 3.1757 4.26593676239
4.1600 3.1681 4.27621612809
4.1700 3.1606 4.28649549378
4.1800 3.1530 4.29677485947
4.1900 3.1455 4.30705422516
4.2000 3.1381 4.31733359086
4.2100 3.1307 4.32761295655
4.2200 3.1233 4.33789232224
4.2300 3.1159 4.34817168793
4.2400 3.1086 4.35845105363
4.2500 3.1013 4.36873041932
4.2600 3.0941 4.37900978501
4.2700 3.0868 4.38928915071
4.2800 3.0797 4.3995685164
4.2900 3.0725 4.40984788209
4.3000 3.0654 4.42012724778
4.3100 3.0583 4.43040661348
4.3200 3.0513 4.44068597917
4.3300 3.0442 4.45096534486
4.3400 3.0372 4.46124471055
4.3500 3.0303 4.47152407625
4.3600 3.0234 4.48180344194
4.3700 3.0165 4.49208280763
4.3800 3.0096 4.50236217332
4.3900 3.0028 4.51264153902
4.4000 2.9960 4.52292090471
4.4100 2.9892 4.5332002704
4.4200 2.9825 4.54347963609
4.4300 2.9758 4.55375900179
4.4400 2.9691 4.56403836748
4.4500 2.9625 4.57431773317
4.4600 2.9559 4.58459709886
4.4700 2.9493 4.59487646456
4.4800 2.9427 4.60515583025
4.4900 2.9362 4.61543519594
4.5000 2.9297 4.62571456163
4.5100 2.9232 4.63599392733
4.5200 2.9168 4.64627329302
4.5300 2.9104 4.65655265871
4.5400 2.9040 4.6668320244
4.5500 2.8976 4.6771113901
4.5600 2.8913 4.68739075579
4.5700 2.8850 4.69767012148
4.5800 2.8787 4.70794948717
4.5900 2.8725 4.71822885287
4.6000 2.8663 4.72850821856
4.6100 2.8601 4.73878758425
4.6200 2.8539 4.74906694994
4.6300 2.8478 4.75934631564
4.6400 2.8417 4.76962568133
4.6500 2.8356 4.77990504702
4.6600 2.8295 4.79018441271
4.6700 2.8235 4.80046377841
4.6800 2.8175 4.8107431441
4.6900 2.8115 4.82102250979
4.7000 2.8055 4.83130187548
4.7100 2.7996 4.84158124118
4.7200 2.7937 4.85186060687
4.7300 2.7878 4.86213997256
4.7400 2.7820 4.87241933825
4.7500 2.7761 4.88269870395
4.7600 2.7703 4.89297806964
4.7700 2.7645 4.90325743533
4.7800 2.7588 4.91353680102
4.7900 2.7531 4.92381616672
4.8000 2.7473 4.93409553241
4.8100 2.7417 4.9443748981
4.8200 2.7360 4.95465426379
4.8300 2.7304 4.96493362949
4.8400 2.7247 4.97521299518
4.8500 2.7191 4.98549236087
4.8600 2.7136 4.99577172656
4.8700 2.7080 5.00605109226
4.8800 2.7025 5.01633045795
4.8900 2.6970 5.02660982364
4.9000 2.6915 5.03688918933
4.9100 2.6861 5.04716855503
4.9200 2.6806 5.05744792072
4.9300 2.6752 5.06772728641
4.9400 2.6698 5.0780066521
4.9500 2.6645 5.0882860178
4.9600 2.6591 5.09856538349
4.9700 2.6538 5.10884474918
4.9800 2.6485 5.11912411487
4.9900 2.6432 5.12940348057
5.0000 2.6379 5.13968284626
5.1000 2.5864 5.24247650318
5.1100 2.5814 5.25275586888
5.1200 2.5764 5.26303523457
5.1300 2.5714 5.27331460026
5.1400 2.5664 5.28359396595
5.1500 2.5615 5.29387333165
5.1600 2.5565 5.30415269734
5.1700 2.5516 5.31443206303
5.1800 2.5467 5.32471142872
5.1900 2.5418 5.33499079442
5.2000 2.5369 5.34527016011
5.2100 2.5321 5.3555495258
5.2200 2.5273 5.36582889149
5.2300 2.5225 5.37610825719
5.2400 2.5177 5.38638762288
5.2500 2.5129 5.39666698857
5.2600 2.5081 5.40694635426
5.2700 2.5034 5.41722571996
5.2800 2.4987 5.42750508565
5.2900 2.4940 5.43778445134
5.3000 2.4893 5.44806381703
5.3100 2.4846 5.45834318273
5.3200 2.4800 5.46862254842
5.3300 2.4754 5.47890191411
5.3400 2.4708 5.4891812798
5.3500 2.4662 5.4994606455
5.3600 2.4616 5.50974001119
5.3700 2.4570 5.52001937688
5.3800 2.4525 5.53029874257
5.3900 2.4479 5.54057810827
5.4000 2.4434 5.55085747396
5.4100 2.4389 5.56113683965
5.4200 2.4345 5.57141620534
5.4300 2.4300 5.58169557104
5.4400 2.4256 5.59197493673
5.4500 2.4211 5.60225430242
5.4600 2.4167 5.61253366811
5.4700 2.4123 5.62281303381
5.4800 2.4079 5.6330923995
5.4900 2.4036 5.64337176519
5.5000 2.3992 5.65365113088
5.5100 2.3949 5.66393049658
5.5200 2.3906 5.67420986227
5.5300 2.3863 5.68448922796
5.5400 2.3820 5.69476859365
5.5500 2.3777 5.70504795935
5.5600 2.3735 5.71532732504
5.5700 2.3692 5.72560669073
5.5800 2.3650 5.73588605642
5.5900 2.3608 5.74616542212
5.6000 2.3566 5.75644478781
5.6100 2.3524 5.7667241535
5.6200 2.3483 5.77700351919
5.6300 2.3441 5.78728288489
5.6400 2.3400 5.79756225058
5.6500 2.3359 5.80784161627
5.6600 2.3317 5.81812098196
5.6700 2.3277 5.82840034766
5.6800 2.3236 5.83867971335
5.6900 2.3195 5.84895907904
5.7000 2.3155 5.85923844474
5.7100 2.3114 5.86951781043
5.7200 2.3074 5.87979717612
5.7300 2.3034 5.89007654181
5.7400 2.2994 5.90035590751
5.7500 2.2954 5.9106352732
5.7600 2.2915 5.92091463889
5.7700 2.2875 5.93119400458
5.7800 2.2836 5.94147337028
5.7900 2.2797 5.95175273597
5.8000 2.2758 5.96203210166
5.8100 2.2719 5.97231146735
5.8200 2.2680 5.98259083305
5.8300 2.2641 5.99287019874
5.8400 2.2603 6.00314956443
5.8500 2.2564 6.01342893012
5.8600 2.2526 6.02370829582
5.8700 2.2488 6.03398766151
5.8800 2.2450 6.0442670272
5.8900 2.2412 6.05454639289
5.9000 2.2374 6.06482575859
5.9100 2.2336 6.07510512428
5.9200 2.2299 6.08538448997
5.9300 2.2261 6.09566385566
5.9400 2.2224 6.10594322136
5.9500 2.2187 6.11622258705
5.9600 2.2150 6.12650195274
5.9700 2.2113 6.13678131843
5.9800 2.2076 6.14706068413
5.9900 2.2040 6.15734004982
6.0000 2.2003 6.16761941551
6.0100 2.1967 6.1778987812
6.0200 2.1930 6.1881781469
6.0300 2.1894 6.19845751259
6.0400 2.1858 6.20873687828
6.0500 2.1822 6.21901624397
6.0600 2.1786 6.22929560967
6.0700 2.1751 6.23957497536
6.0800 2.1715 6.24985434105
6.0900 2.1680 6.26013370674
6.1000 2.1644 6.27041307244
6.1100 2.1609 6.28069243813
6.1200 2.1574 6.29097180382
6.1300 2.1539 6.30125116951
6.1400 2.1504 6.31153053521
6.1500 2.1469 6.3218099009
6.1600 2.1435 6.33208926659
6.1700 2.1400 6.34236863228
6.1800 2.1366 6.35264799798
6.1900 2.1331 6.36292736367
6.2000 2.1297 6.37320672936
6.2100 2.1263 6.38348609505
6.2200 2.1229 6.39376546075
6.2300 2.1195 6.40404482644
6.2400 2.1161 6.41432419213
6.2500 2.1128 6.42460355782
6.2600 2.1094 6.43488292352
6.2700 2.1061 6.44516228921
6.2800 2.1027 6.4554416549
6.2900 2.0994 6.46572102059
6.3000 2.0961 6.47600038629
6.3100 2.0928 6.48627975198
6.3200 2.0895 6.49655911767
6.3300 2.0862 6.50683848336
6.3400 2.0830 6.51711784906
6.3500 2.0797 6.52739721475
6.3600 2.0764 6.53767658044
6.3700 2.0732 6.54795594613
6.3800 2.0700 6.55823531183
6.3900 2.0668 6.56851467752
6.4000 2.0635 6.57879404321
6.4100 2.0603 6.5890734089
6.4200 2.0572 6.5993527746
6.4300 2.0540 6.60963214029
6.4400 2.0508 6.61991150598
6.4500 2.0476 6.63019087167
6.4600 2.0445 6.64047023737
6.4700 2.0413 6.65074960306
6.4800 2.0382 6.66102896875
6.4900 2.0351 6.67130833444
6.5000 2.0320 6.68158770014
6.5100 2.0289 6.69186706583
6.5200 2.0258 6.70214643152
6.5300 2.0227 6.71242579721
6.5400 2.0196 6.72270516291
6.5500 2.0166 6.7329845286
6.5600 2.0135 6.74326389429
6.5700 2.0105 6.75354325998
6.5800 2.0074 6.76382262568
6.5900 2.0044 6.77410199137
6.6000 2.0014 6.78438135706
6.6100 1.9984 6.79466072275
6.6200 1.9954 6.80494008845
6.6300 1.9924 6.81521945414
6.6400 1.9894 6.82549881983
6.6500 1.9864 6.83577818552
6.6600 1.9835 6.84605755122
6.6700 1.9805 6.85633691691
6.6800 1.9776 6.8666162826
6.6900 1.9746 6.87689564829
6.7000 1.9717 6.88717501399
6.7100 1.9688 6.89745437968
6.7200 1.9659 6.90773374537
6.7300 1.9630 6.91801311106
6.7400 1.9601 6.92829247676
6.7500 1.9572 6.93857184245
6.7600 1.9543 6.94885120814
6.7700 1.9514 6.95913057383
6.7800 1.9486 6.96940993953
6.7900 1.9457 6.97968930522
6.8000 1.9429 6.98996867091
6.8100 1.9400 7.0002480366
6.8200 1.9372 7.0105274023
6.8300 1.9344 7.02080676799
6.8400 1.9316 7.03108613368
6.8500 1.9288 7.04136549937
6.8600 1.9260 7.05164486507
6.8700 1.9232 7.06192423076
6.8800 1.9204 7.07220359645
6.8900 1.9177 7.08248296214
6.9000 1.9149 7.09276232784
6.9100 1.9121 7.10304169353
6.9200 1.9094 7.11332105922
6.9300 1.9067 7.12360042491
6.9400 1.9039 7.13387979061
6.9500 1.9012 7.1441591563
6.9600 1.8985 7.15443852199
6.9700 1.8958 7.16471788768
6.9800 1.8931 7.17499725338
6.9900 1.8904 7.18527661907
7.0000 1.8877 7.19555598476
7.0100 1.8850 7.20583535045
7.0200 1.8824 7.21611471615
7.0300 1.8797 7.22639408184
7.0400 1.8771 7.23667344753
7.0500 1.8744 7.24695281322
7.0600 1.8718 7.25723217892
7.0700 1.8691 7.26751154461
7.0800 1.8665 7.2777909103
7.0900 1.8639 7.28807027599
7.1000 1.8613 7.29834964169
7.1100 1.8587 7.30862900738
7.1200 1.8561 7.31890837307
7.1300 1.8535 7.32918773877
7.1400 1.8509 7.33946710446
7.1500 1.8484 7.34974647015
7.1600 1.8458 7.36002583584
7.1700 1.8432 7.37030520154
7.1800 1.8407 7.38058456723
7.1900 1.8381 7.39086393292
7.2000 1.8356 7.40114329861
7.2100 1.8331 7.41142266431
7.2200 1.8306 7.42170203
7.2300 1.8280 7.43198139569
7.2400 1.8255 7.44226076138
7.2500 1.8230 7.45254012708
7.2600 1.8205 7.46281949277
7.2700 1.8181 7.47309885846
7.2800 1.8156 7.48337822415
7.2900 1.8131 7.49365758985
7.3000 1.8106 7.50393695554
7.3100 1.8082 7.51421632123
7.3200 1.8057 7.52449568692
7.3300 1.8033 7.53477505262
7.3400 1.8008 7.54505441831
7.3500 1.7984 7.555333784
7.3600 1.7960 7.56561314969
7.3700 1.7935 7.57589251539
7.3800 1.7911 7.58617188108
7.3900 1.7887 7.59645124677
7.4000 1.7863 7.60673061246
7.4100 1.7839 7.61700997816
7.4200 1.7815 7.62728934385
7.4300 1.7792 7.63756870954
7.4400 1.7768 7.64784807523
7.4500 1.7744 7.65812744093
7.4600 1.7721 7.66840680662
7.4700 1.7697 7.67868617231
7.4800 1.7674 7.688965538
7.4900 1.7650 7.6992449037
7.5000 1.7627 7.70952426939
7.5100 1.7603 7.71980363508
7.5200 1.7580 7.73008300077
7.5300 1.7557 7.74036236647
7.5400 1.7534 7.75064173216
7.5500 1.7511 7.76092109785
7.5600 1.7488 7.77120046354
7.5700 1.7465 7.78147982924
7.5800 1.7442 7.79175919493
7.5900 1.7419 7.80203856062
7.6000 1.7396 7.81231792631
7.6100 1.7374 7.82259729201
7.6200 1.7351 7.8328766577
7.6300 1.7328 7.84315602339
7.6400 1.7306 7.85343538908
7.6500 1.7283 7.86371475478
7.6600 1.7261 7.87399412047
7.6700 1.7239 7.88427348616
7.6800 1.7216 7.89455285185
7.6900 1.7194 7.90483221755
7.7000 1.7172 7.91511158324
7.7100 1.7150 7.92539094893
7.7200 1.7128 7.93567031462
7.7300 1.7106 7.94594968032
7.7400 1.7084 7.95622904601
7.7500 1.7062 7.9665084117
7.7600 1.7040 7.97678777739
7.7700 1.7018 7.98706714309
7.7800 1.6997 7.99734650878
7.7900 1.6975 8.00762587447
7.8000 1.6953 8.01790524016
7.8100 1.6932 8.02818460586
7.8200 1.6910 8.03846397155
7.8300 1.6889 8.04874333724
7.8400 1.6868 8.05902270293
7.8500 1.6846 8.06930206863
7.8600 1.6825 8.07958143432
7.8700 1.6804 8.08986080001
7.8800 1.6783 8.1001401657
7.8900 1.6761 8.1104195314
7.9000 1.6740 8.12069889709
7.9100 1.6719 8.13097826278
7.9200 1.6698 8.14125762847
7.9300 1.6678 8.15153699417
7.9400 1.6657 8.16181635986
7.9500 1.6636 8.17209572555
7.9600 1.6615 8.18237509124
7.9700 1.6594 8.19265445694
7.9800 1.6574 8.20293382263
7.9900 1.6553 8.21321318832
8.0000 1.6533 8.22349255401
8.0100 1.6512 8.23377191971
8.0200 1.6492 8.2440512854
8.0300 1.6471 8.25433065109
8.0400 1.6451 8.26461001678
8.0500 1.6431 8.27488938248
8.0600 1.6410 8.28516874817
8.0700 1.6390 8.29544811386
8.0800 1.6370 8.30572747955
8.0900 1.6350 8.31600684525
8.1000 1.6330 8.32628621094
8.1100 1.6310 8.33656557663
8.1200 1.6290 8.34684494232
8.1300 1.6270 8.35712430802
8.1400 1.6250 8.36740367371
8.1500 1.6231 8.3776830394
8.1600 1.6211 8.38796240509
8.1700 1.6191 8.39824177079
8.1800 1.6172 8.40852113648
8.1900 1.6152 8.41880050217
8.2000 1.6132 8.42907986786
8.2100 1.6113 8.43935923356
8.2200 1.6093 8.44963859925
8.2300 1.6074 8.45991796494
8.2400 1.6055 8.47019733063
8.2500 1.6035 8.48047669633
8.2600 1.6016 8.49075606202
8.2700 1.5997 8.50103542771
8.2800 1.5978 8.5113147934
8.2900 1.5959 8.5215941591
8.3000 1.5939 8.53187352479
8.3100 1.5920 8.54215289048
8.3200 1.5901 8.55243225617
8.3300 1.5882 8.56271162187
8.3400 1.5864 8.57299098756
8.3500 1.5845 8.58327035325
8.3600 1.5826 8.59354971894
8.3700 1.5807 8.60382908464
8.3800 1.5788 8.61410845033
8.3900 1.5770 8.62438781602
8.4000 1.5751 8.63466718171
8.4100 1.5733 8.64494654741
8.4200 1.5714 8.6552259131
8.4300 1.5696 8.66550527879
8.4400 1.5677 8.67578464448
8.4500 1.5659 8.68606401018
8.4600 1.5640 8.69634337587
8.4700 1.5622 8.70662274156
8.4800 1.5604 8.71690210725
8.4900 1.5585 8.72718147295
8.5000 1.5567 8.73746083864
8.5100 1.5549 8.74774020433
8.5200 1.5531 8.75801957002
8.5300 1.5513 8.76829893572
8.5400 1.5495 8.77857830141
8.5500 1.5477 8.7888576671
8.5600 1.5459 8.7991370328
8.5700 1.5441 8.80941639849
8.5800 1.5423 8.81969576418
8.5900 1.5405 8.82997512987
8.6000 1.5388 8.84025449557
8.6100 1.5370 8.85053386126
8.6200 1.5352 8.86081322695
8.6300 1.5335 8.87109259264
8.6400 1.5317 8.88137195834
8.6500 1.5299 8.89165132403
8.6600 1.5282 8.90193068972
8.6700 1.5264 8.91221005541
8.6800 1.5247 8.92248942111
8.6900 1.5230 8.9327687868
8.7000 1.5212 8.94304815249
8.7100 1.5195 8.95332751818
8.7200 1.5178 8.96360688388
8.7300 1.5160 8.97388624957
8.7400 1.5143 8.98416561526
8.7500 1.5126 8.99444498095
8.7600 1.5109 9.00472434665
8.7700 1.5092 9.01500371234
8.7800 1.5075 9.02528307803
8.7900 1.5058 9.03556244372
8.8000 1.5041 9.04584180942
8.8100 1.5024 9.05612117511
8.8200 1.5007 9.0664005408
8.8300 1.4990 9.07667990649
8.8400 1.4973 9.08695927219
8.8500 1.4956 9.09723863788
8.8600 1.4940 9.10751800357
8.8700 1.4923 9.11779736926
8.8800 1.4906 9.12807673496
8.8900 1.4890 9.13835610065
8.9000 1.4873 9.14863546634
8.9100 1.4857 9.15891483203
8.9200 1.4840 9.16919419773
8.9300 1.4824 9.17947356342
8.9400 1.4807 9.18975292911
8.9500 1.4791 9.2000322948
8.9600 1.4774 9.2103116605
8.9700 1.4758 9.22059102619
8.9800 1.4742 9.23087039188
8.9900 1.4725 9.24114975757
9.0000 1.4709 9.25142912327
9.0100 1.4693 9.26170848896
9.0200 1.4677 9.27198785465
9.0300 1.4661 9.28226722034
9.0400 1.4645 9.29254658604
9.0500 1.4629 9.30282595173
9.0600 1.4613 9.31310531742
9.0700 1.4597 9.32338468311
9.0800 1.4581 9.33366404881
9.0900 1.4565 9.3439434145
9.1000 1.4549 9.35422278019
9.1100 1.4533 9.36450214588
9.1200 1.4517 9.37478151158
9.1300 1.4501 9.38506087727
9.1400 1.4486 9.39534024296
9.1500 1.4470 9.40561960865
9.1600 1.4454 9.41589897435
9.1700 1.4439 9.42617834004
9.1800 1.4423 9.43645770573
9.1900 1.4408 9.44673707142
9.2000 1.4392 9.45701643712
9.2100 1.4377 9.46729580281
9.2200 1.4361 9.4775751685
9.2300 1.4346 9.48785453419
9.2400 1.4330 9.49813389989
9.2500 1.4315 9.50841326558
9.2600 1.4300 9.51869263127
9.2700 1.4284 9.52897199696
9.2800 1.4269 9.53925136266
9.2900 1.4254 9.54953072835
9.3000 1.4239 9.55981009404
9.3100 1.4223 9.57008945973
9.3200 1.4208 9.58036882543
9.3300 1.4193 9.59064819112
9.3400 1.4178 9.60092755681
9.3500 1.4163 9.6112069225
9.3600 1.4148 9.6214862882
9.3700 1.4133 9.63176565389
9.3800 1.4118 9.64204501958
9.3900 1.4103 9.65232438527
9.4000 1.4088 9.66260375097
9.4100 1.4074 9.67288311666
9.4200 1.4059 9.68316248235
9.4300 1.4044 9.69344184804
9.4400 1.4029 9.70372121374
9.4500 1.4015 9.71400057943
9.4600 1.4000 9.72427994512
9.4700 1.3985 9.73455931081
9.4800 1.3971 9.74483867651
9.4900 1.3956 9.7551180422
9.5000 1.3941 9.76539740789
9.5100 1.3927 9.77567677358
9.5200 1.3912 9.78595613928
9.5300 1.3898 9.79623550497
9.5400 1.3883 9.80651487066
9.5500 1.3869 9.81679423635
9.5600 1.3855 9.82707360205
9.5700 1.3840 9.83735296774
9.5800 1.3826 9.84763233343
9.5900 1.3812 9.85791169912
9.6000 1.3797 9.86819106482
9.6100 1.3783 9.87847043051
9.6200 1.3769 9.8887497962
9.6300 1.3755 9.89902916189
9.6400 1.3741 9.90930852759
9.6500 1.3727 9.91958789328
9.6600 1.3712 9.92986725897
9.6700 1.3698 9.94014662466
9.6800 1.3684 9.95042599036
9.6900 1.3670 9.96070535605
9.7000 1.3656 9.97098472174
9.7100 1.3643 9.98126408743
9.7200 1.3629 9.99154345313
9.7300 1.3615 10.0018228188
9.7400 1.3601 10.0121021845
9.7500 1.3587 10.0223815502
9.7600 1.3573 10.0326609159
9.7700 1.3559 10.0429402816
9.7800 1.3546 10.0532196473
9.7900 1.3532 10.063499013
9.8000 1.3518 10.0737783787
9.8100 1.3505 10.0840577444
9.8200 1.3491 10.0943371101
9.8300 1.3477 10.1046164757
9.8400 1.3464 10.1148958414
9.8500 1.3450 10.1251752071
9.8600 1.3437 10.1354545728
9.8700 1.3423 10.1457339385
9.8800 1.3410 10.1560133042
9.8900 1.3396 10.1662926699
9.9000 1.3383 10.1765720356
9.9100 1.3370 10.1868514013
9.9200 1.3356 10.197130767
9.9300 1.3343 10.2074101327
9.9400 1.3330 10.2176894984
9.9500 1.3316 10.2279688641
9.9600 1.3303 10.2382482297
9.9700 1.3290 10.2485275954
9.9800 1.3277 10.2588069611
9.9900 1.3264 10.2690863268
10.000 1.3250 10.2793656925
10.100 1.3120 10.3821593494
10.110 1.3108 10.3924387151
10.120 1.3095 10.4027180808
10.130 1.3082 10.4129974465
10.140 1.3069 10.4232768122
10.150 1.3056 10.4335561779
10.160 1.3044 10.4438355436
10.170 1.3031 10.4541149093
10.180 1.3018 10.464394275
10.190 1.3006 10.4746736407
10.200 1.2993 10.4849530064
10.210 1.2980 10.4952323721
10.220 1.2968 10.5055117378
10.230 1.2955 10.5157911034
10.240 1.2943 10.5260704691
10.250 1.2930 10.5363498348
10.260 1.2918 10.5466292005
10.270 1.2905 10.5569085662
10.280 1.2893 10.5671879319
10.290 1.2880 10.5774672976
10.300 1.2868 10.5877466633
10.310 1.2856 10.598026029
10.320 1.2843 10.6083053947
10.330 1.2831 10.6185847604
10.340 1.2819 10.6288641261
10.350 1.2806 10.6391434918
10.360 1.2794 10.6494228574
10.370 1.2782 10.6597022231
10.380 1.2770 10.6699815888
10.390 1.2758 10.6802609545
10.400 1.2745 10.6905403202
10.410 1.2733 10.7008196859
10.420 1.2721 10.7110990516
10.430 1.2709 10.7213784173
10.440 1.2697 10.731657783
10.450 1.2685 10.7419371487
10.460 1.2673 10.7522165144
10.470 1.2661 10.7624958801
10.480 1.2649 10.7727752458
10.490 1.2637 10.7830546115
10.500 1.2625 10.7933339771
10.510 1.2613 10.8036133428
10.520 1.2601 10.8138927085
10.530 1.2590 10.8241720742
10.540 1.2578 10.8344514399
10.550 1.2566 10.8447308056
10.560 1.2554 10.8550101713
10.570 1.2542 10.865289537
10.580 1.2531 10.8755689027
10.590 1.2519 10.8858482684
10.600 1.2507 10.8961276341
10.610 1.2496 10.9064069998
10.620 1.2484 10.9166863655
10.630 1.2472 10.9269657311
10.640 1.2461 10.9372450968
10.650 1.2449 10.9475244625
10.660 1.2438 10.9578038282
10.670 1.2426 10.9680831939
10.680 1.2414 10.9783625596
10.690 1.2403 10.9886419253
10.700 1.2391 10.998921291
10.710 1.2380 11.0092006567
10.720 1.2369 11.0194800224
10.730 1.2357 11.0297593881
10.740 1.2346 11.0400387538
10.750 1.2334 11.0503181195
10.760 1.2323 11.0605974851
10.770 1.2312 11.0708768508
10.780 1.2300 11.0811562165
10.790 1.2289 11.0914355822
10.800 1.2278 11.1017149479
10.810 1.2267 11.1119943136
10.820 1.2255 11.1222736793
10.830 1.2244 11.132553045
10.840 1.2233 11.1428324107
10.850 1.2222 11.1531117764
10.860 1.2211 11.1633911421
10.870 1.2200 11.1736705078
10.880 1.2188 11.1839498735
10.890 1.2177 11.1942292392
10.900 1.2166 11.2045086048
10.910 1.2155 11.2147879705
10.920 1.2144 11.2250673362
10.930 1.2133 11.2353467019
10.940 1.2122 11.2456260676
10.950 1.2111 11.2559054333
10.960 1.2100 11.266184799
10.970 1.2089 11.2764641647
10.980 1.2079 11.2867435304
10.990 1.2068 11.2970228961
11.000 1.2057 11.3073022618
11.010 1.2046 11.3175816275
11.020 1.2035 11.3278609932
11.030 1.2024 11.3381403588
11.040 1.2014 11.3484197245
11.050 1.2003 11.3586990902
11.060 1.1992 11.3689784559
11.070 1.1981 11.3792578216
11.080 1.1971 11.3895371873
11.090 1.1960 11.399816553
11.100 1.1949 11.4100959187
11.110 1.1939 11.4203752844
11.120 1.1928 11.4306546501
11.130 1.1917 11.4409340158
11.140 1.1907 11.4512133815
11.150 1.1896 11.4614927472
11.160 1.1886 11.4717721128
11.170 1.1875 11.4820514785
11.180 1.1865 11.4923308442
11.190 1.1854 11.5026102099
11.200 1.1844 11.5128895756
11.210 1.1833 11.5231689413
11.220 1.1823 11.533448307
11.230 1.1812 11.5437276727
11.240 1.1802 11.5540070384
11.250 1.1792 11.5642864041
11.260 1.1781 11.5745657698
11.270 1.1771 11.5848451355
11.280 1.1761 11.5951245012
11.290 1.1750 11.6054038669
11.300 1.1740 11.6156832325
11.310 1.1730 11.6259625982
11.320 1.1719 11.6362419639
11.330 1.1709 11.6465213296
11.340 1.1699 11.6568006953
11.350 1.1689 11.667080061
11.360 1.1679 11.6773594267
11.370 1.1668 11.6876387924
11.380 1.1658 11.6979181581
11.390 1.1648 11.7081975238
11.400 1.1638 11.7184768895
11.410 1.1628 11.7287562552
11.420 1.1618 11.7390356209
11.430 1.1608 11.7493149865
11.440 1.1598 11.7595943522
11.450 1.1588 11.7698737179
11.460 1.1578 11.7801530836
11.470 1.1568 11.7904324493
11.480 1.1558 11.800711815
11.490 1.1548 11.8109911807
11.500 1.1538 11.8212705464
11.510 1.1528 11.8315499121
11.520 1.1518 11.8418292778
11.530 1.1508 11.8521086435
11.540 1.1498 11.8623880092
11.550 1.1489 11.8726673749
11.560 1.1479 11.8829467406
11.570 1.1469 11.8932261062
11.580 1.1459 11.9035054719
11.590 1.1449 11.9137848376
11.600 1.1440 11.9240642033
11.610 1.1430 11.934343569
11.620 1.1420 11.9446229347
11.630 1.1410 11.9549023004
11.640 1.1401 11.9651816661
11.650 1.1391 11.9754610318
11.660 1.1381 11.9857403975
11.670 1.1372 11.9960197632
11.680 1.1362 12.0062991289
11.690 1.1352 12.0165784946
11.700 1.1343 12.0268578602
11.710 1.1333 12.0371372259
11.720 1.1324 12.0474165916
11.730 1.1314 12.0576959573
11.740 1.1305 12.067975323
11.750 1.1295 12.0782546887
11.760 1.1286 12.0885340544
11.770 1.1276 12.0988134201
11.780 1.1267 12.1090927858
11.790 1.1257 12.1193721515
11.800 1.1248 12.1296515172
11.810 1.1238 12.1399308829
11.820 1.1229 12.1502102486
11.830 1.1219 12.1604896142
11.840 1.1210 12.1707689799
11.850 1.1201 12.1810483456
11.860 1.1191 12.1913277113
11.870 1.1182 12.201607077
11.880 1.1173 12.2118864427
11.890 1.1163 12.2221658084
11.900 1.1154 12.2324451741
11.910 1.1145 12.2427245398
11.920 1.1136 12.2530039055
11.930 1.1126 12.2632832712
11.940 1.1117 12.2735626369
11.950 1.1108 12.2838420026
11.960 1.1099 12.2941213683
11.970 1.1090 12.3044007339
11.980 1.1081 12.3146800996
11.990 1.1071 12.3249594653
12.000 1.1062 12.335238831
12.010 1.1053 12.3455181967
12.020 1.1044 12.3557975624
12.030 1.1035 12.3660769281
12.040 1.1026 12.3763562938
12.050 1.1017 12.3866356595
12.060 1.1008 12.3969150252
12.070 1.0999 12.4071943909
12.080 1.0990 12.4174737566
12.090 1.0981 12.4277531223
12.100 1.0972 12.4380324879
12.110 1.0963 12.4483118536
12.120 1.0954 12.4585912193
12.130 1.0945 12.468870585
12.140 1.0936 12.4791499507
12.150 1.0927 12.4894293164
12.160 1.0918 12.4997086821
12.170 1.0909 12.5099880478
12.180 1.0901 12.5202674135
12.190 1.0892 12.5305467792
12.200 1.0883 12.5408261449
12.210 1.0874 12.5511055106
12.220 1.0865 12.5613848763
12.230 1.0856 12.5716642419
12.240 1.0848 12.5819436076
12.250 1.0839 12.5922229733
12.260 1.0830 12.602502339
12.270 1.0821 12.6127817047
12.280 1.0813 12.6230610704
12.290 1.0804 12.6333404361
12.300 1.0795 12.6436198018
12.310 1.0787 12.6538991675
12.320 1.0778 12.6641785332
12.330 1.0769 12.6744578989
12.340 1.0761 12.6847372646
12.350 1.0752 12.6950166303
12.360 1.0744 12.705295996
12.370 1.0735 12.7155753616
12.380 1.0726 12.7258547273
12.390 1.0718 12.736134093
12.400 1.0709 12.7464134587
12.410 1.0701 12.7566928244
12.420 1.0692 12.7669721901
12.430 1.0684 12.7772515558
12.440 1.0675 12.7875309215
12.450 1.0667 12.7978102872
12.460 1.0658 12.8080896529
12.470 1.0650 12.8183690186
12.480 1.0641 12.8286483843
12.490 1.0633 12.83892775
12.500 1.0625 12.8492071156
12.510 1.0616 12.8594864813
12.520 1.0608 12.869765847
12.530 1.0599 12.8800452127
12.540 1.0591 12.8903245784
12.550 1.0583 12.9006039441
12.560 1.0574 12.9108833098
12.570 1.0566 12.9211626755
12.580 1.0558 12.9314420412
12.590 1.0550 12.9417214069
12.600 1.0541 12.9520007726
12.610 1.0533 12.9622801383
12.620 1.0525 12.972559504
12.630 1.0516 12.9828388696
12.640 1.0508 12.9931182353
12.650 1.0500 13.003397601
12.660 1.0492 13.0136769667
12.670 1.0484 13.0239563324
12.680 1.0476 13.0342356981
12.690 1.0467 13.0445150638
12.700 1.0459 13.0547944295
12.710 1.0451 13.0650737952
12.720 1.0443 13.0753531609
12.730 1.0435 13.0856325266
12.740 1.0427 13.0959118923
12.750 1.0419 13.106191258
12.760 1.0411 13.1164706237
12.770 1.0403 13.1267499893
12.780 1.0394 13.137029355
12.790 1.0386 13.1473087207
12.800 1.0378 13.1575880864
12.810 1.0370 13.1678674521
12.820 1.0362 13.1781468178
12.830 1.0354 13.1884261835
12.840 1.0346 13.1987055492
12.850 1.0339 13.2089849149
12.860 1.0331 13.2192642806
12.870 1.0323 13.2295436463
12.880 1.0315 13.239823012
12.890 1.0307 13.2501023777
12.900 1.0299 13.2603817433
12.910 1.0291 13.270661109
12.920 1.0283 13.2809404747
12.930 1.0275 13.2912198404
12.940 1.0267 13.3014992061
12.950 1.0260 13.3117785718
12.960 1.0252 13.3220579375
12.970 1.0244 13.3323373032
12.980 1.0236 13.3426166689
12.990 1.0228 13.3528960346
13.000 1.0221 13.3631754003
13.010 1.0213 13.373454766
13.020 1.0205 13.3837341317
13.030 1.0197 13.3940134974
13.040 1.0190 13.404292863
13.050 1.0182 13.4145722287
13.060 1.0174 13.4248515944
13.070 1.0167 13.4351309601
13.080 1.0159 13.4454103258
13.090 1.0151 13.4556896915
13.100 1.0144 13.4659690572
13.110 1.0136 13.4762484229
13.120 1.0128 13.4865277886
13.130 1.0121 13.4968071543
13.140 1.0113 13.50708652
13.150 1.0105 13.5173658857
13.160 1.0098 13.5276452514
13.170 1.0090 13.537924617
13.180 1.0083 13.5482039827
13.190 1.0075 13.5584833484
13.200 1.0068 13.5687627141
13.210 1.0060 13.5790420798
13.220 1.0053 13.5893214455
13.230 1.0045 13.5996008112
13.240 1.0038 13.6098801769
13.250 1.0030 13.6201595426
13.260 1.0023 13.6304389083
13.270 1.0015 13.640718274
13.280 1.0008 13.6509976397
13.290 1.0000 13.6612770054
13.300 0.99928 13.671556371
13.310 0.99854 13.6818357367
13.320 0.99780 13.6921151024
13.330 0.99706 13.7023944681
13.340 0.99632 13.7126738338
13.350 0.99559 13.7229531995
13.360 0.99485 13.7332325652
13.370 0.99412 13.7435119309
13.380 0.99338 13.7537912966
13.390 0.99265 13.7640706623
13.400 0.99192 13.774350028
13.410 0.99119 13.7846293937
13.420 0.99046 13.7949087594
13.430 0.98973 13.8051881251
13.440 0.98900 13.8154674907
13.450 0.98827 13.8257468564
13.460 0.98755 13.8360262221
13.470 0.98683 13.8463055878
13.480 0.98610 13.8565849535
13.490 0.98538 13.8668643192
13.500 0.98466 13.8771436849
13.510 0.98394 13.8874230506
13.520 0.98322 13.8977024163
13.530 0.98250 13.907981782
13.540 0.98179 13.9182611477
13.550 0.98107 13.9285405134
13.560 0.98036 13.9388198791
13.570 0.97964 13.9490992447
13.580 0.97893 13.9593786104
13.590 0.97822 13.9696579761
13.600 0.97751 13.9799373418
13.610 0.97680 13.9902167075
13.620 0.97609 14.0004960732
13.630 0.97538 14.0107754389
13.640 0.97468 14.0210548046
13.650 0.97397 14.0313341703
13.660 0.97327 14.041613536
13.670 0.97257 14.0518929017
13.680 0.97186 14.0621722674
13.690 0.97116 14.0724516331
13.700 0.97046 14.0827309987
13.710 0.96976 14.0930103644
13.720 0.96907 14.1032897301
13.730 0.96837 14.1135690958
13.740 0.96767 14.1238484615
13.750 0.96698 14.1341278272
13.760 0.96628 14.1444071929
13.770 0.96559 14.1546865586
13.780 0.96490 14.1649659243
13.790 0.96421 14.17524529
13.800 0.96352 14.1855246557
13.810 0.96283 14.1958040214
13.820 0.96214 14.2060833871
13.830 0.96145 14.2163627528
13.840 0.96077 14.2266421184
13.850 0.96008 14.2369214841
13.860 0.95940 14.2472008498
13.870 0.95872 14.2574802155
13.880 0.95803 14.2677595812
13.890 0.95735 14.2780389469
13.900 0.95667 14.2883183126
13.910 0.95599 14.2985976783
13.920 0.95532 14.308877044
13.930 0.95464 14.3191564097
13.940 0.95396 14.3294357754
13.950 0.95329 14.3397151411
13.960 0.95261 14.3499945068
13.970 0.95194 14.3602738724
13.980 0.95127 14.3705532381
13.990 0.95060 14.3808326038
14.000 0.94993 14.3911119695
14.010 0.94926 14.4013913352
14.020 0.94859 14.4116707009
14.030 0.94792 14.4219500666
14.040 0.94725 14.4322294323
14.050 0.94659 14.442508798
14.060 0.94592 14.4527881637
14.070 0.94526 14.4630675294
14.080 0.94460 14.4733468951
14.090 0.94394 14.4836262608
14.100 0.94328 14.4939056264
14.110 0.94262 14.5041849921
14.120 0.94196 14.5144643578
14.130 0.94130 14.5247437235
14.140 0.94064 14.5350230892
14.150 0.93999 14.5453024549
14.160 0.93933 14.5555818206
14.170 0.93868 14.5658611863
14.180 0.93802 14.576140552
14.190 0.93737 14.5864199177
14.200 0.93672 14.5966992834
14.210 0.93607 14.6069786491
14.220 0.93542 14.6172580148
14.230 0.93477 14.6275373805
14.240 0.93412 14.6378167461
14.250 0.93347 14.6480961118
14.260 0.93283 14.6583754775
14.270 0.93218 14.6686548432
14.280 0.93154 14.6789342089
14.290 0.93090 14.6892135746
14.300 0.93025 14.6994929403
14.310 0.92961 14.709772306
14.320 0.92897 14.7200516717
14.330 0.92833 14.7303310374
14.340 0.92769 14.7406104031
14.350 0.92705 14.7508897688
14.360 0.92642 14.7611691345
14.370 0.92578 14.7714485001
14.380 0.92515 14.7817278658
14.390 0.92451 14.7920072315
14.400 0.92388 14.8022865972
14.410 0.92324 14.8125659629
14.420 0.92261 14.8228453286
14.430 0.92198 14.8331246943
14.440 0.92135 14.84340406
14.450 0.92072 14.8536834257
14.460 0.92009 14.8639627914
14.470 0.91947 14.8742421571
14.480 0.91884 14.8845215228
14.490 0.91821 14.8948008885
14.500 0.91759 14.9050802542
14.510 0.91697 14.9153596198
14.520 0.91634 14.9256389855
14.530 0.91572 14.9359183512
14.540 0.91510 14.9461977169
14.550 0.91448 14.9564770826
14.560 0.91386 14.9667564483
14.570 0.91324 14.977035814
14.580 0.91262 14.9873151797
14.590 0.91200 14.9975945454
14.600 0.91139 15.0078739111
14.610 0.91077 15.0181532768
14.620 0.91016 15.0284326425
14.630 0.90954 15.0387120082
14.640 0.90893 15.0489913738
14.650 0.90832 15.0592707395
14.660 0.90771 15.0695501052
14.670 0.90710 15.0798294709
14.680 0.90649 15.0901088366
14.690 0.90588 15.1003882023
14.700 0.90527 15.110667568
14.710 0.90466 15.1209469337
14.720 0.90406 15.1312262994
14.730 0.90345 15.1415056651
14.740 0.90285 15.1517850308
14.750 0.90224 15.1620643965
14.760 0.90164 15.1723437622
14.770 0.90104 15.1826231278
14.780 0.90044 15.1929024935
14.790 0.89984 15.2031818592
14.800 0.89924 15.2134612249
14.810 0.89864 15.2237405906
14.820 0.89804 15.2340199563
14.830 0.89744 15.244299322
14.840 0.89684 15.2545786877
14.850 0.89625 15.2648580534
14.860 0.89565 15.2751374191
14.870 0.89506 15.2854167848
14.880 0.89447 15.2956961505
14.890 0.89387 15.3059755162
14.900 0.89328 15.3162548819
14.910 0.89269 15.3265342475
14.920 0.89210 15.3368136132
14.930 0.89151 15.3470929789
14.940 0.89092 15.3573723446
14.950 0.89033 15.3676517103
14.960 0.88975 15.377931076
14.970 0.88916 15.3882104417
14.980 0.88858 15.3984898074
14.990 0.88799 15.4087691731
15.000 0.88741 15.4190485388
15.100 0.88161 15.5218421957
15.110 0.88104 15.5321215614
15.120 0.88046 15.5424009271
15.130 0.87989 15.5526802928
15.140 0.87931 15.5629596585
15.150 0.87874 15.5732390242
15.160 0.87817 15.5835183899
15.170 0.87760 15.5937977555
15.180 0.87703 15.6040771212
15.190 0.87646 15.6143564869
15.200 0.87589 15.6246358526
15.210 0.87532 15.6349152183
15.220 0.87476 15.645194584
15.230 0.87419 15.6554739497
15.240 0.87362 15.6657533154
15.250 0.87306 15.6760326811
15.260 0.87249 15.6863120468
15.270 0.87193 15.6965914125
15.280 0.87137 15.7068707782
15.290 0.87081 15.7171501439
15.300 0.87025 15.7274295096
15.310 0.86968 15.7377088752
15.320 0.86913 15.7479882409
15.330 0.86857 15.7582676066
15.340 0.86801 15.7685469723
15.350 0.86745 15.778826338
15.360 0.86689 15.7891057037
15.370 0.86634 15.7993850694
15.380 0.86578 15.8096644351
15.390 0.86523 15.8199438008
15.400 0.86467 15.8302231665
15.410 0.86412 15.8405025322
15.420 0.86357 15.8507818979
15.430 0.86302 15.8610612636
15.440 0.86246 15.8713406292
15.450 0.86191 15.8816199949
15.460 0.86136 15.8918993606
15.470 0.86082 15.9021787263
15.480 0.86027 15.912458092
15.490 0.85972 15.9227374577
15.500 0.85917 15.9330168234
15.510 0.85863 15.9432961891
15.520 0.85808 15.9535755548
15.530 0.85754 15.9638549205
15.540 0.85699 15.9741342862
15.550 0.85645 15.9844136519
15.560 0.85591 15.9946930176
15.570 0.85536 16.0049723832
15.580 0.85482 16.0152517489
15.590 0.85428 16.0255311146
15.600 0.85374 16.0358104803
15.610 0.85320 16.046089846
15.620 0.85267 16.0563692117
15.630 0.85213 16.0666485774
15.640 0.85159 16.0769279431
15.650 0.85105 16.0872073088
15.660 0.85052 16.0974866745
15.670 0.84998 16.1077660402
15.680 0.84945 16.1180454059
15.690 0.84892 16.1283247716
15.700 0.84838 16.1386041373
15.710 0.84785 16.1488835029
15.720 0.84732 16.1591628686
15.730 0.84679 16.1694422343
15.740 0.84626 16.1797216
15.750 0.84573 16.1900009657
15.760 0.84520 16.2002803314
15.770 0.84467 16.2105596971
15.780 0.84414 16.2208390628
15.790 0.84362 16.2311184285
15.800 0.84309 16.2413977942
15.810 0.84256 16.2516771599
15.820 0.84204 16.2619565256
15.830 0.84152 16.2722358913
15.840 0.84099 16.2825152569
15.850 0.84047 16.2927946226
15.860 0.83995 16.3030739883
15.870 0.83942 16.313353354
15.880 0.83890 16.3236327197
15.890 0.83838 16.3339120854
15.900 0.83786 16.3441914511
15.910 0.83735 16.3544708168
15.920 0.83683 16.3647501825
15.930 0.83631 16.3750295482
15.940 0.83579 16.3853089139
15.950 0.83528 16.3955882796
15.960 0.83476 16.4058676453
15.970 0.83424 16.416147011
15.980 0.83373 16.4264263766
15.990 0.83322 16.4367057423
16.000 0.83270 16.446985108
16.010 0.83219 16.4572644737
16.020 0.83168 16.4675438394
16.030 0.83117 16.4778232051
16.040 0.83066 16.4881025708
16.050 0.83015 16.4983819365
16.060 0.82964 16.5086613022
16.070 0.82913 16.5189406679
16.080 0.82862 16.5292200336
16.090 0.82811 16.5394993993
16.100 0.82761 16.549778765
16.110 0.82710 16.5600581306
16.120 0.82659 16.5703374963
16.130 0.82609 16.580616862
16.140 0.82559 16.5908962277
16.150 0.82508 16.6011755934
16.160 0.82458 16.6114549591
16.170 0.82408 16.6217343248
16.180 0.82357 16.6320136905
16.190 0.82307 16.6422930562
16.200 0.82257 16.6525724219
16.210 0.82207 16.6628517876
16.220 0.82157 16.6731311533
16.230 0.82107 16.683410519
16.240 0.82058 16.6936898846
16.250 0.82008 16.7039692503
16.260 0.81958 16.714248616
16.270 0.81909 16.7245279817
16.280 0.81859 16.7348073474
16.290 0.81810 16.7450867131
16.300 0.81760 16.7553660788
16.310 0.81711 16.7656454445
16.320 0.81661 16.7759248102
16.330 0.81612 16.7862041759
16.340 0.81563 16.7964835416
16.350 0.81514 16.8067629073
16.360 0.81465 16.817042273
16.370 0.81416 16.8273216387
16.380 0.81367 16.8376010043
16.390 0.81318 16.84788037
16.400 0.81269 16.8581597357
16.410 0.81220 16.8684391014
16.420 0.81171 16.8787184671
16.430 0.81123 16.8889978328
16.440 0.81074 16.8992771985
16.450 0.81026 16.9095565642
16.460 0.80977 16.9198359299
16.470 0.80929 16.9301152956
16.480 0.80880 16.9403946613
16.490 0.80832 16.950674027
16.500 0.80784 16.9609533927
16.510 0.80736 16.9712327583
16.520 0.80687 16.981512124
16.530 0.80639 16.9917914897
16.540 0.80591 17.0020708554
16.550 0.80543 17.0123502211
16.560 0.80495 17.0226295868
16.570 0.80448 17.0329089525
16.580 0.80400 17.0431883182
16.590 0.80352 17.0534676839
16.600 0.80304 17.0637470496
16.610 0.80257 17.0740264153
16.620 0.80209 17.084305781
16.630 0.80162 17.0945851467
16.640 0.80114 17.1048645123
16.650 0.80067 17.115143878
16.660 0.80020 17.1254232437
16.670 0.79972 17.1357026094
16.680 0.79925 17.1459819751
16.690 0.79878 17.1562613408
16.700 0.79831 17.1665407065
16.710 0.79784 17.1768200722
16.720 0.79737 17.1870994379
16.730 0.79690 17.1973788036
16.740 0.79643 17.2076581693
16.750 0.79596 17.217937535
16.760 0.79549 17.2282169007
16.770 0.79503 17.2384962664
16.780 0.79456 17.248775632
16.790 0.79409 17.2590549977
16.800 0.79363 17.2693343634
16.810 0.79316 17.2796137291
16.820 0.79270 17.2898930948
16.830 0.79224 17.3001724605
16.840 0.79177 17.3104518262
16.850 0.79131 17.3207311919
16.860 0.79085 17.3310105576
16.870 0.79039 17.3412899233
16.880 0.78993 17.351569289
16.890 0.78946 17.3618486547
16.900 0.78900 17.3721280204
16.910 0.78855 17.382407386
16.920 0.78809 17.3926867517
16.930 0.78763 17.4029661174
16.940 0.78717 17.4132454831
16.950 0.78671 17.4235248488
16.960 0.78626 17.4338042145
16.970 0.78580 17.4440835802
16.980 0.78534 17.4543629459
16.990 0.78489 17.4646423116
17.000 0.78443 17.4749216773
17.010 0.78398 17.485201043
17.020 0.78353 17.4954804087
17.030 0.78307 17.5057597744
17.040 0.78262 17.51603914
17.050 0.78217 17.5263185057
17.060 0.78172 17.5365978714
17.070 0.78127 17.5468772371
17.080 0.78082 17.5571566028
17.090 0.78037 17.5674359685
17.100 0.77992 17.5777153342
17.110 0.77947 17.5879946999
17.120 0.77902 17.5982740656
17.130 0.77857 17.6085534313
17.140 0.77813 17.618832797
17.150 0.77768 17.6291121627
17.160 0.77723 17.6393915284
17.170 0.77679 17.6496708941
17.180 0.77634 17.6599502597
17.190 0.77590 17.6702296254
17.200 0.77545 17.6805089911
17.210 0.77501 17.6907883568
17.220 0.77457 17.7010677225
17.230 0.77413 17.7113470882
17.240 0.77368 17.7216264539
17.250 0.77324 17.7319058196
17.260 0.77280 17.7421851853
17.270 0.77236 17.752464551
17.280 0.77192 17.7627439167
17.290 0.77148 17.7730232824
17.300 0.77104 17.7833026481
17.310 0.77060 17.7935820137
17.320 0.77017 17.8038613794
17.330 0.76973 17.8141407451
17.340 0.76929 17.8244201108
17.350 0.76886 17.8346994765
17.360 0.76842 17.8449788422
17.370 0.76798 17.8552582079
17.380 0.76755 17.8655375736
17.390 0.76711 17.8758169393
17.400 0.76668 17.886096305
17.410 0.76625 17.8963756707
17.420 0.76581 17.9066550364
17.430 0.76538 17.9169344021
17.440 0.76495 17.9272137678
17.450 0.76452 17.9374931334
17.460 0.76409 17.9477724991
17.470 0.76366 17.9580518648
17.480 0.76323 17.9683312305
17.490 0.76280 17.9786105962
17.500 0.76237 17.9888899619
17.510 0.76194 17.9991693276
17.520 0.76151 18.0094486933
17.530 0.76109 18.019728059
17.540 0.76066 18.0300074247
17.550 0.76023 18.0402867904
17.560 0.75981 18.0505661561
17.570 0.75938 18.0608455218
17.580 0.75896 18.0711248874
17.590 0.75853 18.0814042531
17.600 0.75811 18.0916836188
17.610 0.75768 18.1019629845
17.620 0.75726 18.1122423502
17.630 0.75684 18.1225217159
17.640 0.75642 18.1328010816
17.650 0.75599 18.1430804473
17.660 0.75557 18.153359813
17.670 0.75515 18.1636391787
17.680 0.75473 18.1739185444
17.690 0.75431 18.1841979101
17.700 0.75389 18.1944772758
17.710 0.75347 18.2047566414
17.720 0.75305 18.2150360071
17.730 0.75264 18.2253153728
17.740 0.75222 18.2355947385
17.750 0.75180 18.2458741042
17.760 0.75139 18.2561534699
17.770 0.75097 18.2664328356
17.780 0.75055 18.2767122013
17.790 0.75014 18.286991567
17.800 0.74972 18.2972709327
17.810 0.74931 18.3075502984
17.820 0.74890 18.3178296641
17.830 0.74848 18.3281090298
17.840 0.74807 18.3383883955
17.850 0.74766 18.3486677611
17.860 0.74725 18.3589471268
17.870 0.74684 18.3692264925
17.880 0.74642 18.3795058582
17.890 0.74601 18.3897852239
17.900 0.74560 18.4000645896
17.910 0.74519 18.4103439553
17.920 0.74479 18.420623321
17.930 0.74438 18.4309026867
17.940 0.74397 18.4411820524
17.950 0.74356 18.4514614181
17.960 0.74315 18.4617407838
17.970 0.74275 18.4720201495
17.980 0.74234 18.4822995151
17.990 0.74193 18.4925788808
18.000 0.74153 18.5028582465
18.010 0.74112 18.5131376122
18.020 0.74072 18.5234169779
18.030 0.74032 18.5336963436
18.040 0.73991 18.5439757093
18.050 0.73951 18.554255075
18.060 0.73911 18.5645344407
18.070 0.73870 18.5748138064
18.080 0.73830 18.5850931721
18.090 0.73790 18.5953725378
18.100 0.73750 18.6056519035
18.110 0.73710 18.6159312691
18.120 0.73670 18.6262106348
18.130 0.73630 18.6364900005
18.140 0.73590 18.6467693662
18.150 0.73550 18.6570487319
18.160 0.73510 18.6673280976
18.170 0.73471 18.6776074633
18.180 0.73431 18.687886829
18.190 0.73391 18.6981661947
18.200 0.73351 18.7084455604
18.210 0.73312 18.7187249261
18.220 0.73272 18.7290042918
18.230 0.73233 18.7392836575
18.240 0.73193 18.7495630232
18.250 0.73154 18.7598423888
18.260 0.73114 18.7701217545
18.270 0.73075 18.7804011202
18.280 0.73036 18.7906804859
18.290 0.72996 18.8009598516
18.300 0.72957 18.8112392173
18.310 0.72918 18.821518583
18.320 0.72879 18.8317979487
18.330 0.72840 18.8420773144
18.340 0.72801 18.8523566801
18.350 0.72762 18.8626360458
18.360 0.72723 18.8729154115
18.370 0.72684 18.8831947772
18.380 0.72645 18.8934741428
18.390 0.72606 18.9037535085
18.400 0.72567 18.9140328742
18.410 0.72529 18.9243122399
18.420 0.72490 18.9345916056
18.430 0.72451 18.9448709713
18.440 0.72413 18.955150337
18.450 0.72374 18.9654297027
18.460 0.72335 18.9757090684
18.470 0.72297 18.9859884341
18.480 0.72258 18.9962677998
18.490 0.72220 19.0065471655
18.500 0.72182 19.0168265312
18.510 0.72143 19.0271058969
18.520 0.72105 19.0373852625
18.530 0.72067 19.0476646282
18.540 0.72029 19.0579439939
18.550 0.71990 19.0682233596
18.560 0.71952 19.0785027253
18.570 0.71914 19.088782091
18.580 0.71876 19.0990614567
18.590 0.71838 19.1093408224
18.600 0.71800 19.1196201881
18.610 0.71762 19.1298995538
18.620 0.71724 19.1401789195
18.630 0.71686 19.1504582852
18.640 0.71649 19.1607376509
18.650 0.71611 19.1710170165
18.660 0.71573 19.1812963822
18.670 0.71535 19.1915757479
18.680 0.71498 19.2018551136
18.690 0.71460 19.2121344793
18.700 0.71423 19.222413845
18.710 0.71385 19.2326932107
18.720 0.71348 19.2429725764
18.730 0.71310 19.2532519421
18.740 0.71273 19.2635313078
18.750 0.71235 19.2738106735
18.760 0.71198 19.2840900392
18.770 0.71161 19.2943694049
18.780 0.71124 19.3046487705
18.790 0.71086 19.3149281362
18.800 0.71049 19.3252075019
18.810 0.71012 19.3354868676
18.820 0.70975 19.3457662333
18.830 0.70938 19.356045599
18.840 0.70901 19.3663249647
18.850 0.70864 19.3766043304
18.860 0.70827 19.3868836961
18.870 0.70790 19.3971630618
18.880 0.70753 19.4074424275
18.890 0.70716 19.4177217932
18.900 0.70680 19.4280011589
18.910 0.70643 19.4382805246
18.920 0.70606 19.4485598902
18.930 0.70570 19.4588392559
18.940 0.70533 19.4691186216
18.950 0.70496 19.4793979873
18.960 0.70460 19.489677353
18.970 0.70423 19.4999567187
18.980 0.70387 19.5102360844
18.990 0.70350 19.5205154501
19.000 0.70314 19.5307948158
19.010 0.70278 19.5410741815
19.020 0.70241 19.5513535472
19.030 0.70205 19.5616329129
19.040 0.70169 19.5719122786
19.050 0.70133 19.5821916442
19.060 0.70097 19.5924710099
19.070 0.70060 19.6027503756
19.080 0.70024 19.6130297413
19.090 0.69988 19.623309107
19.100 0.69952 19.6335884727
19.110 0.69916 19.6438678384
19.120 0.69880 19.6541472041
19.130 0.69844 19.6644265698
19.140 0.69809 19.6747059355
19.150 0.69773 19.6849853012
19.160 0.69737 19.6952646669
19.170 0.69701 19.7055440326
19.180 0.69666 19.7158233982
19.190 0.69630 19.7261027639
19.200 0.69594 19.7363821296
19.210 0.69559 19.7466614953
19.220 0.69523 19.756940861
19.230 0.69488 19.7672202267
19.240 0.69452 19.7774995924
19.250 0.69417 19.7877789581
19.260 0.69381 19.7980583238
19.270 0.69346 19.8083376895
19.280 0.69311 19.8186170552
19.290 0.69275 19.8288964209
19.300 0.69240 19.8391757866
19.310 0.69205 19.8494551523
19.320 0.69170 19.8597345179
19.330 0.69134 19.8700138836
19.340 0.69099 19.8802932493
19.350 0.69064 19.890572615
19.360 0.69029 19.9008519807
19.370 0.68994 19.9111313464
19.380 0.68959 19.9214107121
19.390 0.68924 19.9316900778
19.400 0.68889 19.9419694435
19.410 0.68854 19.9522488092
19.420 0.68820 19.9625281749
19.430 0.68785 19.9728075406
19.440 0.68750 19.9830869063
19.450 0.68715 19.9933662719
19.460 0.68681 20.0036456376
19.470 0.68646 20.0139250033
19.480 0.68611 20.024204369
19.490 0.68577 20.0344837347
19.500 0.68542 20.0447631004
19.510 0.68508 20.0550424661
19.520 0.68473 20.0653218318
19.530 0.68439 20.0756011975
19.540 0.68404 20.0858805632
19.550 0.68370 20.0961599289
19.560 0.68336 20.1064392946
19.570 0.68301 20.1167186603
19.580 0.68267 20.1269980259
19.590 0.68233 20.1372773916
19.600 0.68199 20.1475567573
19.610 0.68165 20.157836123
19.620 0.68130 20.1681154887
19.630 0.68096 20.1783948544
19.640 0.68062 20.1886742201
19.650 0.68028 20.1989535858
19.660 0.67994 20.2092329515
19.670 0.67960 20.2195123172
19.680 0.67926 20.2297916829
19.690 0.67893 20.2400710486
19.700 0.67859 20.2503504143
19.710 0.67825 20.26062978
19.720 0.67791 20.2709091456
19.730 0.67757 20.2811885113
19.740 0.67724 20.291467877
19.750 0.67690 20.3017472427
19.760 0.67656 20.3120266084
19.770 0.67623 20.3223059741
19.780 0.67589 20.3325853398
19.790 0.67556 20.3428647055
19.800 0.67522 20.3531440712
19.810 0.67489 20.3634234369
19.820 0.67455 20.3737028026
19.830 0.67422 20.3839821683
19.840 0.67388 20.394261534
19.850 0.67355 20.4045408996
19.860 0.67322 20.4148202653
19.870 0.67289 20.425099631
19.880 0.67255 20.4353789967
19.890 0.67222 20.4456583624
19.900 0.67189 20.4559377281
19.910 0.67156 20.4662170938
19.920 0.67123 20.4764964595
19.930 0.67090 20.4867758252
19.940 0.67057 20.4970551909
19.950 0.67024 20.5073345566
19.960 0.66991 20.5176139223
19.970 0.66958 20.527893288
19.980 0.66925 20.5381726537
19.990 0.66892 20.5484520193
20.000 0.66859 20.558731385
20.100 0.66532 20.661525042
20.110 0.66500 20.6718044077
20.120 0.66468 20.6820837733
20.130 0.66435 20.692363139
20.140 0.66403 20.7026425047
20.150 0.66370 20.7129218704
20.160 0.66338 20.7232012361
20.170 0.66306 20.7334806018
20.180 0.66273 20.7437599675
20.190 0.66241 20.7540393332
20.200 0.66209 20.7643186989
20.210 0.66177 20.7745980646
20.220 0.66145 20.7848774303
20.230 0.66113 20.795156796
20.240 0.66081 20.8054361617
20.250 0.66049 20.8157155273
20.260 0.66017 20.825994893
20.270 0.65985 20.8362742587
20.280 0.65953 20.8465536244
20.290 0.65921 20.8568329901
20.300 0.65889 20.8671123558
20.310 0.65857 20.8773917215
20.320 0.65825 20.8876710872
20.330 0.65793 20.8979504529
20.340 0.65762 20.9082298186
20.350 0.65730 20.9185091843
20.360 0.65698 20.92878855
20.370 0.65667 20.9390679157
20.380 0.65635 20.9493472814
20.390 0.65603 20.959626647
20.400 0.65572 20.9699060127
20.410 0.65540 20.9801853784
20.420 0.65509 20.9904647441
20.430 0.65477 21.0007441098
20.440 0.65446 21.0110234755
20.450 0.65415 21.0213028412
20.460 0.65383 21.0315822069
20.470 0.65352 21.0418615726
20.480 0.65320 21.0521409383
20.490 0.65289 21.062420304
20.500 0.65258 21.0726996697
20.510 0.65227 21.0829790354
20.520 0.65196 21.093258401
20.530 0.65164 21.1035377667
20.540 0.65133 21.1138171324
20.550 0.65102 21.1240964981
20.560 0.65071 21.1343758638
20.570 0.65040 21.1446552295
20.580 0.65009 21.1549345952
20.590 0.64978 21.1652139609
20.600 0.64947 21.1754933266
20.610 0.64916 21.1857726923
20.620 0.64885 21.196052058
20.630 0.64854 21.2063314237
20.640 0.64824 21.2166107894
20.650 0.64793 21.226890155
20.660 0.64762 21.2371695207
20.670 0.64731 21.2474488864
20.680 0.64700 21.2577282521
20.690 0.64670 21.2680076178
20.700 0.64639 21.2782869835
20.710 0.64609 21.2885663492
20.720 0.64578 21.2988457149
20.730 0.64547 21.3091250806
20.740 0.64517 21.3194044463
20.750 0.64486 21.329683812
20.760 0.64456 21.3399631777
20.770 0.64425 21.3502425434
20.780 0.64395 21.3605219091
20.790 0.64365 21.3708012747
20.800 0.64334 21.3810806404
20.810 0.64304 21.3913600061
20.820 0.64274 21.4016393718
20.830 0.64243 21.4119187375
20.840 0.64213 21.4221981032
20.850 0.64183 21.4324774689
20.860 0.64153 21.4427568346
20.870 0.64122 21.4530362003
20.880 0.64092 21.463315566
20.890 0.64062 21.4735949317
20.900 0.64032 21.4838742974
20.910 0.64002 21.4941536631
20.920 0.63972 21.5044330287
20.930 0.63942 21.5147123944
20.940 0.63912 21.5249917601
20.950 0.63882 21.5352711258
20.960 0.63852 21.5455504915
20.970 0.63823 21.5558298572
20.980 0.63793 21.5661092229
20.990 0.63763 21.5763885886
21.000 0.63733 21.5866679543
21.010 0.63703 21.59694732
21.020 0.63674 21.6072266857
21.030 0.63644 21.6175060514
21.040 0.63614 21.6277854171
21.050 0.63585 21.6380647827
21.060 0.63555 21.6483441484
21.070 0.63525 21.6586235141
21.080 0.63496 21.6689028798
21.090 0.63466 21.6791822455
21.100 0.63437 21.6894616112
21.110 0.63407 21.6997409769
21.120 0.63378 21.7100203426
21.130 0.63348 21.7202997083
21.140 0.63319 21.730579074
21.150 0.63290 21.7408584397
21.160 0.63260 21.7511378054
21.170 0.63231 21.7614171711
21.180 0.63202 21.7716965368
21.190 0.63172 21.7819759024
21.200 0.63143 21.7922552681
21.210 0.63114 21.8025346338
21.220 0.63085 21.8128139995
21.230 0.63056 21.8230933652
21.240 0.63027 21.8333727309
21.250 0.62998 21.8436520966
21.260 0.62968 21.8539314623
21.270 0.62939 21.864210828
21.280 0.62910 21.8744901937
21.290 0.62881 21.8847695594
21.300 0.62853 21.8950489251
21.310 0.62824 21.9053282908
21.320 0.62795 21.9156076564
21.330 0.62766 21.9258870221
21.340 0.62737 21.9361663878
21.350 0.62708 21.9464457535
21.360 0.62679 21.9567251192
21.370 0.62651 21.9670044849
21.380 0.62622 21.9772838506
21.390 0.62593 21.9875632163
21.400 0.62564 21.997842582
21.410 0.62536 22.0081219477
21.420 0.62507 22.0184013134
21.430 0.62479 22.0286806791
21.440 0.62450 22.0389600448
21.450 0.62421 22.0492394105
21.460 0.62393 22.0595187761
21.470 0.62364 22.0697981418
21.480 0.62336 22.0800775075
21.490 0.62308 22.0903568732
21.500 0.62279 22.1006362389
21.510 0.62251 22.1109156046
21.520 0.62222 22.1211949703
21.530 0.62194 22.131474336
21.540 0.62166 22.1417537017
21.550 0.62137 22.1520330674
21.560 0.62109 22.1623124331
21.570 0.62081 22.1725917988
21.580 0.62053 22.1828711645
21.590 0.62025 22.1931505301
21.600 0.61996 22.2034298958
21.610 0.61968 22.2137092615
21.620 0.61940 22.2239886272
21.630 0.61912 22.2342679929
21.640 0.61884 22.2445473586
21.650 0.61856 22.2548267243
21.660 0.61828 22.26510609
21.670 0.61800 22.2753854557
21.680 0.61772 22.2856648214
21.690 0.61744 22.2959441871
21.700 0.61716 22.3062235528
21.710 0.61688 22.3165029185
21.720 0.61661 22.3267822841
21.730 0.61633 22.3370616498
21.740 0.61605 22.3473410155
21.750 0.61577 22.3576203812
21.760 0.61549 22.3678997469
21.770 0.61522 22.3781791126
21.780 0.61494 22.3884584783
21.790 0.61466 22.398737844
21.800 0.61439 22.4090172097
21.810 0.61411 22.4192965754
21.820 0.61384 22.4295759411
21.830 0.61356 22.4398553068
21.840 0.61328 22.4501346725
21.850 0.61301 22.4604140382
21.860 0.61273 22.4706934038
21.870 0.61246 22.4809727695
21.880 0.61219 22.4912521352
21.890 0.61191 22.5015315009
21.900 0.61164 22.5118108666
21.910 0.61136 22.5220902323
21.920 0.61109 22.532369598
21.930 0.61082 22.5426489637
21.940 0.61054 22.5529283294
21.950 0.61027 22.5632076951
21.960 0.61000 22.5734870608
21.970 0.60973 22.5837664265
21.980 0.60946 22.5940457922
21.990 0.60918 22.6043251578
22.000 0.60891 22.6146045235
22.010 0.60864 22.6248838892
22.020 0.60837 22.6351632549
22.030 0.60810 22.6454426206
22.040 0.60783 22.6557219863
22.050 0.60756 22.666001352
22.060 0.60729 22.6762807177
22.070 0.60702 22.6865600834
22.080 0.60675 22.6968394491
22.090 0.60648 22.7071188148
22.100 0.60621 22.7173981805
22.110 0.60594 22.7276775462
22.120 0.60568 22.7379569118
22.130 0.60541 22.7482362775
22.140 0.60514 22.7585156432
22.150 0.60487 22.7687950089
22.160 0.60460 22.7790743746
22.170 0.60434 22.7893537403
22.180 0.60407 22.799633106
22.190 0.60380 22.8099124717
22.200 0.60354 22.8201918374
22.210 0.60327 22.8304712031
22.220 0.60300 22.8407505688
22.230 0.60274 22.8510299345
22.240 0.60247 22.8613093002
22.250 0.60221 22.8715886659
22.260 0.60194 22.8818680315
22.270 0.60168 22.8921473972
22.280 0.60141 22.9024267629
22.290 0.60115 22.9127061286
22.300 0.60088 22.9229854943
22.310 0.60062 22.93326486
22.320 0.60036 22.9435442257
22.330 0.60009 22.9538235914
22.340 0.59983 22.9641029571
22.350 0.59957 22.9743823228
22.360 0.59930 22.9846616885
22.370 0.59904 22.9949410542
22.380 0.59878 23.0052204199
22.390 0.59852 23.0154997855
22.400 0.59826 23.0257791512
22.410 0.59799 23.0360585169
22.420 0.59773 23.0463378826
22.430 0.59747 23.0566172483
22.440 0.59721 23.066896614
22.450 0.59695 23.0771759797
22.460 0.59669 23.0874553454
22.470 0.59643 23.0977347111
22.480 0.59617 23.1080140768
22.490 0.59591 23.1182934425
22.500 0.59565 23.1285728082
22.510 0.59539 23.1388521739
22.520 0.59513 23.1491315395
22.530 0.59487 23.1594109052
22.540 0.59462 23.1696902709
22.550 0.59436 23.1799696366
22.560 0.59410 23.1902490023
22.570 0.59384 23.200528368
22.580 0.59358 23.2108077337
22.590 0.59333 23.2210870994
22.600 0.59307 23.2313664651
22.610 0.59281 23.2416458308
22.620 0.59256 23.2519251965
22.630 0.59230 23.2622045622
22.640 0.59204 23.2724839279
22.650 0.59179 23.2827632936
22.660 0.59153 23.2930426592
22.670 0.59128 23.3033220249
22.680 0.59102 23.3136013906
22.690 0.59076 23.3238807563
22.700 0.59051 23.334160122
22.710 0.59026 23.3444394877
22.720 0.59000 23.3547188534
22.730 0.58975 23.3649982191
22.740 0.58949 23.3752775848
22.750 0.58924 23.3855569505
22.760 0.58899 23.3958363162
22.770 0.58873 23.4061156819
22.780 0.58848 23.4163950476
22.790 0.58823 23.4266744132
22.800 0.58797 23.4369537789
22.810 0.58772 23.4472331446
22.820 0.58747 23.4575125103
22.830 0.58722 23.467791876
22.840 0.58696 23.4780712417
22.850 0.58671 23.4883506074
22.860 0.58646 23.4986299731
22.870 0.58621 23.5089093388
22.880 0.58596 23.5191887045
22.890 0.58571 23.5294680702
22.900 0.58546 23.5397474359
22.910 0.58521 23.5500268016
22.920 0.58496 23.5603061673
22.930 0.58471 23.5705855329
22.940 0.58446 23.5808648986
22.950 0.58421 23.5911442643
22.960 0.58396 23.60142363
22.970 0.58371 23.6117029957
22.980 0.58346 23.6219823614
22.990 0.58321 23.6322617271
23.000 0.58297 23.6425410928
23.010 0.58272 23.6528204585
23.020 0.58247 23.6630998242
23.030 0.58222 23.6733791899
23.040 0.58197 23.6836585556
23.050 0.58173 23.6939379213
23.060 0.58148 23.7042172869
23.070 0.58123 23.7144966526
23.080 0.58099 23.7247760183
23.090 0.58074 23.735055384
23.100 0.58049 23.7453347497
23.110 0.58025 23.7556141154
23.120 0.58000 23.7658934811
23.130 0.57976 23.7761728468
23.140 0.57951 23.7864522125
23.150 0.57927 23.7967315782
23.160 0.57902 23.8070109439
23.170 0.57878 23.8172903096
23.180 0.57853 23.8275696753
23.190 0.57829 23.8378490409
23.200 0.57804 23.8481284066
23.210 0.57780 23.8584077723
23.220 0.57756 23.868687138
23.230 0.57731 23.8789665037
23.240 0.57707 23.8892458694
23.250 0.57683 23.8995252351
23.260 0.57659 23.9098046008
23.270 0.57634 23.9200839665
23.280 0.57610 23.9303633322
23.290 0.57586 23.9406426979
23.300 0.57562 23.9509220636
23.310 0.57537 23.9612014293
23.320 0.57513 23.971480795
23.330 0.57489 23.9817601606
23.340 0.57465 23.9920395263
23.350 0.57441 24.002318892
23.360 0.57417 24.0125982577
23.370 0.57393 24.0228776234
23.380 0.57369 24.0331569891
23.390 0.57345 24.0434363548
23.400 0.57321 24.0537157205
23.410 0.57297 24.0639950862
23.420 0.57273 24.0742744519
23.430 0.57249 24.0845538176
23.440 0.57225 24.0948331833
23.450 0.57201 24.105112549
23.460 0.57177 24.1153919146
23.470 0.57153 24.1256712803
23.480 0.57130 24.135950646
23.490 0.57106 24.1462300117
23.500 0.57082 24.1565093774
23.510 0.57058 24.1667887431
23.520 0.57035 24.1770681088
23.530 0.57011 24.1873474745
23.540 0.56987 24.1976268402
23.550 0.56963 24.2079062059
23.560 0.56940 24.2181855716
23.570 0.56916 24.2284649373
23.580 0.56893 24.238744303
23.590 0.56869 24.2490236686
23.600 0.56845 24.2593030343
23.610 0.56822 24.2695824
23.620 0.56798 24.2798617657
23.630 0.56775 24.2901411314
23.640 0.56751 24.3004204971
23.650 0.56728 24.3106998628
23.660 0.56704 24.3209792285
23.670 0.56681 24.3312585942
23.680 0.56657 24.3415379599
23.690 0.56634 24.3518173256
23.700 0.56611 24.3620966913
23.710 0.56587 24.372376057
23.720 0.56564 24.3826554227
23.730 0.56541 24.3929347883
23.740 0.56517 24.403214154
23.750 0.56494 24.4134935197
23.760 0.56471 24.4237728854
23.770 0.56447 24.4340522511
23.780 0.56424 24.4443316168
23.790 0.56401 24.4546109825
23.800 0.56378 24.4648903482
23.810 0.56355 24.4751697139
23.820 0.56332 24.4854490796
23.830 0.56308 24.4957284453
23.840 0.56285 24.506007811
23.850 0.56262 24.5162871767
23.860 0.56239 24.5265665423
23.870 0.56216 24.536845908
23.880 0.56193 24.5471252737
23.890 0.56170 24.5574046394
23.900 0.56147 24.5676840051
23.910 0.56124 24.5779633708
23.920 0.56101 24.5882427365
23.930 0.56078 24.5985221022
23.940 0.56055 24.6088014679
23.950 0.56032 24.6190808336
23.960 0.56009 24.6293601993
23.970 0.55987 24.639639565
23.980 0.55964 24.6499189307
23.990 0.55941 24.6601982963
24.000 0.55918 24.670477662
24.010 0.55895 24.6807570277
24.020 0.55873 24.6910363934
24.030 0.55850 24.7013157591
24.040 0.55827 24.7115951248
24.050 0.55804 24.7218744905
24.060 0.55782 24.7321538562
24.070 0.55759 24.7424332219
24.080 0.55736 24.7527125876
24.090 0.55714 24.7629919533
24.100 0.55691 24.773271319
24.110 0.55669 24.7835506847
24.120 0.55646 24.7938300504
24.130 0.55623 24.804109416
24.140 0.55601 24.8143887817
24.150 0.55578 24.8246681474
24.160 0.55556 24.8349475131
24.170 0.55533 24.8452268788
24.180 0.55511 24.8555062445
24.190 0.55488 24.8657856102
24.200 0.55466 24.8760649759
24.210 0.55444 24.8863443416
24.220 0.55421 24.8966237073
24.230 0.55399 24.906903073
24.240 0.55376 24.9171824387
24.250 0.55354 24.9274618044
24.260 0.55332 24.93774117
24.270 0.55310 24.9480205357
24.280 0.55287 24.9582999014
24.290 0.55265 24.9685792671
24.300 0.55243 24.9788586328
24.310 0.55221 24.9891379985
24.320 0.55198 24.9994173642
24.330 0.55176 25.0096967299
24.340 0.55154 25.0199760956
24.350 0.55132 25.0302554613
24.360 0.55110 25.040534827
24.370 0.55088 25.0508141927
24.380 0.55065 25.0610935584
24.390 0.55043 25.0713729241
24.400 0.55021 25.0816522897
24.410 0.54999 25.0919316554
24.420 0.54977 25.1022110211
24.430 0.54955 25.1124903868
24.440 0.54933 25.1227697525
24.450 0.54911 25.1330491182
24.460 0.54889 25.1433284839
24.470 0.54867 25.1536078496
24.480 0.54845 25.1638872153
24.490 0.54824 25.174166581
24.500 0.54802 25.1844459467
24.510 0.54780 25.1947253124
24.520 0.54758 25.2050046781
24.530 0.54736 25.2152840437
24.540 0.54714 25.2255634094
24.550 0.54693 25.2358427751
24.560 0.54671 25.2461221408
24.570 0.54649 25.2564015065
24.580 0.54627 25.2666808722
24.590 0.54606 25.2769602379
24.600 0.54584 25.2872396036
24.610 0.54562 25.2975189693
24.620 0.54540 25.307798335
24.630 0.54519 25.3180777007
24.640 0.54497 25.3283570664
24.650 0.54476 25.3386364321
24.660 0.54454 25.3489157977
24.670 0.54432 25.3591951634
24.680 0.54411 25.3694745291
24.690 0.54389 25.3797538948
24.700 0.54368 25.3900332605
24.710 0.54346 25.4003126262
24.720 0.54325 25.4105919919
24.730 0.54303 25.4208713576
24.740 0.54282 25.4311507233
24.750 0.54260 25.441430089
24.760 0.54239 25.4517094547
24.770 0.54218 25.4619888204
24.780 0.54196 25.4722681861
24.790 0.54175 25.4825475518
24.800 0.54153 25.4928269174
24.810 0.54132 25.5031062831
24.820 0.54111 25.5133856488
24.830 0.54089 25.5236650145
24.840 0.54068 25.5339443802
24.850 0.54047 25.5442237459
24.860 0.54026 25.5545031116
24.870 0.54004 25.5647824773
24.880 0.53983 25.575061843
24.890 0.53962 25.5853412087
24.900 0.53941 25.5956205744
24.910 0.53920 25.6058999401
24.920 0.53899 25.6161793058
24.930 0.53877 25.6264586714
24.940 0.53856 25.6367380371
24.950 0.53835 25.6470174028
24.960 0.53814 25.6572967685
24.970 0.53793 25.6675761342
24.980 0.53772 25.6778554999
24.990 0.53751 25.6881348656
25.000 0.53730 25.6984142313
25.100 0.53521 25.8012078882
25.110 0.53500 25.8114872539
25.120 0.53479 25.8217666196
25.130 0.53458 25.8320459853
25.140 0.53437 25.842325351
25.150 0.53417 25.8526047167
25.160 0.53396 25.8628840824
25.170 0.53375 25.8731634481
25.180 0.53355 25.8834428138
25.190 0.53334 25.8937221795
25.200 0.53313 25.9040015451
25.210 0.53292 25.9142809108
25.220 0.53272 25.9245602765
25.230 0.53251 25.9348396422
25.240 0.53231 25.9451190079
25.250 0.53210 25.9553983736
25.260 0.53189 25.9656777393
25.270 0.53169 25.975957105
25.280 0.53148 25.9862364707
25.290 0.53128 25.9965158364
25.300 0.53107 26.0067952021
25.310 0.53087 26.0170745678
25.320 0.53066 26.0273539335
25.330 0.53046 26.0376332991
25.340 0.53025 26.0479126648
25.350 0.53005 26.0581920305
25.360 0.52984 26.0684713962
25.370 0.52964 26.0787507619
25.380 0.52944 26.0890301276
25.390 0.52923 26.0993094933
25.400 0.52903 26.109588859
25.410 0.52883 26.1198682247
25.420 0.52862 26.1301475904
25.430 0.52842 26.1404269561
25.440 0.52822 26.1507063218
25.450 0.52801 26.1609856875
25.460 0.52781 26.1712650531
25.470 0.52761 26.1815444188
25.480 0.52741 26.1918237845
25.490 0.52720 26.2021031502
25.500 0.52700 26.2123825159
25.510 0.52680 26.2226618816
25.520 0.52660 26.2329412473
25.530 0.52640 26.243220613
25.540 0.52620 26.2534999787
25.550 0.52599 26.2637793444
25.560 0.52579 26.2740587101
25.570 0.52559 26.2843380758
25.580 0.52539 26.2946174415
25.590 0.52519 26.3048968072
25.600 0.52499 26.3151761728
25.610 0.52479 26.3254555385
25.620 0.52459 26.3357349042
25.630 0.52439 26.3460142699
25.640 0.52419 26.3562936356
25.650 0.52399 26.3665730013
25.660 0.52379 26.376852367
25.670 0.52359 26.3871317327
25.680 0.52339 26.3974110984
25.690 0.52319 26.4076904641
25.700 0.52300 26.4179698298
25.710 0.52280 26.4282491955
25.720 0.52260 26.4385285612
25.730 0.52240 26.4488079268
25.740 0.52220 26.4590872925
25.750 0.52200 26.4693666582
25.760 0.52181 26.4796460239
25.770 0.52161 26.4899253896
25.780 0.52141 26.5002047553
25.790 0.52121 26.510484121
25.800 0.52102 26.5207634867
25.810 0.52082 26.5310428524
25.820 0.52062 26.5413222181
25.830 0.52042 26.5516015838
25.840 0.52023 26.5618809495
25.850 0.52003 26.5721603152
25.860 0.51983 26.5824396809
25.870 0.51964 26.5927190465
25.880 0.51944 26.6029984122
25.890 0.51925 26.6132777779
25.900 0.51905 26.6235571436
25.910 0.51885 26.6338365093
25.920 0.51866 26.644115875
25.930 0.51846 26.6543952407
25.940 0.51827 26.6646746064
25.950 0.51807 26.6749539721
25.960 0.51788 26.6852333378
25.970 0.51768 26.6955127035
25.980 0.51749 26.7057920692
25.990 0.51729 26.7160714349
26.000 0.51710 26.7263508005
26.010 0.51691 26.7366301662
26.020 0.51671 26.7469095319
26.030 0.51652 26.7571888976
26.040 0.51632 26.7674682633
26.050 0.51613 26.777747629
26.060 0.51594 26.7880269947
26.070 0.51574 26.7983063604
26.080 0.51555 26.8085857261
26.090 0.51536 26.8188650918
26.100 0.51517 26.8291444575
26.110 0.51497 26.8394238232
26.120 0.51478 26.8497031889
26.130 0.51459 26.8599825545
26.140 0.51440 26.8702619202
26.150 0.51420 26.8805412859
26.160 0.51401 26.8908206516
26.170 0.51382 26.9011000173
26.180 0.51363 26.911379383
26.190 0.51344 26.9216587487
26.200 0.51325 26.9319381144
26.210 0.51305 26.9422174801
26.220 0.51286 26.9524968458
26.230 0.51267 26.9627762115
26.240 0.51248 26.9730555772
26.250 0.51229 26.9833349429
26.260 0.51210 26.9936143086
26.270 0.51191 27.0038936742
26.280 0.51172 27.0141730399
26.290 0.51153 27.0244524056
26.300 0.51134 27.0347317713
26.310 0.51115 27.045011137
26.320 0.51096 27.0552905027
26.330 0.51077 27.0655698684
26.340 0.51058 27.0758492341
26.350 0.51039 27.0861285998
26.360 0.51020 27.0964079655
26.370 0.51002 27.1066873312
26.380 0.50983 27.1169666969
26.390 0.50964 27.1272460626
26.400 0.50945 27.1375254282
26.410 0.50926 27.1478047939
26.420 0.50907 27.1580841596
26.430 0.50889 27.1683635253
26.440 0.50870 27.178642891
26.450 0.50851 27.1889222567
26.460 0.50832 27.1992016224
26.470 0.50813 27.2094809881
26.480 0.50795 27.2197603538
26.490 0.50776 27.2300397195
26.500 0.50757 27.2403190852
26.510 0.50739 27.2505984509
26.520 0.50720 27.2608778166
26.530 0.50701 27.2711571822
26.540 0.50683 27.2814365479
26.550 0.50664 27.2917159136
26.560 0.50645 27.3019952793
26.570 0.50627 27.312274645
26.580 0.50608 27.3225540107
26.590 0.50590 27.3328333764
26.600 0.50571 27.3431127421
26.610 0.50552 27.3533921078
26.620 0.50534 27.3636714735
26.630 0.50515 27.3739508392
26.640 0.50497 27.3842302049
26.650 0.50478 27.3945095706
26.660 0.50460 27.4047889363
26.670 0.50441 27.4150683019
26.680 0.50423 27.4253476676
26.690 0.50405 27.4356270333
26.700 0.50386 27.445906399
26.710 0.50368 27.4561857647
26.720 0.50349 27.4664651304
26.730 0.50331 27.4767444961
26.740 0.50313 27.4870238618
26.750 0.50294 27.4973032275
26.760 0.50276 27.5075825932
26.770 0.50258 27.5178619589
26.780 0.50239 27.5281413246
26.790 0.50221 27.5384206903
26.800 0.50203 27.5487000559
26.810 0.50184 27.5589794216
26.820 0.50166 27.5692587873
26.830 0.50148 27.579538153
26.840 0.50130 27.5898175187
26.850 0.50111 27.6000968844
26.860 0.50093 27.6103762501
26.870 0.50075 27.6206556158
26.880 0.50057 27.6309349815
26.890 0.50039 27.6412143472
26.900 0.50021 27.6514937129
26.910 0.50002 27.6617730786
26.920 0.49984 27.6720524443
26.930 0.49966 27.6823318099
26.940 0.49948 27.6926111756
26.950 0.49930 27.7028905413
26.960 0.49912 27.713169907
26.970 0.49894 27.7234492727
26.980 0.49876 27.7337286384
26.990 0.49858 27.7440080041
27.000 0.49840 27.7542873698
27.010 0.49822 27.7645667355
27.020 0.49804 27.7748461012
27.030 0.49786 27.7851254669
27.040 0.49768 27.7954048326
27.050 0.49750 27.8056841983
27.060 0.49732 27.815963564
27.070 0.49714 27.8262429296
27.080 0.49696 27.8365222953
27.090 0.49678 27.846801661
27.100 0.49660 27.8570810267
27.110 0.49642 27.8673603924
27.120 0.49625 27.8776397581
27.130 0.49607 27.8879191238
27.140 0.49589 27.8981984895
27.150 0.49571 27.9084778552
27.160 0.49553 27.9187572209
27.170 0.49536 27.9290365866
27.180 0.49518 27.9393159523
27.190 0.49500 27.949595318
27.200 0.49482 27.9598746836
27.210 0.49465 27.9701540493
27.220 0.49447 27.980433415
27.230 0.49429 27.9907127807
27.240 0.49411 28.0009921464
27.250 0.49394 28.0112715121
27.260 0.49376 28.0215508778
27.270 0.49358 28.0318302435
27.280 0.49341 28.0421096092
27.290 0.49323 28.0523889749
27.300 0.49305 28.0626683406
27.310 0.49288 28.0729477063
27.320 0.49270 28.083227072
27.330 0.49253 28.0935064377
27.340 0.49235 28.1037858033
27.350 0.49218 28.114065169
27.360 0.49200 28.1243445347
27.370 0.49182 28.1346239004
27.380 0.49165 28.1449032661
27.390 0.49147 28.1551826318
27.400 0.49130 28.1654619975
27.410 0.49112 28.1757413632
27.420 0.49095 28.1860207289
27.430 0.49078 28.1963000946
27.440 0.49060 28.2065794603
27.450 0.49043 28.216858826
27.460 0.49025 28.2271381917
27.470 0.49008 28.2374175573
27.480 0.48990 28.247696923
27.490 0.48973 28.2579762887
27.500 0.48956 28.2682556544
27.510 0.48938 28.2785350201
27.520 0.48921 28.2888143858
27.530 0.48904 28.2990937515
27.540 0.48886 28.3093731172
27.550 0.48869 28.3196524829
27.560 0.48852 28.3299318486
27.570 0.48834 28.3402112143
27.580 0.48817 28.35049058
27.590 0.48800 28.3607699457
27.600 0.48783 28.3710493113
27.610 0.48765 28.381328677
27.620 0.48748 28.3916080427
27.630 0.48731 28.4018874084
27.640 0.48714 28.4121667741
27.650 0.48697 28.4224461398
27.660 0.48680 28.4327255055
27.670 0.48662 28.4430048712
27.680 0.48645 28.4532842369
27.690 0.48628 28.4635636026
27.700 0.48611 28.4738429683
27.710 0.48594 28.484122334
27.720 0.48577 28.4944016997
27.730 0.48560 28.5046810654
27.740 0.48543 28.514960431
27.750 0.48526 28.5252397967
27.760 0.48509 28.5355191624
27.770 0.48491 28.5457985281
27.780 0.48474 28.5560778938
27.790 0.48457 28.5663572595
27.800 0.48440 28.5766366252
27.810 0.48423 28.5869159909
27.820 0.48407 28.5971953566
27.830 0.48390 28.6074747223
27.840 0.48373 28.617754088
27.850 0.48356 28.6280334537
27.860 0.48339 28.6383128194
27.870 0.48322 28.648592185
27.880 0.48305 28.6588715507
27.890 0.48288 28.6691509164
27.900 0.48271 28.6794302821
27.910 0.48254 28.6897096478
27.920 0.48237 28.6999890135
27.930 0.48221 28.7102683792
27.940 0.48204 28.7205477449
27.950 0.48187 28.7308271106
27.960 0.48170 28.7411064763
27.970 0.48153 28.751385842
27.980 0.48137 28.7616652077
27.990 0.48120 28.7719445734
28.000 0.48103 28.782223939
28.010 0.48086 28.7925033047
28.020 0.48070 28.8027826704
28.030 0.48053 28.8130620361
28.040 0.48036 28.8233414018
28.050 0.48020 28.8336207675
28.060 0.48003 28.8439001332
28.070 0.47986 28.8541794989
28.080 0.47970 28.8644588646
28.090 0.47953 28.8747382303
28.100 0.47936 28.885017596
28.110 0.47920 28.8952969617
28.120 0.47903 28.9055763274
28.130 0.47886 28.9158556931
28.140 0.47870 28.9261350587
28.150 0.47853 28.9364144244
28.160 0.47837 28.9466937901
28.170 0.47820 28.9569731558
28.180 0.47804 28.9672525215
28.190 0.47787 28.9775318872
28.200 0.47771 28.9878112529
28.210 0.47754 28.9980906186
28.220 0.47738 29.0083699843
28.230 0.47721 29.01864935
28.240 0.47705 29.0289287157
28.250 0.47688 29.0392080814
28.260 0.47672 29.0494874471
28.270 0.47655 29.0597668127
28.280 0.47639 29.0700461784
28.290 0.47622 29.0803255441
28.300 0.47606 29.0906049098
28.310 0.47590 29.1008842755
28.320 0.47573 29.1111636412
28.330 0.47557 29.1214430069
28.340 0.47541 29.1317223726
28.350 0.47524 29.1420017383
28.360 0.47508 29.152281104
28.370 0.47492 29.1625604697
28.380 0.47475 29.1728398354
28.390 0.47459 29.1831192011
28.400 0.47443 29.1933985667
28.410 0.47426 29.2036779324
28.420 0.47410 29.2139572981
28.430 0.47394 29.2242366638
28.440 0.47378 29.2345160295
28.450 0.47361 29.2447953952
28.460 0.47345 29.2550747609
28.470 0.47329 29.2653541266
28.480 0.47313 29.2756334923
28.490 0.47297 29.285912858
28.500 0.47280 29.2961922237
28.510 0.47264 29.3064715894
28.520 0.47248 29.3167509551
28.530 0.47232 29.3270303208
28.540 0.47216 29.3373096864
28.550 0.47200 29.3475890521
28.560 0.47184 29.3578684178
28.570 0.47168 29.3681477835
28.580 0.47152 29.3784271492
28.590 0.47135 29.3887065149
28.600 0.47119 29.3989858806
28.610 0.47103 29.4092652463
28.620 0.47087 29.419544612
28.630 0.47071 29.4298239777
28.640 0.47055 29.4401033434
28.650 0.47039 29.4503827091
28.660 0.47023 29.4606620748
28.670 0.47007 29.4709414404
28.680 0.46991 29.4812208061
28.690 0.46975 29.4915001718
28.700 0.46959 29.5017795375
28.710 0.46944 29.5120589032
28.720 0.46928 29.5223382689
28.730 0.46912 29.5326176346
28.740 0.46896 29.5428970003
28.750 0.46880 29.553176366
28.760 0.46864 29.5634557317
28.770 0.46848 29.5737350974
28.780 0.46832 29.5840144631
28.790 0.46816 29.5942938288
28.800 0.46801 29.6045731945
28.810 0.46785 29.6148525601
28.820 0.46769 29.6251319258
28.830 0.46753 29.6354112915
28.840 0.46737 29.6456906572
28.850 0.46722 29.6559700229
28.860 0.46706 29.6662493886
28.870 0.46690 29.6765287543
28.880 0.46674 29.68680812
28.890 0.46659 29.6970874857
28.900 0.46643 29.7073668514
28.910 0.46627 29.7176462171
28.920 0.46611 29.7279255828
28.930 0.46596 29.7382049485
28.940 0.46580 29.7484843141
28.950 0.46564 29.7587636798
28.960 0.46549 29.7690430455
28.970 0.46533 29.7793224112
28.980 0.46517 29.7896017769
28.990 0.46502 29.7998811426
29.000 0.46486 29.8101605083
29.010 0.46471 29.820439874
29.020 0.46455 29.8307192397
29.030 0.46439 29.8409986054
29.040 0.46424 29.8512779711
29.050 0.46408 29.8615573368
29.060 0.46393 29.8718367025
29.070 0.46377 29.8821160681
29.080 0.46362 29.8923954338
29.090 0.46346 29.9026747995
29.100 0.46331 29.9129541652
29.110 0.46315 29.9232335309
29.120 0.46300 29.9335128966
29.130 0.46284 29.9437922623
29.140 0.46269 29.954071628
29.150 0.46253 29.9643509937
29.160 0.46238 29.9746303594
29.170 0.46222 29.9849097251
29.180 0.46207 29.9951890908
29.190 0.46192 30.0054684565
29.200 0.46176 30.0157478222
29.210 0.46161 30.0260271878
29.220 0.46145 30.0363065535
29.230 0.46130 30.0465859192
29.240 0.46115 30.0568652849
29.250 0.46099 30.0671446506
29.260 0.46084 30.0774240163
29.270 0.46069 30.087703382
29.280 0.46053 30.0979827477
29.290 0.46038 30.1082621134
29.300 0.46023 30.1185414791
29.310 0.46007 30.1288208448
29.320 0.45992 30.1391002105
29.330 0.45977 30.1493795762
29.340 0.45962 30.1596589418
29.350 0.45946 30.1699383075
29.360 0.45931 30.1802176732
29.370 0.45916 30.1904970389
29.380 0.45901 30.2007764046
29.390 0.45885 30.2110557703
29.400 0.45870 30.221335136
29.410 0.45855 30.2316145017
29.420 0.45840 30.2418938674
29.430 0.45825 30.2521732331
29.440 0.45810 30.2624525988
29.450 0.45794 30.2727319645
29.460 0.45779 30.2830113302
29.470 0.45764 30.2932906958
29.480 0.45749 30.3035700615
29.490 0.45734 30.3138494272
29.500 0.45719 30.3241287929
29.510 0.45704 30.3344081586
29.520 0.45689 30.3446875243
29.530 0.45674 30.35496689
29.540 0.45659 30.3652462557
29.550 0.45644 30.3755256214
29.560 0.45629 30.3858049871
29.570 0.45614 30.3960843528
29.580 0.45599 30.4063637185
29.590 0.45584 30.4166430842
29.600 0.45569 30.4269224499
29.610 0.45554 30.4372018155
29.620 0.45539 30.4474811812
29.630 0.45524 30.4577605469
29.640 0.45509 30.4680399126
29.650 0.45494 30.4783192783
29.660 0.45479 30.488598644
29.670 0.45464 30.4988780097
29.680 0.45449 30.5091573754
29.690 0.45434 30.5194367411
29.700 0.45419 30.5297161068
29.710 0.45404 30.5399954725
29.720 0.45389 30.5502748382
29.730 0.45375 30.5605542039
29.740 0.45360 30.5708335695
29.750 0.45345 30.5811129352
29.760 0.45330 30.5913923009
29.770 0.45315 30.6016716666
29.780 0.45300 30.6119510323
29.790 0.45286 30.622230398
29.800 0.45271 30.6325097637
29.810 0.45256 30.6427891294
29.820 0.45241 30.6530684951
29.830 0.45227 30.6633478608
29.840 0.45212 30.6736272265
29.850 0.45197 30.6839065922
29.860 0.45182 30.6941859579
29.870 0.45168 30.7044653236
29.880 0.45153 30.7147446892
29.890 0.45138 30.7250240549
29.900 0.45123 30.7353034206
29.910 0.45109 30.7455827863
29.920 0.45094 30.755862152
29.930 0.45079 30.7661415177
29.940 0.45065 30.7764208834
29.950 0.45050 30.7867002491
29.960 0.45036 30.7969796148
29.970 0.45021 30.8072589805
29.980 0.45006 30.8175383462
29.990 0.44992 30.8278177119
30.000 0.44977 30.8380970776
