0.10000 4.0352
0.11000 3.6622
0.12000 3.3513
0.13000 3.0882
0.14000 2.8627
0.15000 2.6673
0.16000 2.4963
0.17000 2.3454
0.18000 2.2112
0.19000 2.0912
0.20000 1.9831
0.21000 1.8854
0.22000 1.7965
0.23000 1.7154
0.24000 1.6410
0.25000 1.5725
0.26000 1.5093
0.27000 1.4508
0.28000 1.3964
0.29000 1.3458
0.30000 1.2986
0.31000 1.2544
0.32000 1.2130
0.33000 1.1741
0.34000 1.1374
0.35000 1.1029
0.36000 1.0702
0.37000 1.0393
0.38000 1.0101
0.39000 0.98231
0.40000 0.95593
0.41000 0.93083
0.42000 0.90692
0.43000 0.88412
0.44000 0.86235
0.45000 0.84155
0.46000 0.82164
0.47000 0.80258
0.48000 0.78431
0.49000 0.76678
0.50000 0.74994
0.51000 0.73377
0.52000 0.71821
0.53000 0.70323
0.54000 0.68880
0.55000 0.67490
0.56000 0.66149
0.57000 0.64854
0.58000 0.63604
0.59000 0.62395
0.60000 0.61227
0.61000 0.60096
0.62000 0.59002
0.63000 0.57942
0.64000 0.56914
0.65000 0.55918
0.66000 0.54952
0.67000 0.54014
0.68000 0.53103
0.69000 0.52218
0.70000 0.51359
0.71000 0.50523
0.72000 0.49710
0.73000 0.48918
0.74000 0.48148
0.75000 0.47398
0.76000 0.46667
0.77000 0.45955
0.78000 0.45261
0.79000 0.44584
0.80000 0.43924
0.81000 0.43279
0.82000 0.42650
0.83000 0.42035
0.84000 0.41435
0.85000 0.40849
0.86000 0.40275
0.87000 0.39715
0.88000 0.39167
0.89000 0.38631
0.90000 0.38106
0.91000 0.37592
0.92000 0.37090
0.93000 0.36597
0.94000 0.36115
0.95000 0.35642
0.96000 0.35179
0.97000 0.34725
0.98000 0.34280
0.99000 0.33844
1.0000 0.33415
1.0100 0.32995
1.0200 0.32583
1.0300 0.32178
1.0400 0.31781
1.0500 0.31390
1.0600 0.31007
1.0700 0.30630
1.0800 0.30260
1.0900 0.29897
1.1000 0.29539
1.1100 0.29187
1.1200 0.28842
1.1300 0.28501
1.1400 0.28167
1.1500 0.27837
1.1600 0.27513
1.1700 0.27194
1.1800 0.26880
1.1900 0.26571
1.2000 0.26266
1.2100 0.25966
1.2200 0.25670
1.2300 0.25379
1.2400 0.25091
1.2500 0.24808
1.2600 0.24529
1.2700 0.24253
1.2800 0.23982
1.2900 0.23713
1.3000 0.23449
1.3100 0.23188
1.3200 0.22930
1.3300 0.22676
1.3400 0.22424
1.3500 0.22176
1.3600 0.21931
1.3700 0.21689
1.3800 0.21449
1.3900 0.21213
1.4000 0.20979
1.4100 0.20747
1.4200 0.20519
1.4300 0.20292
1.4400 0.20068
1.4500 0.19847
1.4600 0.19628
1.4700 0.19410
1.4800 0.19195
1.4900 0.18982
1.5000 0.18771
1.5100 0.18562
1.5200 0.18355
1.5300 0.18149
1.5400 0.17946
1.5500 0.17744
1.5600 0.17543
1.5700 0.17344
1.5800 0.17146
1.5900 0.16950
1.6000 0.16755
1.6100 0.16561
1.6200 0.16369
1.6300 0.16177
1.6400 0.15987
1.6500 0.15797
1.6600 0.15608
1.6700 0.15421
1.6800 0.15233
1.6900 0.15046
1.7000 0.14860
1.7100 0.14674
1.7200 0.14489
1.7300 0.14303
1.7400 0.14117
1.7500 0.13932
1.7600 0.13746
1.7700 0.13559
1.7800 0.13372
1.7900 0.13184
1.8000 0.12995
1.8100 0.12805
1.8200 0.12613
1.8300 0.12419
1.8400 0.12222
1.8500 0.12023
1.8600 0.11820
1.8700 0.11613
1.8800 0.11401
1.8900 0.11182
1.9000 0.10956
1.9100 0.10720
1.9199 0.10474
1.9199 0.039698
1.9200 0.039696
1.9300 0.039533
1.9400 0.039380
1.9500 0.039235
1.9600 0.039097
1.9700 0.038966
1.9800 0.038841
1.9900 0.038722
2.0000 0.038607
2.0100 0.038498
2.0200 0.038392
2.0300 0.038290
2.0400 0.038192
2.0500 0.038097
2.0600 0.038005
2.0700 0.037916
2.0800 0.037830
2.0900 0.037746
2.1000 0.037664
2.1100 0.037585
2.1200 0.037508
2.1300 0.037433
2.1400 0.037359
2.1500 0.037288
2.1600 0.037218
2.1700 0.037150
2.1800 0.037083
2.1900 0.037018
2.2000 0.036954
2.2100 0.036892
2.2200 0.036830
2.2300 0.036770
2.2400 0.036712
2.2500 0.036654
2.2600 0.036597
2.2700 0.036542
2.2800 0.036487
2.2900 0.036434
2.3000 0.036381
2.3100 0.036329
2.3200 0.036278
2.3300 0.036228
2.3400 0.036179
2.3500 0.036130
2.3600 0.036083
2.3700 0.036036
2.3800 0.035989
2.3900 0.035944
2.4000 0.035899
2.4100 0.035854
2.4200 0.035811
2.4300 0.035768
2.4400 0.035725
2.4500 0.035683
2.4600 0.035642
2.4700 0.035601
2.4800 0.035561
2.4900 0.035521
2.5000 0.035482
2.5100 0.035443
2.5200 0.035405
2.5300 0.035367
2.5400 0.035329
2.5500 0.035292
2.5600 0.035256
2.5700 0.035220
2.5800 0.035184
2.5900 0.035149
2.6000 0.035114
2.6100 0.035079
2.6200 0.035045
2.6300 0.035011
2.6400 0.034978
2.6500 0.034945
2.6600 0.034912
2.6700 0.034879
2.6800 0.034847
2.6900 0.034815
2.7000 0.034784
2.7100 0.034753
2.7200 0.034722
2.7300 0.034691
2.7400 0.034661
2.7500 0.034631
2.7600 0.034601
2.7700 0.034572
2.7800 0.034543
2.7900 0.034514
2.8000 0.034485
2.8100 0.034457
2.8200 0.034429
2.8300 0.034401
2.8400 0.034373
2.8500 0.034346
2.8600 0.034318
2.8700 0.034291
2.8800 0.034265
2.8900 0.034238
2.9000 0.034212
2.9100 0.034186
2.9200 0.034160
2.9300 0.034134
2.9400 0.034109
2.9500 0.034083
2.9600 0.034058
2.9700 0.034033
2.9800 0.034009
2.9900 0.033984
3.0000 0.033960
3.0100 0.033935
3.0200 0.033911
3.0300 0.033888
3.0400 0.033864
3.0500 0.033841
3.0600 0.033817
3.0700 0.033794
3.0800 0.033771
3.0900 0.033748
3.1000 0.033726
3.1100 0.033703
3.1200 0.033681
3.1300 0.033659
3.1400 0.033637
3.1500 0.033615
3.1600 0.033593
3.1700 0.033571
3.1800 0.033550
3.1900 0.033528
3.2000 0.033507
3.2100 0.033486
3.2200 0.033465
3.2300 0.033445
3.2400 0.033424
3.2500 0.033403
3.2600 0.033383
3.2700 0.033363
3.2800 0.033342
3.2900 0.033322
3.3000 0.033303
3.3100 0.033283
3.3200 0.033263
3.3300 0.033243
3.3400 0.033224
3.3500 0.033205
3.3600 0.033185
3.3700 0.033166
3.3800 0.033147
3.3900 0.033128
3.4000 0.033110
3.4100 0.033091
3.4200 0.033072
3.4300 0.033054
3.4400 0.033036
3.4500 0.033017
3.4600 0.032999
3.4700 0.032981
3.4800 0.032963
3.4900 0.032945
3.5000 0.032928
3.5100 0.032910
3.5200 0.032892
3.5300 0.032875
3.5400 0.032857
3.5500 0.032840
3.5600 0.032823
3.5700 0.032806
3.5800 0.032789
3.5900 0.032772
3.6000 0.032755
3.6100 0.032738
3.6200 0.032721
3.6300 0.032705
3.6400 0.032688
3.6500 0.032672
3.6600 0.032655
3.6700 0.032639
3.6800 0.032623
3.6900 0.032607
3.7000 0.032591
3.7100 0.032575
3.7200 0.032559
3.7300 0.032543
3.7400 0.032527
3.7500 0.032511
3.7600 0.032496
3.7700 0.032480
3.7800 0.032465
3.7900 0.032449
3.8000 0.032434
3.8100 0.032419
3.8200 0.032404
3.8300 0.032388
3.8400 0.032373
3.8500 0.032358
3.8600 0.032343
3.8700 0.032329
3.8800 0.032314
3.8900 0.032299
3.9000 0.032284
3.9100 0.032270
3.9200 0.032255
3.9300 0.032241
3.9400 0.032226
3.9500 0.032212
3.9600 0.032198
3.9700 0.032184
3.9800 0.032169
3.9900 0.032155
4.0000 0.032141
4.0100 0.032127
4.0200 0.032113
4.0300 0.032099
4.0400 0.032086
4.0500 0.032072
4.0600 0.032058
4.0700 0.032044
4.0800 0.032031
4.0900 0.032017
4.1000 0.032004
4.1100 0.031990
4.1200 0.031977
4.1300 0.031964
4.1400 0.031950
4.1500 0.031937
4.1600 0.031924
4.1700 0.031911
4.1800 0.031898
4.1900 0.031885
4.2000 0.031872
4.2100 0.031859
4.2200 0.031846
4.2300 0.031833
4.2400 0.031820
4.2500 0.031808
4.2600 0.031795
4.2700 0.031782
4.2800 0.031770
4.2900 0.031757
4.3000 0.031745
4.3100 0.031732
4.3200 0.031720
4.3300 0.031707
4.3400 0.031695
4.3500 0.031683
4.3600 0.031671
4.3700 0.031659
4.3800 0.031646
4.3900 0.031634
4.4000 0.031622
4.4100 0.031610
4.4200 0.031598
4.4300 0.031586
4.4400 0.031574
4.4500 0.031563
4.4600 0.031551
4.4700 0.031539
4.4800 0.031527
4.4900 0.031516
4.5000 0.031504
4.5100 0.031492
4.5200 0.031481
4.5300 0.031469
4.5400 0.031458
4.5500 0.031446
4.5600 0.031435
4.5700 0.031424
4.5800 0.031412
4.5900 0.031401
4.6000 0.031390
4.6100 0.031378
4.6200 0.031367
4.6300 0.031356
4.6400 0.031345
4.6500 0.031334
4.6600 0.031323
4.6700 0.031312
4.6800 0.031301
4.6900 0.031290
4.7000 0.031279
4.7100 0.031268
4.7200 0.031257
4.7300 0.031247
4.7400 0.031236
4.7500 0.031225
4.7600 0.031214
4.7700 0.031204
4.7800 0.031193
4.7900 0.031183
4.8000 0.031172
4.8100 0.031161
4.8200 0.031151
4.8300 0.031141
4.8400 0.031130
4.8500 0.031120
4.8600 0.031109
4.8700 0.031099
4.8800 0.031089
4.8900 0.031078
4.9000 0.031068
4.9100 0.031058
4.9200 0.031048
4.9300 0.031038
4.9400 0.031027
4.9500 0.031017
4.9600 0.031007
4.9700 0.030997
4.9800 0.030987
4.9900 0.030977
5.0000 0.030967
5.1000 0.030869
5.1100 0.030860
5.1200 0.030850
5.1300 0.030841
5.1400 0.030831
5.1500 0.030821
5.1600 0.030812
5.1700 0.030802
5.1800 0.030793
5.1900 0.030784
5.2000 0.030774
5.2100 0.030765
5.2200 0.030755
5.2300 0.030746
5.2400 0.030737
5.2500 0.030727
5.2600 0.030718
5.2700 0.030709
5.2800 0.030700
5.2900 0.030691
5.3000 0.030681
5.3100 0.030672
5.3200 0.030663
5.3300 0.030654
5.3400 0.030645
5.3500 0.030636
5.3600 0.030627
5.3700 0.030618
5.3800 0.030609
5.3900 0.030600
5.4000 0.030591
5.4100 0.030582
5.4200 0.030573
5.4300 0.030565
5.4400 0.030556
5.4500 0.030547
5.4600 0.030538
5.4700 0.030529
5.4800 0.030521
5.4900 0.030512
5.5000 0.030503
5.5100 0.030495
5.5200 0.030486
5.5300 0.030477
5.5400 0.030469
5.5500 0.030460
5.5600 0.030452
5.5700 0.030443
5.5800 0.030434
5.5900 0.030426
5.6000 0.030417
5.6100 0.030409
5.6200 0.030401
5.6300 0.030392
5.6400 0.030384
5.6500 0.030375
5.6600 0.030367
5.6700 0.030359
5.6800 0.030350
5.6900 0.030342
5.7000 0.030334
5.7100 0.030325
5.7200 0.030317
5.7300 0.030309
5.7400 0.030301
5.7500 0.030293
5.7600 0.030284
5.7700 0.030276
5.7800 0.030268
5.7900 0.030260
5.8000 0.030252
5.8100 0.030244
5.8200 0.030236
5.8300 0.030228
5.8400 0.030220
5.8500 0.030212
5.8600 0.030204
5.8700 0.030196
5.8800 0.030188
5.8900 0.030180
5.9000 0.030172
5.9100 0.030164
5.9200 0.030156
5.9300 0.030149
5.9400 0.030141
5.9500 0.030133
5.9600 0.030125
5.9700 0.030117
5.9800 0.030110
5.9900 0.030102
6.0000 0.030094
6.0100 0.030086
6.0200 0.030079
6.0300 0.030071
6.0400 0.030063
6.0500 0.030056
6.0600 0.030048
6.0700 0.030040
6.0800 0.030033
6.0900 0.030025
6.1000 0.030018
6.1100 0.030010
6.1200 0.030003
6.1300 0.029995
6.1400 0.029988
6.1500 0.029980
6.1600 0.029973
6.1700 0.029965
6.1800 0.029958
6.1900 0.029950
6.2000 0.029943
6.2100 0.029936
6.2200 0.029928
6.2300 0.029921
6.2400 0.029914
6.2500 0.029906
6.2600 0.029899
6.2700 0.029892
6.2800 0.029884
6.2900 0.029877
6.3000 0.029870
6.3100 0.029863
6.3200 0.029855
6.3300 0.029848
6.3400 0.029841
6.3500 0.029834
6.3600 0.029827
6.3700 0.029820
6.3800 0.029812
6.3900 0.029805
6.4000 0.029798
6.4100 0.029791
6.4200 0.029784
6.4300 0.029777
6.4400 0.029770
6.4500 0.029763
6.4600 0.029756
6.4700 0.029749
6.4800 0.029742
6.4900 0.029735
6.5000 0.029728
6.5100 0.029721
6.5200 0.029714
6.5300 0.029707
6.5400 0.029700
6.5500 0.029693
6.5600 0.029687
6.5700 0.029680
6.5800 0.029673
6.5900 0.029666
6.6000 0.029659
6.6100 0.029652
6.6200 0.029646
6.6300 0.029639
6.6400 0.029632
6.6500 0.029625
6.6600 0.029619
6.6700 0.029612
6.6800 0.029605
6.6900 0.029598
6.7000 0.029592
6.7100 0.029585
6.7200 0.029578
6.7300 0.029572
6.7400 0.029565
6.7500 0.029558
6.7600 0.029552
6.7700 0.029545
6.7800 0.029539
6.7900 0.029532
6.8000 0.029525
6.8100 0.029519
6.8200 0.029512
6.8300 0.029506
6.8400 0.029499
6.8500 0.029493
6.8600 0.029486
6.8700 0.029480
6.8800 0.029473
6.8900 0.029467
6.9000 0.029460
6.9100 0.029454
6.9200 0.029448
6.9300 0.029441
6.9400 0.029435
6.9500 0.029428
6.9600 0.029422
6.9700 0.029416
6.9800 0.029409
6.9900 0.029403
7.0000 0.029397
7.0100 0.029390
7.0200 0.029384
7.0300 0.029378
7.0400 0.029371
7.0500 0.029365
7.0600 0.029359
7.0700 0.029353
7.0800 0.029346
7.0900 0.029340
7.1000 0.029334
7.1100 0.029328
7.1200 0.029322
7.1300 0.029315
7.1400 0.029309
7.1500 0.029303
7.1600 0.029297
7.1700 0.029291
7.1800 0.029285
7.1900 0.029279
7.2000 0.029272
7.2100 0.029266
7.2200 0.029260
7.2300 0.029254
7.2400 0.029248
7.2500 0.029242
7.2600 0.029236
7.2700 0.029230
7.2800 0.029224
7.2900 0.029218
7.3000 0.029212
7.3100 0.029206
7.3200 0.029200
7.3300 0.029194
7.3400 0.029188
7.3500 0.029182
7.3600 0.029176
7.3700 0.029170
7.3800 0.029164
7.3900 0.029158
7.4000 0.029152
7.4100 0.029147
7.4200 0.029141
7.4300 0.029135
7.4400 0.029129
7.4500 0.029123
7.4600 0.029117
7.4700 0.029111
7.4800 0.029106
7.4900 0.029100
7.5000 0.029094
7.5100 0.029088
7.5200 0.029082
7.5300 0.029077
7.5400 0.029071
7.5500 0.029065
7.5600 0.029059
7.5700 0.029054
7.5800 0.029048
7.5900 0.029042
7.6000 0.029036
7.6100 0.029031
7.6200 0.029025
7.6300 0.029019
7.6400 0.029014
7.6500 0.029008
7.6600 0.029002
7.6700 0.028997
7.6800 0.028991
7.6900 0.028985
7.7000 0.028980
7.7100 0.028974
7.7200 0.028969
7.7300 0.028963
7.7400 0.028957
7.7500 0.028952
7.7600 0.028946
7.7700 0.028941
7.7800 0.028935
7.7900 0.028930
7.8000 0.028924
7.8100 0.028919
7.8200 0.028913
7.8300 0.028907
7.8400 0.028902
7.8500 0.028897
7.8600 0.028891
7.8700 0.028886
7.8800 0.028880
7.8900 0.028875
7.9000 0.028869
7.9100 0.028864
7.9200 0.028858
7.9300 0.028853
7.9400 0.028847
7.9500 0.028842
7.9600 0.028837
7.9700 0.028831
7.9800 0.028826
7.9900 0.028821
8.0000 0.028815
8.0100 0.028810
8.0200 0.028804
8.0300 0.028799
8.0400 0.028794
8.0500 0.028788
8.0600 0.028783
8.0700 0.028778
8.0800 0.028773
8.0900 0.028767
8.1000 0.028762
8.1100 0.028757
8.1200 0.028751
8.1300 0.028746
8.1400 0.028741
8.1500 0.028736
8.1600 0.028730
8.1700 0.028725
8.1800 0.028720
8.1900 0.028715
8.2000 0.028710
8.2100 0.028704
8.2200 0.028699
8.2300 0.028694
8.2400 0.028689
8.2500 0.028684
8.2600 0.028678
8.2700 0.028673
8.2800 0.028668
8.2900 0.028663
8.3000 0.028658
8.3100 0.028653
8.3200 0.028648
8.3300 0.028643
8.3400 0.028637
8.3500 0.028632
8.3600 0.028627
8.3700 0.028622
8.3800 0.028617
8.3900 0.028612
8.4000 0.028607
8.4100 0.028602
8.4200 0.028597
8.4300 0.028592
8.4400 0.028587
8.4500 0.028582
8.4600 0.028577
8.4700 0.028572
8.4800 0.028567
8.4900 0.028562
8.5000 0.028557
8.5100 0.028552
8.5200 0.028547
8.5300 0.028542
8.5400 0.028537
8.5500 0.028532
8.5600 0.028527
8.5700 0.028522
8.5800 0.028517
8.5900 0.028512
8.6000 0.028507
8.6100 0.028502
8.6200 0.028498
8.6300 0.028493
8.6400 0.028488
8.6500 0.028483
8.6600 0.028478
8.6700 0.028473
8.6800 0.028468
8.6900 0.028463
8.7000 0.028459
8.7100 0.028454
8.7200 0.028449
8.7300 0.028444
8.7400 0.028439
8.7500 0.028434
8.7600 0.028430
8.7700 0.028425
8.7800 0.028420
8.7900 0.028415
8.8000 0.028410
8.8100 0.028406
8.8200 0.028401
8.8300 0.028396
8.8400 0.028391
8.8500 0.028387
8.8600 0.028382
8.8700 0.028377
8.8800 0.028372
8.8900 0.028368
8.9000 0.028363
8.9100 0.028358
8.9200 0.028353
8.9300 0.028349
8.9400 0.028344
8.9500 0.028339
8.9600 0.028335
8.9700 0.028330
8.9800 0.028325
8.9900 0.028321
9.0000 0.028316
9.0100 0.028311
9.0200 0.028307
9.0300 0.028302
9.0400 0.028297
9.0500 0.028293
9.0600 0.028288
9.0700 0.028284
9.0800 0.028279
9.0900 0.028274
9.1000 0.028270
9.1100 0.028265
9.1200 0.028261
9.1300 0.028256
9.1400 0.028251
9.1500 0.028247
9.1600 0.028242
9.1700 0.028238
9.1800 0.028233
9.1900 0.028229
9.2000 0.028224
9.2100 0.028220
9.2200 0.028215
9.2300 0.028211
9.2400 0.028206
9.2500 0.028202
9.2600 0.028197
9.2700 0.028193
9.2800 0.028188
9.2900 0.028184
9.3000 0.028179
9.3100 0.028175
9.3200 0.028170
9.3300 0.028166
9.3400 0.028161
9.3500 0.028157
9.3600 0.028152
9.3700 0.028148
9.3800 0.028143
9.3900 0.028139
9.4000 0.028135
9.4100 0.028130
9.4200 0.028126
9.4300 0.028121
9.4400 0.028117
9.4500 0.028113
9.4600 0.028108
9.4700 0.028104
9.4800 0.028099
9.4900 0.028095
9.5000 0.028091
9.5100 0.028086
9.5200 0.028082
9.5300 0.028078
9.5400 0.028073
9.5500 0.028069
9.5600 0.028064
9.5700 0.028060
9.5800 0.028056
9.5900 0.028051
9.6000 0.028047
9.6100 0.028043
9.6200 0.028039
9.6300 0.028034
9.6400 0.028030
9.6500 0.028026
9.6600 0.028021
9.6700 0.028017
9.6800 0.028013
9.6900 0.028009
9.7000 0.028004
9.7100 0.028000
9.7200 0.027996
9.7300 0.027992
9.7400 0.027987
9.7500 0.027983
9.7600 0.027979
9.7700 0.027975
9.7800 0.027970
9.7900 0.027966
9.8000 0.027962
9.8100 0.027958
9.8200 0.027953
9.8300 0.027949
9.8400 0.027945
9.8500 0.027941
9.8600 0.027937
9.8700 0.027933
9.8800 0.027928
9.8900 0.027924
9.9000 0.027920
9.9100 0.027916
9.9200 0.027912
9.9300 0.027908
9.9400 0.027903
9.9500 0.027899
9.9600 0.027895
9.9700 0.027891
9.9800 0.027887
9.9900 0.027883
10.000 0.027879
10.100 0.027838
10.110 0.027834
10.120 0.027830
10.130 0.027826
10.140 0.027821
10.150 0.027817
10.160 0.027813
10.170 0.027809
10.180 0.027805
10.190 0.027801
10.200 0.027797
10.210 0.027793
10.220 0.027789
10.230 0.027785
10.240 0.027781
10.250 0.027777
10.260 0.027773
10.270 0.027769
10.280 0.027765
10.290 0.027761
10.300 0.027757
10.310 0.027753
10.320 0.027749
10.330 0.027745
10.340 0.027741
10.350 0.027737
10.360 0.027733
10.370 0.027730
10.380 0.027726
10.390 0.027722
10.400 0.027718
10.410 0.027714
10.420 0.027710
10.430 0.027706
10.440 0.027702
10.450 0.027698
10.460 0.027694
10.470 0.027690
10.480 0.027686
10.490 0.027682
10.500 0.027679
10.510 0.027675
10.520 0.027671
10.530 0.027667
10.540 0.027663
10.550 0.027659
10.560 0.027655
10.570 0.027651
10.580 0.027648
10.590 0.027644
10.600 0.027640
10.610 0.027636
10.620 0.027632
10.630 0.027628
10.640 0.027625
10.650 0.027621
10.660 0.027617
10.670 0.027613
10.680 0.027609
10.690 0.027605
10.700 0.027602
10.710 0.027598
10.720 0.027594
10.730 0.027590
10.740 0.027586
10.750 0.027583
10.760 0.027579
10.770 0.027575
10.780 0.027571
10.790 0.027567
10.800 0.027564
10.810 0.027560
10.820 0.027556
10.830 0.027552
10.840 0.027549
10.850 0.027545
10.860 0.027541
10.870 0.027537
10.880 0.027534
10.890 0.027530
10.900 0.027526
10.910 0.027523
10.920 0.027519
10.930 0.027515
10.940 0.027511
10.950 0.027508
10.960 0.027504
10.970 0.027500
10.980 0.027497
10.990 0.027493
11.000 0.027489
11.010 0.027485
11.020 0.027482
11.030 0.027478
11.040 0.027474
11.050 0.027471
11.060 0.027467
11.070 0.027463
11.080 0.027460
11.090 0.027456
11.100 0.027452
11.110 0.027449
11.120 0.027445
11.130 0.027442
11.140 0.027438
11.150 0.027434
11.160 0.027431
11.170 0.027427
11.180 0.027423
11.190 0.027420
11.200 0.027416
11.210 0.027413
11.220 0.027409
11.230 0.027405
11.240 0.027402
11.250 0.027398
11.260 0.027395
11.270 0.027391
11.280 0.027387
11.290 0.027384
11.300 0.027380
11.310 0.027377
11.320 0.027373
11.330 0.027369
11.340 0.027366
11.350 0.027362
11.360 0.027359
11.370 0.027355
11.380 0.027352
11.390 0.027348
11.400 0.027345
11.410 0.027341
11.420 0.027337
11.430 0.027334
11.440 0.027330
11.450 0.027327
11.460 0.027323
11.470 0.027320
11.480 0.027316
11.490 0.027313
11.500 0.027309
11.510 0.027306
11.520 0.027302
11.530 0.027299
11.540 0.027295
11.550 0.027292
11.560 0.027288
11.570 0.027285
11.580 0.027281
11.590 0.027278
11.600 0.027274
11.610 0.027271
11.620 0.027267
11.630 0.027264
11.640 0.027261
11.650 0.027257
11.660 0.027254
11.670 0.027250
11.680 0.027247
11.690 0.027243
11.700 0.027240
11.710 0.027236
11.720 0.027233
11.730 0.027230
11.740 0.027226
11.750 0.027223
11.760 0.027219
11.770 0.027216
11.780 0.027212
11.790 0.027209
11.800 0.027206
11.810 0.027202
11.820 0.027199
11.830 0.027195
11.840 0.027192
11.850 0.027189
11.860 0.027185
11.870 0.027182
11.880 0.027178
11.890 0.027175
11.900 0.027172
11.910 0.027168
11.920 0.027165
11.930 0.027162
11.940 0.027158
11.950 0.027155
11.960 0.027152
11.970 0.027148
11.980 0.027145
11.990 0.027141
12.000 0.027138
12.010 0.027135
12.020 0.027131
12.030 0.027128
12.040 0.027125
12.050 0.027121
12.060 0.027118
12.070 0.027115
12.080 0.027111
12.090 0.027108
12.100 0.027105
12.110 0.027102
12.120 0.027098
12.130 0.027095
12.140 0.027092
12.150 0.027088
12.160 0.027085
12.170 0.027082
12.180 0.027078
12.190 0.027075
12.200 0.027072
12.210 0.027069
12.220 0.027065
12.230 0.027062
12.240 0.027059
12.250 0.027056
12.260 0.027052
12.270 0.027049
12.280 0.027046
12.290 0.027042
12.300 0.027039
12.310 0.027036
12.320 0.027033
12.330 0.027029
12.340 0.027026
12.350 0.027023
12.360 0.027020
12.370 0.027017
12.380 0.027013
12.390 0.027010
12.400 0.027007
12.410 0.027004
12.420 0.027000
12.430 0.026997
12.440 0.026994
12.450 0.026991
12.460 0.026988
12.470 0.026984
12.480 0.026981
12.490 0.026978
12.500 0.026975
12.510 0.026972
12.520 0.026968
12.530 0.026965
12.540 0.026962
12.550 0.026959
12.560 0.026956
12.570 0.026953
12.580 0.026949
12.590 0.026946
12.600 0.026943
12.610 0.026940
12.620 0.026937
12.630 0.026934
12.640 0.026930
12.650 0.026927
12.660 0.026924
12.670 0.026921
12.680 0.026918
12.690 0.026915
12.700 0.026911
12.710 0.026908
12.720 0.026905
12.730 0.026902
12.740 0.026899
12.750 0.026896
12.760 0.026893
12.770 0.026890
12.780 0.026886
12.790 0.026883
12.800 0.026880
12.810 0.026877
12.820 0.026874
12.830 0.026871
12.840 0.026868
12.850 0.026865
12.860 0.026862
12.870 0.026859
12.880 0.026855
12.890 0.026852
12.900 0.026849
12.910 0.026846
12.920 0.026843
12.930 0.026840
12.940 0.026837
12.950 0.026834
12.960 0.026831
12.970 0.026828
12.980 0.026825
12.990 0.026822
13.000 0.026819
13.010 0.026816
13.020 0.026812
13.030 0.026809
13.040 0.026806
13.050 0.026803
13.060 0.026800
13.070 0.026797
13.080 0.026794
13.090 0.026791
13.100 0.026788
13.110 0.026785
13.120 0.026782
13.130 0.026779
13.140 0.026776
13.150 0.026773
13.160 0.026770
13.170 0.026767
13.180 0.026764
13.190 0.026761
13.200 0.026758
13.210 0.026755
13.220 0.026752
13.230 0.026749
13.240 0.026746
13.250 0.026743
13.260 0.026740
13.270 0.026737
13.280 0.026734
13.290 0.026731
13.300 0.026728
13.310 0.026725
13.320 0.026722
13.330 0.026719
13.340 0.026716
13.350 0.026713
13.360 0.026710
13.370 0.026707
13.380 0.026704
13.390 0.026701
13.400 0.026698
13.410 0.026695
13.420 0.026692
13.430 0.026690
13.440 0.026687
13.450 0.026684
13.460 0.026681
13.470 0.026678
13.480 0.026675
13.490 0.026672
13.500 0.026669
13.510 0.026666
13.520 0.026663
13.530 0.026660
13.540 0.026657
13.550 0.026654
13.560 0.026651
13.570 0.026648
13.580 0.026646
13.590 0.026643
13.600 0.026640
13.610 0.026637
13.620 0.026634
13.630 0.026631
13.640 0.026628
13.650 0.026625
13.660 0.026622
13.670 0.026619
13.680 0.026617
13.690 0.026614
13.700 0.026611
13.710 0.026608
13.720 0.026605
13.730 0.026602
13.740 0.026599
13.750 0.026596
13.760 0.026594
13.770 0.026591
13.780 0.026588
13.790 0.026585
13.800 0.026582
13.810 0.026579
13.820 0.026576
13.830 0.026574
13.840 0.026571
13.850 0.026568
13.860 0.026565
13.870 0.026562
13.880 0.026559
13.890 0.026556
13.900 0.026554
13.910 0.026551
13.920 0.026548
13.930 0.026545
13.940 0.026542
13.950 0.026539
13.960 0.026537
13.970 0.026534
13.980 0.026531
13.990 0.026528
14.000 0.026525
14.010 0.026523
14.020 0.026520
14.030 0.026517
14.040 0.026514
14.050 0.026511
14.060 0.026508
14.070 0.026506
14.080 0.026503
14.090 0.026500
14.100 0.026497
14.110 0.026495
14.120 0.026492
14.130 0.026489
14.140 0.026486
14.150 0.026483
14.160 0.026481
14.170 0.026478
14.180 0.026475
14.190 0.026472
14.200 0.026469
14.210 0.026467
14.220 0.026464
14.230 0.026461
14.240 0.026458
14.250 0.026456
14.260 0.026453
14.270 0.026450
14.280 0.026447
14.290 0.026445
14.300 0.026442
14.310 0.026439
14.320 0.026436
14.330 0.026434
14.340 0.026431
14.350 0.026428
14.360 0.026425
14.370 0.026423
14.380 0.026420
14.390 0.026417
14.400 0.026414
14.410 0.026412
14.420 0.026409
14.430 0.026406
14.440 0.026404
14.450 0.026401
14.460 0.026398
14.470 0.026395
14.480 0.026393
14.490 0.026390
14.500 0.026387
14.510 0.026385
14.520 0.026382
14.530 0.026379
14.540 0.026376
14.550 0.026374
14.560 0.026371
14.570 0.026368
14.580 0.026366
14.590 0.026363
14.600 0.026360
14.610 0.026358
14.620 0.026355
14.630 0.026352
14.640 0.026350
14.650 0.026347
14.660 0.026344
14.670 0.026342
14.680 0.026339
14.690 0.026336
14.700 0.026334
14.710 0.026331
14.720 0.026328
14.730 0.026326
14.740 0.026323
14.750 0.026320
14.760 0.026318
14.770 0.026315
14.780 0.026312
14.790 0.026310
14.800 0.026307
14.810 0.026304
14.820 0.026302
14.830 0.026299
14.840 0.026296
14.850 0.026294
14.860 0.026291
14.870 0.026288
14.880 0.026286
14.890 0.026283
14.900 0.026281
14.910 0.026278
14.920 0.026275
14.930 0.026273
14.940 0.026270
14.950 0.026267
14.960 0.026265
14.970 0.026262
14.980 0.026260
14.990 0.026257
15.000 0.026254
15.100 0.026228
15.110 0.026226
15.120 0.026223
15.130 0.026221
15.140 0.026218
15.150 0.026215
15.160 0.026213
15.170 0.026210
15.180 0.026208
15.190 0.026205
15.200 0.026203
15.210 0.026200
15.220 0.026197
15.230 0.026195
15.240 0.026192
15.250 0.026190
15.260 0.026187
15.270 0.026185
15.280 0.026182
15.290 0.026180
15.300 0.026177
15.310 0.026174
15.320 0.026172
15.330 0.026169
15.340 0.026167
15.350 0.026164
15.360 0.026162
15.370 0.026159
15.380 0.026157
15.390 0.026154
15.400 0.026152
15.410 0.026149
15.420 0.026146
15.430 0.026144
15.440 0.026141
15.450 0.026139
15.460 0.026136
15.470 0.026134
15.480 0.026131
15.490 0.026129
15.500 0.026126
15.510 0.026124
15.520 0.026121
15.530 0.026119
15.540 0.026116
15.550 0.026114
15.560 0.026111
15.570 0.026109
15.580 0.026106
15.590 0.026104
15.600 0.026101
15.610 0.026099
15.620 0.026096
15.630 0.026094
15.640 0.026091
15.650 0.026089
15.660 0.026086
15.670 0.026084
15.680 0.026081
15.690 0.026079
15.700 0.026076
15.710 0.026074
15.720 0.026071
15.730 0.026069
15.740 0.026066
15.750 0.026064
15.760 0.026061
15.770 0.026059
15.780 0.026056
15.790 0.026054
15.800 0.026052
15.810 0.026049
15.820 0.026047
15.830 0.026044
15.840 0.026042
15.850 0.026039
15.860 0.026037
15.870 0.026034
15.880 0.026032
15.890 0.026029
15.900 0.026027
15.910 0.026025
15.920 0.026022
15.930 0.026020
15.940 0.026017
15.950 0.026015
15.960 0.026012
15.970 0.026010
15.980 0.026007
15.990 0.026005
16.000 0.026003
16.010 0.026000
16.020 0.025998
16.030 0.025995
16.040 0.025993
16.050 0.025990
16.060 0.025988
16.070 0.025986
16.080 0.025983
16.090 0.025981
16.100 0.025978
16.110 0.025976
16.120 0.025974
16.130 0.025971
16.140 0.025969
16.150 0.025966
16.160 0.025964
16.170 0.025962
16.180 0.025959
16.190 0.025957
16.200 0.025954
16.210 0.025952
16.220 0.025950
16.230 0.025947
16.240 0.025945
16.250 0.025942
16.260 0.025940
16.270 0.025938
16.280 0.025935
16.290 0.025933
16.300 0.025930
16.310 0.025928
16.320 0.025926
16.330 0.025923
16.340 0.025921
16.350 0.025919
16.360 0.025916
16.370 0.025914
16.380 0.025911
16.390 0.025909
16.400 0.025907
16.410 0.025904
16.420 0.025902
16.430 0.025900
16.440 0.025897
16.450 0.025895
16.460 0.025893
16.470 0.025890
16.480 0.025888
16.490 0.025885
16.500 0.025883
16.510 0.025881
16.520 0.025878
16.530 0.025876
16.540 0.025874
16.550 0.025871
16.560 0.025869
16.570 0.025867
16.580 0.025864
16.590 0.025862
16.600 0.025860
16.610 0.025857
16.620 0.025855
16.630 0.025853
16.640 0.025850
16.650 0.025848
16.660 0.025846
16.670 0.025843
16.680 0.025841
16.690 0.025839
16.700 0.025836
16.710 0.025834
16.720 0.025832
16.730 0.025829
16.740 0.025827
16.750 0.025825
16.760 0.025823
16.770 0.025820
16.780 0.025818
16.790 0.025816
16.800 0.025813
16.810 0.025811
16.820 0.025809
16.830 0.025806
16.840 0.025804
16.850 0.025802
16.860 0.025799
16.870 0.025797
16.880 0.025795
16.890 0.025793
16.900 0.025790
16.910 0.025788
16.920 0.025786
16.930 0.025783
16.940 0.025781
16.950 0.025779
16.960 0.025777
16.970 0.025774
16.980 0.025772
16.990 0.025770
17.000 0.025767
17.010 0.025765
17.020 0.025763
17.030 0.025761
17.040 0.025758
17.050 0.025756
17.060 0.025754
17.070 0.025752
17.080 0.025749
17.090 0.025747
17.100 0.025745
17.110 0.025743
17.120 0.025740
17.130 0.025738
17.140 0.025736
17.150 0.025734
17.160 0.025731
17.170 0.025729
17.180 0.025727
17.190 0.025725
17.200 0.025722
17.210 0.025720
17.220 0.025718
17.230 0.025716
17.240 0.025713
17.250 0.025711
17.260 0.025709
17.270 0.025707
17.280 0.025704
17.290 0.025702
17.300 0.025700
17.310 0.025698
17.320 0.025695
17.330 0.025693
17.340 0.025691
17.350 0.025689
17.360 0.025686
17.370 0.025684
17.380 0.025682
17.390 0.025680
17.400 0.025678
17.410 0.025675
17.420 0.025673
17.430 0.025671
17.440 0.025669
17.450 0.025667
17.460 0.025664
17.470 0.025662
17.480 0.025660
17.490 0.025658
17.500 0.025655
17.510 0.025653
17.520 0.025651
17.530 0.025649
17.540 0.025647
17.550 0.025644
17.560 0.025642
17.570 0.025640
17.580 0.025638
17.590 0.025636
17.600 0.025634
17.610 0.025631
17.620 0.025629
17.630 0.025627
17.640 0.025625
17.650 0.025623
17.660 0.025620
17.670 0.025618
17.680 0.025616
17.690 0.025614
17.700 0.025612
17.710 0.025609
17.720 0.025607
17.730 0.025605
17.740 0.025603
17.750 0.025601
17.760 0.025599
17.770 0.025596
17.780 0.025594
17.790 0.025592
17.800 0.025590
17.810 0.025588
17.820 0.025586
17.830 0.025583
17.840 0.025581
17.850 0.025579
17.860 0.025577
17.870 0.025575
17.880 0.025573
17.890 0.025571
17.900 0.025568
17.910 0.025566
17.920 0.025564
17.930 0.025562
17.940 0.025560
17.950 0.025558
17.960 0.025556
17.970 0.025553
17.980 0.025551
17.990 0.025549
18.000 0.025547
18.010 0.025545
18.020 0.025543
18.030 0.025541
18.040 0.025538
18.050 0.025536
18.060 0.025534
18.070 0.025532
18.080 0.025530
18.090 0.025528
18.100 0.025526
18.110 0.025523
18.120 0.025521
18.130 0.025519
18.140 0.025517
18.150 0.025515
18.160 0.025513
18.170 0.025511
18.180 0.025509
18.190 0.025507
18.200 0.025504
18.210 0.025502
18.220 0.025500
18.230 0.025498
18.240 0.025496
18.250 0.025494
18.260 0.025492
18.270 0.025490
18.280 0.025488
18.290 0.025485
18.300 0.025483
18.310 0.025481
18.320 0.025479
18.330 0.025477
18.340 0.025475
18.350 0.025473
18.360 0.025471
18.370 0.025469
18.380 0.025467
18.390 0.025465
18.400 0.025462
18.410 0.025460
18.420 0.025458
18.430 0.025456
18.440 0.025454
18.450 0.025452
18.460 0.025450
18.470 0.025448
18.480 0.025446
18.490 0.025444
18.500 0.025442
18.510 0.025440
18.520 0.025437
18.530 0.025435
18.540 0.025433
18.550 0.025431
18.560 0.025429
18.570 0.025427
18.580 0.025425
18.590 0.025423
18.600 0.025421
18.610 0.025419
18.620 0.025417
18.630 0.025415
18.640 0.025413
18.650 0.025411
18.660 0.025409
18.670 0.025407
18.680 0.025404
18.690 0.025402
18.700 0.025400
18.710 0.025398
18.720 0.025396
18.730 0.025394
18.740 0.025392
18.750 0.025390
18.760 0.025388
18.770 0.025386
18.780 0.025384
18.790 0.025382
18.800 0.025380
18.810 0.025378
18.820 0.025376
18.830 0.025374
18.840 0.025372
18.850 0.025370
18.860 0.025368
18.870 0.025366
18.880 0.025364
18.890 0.025362
18.900 0.025360
18.910 0.025358
18.920 0.025355
18.930 0.025353
18.940 0.025351
18.950 0.025349
18.960 0.025347
18.970 0.025345
18.980 0.025343
18.990 0.025341
19.000 0.025339
19.010 0.025337
19.020 0.025335
19.030 0.025333
19.040 0.025331
19.050 0.025329
19.060 0.025327
19.070 0.025325
19.080 0.025323
19.090 0.025321
19.100 0.025319
19.110 0.025317
19.120 0.025315
19.130 0.025313
19.140 0.025311
19.150 0.025309
19.160 0.025307
19.170 0.025305
19.180 0.025303
19.190 0.025301
19.200 0.025299
19.210 0.025297
19.220 0.025295
19.230 0.025293
19.240 0.025291
19.250 0.025289
19.260 0.025287
19.270 0.025285
19.280 0.025283
19.290 0.025281
19.300 0.025279
19.310 0.025277
19.320 0.025275
19.330 0.025273
19.340 0.025271
19.350 0.025269
19.360 0.025267
19.370 0.025265
19.380 0.025264
19.390 0.025262
19.400 0.025260
19.410 0.025258
19.420 0.025256
19.430 0.025254
19.440 0.025252
19.450 0.025250
19.460 0.025248
19.470 0.025246
19.480 0.025244
19.490 0.025242
19.500 0.025240
19.510 0.025238
19.520 0.025236
19.530 0.025234
19.540 0.025232
19.550 0.025230
19.560 0.025228
19.570 0.025226
19.580 0.025224
19.590 0.025222
19.600 0.025220
19.610 0.025218
19.620 0.025216
19.630 0.025215
19.640 0.025213
19.650 0.025211
19.660 0.025209
19.670 0.025207
19.680 0.025205
19.690 0.025203
19.700 0.025201
19.710 0.025199
19.720 0.025197
19.730 0.025195
19.740 0.025193
19.750 0.025191
19.760 0.025189
19.770 0.025187
19.780 0.025185
19.790 0.025184
19.800 0.025182
19.810 0.025180
19.820 0.025178
19.830 0.025176
19.840 0.025174
19.850 0.025172
19.860 0.025170
19.870 0.025168
19.880 0.025166
19.890 0.025164
19.900 0.025162
19.910 0.025160
19.920 0.025159
19.930 0.025157
19.940 0.025155
19.950 0.025153
19.960 0.025151
19.970 0.025149
19.980 0.025147
19.990 0.025145
20.000 0.025143
20.100 0.025124
20.110 0.025122
20.120 0.025120
20.130 0.025119
20.140 0.025117
20.150 0.025115
20.160 0.025113
20.170 0.025111
20.180 0.025109
20.190 0.025107
20.200 0.025105
20.210 0.025103
20.220 0.025102
20.230 0.025100
20.240 0.025098
20.250 0.025096
20.260 0.025094
20.270 0.025092
20.280 0.025090
20.290 0.025088
20.300 0.025086
20.310 0.025085
20.320 0.025083
20.330 0.025081
20.340 0.025079
20.350 0.025077
20.360 0.025075
20.370 0.025073
20.380 0.025071
20.390 0.025070
20.400 0.025068
20.410 0.025066
20.420 0.025064
20.430 0.025062
20.440 0.025060
20.450 0.025058
20.460 0.025057
20.470 0.025055
20.480 0.025053
20.490 0.025051
20.500 0.025049
20.510 0.025047
20.520 0.025045
20.530 0.025044
20.540 0.025042
20.550 0.025040
20.560 0.025038
20.570 0.025036
20.580 0.025034
20.590 0.025032
20.600 0.025031
20.610 0.025029
20.620 0.025027
20.630 0.025025
20.640 0.025023
20.650 0.025021
20.660 0.025020
20.670 0.025018
20.680 0.025016
20.690 0.025014
20.700 0.025012
20.710 0.025010
20.720 0.025008
20.730 0.025007
20.740 0.025005
20.750 0.025003
20.760 0.025001
20.770 0.024999
20.780 0.024997
20.790 0.024996
20.800 0.024994
20.810 0.024992
20.820 0.024990
20.830 0.024988
20.840 0.024987
20.850 0.024985
20.860 0.024983
20.870 0.024981
20.880 0.024979
20.890 0.024977
20.900 0.024976
20.910 0.024974
20.920 0.024972
20.930 0.024970
20.940 0.024968
20.950 0.024967
20.960 0.024965
20.970 0.024963
20.980 0.024961
20.990 0.024959
21.000 0.024957
21.010 0.024956
21.020 0.024954
21.030 0.024952
21.040 0.024950
21.050 0.024948
21.060 0.024947
21.070 0.024945
21.080 0.024943
21.090 0.024941
21.100 0.024939
21.110 0.024938
21.120 0.024936
21.130 0.024934
21.140 0.024932
21.150 0.024930
21.160 0.024929
21.170 0.024927
21.180 0.024925
21.190 0.024923
21.200 0.024921
21.210 0.024920
21.220 0.024918
21.230 0.024916
21.240 0.024914
21.250 0.024912
21.260 0.024911
21.270 0.024909
21.280 0.024907
21.290 0.024905
21.300 0.024904
21.310 0.024902
21.320 0.024900
21.330 0.024898
21.340 0.024896
21.350 0.024895
21.360 0.024893
21.370 0.024891
21.380 0.024889
21.390 0.024888
21.400 0.024886
21.410 0.024884
21.420 0.024882
21.430 0.024880
21.440 0.024879
21.450 0.024877
21.460 0.024875
21.470 0.024873
21.480 0.024872
21.490 0.024870
21.500 0.024868
21.510 0.024866
21.520 0.024865
21.530 0.024863
21.540 0.024861
21.550 0.024859
21.560 0.024858
21.570 0.024856
21.580 0.024854
21.590 0.024852
21.600 0.024851
21.610 0.024849
21.620 0.024847
21.630 0.024845
21.640 0.024843
21.650 0.024842
21.660 0.024840
21.670 0.024838
21.680 0.024836
21.690 0.024835
21.700 0.024833
21.710 0.024831
21.720 0.024830
21.730 0.024828
21.740 0.024826
21.750 0.024824
21.760 0.024823
21.770 0.024821
21.780 0.024819
21.790 0.024817
21.800 0.024816
21.810 0.024814
21.820 0.024812
21.830 0.024810
21.840 0.024809
21.850 0.024807
21.860 0.024805
21.870 0.024803
21.880 0.024802
21.890 0.024800
21.900 0.024798
21.910 0.024797
21.920 0.024795
21.930 0.024793
21.940 0.024791
21.950 0.024790
21.960 0.024788
21.970 0.024786
21.980 0.024784
21.990 0.024783
22.000 0.024781
22.010 0.024779
22.020 0.024778
22.030 0.024776
22.040 0.024774
22.050 0.024772
22.060 0.024771
22.070 0.024769
22.080 0.024767
22.090 0.024766
22.100 0.024764
22.110 0.024762
22.120 0.024760
22.130 0.024759
22.140 0.024757
22.150 0.024755
22.160 0.024754
22.170 0.024752
22.180 0.024750
22.190 0.024748
22.200 0.024747
22.210 0.024745
22.220 0.024743
22.230 0.024742
22.240 0.024740
22.250 0.024738
22.260 0.024737
22.270 0.024735
22.280 0.024733
22.290 0.024731
22.300 0.024730
22.310 0.024728
22.320 0.024726
22.330 0.024725
22.340 0.024723
22.350 0.024721
22.360 0.024720
22.370 0.024718
22.380 0.024716
22.390 0.024714
22.400 0.024713
22.410 0.024711
22.420 0.024709
22.430 0.024708
22.440 0.024706
22.450 0.024704
22.460 0.024703
22.470 0.024701
22.480 0.024699
22.490 0.024698
22.500 0.024696
22.510 0.024694
22.520 0.024693
22.530 0.024691
22.540 0.024689
22.550 0.024688
22.560 0.024686
22.570 0.024684
22.580 0.024683
22.590 0.024681
22.600 0.024679
22.610 0.024678
22.620 0.024676
22.630 0.024674
22.640 0.024673
22.650 0.024671
22.660 0.024669
22.670 0.024668
22.680 0.024666
22.690 0.024664
22.700 0.024663
22.710 0.024661
22.720 0.024659
22.730 0.024658
22.740 0.024656
22.750 0.024654
22.760 0.024653
22.770 0.024651
22.780 0.024649
22.790 0.024648
22.800 0.024646
22.810 0.024644
22.820 0.024643
22.830 0.024641
22.840 0.024639
22.850 0.024638
22.860 0.024636
22.870 0.024634
22.880 0.024633
22.890 0.024631
22.900 0.024629
22.910 0.024628
22.920 0.024626
22.930 0.024624
22.940 0.024623
22.950 0.024621
22.960 0.024620
22.970 0.024618
22.980 0.024616
22.990 0.024615
23.000 0.024613
23.010 0.024611
23.020 0.024610
23.030 0.024608
23.040 0.024606
23.050 0.024605
23.060 0.024603
23.070 0.024602
23.080 0.024600
23.090 0.024598
23.100 0.024597
23.110 0.024595
23.120 0.024593
23.130 0.024592
23.140 0.024590
23.150 0.024588
23.160 0.024587
23.170 0.024585
23.180 0.024584
23.190 0.024582
23.200 0.024580
23.210 0.024579
23.220 0.024577
23.230 0.024575
23.240 0.024574
23.250 0.024572
23.260 0.024571
23.270 0.024569
23.280 0.024567
23.290 0.024566
23.300 0.024564
23.310 0.024562
23.320 0.024561
23.330 0.024559
23.340 0.024558
23.350 0.024556
23.360 0.024554
23.370 0.024553
23.380 0.024551
23.390 0.024550
23.400 0.024548
23.410 0.024546
23.420 0.024545
23.430 0.024543
23.440 0.024542
23.450 0.024540
23.460 0.024538
23.470 0.024537
23.480 0.024535
23.490 0.024533
23.500 0.024532
23.510 0.024530
23.520 0.024529
23.530 0.024527
23.540 0.024525
23.550 0.024524
23.560 0.024522
23.570 0.024521
23.580 0.024519
23.590 0.024517
23.600 0.024516
23.610 0.024514
23.620 0.024513
23.630 0.024511
23.640 0.024510
23.650 0.024508
23.660 0.024506
23.670 0.024505
23.680 0.024503
23.690 0.024502
23.700 0.024500
23.710 0.024498
23.720 0.024497
23.730 0.024495
23.740 0.024494
23.750 0.024492
23.760 0.024490
23.770 0.024489
23.780 0.024487
23.790 0.024486
23.800 0.024484
23.810 0.024483
23.820 0.024481
23.830 0.024479
23.840 0.024478
23.850 0.024476
23.860 0.024475
23.870 0.024473
23.880 0.024472
23.890 0.024470
23.900 0.024468
23.910 0.024467
23.920 0.024465
23.930 0.024464
23.940 0.024462
23.950 0.024461
23.960 0.024459
23.970 0.024457
23.980 0.024456
23.990 0.024454
24.000 0.024453
24.010 0.024451
24.020 0.024450
24.030 0.024448
24.040 0.024446
24.050 0.024445
24.060 0.024443
24.070 0.024442
24.080 0.024440
24.090 0.024439
24.100 0.024437
24.110 0.024435
24.120 0.024434
24.130 0.024432
24.140 0.024431
24.150 0.024429
24.160 0.024428
24.170 0.024426
24.180 0.024425
24.190 0.024423
24.200 0.024421
24.210 0.024420
24.220 0.024418
24.230 0.024417
24.240 0.024415
24.250 0.024414
24.260 0.024412
24.270 0.024411
24.280 0.024409
24.290 0.024408
24.300 0.024406
24.310 0.024404
24.320 0.024403
24.330 0.024401
24.340 0.024400
24.350 0.024398
24.360 0.024397
24.370 0.024395
24.380 0.024394
24.390 0.024392
24.400 0.024391
24.410 0.024389
24.420 0.024387
24.430 0.024386
24.440 0.024384
24.450 0.024383
24.460 0.024381
24.470 0.024380
24.480 0.024378
24.490 0.024377
24.500 0.024375
24.510 0.024374
24.520 0.024372
24.530 0.024371
24.540 0.024369
24.550 0.024368
24.560 0.024366
24.570 0.024364
24.580 0.024363
24.590 0.024361
24.600 0.024360
24.610 0.024358
24.620 0.024357
24.630 0.024355
24.640 0.024354
24.650 0.024352
24.660 0.024351
24.670 0.024349
24.680 0.024348
24.690 0.024346
24.700 0.024345
24.710 0.024343
24.720 0.024342
24.730 0.024340
24.740 0.024339
24.750 0.024337
24.760 0.024336
24.770 0.024334
24.780 0.024333
24.790 0.024331
24.800 0.024330
24.810 0.024328
24.820 0.024326
24.830 0.024325
24.840 0.024323
24.850 0.024322
24.860 0.024320
24.870 0.024319
24.880 0.024317
24.890 0.024316
24.900 0.024314
24.910 0.024313
24.920 0.024311
24.930 0.024310
24.940 0.024308
24.950 0.024307
24.960 0.024305
24.970 0.024304
24.980 0.024302
24.990 0.024301
25.000 0.024299
25.100 0.024284
25.110 0.024283
25.120 0.024281
25.130 0.024280
25.140 0.024278
25.150 0.024277
25.160 0.024275
25.170 0.024274
25.180 0.024273
25.190 0.024271
25.200 0.024270
25.210 0.024268
25.220 0.024267
25.230 0.024265
25.240 0.024264
25.250 0.024262
25.260 0.024261
25.270 0.024259
25.280 0.024258
25.290 0.024256
25.300 0.024255
25.310 0.024253
25.320 0.024252
25.330 0.024250
25.340 0.024249
25.350 0.024247
25.360 0.024246
25.370 0.024244
25.380 0.024243
25.390 0.024241
25.400 0.024240
25.410 0.024238
25.420 0.024237
25.430 0.024236
25.440 0.024234
25.450 0.024233
25.460 0.024231
25.470 0.024230
25.480 0.024228
25.490 0.024227
25.500 0.024225
25.510 0.024224
25.520 0.024222
25.530 0.024221
25.540 0.024219
25.550 0.024218
25.560 0.024216
25.570 0.024215
25.580 0.024213
25.590 0.024212
25.600 0.024211
25.610 0.024209
25.620 0.024208
25.630 0.024206
25.640 0.024205
25.650 0.024203
25.660 0.024202
25.670 0.024200
25.680 0.024199
25.690 0.024197
25.700 0.024196
25.710 0.024195
25.720 0.024193
25.730 0.024192
25.740 0.024190
25.750 0.024189
25.760 0.024187
25.770 0.024186
25.780 0.024184
25.790 0.024183
25.800 0.024181
25.810 0.024180
25.820 0.024179
25.830 0.024177
25.840 0.024176
25.850 0.024174
25.860 0.024173
25.870 0.024171
25.880 0.024170
25.890 0.024168
25.900 0.024167
25.910 0.024166
25.920 0.024164
25.930 0.024163
25.940 0.024161
25.950 0.024160
25.960 0.024158
25.970 0.024157
25.980 0.024155
25.990 0.024154
26.000 0.024153
26.010 0.024151
26.020 0.024150
26.030 0.024148
26.040 0.024147
26.050 0.024145
26.060 0.024144
26.070 0.024143
26.080 0.024141
26.090 0.024140
26.100 0.024138
26.110 0.024137
26.120 0.024135
26.130 0.024134
26.140 0.024133
26.150 0.024131
26.160 0.024130
26.170 0.024128
26.180 0.024127
26.190 0.024125
26.200 0.024124
26.210 0.024123
26.220 0.024121
26.230 0.024120
26.240 0.024118
26.250 0.024117
26.260 0.024115
26.270 0.024114
26.280 0.024113
26.290 0.024111
26.300 0.024110
26.310 0.024108
26.320 0.024107
26.330 0.024105
26.340 0.024104
26.350 0.024103
26.360 0.024101
26.370 0.024100
26.380 0.024098
26.390 0.024097
26.400 0.024096
26.410 0.024094
26.420 0.024093
26.430 0.024091
26.440 0.024090
26.450 0.024089
26.460 0.024087
26.470 0.024086
26.480 0.024084
26.490 0.024083
26.500 0.024081
26.510 0.024080
26.520 0.024079
26.530 0.024077
26.540 0.024076
26.550 0.024074
26.560 0.024073
26.570 0.024072
26.580 0.024070
26.590 0.024069
26.600 0.024067
26.610 0.024066
26.620 0.024065
26.630 0.024063
26.640 0.024062
26.650 0.024060
26.660 0.024059
26.670 0.024058
26.680 0.024056
26.690 0.024055
26.700 0.024053
26.710 0.024052
26.720 0.024051
26.730 0.024049
26.740 0.024048
26.750 0.024046
26.760 0.024045
26.770 0.024044
26.780 0.024042
26.790 0.024041
26.800 0.024039
26.810 0.024038
26.820 0.024037
26.830 0.024035
26.840 0.024034
26.850 0.024033
26.860 0.024031
26.870 0.024030
26.880 0.024028
26.890 0.024027
26.900 0.024026
26.910 0.024024
26.920 0.024023
26.930 0.024021
26.940 0.024020
26.950 0.024019
26.960 0.024017
26.970 0.024016
26.980 0.024015
26.990 0.024013
27.000 0.024012
27.010 0.024010
27.020 0.024009
27.030 0.024008
27.040 0.024006
27.050 0.024005
27.060 0.024003
27.070 0.024002
27.080 0.024001
27.090 0.023999
27.100 0.023998
27.110 0.023997
27.120 0.023995
27.130 0.023994
27.140 0.023992
27.150 0.023991
27.160 0.023990
27.170 0.023988
27.180 0.023987
27.190 0.023986
27.200 0.023984
27.210 0.023983
27.220 0.023982
27.230 0.023980
27.240 0.023979
27.250 0.023977
27.260 0.023976
27.270 0.023975
27.280 0.023973
27.290 0.023972
27.300 0.023971
27.310 0.023969
27.320 0.023968
27.330 0.023967
27.340 0.023965
27.350 0.023964
27.360 0.023962
27.370 0.023961
27.380 0.023960
27.390 0.023958
27.400 0.023957
27.410 0.023956
27.420 0.023954
27.430 0.023953
27.440 0.023952
27.450 0.023950
27.460 0.023949
27.470 0.023947
27.480 0.023946
27.490 0.023945
27.500 0.023943
27.510 0.023942
27.520 0.023941
27.530 0.023939
27.540 0.023938
27.550 0.023937
27.560 0.023935
27.570 0.023934
27.580 0.023933
27.590 0.023931
27.600 0.023930
27.610 0.023929
27.620 0.023927
27.630 0.023926
27.640 0.023925
27.650 0.023923
27.660 0.023922
27.670 0.023921
27.680 0.023919
27.690 0.023918
27.700 0.023916
27.710 0.023915
27.720 0.023914
27.730 0.023912
27.740 0.023911
27.750 0.023910
27.760 0.023908
27.770 0.023907
27.780 0.023906
27.790 0.023904
27.800 0.023903
27.810 0.023902
27.820 0.023900
27.830 0.023899
27.840 0.023898
27.850 0.023896
27.860 0.023895
27.870 0.023894
27.880 0.023892
27.890 0.023891
27.900 0.023890
27.910 0.023888
27.920 0.023887
27.930 0.023886
27.940 0.023884
27.950 0.023883
27.960 0.023882
27.970 0.023880
27.980 0.023879
27.990 0.023878
28.000 0.023876
28.010 0.023875
28.020 0.023874
28.030 0.023872
28.040 0.023871
28.050 0.023870
28.060 0.023868
28.070 0.023867
28.080 0.023866
28.090 0.023865
28.100 0.023863
28.110 0.023862
28.120 0.023861
28.130 0.023859
28.140 0.023858
28.150 0.023857
28.160 0.023855
28.170 0.023854
28.180 0.023853
28.190 0.023851
28.200 0.023850
28.210 0.023849
28.220 0.023847
28.230 0.023846
28.240 0.023845
28.250 0.023843
28.260 0.023842
28.270 0.023841
28.280 0.023839
28.290 0.023838
28.300 0.023837
28.310 0.023836
28.320 0.023834
28.330 0.023833
28.340 0.023832
28.350 0.023830
28.360 0.023829
28.370 0.023828
28.380 0.023826
28.390 0.023825
28.400 0.023824
28.410 0.023822
28.420 0.023821
28.430 0.023820
28.440 0.023819
28.450 0.023817
28.460 0.023816
28.470 0.023815
28.480 0.023813
28.490 0.023812
28.500 0.023811
28.510 0.023809
28.520 0.023808
28.530 0.023807
28.540 0.023806
28.550 0.023804
28.560 0.023803
28.570 0.023802
28.580 0.023800
28.590 0.023799
28.600 0.023798
28.610 0.023796
28.620 0.023795
28.630 0.023794
28.640 0.023793
28.650 0.023791
28.660 0.023790
28.670 0.023789
28.680 0.023787
28.690 0.023786
28.700 0.023785
28.710 0.023783
28.720 0.023782
28.730 0.023781
28.740 0.023780
28.750 0.023778
28.760 0.023777
28.770 0.023776
28.780 0.023774
28.790 0.023773
28.800 0.023772
28.810 0.023771
28.820 0.023769
28.830 0.023768
28.840 0.023767
28.850 0.023765
28.860 0.023764
28.870 0.023763
28.880 0.023762
28.890 0.023760
28.900 0.023759
28.910 0.023758
28.920 0.023756
28.930 0.023755
28.940 0.023754
28.950 0.023753
28.960 0.023751
28.970 0.023750
28.980 0.023749
28.990 0.023748
29.000 0.023746
29.010 0.023745
29.020 0.023744
29.030 0.023742
29.040 0.023741
29.050 0.023740
29.060 0.023739
29.070 0.023737
29.080 0.023736
29.090 0.023735
29.100 0.023733
29.110 0.023732
29.120 0.023731
29.130 0.023730
29.140 0.023728
29.150 0.023727
29.160 0.023726
29.170 0.023725
29.180 0.023723
29.190 0.023722
29.200 0.023721
29.210 0.023720
29.220 0.023718
29.230 0.023717
29.240 0.023716
29.250 0.023714
29.260 0.023713
29.270 0.023712
29.280 0.023711
29.290 0.023709
29.300 0.023708
29.310 0.023707
29.320 0.023706
29.330 0.023704
29.340 0.023703
29.350 0.023702
29.360 0.023701
29.370 0.023699
29.380 0.023698
29.390 0.023697
29.400 0.023696
29.410 0.023694
29.420 0.023693
29.430 0.023692
29.440 0.023690
29.450 0.023689
29.460 0.023688
29.470 0.023687
29.480 0.023685
29.490 0.023684
29.500 0.023683
29.510 0.023682
29.520 0.023680
29.530 0.023679
29.540 0.023678
29.550 0.023677
29.560 0.023675
29.570 0.023674
29.580 0.023673
29.590 0.023672
29.600 0.023670
29.610 0.023669
29.620 0.023668
29.630 0.023667
29.640 0.023665
29.650 0.023664
29.660 0.023663
29.670 0.023662
29.680 0.023660
29.690 0.023659
29.700 0.023658
29.710 0.023657
29.720 0.023655
29.730 0.023654
29.740 0.023653
29.750 0.023652
29.760 0.023650
29.770 0.023649
29.780 0.023648
29.790 0.023647
29.800 0.023646
29.810 0.023644
29.820 0.023643
29.830 0.023642
29.840 0.023641
29.850 0.023639
29.860 0.023638
29.870 0.023637
29.880 0.023636
29.890 0.023634
29.900 0.023633
29.910 0.023632
29.920 0.023631
29.930 0.023629
29.940 0.023628
29.950 0.023627
29.960 0.023626
29.970 0.023624
29.980 0.023623
29.990 0.023622
30.000 0.023621
