0.10000 98.467 0.100137658951
0.11000 89.516 0.110151424846
0.12000 82.056 0.120165190741
0.13000 75.744 0.130178956637
0.14000 70.334 0.140192722532
0.15000 65.645 0.150206488427
0.16000 61.542 0.160220254322
0.17000 57.922 0.170234020217
0.18000 54.704 0.180247786112
0.19000 51.825 0.190261552007
0.20000 49.234 0.200275317902
0.21000 46.889 0.210289083798
0.22000 44.758 0.220302849693
0.23000 42.812 0.230316615588
0.24000 41.028 0.240330381483
0.25000 39.387 0.250344147378
0.26000 37.872 0.260357913273
0.27000 36.470 0.270371679168
0.28000 35.167 0.280385445063
0.29000 33.954 0.290399210959
0.30000 32.823 0.300412976854
0.31000 31.764 0.310426742749
0.32000 30.771 0.320440508644
0.33000 29.839 0.330454274539
0.34000 28.961 0.340468040434
0.35000 28.134 0.350481806329
0.36000 27.352 0.360495572224
0.37000 26.613 0.37050933812
0.38000 25.913 0.380523104015
0.39000 25.248 0.39053686991
0.40000 24.617 0.400550635805
0.41000 24.017 0.4105644017
0.42000 23.445 0.420578167595
0.43000 22.900 0.43059193349
0.44000 22.379 0.440605699385
0.45000 21.882 0.45061946528
0.46000 21.406 0.460633231176
0.47000 20.951 0.470646997071
0.48000 20.514 0.480660762966
0.49000 20.095 0.490674528861
0.50000 19.694 0.500688294756
0.51000 19.307 0.510702060651
0.52000 18.936 0.520715826546
0.53000 18.579 0.530729592441
0.54000 18.235 0.540743358337
0.55000 17.903 0.550757124232
0.56000 17.584 0.560770890127
0.57000 17.275 0.570784656022
0.58000 16.977 0.580798421917
0.59000 16.690 0.590812187812
0.60000 16.411 0.600825953707
0.61000 16.142 0.610839719602
0.62000 15.882 0.620853485498
0.63000 15.630 0.630867251393
0.64000 15.386 0.640881017288
0.65000 15.149 0.650894783183
0.66000 14.919 0.660908549078
0.67000 14.697 0.670922314973
0.68000 14.481 0.680936080868
0.69000 14.271 0.690949846763
0.70000 14.067 0.700963612659
0.71000 13.869 0.710977378554
0.72000 13.676 0.720991144449
0.73000 13.489 0.731004910344
0.74000 13.307 0.741018676239
0.75000 13.129 0.751032442134
0.76000 12.956 0.761046208029
0.77000 12.788 0.771059973924
0.78000 12.624 0.781073739819
0.79000 12.464 0.791087505715
0.80000 12.309 0.80110127161
0.81000 12.157 0.811115037505
0.82000 12.008 0.8211288034
0.83000 11.864 0.831142569295
0.84000 11.722 0.84115633519
0.85000 11.585 0.851170101085
0.86000 11.450 0.86118386698
0.87000 11.318 0.871197632876
0.88000 11.190 0.881211398771
0.89000 11.064 0.891225164666
0.90000 10.941 0.901238930561
0.91000 10.821 0.911252696456
0.92000 10.703 0.921266462351
0.93000 10.588 0.931280228246
0.94000 10.475 0.941293994141
0.95000 10.365 0.951307760037
0.96000 10.257 0.961321525932
0.97000 10.151 0.971335291827
0.98000 10.048 0.981349057722
0.99000 9.9463 0.991362823617
1.0000 9.8469 1.00137658951
1.0100 9.7494 1.01139035541
1.0200 9.6538 1.0214041213
1.0300 9.5601 1.0314178872
1.0400 9.4681 1.04143165309
1.0500 9.3780 1.05144541899
1.0600 9.2895 1.06145918488
1.0700 9.2027 1.07147295078
1.0800 9.1175 1.08148671667
1.0900 9.0338 1.09150048257
1.1000 8.9517 1.10151424846
1.1100 8.8711 1.11152801436
1.1200 8.7919 1.12154178025
1.1300 8.7141 1.13155554615
1.1400 8.6376 1.14156931204
1.1500 8.5625 1.15158307794
1.1600 8.4887 1.16159684383
1.1700 8.4161 1.17161060973
1.1800 8.3448 1.18162437562
1.1900 8.2747 1.19163814152
1.2000 8.2057 1.20165190741
1.2100 8.1379 1.21166567331
1.2200 8.0712 1.2216794392
1.2300 8.0056 1.2316932051
1.2400 7.9410 1.241706971
1.2500 7.8775 1.25172073689
1.2600 7.8150 1.26173450279
1.2700 7.7535 1.27174826868
1.2800 7.6929 1.28176203458
1.2900 7.6333 1.29177580047
1.3000 7.5745 1.30178956637
1.3100 7.5167 1.31180333226
1.3200 7.4598 1.32181709816
1.3300 7.4037 1.33183086405
1.3400 7.3484 1.34184462995
1.3500 7.2940 1.35185839584
1.3600 7.2404 1.36187216174
1.3700 7.1875 1.37188592763
1.3800 7.1355 1.38189969353
1.3900 7.0841 1.39191345942
1.4000 7.0335 1.40192722532
1.4100 6.9836 1.41194099121
1.4200 6.9345 1.42195475711
1.4300 6.8860 1.431968523
1.4400 6.8381 1.4419822889
1.4500 6.7910 1.45199605479
1.4600 6.7445 1.46200982069
1.4700 6.6986 1.47202358658
1.4800 6.6533 1.48203735248
1.4900 6.6087 1.49205111837
1.5000 6.5646 1.50206488427
1.5100 6.5212 1.51207865016
1.5200 6.4783 1.52209241606
1.5300 6.4359 1.53210618195
1.5400 6.3941 1.54211994785
1.5500 6.3529 1.55213371374
1.5600 6.3122 1.56214747964
1.5700 6.2719 1.57216124553
1.5800 6.2323 1.58217501143
1.5900 6.1931 1.59218877732
1.6000 6.1544 1.60220254322
1.6100 6.1161 1.61221630911
1.6200 6.0784 1.62223007501
1.6300 6.0411 1.6322438409
1.6400 6.0042 1.6422576068
1.6500 5.9679 1.6522713727
1.6600 5.9319 1.66228513859
1.6700 5.8964 1.67229890449
1.6800 5.8613 1.68231267038
1.6900 5.8266 1.69232643628
1.7000 5.7923 1.70234020217
1.7100 5.7585 1.71235396807
1.7200 5.7250 1.72236773396
1.7300 5.6919 1.73238149986
1.7400 5.6592 1.74239526575
1.7500 5.6269 1.75240903165
1.7600 5.5949 1.76242279754
1.7700 5.5633 1.77243656344
1.7800 5.5320 1.78245032933
1.7900 5.5011 1.79246409523
1.8000 5.4706 1.80247786112
1.8100 5.4403 1.81249162702
1.8200 5.4104 1.82250539291
1.8300 5.3809 1.83251915881
1.8400 5.3516 1.8425329247
1.8500 5.3227 1.8525466906
1.8600 5.2941 1.86256045649
1.8700 5.2658 1.87257422239
1.8800 5.2378 1.88258798828
1.8900 5.2101 1.89260175418
1.9000 5.1826 1.90261552007
1.9100 5.1555 1.91262928597
1.9200 5.1287 1.92264305186
1.9300 5.1021 1.93265681776
1.9400 5.0758 1.94267058365
1.9500 5.0498 1.95268434955
1.9600 5.0240 1.96269811544
1.9700 4.9985 1.97271188134
1.9800 4.9732 1.98272564723
1.9900 4.9483 1.99273941313
2.0000 4.9235 2.00275317902
2.0100 4.8990 2.01276694492
2.0200 4.8748 2.02278071081
2.0300 4.8508 2.03279447671
2.0400 4.8270 2.0428082426
2.0500 4.8034 2.0528220085
2.0600 4.7801 2.0628357744
2.0700 4.7570 2.07284954029
2.0800 4.7342 2.08286330619
2.0900 4.7115 2.09287707208
2.1000 4.6891 2.10289083798
2.1100 4.6669 2.11290460387
2.1200 4.6448 2.12291836977
2.1300 4.6230 2.13293213566
2.1400 4.6014 2.14294590156
2.1500 4.5800 2.15295966745
2.1600 4.5588 2.16297343335
2.1700 4.5378 2.17298719924
2.1800 4.5170 2.18300096514
2.1900 4.4964 2.19301473103
2.2000 4.4759 2.20302849693
2.2100 4.4557 2.21304226282
2.2200 4.4356 2.22305602872
2.2300 4.4157 2.23306979461
2.2400 4.3960 2.24308356051
2.2500 4.3765 2.2530973264
2.2600 4.3571 2.2631110923
2.2700 4.3379 2.27312485819
2.2800 4.3189 2.28313862409
2.2900 4.3000 2.29315238998
2.3000 4.2813 2.30316615588
2.3100 4.2628 2.31317992177
2.3200 4.2444 2.32319368767
2.3300 4.2262 2.33320745356
2.3400 4.2082 2.34322121946
2.3500 4.1903 2.35323498535
2.3600 4.1725 2.36324875125
2.3700 4.1549 2.37326251714
2.3800 4.1374 2.38327628304
2.3900 4.1201 2.39329004893
2.4000 4.1030 2.40330381483
2.4100 4.0859 2.41331758072
2.4200 4.0691 2.42333134662
2.4300 4.0523 2.43334511251
2.4400 4.0357 2.44335887841
2.4500 4.0192 2.4533726443
2.4600 4.0029 2.4633864102
2.4700 3.9867 2.4734001761
2.4800 3.9706 2.48341394199
2.4900 3.9547 2.49342770789
2.5000 3.9389 2.50344147378
2.5100 3.9232 2.51345523968
2.5200 3.9076 2.52346900557
2.5300 3.8922 2.53348277147
2.5400 3.8768 2.54349653736
2.5500 3.8616 2.55351030326
2.5600 3.8465 2.56352406915
2.5700 3.8316 2.57353783505
2.5800 3.8167 2.58355160094
2.5900 3.8020 2.59356536684
2.6000 3.7874 2.60357913273
2.6100 3.7729 2.61359289863
2.6200 3.7585 2.62360666452
2.6300 3.7442 2.63362043042
2.6400 3.7300 2.64363419631
2.6500 3.7159 2.65364796221
2.6600 3.7019 2.6636617281
2.6700 3.6881 2.673675494
2.6800 3.6743 2.68368925989
2.6900 3.6607 2.69370302579
2.7000 3.6471 2.70371679168
2.7100 3.6336 2.71373055758
2.7200 3.6203 2.72374432347
2.7300 3.6070 2.73375808937
2.7400 3.5939 2.74377185526
2.7500 3.5808 2.75378562116
2.7600 3.5678 2.76379938705
2.7700 3.5549 2.77381315295
2.7800 3.5422 2.78382691884
2.7900 3.5295 2.79384068474
2.8000 3.5169 2.80385445063
2.8100 3.5043 2.81386821653
2.8200 3.4919 2.82388198242
2.8300 3.4796 2.83389574832
2.8400 3.4673 2.84390951421
2.8500 3.4552 2.85392328011
2.8600 3.4431 2.863937046
2.8700 3.4311 2.8739508119
2.8800 3.4192 2.8839645778
2.8900 3.4073 2.89397834369
2.9000 3.3956 2.90399210959
2.9100 3.3839 2.91400587548
2.9200 3.3723 2.92401964138
2.9300 3.3608 2.93403340727
2.9400 3.3494 2.94404717317
2.9500 3.3380 2.95406093906
2.9600 3.3268 2.96407470496
2.9700 3.3156 2.97408847085
2.9800 3.3044 2.98410223675
2.9900 3.2934 2.99411600264
3.0000 3.2824 3.00412976854
3.0100 3.2715 3.01414353443
3.0200 3.2607 3.02415730033
3.0300 3.2499 3.03417106622
3.0400 3.2392 3.04418483212
3.0500 3.2286 3.05419859801
3.0600 3.2181 3.06421236391
3.0700 3.2076 3.0742261298
3.0800 3.1972 3.0842398957
3.0900 3.1868 3.09425366159
3.1000 3.1765 3.10426742749
3.1100 3.1663 3.11428119338
3.1200 3.1562 3.12429495928
3.1300 3.1461 3.13430872517
3.1400 3.1361 3.14432249107
3.1500 3.1261 3.15433625696
3.1600 3.1162 3.16435002286
3.1700 3.1064 3.17436378875
3.1800 3.0966 3.18437755465
3.1900 3.0869 3.19439132054
3.2000 3.0773 3.20440508644
3.2100 3.0677 3.21441885233
3.2200 3.0582 3.22443261823
3.2300 3.0487 3.23444638412
3.2400 3.0393 3.24446015002
3.2500 3.0299 3.25447391591
3.2600 3.0207 3.26448768181
3.2700 3.0114 3.2745014477
3.2800 3.0022 3.2845152136
3.2900 2.9931 3.2945289795
3.3000 2.9840 3.30454274539
3.3100 2.9750 3.31455651129
3.3200 2.9661 3.32457027718
3.3300 2.9572 3.33458404308
3.3400 2.9483 3.34459780897
3.3500 2.9395 3.35461157487
3.3600 2.9308 3.36462534076
3.3700 2.9221 3.37463910666
3.3800 2.9134 3.38465287255
3.3900 2.9048 3.39466663845
3.4000 2.8963 3.40468040434
3.4100 2.8878 3.41469417024
3.4200 2.8793 3.42470793613
3.4300 2.8710 3.43472170203
3.4400 2.8626 3.44473546792
3.4500 2.8543 3.45474923382
3.4600 2.8461 3.46476299971
3.4700 2.8379 3.47477676561
3.4800 2.8297 3.4847905315
3.4900 2.8216 3.4948042974
3.5000 2.8135 3.50481806329
3.5100 2.8055 3.51483182919
3.5200 2.7976 3.52484559508
3.5300 2.7896 3.53485936098
3.5400 2.7818 3.54487312687
3.5500 2.7739 3.55488689277
3.5600 2.7661 3.56490065866
3.5700 2.7584 3.57491442456
3.5800 2.7507 3.58492819045
3.5900 2.7430 3.59494195635
3.6000 2.7354 3.60495572224
3.6100 2.7278 3.61496948814
3.6200 2.7203 3.62498325403
3.6300 2.7128 3.63499701993
3.6400 2.7053 3.64501078582
3.6500 2.6979 3.65502455172
3.6600 2.6906 3.66503831761
3.6700 2.6832 3.67505208351
3.6800 2.6759 3.6850658494
3.6900 2.6687 3.6950796153
3.7000 2.6615 3.7050933812
3.7100 2.6543 3.71510714709
3.7200 2.6472 3.72512091299
3.7300 2.6401 3.73513467888
3.7400 2.6330 3.74514844478
3.7500 2.6260 3.75516221067
3.7600 2.6190 3.76517597657
3.7700 2.6121 3.77518974246
3.7800 2.6051 3.78520350836
3.7900 2.5983 3.79521727425
3.8000 2.5914 3.80523104015
3.8100 2.5846 3.81524480604
3.8200 2.5779 3.82525857194
3.8300 2.5711 3.83527233783
3.8400 2.5644 3.84528610373
3.8500 2.5578 3.85529986962
3.8600 2.5512 3.86531363552
3.8700 2.5446 3.87532740141
3.8800 2.5380 3.88534116731
3.8900 2.5315 3.8953549332
3.9000 2.5250 3.9053686991
3.9100 2.5185 3.91538246499
3.9200 2.5121 3.92539623089
3.9300 2.5057 3.93540999678
3.9400 2.4994 3.94542376268
3.9500 2.4930 3.95543752857
3.9600 2.4867 3.96545129447
3.9700 2.4805 3.97546506036
3.9800 2.4743 3.98547882626
3.9900 2.4681 3.99549259215
4.0000 2.4619 4.00550635805
4.0100 2.4557 4.01552012394
4.0200 2.4496 4.02553388984
4.0300 2.4436 4.03554765573
4.0400 2.4375 4.04556142163
4.0500 2.4315 4.05557518752
4.0600 2.4255 4.06558895342
4.0700 2.4195 4.07560271931
4.0800 2.4136 4.08561648521
4.0900 2.4077 4.0956302511
4.1000 2.4018 4.105644017
4.1100 2.3960 4.1156577829
4.1200 2.3902 4.12567154879
4.1300 2.3844 4.13568531469
4.1400 2.3786 4.14569908058
4.1500 2.3729 4.15571284648
4.1600 2.3672 4.16572661237
4.1700 2.3615 4.17574037827
4.1800 2.3559 4.18575414416
4.1900 2.3503 4.19576791006
4.2000 2.3447 4.20578167595
4.2100 2.3391 4.21579544185
4.2200 2.3336 4.22580920774
4.2300 2.3280 4.23582297364
4.2400 2.3225 4.24583673953
4.2500 2.3171 4.25585050543
4.2600 2.3116 4.26586427132
4.2700 2.3062 4.27587803722
4.2800 2.3008 4.28589180311
4.2900 2.2955 4.29590556901
4.3000 2.2901 4.3059193349
4.3100 2.2848 4.3159331008
4.3200 2.2795 4.32594686669
4.3300 2.2743 4.33596063259
4.3400 2.2690 4.34597439848
4.3500 2.2638 4.35598816438
4.3600 2.2586 4.36600193027
4.3700 2.2535 4.37601569617
4.3800 2.2483 4.38602946206
4.3900 2.2432 4.39604322796
4.4000 2.2381 4.40605699385
4.4100 2.2330 4.41607075975
4.4200 2.2280 4.42608452564
4.4300 2.2229 4.43609829154
4.4400 2.2179 4.44611205743
4.4500 2.2130 4.45612582333
4.4600 2.2080 4.46613958922
4.4700 2.2031 4.47615335512
4.4800 2.1981 4.48616712101
4.4900 2.1932 4.49618088691
4.5000 2.1884 4.5061946528
4.5100 2.1835 4.5162084187
4.5200 2.1787 4.5262221846
4.5300 2.1739 4.53623595049
4.5400 2.1691 4.54624971639
4.5500 2.1643 4.55626348228
4.5600 2.1596 4.56627724818
4.5700 2.1549 4.57629101407
4.5800 2.1502 4.58630477997
4.5900 2.1455 4.59631854586
4.6000 2.1408 4.60633231176
4.6100 2.1362 4.61634607765
4.6200 2.1315 4.62635984355
4.6300 2.1269 4.63637360944
4.6400 2.1224 4.64638737534
4.6500 2.1178 4.65640114123
4.6600 2.1132 4.66641490713
4.6700 2.1087 4.67642867302
4.6800 2.1042 4.68644243892
4.6900 2.0997 4.69645620481
4.7000 2.0953 4.70646997071
4.7100 2.0908 4.7164837366
4.7200 2.0864 4.7264975025
4.7300 2.0820 4.73651126839
4.7400 2.0776 4.74652503429
4.7500 2.0732 4.75653880018
4.7600 2.0689 4.76655256608
4.7700 2.0645 4.77656633197
4.7800 2.0602 4.78658009787
4.7900 2.0559 4.79659386376
4.8000 2.0516 4.80660762966
4.8100 2.0474 4.81662139555
4.8200 2.0431 4.82663516145
4.8300 2.0389 4.83664892734
4.8400 2.0347 4.84666269324
4.8500 2.0305 4.85667645913
4.8600 2.0263 4.86669022503
4.8700 2.0221 4.87670399092
4.8800 2.0180 4.88671775682
4.8900 2.0139 4.89673152271
4.9000 2.0098 4.90674528861
4.9100 2.0057 4.9167590545
4.9200 2.0016 4.9267728204
4.9300 1.9975 4.93678658629
4.9400 1.9935 4.94680035219
4.9500 1.9895 4.95681411809
4.9600 1.9855 4.96682788398
4.9700 1.9815 4.97684164988
4.9800 1.9775 4.98685541577
4.9900 1.9735 4.99686918167
5.0000 1.9696 5.00688294756
5.1000 1.9310 5.10702060651
5.1100 1.9272 5.11703437241
5.1200 1.9234 5.1270481383
5.1300 1.9197 5.1370619042
5.1400 1.9159 5.14707567009
5.1500 1.9122 5.15708943599
5.1600 1.9085 5.16710320188
5.1700 1.9048 5.17711696778
5.1800 1.9011 5.18713073367
5.1900 1.8975 5.19714449957
5.2000 1.8938 5.20715826546
5.2100 1.8902 5.21717203136
5.2200 1.8866 5.22718579725
5.2300 1.8830 5.23719956315
5.2400 1.8794 5.24721332904
5.2500 1.8758 5.25722709494
5.2600 1.8722 5.26724086083
5.2700 1.8687 5.27725462673
5.2800 1.8651 5.28726839262
5.2900 1.8616 5.29728215852
5.3000 1.8581 5.30729592441
5.3100 1.8546 5.31730969031
5.3200 1.8511 5.3273234562
5.3300 1.8476 5.3373372221
5.3400 1.8442 5.34735098799
5.3500 1.8407 5.35736475389
5.3600 1.8373 5.36737851979
5.3700 1.8339 5.37739228568
5.3800 1.8305 5.38740605158
5.3900 1.8271 5.39741981747
5.4000 1.8237 5.40743358337
5.4100 1.8203 5.41744734926
5.4200 1.8170 5.42746111516
5.4300 1.8136 5.43747488105
5.4400 1.8103 5.44748864695
5.4500 1.8070 5.45750241284
5.4600 1.8037 5.46751617874
5.4700 1.8004 5.47752994463
5.4800 1.7971 5.48754371053
5.4900 1.7938 5.49755747642
5.5000 1.7906 5.50757124232
5.5100 1.7873 5.51758500821
5.5200 1.7841 5.52759877411
5.5300 1.7808 5.53761254
5.5400 1.7776 5.5476263059
5.5500 1.7744 5.55764007179
5.5600 1.7712 5.56765383769
5.5700 1.7681 5.57766760358
5.5800 1.7649 5.58768136948
5.5900 1.7617 5.59769513537
5.6000 1.7586 5.60770890127
5.6100 1.7554 5.61772266716
5.6200 1.7523 5.62773643306
5.6300 1.7492 5.63775019895
5.6400 1.7461 5.64776396485
5.6500 1.7430 5.65777773074
5.6600 1.7399 5.66779149664
5.6700 1.7369 5.67780526253
5.6800 1.7338 5.68781902843
5.6900 1.7308 5.69783279432
5.7000 1.7277 5.70784656022
5.7100 1.7247 5.71786032611
5.7200 1.7217 5.72787409201
5.7300 1.7187 5.7378878579
5.7400 1.7157 5.7479016238
5.7500 1.7127 5.75791538969
5.7600 1.7097 5.76792915559
5.7700 1.7068 5.77794292149
5.7800 1.7038 5.78795668738
5.7900 1.7009 5.79797045328
5.8000 1.6980 5.80798421917
5.8100 1.6950 5.81799798507
5.8200 1.6921 5.82801175096
5.8300 1.6892 5.83802551686
5.8400 1.6863 5.84803928275
5.8500 1.6834 5.85805304865
5.8600 1.6806 5.86806681454
5.8700 1.6777 5.87808058044
5.8800 1.6749 5.88809434633
5.8900 1.6720 5.89810811223
5.9000 1.6692 5.90812187812
5.9100 1.6664 5.91813564402
5.9200 1.6635 5.92814940991
5.9300 1.6607 5.93816317581
5.9400 1.6579 5.9481769417
5.9500 1.6552 5.9581907076
5.9600 1.6524 5.96820447349
5.9700 1.6496 5.97821823939
5.9800 1.6469 5.98823200528
5.9900 1.6441 5.99824577118
6.0000 1.6414 6.00825953707
6.0100 1.6386 6.01827330297
6.0200 1.6359 6.02828706886
6.0300 1.6332 6.03830083476
6.0400 1.6305 6.04831460065
6.0500 1.6278 6.05832836655
6.0600 1.6251 6.06834213244
6.0700 1.6224 6.07835589834
6.0800 1.6198 6.08836966423
6.0900 1.6171 6.09838343013
6.1000 1.6145 6.10839719602
6.1100 1.6118 6.11841096192
6.1200 1.6092 6.12842472781
6.1300 1.6066 6.13843849371
6.1400 1.6040 6.1484522596
6.1500 1.6013 6.1584660255
6.1600 1.5987 6.16847979139
6.1700 1.5962 6.17849355729
6.1800 1.5936 6.18850732319
6.1900 1.5910 6.19852108908
6.2000 1.5884 6.20853485498
6.2100 1.5859 6.21854862087
6.2200 1.5833 6.22856238677
6.2300 1.5808 6.23857615266
6.2400 1.5783 6.24858991856
6.2500 1.5757 6.25860368445
6.2600 1.5732 6.26861745035
6.2700 1.5707 6.27863121624
6.2800 1.5682 6.28864498214
6.2900 1.5657 6.29865874803
6.3000 1.5632 6.30867251393
6.3100 1.5608 6.31868627982
6.3200 1.5583 6.32870004572
6.3300 1.5558 6.33871381161
6.3400 1.5534 6.34872757751
6.3500 1.5509 6.3587413434
6.3600 1.5485 6.3687551093
6.3700 1.5461 6.37876887519
6.3800 1.5436 6.38878264109
6.3900 1.5412 6.39879640698
6.4000 1.5388 6.40881017288
6.4100 1.5364 6.41882393877
6.4200 1.5340 6.42883770467
6.4300 1.5316 6.43885147056
6.4400 1.5293 6.44886523646
6.4500 1.5269 6.45887900235
6.4600 1.5245 6.46889276825
6.4700 1.5222 6.47890653414
6.4800 1.5198 6.48892030004
6.4900 1.5175 6.49893406593
6.5000 1.5151 6.50894783183
6.5100 1.5128 6.51896159772
6.5200 1.5105 6.52897536362
6.5300 1.5082 6.53898912951
6.5400 1.5059 6.54900289541
6.5500 1.5036 6.5590166613
6.5600 1.5013 6.5690304272
6.5700 1.4990 6.57904419309
6.5800 1.4967 6.58905795899
6.5900 1.4945 6.59907172489
6.6000 1.4922 6.60908549078
6.6100 1.4899 6.61909925668
6.6200 1.4877 6.62911302257
6.6300 1.4854 6.63912678847
6.6400 1.4832 6.64914055436
6.6500 1.4810 6.65915432026
6.6600 1.4788 6.66916808615
6.6700 1.4765 6.67918185205
6.6800 1.4743 6.68919561794
6.6900 1.4721 6.69920938384
6.7000 1.4699 6.70922314973
6.7100 1.4677 6.71923691563
6.7200 1.4656 6.72925068152
6.7300 1.4634 6.73926444742
6.7400 1.4612 6.74927821331
6.7500 1.4590 6.75929197921
6.7600 1.4569 6.7693057451
6.7700 1.4547 6.779319511
6.7800 1.4526 6.78933327689
6.7900 1.4504 6.79934704279
6.8000 1.4483 6.80936080868
6.8100 1.4462 6.81937457458
6.8200 1.4441 6.82938834047
6.8300 1.4420 6.83940210637
6.8400 1.4398 6.84941587226
6.8500 1.4377 6.85942963816
6.8600 1.4357 6.86944340405
6.8700 1.4336 6.87945716995
6.8800 1.4315 6.88947093584
6.8900 1.4294 6.89948470174
6.9000 1.4273 6.90949846763
6.9100 1.4253 6.91951223353
6.9200 1.4232 6.92952599942
6.9300 1.4212 6.93953976532
6.9400 1.4191 6.94955353121
6.9500 1.4171 6.95956729711
6.9600 1.4150 6.969581063
6.9700 1.4130 6.9795948289
6.9800 1.4110 6.98960859479
6.9900 1.4090 6.99962236069
7.0000 1.4069 7.00963612659
7.0100 1.4049 7.01964989248
7.0200 1.4029 7.02966365838
7.0300 1.4009 7.03967742427
7.0400 1.3990 7.04969119017
7.0500 1.3970 7.05970495606
7.0600 1.3950 7.06971872196
7.0700 1.3930 7.07973248785
7.0800 1.3911 7.08974625375
7.0900 1.3891 7.09976001964
7.1000 1.3871 7.10977378554
7.1100 1.3852 7.11978755143
7.1200 1.3832 7.12980131733
7.1300 1.3813 7.13981508322
7.1400 1.3794 7.14982884912
7.1500 1.3774 7.15984261501
7.1600 1.3755 7.16985638091
7.1700 1.3736 7.1798701468
7.1800 1.3717 7.1898839127
7.1900 1.3698 7.19989767859
7.2000 1.3679 7.20991144449
7.2100 1.3660 7.21992521038
7.2200 1.3641 7.22993897628
7.2300 1.3622 7.23995274217
7.2400 1.3603 7.24996650807
7.2500 1.3584 7.25998027396
7.2600 1.3566 7.26999403986
7.2700 1.3547 7.28000780575
7.2800 1.3529 7.29002157165
7.2900 1.3510 7.30003533754
7.3000 1.3491 7.31004910344
7.3100 1.3473 7.32006286933
7.3200 1.3455 7.33007663523
7.3300 1.3436 7.34009040112
7.3400 1.3418 7.35010416702
7.3500 1.3400 7.36011793291
7.3600 1.3382 7.37013169881
7.3700 1.3363 7.3801454647
7.3800 1.3345 7.3901592306
7.3900 1.3327 7.40017299649
7.4000 1.3309 7.41018676239
7.4100 1.3291 7.42020052829
7.4200 1.3273 7.43021429418
7.4300 1.3256 7.44022806008
7.4400 1.3238 7.45024182597
7.4500 1.3220 7.46025559187
7.4600 1.3202 7.47026935776
7.4700 1.3185 7.48028312366
7.4800 1.3167 7.49029688955
7.4900 1.3149 7.50031065545
7.5000 1.3132 7.51032442134
7.5100 1.3114 7.52033818724
7.5200 1.3097 7.53035195313
7.5300 1.3080 7.54036571903
7.5400 1.3062 7.55037948492
7.5500 1.3045 7.56039325082
7.5600 1.3028 7.57040701671
7.5700 1.3010 7.58042078261
7.5800 1.2993 7.5904345485
7.5900 1.2976 7.6004483144
7.6000 1.2959 7.61046208029
7.6100 1.2942 7.62047584619
7.6200 1.2925 7.63048961208
7.6300 1.2908 7.64050337798
7.6400 1.2891 7.65051714387
7.6500 1.2874 7.66053090977
7.6600 1.2858 7.67054467566
7.6700 1.2841 7.68055844156
7.6800 1.2824 7.69057220745
7.6900 1.2807 7.70058597335
7.7000 1.2791 7.71059973924
7.7100 1.2774 7.72061350514
7.7200 1.2758 7.73062727103
7.7300 1.2741 7.74064103693
7.7400 1.2725 7.75065480282
7.7500 1.2708 7.76066856872
7.7600 1.2692 7.77068233461
7.7700 1.2676 7.78069610051
7.7800 1.2659 7.7907098664
7.7900 1.2643 7.8007236323
7.8000 1.2627 7.81073739819
7.8100 1.2611 7.82075116409
7.8200 1.2595 7.83076492999
7.8300 1.2579 7.84077869588
7.8400 1.2563 7.85079246178
7.8500 1.2547 7.86080622767
7.8600 1.2531 7.87081999357
7.8700 1.2515 7.88083375946
7.8800 1.2499 7.89084752536
7.8900 1.2483 7.90086129125
7.9000 1.2467 7.91087505715
7.9100 1.2451 7.92088882304
7.9200 1.2436 7.93090258894
7.9300 1.2420 7.94091635483
7.9400 1.2404 7.95093012073
7.9500 1.2389 7.96094388662
7.9600 1.2373 7.97095765252
7.9700 1.2358 7.98097141841
7.9800 1.2342 7.99098518431
7.9900 1.2327 8.0009989502
8.0000 1.2311 8.0110127161
8.0100 1.2296 8.02102648199
8.0200 1.2281 8.03104024789
8.0300 1.2265 8.04105401378
8.0400 1.2250 8.05106777968
8.0500 1.2235 8.06108154557
8.0600 1.2220 8.07109531147
8.0700 1.2205 8.08110907736
8.0800 1.2190 8.09112284326
8.0900 1.2174 8.10113660915
8.1000 1.2159 8.11115037505
8.1100 1.2144 8.12116414094
8.1200 1.2130 8.13117790684
8.1300 1.2115 8.14119167273
8.1400 1.2100 8.15120543863
8.1500 1.2085 8.16121920452
8.1600 1.2070 8.17123297042
8.1700 1.2055 8.18124673631
8.1800 1.2041 8.19126050221
8.1900 1.2026 8.2012742681
8.2000 1.2011 8.211288034
8.2100 1.1997 8.22130179989
8.2200 1.1982 8.23131556579
8.2300 1.1967 8.24132933169
8.2400 1.1953 8.25134309758
8.2500 1.1938 8.26135686348
8.2600 1.1924 8.27137062937
8.2700 1.1910 8.28138439527
8.2800 1.1895 8.29139816116
8.2900 1.1881 8.30141192706
8.3000 1.1867 8.31142569295
8.3100 1.1852 8.32143945885
8.3200 1.1838 8.33145322474
8.3300 1.1824 8.34146699064
8.3400 1.1810 8.35148075653
8.3500 1.1796 8.36149452243
8.3600 1.1781 8.37150828832
8.3700 1.1767 8.38152205422
8.3800 1.1753 8.39153582011
8.3900 1.1739 8.40154958601
8.4000 1.1725 8.4115633519
8.4100 1.1711 8.4215771178
8.4200 1.1698 8.43159088369
8.4300 1.1684 8.44160464959
8.4400 1.1670 8.45161841548
8.4500 1.1656 8.46163218138
8.4600 1.1642 8.47164594727
8.4700 1.1629 8.48165971317
8.4800 1.1615 8.49167347906
8.4900 1.1601 8.50168724496
8.5000 1.1587 8.51170101085
8.5100 1.1574 8.52171477675
8.5200 1.1560 8.53172854264
8.5300 1.1547 8.54174230854
8.5400 1.1533 8.55175607443
8.5500 1.1520 8.56176984033
8.5600 1.1506 8.57178360622
8.5700 1.1493 8.58179737212
8.5800 1.1479 8.59181113801
8.5900 1.1466 8.60182490391
8.6000 1.1453 8.6118386698
8.6100 1.1440 8.6218524357
8.6200 1.1426 8.63186620159
8.6300 1.1413 8.64187996749
8.6400 1.1400 8.65189373339
8.6500 1.1387 8.66190749928
8.6600 1.1373 8.67192126518
8.6700 1.1360 8.68193503107
8.6800 1.1347 8.69194879697
8.6900 1.1334 8.70196256286
8.7000 1.1321 8.71197632876
8.7100 1.1308 8.72199009465
8.7200 1.1295 8.73200386055
8.7300 1.1282 8.74201762644
8.7400 1.1269 8.75203139234
8.7500 1.1257 8.76204515823
8.7600 1.1244 8.77205892413
8.7700 1.1231 8.78207269002
8.7800 1.1218 8.79208645592
8.7900 1.1205 8.80210022181
8.8000 1.1193 8.81211398771
8.8100 1.1180 8.8221277536
8.8200 1.1167 8.8321415195
8.8300 1.1155 8.84215528539
8.8400 1.1142 8.85216905129
8.8500 1.1129 8.86218281718
8.8600 1.1117 8.87219658308
8.8700 1.1104 8.88221034897
8.8800 1.1092 8.89222411487
8.8900 1.1079 8.90223788076
8.9000 1.1067 8.91225164666
8.9100 1.1055 8.92226541255
8.9200 1.1042 8.93227917845
8.9300 1.1030 8.94229294434
8.9400 1.1017 8.95230671024
8.9500 1.1005 8.96232047613
8.9600 1.0993 8.97233424203
8.9700 1.0981 8.98234800792
8.9800 1.0968 8.99236177382
8.9900 1.0956 9.00237553971
9.0000 1.0944 9.01238930561
9.0100 1.0932 9.0224030715
9.0200 1.0920 9.0324168374
9.0300 1.0908 9.04243060329
9.0400 1.0896 9.05244436919
9.0500 1.0884 9.06245813509
9.0600 1.0872 9.07247190098
9.0700 1.0860 9.08248566688
9.0800 1.0848 9.09249943277
9.0900 1.0836 9.10251319867
9.1000 1.0824 9.11252696456
9.1100 1.0812 9.12254073046
9.1200 1.0800 9.13255449635
9.1300 1.0788 9.14256826225
9.1400 1.0776 9.15258202814
9.1500 1.0765 9.16259579404
9.1600 1.0753 9.17260955993
9.1700 1.0741 9.18262332583
9.1800 1.0730 9.19263709172
9.1900 1.0718 9.20265085762
9.2000 1.0706 9.21266462351
9.2100 1.0695 9.22267838941
9.2200 1.0683 9.2326921553
9.2300 1.0671 9.2427059212
9.2400 1.0660 9.25271968709
9.2500 1.0648 9.26273345299
9.2600 1.0637 9.27274721888
9.2700 1.0625 9.28276098478
9.2800 1.0614 9.29277475067
9.2900 1.0603 9.30278851657
9.3000 1.0591 9.31280228246
9.3100 1.0580 9.32281604836
9.3200 1.0568 9.33282981425
9.3300 1.0557 9.34284358015
9.3400 1.0546 9.35285734604
9.3500 1.0535 9.36287111194
9.3600 1.0523 9.37288487783
9.3700 1.0512 9.38289864373
9.3800 1.0501 9.39291240962
9.3900 1.0490 9.40292617552
9.4000 1.0479 9.41293994141
9.4100 1.0467 9.42295370731
9.4200 1.0456 9.4329674732
9.4300 1.0445 9.4429812391
9.4400 1.0434 9.45299500499
9.4500 1.0423 9.46300877089
9.4600 1.0412 9.47302253679
9.4700 1.0401 9.48303630268
9.4800 1.0390 9.49305006858
9.4900 1.0379 9.50306383447
9.5000 1.0368 9.51307760037
9.5100 1.0357 9.52309136626
9.5200 1.0347 9.53310513216
9.5300 1.0336 9.54311889805
9.5400 1.0325 9.55313266395
9.5500 1.0314 9.56314642984
9.5600 1.0303 9.57316019574
9.5700 1.0293 9.58317396163
9.5800 1.0282 9.59318772753
9.5900 1.0271 9.60320149342
9.6000 1.0260 9.61321525932
9.6100 1.0250 9.62322902521
9.6200 1.0239 9.63324279111
9.6300 1.0228 9.643256557
9.6400 1.0218 9.6532703229
9.6500 1.0207 9.66328408879
9.6600 1.0197 9.67329785469
9.6700 1.0186 9.68331162058
9.6800 1.0176 9.69332538648
9.6900 1.0165 9.70333915237
9.7000 1.0155 9.71335291827
9.7100 1.0144 9.72336668416
9.7200 1.0134 9.73338045006
9.7300 1.0123 9.74339421595
9.7400 1.0113 9.75340798185
9.7500 1.0103 9.76342174774
9.7600 1.0092 9.77343551364
9.7700 1.0082 9.78344927953
9.7800 1.0072 9.79346304543
9.7900 1.0061 9.80347681132
9.8000 1.0051 9.81349057722
9.8100 1.0041 9.82350434311
9.8200 1.0031 9.83351810901
9.8300 1.0020 9.8435318749
9.8400 1.0010 9.8535456408
9.8500 1.0000 9.86355940669
9.8600 0.99900 9.87357317259
9.8700 0.99799 9.88358693849
9.8800 0.99698 9.89360070438
9.8900 0.99597 9.90361447028
9.9000 0.99496 9.91362823617
9.9100 0.99396 9.92364200207
9.9200 0.99296 9.93365576796
9.9300 0.99196 9.94366953386
9.9400 0.99096 9.95368329975
9.9500 0.98997 9.96369706565
9.9600 0.98897 9.97371083154
9.9700 0.98798 9.98372459744
9.9800 0.98699 9.99373836333
9.9900 0.98601 10.0037521292
10.000 0.98502 10.0137658951
10.100 0.97527 10.1139035541
10.110 0.97431 10.12391732
10.120 0.97335 10.1339310859
10.130 0.97239 10.1439448518
10.140 0.97143 10.1539586177
10.150 0.97047 10.1639723835
10.160 0.96952 10.1739861494
10.170 0.96857 10.1839999153
10.180 0.96761 10.1940136812
10.190 0.96667 10.2040274471
10.200 0.96572 10.214041213
10.210 0.96477 10.2240549789
10.220 0.96383 10.2340687448
10.230 0.96289 10.2440825107
10.240 0.96195 10.2540962766
10.250 0.96101 10.2641100425
10.260 0.96007 10.2741238084
10.270 0.95914 10.2841375743
10.280 0.95821 10.2941513402
10.290 0.95728 10.3041651061
10.300 0.95635 10.314178872
10.310 0.95542 10.3241926379
10.320 0.95450 10.3342064038
10.330 0.95357 10.3442201697
10.340 0.95265 10.3542339356
10.350 0.95173 10.3642477015
10.360 0.95081 10.3742614673
10.370 0.94990 10.3842752332
10.380 0.94898 10.3942889991
10.390 0.94807 10.404302765
10.400 0.94716 10.4143165309
10.410 0.94625 10.4243302968
10.420 0.94534 10.4343440627
10.430 0.94444 10.4443578286
10.440 0.94353 10.4543715945
10.450 0.94263 10.4643853604
10.460 0.94173 10.4743991263
10.470 0.94083 10.4844128922
10.480 0.93993 10.4944266581
10.490 0.93904 10.504440424
10.500 0.93814 10.5144541899
10.510 0.93725 10.5244679558
10.520 0.93636 10.5344817217
10.530 0.93547 10.5444954876
10.540 0.93459 10.5545092535
10.550 0.93370 10.5645230194
10.560 0.93282 10.5745367852
10.570 0.93194 10.5845505511
10.580 0.93106 10.594564317
10.590 0.93018 10.6045780829
10.600 0.92930 10.6145918488
10.610 0.92842 10.6246056147
10.620 0.92755 10.6346193806
10.630 0.92668 10.6446331465
10.640 0.92581 10.6546469124
10.650 0.92494 10.6646606783
10.660 0.92407 10.6746744442
10.670 0.92321 10.6846882101
10.680 0.92234 10.694701976
10.690 0.92148 10.7047157419
10.700 0.92062 10.7147295078
10.710 0.91976 10.7247432737
10.720 0.91890 10.7347570396
10.730 0.91805 10.7447708055
10.740 0.91719 10.7547845714
10.750 0.91634 10.7647983373
10.760 0.91549 10.7748121032
10.770 0.91464 10.784825869
10.780 0.91379 10.7948396349
10.790 0.91295 10.8048534008
10.800 0.91210 10.8148671667
10.810 0.91126 10.8248809326
10.820 0.91042 10.8348946985
10.830 0.90958 10.8449084644
10.840 0.90874 10.8549222303
10.850 0.90790 10.8649359962
10.860 0.90707 10.8749497621
10.870 0.90623 10.884963528
10.880 0.90540 10.8949772939
10.890 0.90457 10.9049910598
10.900 0.90374 10.9150048257
10.910 0.90291 10.9250185916
10.920 0.90209 10.9350323575
10.930 0.90126 10.9450461234
10.940 0.90044 10.9550598893
10.950 0.89962 10.9650736552
10.960 0.89880 10.9750874211
10.970 0.89798 10.9851011869
10.980 0.89716 10.9951149528
10.990 0.89634 11.0051287187
11.000 0.89553 11.0151424846
11.010 0.89472 11.0251562505
11.020 0.89391 11.0351700164
11.030 0.89310 11.0451837823
11.040 0.89229 11.0551975482
11.050 0.89148 11.0652113141
11.060 0.89068 11.07522508
11.070 0.88987 11.0852388459
11.080 0.88907 11.0952526118
11.090 0.88827 11.1052663777
11.100 0.88747 11.1152801436
11.110 0.88667 11.1252939095
11.120 0.88587 11.1353076754
11.130 0.88508 11.1453214413
11.140 0.88428 11.1553352072
11.150 0.88349 11.1653489731
11.160 0.88270 11.175362739
11.170 0.88191 11.1853765049
11.180 0.88112 11.1953902707
11.190 0.88034 11.2054040366
11.200 0.87955 11.2154178025
11.210 0.87877 11.2254315684
11.220 0.87798 11.2354453343
11.230 0.87720 11.2454591002
11.240 0.87642 11.2554728661
11.250 0.87564 11.265486632
11.260 0.87487 11.2755003979
11.270 0.87409 11.2855141638
11.280 0.87332 11.2955279297
11.290 0.87254 11.3055416956
11.300 0.87177 11.3155554615
11.310 0.87100 11.3255692274
11.320 0.87023 11.3355829933
11.330 0.86947 11.3455967592
11.340 0.86870 11.3556105251
11.350 0.86794 11.365624291
11.360 0.86717 11.3756380569
11.370 0.86641 11.3856518228
11.380 0.86565 11.3956655886
11.390 0.86489 11.4056793545
11.400 0.86413 11.4156931204
11.410 0.86337 11.4257068863
11.420 0.86262 11.4357206522
11.430 0.86186 11.4457344181
11.440 0.86111 11.455748184
11.450 0.86036 11.4657619499
11.460 0.85961 11.4757757158
11.470 0.85886 11.4857894817
11.480 0.85811 11.4958032476
11.490 0.85737 11.5058170135
11.500 0.85662 11.5158307794
11.510 0.85588 11.5258445453
11.520 0.85514 11.5358583112
11.530 0.85440 11.5458720771
11.540 0.85366 11.555885843
11.550 0.85292 11.5658996089
11.560 0.85218 11.5759133748
11.570 0.85144 11.5859271407
11.580 0.85071 11.5959409066
11.590 0.84998 11.6059546724
11.600 0.84924 11.6159684383
11.610 0.84851 11.6259822042
11.620 0.84778 11.6359959701
11.630 0.84706 11.646009736
11.640 0.84633 11.6560235019
11.650 0.84560 11.6660372678
11.660 0.84488 11.6760510337
11.670 0.84415 11.6860647996
11.680 0.84343 11.6960785655
11.690 0.84271 11.7060923314
11.700 0.84199 11.7161060973
11.710 0.84127 11.7261198632
11.720 0.84056 11.7361336291
11.730 0.83984 11.746147395
11.740 0.83913 11.7561611609
11.750 0.83841 11.7661749268
11.760 0.83770 11.7761886927
11.770 0.83699 11.7862024586
11.780 0.83628 11.7962162245
11.790 0.83557 11.8062299903
11.800 0.83486 11.8162437562
11.810 0.83416 11.8262575221
11.820 0.83345 11.836271288
11.830 0.83275 11.8462850539
11.840 0.83204 11.8562988198
11.850 0.83134 11.8663125857
11.860 0.83064 11.8763263516
11.870 0.82994 11.8863401175
11.880 0.82924 11.8963538834
11.890 0.82855 11.9063676493
11.900 0.82785 11.9163814152
11.910 0.82716 11.9263951811
11.920 0.82646 11.936408947
11.930 0.82577 11.9464227129
11.940 0.82508 11.9564364788
11.950 0.82439 11.9664502447
11.960 0.82370 11.9764640106
11.970 0.82301 11.9864777765
11.980 0.82233 11.9964915424
11.990 0.82164 12.0065053083
12.000 0.82096 12.0165190741
12.010 0.82028 12.02653284
12.020 0.81959 12.0365466059
12.030 0.81891 12.0465603718
12.040 0.81823 12.0565741377
12.050 0.81756 12.0665879036
12.060 0.81688 12.0766016695
12.070 0.81620 12.0866154354
12.080 0.81553 12.0966292013
12.090 0.81485 12.1066429672
12.100 0.81418 12.1166567331
12.110 0.81351 12.126670499
12.120 0.81284 12.1366842649
12.130 0.81217 12.1466980308
12.140 0.81150 12.1567117967
12.150 0.81083 12.1667255626
12.160 0.81017 12.1767393285
12.170 0.80950 12.1867530944
12.180 0.80884 12.1967668603
12.190 0.80817 12.2067806262
12.200 0.80751 12.216794392
12.210 0.80685 12.2268081579
12.220 0.80619 12.2368219238
12.230 0.80553 12.2468356897
12.240 0.80488 12.2568494556
12.250 0.80422 12.2668632215
12.260 0.80356 12.2768769874
12.270 0.80291 12.2868907533
12.280 0.80226 12.2969045192
12.290 0.80160 12.3069182851
12.300 0.80095 12.316932051
12.310 0.80030 12.3269458169
12.320 0.79965 12.3369595828
12.330 0.79901 12.3469733487
12.340 0.79836 12.3569871146
12.350 0.79771 12.3670008805
12.360 0.79707 12.3770146464
12.370 0.79642 12.3870284123
12.380 0.79578 12.3970421782
12.390 0.79514 12.4070559441
12.400 0.79450 12.41706971
12.410 0.79386 12.4270834758
12.420 0.79322 12.4370972417
12.430 0.79258 12.4471110076
12.440 0.79195 12.4571247735
12.450 0.79131 12.4671385394
12.460 0.79068 12.4771523053
12.470 0.79004 12.4871660712
12.480 0.78941 12.4971798371
12.490 0.78878 12.507193603
12.500 0.78815 12.5172073689
12.510 0.78752 12.5272211348
12.520 0.78689 12.5372349007
12.530 0.78626 12.5472486666
12.540 0.78564 12.5572624325
12.550 0.78501 12.5672761984
12.560 0.78439 12.5772899643
12.570 0.78376 12.5873037302
12.580 0.78314 12.5973174961
12.590 0.78252 12.607331262
12.600 0.78190 12.6173450279
12.610 0.78128 12.6273587937
12.620 0.78066 12.6373725596
12.630 0.78004 12.6473863255
12.640 0.77943 12.6574000914
12.650 0.77881 12.6674138573
12.660 0.77820 12.6774276232
12.670 0.77758 12.6874413891
12.680 0.77697 12.697455155
12.690 0.77636 12.7074689209
12.700 0.77575 12.7174826868
12.710 0.77514 12.7274964527
12.720 0.77453 12.7375102186
12.730 0.77392 12.7475239845
12.740 0.77332 12.7575377504
12.750 0.77271 12.7675515163
12.760 0.77210 12.7775652822
12.770 0.77150 12.7875790481
12.780 0.77090 12.797592814
12.790 0.77030 12.8076065799
12.800 0.76969 12.8176203458
12.810 0.76909 12.8276341117
12.820 0.76849 12.8376478775
12.830 0.76790 12.8476616434
12.840 0.76730 12.8576754093
12.850 0.76670 12.8676891752
12.860 0.76611 12.8777029411
12.870 0.76551 12.887716707
12.880 0.76492 12.8977304729
12.890 0.76433 12.9077442388
12.900 0.76373 12.9177580047
12.910 0.76314 12.9277717706
12.920 0.76255 12.9377855365
12.930 0.76196 12.9477993024
12.940 0.76138 12.9578130683
12.950 0.76079 12.9678268342
12.960 0.76020 12.9778406001
12.970 0.75962 12.987854366
12.980 0.75903 12.9978681319
12.990 0.75845 13.0078818978
13.000 0.75786 13.0178956637
13.010 0.75728 13.0279094296
13.020 0.75670 13.0379231954
13.030 0.75612 13.0479369613
13.040 0.75554 13.0579507272
13.050 0.75496 13.0679644931
13.060 0.75439 13.077978259
13.070 0.75381 13.0879920249
13.080 0.75323 13.0980057908
13.090 0.75266 13.1080195567
13.100 0.75209 13.1180333226
13.110 0.75151 13.1280470885
13.120 0.75094 13.1380608544
13.130 0.75037 13.1480746203
13.140 0.74980 13.1580883862
13.150 0.74923 13.1681021521
13.160 0.74866 13.178115918
13.170 0.74809 13.1881296839
13.180 0.74752 13.1981434498
13.190 0.74696 13.2081572157
13.200 0.74639 13.2181709816
13.210 0.74583 13.2281847475
13.220 0.74527 13.2381985134
13.230 0.74470 13.2482122792
13.240 0.74414 13.2582260451
13.250 0.74358 13.268239811
13.260 0.74302 13.2782535769
13.270 0.74246 13.2882673428
13.280 0.74190 13.2982811087
13.290 0.74134 13.3082948746
13.300 0.74079 13.3183086405
13.310 0.74023 13.3283224064
13.320 0.73968 13.3383361723
13.330 0.73912 13.3483499382
13.340 0.73857 13.3583637041
13.350 0.73802 13.36837747
13.360 0.73746 13.3783912359
13.370 0.73691 13.3884050018
13.380 0.73636 13.3984187677
13.390 0.73581 13.4084325336
13.400 0.73526 13.4184462995
13.410 0.73472 13.4284600654
13.420 0.73417 13.4384738313
13.430 0.73362 13.4484875971
13.440 0.73308 13.458501363
13.450 0.73253 13.4685151289
13.460 0.73199 13.4785288948
13.470 0.73145 13.4885426607
13.480 0.73091 13.4985564266
13.490 0.73036 13.5085701925
13.500 0.72982 13.5185839584
13.510 0.72928 13.5285977243
13.520 0.72875 13.5386114902
13.530 0.72821 13.5486252561
13.540 0.72767 13.558639022
13.550 0.72713 13.5686527879
13.560 0.72660 13.5786665538
13.570 0.72606 13.5886803197
13.580 0.72553 13.5986940856
13.590 0.72500 13.6087078515
13.600 0.72446 13.6187216174
13.610 0.72393 13.6287353833
13.620 0.72340 13.6387491492
13.630 0.72287 13.6487629151
13.640 0.72234 13.6587766809
13.650 0.72181 13.6687904468
13.660 0.72128 13.6788042127
13.670 0.72076 13.6888179786
13.680 0.72023 13.6988317445
13.690 0.71971 13.7088455104
13.700 0.71918 13.7188592763
13.710 0.71866 13.7288730422
13.720 0.71813 13.7388868081
13.730 0.71761 13.748900574
13.740 0.71709 13.7589143399
13.750 0.71657 13.7689281058
13.760 0.71605 13.7789418717
13.770 0.71553 13.7889556376
13.780 0.71501 13.7989694035
13.790 0.71449 13.8089831694
13.800 0.71398 13.8189969353
13.810 0.71346 13.8290107012
13.820 0.71294 13.8390244671
13.830 0.71243 13.849038233
13.840 0.71191 13.8590519988
13.850 0.71140 13.8690657647
13.860 0.71089 13.8790795306
13.870 0.71038 13.8890932965
13.880 0.70986 13.8991070624
13.890 0.70935 13.9091208283
13.900 0.70884 13.9191345942
13.910 0.70834 13.9291483601
13.920 0.70783 13.939162126
13.930 0.70732 13.9491758919
13.940 0.70681 13.9591896578
13.950 0.70631 13.9692034237
13.960 0.70580 13.9792171896
13.970 0.70530 13.9892309555
13.980 0.70479 13.9992447214
13.990 0.70429 14.0092584873
14.000 0.70379 14.0192722532
14.010 0.70329 14.0292860191
14.020 0.70278 14.039299785
14.030 0.70228 14.0493135509
14.040 0.70178 14.0593273168
14.050 0.70129 14.0693410826
14.060 0.70079 14.0793548485
14.070 0.70029 14.0893686144
14.080 0.69979 14.0993823803
14.090 0.69930 14.1093961462
14.100 0.69880 14.1194099121
14.110 0.69831 14.129423678
14.120 0.69781 14.1394374439
14.130 0.69732 14.1494512098
14.140 0.69683 14.1594649757
14.150 0.69634 14.1694787416
14.160 0.69584 14.1794925075
14.170 0.69535 14.1895062734
14.180 0.69486 14.1995200393
14.190 0.69437 14.2095338052
14.200 0.69389 14.2195475711
14.210 0.69340 14.229561337
14.220 0.69291 14.2395751029
14.230 0.69243 14.2495888688
14.240 0.69194 14.2596026347
14.250 0.69145 14.2696164005
14.260 0.69097 14.2796301664
14.270 0.69049 14.2896439323
14.280 0.69000 14.2996576982
14.290 0.68952 14.3096714641
14.300 0.68904 14.31968523
14.310 0.68856 14.3296989959
14.320 0.68808 14.3397127618
14.330 0.68760 14.3497265277
14.340 0.68712 14.3597402936
14.350 0.68664 14.3697540595
14.360 0.68616 14.3797678254
14.370 0.68569 14.3897815913
14.380 0.68521 14.3997953572
14.390 0.68474 14.4098091231
14.400 0.68426 14.419822889
14.410 0.68379 14.4298366549
14.420 0.68331 14.4398504208
14.430 0.68284 14.4498641867
14.440 0.68237 14.4598779526
14.450 0.68190 14.4698917185
14.460 0.68142 14.4799054843
14.470 0.68095 14.4899192502
14.480 0.68048 14.4999330161
14.490 0.68002 14.509946782
14.500 0.67955 14.5199605479
14.510 0.67908 14.5299743138
14.520 0.67861 14.5399880797
14.530 0.67815 14.5500018456
14.540 0.67768 14.5600156115
14.550 0.67721 14.5700293774
14.560 0.67675 14.5800431433
14.570 0.67629 14.5900569092
14.580 0.67582 14.6000706751
14.590 0.67536 14.610084441
14.600 0.67490 14.6200982069
14.610 0.67444 14.6301119728
14.620 0.67398 14.6401257387
14.630 0.67352 14.6501395046
14.640 0.67306 14.6601532705
14.650 0.67260 14.6701670364
14.660 0.67214 14.6801808022
14.670 0.67168 14.6901945681
14.680 0.67123 14.700208334
14.690 0.67077 14.7102220999
14.700 0.67031 14.7202358658
14.710 0.66986 14.7302496317
14.720 0.66940 14.7402633976
14.730 0.66895 14.7502771635
14.740 0.66850 14.7602909294
14.750 0.66804 14.7703046953
14.760 0.66759 14.7803184612
14.770 0.66714 14.7903322271
14.780 0.66669 14.800345993
14.790 0.66624 14.8103597589
14.800 0.66579 14.8203735248
14.810 0.66534 14.8303872907
14.820 0.66489 14.8404010566
14.830 0.66444 14.8504148225
14.840 0.66400 14.8604285884
14.850 0.66355 14.8704423543
14.860 0.66310 14.8804561202
14.870 0.66266 14.890469886
14.880 0.66221 14.9004836519
14.890 0.66177 14.9104974178
14.900 0.66133 14.9205111837
14.910 0.66088 14.9305249496
14.920 0.66044 14.9405387155
14.930 0.66000 14.9505524814
14.940 0.65956 14.9605662473
14.950 0.65912 14.9705800132
14.960 0.65868 14.9805937791
14.970 0.65824 14.990607545
14.980 0.65780 15.0006213109
14.990 0.65736 15.0106350768
15.000 0.65692 15.0206488427
15.100 0.65258 15.1207865016
15.110 0.65215 15.1308002675
15.120 0.65172 15.1408140334
15.130 0.65129 15.1508277993
15.140 0.65086 15.1608415652
15.150 0.65043 15.1708553311
15.160 0.65000 15.180869097
15.170 0.64957 15.1908828629
15.180 0.64914 15.2008966288
15.190 0.64872 15.2109103947
15.200 0.64829 15.2209241606
15.210 0.64787 15.2309379265
15.220 0.64744 15.2409516924
15.230 0.64702 15.2509654583
15.240 0.64659 15.2609792242
15.250 0.64617 15.2709929901
15.260 0.64575 15.281006756
15.270 0.64532 15.2910205219
15.280 0.64490 15.3010342877
15.290 0.64448 15.3110480536
15.300 0.64406 15.3210618195
15.310 0.64364 15.3310755854
15.320 0.64322 15.3410893513
15.330 0.64280 15.3511031172
15.340 0.64238 15.3611168831
15.350 0.64197 15.371130649
15.360 0.64155 15.3811444149
15.370 0.64113 15.3911581808
15.380 0.64071 15.4011719467
15.390 0.64030 15.4111857126
15.400 0.63988 15.4211994785
15.410 0.63947 15.4312132444
15.420 0.63905 15.4412270103
15.430 0.63864 15.4512407762
15.440 0.63823 15.4612545421
15.450 0.63782 15.471268308
15.460 0.63740 15.4812820739
15.470 0.63699 15.4912958398
15.480 0.63658 15.5013096056
15.490 0.63617 15.5113233715
15.500 0.63576 15.5213371374
15.510 0.63535 15.5313509033
15.520 0.63494 15.5413646692
15.530 0.63453 15.5513784351
15.540 0.63413 15.561392201
15.550 0.63372 15.5714059669
15.560 0.63331 15.5814197328
15.570 0.63291 15.5914334987
15.580 0.63250 15.6014472646
15.590 0.63210 15.6114610305
15.600 0.63169 15.6214747964
15.610 0.63129 15.6314885623
15.620 0.63088 15.6415023282
15.630 0.63048 15.6515160941
15.640 0.63008 15.66152986
15.650 0.62968 15.6715436259
15.660 0.62927 15.6815573918
15.670 0.62887 15.6915711577
15.680 0.62847 15.7015849236
15.690 0.62807 15.7115986894
15.700 0.62767 15.7216124553
15.710 0.62727 15.7316262212
15.720 0.62688 15.7416399871
15.730 0.62648 15.751653753
15.740 0.62608 15.7616675189
15.750 0.62568 15.7716812848
15.760 0.62529 15.7816950507
15.770 0.62489 15.7917088166
15.780 0.62450 15.8017225825
15.790 0.62410 15.8117363484
15.800 0.62371 15.8217501143
15.810 0.62331 15.8317638802
15.820 0.62292 15.8417776461
15.830 0.62253 15.851791412
15.840 0.62213 15.8618051779
15.850 0.62174 15.8718189438
15.860 0.62135 15.8818327097
15.870 0.62096 15.8918464756
15.880 0.62057 15.9018602415
15.890 0.62018 15.9118740073
15.900 0.61979 15.9218877732
15.910 0.61940 15.9319015391
15.920 0.61901 15.941915305
15.930 0.61862 15.9519290709
15.940 0.61824 15.9619428368
15.950 0.61785 15.9719566027
15.960 0.61746 15.9819703686
15.970 0.61708 15.9919841345
15.980 0.61669 16.0019979004
15.990 0.61631 16.0120116663
16.000 0.61592 16.0220254322
16.010 0.61554 16.0320391981
16.020 0.61515 16.042052964
16.030 0.61477 16.0520667299
16.040 0.61439 16.0620804958
16.050 0.61401 16.0720942617
16.060 0.61362 16.0821080276
16.070 0.61324 16.0921217935
16.080 0.61286 16.1021355594
16.090 0.61248 16.1121493253
16.100 0.61210 16.1221630911
16.110 0.61172 16.132176857
16.120 0.61134 16.1421906229
16.130 0.61097 16.1522043888
16.140 0.61059 16.1622181547
16.150 0.61021 16.1722319206
16.160 0.60983 16.1822456865
16.170 0.60946 16.1922594524
16.180 0.60908 16.2022732183
16.190 0.60870 16.2122869842
16.200 0.60833 16.2223007501
16.210 0.60795 16.232314516
16.220 0.60758 16.2423282819
16.230 0.60721 16.2523420478
16.240 0.60683 16.2623558137
16.250 0.60646 16.2723695796
16.260 0.60609 16.2823833455
16.270 0.60572 16.2923971114
16.280 0.60534 16.3024108773
16.290 0.60497 16.3124246432
16.300 0.60460 16.322438409
16.310 0.60423 16.3324521749
16.320 0.60386 16.3424659408
16.330 0.60349 16.3524797067
16.340 0.60313 16.3624934726
16.350 0.60276 16.3725072385
16.360 0.60239 16.3825210044
16.370 0.60202 16.3925347703
16.380 0.60165 16.4025485362
16.390 0.60129 16.4125623021
16.400 0.60092 16.422576068
16.410 0.60056 16.4325898339
16.420 0.60019 16.4426035998
16.430 0.59983 16.4526173657
16.440 0.59946 16.4626311316
16.450 0.59910 16.4726448975
16.460 0.59873 16.4826586634
16.470 0.59837 16.4926724293
16.480 0.59801 16.5026861952
16.490 0.59765 16.5126999611
16.500 0.59729 16.522713727
16.510 0.59692 16.5327274928
16.520 0.59656 16.5427412587
16.530 0.59620 16.5527550246
16.540 0.59584 16.5627687905
16.550 0.59548 16.5727825564
16.560 0.59513 16.5827963223
16.570 0.59477 16.5928100882
16.580 0.59441 16.6028238541
16.590 0.59405 16.61283762
16.600 0.59369 16.6228513859
16.610 0.59334 16.6328651518
16.620 0.59298 16.6428789177
16.630 0.59262 16.6528926836
16.640 0.59227 16.6629064495
16.650 0.59191 16.6729202154
16.660 0.59156 16.6829339813
16.670 0.59120 16.6929477472
16.680 0.59085 16.7029615131
16.690 0.59050 16.712975279
16.700 0.59014 16.7229890449
16.710 0.58979 16.7330028107
16.720 0.58944 16.7430165766
16.730 0.58909 16.7530303425
16.740 0.58874 16.7630441084
16.750 0.58839 16.7730578743
16.760 0.58803 16.7830716402
16.770 0.58768 16.7930854061
16.780 0.58733 16.803099172
16.790 0.58699 16.8131129379
16.800 0.58664 16.8231267038
16.810 0.58629 16.8331404697
16.820 0.58594 16.8431542356
16.830 0.58559 16.8531680015
16.840 0.58525 16.8631817674
16.850 0.58490 16.8731955333
16.860 0.58455 16.8832092992
16.870 0.58421 16.8932230651
16.880 0.58386 16.903236831
16.890 0.58352 16.9132505969
16.900 0.58317 16.9232643628
16.910 0.58283 16.9332781287
16.920 0.58248 16.9432918945
16.930 0.58214 16.9533056604
16.940 0.58180 16.9633194263
16.950 0.58145 16.9733331922
16.960 0.58111 16.9833469581
16.970 0.58077 16.993360724
16.980 0.58043 17.0033744899
16.990 0.58009 17.0133882558
17.000 0.57975 17.0234020217
17.010 0.57941 17.0334157876
17.020 0.57907 17.0434295535
17.030 0.57873 17.0534433194
17.040 0.57839 17.0634570853
17.050 0.57805 17.0734708512
17.060 0.57771 17.0834846171
17.070 0.57737 17.093498383
17.080 0.57704 17.1035121489
17.090 0.57670 17.1135259148
17.100 0.57636 17.1235396807
17.110 0.57603 17.1335534466
17.120 0.57569 17.1435672124
17.130 0.57535 17.1535809783
17.140 0.57502 17.1635947442
17.150 0.57468 17.1736085101
17.160 0.57435 17.183622276
17.170 0.57402 17.1936360419
17.180 0.57368 17.2036498078
17.190 0.57335 17.2136635737
17.200 0.57302 17.2236773396
17.210 0.57268 17.2336911055
17.220 0.57235 17.2437048714
17.230 0.57202 17.2537186373
17.240 0.57169 17.2637324032
17.250 0.57136 17.2737461691
17.260 0.57103 17.283759935
17.270 0.57070 17.2937737009
17.280 0.57037 17.3037874668
17.290 0.57004 17.3138012327
17.300 0.56971 17.3238149986
17.310 0.56938 17.3338287645
17.320 0.56905 17.3438425304
17.330 0.56873 17.3538562962
17.340 0.56840 17.3638700621
17.350 0.56807 17.373883828
17.360 0.56774 17.3838975939
17.370 0.56742 17.3939113598
17.380 0.56709 17.4039251257
17.390 0.56677 17.4139388916
17.400 0.56644 17.4239526575
17.410 0.56612 17.4339664234
17.420 0.56579 17.4439801893
17.430 0.56547 17.4539939552
17.440 0.56514 17.4640077211
17.450 0.56482 17.474021487
17.460 0.56450 17.4840352529
17.470 0.56418 17.4940490188
17.480 0.56385 17.5040627847
17.490 0.56353 17.5140765506
17.500 0.56321 17.5240903165
17.510 0.56289 17.5341040824
17.520 0.56257 17.5441178483
17.530 0.56225 17.5541316141
17.540 0.56193 17.56414538
17.550 0.56161 17.5741591459
17.560 0.56129 17.5841729118
17.570 0.56097 17.5941866777
17.580 0.56065 17.6042004436
17.590 0.56033 17.6142142095
17.600 0.56002 17.6242279754
17.610 0.55970 17.6342417413
17.620 0.55938 17.6442555072
17.630 0.55906 17.6542692731
17.640 0.55875 17.664283039
17.650 0.55843 17.6742968049
17.660 0.55812 17.6843105708
17.670 0.55780 17.6943243367
17.680 0.55749 17.7043381026
17.690 0.55717 17.7143518685
17.700 0.55686 17.7243656344
17.710 0.55654 17.7343794003
17.720 0.55623 17.7443931662
17.730 0.55592 17.7544069321
17.740 0.55560 17.7644206979
17.750 0.55529 17.7744344638
17.760 0.55498 17.7844482297
17.770 0.55467 17.7944619956
17.780 0.55436 17.8044757615
17.790 0.55405 17.8144895274
17.800 0.55374 17.8245032933
17.810 0.55342 17.8345170592
17.820 0.55311 17.8445308251
17.830 0.55281 17.854544591
17.840 0.55250 17.8645583569
17.850 0.55219 17.8745721228
17.860 0.55188 17.8845858887
17.870 0.55157 17.8945996546
17.880 0.55126 17.9046134205
17.890 0.55095 17.9146271864
17.900 0.55065 17.9246409523
17.910 0.55034 17.9346547182
17.920 0.55003 17.9446684841
17.930 0.54973 17.95468225
17.940 0.54942 17.9646960158
17.950 0.54912 17.9747097817
17.960 0.54881 17.9847235476
17.970 0.54851 17.9947373135
17.980 0.54820 18.0047510794
17.990 0.54790 18.0147648453
18.000 0.54759 18.0247786112
18.010 0.54729 18.0347923771
18.020 0.54699 18.044806143
18.030 0.54668 18.0548199089
18.040 0.54638 18.0648336748
18.050 0.54608 18.0748474407
18.060 0.54578 18.0848612066
18.070 0.54548 18.0948749725
18.080 0.54518 18.1048887384
18.090 0.54487 18.1149025043
18.100 0.54457 18.1249162702
18.110 0.54427 18.1349300361
18.120 0.54397 18.144943802
18.130 0.54367 18.1549575679
18.140 0.54338 18.1649713338
18.150 0.54308 18.1749850996
18.160 0.54278 18.1849988655
18.170 0.54248 18.1950126314
18.180 0.54218 18.2050263973
18.190 0.54188 18.2150401632
18.200 0.54159 18.2250539291
18.210 0.54129 18.235067695
18.220 0.54099 18.2450814609
18.230 0.54070 18.2550952268
18.240 0.54040 18.2651089927
18.250 0.54011 18.2751227586
18.260 0.53981 18.2851365245
18.270 0.53952 18.2951502904
18.280 0.53922 18.3051640563
18.290 0.53893 18.3151778222
18.300 0.53863 18.3251915881
18.310 0.53834 18.335205354
18.320 0.53805 18.3452191199
18.330 0.53775 18.3552328858
18.340 0.53746 18.3652466517
18.350 0.53717 18.3752604175
18.360 0.53688 18.3852741834
18.370 0.53659 18.3952879493
18.380 0.53629 18.4053017152
18.390 0.53600 18.4153154811
18.400 0.53571 18.425329247
18.410 0.53542 18.4353430129
18.420 0.53513 18.4453567788
18.430 0.53484 18.4553705447
18.440 0.53455 18.4653843106
18.450 0.53426 18.4753980765
18.460 0.53397 18.4854118424
18.470 0.53369 18.4954256083
18.480 0.53340 18.5054393742
18.490 0.53311 18.5154531401
18.500 0.53282 18.525466906
18.510 0.53253 18.5354806719
18.520 0.53225 18.5454944378
18.530 0.53196 18.5555082037
18.540 0.53167 18.5655219696
18.550 0.53139 18.5755357355
18.560 0.53110 18.5855495013
18.570 0.53082 18.5955632672
18.580 0.53053 18.6055770331
18.590 0.53025 18.615590799
18.600 0.52996 18.6256045649
18.610 0.52968 18.6356183308
18.620 0.52940 18.6456320967
18.630 0.52911 18.6556458626
18.640 0.52883 18.6656596285
18.650 0.52855 18.6756733944
18.660 0.52826 18.6856871603
18.670 0.52798 18.6957009262
18.680 0.52770 18.7057146921
18.690 0.52742 18.715728458
18.700 0.52713 18.7257422239
18.710 0.52685 18.7357559898
18.720 0.52657 18.7457697557
18.730 0.52629 18.7557835216
18.740 0.52601 18.7657972875
18.750 0.52573 18.7758110534
18.760 0.52545 18.7858248192
18.770 0.52517 18.7958385851
18.780 0.52489 18.805852351
18.790 0.52462 18.8158661169
18.800 0.52434 18.8258798828
18.810 0.52406 18.8358936487
18.820 0.52378 18.8459074146
18.830 0.52350 18.8559211805
18.840 0.52323 18.8659349464
18.850 0.52295 18.8759487123
18.860 0.52267 18.8859624782
18.870 0.52240 18.8959762441
18.880 0.52212 18.90599001
18.890 0.52184 18.9160037759
18.900 0.52157 18.9260175418
18.910 0.52129 18.9360313077
18.920 0.52102 18.9460450736
18.930 0.52074 18.9560588395
18.940 0.52047 18.9660726054
18.950 0.52019 18.9760863713
18.960 0.51992 18.9861001372
18.970 0.51965 18.996113903
18.980 0.51937 19.0061276689
18.990 0.51910 19.0161414348
19.000 0.51883 19.0261552007
19.010 0.51856 19.0361689666
19.020 0.51828 19.0461827325
19.030 0.51801 19.0561964984
19.040 0.51774 19.0662102643
19.050 0.51747 19.0762240302
19.060 0.51720 19.0862377961
19.070 0.51693 19.096251562
19.080 0.51666 19.1062653279
19.090 0.51639 19.1162790938
19.100 0.51612 19.1262928597
19.110 0.51585 19.1363066256
19.120 0.51558 19.1463203915
19.130 0.51531 19.1563341574
19.140 0.51504 19.1663479233
19.150 0.51477 19.1763616892
19.160 0.51451 19.1863754551
19.170 0.51424 19.1963892209
19.180 0.51397 19.2064029868
19.190 0.51370 19.2164167527
19.200 0.51344 19.2264305186
19.210 0.51317 19.2364442845
19.220 0.51290 19.2464580504
19.230 0.51264 19.2564718163
19.240 0.51237 19.2664855822
19.250 0.51210 19.2764993481
19.260 0.51184 19.286513114
19.270 0.51157 19.2965268799
19.280 0.51131 19.3065406458
19.290 0.51105 19.3165544117
19.300 0.51078 19.3265681776
19.310 0.51052 19.3365819435
19.320 0.51025 19.3465957094
19.330 0.50999 19.3566094753
19.340 0.50973 19.3666232412
19.350 0.50946 19.3766370071
19.360 0.50920 19.386650773
19.370 0.50894 19.3966645389
19.380 0.50868 19.4066783047
19.390 0.50842 19.4166920706
19.400 0.50815 19.4267058365
19.410 0.50789 19.4367196024
19.420 0.50763 19.4467333683
19.430 0.50737 19.4567471342
19.440 0.50711 19.4667609001
19.450 0.50685 19.476774666
19.460 0.50659 19.4867884319
19.470 0.50633 19.4968021978
19.480 0.50607 19.5068159637
19.490 0.50581 19.5168297296
19.500 0.50555 19.5268434955
19.510 0.50529 19.5368572614
19.520 0.50504 19.5468710273
19.530 0.50478 19.5568847932
19.540 0.50452 19.5668985591
19.550 0.50426 19.576912325
19.560 0.50401 19.5869260909
19.570 0.50375 19.5969398568
19.580 0.50349 19.6069536226
19.590 0.50324 19.6169673885
19.600 0.50298 19.6269811544
19.610 0.50272 19.6369949203
19.620 0.50247 19.6470086862
19.630 0.50221 19.6570224521
19.640 0.50196 19.667036218
19.650 0.50170 19.6770499839
19.660 0.50145 19.6870637498
19.670 0.50119 19.6970775157
19.680 0.50094 19.7070912816
19.690 0.50069 19.7171050475
19.700 0.50043 19.7271188134
19.710 0.50018 19.7371325793
19.720 0.49993 19.7471463452
19.730 0.49967 19.7571601111
19.740 0.49942 19.767173877
19.750 0.49917 19.7771876429
19.760 0.49892 19.7872014088
19.770 0.49866 19.7972151747
19.780 0.49841 19.8072289406
19.790 0.49816 19.8172427064
19.800 0.49791 19.8272564723
19.810 0.49766 19.8372702382
19.820 0.49741 19.8472840041
19.830 0.49716 19.85729777
19.840 0.49691 19.8673115359
19.850 0.49666 19.8773253018
19.860 0.49641 19.8873390677
19.870 0.49616 19.8973528336
19.880 0.49591 19.9073665995
19.890 0.49566 19.9173803654
19.900 0.49541 19.9273941313
19.910 0.49517 19.9374078972
19.920 0.49492 19.9474216631
19.930 0.49467 19.957435429
19.940 0.49442 19.9674491949
19.950 0.49418 19.9774629608
19.960 0.49393 19.9874767267
19.970 0.49368 19.9974904926
19.980 0.49343 20.0075042585
19.990 0.49319 20.0175180243
20.000 0.49294 20.0275317902
20.100 0.49050 20.1276694492
20.110 0.49025 20.1376832151
20.120 0.49001 20.147696981
20.130 0.48977 20.1577107469
20.140 0.48952 20.1677245128
20.150 0.48928 20.1777382787
20.160 0.48904 20.1877520446
20.170 0.48880 20.1977658105
20.180 0.48856 20.2077795764
20.190 0.48831 20.2177933423
20.200 0.48807 20.2278071081
20.210 0.48783 20.237820874
20.220 0.48759 20.2478346399
20.230 0.48735 20.2578484058
20.240 0.48711 20.2678621717
20.250 0.48687 20.2778759376
20.260 0.48663 20.2878897035
20.270 0.48639 20.2979034694
20.280 0.48615 20.3079172353
20.290 0.48591 20.3179310012
20.300 0.48567 20.3279447671
20.310 0.48544 20.337958533
20.320 0.48520 20.3479722989
20.330 0.48496 20.3579860648
20.340 0.48472 20.3679998307
20.350 0.48448 20.3780135966
20.360 0.48425 20.3880273625
20.370 0.48401 20.3980411284
20.380 0.48377 20.4080548943
20.390 0.48354 20.4180686602
20.400 0.48330 20.428082426
20.410 0.48306 20.4380961919
20.420 0.48283 20.4481099578
20.430 0.48259 20.4581237237
20.440 0.48236 20.4681374896
20.450 0.48212 20.4781512555
20.460 0.48189 20.4881650214
20.470 0.48165 20.4981787873
20.480 0.48142 20.5081925532
20.490 0.48118 20.5182063191
20.500 0.48095 20.528220085
20.510 0.48071 20.5382338509
20.520 0.48048 20.5482476168
20.530 0.48025 20.5582613827
20.540 0.48001 20.5682751486
20.550 0.47978 20.5782889145
20.560 0.47955 20.5883026804
20.570 0.47931 20.5983164463
20.580 0.47908 20.6083302122
20.590 0.47885 20.6183439781
20.600 0.47862 20.628357744
20.610 0.47839 20.6383715098
20.620 0.47816 20.6483852757
20.630 0.47792 20.6583990416
20.640 0.47769 20.6684128075
20.650 0.47746 20.6784265734
20.660 0.47723 20.6884403393
20.670 0.47700 20.6984541052
20.680 0.47677 20.7084678711
20.690 0.47654 20.718481637
20.700 0.47631 20.7284954029
20.710 0.47608 20.7385091688
20.720 0.47585 20.7485229347
20.730 0.47562 20.7585367006
20.740 0.47540 20.7685504665
20.750 0.47517 20.7785642324
20.760 0.47494 20.7885779983
20.770 0.47471 20.7985917642
20.780 0.47448 20.8086055301
20.790 0.47426 20.818619296
20.800 0.47403 20.8286330619
20.810 0.47380 20.8386468277
20.820 0.47357 20.8486605936
20.830 0.47335 20.8586743595
20.840 0.47312 20.8686881254
20.850 0.47289 20.8787018913
20.860 0.47267 20.8887156572
20.870 0.47244 20.8987294231
20.880 0.47222 20.908743189
20.890 0.47199 20.9187569549
20.900 0.47177 20.9287707208
20.910 0.47154 20.9387844867
20.920 0.47132 20.9487982526
20.930 0.47109 20.9588120185
20.940 0.47087 20.9688257844
20.950 0.47064 20.9788395503
20.960 0.47042 20.9888533162
20.970 0.47019 20.9988670821
20.980 0.46997 21.008880848
20.990 0.46975 21.0188946139
21.000 0.46952 21.0289083798
21.010 0.46930 21.0389221457
21.020 0.46908 21.0489359115
21.030 0.46886 21.0589496774
21.040 0.46863 21.0689634433
21.050 0.46841 21.0789772092
21.060 0.46819 21.0889909751
21.070 0.46797 21.099004741
21.080 0.46775 21.1090185069
21.090 0.46753 21.1190322728
21.100 0.46730 21.1290460387
21.110 0.46708 21.1390598046
21.120 0.46686 21.1490735705
21.130 0.46664 21.1590873364
21.140 0.46642 21.1691011023
21.150 0.46620 21.1791148682
21.160 0.46598 21.1891286341
21.170 0.46576 21.1991424
21.180 0.46554 21.2091561659
21.190 0.46533 21.2191699318
21.200 0.46511 21.2291836977
21.210 0.46489 21.2391974636
21.220 0.46467 21.2492112294
21.230 0.46445 21.2592249953
21.240 0.46423 21.2692387612
21.250 0.46401 21.2792525271
21.260 0.46380 21.289266293
21.270 0.46358 21.2992800589
21.280 0.46336 21.3092938248
21.290 0.46315 21.3193075907
21.300 0.46293 21.3293213566
21.310 0.46271 21.3393351225
21.320 0.46250 21.3493488884
21.330 0.46228 21.3593626543
21.340 0.46206 21.3693764202
21.350 0.46185 21.3793901861
21.360 0.46163 21.389403952
21.370 0.46142 21.3994177179
21.380 0.46120 21.4094314838
21.390 0.46099 21.4194452497
21.400 0.46077 21.4294590156
21.410 0.46056 21.4394727815
21.420 0.46034 21.4494865474
21.430 0.46013 21.4595003132
21.440 0.45991 21.4695140791
21.450 0.45970 21.479527845
21.460 0.45949 21.4895416109
21.470 0.45927 21.4995553768
21.480 0.45906 21.5095691427
21.490 0.45885 21.5195829086
21.500 0.45863 21.5295966745
21.510 0.45842 21.5396104404
21.520 0.45821 21.5496242063
21.530 0.45800 21.5596379722
21.540 0.45778 21.5696517381
21.550 0.45757 21.579665504
21.560 0.45736 21.5896792699
21.570 0.45715 21.5996930358
21.580 0.45694 21.6097068017
21.590 0.45673 21.6197205676
21.600 0.45652 21.6297343335
21.610 0.45631 21.6397480994
21.620 0.45609 21.6497618653
21.630 0.45588 21.6597756311
21.640 0.45567 21.669789397
21.650 0.45546 21.6798031629
21.660 0.45525 21.6898169288
21.670 0.45505 21.6998306947
21.680 0.45484 21.7098444606
21.690 0.45463 21.7198582265
21.700 0.45442 21.7298719924
21.710 0.45421 21.7398857583
21.720 0.45400 21.7498995242
21.730 0.45379 21.7599132901
21.740 0.45358 21.769927056
21.750 0.45338 21.7799408219
21.760 0.45317 21.7899545878
21.770 0.45296 21.7999683537
21.780 0.45275 21.8099821196
21.790 0.45255 21.8199958855
21.800 0.45234 21.8300096514
21.810 0.45213 21.8400234173
21.820 0.45193 21.8500371832
21.830 0.45172 21.8600509491
21.840 0.45151 21.8700647149
21.850 0.45131 21.8800784808
21.860 0.45110 21.8900922467
21.870 0.45089 21.9001060126
21.880 0.45069 21.9101197785
21.890 0.45048 21.9201335444
21.900 0.45028 21.9301473103
21.910 0.45007 21.9401610762
21.920 0.44987 21.9501748421
21.930 0.44966 21.960188608
21.940 0.44946 21.9702023739
21.950 0.44926 21.9802161398
21.960 0.44905 21.9902299057
21.970 0.44885 22.0002436716
21.980 0.44864 22.0102574375
21.990 0.44844 22.0202712034
22.000 0.44824 22.0302849693
22.010 0.44803 22.0402987352
22.020 0.44783 22.0503125011
22.030 0.44763 22.060326267
22.040 0.44743 22.0703400328
22.050 0.44722 22.0803537987
22.060 0.44702 22.0903675646
22.070 0.44682 22.1003813305
22.080 0.44662 22.1103950964
22.090 0.44642 22.1204088623
22.100 0.44622 22.1304226282
22.110 0.44601 22.1404363941
22.120 0.44581 22.15045016
22.130 0.44561 22.1604639259
22.140 0.44541 22.1704776918
22.150 0.44521 22.1804914577
22.160 0.44501 22.1905052236
22.170 0.44481 22.2005189895
22.180 0.44461 22.2105327554
22.190 0.44441 22.2205465213
22.200 0.44421 22.2305602872
22.210 0.44401 22.2405740531
22.220 0.44381 22.250587819
22.230 0.44361 22.2606015849
22.240 0.44341 22.2706153508
22.250 0.44322 22.2806291166
22.260 0.44302 22.2906428825
22.270 0.44282 22.3006566484
22.280 0.44262 22.3106704143
22.290 0.44242 22.3206841802
22.300 0.44222 22.3306979461
22.310 0.44203 22.340711712
22.320 0.44183 22.3507254779
22.330 0.44163 22.3607392438
22.340 0.44144 22.3707530097
22.350 0.44124 22.3807667756
22.360 0.44104 22.3907805415
22.370 0.44084 22.4007943074
22.380 0.44065 22.4108080733
22.390 0.44045 22.4208218392
22.400 0.44026 22.4308356051
22.410 0.44006 22.440849371
22.420 0.43986 22.4508631369
22.430 0.43967 22.4608769028
22.440 0.43947 22.4708906687
22.450 0.43928 22.4809044345
22.460 0.43908 22.4909182004
22.470 0.43889 22.5009319663
22.480 0.43869 22.5109457322
22.490 0.43850 22.5209594981
22.500 0.43831 22.530973264
22.510 0.43811 22.5409870299
22.520 0.43792 22.5510007958
22.530 0.43772 22.5610145617
22.540 0.43753 22.5710283276
22.550 0.43734 22.5810420935
22.560 0.43714 22.5910558594
22.570 0.43695 22.6010696253
22.580 0.43676 22.6110833912
22.590 0.43656 22.6210971571
22.600 0.43637 22.631110923
22.610 0.43618 22.6411246889
22.620 0.43599 22.6511384548
22.630 0.43579 22.6611522207
22.640 0.43560 22.6711659866
22.650 0.43541 22.6811797525
22.660 0.43522 22.6911935183
22.670 0.43503 22.7012072842
22.680 0.43484 22.7112210501
22.690 0.43465 22.721234816
22.700 0.43445 22.7312485819
22.710 0.43426 22.7412623478
22.720 0.43407 22.7512761137
22.730 0.43388 22.7612898796
22.740 0.43369 22.7713036455
22.750 0.43350 22.7813174114
22.760 0.43331 22.7913311773
22.770 0.43312 22.8013449432
22.780 0.43293 22.8113587091
22.790 0.43274 22.821372475
22.800 0.43255 22.8313862409
22.810 0.43237 22.8414000068
22.820 0.43218 22.8514137727
22.830 0.43199 22.8614275386
22.840 0.43180 22.8714413045
22.850 0.43161 22.8814550704
22.860 0.43142 22.8914688362
22.870 0.43123 22.9014826021
22.880 0.43105 22.911496368
22.890 0.43086 22.9215101339
22.900 0.43067 22.9315238998
22.910 0.43048 22.9415376657
22.920 0.43030 22.9515514316
22.930 0.43011 22.9615651975
22.940 0.42992 22.9715789634
22.950 0.42974 22.9815927293
22.960 0.42955 22.9916064952
22.970 0.42936 23.0016202611
22.980 0.42918 23.011634027
22.990 0.42899 23.0216477929
23.000 0.42880 23.0316615588
23.010 0.42862 23.0416753247
23.020 0.42843 23.0516890906
23.030 0.42825 23.0617028565
23.040 0.42806 23.0717166224
23.050 0.42788 23.0817303883
23.060 0.42769 23.0917441542
23.070 0.42751 23.10175792
23.080 0.42732 23.1117716859
23.090 0.42714 23.1217854518
23.100 0.42695 23.1317992177
23.110 0.42677 23.1418129836
23.120 0.42659 23.1518267495
23.130 0.42640 23.1618405154
23.140 0.42622 23.1718542813
23.150 0.42603 23.1818680472
23.160 0.42585 23.1918818131
23.170 0.42567 23.201895579
23.180 0.42549 23.2119093449
23.190 0.42530 23.2219231108
23.200 0.42512 23.2319368767
23.210 0.42494 23.2419506426
23.220 0.42475 23.2519644085
23.230 0.42457 23.2619781744
23.240 0.42439 23.2719919403
23.250 0.42421 23.2820057062
23.260 0.42403 23.2920194721
23.270 0.42384 23.3020332379
23.280 0.42366 23.3120470038
23.290 0.42348 23.3220607697
23.300 0.42330 23.3320745356
23.310 0.42312 23.3420883015
23.320 0.42294 23.3521020674
23.330 0.42276 23.3621158333
23.340 0.42258 23.3721295992
23.350 0.42240 23.3821433651
23.360 0.42222 23.392157131
23.370 0.42204 23.4021708969
23.380 0.42186 23.4121846628
23.390 0.42168 23.4221984287
23.400 0.42150 23.4322121946
23.410 0.42132 23.4422259605
23.420 0.42114 23.4522397264
23.430 0.42096 23.4622534923
23.440 0.42078 23.4722672582
23.450 0.42060 23.4822810241
23.460 0.42042 23.49229479
23.470 0.42024 23.5023085559
23.480 0.42007 23.5123223217
23.490 0.41989 23.5223360876
23.500 0.41971 23.5323498535
23.510 0.41953 23.5423636194
23.520 0.41935 23.5523773853
23.530 0.41918 23.5623911512
23.540 0.41900 23.5724049171
23.550 0.41882 23.582418683
23.560 0.41864 23.5924324489
23.570 0.41847 23.6024462148
23.580 0.41829 23.6124599807
23.590 0.41811 23.6224737466
23.600 0.41794 23.6324875125
23.610 0.41776 23.6425012784
23.620 0.41758 23.6525150443
23.630 0.41741 23.6625288102
23.640 0.41723 23.6725425761
23.650 0.41706 23.682556342
23.660 0.41688 23.6925701079
23.670 0.41670 23.7025838738
23.680 0.41653 23.7125976396
23.690 0.41635 23.7226114055
23.700 0.41618 23.7326251714
23.710 0.41600 23.7426389373
23.720 0.41583 23.7526527032
23.730 0.41565 23.7626664691
23.740 0.41548 23.772680235
23.750 0.41531 23.7826940009
23.760 0.41513 23.7927077668
23.770 0.41496 23.8027215327
23.780 0.41478 23.8127352986
23.790 0.41461 23.8227490645
23.800 0.41444 23.8327628304
23.810 0.41426 23.8427765963
23.820 0.41409 23.8527903622
23.830 0.41392 23.8628041281
23.840 0.41374 23.872817894
23.850 0.41357 23.8828316599
23.860 0.41340 23.8928454258
23.870 0.41322 23.9028591917
23.880 0.41305 23.9128729576
23.890 0.41288 23.9228867234
23.900 0.41271 23.9329004893
23.910 0.41254 23.9429142552
23.920 0.41236 23.9529280211
23.930 0.41219 23.962941787
23.940 0.41202 23.9729555529
23.950 0.41185 23.9829693188
23.960 0.41168 23.9929830847
23.970 0.41151 24.0029968506
23.980 0.41133 24.0130106165
23.990 0.41116 24.0230243824
24.000 0.41099 24.0330381483
24.010 0.41082 24.0430519142
24.020 0.41065 24.0530656801
24.030 0.41048 24.063079446
24.040 0.41031 24.0730932119
24.050 0.41014 24.0831069778
24.060 0.40997 24.0931207437
24.070 0.40980 24.1031345096
24.080 0.40963 24.1131482755
24.090 0.40946 24.1231620413
24.100 0.40929 24.1331758072
24.110 0.40912 24.1431895731
24.120 0.40896 24.153203339
24.130 0.40879 24.1632171049
24.140 0.40862 24.1732308708
24.150 0.40845 24.1832446367
24.160 0.40828 24.1932584026
24.170 0.40811 24.2032721685
24.180 0.40794 24.2132859344
24.190 0.40778 24.2232997003
24.200 0.40761 24.2333134662
24.210 0.40744 24.2433272321
24.220 0.40727 24.253340998
24.230 0.40710 24.2633547639
24.240 0.40694 24.2733685298
24.250 0.40677 24.2833822957
24.260 0.40660 24.2933960616
24.270 0.40644 24.3034098275
24.280 0.40627 24.3134235934
24.290 0.40610 24.3234373593
24.300 0.40594 24.3334511251
24.310 0.40577 24.343464891
24.320 0.40560 24.3534786569
24.330 0.40544 24.3634924228
24.340 0.40527 24.3735061887
24.350 0.40511 24.3835199546
24.360 0.40494 24.3935337205
24.370 0.40477 24.4035474864
24.380 0.40461 24.4135612523
24.390 0.40444 24.4235750182
24.400 0.40428 24.4335887841
24.410 0.40411 24.44360255
24.420 0.40395 24.4536163159
24.430 0.40378 24.4636300818
24.440 0.40362 24.4736438477
24.450 0.40345 24.4836576136
24.460 0.40329 24.4936713795
24.470 0.40313 24.5036851454
24.480 0.40296 24.5136989113
24.490 0.40280 24.5237126772
24.500 0.40263 24.533726443
24.510 0.40247 24.5437402089
24.520 0.40231 24.5537539748
24.530 0.40214 24.5637677407
24.540 0.40198 24.5737815066
24.550 0.40182 24.5837952725
24.560 0.40165 24.5938090384
24.570 0.40149 24.6038228043
24.580 0.40133 24.6138365702
24.590 0.40117 24.6238503361
24.600 0.40100 24.633864102
24.610 0.40084 24.6438778679
24.620 0.40068 24.6538916338
24.630 0.40052 24.6639053997
24.640 0.40035 24.6739191656
24.650 0.40019 24.6839329315
24.660 0.40003 24.6939466974
24.670 0.39987 24.7039604633
24.680 0.39971 24.7139742292
24.690 0.39955 24.7239879951
24.700 0.39938 24.734001761
24.710 0.39922 24.7440155268
24.720 0.39906 24.7540292927
24.730 0.39890 24.7640430586
24.740 0.39874 24.7740568245
24.750 0.39858 24.7840705904
24.760 0.39842 24.7940843563
24.770 0.39826 24.8040981222
24.780 0.39810 24.8141118881
24.790 0.39794 24.824125654
24.800 0.39778 24.8341394199
24.810 0.39762 24.8441531858
24.820 0.39746 24.8541669517
24.830 0.39730 24.8641807176
24.840 0.39714 24.8741944835
24.850 0.39698 24.8842082494
24.860 0.39682 24.8942220153
24.870 0.39666 24.9042357812
24.880 0.39651 24.9142495471
24.890 0.39635 24.924263313
24.900 0.39619 24.9342770789
24.910 0.39603 24.9442908447
24.920 0.39587 24.9543046106
24.930 0.39571 24.9643183765
24.940 0.39555 24.9743321424
24.950 0.39540 24.9843459083
24.960 0.39524 24.9943596742
24.970 0.39508 25.0043734401
24.980 0.39492 25.014387206
24.990 0.39477 25.0244009719
25.000 0.39461 25.0344147378
25.100 0.39304 25.1345523968
25.110 0.39289 25.1445661627
25.120 0.39273 25.1545799285
25.130 0.39258 25.1645936944
25.140 0.39242 25.1746074603
25.150 0.39226 25.1846212262
25.160 0.39211 25.1946349921
25.170 0.39195 25.204648758
25.180 0.39180 25.2146625239
25.190 0.39164 25.2246762898
25.200 0.39149 25.2346900557
25.210 0.39133 25.2447038216
25.220 0.39118 25.2547175875
25.230 0.39102 25.2647313534
25.240 0.39087 25.2747451193
25.250 0.39072 25.2847588852
25.260 0.39056 25.2947726511
25.270 0.39041 25.304786417
25.280 0.39025 25.3148001829
25.290 0.39010 25.3248139488
25.300 0.38995 25.3348277147
25.310 0.38979 25.3448414806
25.320 0.38964 25.3548552464
25.330 0.38949 25.3648690123
25.340 0.38933 25.3748827782
25.350 0.38918 25.3848965441
25.360 0.38903 25.39491031
25.370 0.38887 25.4049240759
25.380 0.38872 25.4149378418
25.390 0.38857 25.4249516077
25.400 0.38842 25.4349653736
25.410 0.38826 25.4449791395
25.420 0.38811 25.4549929054
25.430 0.38796 25.4650066713
25.440 0.38781 25.4750204372
25.450 0.38766 25.4850342031
25.460 0.38751 25.495047969
25.470 0.38735 25.5050617349
25.480 0.38720 25.5150755008
25.490 0.38705 25.5250892667
25.500 0.38690 25.5351030326
25.510 0.38675 25.5451167985
25.520 0.38660 25.5551305644
25.530 0.38645 25.5651443302
25.540 0.38630 25.5751580961
25.550 0.38615 25.585171862
25.560 0.38599 25.5951856279
25.570 0.38584 25.6051993938
25.580 0.38569 25.6152131597
25.590 0.38554 25.6252269256
25.600 0.38539 25.6352406915
25.610 0.38524 25.6452544574
25.620 0.38509 25.6552682233
25.630 0.38494 25.6652819892
25.640 0.38479 25.6752957551
25.650 0.38465 25.685309521
25.660 0.38450 25.6953232869
25.670 0.38435 25.7053370528
25.680 0.38420 25.7153508187
25.690 0.38405 25.7253645846
25.700 0.38390 25.7353783505
25.710 0.38375 25.7453921164
25.720 0.38360 25.7554058823
25.730 0.38345 25.7654196481
25.740 0.38331 25.775433414
25.750 0.38316 25.7854471799
25.760 0.38301 25.7954609458
25.770 0.38286 25.8054747117
25.780 0.38271 25.8154884776
25.790 0.38257 25.8255022435
25.800 0.38242 25.8355160094
25.810 0.38227 25.8455297753
25.820 0.38212 25.8555435412
25.830 0.38198 25.8655573071
25.840 0.38183 25.875571073
25.850 0.38168 25.8855848389
25.860 0.38153 25.8955986048
25.870 0.38139 25.9056123707
25.880 0.38124 25.9156261366
25.890 0.38109 25.9256399025
25.900 0.38095 25.9356536684
25.910 0.38080 25.9456674343
25.920 0.38065 25.9556812002
25.930 0.38051 25.9656949661
25.940 0.38036 25.9757087319
25.950 0.38022 25.9857224978
25.960 0.38007 25.9957362637
25.970 0.37992 26.0057500296
25.980 0.37978 26.0157637955
25.990 0.37963 26.0257775614
26.000 0.37949 26.0357913273
26.010 0.37934 26.0458050932
26.020 0.37920 26.0558188591
26.030 0.37905 26.065832625
26.040 0.37891 26.0758463909
26.050 0.37876 26.0858601568
26.060 0.37862 26.0958739227
26.070 0.37847 26.1058876886
26.080 0.37833 26.1159014545
26.090 0.37818 26.1259152204
26.100 0.37804 26.1359289863
26.110 0.37789 26.1459427522
26.120 0.37775 26.1559565181
26.130 0.37761 26.165970284
26.140 0.37746 26.1759840498
26.150 0.37732 26.1859978157
26.160 0.37718 26.1960115816
26.170 0.37703 26.2060253475
26.180 0.37689 26.2160391134
26.190 0.37674 26.2260528793
26.200 0.37660 26.2360666452
26.210 0.37646 26.2460804111
26.220 0.37632 26.256094177
26.230 0.37617 26.2661079429
26.240 0.37603 26.2761217088
26.250 0.37589 26.2861354747
26.260 0.37574 26.2961492406
26.270 0.37560 26.3061630065
26.280 0.37546 26.3161767724
26.290 0.37532 26.3261905383
26.300 0.37518 26.3362043042
26.310 0.37503 26.3462180701
26.320 0.37489 26.356231836
26.330 0.37475 26.3662456019
26.340 0.37461 26.3762593678
26.350 0.37447 26.3862731336
26.360 0.37432 26.3962868995
26.370 0.37418 26.4063006654
26.380 0.37404 26.4163144313
26.390 0.37390 26.4263281972
26.400 0.37376 26.4363419631
26.410 0.37362 26.446355729
26.420 0.37348 26.4563694949
26.430 0.37334 26.4663832608
26.440 0.37320 26.4763970267
26.440 0.37320 26.4763970267
26.440 0.37320 26.4763970267
26.450 0.37306 26.4864107926
26.460 0.37292 26.4964245585
26.470 0.37278 26.5064383244
26.480 0.37264 26.5164520903
26.490 0.37250 26.5264658562
26.500 0.37236 26.5364796221
26.510 0.37222 26.546493388
26.520 0.37208 26.5565071539
26.530 0.37194 26.5665209198
26.540 0.37180 26.5765346857
26.550 0.37166 26.5865484515
26.560 0.37152 26.5965622174
26.570 0.37138 26.6065759833
26.580 0.37124 26.6165897492
26.590 0.37110 26.6266035151
26.600 0.37096 26.636617281
26.610 0.37082 26.6466310469
26.620 0.37068 26.6566448128
26.630 0.37054 26.6666585787
26.640 0.37041 26.6766723446
26.650 0.37027 26.6866861105
26.660 0.37013 26.6966998764
26.670 0.36999 26.7067136423
26.680 0.36985 26.7167274082
26.690 0.36972 26.7267411741
26.700 0.36958 26.73675494
26.710 0.36944 26.7467687059
26.720 0.36930 26.7567824718
26.730 0.36916 26.7667962377
26.740 0.36903 26.7768100036
26.750 0.36889 26.7868237695
26.760 0.36875 26.7968375353
26.770 0.36861 26.8068513012
26.780 0.36848 26.8168650671
26.790 0.36834 26.826878833
26.800 0.36820 26.8368925989
26.810 0.36807 26.8469063648
26.820 0.36793 26.8569201307
26.830 0.36779 26.8669338966
26.840 0.36766 26.8769476625
26.850 0.36752 26.8869614284
26.860 0.36738 26.8969751943
26.870 0.36725 26.9069889602
26.880 0.36711 26.9170027261
26.890 0.36698 26.927016492
26.900 0.36684 26.9370302579
26.910 0.36671 26.9470440238
26.920 0.36657 26.9570577897
26.930 0.36643 26.9670715556
26.940 0.36630 26.9770853215
26.950 0.36616 26.9870990874
26.960 0.36603 26.9971128532
26.970 0.36589 27.0071266191
26.980 0.36576 27.017140385
26.990 0.36562 27.0271541509
27.000 0.36549 27.0371679168
27.010 0.36535 27.0471816827
27.020 0.36522 27.0571954486
27.030 0.36508 27.0672092145
27.040 0.36495 27.0772229804
27.050 0.36482 27.0872367463
27.060 0.36468 27.0972505122
27.070 0.36455 27.1072642781
27.080 0.36441 27.117278044
27.090 0.36428 27.1272918099
27.100 0.36414 27.1373055758
27.110 0.36401 27.1473193417
27.120 0.36388 27.1573331076
27.130 0.36374 27.1673468735
27.140 0.36361 27.1773606394
27.150 0.36348 27.1873744053
27.160 0.36334 27.1973881712
27.170 0.36321 27.207401937
27.180 0.36308 27.2174157029
27.190 0.36294 27.2274294688
27.200 0.36281 27.2374432347
27.210 0.36268 27.2474570006
27.220 0.36255 27.2574707665
27.230 0.36241 27.2674845324
27.240 0.36228 27.2774982983
27.250 0.36215 27.2875120642
27.260 0.36202 27.2975258301
27.270 0.36188 27.307539596
27.280 0.36175 27.3175533619
27.290 0.36162 27.3275671278
27.300 0.36149 27.3375808937
27.310 0.36136 27.3475946596
27.320 0.36122 27.3576084255
27.330 0.36109 27.3676221914
27.340 0.36096 27.3776359573
27.350 0.36083 27.3876497232
27.360 0.36070 27.3976634891
27.370 0.36057 27.4076772549
27.380 0.36044 27.4176910208
27.390 0.36031 27.4277047867
27.400 0.36017 27.4377185526
27.410 0.36004 27.4477323185
27.420 0.35991 27.4577460844
27.430 0.35978 27.4677598503
27.440 0.35965 27.4777736162
27.450 0.35952 27.4877873821
27.460 0.35939 27.497801148
27.470 0.35926 27.5078149139
27.480 0.35913 27.5178286798
27.490 0.35900 27.5278424457
27.500 0.35887 27.5378562116
27.510 0.35874 27.5478699775
27.520 0.35861 27.5578837434
27.530 0.35848 27.5678975093
27.540 0.35835 27.5779112752
27.550 0.35822 27.5879250411
27.560 0.35809 27.597938807
27.570 0.35796 27.6079525729
27.580 0.35783 27.6179663387
27.590 0.35771 27.6279801046
27.600 0.35758 27.6379938705
27.610 0.35745 27.6480076364
27.620 0.35732 27.6580214023
27.630 0.35719 27.6680351682
27.640 0.35706 27.6780489341
27.650 0.35693 27.6880627
27.660 0.35680 27.6980764659
27.670 0.35668 27.7080902318
27.680 0.35655 27.7181039977
27.690 0.35642 27.7281177636
27.700 0.35629 27.7381315295
27.710 0.35616 27.7481452954
27.720 0.35603 27.7581590613
27.730 0.35591 27.7681728272
27.740 0.35578 27.7781865931
27.750 0.35565 27.788200359
27.760 0.35552 27.7982141249
27.770 0.35540 27.8082278908
27.780 0.35527 27.8182416566
27.790 0.35514 27.8282554225
27.800 0.35501 27.8382691884
27.810 0.35489 27.8482829543
27.820 0.35476 27.8582967202
27.830 0.35463 27.8683104861
27.840 0.35451 27.878324252
27.850 0.35438 27.8883380179
27.860 0.35425 27.8983517838
27.870 0.35413 27.9083655497
27.880 0.35400 27.9183793156
27.890 0.35387 27.9283930815
27.900 0.35375 27.9384068474
27.910 0.35362 27.9484206133
27.920 0.35350 27.9584343792
27.930 0.35337 27.9684481451
27.940 0.35324 27.978461911
27.950 0.35312 27.9884756769
27.960 0.35299 27.9984894428
27.970 0.35287 28.0085032087
27.980 0.35274 28.0185169746
27.990 0.35262 28.0285307404
28.000 0.35249 28.0385445063
28.010 0.35236 28.0485582722
28.020 0.35224 28.0585720381
28.030 0.35211 28.068585804
28.040 0.35199 28.0785995699
28.050 0.35186 28.0886133358
28.060 0.35174 28.0986271017
28.070 0.35162 28.1086408676
28.080 0.35149 28.1186546335
28.090 0.35137 28.1286683994
28.100 0.35124 28.1386821653
28.110 0.35112 28.1486959312
28.120 0.35099 28.1587096971
28.130 0.35087 28.168723463
28.140 0.35074 28.1787372289
28.150 0.35062 28.1887509948
28.160 0.35050 28.1987647607
28.170 0.35037 28.2087785266
28.180 0.35025 28.2187922925
28.190 0.35013 28.2288060583
28.200 0.35000 28.2388198242
28.210 0.34988 28.2488335901
28.220 0.34975 28.258847356
28.230 0.34963 28.2688611219
28.240 0.34951 28.2788748878
28.250 0.34938 28.2888886537
28.260 0.34926 28.2989024196
28.270 0.34914 28.3089161855
28.280 0.34902 28.3189299514
28.290 0.34889 28.3289437173
28.300 0.34877 28.3389574832
28.310 0.34865 28.3489712491
28.320 0.34853 28.358985015
28.330 0.34840 28.3689987809
28.340 0.34828 28.3790125468
28.350 0.34816 28.3890263127
28.360 0.34804 28.3990400786
28.370 0.34791 28.4090538445
28.380 0.34779 28.4190676104
28.390 0.34767 28.4290813763
28.400 0.34755 28.4390951421
28.410 0.34743 28.449108908
28.420 0.34730 28.4591226739
28.430 0.34718 28.4691364398
28.440 0.34706 28.4791502057
28.450 0.34694 28.4891639716
28.460 0.34682 28.4991777375
28.470 0.34670 28.5091915034
28.480 0.34658 28.5192052693
28.490 0.34646 28.5292190352
28.500 0.34633 28.5392328011
28.510 0.34621 28.549246567
28.520 0.34609 28.5592603329
28.530 0.34597 28.5692740988
28.540 0.34585 28.5792878647
28.550 0.34573 28.5893016306
28.560 0.34561 28.5993153965
28.570 0.34549 28.6093291624
28.580 0.34537 28.6193429283
28.590 0.34525 28.6293566942
28.600 0.34513 28.63937046
28.610 0.34501 28.6493842259
28.620 0.34489 28.6593979918
28.630 0.34477 28.6694117577
28.640 0.34465 28.6794255236
28.650 0.34453 28.6894392895
28.660 0.34441 28.6994530554
28.670 0.34429 28.7094668213
28.680 0.34417 28.7194805872
28.690 0.34405 28.7294943531
28.700 0.34393 28.739508119
28.710 0.34381 28.7495218849
28.720 0.34369 28.7595356508
28.730 0.34357 28.7695494167
28.740 0.34346 28.7795631826
28.750 0.34334 28.7895769485
28.760 0.34322 28.7995907144
28.770 0.34310 28.8096044803
28.780 0.34298 28.8196182462
28.790 0.34286 28.8296320121
28.800 0.34274 28.839645778
28.810 0.34263 28.8496595438
28.820 0.34251 28.8596733097
28.830 0.34239 28.8696870756
28.840 0.34227 28.8797008415
28.850 0.34215 28.8897146074
28.860 0.34203 28.8997283733
28.870 0.34192 28.9097421392
28.880 0.34180 28.9197559051
28.890 0.34168 28.929769671
28.900 0.34156 28.9397834369
28.910 0.34145 28.9497972028
28.920 0.34133 28.9598109687
28.930 0.34121 28.9698247346
28.940 0.34109 28.9798385005
28.950 0.34098 28.9898522664
28.960 0.34086 28.9998660323
28.970 0.34074 29.0098797982
28.980 0.34062 29.0198935641
28.990 0.34051 29.02990733
29.000 0.34039 29.0399210959
29.010 0.34027 29.0499348617
29.020 0.34016 29.0599486276
29.030 0.34004 29.0699623935
29.040 0.33992 29.0799761594
29.050 0.33981 29.0899899253
29.060 0.33969 29.1000036912
29.070 0.33958 29.1100174571
29.080 0.33946 29.120031223
29.090 0.33934 29.1300449889
29.100 0.33923 29.1400587548
29.110 0.33911 29.1500725207
29.120 0.33900 29.1600862866
29.130 0.33888 29.1701000525
29.140 0.33876 29.1801138184
29.150 0.33865 29.1901275843
29.160 0.33853 29.2001413502
29.170 0.33842 29.2101551161
29.180 0.33830 29.220168882
29.190 0.33819 29.2301826479
29.200 0.33807 29.2401964138
29.210 0.33796 29.2502101797
29.220 0.33784 29.2602239455
29.230 0.33773 29.2702377114
29.240 0.33761 29.2802514773
29.250 0.33750 29.2902652432
29.260 0.33738 29.3002790091
29.270 0.33727 29.310292775
29.280 0.33715 29.3203065409
29.290 0.33704 29.3303203068
29.300 0.33692 29.3403340727
29.310 0.33681 29.3503478386
29.320 0.33669 29.3603616045
29.330 0.33658 29.3703753704
29.340 0.33647 29.3803891363
29.350 0.33635 29.3904029022
29.360 0.33624 29.4004166681
29.370 0.33612 29.410430434
29.380 0.33601 29.4204441999
29.390 0.33590 29.4304579658
29.400 0.33578 29.4404717317
29.410 0.33567 29.4504854976
29.420 0.33556 29.4604992634
29.430 0.33544 29.4705130293
29.440 0.33533 29.4805267952
29.450 0.33522 29.4905405611
29.460 0.33510 29.500554327
29.470 0.33499 29.5105680929
29.480 0.33488 29.5205818588
29.490 0.33476 29.5305956247
29.500 0.33465 29.5406093906
29.510 0.33454 29.5506231565
29.520 0.33442 29.5606369224
29.530 0.33431 29.5706506883
29.540 0.33420 29.5806644542
29.550 0.33409 29.5906782201
29.560 0.33397 29.600691986
29.570 0.33386 29.6107057519
29.580 0.33375 29.6207195178
29.590 0.33364 29.6307332837
29.600 0.33352 29.6407470496
29.610 0.33341 29.6507608155
29.620 0.33330 29.6607745814
29.630 0.33319 29.6707883472
29.640 0.33308 29.6808021131
29.650 0.33297 29.690815879
29.660 0.33285 29.7008296449
29.670 0.33274 29.7108434108
29.680 0.33263 29.7208571767
29.690 0.33252 29.7308709426
29.700 0.33241 29.7408847085
29.710 0.33230 29.7508984744
29.720 0.33219 29.7609122403
29.730 0.33207 29.7709260062
29.740 0.33196 29.7809397721
29.750 0.33185 29.790953538
29.760 0.33174 29.8009673039
29.770 0.33163 29.8109810698
29.780 0.33152 29.8209948357
29.790 0.33141 29.8310086016
29.800 0.33130 29.8410223675
29.810 0.33119 29.8510361334
29.820 0.33108 29.8610498993
29.830 0.33097 29.8710636651
29.840 0.33086 29.881077431
29.850 0.33075 29.8910911969
29.860 0.33064 29.9011049628
29.870 0.33053 29.9111187287
29.880 0.33042 29.9211324946
29.890 0.33031 29.9311462605
29.900 0.33020 29.9411600264
29.910 0.33009 29.9511737923
29.920 0.32998 29.9611875582
29.930 0.32987 29.9712013241
29.940 0.32976 29.98121509
29.950 0.32965 29.9912288559
29.960 0.32954 30.0012426218
29.970 0.32943 30.0112563877
29.980 0.32932 30.0212701536
29.990 0.32921 30.0312839195
30.000 0.32910 30.0412976854
