0.10000 147.71
0.11000 134.28
0.12000 123.09
0.13000 113.62
0.14000 105.51
0.15000 98.475
0.16000 92.320
0.17000 86.890
0.18000 82.063
0.19000 77.745
0.20000 73.858
0.21000 70.341
0.22000 67.144
0.23000 64.225
0.24000 61.549
0.25000 59.088
0.26000 56.815
0.27000 54.711
0.28000 52.758
0.29000 50.939
0.30000 49.241
0.31000 47.653
0.32000 46.164
0.33000 44.765
0.34000 43.449
0.35000 42.208
0.36000 41.035
0.37000 39.926
0.38000 38.876
0.39000 37.879
0.40000 36.933
0.41000 36.032
0.42000 35.174
0.43000 34.356
0.44000 33.576
0.45000 32.830
0.46000 32.116
0.47000 31.433
0.48000 30.778
0.49000 30.150
0.50000 29.547
0.51000 28.968
0.52000 28.411
0.53000 27.875
0.54000 27.359
0.55000 26.862
0.56000 26.382
0.57000 25.920
0.58000 25.473
0.59000 25.041
0.60000 24.624
0.61000 24.221
0.62000 23.830
0.63000 23.452
0.64000 23.086
0.65000 22.730
0.66000 22.386
0.67000 22.052
0.68000 21.728
0.69000 21.413
0.70000 21.107
0.71000 20.810
0.72000 20.521
0.73000 20.240
0.74000 19.967
0.75000 19.701
0.76000 19.442
0.77000 19.189
0.78000 18.943
0.79000 18.704
0.80000 18.470
0.81000 18.242
0.82000 18.020
0.83000 17.803
0.84000 17.591
0.85000 17.384
0.86000 17.182
0.87000 16.984
0.88000 16.791
0.89000 16.603
0.90000 16.418
0.91000 16.238
0.92000 16.062
0.93000 15.889
0.94000 15.720
0.95000 15.555
0.96000 15.393
0.97000 15.234
0.98000 15.079
0.99000 14.927
1.0000 14.777
1.0100 14.631
1.0200 14.488
1.0300 14.347
1.0400 14.209
1.0500 14.074
1.0600 13.941
1.0700 13.811
1.0800 13.683
1.0900 13.558
1.1000 13.435
1.1100 13.314
1.1200 13.195
1.1300 13.078
1.1400 12.963
1.1500 12.851
1.1600 12.740
1.1700 12.631
1.1800 12.524
1.1900 12.419
1.2000 12.316
1.2100 12.214
1.2200 12.114
1.2300 12.015
1.2400 11.919
1.2500 11.823
1.2600 11.730
1.2700 11.637
1.2800 11.546
1.2900 11.457
1.3000 11.369
1.3100 11.282
1.3200 11.197
1.3300 11.113
1.3400 11.030
1.3500 10.948
1.3600 10.868
1.3700 10.788
1.3800 10.710
1.3900 10.633
1.4000 10.557
1.4100 10.483
1.4200 10.409
1.4300 10.336
1.4400 10.264
1.4500 10.194
1.4600 10.124
1.4700 10.055
1.4800 9.9871
1.4900 9.9201
1.5000 9.8540
1.5100 9.7888
1.5200 9.7244
1.5300 9.6609
1.5400 9.5982
1.5500 9.5364
1.5600 9.4753
1.5700 9.4150
1.5800 9.3554
1.5900 9.2966
1.6000 9.2386
1.6100 9.1812
1.6200 9.1246
1.6300 9.0687
1.6400 9.0134
1.6500 8.9588
1.6600 8.9049
1.6700 8.8516
1.6800 8.7990
1.6900 8.7470
1.7000 8.6956
1.7100 8.6447
1.7200 8.5945
1.7300 8.5449
1.7400 8.4958
1.7500 8.4473
1.7600 8.3994
1.7700 8.3520
1.7800 8.3051
1.7900 8.2587
1.8000 8.2129
1.8100 8.1675
1.8200 8.1227
1.8300 8.0784
1.8400 8.0345
1.8500 7.9911
1.8600 7.9482
1.8700 7.9057
1.8800 7.8637
1.8900 7.8221
1.9000 7.7810
1.9100 7.7403
1.9200 7.7000
1.9300 7.6602
1.9400 7.6207
1.9500 7.5817
1.9600 7.5430
1.9700 7.5048
1.9800 7.4669
1.9900 7.4294
2.0000 7.3923
2.0100 7.3556
2.0200 7.3192
2.0300 7.2832
2.0400 7.2475
2.0500 7.2122
2.0600 7.1772
2.0700 7.1426
2.0800 7.1083
2.0900 7.0743
2.1000 7.0406
2.1100 7.0073
2.1200 6.9743
2.1300 6.9416
2.1400 6.9092
2.1500 6.8771
2.1600 6.8453
2.1700 6.8138
2.1800 6.7825
2.1900 6.7516
2.2000 6.7209
2.2100 6.6906
2.2200 6.6605
2.2300 6.6306
2.2400 6.6011
2.2500 6.5718
2.2600 6.5427
2.2700 6.5139
2.2800 6.4854
2.2900 6.4571
2.3000 6.4291
2.3100 6.4013
2.3200 6.3737
2.3300 6.3464
2.3400 6.3193
2.3500 6.2924
2.3600 6.2658
2.3700 6.2394
2.3800 6.2132
2.3900 6.1872
2.4000 6.1615
2.4100 6.1359
2.4200 6.1106
2.4300 6.0855
2.4400 6.0606
2.4500 6.0359
2.4600 6.0114
2.4700 5.9871
2.4800 5.9630
2.4900 5.9390
2.5000 5.9153
2.5100 5.8918
2.5200 5.8684
2.5300 5.8453
2.5400 5.8223
2.5500 5.7995
2.5600 5.7768
2.5700 5.7544
2.5800 5.7321
2.5900 5.7100
2.6000 5.6881
2.6100 5.6663
2.6200 5.6447
2.6300 5.6233
2.6400 5.6020
2.6500 5.5809
2.6600 5.5599
2.6700 5.5391
2.6800 5.5185
2.6900 5.4980
2.7000 5.4777
2.7100 5.4575
2.7200 5.4375
2.7300 5.4176
2.7400 5.3978
2.7500 5.3782
2.7600 5.3588
2.7700 5.3394
2.7800 5.3203
2.7900 5.3012
2.8000 5.2823
2.8100 5.2635
2.8200 5.2449
2.8300 5.2264
2.8400 5.2080
2.8500 5.1898
2.8600 5.1716
2.8700 5.1536
2.8800 5.1358
2.8900 5.1180
2.9000 5.1004
2.9100 5.0829
2.9200 5.0655
2.9300 5.0483
2.9400 5.0311
2.9500 5.0141
2.9600 4.9972
2.9700 4.9804
2.9800 4.9637
2.9900 4.9471
3.0000 4.9306
3.0100 4.9143
3.0200 4.8980
3.0300 4.8819
3.0400 4.8659
3.0500 4.8499
3.0600 4.8341
3.0700 4.8184
3.0800 4.8028
3.0900 4.7872
3.1000 4.7718
3.1100 4.7565
3.1200 4.7413
3.1300 4.7262
3.1400 4.7111
3.1500 4.6962
3.1600 4.6814
3.1700 4.6666
3.1800 4.6520
3.1900 4.6374
3.2000 4.6229
3.2100 4.6086
3.2200 4.5943
3.2300 4.5801
3.2400 4.5659
3.2500 4.5519
3.2600 4.5380
3.2700 4.5241
3.2800 4.5104
3.2900 4.4967
3.3000 4.4831
3.3100 4.4695
3.3200 4.4561
3.3300 4.4427
3.3400 4.4295
3.3500 4.4163
3.3600 4.4031
3.3700 4.3901
3.3800 4.3771
3.3900 4.3642
3.4000 4.3514
3.4100 4.3387
3.4200 4.3260
3.4300 4.3134
3.4400 4.3009
3.4500 4.2885
3.4600 4.2761
3.4700 4.2638
3.4800 4.2516
3.4900 4.2394
3.5000 4.2273
3.5100 4.2153
3.5200 4.2033
3.5300 4.1914
3.5400 4.1796
3.5500 4.1679
3.5600 4.1562
3.5700 4.1446
3.5800 4.1330
3.5900 4.1215
3.6000 4.1101
3.6100 4.0987
3.6200 4.0874
3.6300 4.0762
3.6400 4.0650
3.6500 4.0539
3.6600 4.0428
3.6700 4.0318
3.6800 4.0209
3.6900 4.0100
3.7000 3.9992
3.7100 3.9884
3.7200 3.9777
3.7300 3.9671
3.7400 3.9565
3.7500 3.9460
3.7600 3.9355
3.7700 3.9251
3.7800 3.9147
3.7900 3.9044
3.8000 3.8941
3.8100 3.8839
3.8200 3.8738
3.8300 3.8637
3.8400 3.8537
3.8500 3.8437
3.8600 3.8337
3.8700 3.8238
3.8800 3.8140
3.8900 3.8042
3.9000 3.7945
3.9100 3.7848
3.9200 3.7752
3.9300 3.7656
3.9400 3.7560
3.9500 3.7465
3.9600 3.7371
3.9700 3.7277
3.9800 3.7184
3.9900 3.7091
4.0000 3.6998
4.0100 3.6906
4.0200 3.6814
4.0300 3.6723
4.0400 3.6632
4.0500 3.6542
4.0600 3.6452
4.0700 3.6363
4.0800 3.6274
4.0900 3.6186
4.1000 3.6097
4.1100 3.6010
4.1200 3.5923
4.1300 3.5836
4.1400 3.5749
4.1500 3.5663
4.1600 3.5578
4.1700 3.5493
4.1800 3.5408
4.1900 3.5324
4.2000 3.5240
4.2100 3.5156
4.2200 3.5073
4.2300 3.4990
4.2400 3.4908
4.2500 3.4826
4.2600 3.4744
4.2700 3.4663
4.2800 3.4582
4.2900 3.4502
4.3000 3.4422
4.3100 3.4342
4.3200 3.4263
4.3300 3.4184
4.3400 3.4105
4.3500 3.4027
4.3600 3.3949
4.3700 3.3872
4.3800 3.3795
4.3900 3.3718
4.4000 3.3641
4.4100 3.3565
4.4200 3.3489
4.4300 3.3414
4.4400 3.3339
4.4500 3.3264
4.4600 3.3190
4.4700 3.3116
4.4800 3.3042
4.4900 3.2968
4.5000 3.2895
4.5100 3.2823
4.5200 3.2750
4.5300 3.2678
4.5400 3.2606
4.5500 3.2535
4.5600 3.2463
4.5700 3.2393
4.5800 3.2322
4.5900 3.2252
4.6000 3.2182
4.6100 3.2112
4.6200 3.2043
4.6300 3.1974
4.6400 3.1905
4.6500 3.1837
4.6600 3.1768
4.6700 3.1701
4.6800 3.1633
4.6900 3.1566
4.7000 3.1499
4.7100 3.1432
4.7200 3.1365
4.7300 3.1299
4.7400 3.1233
4.7500 3.1168
4.7600 3.1103
4.7700 3.1037
4.7800 3.0973
4.7900 3.0908
4.8000 3.0844
4.8100 3.0780
4.8200 3.0716
4.8300 3.0653
4.8400 3.0590
4.8500 3.0527
4.8600 3.0464
4.8700 3.0402
4.8800 3.0339
4.8900 3.0278
4.9000 3.0216
4.9100 3.0155
4.9200 3.0093
4.9300 3.0033
4.9400 2.9972
4.9500 2.9911
4.9600 2.9851
4.9700 2.9791
4.9800 2.9732
4.9900 2.9672
5.0000 2.9613
5.1000 2.9034
5.1100 2.8977
5.1200 2.8921
5.1300 2.8865
5.1400 2.8809
5.1500 2.8753
5.1600 2.8697
5.1700 2.8642
5.1800 2.8587
5.1900 2.8532
5.2000 2.8477
5.2100 2.8422
5.2200 2.8368
5.2300 2.8314
5.2400 2.8260
5.2500 2.8206
5.2600 2.8153
5.2700 2.8100
5.2800 2.8047
5.2900 2.7994
5.3000 2.7941
5.3100 2.7889
5.3200 2.7836
5.3300 2.7784
5.3400 2.7732
5.3500 2.7681
5.3600 2.7629
5.3700 2.7578
5.3800 2.7527
5.3900 2.7476
5.4000 2.7425
5.4100 2.7374
5.4200 2.7324
5.4300 2.7274
5.4400 2.7224
5.4500 2.7174
5.4600 2.7124
5.4700 2.7075
5.4800 2.7026
5.4900 2.6977
5.5000 2.6928
5.5100 2.6879
5.5200 2.6830
5.5300 2.6782
5.5400 2.6734
5.5500 2.6686
5.5600 2.6638
5.5700 2.6590
5.5800 2.6543
5.5900 2.6495
5.6000 2.6448
5.6100 2.6401
5.6200 2.6354
5.6300 2.6308
5.6400 2.6261
5.6500 2.6215
5.6600 2.6169
5.6700 2.6123
5.6800 2.6077
5.6900 2.6031
5.7000 2.5985
5.7100 2.5940
5.7200 2.5895
5.7300 2.5850
5.7400 2.5805
5.7500 2.5760
5.7600 2.5716
5.7700 2.5671
5.7800 2.5627
5.7900 2.5583
5.8000 2.5539
5.8100 2.5495
5.8200 2.5451
5.8300 2.5408
5.8400 2.5364
5.8500 2.5321
5.8600 2.5278
5.8700 2.5235
5.8800 2.5192
5.8900 2.5150
5.9000 2.5107
5.9100 2.5065
5.9200 2.5022
5.9300 2.4980
5.9400 2.4938
5.9500 2.4897
5.9600 2.4855
5.9700 2.4814
5.9800 2.4772
5.9900 2.4731
6.0000 2.4690
6.0100 2.4649
6.0200 2.4608
6.0300 2.4567
6.0400 2.4527
6.0500 2.4486
6.0600 2.4446
6.0700 2.4406
6.0800 2.4366
6.0900 2.4326
6.1000 2.4286
6.1100 2.4247
6.1200 2.4207
6.1300 2.4168
6.1400 2.4129
6.1500 2.4089
6.1600 2.4050
6.1700 2.4012
6.1800 2.3973
6.1900 2.3934
6.2000 2.3896
6.2100 2.3857
6.2200 2.3819
6.2300 2.3781
6.2400 2.3743
6.2500 2.3705
6.2600 2.3667
6.2700 2.3630
6.2800 2.3592
6.2900 2.3555
6.3000 2.3518
6.3100 2.3480
6.3200 2.3443
6.3300 2.3407
6.3400 2.3370
6.3500 2.3333
6.3600 2.3296
6.3700 2.3260
6.3800 2.3224
6.3900 2.3187
6.4000 2.3151
6.4100 2.3115
6.4200 2.3079
6.4300 2.3044
6.4400 2.3008
6.4500 2.2972
6.4600 2.2937
6.4700 2.2902
6.4800 2.2866
6.4900 2.2831
6.5000 2.2796
6.5100 2.2761
6.5200 2.2727
6.5300 2.2692
6.5400 2.2657
6.5500 2.2623
6.5600 2.2588
6.5700 2.2554
6.5800 2.2520
6.5900 2.2486
6.6000 2.2452
6.6100 2.2418
6.6200 2.2384
6.6300 2.2351
6.6400 2.2317
6.6500 2.2284
6.6600 2.2250
6.6700 2.2217
6.6800 2.2184
6.6900 2.2151
6.7000 2.2118
6.7100 2.2085
6.7200 2.2052
6.7300 2.2020
6.7400 2.1987
6.7500 2.1955
6.7600 2.1922
6.7700 2.1890
6.7800 2.1858
6.7900 2.1826
6.8000 2.1794
6.8100 2.1762
6.8200 2.1730
6.8300 2.1698
6.8400 2.1667
6.8500 2.1635
6.8600 2.1604
6.8700 2.1572
6.8800 2.1541
6.8900 2.1510
6.9000 2.1479
6.9100 2.1448
6.9200 2.1417
6.9300 2.1386
6.9400 2.1356
6.9500 2.1325
6.9600 2.1294
6.9700 2.1264
6.9800 2.1234
6.9900 2.1203
7.0000 2.1173
7.0100 2.1143
7.0200 2.1113
7.0300 2.1083
7.0400 2.1053
7.0500 2.1024
7.0600 2.0994
7.0700 2.0964
7.0800 2.0935
7.0900 2.0905
7.1000 2.0876
7.1100 2.0847
7.1200 2.0818
7.1300 2.0789
7.1400 2.0760
7.1500 2.0731
7.1600 2.0702
7.1700 2.0673
7.1800 2.0644
7.1900 2.0616
7.2000 2.0587
7.2100 2.0559
7.2200 2.0530
7.2300 2.0502
7.2400 2.0474
7.2500 2.0446
7.2600 2.0418
7.2700 2.0390
7.2800 2.0362
7.2900 2.0334
7.3000 2.0306
7.3100 2.0278
7.3200 2.0251
7.3300 2.0223
7.3400 2.0196
7.3500 2.0169
7.3600 2.0141
7.3700 2.0114
7.3800 2.0087
7.3900 2.0060
7.4000 2.0033
7.4100 2.0006
7.4200 1.9979
7.4300 1.9952
7.4400 1.9925
7.4500 1.9899
7.4600 1.9872
7.4700 1.9846
7.4800 1.9819
7.4900 1.9793
7.5000 1.9767
7.5100 1.9740
7.5200 1.9714
7.5300 1.9688
7.5400 1.9662
7.5500 1.9636
7.5600 1.9610
7.5700 1.9585
7.5800 1.9559
7.5900 1.9533
7.6000 1.9507
7.6100 1.9482
7.6200 1.9456
7.6300 1.9431
7.6400 1.9406
7.6500 1.9380
7.6600 1.9355
7.6700 1.9330
7.6800 1.9305
7.6900 1.9280
7.7000 1.9255
7.7100 1.9230
7.7200 1.9205
7.7300 1.9181
7.7400 1.9156
7.7500 1.9131
7.7600 1.9107
7.7700 1.9082
7.7800 1.9058
7.7900 1.9034
7.8000 1.9009
7.8100 1.8985
7.8200 1.8961
7.8300 1.8937
7.8400 1.8913
7.8500 1.8889
7.8600 1.8865
7.8700 1.8841
7.8800 1.8817
7.8900 1.8793
7.9000 1.8770
7.9100 1.8746
7.9200 1.8722
7.9300 1.8699
7.9400 1.8675
7.9500 1.8652
7.9600 1.8629
7.9700 1.8605
7.9800 1.8582
7.9900 1.8559
8.0000 1.8536
8.0100 1.8513
8.0200 1.8490
8.0300 1.8467
8.0400 1.8444
8.0500 1.8421
8.0600 1.8398
8.0700 1.8376
8.0800 1.8353
8.0900 1.8330
8.1000 1.8308
8.1100 1.8285
8.1200 1.8263
8.1300 1.8241
8.1400 1.8218
8.1500 1.8196
8.1600 1.8174
8.1700 1.8152
8.1800 1.8130
8.1900 1.8108
8.2000 1.8086
8.2100 1.8064
8.2200 1.8042
8.2300 1.8020
8.2400 1.7998
8.2500 1.7976
8.2600 1.7955
8.2700 1.7933
8.2800 1.7911
8.2900 1.7890
8.3000 1.7869
8.3100 1.7847
8.3200 1.7826
8.3300 1.7804
8.3400 1.7783
8.3500 1.7762
8.3600 1.7741
8.3700 1.7720
8.3800 1.7699
8.3900 1.7678
8.4000 1.7657
8.4100 1.7636
8.4200 1.7615
8.4300 1.7594
8.4400 1.7573
8.4500 1.7553
8.4600 1.7532
8.4700 1.7511
8.4800 1.7491
8.4900 1.7470
8.5000 1.7450
8.5100 1.7429
8.5200 1.7409
8.5300 1.7389
8.5400 1.7368
8.5500 1.7348
8.5600 1.7328
8.5700 1.7308
8.5800 1.7288
8.5900 1.7268
8.6000 1.7248
8.6100 1.7228
8.6200 1.7208
8.6300 1.7188
8.6400 1.7168
8.6500 1.7149
8.6600 1.7129
8.6700 1.7109
8.6800 1.7089
8.6900 1.7070
8.7000 1.7050
8.7100 1.7031
8.7200 1.7011
8.7300 1.6992
8.7400 1.6973
8.7500 1.6953
8.7600 1.6934
8.7700 1.6915
8.7800 1.6896
8.7900 1.6877
8.8000 1.6857
8.8100 1.6838
8.8200 1.6819
8.8300 1.6800
8.8400 1.6782
8.8500 1.6763
8.8600 1.6744
8.8700 1.6725
8.8800 1.6706
8.8900 1.6688
8.9000 1.6669
8.9100 1.6650
8.9200 1.6632
8.9300 1.6613
8.9400 1.6595
8.9500 1.6576
8.9600 1.6558
8.9700 1.6539
8.9800 1.6521
8.9900 1.6503
9.0000 1.6485
9.0100 1.6466
9.0200 1.6448
9.0300 1.6430
9.0400 1.6412
9.0500 1.6394
9.0600 1.6376
9.0700 1.6358
9.0800 1.6340
9.0900 1.6322
9.1000 1.6304
9.1100 1.6286
9.1200 1.6269
9.1300 1.6251
9.1400 1.6233
9.1500 1.6215
9.1600 1.6198
9.1700 1.6180
9.1800 1.6163
9.1900 1.6145
9.2000 1.6128
9.2100 1.6110
9.2200 1.6093
9.2300 1.6076
9.2400 1.6058
9.2500 1.6041
9.2600 1.6024
9.2700 1.6007
9.2800 1.5989
9.2900 1.5972
9.3000 1.5955
9.3100 1.5938
9.3200 1.5921
9.3300 1.5904
9.3400 1.5887
9.3500 1.5870
9.3600 1.5853
9.3700 1.5836
9.3800 1.5820
9.3900 1.5803
9.4000 1.5786
9.4100 1.5769
9.4200 1.5753
9.4300 1.5736
9.4400 1.5720
9.4500 1.5703
9.4600 1.5687
9.4700 1.5670
9.4800 1.5654
9.4900 1.5637
9.5000 1.5621
9.5100 1.5604
9.5200 1.5588
9.5300 1.5572
9.5400 1.5556
9.5500 1.5539
9.5600 1.5523
9.5700 1.5507
9.5800 1.5491
9.5900 1.5475
9.6000 1.5459
9.6100 1.5443
9.6200 1.5427
9.6300 1.5411
9.6400 1.5395
9.6500 1.5379
9.6600 1.5363
9.6700 1.5347
9.6800 1.5332
9.6900 1.5316
9.7000 1.5300
9.7100 1.5285
9.7200 1.5269
9.7300 1.5253
9.7400 1.5238
9.7500 1.5222
9.7600 1.5207
9.7700 1.5191
9.7800 1.5176
9.7900 1.5160
9.8000 1.5145
9.8100 1.5130
9.8200 1.5114
9.8300 1.5099
9.8400 1.5084
9.8500 1.5068
9.8600 1.5053
9.8700 1.5038
9.8800 1.5023
9.8900 1.5008
9.9000 1.4993
9.9100 1.4978
9.9200 1.4963
9.9300 1.4948
9.9400 1.4933
9.9500 1.4918
9.9600 1.4903
9.9700 1.4888
9.9800 1.4873
9.9900 1.4858
10.000 1.4843
10.100 1.4697
10.110 1.4683
10.120 1.4668
10.130 1.4654
10.140 1.4640
10.150 1.4625
10.160 1.4611
10.170 1.4597
10.180 1.4582
10.190 1.4568
10.200 1.4554
10.210 1.4540
10.220 1.4526
10.230 1.4511
10.240 1.4497
10.250 1.4483
10.260 1.4469
10.270 1.4455
10.280 1.4441
10.290 1.4427
10.300 1.4413
10.310 1.4399
10.320 1.4386
10.330 1.4372
10.340 1.4358
10.350 1.4344
10.360 1.4330
10.370 1.4317
10.380 1.4303
10.390 1.4289
10.400 1.4275
10.410 1.4262
10.420 1.4248
10.430 1.4235
10.440 1.4221
10.450 1.4207
10.460 1.4194
10.470 1.4180
10.480 1.4167
10.490 1.4154
10.500 1.4140
10.510 1.4127
10.520 1.4113
10.530 1.4100
10.540 1.4087
10.550 1.4074
10.560 1.4060
10.570 1.4047
10.580 1.4034
10.590 1.4021
10.600 1.4007
10.610 1.3994
10.620 1.3981
10.630 1.3968
10.640 1.3955
10.650 1.3942
10.660 1.3929
10.670 1.3916
10.680 1.3903
10.690 1.3890
10.700 1.3877
10.710 1.3864
10.720 1.3852
10.730 1.3839
10.740 1.3826
10.750 1.3813
10.760 1.3800
10.770 1.3788
10.780 1.3775
10.790 1.3762
10.800 1.3749
10.810 1.3737
10.820 1.3724
10.830 1.3712
10.840 1.3699
10.850 1.3686
10.860 1.3674
10.870 1.3661
10.880 1.3649
10.890 1.3636
10.900 1.3624
10.910 1.3612
10.920 1.3599
10.930 1.3587
10.940 1.3574
10.950 1.3562
10.960 1.3550
10.970 1.3538
10.980 1.3525
10.990 1.3513
11.000 1.3501
11.010 1.3489
11.020 1.3476
11.030 1.3464
11.040 1.3452
11.050 1.3440
11.060 1.3428
11.070 1.3416
11.080 1.3404
11.090 1.3392
11.100 1.3380
11.110 1.3368
11.120 1.3356
11.130 1.3344
11.140 1.3332
11.150 1.3320
11.160 1.3308
11.170 1.3296
11.180 1.3285
11.190 1.3273
11.200 1.3261
11.210 1.3249
11.220 1.3238
11.230 1.3226
11.240 1.3214
11.250 1.3202
11.260 1.3191
11.270 1.3179
11.280 1.3168
11.290 1.3156
11.300 1.3144
11.310 1.3133
11.320 1.3121
11.330 1.3110
11.340 1.3098
11.350 1.3087
11.360 1.3075
11.370 1.3064
11.380 1.3053
11.390 1.3041
11.400 1.3030
11.410 1.3018
11.420 1.3007
11.430 1.2996
11.440 1.2984
11.450 1.2973
11.460 1.2962
11.470 1.2951
11.480 1.2939
11.490 1.2928
11.500 1.2917
11.510 1.2906
11.520 1.2895
11.530 1.2884
11.540 1.2873
11.550 1.2861
11.560 1.2850
11.570 1.2839
11.580 1.2828
11.590 1.2817
11.600 1.2806
11.610 1.2795
11.620 1.2784
11.630 1.2774
11.640 1.2763
11.650 1.2752
11.660 1.2741
11.670 1.2730
11.680 1.2719
11.690 1.2708
11.700 1.2698
11.710 1.2687
11.720 1.2676
11.730 1.2665
11.740 1.2655
11.750 1.2644
11.760 1.2633
11.770 1.2622
11.780 1.2612
11.790 1.2601
11.800 1.2591
11.810 1.2580
11.820 1.2569
11.830 1.2559
11.840 1.2548
11.850 1.2538
11.860 1.2527
11.870 1.2517
11.880 1.2506
11.890 1.2496
11.900 1.2485
11.910 1.2475
11.920 1.2465
11.930 1.2454
11.940 1.2444
11.950 1.2433
11.960 1.2423
11.970 1.2413
11.980 1.2403
11.990 1.2392
12.000 1.2382
12.010 1.2372
12.020 1.2362
12.030 1.2351
12.040 1.2341
12.050 1.2331
12.060 1.2321
12.070 1.2311
12.080 1.2300
12.090 1.2290
12.100 1.2280
12.110 1.2270
12.120 1.2260
12.130 1.2250
12.140 1.2240
12.150 1.2230
12.160 1.2220
12.170 1.2210
12.180 1.2200
12.190 1.2190
12.200 1.2180
12.210 1.2170
12.220 1.2160
12.230 1.2151
12.240 1.2141
12.250 1.2131
12.260 1.2121
12.270 1.2111
12.280 1.2101
12.290 1.2092
12.300 1.2082
12.310 1.2072
12.320 1.2062
12.330 1.2053
12.340 1.2043
12.350 1.2033
12.360 1.2024
12.370 1.2014
12.380 1.2004
12.390 1.1995
12.400 1.1985
12.410 1.1975
12.420 1.1966
12.430 1.1956
12.440 1.1947
12.450 1.1937
12.460 1.1928
12.470 1.1918
12.480 1.1909
12.490 1.1899
12.500 1.1890
12.510 1.1880
12.520 1.1871
12.530 1.1861
12.540 1.1852
12.550 1.1843
12.560 1.1833
12.570 1.1824
12.580 1.1815
12.590 1.1805
12.600 1.1796
12.610 1.1787
12.620 1.1777
12.630 1.1768
12.640 1.1759
12.650 1.1750
12.660 1.1740
12.670 1.1731
12.680 1.1722
12.690 1.1713
12.700 1.1704
12.710 1.1694
12.720 1.1685
12.730 1.1676
12.740 1.1667
12.750 1.1658
12.760 1.1649
12.770 1.1640
12.780 1.1631
12.790 1.1622
12.800 1.1613
12.810 1.1604
12.820 1.1595
12.830 1.1586
12.840 1.1577
12.850 1.1568
12.860 1.1559
12.870 1.1550
12.880 1.1541
12.890 1.1532
12.900 1.1523
12.910 1.1514
12.920 1.1506
12.930 1.1497
12.940 1.1488
12.950 1.1479
12.960 1.1470
12.970 1.1462
12.980 1.1453
12.990 1.1444
13.000 1.1435
13.010 1.1427
13.020 1.1418
13.030 1.1409
13.040 1.1400
13.050 1.1392
13.060 1.1383
13.070 1.1374
13.080 1.1366
13.090 1.1357
13.100 1.1349
13.110 1.1340
13.120 1.1331
13.130 1.1323
13.140 1.1314
13.150 1.1306
13.160 1.1297
13.170 1.1289
13.180 1.1280
13.190 1.1272
13.200 1.1263
13.210 1.1255
13.220 1.1246
13.230 1.1238
13.240 1.1229
13.250 1.1221
13.260 1.1213
13.270 1.1204
13.280 1.1196
13.290 1.1187
13.300 1.1179
13.310 1.1171
13.320 1.1162
13.330 1.1154
13.340 1.1146
13.350 1.1137
13.360 1.1129
13.370 1.1121
13.380 1.1113
13.390 1.1104
13.400 1.1096
13.410 1.1088
13.420 1.1080
13.430 1.1072
13.440 1.1063
13.450 1.1055
13.460 1.1047
13.470 1.1039
13.480 1.1031
13.490 1.1023
13.500 1.1015
13.510 1.1006
13.520 1.0998
13.530 1.0990
13.540 1.0982
13.550 1.0974
13.560 1.0966
13.570 1.0958
13.580 1.0950
13.590 1.0942
13.600 1.0934
13.610 1.0926
13.620 1.0918
13.630 1.0910
13.640 1.0902
13.650 1.0894
13.660 1.0886
13.670 1.0878
13.680 1.0871
13.690 1.0863
13.700 1.0855
13.710 1.0847
13.720 1.0839
13.730 1.0831
13.740 1.0823
13.750 1.0816
13.760 1.0808
13.770 1.0800
13.780 1.0792
13.790 1.0784
13.800 1.0777
13.810 1.0769
13.820 1.0761
13.830 1.0753
13.840 1.0746
13.850 1.0738
13.860 1.0730
13.870 1.0723
13.880 1.0715
13.890 1.0707
13.900 1.0700
13.910 1.0692
13.920 1.0684
13.930 1.0677
13.940 1.0669
13.950 1.0662
13.960 1.0654
13.970 1.0646
13.980 1.0639
13.990 1.0631
14.000 1.0624
14.010 1.0616
14.020 1.0609
14.030 1.0601
14.040 1.0594
14.050 1.0586
14.060 1.0579
14.070 1.0571
14.080 1.0564
14.090 1.0556
14.100 1.0549
14.110 1.0542
14.120 1.0534
14.130 1.0527
14.140 1.0519
14.150 1.0512
14.160 1.0505
14.170 1.0497
14.180 1.0490
14.190 1.0483
14.200 1.0475
14.210 1.0468
14.220 1.0461
14.230 1.0453
14.240 1.0446
14.250 1.0439
14.260 1.0432
14.270 1.0424
14.280 1.0417
14.290 1.0410
14.300 1.0403
14.310 1.0395
14.320 1.0388
14.330 1.0381
14.340 1.0374
14.350 1.0367
14.360 1.0359
14.370 1.0352
14.380 1.0345
14.390 1.0338
14.400 1.0331
14.410 1.0324
14.420 1.0317
14.430 1.0309
14.440 1.0302
14.450 1.0295
14.460 1.0288
14.470 1.0281
14.480 1.0274
14.490 1.0267
14.500 1.0260
14.510 1.0253
14.520 1.0246
14.530 1.0239
14.540 1.0232
14.550 1.0225
14.560 1.0218
14.570 1.0211
14.580 1.0204
14.590 1.0197
14.600 1.0190
14.610 1.0183
14.620 1.0176
14.630 1.0170
14.640 1.0163
14.650 1.0156
14.660 1.0149
14.670 1.0142
14.680 1.0135
14.690 1.0128
14.700 1.0122
14.710 1.0115
14.720 1.0108
14.730 1.0101
14.740 1.0094
14.750 1.0087
14.760 1.0081
14.770 1.0074
14.780 1.0067
14.790 1.0060
14.800 1.0054
14.810 1.0047
14.820 1.0040
14.830 1.0033
14.840 1.0027
14.850 1.0020
14.860 1.0013
14.870 1.0007
14.880 1.0000
14.890 0.99933
14.900 0.99867
14.910 0.99800
14.920 0.99734
14.930 0.99668
14.940 0.99601
14.950 0.99535
14.960 0.99469
14.970 0.99403
14.980 0.99337
14.990 0.99272
15.000 0.99206
15.100 0.98554
15.110 0.98489
15.120 0.98425
15.130 0.98360
15.140 0.98296
15.150 0.98231
15.160 0.98167
15.170 0.98103
15.180 0.98038
15.190 0.97974
15.200 0.97910
15.210 0.97847
15.220 0.97783
15.230 0.97719
15.240 0.97655
15.250 0.97592
15.260 0.97528
15.270 0.97465
15.280 0.97402
15.290 0.97339
15.300 0.97275
15.310 0.97212
15.320 0.97149
15.330 0.97087
15.340 0.97024
15.350 0.96961
15.360 0.96898
15.370 0.96836
15.380 0.96773
15.390 0.96711
15.400 0.96649
15.410 0.96586
15.420 0.96524
15.430 0.96462
15.440 0.96400
15.450 0.96338
15.460 0.96277
15.470 0.96215
15.480 0.96153
15.490 0.96092
15.500 0.96030
15.510 0.95969
15.520 0.95907
15.530 0.95846
15.540 0.95785
15.550 0.95724
15.560 0.95663
15.570 0.95602
15.580 0.95541
15.590 0.95480
15.600 0.95419
15.610 0.95359
15.620 0.95298
15.630 0.95238
15.640 0.95177
15.650 0.95117
15.660 0.95057
15.670 0.94996
15.680 0.94936
15.690 0.94876
15.700 0.94816
15.710 0.94756
15.720 0.94697
15.730 0.94637
15.740 0.94577
15.750 0.94518
15.760 0.94458
15.770 0.94399
15.780 0.94339
15.790 0.94280
15.800 0.94221
15.810 0.94162
15.820 0.94103
15.830 0.94044
15.840 0.93985
15.850 0.93926
15.860 0.93867
15.870 0.93809
15.880 0.93750
15.890 0.93692
15.900 0.93633
15.910 0.93575
15.920 0.93516
15.930 0.93458
15.940 0.93400
15.950 0.93342
15.960 0.93284
15.970 0.93226
15.980 0.93168
15.990 0.93110
16.000 0.93053
16.010 0.92995
16.020 0.92937
16.030 0.92880
16.040 0.92823
16.050 0.92765
16.060 0.92708
16.070 0.92651
16.080 0.92593
16.090 0.92536
16.100 0.92479
16.110 0.92422
16.120 0.92366
16.130 0.92309
16.140 0.92252
16.150 0.92195
16.160 0.92139
16.170 0.92082
16.180 0.92026
16.190 0.91970
16.200 0.91913
16.210 0.91857
16.220 0.91801
16.230 0.91745
16.240 0.91689
16.250 0.91633
16.260 0.91577
16.270 0.91521
16.280 0.91465
16.290 0.91410
16.300 0.91354
16.310 0.91298
16.320 0.91243
16.330 0.91188
16.340 0.91132
16.350 0.91077
16.360 0.91022
16.370 0.90967
16.380 0.90911
16.390 0.90856
16.400 0.90802
16.410 0.90747
16.420 0.90692
16.430 0.90637
16.440 0.90582
16.450 0.90528
16.460 0.90473
16.470 0.90419
16.480 0.90364
16.490 0.90310
16.500 0.90256
16.510 0.90202
16.520 0.90147
16.530 0.90093
16.540 0.90039
16.550 0.89985
16.560 0.89932
16.570 0.89878
16.580 0.89824
16.590 0.89770
16.600 0.89717
16.610 0.89663
16.620 0.89610
16.630 0.89556
16.640 0.89503
16.650 0.89450
16.660 0.89396
16.670 0.89343
16.680 0.89290
16.690 0.89237
16.700 0.89184
16.710 0.89131
16.720 0.89078
16.730 0.89025
16.740 0.88973
16.750 0.88920
16.760 0.88867
16.770 0.88815
16.780 0.88762
16.790 0.88710
16.800 0.88658
16.810 0.88605
16.820 0.88553
16.830 0.88501
16.840 0.88449
16.850 0.88397
16.860 0.88345
16.870 0.88293
16.880 0.88241
16.890 0.88189
16.900 0.88137
16.910 0.88086
16.920 0.88034
16.930 0.87983
16.940 0.87931
16.950 0.87880
16.960 0.87828
16.970 0.87777
16.980 0.87726
16.990 0.87675
17.000 0.87623
17.010 0.87572
17.020 0.87521
17.030 0.87470
17.040 0.87420
17.050 0.87369
17.060 0.87318
17.070 0.87267
17.080 0.87217
17.090 0.87166
17.100 0.87115
17.110 0.87065
17.120 0.87015
17.130 0.86964
17.140 0.86914
17.150 0.86864
17.160 0.86814
17.170 0.86763
17.180 0.86713
17.190 0.86663
17.200 0.86613
17.210 0.86564
17.220 0.86514
17.230 0.86464
17.240 0.86414
17.250 0.86365
17.260 0.86315
17.270 0.86265
17.280 0.86216
17.290 0.86166
17.300 0.86117
17.310 0.86068
17.320 0.86019
17.330 0.85969
17.340 0.85920
17.350 0.85871
17.360 0.85822
17.370 0.85773
17.380 0.85724
17.390 0.85675
17.400 0.85627
17.410 0.85578
17.420 0.85529
17.430 0.85480
17.440 0.85432
17.450 0.85383
17.460 0.85335
17.470 0.85286
17.480 0.85238
17.490 0.85190
17.500 0.85142
17.510 0.85093
17.520 0.85045
17.530 0.84997
17.540 0.84949
17.550 0.84901
17.560 0.84853
17.570 0.84805
17.580 0.84758
17.590 0.84710
17.600 0.84662
17.610 0.84614
17.620 0.84567
17.630 0.84519
17.640 0.84472
17.650 0.84424
17.660 0.84377
17.670 0.84330
17.680 0.84282
17.690 0.84235
17.700 0.84188
17.710 0.84141
17.720 0.84094
17.730 0.84047
17.740 0.84000
17.750 0.83953
17.760 0.83906
17.770 0.83859
17.780 0.83813
17.790 0.83766
17.800 0.83719
17.810 0.83673
17.820 0.83626
17.830 0.83580
17.840 0.83533
17.850 0.83487
17.860 0.83441
17.870 0.83394
17.880 0.83348
17.890 0.83302
17.900 0.83256
17.910 0.83210
17.920 0.83164
17.930 0.83118
17.940 0.83072
17.950 0.83026
17.960 0.82980
17.970 0.82935
17.980 0.82889
17.990 0.82843
18.000 0.82798
18.010 0.82752
18.020 0.82707
18.030 0.82661
18.040 0.82616
18.050 0.82570
18.060 0.82525
18.070 0.82480
18.080 0.82435
18.090 0.82389
18.100 0.82344
18.110 0.82299
18.120 0.82254
18.130 0.82209
18.140 0.82164
18.150 0.82120
18.160 0.82075
18.170 0.82030
18.180 0.81985
18.190 0.81941
18.200 0.81896
18.210 0.81852
18.220 0.81807
18.230 0.81763
18.240 0.81718
18.250 0.81674
18.260 0.81630
18.270 0.81585
18.280 0.81541
18.290 0.81497
18.300 0.81453
18.310 0.81409
18.320 0.81365
18.330 0.81321
18.340 0.81277
18.350 0.81233
18.360 0.81189
18.370 0.81145
18.380 0.81102
18.390 0.81058
18.400 0.81014
18.410 0.80971
18.420 0.80927
18.430 0.80884
18.440 0.80840
18.450 0.80797
18.460 0.80753
18.470 0.80710
18.480 0.80667
18.490 0.80624
18.500 0.80580
18.510 0.80537
18.520 0.80494
18.530 0.80451
18.540 0.80408
18.550 0.80365
18.560 0.80322
18.570 0.80279
18.580 0.80237
18.590 0.80194
18.600 0.80151
18.610 0.80109
18.620 0.80066
18.630 0.80023
18.640 0.79981
18.650 0.79938
18.660 0.79896
18.670 0.79854
18.680 0.79811
18.690 0.79769
18.700 0.79727
18.710 0.79684
18.720 0.79642
18.730 0.79600
18.740 0.79558
18.750 0.79516
18.760 0.79474
18.770 0.79432
18.780 0.79390
18.790 0.79348
18.800 0.79307
18.810 0.79265
18.820 0.79223
18.830 0.79182
18.840 0.79140
18.850 0.79098
18.860 0.79057
18.870 0.79015
18.880 0.78974
18.890 0.78932
18.900 0.78891
18.910 0.78850
18.920 0.78808
18.930 0.78767
18.940 0.78726
18.950 0.78685
18.960 0.78644
18.970 0.78603
18.980 0.78562
18.990 0.78521
19.000 0.78480
19.010 0.78439
19.020 0.78398
19.030 0.78357
19.040 0.78317
19.050 0.78276
19.060 0.78235
19.070 0.78195
19.080 0.78154
19.090 0.78113
19.100 0.78073
19.110 0.78033
19.120 0.77992
19.130 0.77952
19.140 0.77911
19.150 0.77871
19.160 0.77831
19.170 0.77791
19.180 0.77750
19.190 0.77710
19.200 0.77670
19.210 0.77630
19.220 0.77590
19.230 0.77550
19.240 0.77510
19.250 0.77471
19.260 0.77431
19.270 0.77391
19.280 0.77351
19.290 0.77311
19.300 0.77272
19.310 0.77232
19.320 0.77193
19.330 0.77153
19.340 0.77114
19.350 0.77074
19.360 0.77035
19.370 0.76995
19.380 0.76956
19.390 0.76917
19.400 0.76877
19.410 0.76838
19.420 0.76799
19.430 0.76760
19.440 0.76721
19.450 0.76682
19.460 0.76643
19.470 0.76604
19.480 0.76565
19.490 0.76526
19.500 0.76487
19.510 0.76448
19.520 0.76410
19.530 0.76371
19.540 0.76332
19.550 0.76293
19.560 0.76255
19.570 0.76216
19.580 0.76178
19.590 0.76139
19.600 0.76101
19.610 0.76062
19.620 0.76024
19.630 0.75986
19.640 0.75947
19.650 0.75909
19.660 0.75871
19.670 0.75833
19.680 0.75794
19.690 0.75756
19.700 0.75718
19.710 0.75680
19.720 0.75642
19.730 0.75604
19.740 0.75566
19.750 0.75529
19.760 0.75491
19.770 0.75453
19.780 0.75415
19.790 0.75377
19.800 0.75340
19.810 0.75302
19.820 0.75264
19.830 0.75227
19.840 0.75189
19.850 0.75152
19.860 0.75114
19.870 0.75077
19.880 0.75040
19.890 0.75002
19.900 0.74965
19.910 0.74928
19.920 0.74890
19.930 0.74853
19.940 0.74816
19.950 0.74779
19.960 0.74742
19.970 0.74705
19.980 0.74668
19.990 0.74631
20.000 0.74594
20.100 0.74227
20.110 0.74190
20.120 0.74154
20.130 0.74117
20.140 0.74081
20.150 0.74044
20.160 0.74008
20.170 0.73972
20.180 0.73935
20.190 0.73899
20.200 0.73863
20.210 0.73827
20.220 0.73791
20.230 0.73755
20.240 0.73719
20.250 0.73682
20.260 0.73646
20.270 0.73611
20.280 0.73575
20.290 0.73539
20.300 0.73503
20.310 0.73467
20.320 0.73431
20.330 0.73396
20.340 0.73360
20.350 0.73324
20.360 0.73289
20.370 0.73253
20.380 0.73217
20.390 0.73182
20.400 0.73146
20.410 0.73111
20.420 0.73075
20.430 0.73040
20.440 0.73005
20.450 0.72969
20.460 0.72934
20.470 0.72899
20.480 0.72864
20.490 0.72828
20.500 0.72793
20.510 0.72758
20.520 0.72723
20.530 0.72688
20.540 0.72653
20.550 0.72618
20.560 0.72583
20.570 0.72548
20.580 0.72513
20.590 0.72478
20.600 0.72444
20.610 0.72409
20.620 0.72374
20.630 0.72339
20.640 0.72305
20.650 0.72270
20.660 0.72235
20.670 0.72201
20.680 0.72166
20.690 0.72132
20.700 0.72097
20.710 0.72063
20.720 0.72028
20.730 0.71994
20.740 0.71960
20.750 0.71925
20.760 0.71891
20.770 0.71857
20.780 0.71823
20.790 0.71789
20.800 0.71754
20.810 0.71720
20.820 0.71686
20.830 0.71652
20.840 0.71618
20.850 0.71584
20.860 0.71550
20.870 0.71516
20.880 0.71482
20.890 0.71449
20.900 0.71415
20.910 0.71381
20.920 0.71347
20.930 0.71313
20.940 0.71280
20.950 0.71246
20.960 0.71212
20.970 0.71179
20.980 0.71145
20.990 0.71112
21.000 0.71078
21.010 0.71045
21.020 0.71011
21.030 0.70978
21.040 0.70945
21.050 0.70911
21.060 0.70878
21.070 0.70845
21.080 0.70811
21.090 0.70778
21.100 0.70745
21.110 0.70712
21.120 0.70679
21.130 0.70646
21.140 0.70613
21.150 0.70580
21.160 0.70547
21.170 0.70514
21.180 0.70481
21.190 0.70448
21.200 0.70415
21.210 0.70382
21.220 0.70349
21.230 0.70317
21.240 0.70284
21.250 0.70251
21.260 0.70218
21.270 0.70186
21.280 0.70153
21.290 0.70121
21.300 0.70088
21.310 0.70055
21.320 0.70023
21.330 0.69990
21.340 0.69958
21.350 0.69926
21.360 0.69893
21.370 0.69861
21.380 0.69829
21.390 0.69796
21.400 0.69764
21.410 0.69732
21.420 0.69700
21.430 0.69667
21.440 0.69635
21.450 0.69603
21.460 0.69571
21.470 0.69539
21.480 0.69507
21.490 0.69475
21.500 0.69443
21.510 0.69411
21.520 0.69379
21.530 0.69347
21.540 0.69316
21.550 0.69284
21.560 0.69252
21.570 0.69220
21.580 0.69189
21.590 0.69157
21.600 0.69125
21.610 0.69094
21.620 0.69062
21.630 0.69030
21.640 0.68999
21.650 0.68967
21.660 0.68936
21.670 0.68904
21.680 0.68873
21.690 0.68842
21.700 0.68810
21.710 0.68779
21.720 0.68747
21.730 0.68716
21.740 0.68685
21.750 0.68654
21.760 0.68623
21.770 0.68591
21.780 0.68560
21.790 0.68529
21.800 0.68498
21.810 0.68467
21.820 0.68436
21.830 0.68405
21.840 0.68374
21.850 0.68343
21.860 0.68312
21.870 0.68281
21.880 0.68250
21.890 0.68220
21.900 0.68189
21.910 0.68158
21.920 0.68127
21.930 0.68097
21.940 0.68066
21.950 0.68035
21.960 0.68005
21.970 0.67974
21.980 0.67943
21.990 0.67913
22.000 0.67882
22.010 0.67852
22.020 0.67821
22.030 0.67791
22.040 0.67760
22.050 0.67730
22.060 0.67700
22.070 0.67669
22.080 0.67639
22.090 0.67609
22.100 0.67579
22.110 0.67548
22.120 0.67518
22.130 0.67488
22.140 0.67458
22.150 0.67428
22.160 0.67398
22.170 0.67368
22.180 0.67338
22.190 0.67308
22.200 0.67278
22.210 0.67248
22.220 0.67218
22.230 0.67188
22.240 0.67158
22.250 0.67128
22.260 0.67098
22.270 0.67069
22.280 0.67039
22.290 0.67009
22.300 0.66979
22.310 0.66950
22.320 0.66920
22.330 0.66890
22.340 0.66861
22.350 0.66831
22.360 0.66802
22.370 0.66772
22.380 0.66743
22.390 0.66713
22.400 0.66684
22.410 0.66654
22.420 0.66625
22.430 0.66596
22.440 0.66566
22.450 0.66537
22.460 0.66508
22.470 0.66478
22.480 0.66449
22.490 0.66420
22.500 0.66391
22.510 0.66362
22.520 0.66333
22.530 0.66303
22.540 0.66274
22.550 0.66245
22.560 0.66216
22.570 0.66187
22.580 0.66158
22.590 0.66129
22.600 0.66100
22.610 0.66072
22.620 0.66043
22.630 0.66014
22.640 0.65985
22.650 0.65956
22.660 0.65927
22.670 0.65899
22.680 0.65870
22.690 0.65841
22.700 0.65813
22.710 0.65784
22.720 0.65755
22.730 0.65727
22.740 0.65698
22.750 0.65670
22.760 0.65641
22.770 0.65613
22.780 0.65584
22.790 0.65556
22.800 0.65527
22.810 0.65499
22.820 0.65471
22.830 0.65442
22.840 0.65414
22.850 0.65386
22.860 0.65357
22.870 0.65329
22.880 0.65301
22.890 0.65273
22.900 0.65245
22.910 0.65216
22.920 0.65188
22.930 0.65160
22.940 0.65132
22.950 0.65104
22.960 0.65076
22.970 0.65048
22.980 0.65020
22.990 0.64992
23.000 0.64964
23.010 0.64936
23.020 0.64909
23.030 0.64881
23.040 0.64853
23.050 0.64825
23.060 0.64797
23.070 0.64769
23.080 0.64742
23.090 0.64714
23.100 0.64686
23.110 0.64659
23.120 0.64631
23.130 0.64603
23.140 0.64576
23.150 0.64548
23.160 0.64521
23.170 0.64493
23.180 0.64466
23.190 0.64438
23.200 0.64411
23.210 0.64383
23.220 0.64356
23.230 0.64329
23.240 0.64301
23.250 0.64274
23.260 0.64247
23.270 0.64219
23.280 0.64192
23.290 0.64165
23.300 0.64138
23.310 0.64111
23.320 0.64083
23.330 0.64056
23.340 0.64029
23.350 0.64002
23.360 0.63975
23.370 0.63948
23.380 0.63921
23.390 0.63894
23.400 0.63867
23.410 0.63840
23.420 0.63813
23.430 0.63786
23.440 0.63759
23.450 0.63732
23.460 0.63706
23.470 0.63679
23.480 0.63652
23.490 0.63625
23.500 0.63598
23.510 0.63572
23.520 0.63545
23.530 0.63518
23.540 0.63492
23.550 0.63465
23.560 0.63438
23.570 0.63412
23.580 0.63385
23.590 0.63359
23.600 0.63332
23.610 0.63306
23.620 0.63279
23.630 0.63253
23.640 0.63226
23.650 0.63200
23.660 0.63174
23.670 0.63147
23.680 0.63121
23.690 0.63095
23.700 0.63068
23.710 0.63042
23.720 0.63016
23.730 0.62989
23.740 0.62963
23.750 0.62937
23.760 0.62911
23.770 0.62885
23.780 0.62859
23.790 0.62833
23.800 0.62806
23.810 0.62780
23.820 0.62754
23.830 0.62728
23.840 0.62702
23.850 0.62676
23.860 0.62650
23.870 0.62625
23.880 0.62599
23.890 0.62573
23.900 0.62547
23.910 0.62521
23.920 0.62495
23.930 0.62469
23.940 0.62444
23.950 0.62418
23.960 0.62392
23.970 0.62367
23.980 0.62341
23.990 0.62315
24.000 0.62290
24.010 0.62264
24.020 0.62238
24.030 0.62213
24.040 0.62187
24.050 0.62162
24.060 0.62136
24.070 0.62111
24.080 0.62085
24.090 0.62060
24.100 0.62034
24.110 0.62009
24.120 0.61983
24.130 0.61958
24.140 0.61933
24.150 0.61907
24.160 0.61882
24.170 0.61857
24.180 0.61832
24.190 0.61806
24.200 0.61781
24.210 0.61756
24.220 0.61731
24.230 0.61706
24.240 0.61680
24.250 0.61655
24.260 0.61630
24.270 0.61605
24.280 0.61580
24.290 0.61555
24.300 0.61530
24.310 0.61505
24.320 0.61480
24.330 0.61455
24.340 0.61430
24.350 0.61405
24.360 0.61380
24.370 0.61356
24.380 0.61331
24.390 0.61306
24.400 0.61281
24.410 0.61256
24.420 0.61231
24.430 0.61207
24.440 0.61182
24.450 0.61157
24.460 0.61133
24.470 0.61108
24.480 0.61083
24.490 0.61059
24.500 0.61034
24.510 0.61009
24.520 0.60985
24.530 0.60960
24.540 0.60936
24.550 0.60911
24.560 0.60887
24.570 0.60862
24.580 0.60838
24.590 0.60814
24.600 0.60789
24.610 0.60765
24.620 0.60740
24.630 0.60716
24.640 0.60692
24.650 0.60667
24.660 0.60643
24.670 0.60619
24.680 0.60595
24.690 0.60570
24.700 0.60546
24.710 0.60522
24.720 0.60498
24.730 0.60474
24.740 0.60449
24.750 0.60425
24.760 0.60401
24.770 0.60377
24.780 0.60353
24.790 0.60329
24.800 0.60305
24.810 0.60281
24.820 0.60257
24.830 0.60233
24.840 0.60209
24.850 0.60185
24.860 0.60161
24.870 0.60138
24.880 0.60114
24.890 0.60090
24.900 0.60066
24.910 0.60042
24.920 0.60018
24.930 0.59995
24.940 0.59971
24.950 0.59947
24.960 0.59923
24.970 0.59900
24.980 0.59876
24.990 0.59852
25.000 0.59829
25.100 0.59594
25.110 0.59570
25.120 0.59547
25.130 0.59523
25.140 0.59500
25.150 0.59477
25.160 0.59453
25.170 0.59430
25.180 0.59407
25.190 0.59383
25.200 0.59360
25.210 0.59337
25.220 0.59314
25.230 0.59290
25.240 0.59267
25.250 0.59244
25.260 0.59221
25.270 0.59198
25.280 0.59175
25.290 0.59152
25.300 0.59129
25.310 0.59106
25.320 0.59082
25.330 0.59059
25.340 0.59036
25.350 0.59013
25.360 0.58991
25.370 0.58968
25.380 0.58945
25.390 0.58922
25.400 0.58899
25.410 0.58876
25.420 0.58853
25.430 0.58830
25.440 0.58807
25.450 0.58785
25.460 0.58762
25.470 0.58739
25.480 0.58716
25.490 0.58694
25.500 0.58671
25.510 0.58648
25.520 0.58626
25.530 0.58603
25.540 0.58580
25.550 0.58558
25.560 0.58535
25.570 0.58512
25.580 0.58490
25.590 0.58467
25.600 0.58445
25.610 0.58422
25.620 0.58400
25.630 0.58377
25.640 0.58355
25.650 0.58332
25.660 0.58310
25.670 0.58287
25.680 0.58265
25.690 0.58243
25.700 0.58220
25.710 0.58198
25.720 0.58176
25.730 0.58153
25.740 0.58131
25.750 0.58109
25.760 0.58087
25.770 0.58064
25.780 0.58042
25.790 0.58020
25.800 0.57998
25.810 0.57976
25.820 0.57953
25.830 0.57931
25.840 0.57909
25.850 0.57887
25.860 0.57865
25.870 0.57843
25.880 0.57821
25.890 0.57799
25.900 0.57777
25.910 0.57755
25.920 0.57733
25.930 0.57711
25.940 0.57689
25.950 0.57667
25.960 0.57645
25.970 0.57623
25.980 0.57601
25.990 0.57579
26.000 0.57558
26.010 0.57536
26.020 0.57514
26.030 0.57492
26.040 0.57470
26.050 0.57449
26.060 0.57427
26.070 0.57405
26.080 0.57383
26.090 0.57362
26.100 0.57340
26.110 0.57318
26.120 0.57297
26.130 0.57275
26.140 0.57253
26.150 0.57232
26.160 0.57210
26.170 0.57189
26.180 0.57167
26.190 0.57146
26.200 0.57124
26.210 0.57103
26.220 0.57081
26.230 0.57060
26.240 0.57038
26.250 0.57017
26.260 0.56995
26.270 0.56974
26.280 0.56953
26.290 0.56931
26.300 0.56910
26.310 0.56888
26.320 0.56867
26.330 0.56846
26.340 0.56825
26.350 0.56803
26.360 0.56782
26.370 0.56761
26.380 0.56740
26.390 0.56718
26.400 0.56697
26.410 0.56676
26.420 0.56655
26.430 0.56634
26.440 0.56613
26.440 0.56613
26.440 0.56613
26.450 0.56591
26.460 0.56570
26.470 0.56549
26.480 0.56528
26.490 0.56507
26.500 0.56486
26.510 0.56465
26.520 0.56444
26.530 0.56423
26.540 0.56402
26.550 0.56381
26.560 0.56360
26.570 0.56339
26.580 0.56318
26.590 0.56298
26.600 0.56277
26.610 0.56256
26.620 0.56235
26.630 0.56214
26.640 0.56193
26.650 0.56173
26.660 0.56152
26.670 0.56131
26.680 0.56110
26.690 0.56090
26.700 0.56069
26.710 0.56048
26.720 0.56027
26.730 0.56007
26.740 0.55986
26.750 0.55966
26.760 0.55945
26.770 0.55924
26.780 0.55904
26.790 0.55883
26.800 0.55863
26.810 0.55842
26.820 0.55821
26.830 0.55801
26.840 0.55780
26.850 0.55760
26.860 0.55740
26.870 0.55719
26.880 0.55699
26.890 0.55678
26.900 0.55658
26.910 0.55637
26.920 0.55617
26.930 0.55597
26.940 0.55576
26.950 0.55556
26.960 0.55536
26.970 0.55515
26.980 0.55495
26.990 0.55475
27.000 0.55455
27.010 0.55434
27.020 0.55414
27.030 0.55394
27.040 0.55374
27.050 0.55353
27.060 0.55333
27.070 0.55313
27.080 0.55293
27.090 0.55273
27.100 0.55253
27.110 0.55233
27.120 0.55213
27.130 0.55193
27.140 0.55172
27.150 0.55152
27.160 0.55132
27.170 0.55112
27.180 0.55092
27.190 0.55072
27.200 0.55052
27.210 0.55033
27.220 0.55013
27.230 0.54993
27.240 0.54973
27.250 0.54953
27.260 0.54933
27.270 0.54913
27.280 0.54893
27.290 0.54873
27.300 0.54854
27.310 0.54834
27.320 0.54814
27.330 0.54794
27.340 0.54775
27.350 0.54755
27.360 0.54735
27.370 0.54715
27.380 0.54696
27.390 0.54676
27.400 0.54656
27.410 0.54637
27.420 0.54617
27.430 0.54597
27.440 0.54578
27.450 0.54558
27.460 0.54539
27.470 0.54519
27.480 0.54499
27.490 0.54480
27.500 0.54460
27.510 0.54441
27.520 0.54421
27.530 0.54402
27.540 0.54382
27.550 0.54363
27.560 0.54344
27.570 0.54324
27.580 0.54305
27.590 0.54285
27.600 0.54266
27.610 0.54247
27.620 0.54227
27.630 0.54208
27.640 0.54188
27.650 0.54169
27.660 0.54150
27.670 0.54131
27.680 0.54111
27.690 0.54092
27.700 0.54073
27.710 0.54054
27.720 0.54034
27.730 0.54015
27.740 0.53996
27.750 0.53977
27.760 0.53958
27.770 0.53938
27.780 0.53919
27.790 0.53900
27.800 0.53881
27.810 0.53862
27.820 0.53843
27.830 0.53824
27.840 0.53805
27.850 0.53786
27.860 0.53767
27.870 0.53748
27.880 0.53729
27.890 0.53710
27.900 0.53691
27.910 0.53672
27.920 0.53653
27.930 0.53634
27.940 0.53615
27.950 0.53596
27.960 0.53577
27.970 0.53558
27.980 0.53539
27.990 0.53521
28.000 0.53502
28.010 0.53483
28.020 0.53464
28.030 0.53445
28.040 0.53427
28.050 0.53408
28.060 0.53389
28.070 0.53370
28.080 0.53352
28.090 0.53333
28.100 0.53314
28.110 0.53295
28.120 0.53277
28.130 0.53258
28.140 0.53240
28.150 0.53221
28.160 0.53202
28.170 0.53184
28.180 0.53165
28.190 0.53146
28.200 0.53128
28.210 0.53109
28.220 0.53091
28.230 0.53072
28.240 0.53054
28.250 0.53035
28.260 0.53017
28.270 0.52998
28.280 0.52980
28.290 0.52961
28.300 0.52943
28.310 0.52924
28.320 0.52906
28.330 0.52888
28.340 0.52869
28.350 0.52851
28.360 0.52833
28.370 0.52814
28.380 0.52796
28.390 0.52778
28.400 0.52759
28.410 0.52741
28.420 0.52723
28.430 0.52704
28.440 0.52686
28.450 0.52668
28.460 0.52650
28.470 0.52631
28.480 0.52613
28.490 0.52595
28.500 0.52577
28.510 0.52559
28.520 0.52541
28.530 0.52522
28.540 0.52504
28.550 0.52486
28.560 0.52468
28.570 0.52450
28.580 0.52432
28.590 0.52414
28.600 0.52396
28.610 0.52378
28.620 0.52360
28.630 0.52342
28.640 0.52324
28.650 0.52306
28.660 0.52288
28.670 0.52270
28.680 0.52252
28.690 0.52234
28.700 0.52216
28.710 0.52198
28.720 0.52180
28.730 0.52162
28.740 0.52144
28.750 0.52126
28.760 0.52109
28.770 0.52091
28.780 0.52073
28.790 0.52055
28.800 0.52037
28.810 0.52020
28.820 0.52002
28.830 0.51984
28.840 0.51966
28.850 0.51948
28.860 0.51931
28.870 0.51913
28.880 0.51895
28.890 0.51878
28.900 0.51860
28.910 0.51842
28.920 0.51825
28.930 0.51807
28.940 0.51789
28.950 0.51772
28.960 0.51754
28.970 0.51737
28.980 0.51719
28.990 0.51701
29.000 0.51684
29.010 0.51666
29.020 0.51649
29.030 0.51631
29.040 0.51614
29.050 0.51596
29.060 0.51579
29.070 0.51561
29.080 0.51544
29.090 0.51526
29.100 0.51509
29.110 0.51491
29.120 0.51474
29.130 0.51457
29.140 0.51439
29.150 0.51422
29.160 0.51405
29.170 0.51387
29.180 0.51370
29.190 0.51353
29.200 0.51335
29.210 0.51318
29.220 0.51301
29.230 0.51283
29.240 0.51266
29.250 0.51249
29.260 0.51232
29.270 0.51214
29.280 0.51197
29.290 0.51180
29.300 0.51163
29.310 0.51145
29.320 0.51128
29.330 0.51111
29.340 0.51094
29.350 0.51077
29.360 0.51060
29.370 0.51043
29.380 0.51025
29.390 0.51008
29.400 0.50991
29.410 0.50974
29.420 0.50957
29.430 0.50940
29.440 0.50923
29.450 0.50906
29.460 0.50889
29.470 0.50872
29.480 0.50855
29.490 0.50838
29.500 0.50821
29.510 0.50804
29.520 0.50787
29.530 0.50770
29.540 0.50753
29.550 0.50736
29.560 0.50720
29.570 0.50703
29.580 0.50686
29.590 0.50669
29.600 0.50652
29.610 0.50635
29.620 0.50618
29.630 0.50602
29.640 0.50585
29.650 0.50568
29.660 0.50551
29.670 0.50534
29.680 0.50518
29.690 0.50501
29.700 0.50484
29.710 0.50467
29.720 0.50451
29.730 0.50434
29.740 0.50417
29.750 0.50401
29.760 0.50384
29.770 0.50367
29.780 0.50351
29.790 0.50334
29.800 0.50317
29.810 0.50301
29.820 0.50284
29.830 0.50268
29.840 0.50251
29.850 0.50234
29.860 0.50218
29.870 0.50201
29.880 0.50185
29.890 0.50168
29.900 0.50152
29.910 0.50135
29.920 0.50119
29.930 0.50102
29.940 0.50086
29.950 0.50069
29.960 0.50053
29.970 0.50036
29.980 0.50020
29.990 0.50004
30.000 0.49987
