0.10000 196.95 0.101572267725
0.11000 179.04 0.111729494497
0.12000 164.12 0.12188672127
0.13000 151.50 0.132043948042
0.14000 140.68 0.142201174815
0.15000 131.30 0.152358401587
0.16000 123.09 0.16251562836
0.17000 115.85 0.172672855132
0.18000 109.42 0.182830081905
0.19000 103.66 0.192987308677
0.20000 98.478 0.20314453545
0.21000 93.789 0.213301762222
0.22000 89.526 0.223458988995
0.23000 85.634 0.233616215767
0.24000 82.066 0.24377344254
0.25000 78.784 0.253930669312
0.26000 75.754 0.264087896085
0.27000 72.949 0.274245122857
0.28000 70.344 0.28440234963
0.29000 67.919 0.294559576402
0.30000 65.655 0.304716803175
0.31000 63.538 0.314874029947
0.32000 61.552 0.32503125672
0.33000 59.687 0.335188483492
0.34000 57.932 0.345345710264
0.35000 56.277 0.355502937037
0.36000 54.714 0.365660163809
0.37000 53.236 0.375817390582
0.38000 51.835 0.385974617354
0.39000 50.506 0.396131844127
0.40000 49.244 0.406289070899
0.41000 48.043 0.416446297672
0.42000 46.900 0.426603524444
0.43000 45.809 0.436760751217
0.44000 44.768 0.446917977989
0.45000 43.774 0.457075204762
0.46000 42.822 0.467232431534
0.47000 41.911 0.477389658307
0.48000 41.038 0.487546885079
0.49000 40.201 0.497704111852
0.50000 39.397 0.507861338624
0.51000 38.625 0.518018565397
0.52000 37.882 0.528175792169
0.53000 37.168 0.538333018942
0.54000 36.480 0.548490245714
0.55000 35.817 0.558647472487
0.56000 35.177 0.568804699259
0.57000 34.560 0.578961926032
0.58000 33.965 0.589119152804
0.59000 33.389 0.599276379577
0.60000 32.833 0.609433606349
0.61000 32.295 0.619590833122
0.62000 31.774 0.629748059894
0.63000 31.270 0.639905286667
0.64000 30.781 0.650062513439
0.65000 30.308 0.660219740212
0.66000 29.849 0.670376966984
0.67000 29.404 0.680534193756
0.68000 28.971 0.690691420529
0.69000 28.552 0.700848647301
0.70000 28.144 0.711005874074
0.71000 27.748 0.721163100846
0.72000 27.362 0.731320327619
0.73000 26.988 0.741477554391
0.74000 26.623 0.751634781164
0.75000 26.268 0.761792007936
0.76000 25.923 0.771949234709
0.77000 25.586 0.782106461481
0.78000 25.258 0.792263688254
0.79000 24.939 0.802420915026
0.80000 24.627 0.812578141799
0.81000 24.323 0.822735368571
0.82000 24.027 0.832892595344
0.83000 23.737 0.843049822116
0.84000 23.455 0.853207048889
0.85000 23.179 0.863364275661
0.86000 22.910 0.873521502434
0.87000 22.646 0.883678729206
0.88000 22.389 0.893835955979
0.89000 22.138 0.903993182751
0.90000 21.892 0.914150409524
0.91000 21.651 0.924307636296
0.92000 21.416 0.934464863069
0.93000 21.186 0.944622089841
0.94000 20.961 0.954779316614
0.95000 20.740 0.964936543386
0.96000 20.524 0.975093770159
0.97000 20.313 0.985250996931
0.98000 20.106 0.995408223704
0.99000 19.903 1.00556545048
1.0000 19.704 1.01572267725
1.0100 19.509 1.02587990402
1.0200 19.318 1.03603713079
1.0300 19.130 1.04619435757
1.0400 18.946 1.05635158434
1.0500 18.766 1.06650881111
1.0600 18.589 1.07666603788
1.0700 18.415 1.08682326466
1.0800 18.245 1.09698049143
1.0900 18.078 1.1071377182
1.1000 17.913 1.11729494497
1.1100 17.752 1.12745217175
1.1200 17.594 1.13760939852
1.1300 17.438 1.14776662529
1.1400 17.285 1.15792385206
1.1500 17.135 1.16808107884
1.1600 16.987 1.17823830561
1.1700 16.842 1.18839553238
1.1800 16.700 1.19855275915
1.1900 16.559 1.20870998593
1.2000 16.422 1.2188672127
1.2100 16.286 1.22902443947
1.2200 16.152 1.23918166624
1.2300 16.021 1.24933889302
1.2400 15.892 1.25949611979
1.2500 15.765 1.26965334656
1.2600 15.640 1.27981057333
1.2700 15.517 1.28996780011
1.2800 15.396 1.30012502688
1.2900 15.277 1.31028225365
1.3000 15.159 1.32043948042
1.3100 15.043 1.3305967072
1.3200 14.930 1.34075393397
1.3300 14.817 1.35091116074
1.3400 14.707 1.36106838751
1.3500 14.598 1.37122561429
1.3600 14.491 1.38138284106
1.3700 14.385 1.39154006783
1.3800 14.281 1.4016972946
1.3900 14.178 1.41185452138
1.4000 14.077 1.42201174815
1.4100 13.977 1.43216897492
1.4200 13.879 1.44232620169
1.4300 13.782 1.45248342847
1.4400 13.686 1.46264065524
1.4500 13.592 1.47279788201
1.4600 13.499 1.48295510878
1.4700 13.407 1.49311233556
1.4800 13.317 1.50326956233
1.4900 13.227 1.5134267891
1.5000 13.139 1.52358401587
1.5100 13.052 1.53374124265
1.5200 12.967 1.54389846942
1.5300 12.882 1.55405569619
1.5400 12.798 1.56421292296
1.5500 12.716 1.57437014974
1.5600 12.634 1.58452737651
1.5700 12.554 1.59468460328
1.5800 12.475 1.60484183005
1.5900 12.396 1.61499905683
1.6000 12.319 1.6251562836
1.6100 12.242 1.63531351037
1.6200 12.167 1.64547073714
1.6300 12.092 1.65562796392
1.6400 12.018 1.66578519069
1.6500 11.946 1.67594241746
1.6600 11.874 1.68609964423
1.6700 11.803 1.696256871
1.6800 11.733 1.70641409778
1.6900 11.663 1.71657132455
1.7000 11.595 1.72672855132
1.7100 11.527 1.73688577809
1.7200 11.460 1.74704300487
1.7300 11.394 1.75720023164
1.7400 11.328 1.76735745841
1.7500 11.264 1.77751468518
1.7600 11.200 1.78767191196
1.7700 11.137 1.79782913873
1.7800 11.074 1.8079863655
1.7900 11.012 1.81814359227
1.8000 10.951 1.82830081905
1.8100 10.891 1.83845804582
1.8200 10.831 1.84861527259
1.8300 10.772 1.85877249936
1.8400 10.713 1.86892972614
1.8500 10.655 1.87908695291
1.8600 10.598 1.88924417968
1.8700 10.542 1.89940140645
1.8800 10.486 1.90955863323
1.8900 10.430 1.91971586
1.9000 10.375 1.92987308677
1.9100 10.321 1.94003031354
1.9200 10.267 1.95018754032
1.9300 10.214 1.96034476709
1.9400 10.162 1.97050199386
1.9500 10.110 1.98065922063
1.9600 10.058 1.99081644741
1.9700 10.007 2.00097367418
1.9800 9.9565 2.01113090095
1.9900 9.9065 2.02128812772
2.0000 9.8570 2.0314453545
2.0100 9.8080 2.04160258127
2.0200 9.7595 2.05175980804
2.0300 9.7115 2.06191703481
2.0400 9.6639 2.07207426159
2.0500 9.6169 2.08223148836
2.0600 9.5702 2.09238871513
2.0700 9.5240 2.1025459419
2.0800 9.4783 2.11270316868
2.0900 9.4330 2.12286039545
2.1000 9.3881 2.13301762222
2.1100 9.3437 2.14317484899
2.1200 9.2997 2.15333207577
2.1300 9.2560 2.16348930254
2.1400 9.2128 2.17364652931
2.1500 9.1700 2.18380375608
2.1600 9.1276 2.19396098286
2.1700 9.0856 2.20411820963
2.1800 9.0440 2.2142754364
2.1900 9.0027 2.22443266317
2.2000 8.9619 2.23458988995
2.2100 8.9214 2.24474711672
2.2200 8.8812 2.25490434349
2.2300 8.8414 2.26506157026
2.2400 8.8020 2.27521879704
2.2500 8.7629 2.28537602381
2.2600 8.7242 2.29553325058
2.2700 8.6858 2.30569047735
2.2800 8.6478 2.31584770413
2.2900 8.6101 2.3260049309
2.3000 8.5727 2.33616215767
2.3100 8.5356 2.34631938444
2.3200 8.4989 2.35647661122
2.3300 8.4624 2.36663383799
2.3400 8.4263 2.37679106476
2.3500 8.3905 2.38694829153
2.3600 8.3550 2.39710551831
2.3700 8.3198 2.40726274508
2.3800 8.2849 2.41741997185
2.3900 8.2502 2.42757719862
2.4000 8.2159 2.4377344254
2.4100 8.1819 2.44789165217
2.4200 8.1481 2.45804887894
2.4300 8.1146 2.46820610571
2.4400 8.0814 2.47836333249
2.4500 8.0484 2.48852055926
2.4600 8.0158 2.49867778603
2.4700 7.9834 2.5088350128
2.4800 7.9512 2.51899223958
2.4900 7.9193 2.52914946635
2.5000 7.8877 2.53930669312
2.5100 7.8563 2.54946391989
2.5200 7.8252 2.55962114667
2.5300 7.7943 2.56977837344
2.5400 7.7636 2.57993560021
2.5500 7.7332 2.59009282698
2.5600 7.7030 2.60025005376
2.5700 7.6731 2.61040728053
2.5800 7.6434 2.6205645073
2.5900 7.6139 2.63072173407
2.6000 7.5847 2.64087896085
2.6100 7.5557 2.65103618762
2.6200 7.5269 2.66119341439
2.6300 7.4983 2.67135064116
2.6400 7.4699 2.68150786794
2.6500 7.4418 2.69166509471
2.6600 7.4138 2.70182232148
2.6700 7.3861 2.71197954825
2.6800 7.3586 2.72213677503
2.6900 7.3313 2.7322940018
2.7000 7.3042 2.74245122857
2.7100 7.2773 2.75260845534
2.7200 7.2505 2.76276568212
2.7300 7.2240 2.77292290889
2.7400 7.1977 2.78308013566
2.7500 7.1715 2.79323736243
2.7600 7.1456 2.80339458921
2.7700 7.1198 2.81355181598
2.7800 7.0943 2.82370904275
2.7900 7.0689 2.83386626952
2.8000 7.0437 2.8440234963
2.8100 7.0186 2.85418072307
2.8200 6.9938 2.86433794984
2.8300 6.9691 2.87449517661
2.8400 6.9446 2.88465240339
2.8500 6.9203 2.89480963016
2.8600 6.8961 2.90496685693
2.8700 6.8721 2.9151240837
2.8800 6.8483 2.92528131048
2.8900 6.8246 2.93543853725
2.9000 6.8011 2.94559576402
2.9100 6.7778 2.95575299079
2.9200 6.7546 2.96591021757
2.9300 6.7316 2.97606744434
2.9400 6.7087 2.98622467111
2.9500 6.6860 2.99638189788
2.9600 6.6635 3.00653912466
2.9700 6.6411 3.01669635143
2.9800 6.6188 3.0268535782
2.9900 6.5967 3.03701080497
3.0000 6.5748 3.04716803175
3.0100 6.5530 3.05732525852
3.0200 6.5313 3.06748248529
3.0300 6.5098 3.07763971206
3.0400 6.4884 3.08779693884
3.0500 6.4672 3.09795416561
3.0600 6.4461 3.10811139238
3.0700 6.4251 3.11826861915
3.0800 6.4043 3.12842584593
3.0900 6.3836 3.1385830727
3.1000 6.3630 3.14874029947
3.1100 6.3426 3.15889752624
3.1200 6.3223 3.16905475302
3.1300 6.3021 3.17921197979
3.1400 6.2821 3.18936920656
3.1500 6.2622 3.19952643333
3.1600 6.2424 3.20968366011
3.1700 6.2227 3.21984088688
3.1800 6.2032 3.22999811365
3.1900 6.1838 3.24015534042
3.2000 6.1645 3.2503125672
3.2100 6.1453 3.26046979397
3.2200 6.1263 3.27062702074
3.2300 6.1073 3.28078424751
3.2400 6.0885 3.29094147429
3.2500 6.0698 3.30109870106
3.2600 6.0512 3.31125592783
3.2700 6.0328 3.3214131546
3.2800 6.0144 3.33157038138
3.2900 5.9961 3.34172760815
3.3000 5.9780 3.35188483492
3.3100 5.9600 3.36204206169
3.3200 5.9421 3.37219928847
3.3300 5.9242 3.38235651524
3.3400 5.9065 3.39251374201
3.3500 5.8889 3.40267096878
3.3600 5.8714 3.41282819555
3.3700 5.8540 3.42298542233
3.3800 5.8368 3.4331426491
3.3900 5.8196 3.44329987587
3.4000 5.8025 3.45345710264
3.4100 5.7855 3.46361432942
3.4200 5.7686 3.47377155619
3.4300 5.7518 3.48392878296
3.4400 5.7351 3.49408600973
3.4500 5.7185 3.50424323651
3.4600 5.7020 3.51440046328
3.4700 5.6856 3.52455769005
3.4800 5.6693 3.53471491682
3.4900 5.6531 3.5448721436
3.5000 5.6370 3.55502937037
3.5100 5.6210 3.56518659714
3.5200 5.6050 3.57534382391
3.5300 5.5892 3.58550105069
3.5400 5.5734 3.59565827746
3.5500 5.5577 3.60581550423
3.5600 5.5422 3.615972731
3.5700 5.5267 3.62612995778
3.5800 5.5113 3.63628718455
3.5900 5.4959 3.64644441132
3.6000 5.4807 3.65660163809
3.6100 5.4655 3.66675886487
3.6200 5.4505 3.67691609164
3.6300 5.4355 3.68707331841
3.6400 5.4206 3.69723054518
3.6500 5.4058 3.70738777196
3.6600 5.3910 3.71754499873
3.6700 5.3764 3.7277022255
3.6800 5.3618 3.73785945227
3.6900 5.3473 3.74801667905
3.7000 5.3328 3.75817390582
3.7100 5.3185 3.76833113259
3.7200 5.3042 3.77848835936
3.7300 5.2900 3.78864558614
3.7400 5.2759 3.79880281291
3.7500 5.2619 3.80896003968
3.7600 5.2479 3.81911726645
3.7700 5.2340 3.82927449323
3.7800 5.2202 3.83943172
3.7900 5.2065 3.84958894677
3.8000 5.1928 3.85974617354
3.8100 5.1792 3.86990340032
3.8200 5.1656 3.88006062709
3.8300 5.1522 3.89021785386
3.8400 5.1388 3.90037508063
3.8500 5.1255 3.91053230741
3.8600 5.1122 3.92068953418
3.8700 5.0990 3.93084676095
3.8800 5.0859 3.94100398772
3.8900 5.0729 3.9511612145
3.9000 5.0599 3.96131844127
3.9100 5.0470 3.97147566804
3.9200 5.0341 3.98163289481
3.9300 5.0214 3.99179012159
3.9400 5.0086 4.00194734836
3.9500 4.9960 4.01210457513
3.9600 4.9834 4.0222618019
3.9700 4.9709 4.03241902868
3.9800 4.9584 4.04257625545
3.9900 4.9460 4.05273348222
4.0000 4.9337 4.06289070899
4.0100 4.9214 4.07304793577
4.0200 4.9092 4.08320516254
4.0300 4.8970 4.09336238931
4.0400 4.8849 4.10351961608
4.0500 4.8729 4.11367684286
4.0600 4.8609 4.12383406963
4.0700 4.8490 4.1339912964
4.0800 4.8371 4.14414852317
4.0900 4.8253 4.15430574995
4.1000 4.8136 4.16446297672
4.1100 4.8019 4.17462020349
4.1200 4.7903 4.18477743026
4.1300 4.7787 4.19493465704
4.1400 4.7672 4.20509188381
4.1500 4.7557 4.21524911058
4.1600 4.7443 4.22540633735
4.1700 4.7329 4.23556356413
4.1800 4.7216 4.2457207909
4.1900 4.7104 4.25587801767
4.2000 4.6992 4.26603524444
4.2100 4.6881 4.27619247122
4.2200 4.6770 4.28634969799
4.2300 4.6660 4.29650692476
4.2400 4.6550 4.30666415153
4.2500 4.6440 4.31682137831
4.2600 4.6332 4.32697860508
4.2700 4.6223 4.33713583185
4.2800 4.6116 4.34729305862
4.2900 4.6008 4.3574502854
4.3000 4.5902 4.36760751217
4.3100 4.5795 4.37776473894
4.3200 4.5690 4.38792196571
4.3300 4.5584 4.39807919249
4.3400 4.5480 4.40823641926
4.3500 4.5375 4.41839364603
4.3600 4.5271 4.4285508728
4.3700 4.5168 4.43870809958
4.3800 4.5065 4.44886532635
4.3900 4.4963 4.45902255312
4.4000 4.4861 4.46917977989
4.4100 4.4759 4.47933700667
4.4200 4.4658 4.48949423344
4.4300 4.4558 4.49965146021
4.4400 4.4458 4.50980868698
4.4500 4.4358 4.51996591376
4.4600 4.4259 4.53012314053
4.4700 4.4160 4.5402803673
4.4800 4.4062 4.55043759407
4.4900 4.3964 4.56059482085
4.5000 4.3866 4.57075204762
4.5100 4.3769 4.58090927439
4.5200 4.3673 4.59106650116
4.5300 4.3576 4.60122372794
4.5400 4.3481 4.61138095471
4.5500 4.3385 4.62153818148
4.5600 4.3290 4.63169540825
4.5700 4.3196 4.64185263503
4.5800 4.3102 4.6520098618
4.5900 4.3008 4.66216708857
4.6000 4.2915 4.67232431534
4.6100 4.2822 4.68248154212
4.6200 4.2729 4.69263876889
4.6300 4.2637 4.70279599566
4.6400 4.2546 4.71295322243
4.6500 4.2454 4.72311044921
4.6600 4.2364 4.73326767598
4.6700 4.2273 4.74342490275
4.6800 4.2183 4.75358212952
4.6900 4.2093 4.7637393563
4.7000 4.2004 4.77389658307
4.7100 4.1915 4.78405380984
4.7200 4.1826 4.79421103661
4.7300 4.1738 4.80436826339
4.7400 4.1650 4.81452549016
4.7500 4.1563 4.82468271693
4.7600 4.1476 4.8348399437
4.7700 4.1389 4.84499717048
4.7800 4.1303 4.85515439725
4.7900 4.1217 4.86531162402
4.8000 4.1131 4.87546885079
4.8100 4.1046 4.88562607757
4.8200 4.0961 4.89578330434
4.8300 4.0876 4.90594053111
4.8400 4.0792 4.91609775788
4.8500 4.0708 4.92625498466
4.8600 4.0624 4.93641221143
4.8700 4.0541 4.9465694382
4.8800 4.0458 4.95672666497
4.8900 4.0376 4.96688389175
4.9000 4.0294 4.97704111852
4.9100 4.0212 4.98719834529
4.9200 4.0130 4.99735557206
4.9300 4.0049 5.00751279884
4.9400 3.9968 5.01767002561
4.9500 3.9888 5.02782725238
4.9600 3.9808 5.03798447915
4.9700 3.9728 5.04814170593
4.9800 3.9648 5.0582989327
4.9900 3.9569 5.06845615947
5.0000 3.9490 5.07861338624
5.1000 3.8718 5.18018565397
5.1100 3.8642 5.19034288074
5.1200 3.8567 5.20050010751
5.1300 3.8492 5.21065733428
5.1400 3.8417 5.22081456106
5.1500 3.8343 5.23097178783
5.1600 3.8269 5.2411290146
5.1700 3.8195 5.25128624137
5.1800 3.8121 5.26144346815
5.1900 3.8048 5.27160069492
5.2000 3.7975 5.28175792169
5.2100 3.7902 5.29191514846
5.2200 3.7830 5.30207237524
5.2300 3.7758 5.31222960201
5.2400 3.7686 5.32238682878
5.2500 3.7614 5.33254405555
5.2600 3.7543 5.34270128233
5.2700 3.7472 5.3528585091
5.2800 3.7401 5.36301573587
5.2900 3.7331 5.37317296264
5.3000 3.7260 5.38333018942
5.3100 3.7190 5.39348741619
5.3200 3.7121 5.40364464296
5.3300 3.7051 5.41380186973
5.3400 3.6982 5.42395909651
5.3500 3.6913 5.43411632328
5.3600 3.6845 5.44427355005
5.3700 3.6776 5.45443077682
5.3800 3.6708 5.4645880036
5.3900 3.6640 5.47474523037
5.4000 3.6572 5.48490245714
5.4100 3.6505 5.49505968391
5.4200 3.6438 5.50521691069
5.4300 3.6371 5.51537413746
5.4400 3.6304 5.52553136423
5.4500 3.6238 5.535688591
5.4600 3.6172 5.54584581778
5.4700 3.6106 5.55600304455
5.4800 3.6040 5.56616027132
5.4900 3.5974 5.57631749809
5.5000 3.5909 5.58647472487
5.5100 3.5844 5.59663195164
5.5200 3.5780 5.60678917841
5.5300 3.5715 5.61694640518
5.5400 3.5651 5.62710363196
5.5500 3.5587 5.63726085873
5.5600 3.5523 5.6474180855
5.5700 3.5459 5.65757531227
5.5800 3.5396 5.66773253905
5.5900 3.5333 5.67788976582
5.6000 3.5270 5.68804699259
5.6100 3.5207 5.69820421936
5.6200 3.5145 5.70836144614
5.6300 3.5082 5.71851867291
5.6400 3.5020 5.72867589968
5.6500 3.4959 5.73883312645
5.6600 3.4897 5.74899035323
5.6700 3.4836 5.75914758
5.6800 3.4775 5.76930480677
5.6900 3.4714 5.77946203354
5.7000 3.4653 5.78961926032
5.7100 3.4592 5.79977648709
5.7200 3.4532 5.80993371386
5.7300 3.4472 5.82009094063
5.7400 3.4412 5.83024816741
5.7500 3.4352 5.84040539418
5.7600 3.4293 5.85056262095
5.7700 3.4234 5.86071984772
5.7800 3.4175 5.8708770745
5.7900 3.4116 5.88103430127
5.8000 3.4057 5.89119152804
5.8100 3.3999 5.90134875481
5.8200 3.3941 5.91150598159
5.8300 3.3883 5.92166320836
5.8400 3.3825 5.93182043513
5.8500 3.3767 5.9419776619
5.8600 3.3710 5.95213488868
5.8700 3.3652 5.96229211545
5.8800 3.3595 5.97244934222
5.8900 3.3538 5.98260656899
5.9000 3.3482 5.99276379577
5.9100 3.3425 6.00292102254
5.9200 3.3369 6.01307824931
5.9300 3.3313 6.02323547608
5.9400 3.3257 6.03339270286
5.9500 3.3201 6.04354992963
5.9600 3.3146 6.0537071564
5.9700 3.3090 6.06386438317
5.9800 3.3035 6.07402160995
5.9900 3.2980 6.08417883672
6.0000 3.2925 6.09433606349
6.0100 3.2871 6.10449329026
6.0200 3.2816 6.11465051704
6.0300 3.2762 6.12480774381
6.0400 3.2708 6.13496497058
6.0500 3.2654 6.14512219735
6.0600 3.2600 6.15527942413
6.0700 3.2547 6.1654366509
6.0800 3.2494 6.17559387767
6.0900 3.2440 6.18575110444
6.1000 3.2387 6.19590833122
6.1100 3.2335 6.20606555799
6.1200 3.2282 6.21622278476
6.1300 3.2229 6.22638001153
6.1400 3.2177 6.23653723831
6.1500 3.2125 6.24669446508
6.1600 3.2073 6.25685169185
6.1700 3.2021 6.26700891862
6.1800 3.1969 6.2771661454
6.1900 3.1918 6.28732337217
6.2000 3.1867 6.29748059894
6.2100 3.1816 6.30763782571
6.2200 3.1765 6.31779505249
6.2300 3.1714 6.32795227926
6.2400 3.1663 6.33810950603
6.2500 3.1613 6.3482667328
6.2600 3.1562 6.35842395958
6.2700 3.1512 6.36858118635
6.2800 3.1462 6.37873841312
6.2900 3.1412 6.38889563989
6.3000 3.1362 6.39905286667
6.3100 3.1313 6.40921009344
6.3200 3.1264 6.41936732021
6.3300 3.1214 6.42952454698
6.3400 3.1165 6.43968177376
6.3500 3.1116 6.44983900053
6.3600 3.1068 6.4599962273
6.3700 3.1019 6.47015345407
6.3800 3.0971 6.48031068085
6.3900 3.0922 6.49046790762
6.4000 3.0874 6.50062513439
6.4100 3.0826 6.51078236116
6.4200 3.0778 6.52093958794
6.4300 3.0730 6.53109681471
6.4400 3.0683 6.54125404148
6.4500 3.0636 6.55141126825
6.4600 3.0588 6.56156849503
6.4700 3.0541 6.5717257218
6.4800 3.0494 6.58188294857
6.4900 3.0447 6.59204017534
6.5000 3.0401 6.60219740212
6.5100 3.0354 6.61235462889
6.5200 3.0308 6.62251185566
6.5300 3.0261 6.63266908243
6.5400 3.0215 6.64282630921
6.5500 3.0169 6.65298353598
6.5600 3.0124 6.66314076275
6.5700 3.0078 6.67329798952
6.5800 3.0032 6.6834552163
6.5900 2.9987 6.69361244307
6.6000 2.9942 6.70376966984
6.6100 2.9896 6.71392689661
6.6200 2.9851 6.72408412339
6.6300 2.9807 6.73424135016
6.6400 2.9762 6.74439857693
6.6500 2.9717 6.7545558037
6.6600 2.9673 6.76471303047
6.6700 2.9628 6.77487025725
6.6800 2.9584 6.78502748402
6.6900 2.9540 6.79518471079
6.7000 2.9496 6.80534193756
6.7100 2.9452 6.81549916434
6.7200 2.9409 6.82565639111
6.7300 2.9365 6.83581361788
6.7400 2.9322 6.84597084465
6.7500 2.9279 6.85612807143
6.7600 2.9235 6.8662852982
6.7700 2.9192 6.87644252497
6.7800 2.9149 6.88659975174
6.7900 2.9107 6.89675697852
6.8000 2.9064 6.90691420529
6.8100 2.9021 6.91707143206
6.8200 2.8979 6.92722865883
6.8300 2.8937 6.93738588561
6.8400 2.8895 6.94754311238
6.8500 2.8853 6.95770033915
6.8600 2.8811 6.96785756592
6.8700 2.8769 6.9780147927
6.8800 2.8727 6.98817201947
6.8900 2.8686 6.99832924624
6.9000 2.8644 7.00848647301
6.9100 2.8603 7.01864369979
6.9200 2.8562 7.02880092656
6.9300 2.8521 7.03895815333
6.9400 2.8480 7.0491153801
6.9500 2.8439 7.05927260688
6.9600 2.8398 7.06942983365
6.9700 2.8358 7.07958706042
6.9800 2.8317 7.08974428719
6.9900 2.8277 7.09990151397
7.0000 2.8237 7.11005874074
7.0100 2.8196 7.12021596751
7.0200 2.8156 7.13037319428
7.0300 2.8116 7.14053042106
7.0400 2.8077 7.15068764783
7.0500 2.8037 7.1608448746
7.0600 2.7997 7.17100210137
7.0700 2.7958 7.18115932815
7.0800 2.7919 7.19131655492
7.0900 2.7879 7.20147378169
7.1000 2.7840 7.21163100846
7.1100 2.7801 7.22178823524
7.1200 2.7762 7.23194546201
7.1300 2.7724 7.24210268878
7.1400 2.7685 7.25225991555
7.1500 2.7646 7.26241714233
7.1600 2.7608 7.2725743691
7.1700 2.7570 7.28273159587
7.1800 2.7531 7.29288882264
7.1900 2.7493 7.30304604942
7.2000 2.7455 7.31320327619
7.2100 2.7417 7.32336050296
7.2200 2.7379 7.33351772973
7.2300 2.7342 7.34367495651
7.2400 2.7304 7.35383218328
7.2500 2.7266 7.36398941005
7.2600 2.7229 7.37414663682
7.2700 2.7192 7.3843038636
7.2800 2.7155 7.39446109037
7.2900 2.7117 7.40461831714
7.3000 2.7080 7.41477554391
7.3100 2.7043 7.42493277069
7.3200 2.7007 7.43508999746
7.3300 2.6970 7.44524722423
7.3400 2.6933 7.455404451
7.3500 2.6897 7.46556167778
7.3600 2.6860 7.47571890455
7.3700 2.6824 7.48587613132
7.3800 2.6788 7.49603335809
7.3900 2.6752 7.50619058487
7.4000 2.6716 7.51634781164
7.4100 2.6680 7.52650503841
7.4200 2.6644 7.53666226518
7.4300 2.6608 7.54681949196
7.4400 2.6573 7.55697671873
7.4500 2.6537 7.5671339455
7.4600 2.6502 7.57729117227
7.4700 2.6466 7.58744839905
7.4800 2.6431 7.59760562582
7.4900 2.6396 7.60776285259
7.5000 2.6361 7.61792007936
7.5100 2.6326 7.62807730614
7.5200 2.6291 7.63823453291
7.5300 2.6256 7.64839175968
7.5400 2.6222 7.65854898645
7.5500 2.6187 7.66870621323
7.5600 2.6153 7.67886344
7.5700 2.6118 7.68902066677
7.5800 2.6084 7.69917789354
7.5900 2.6050 7.70933512032
7.6000 2.6016 7.71949234709
7.6100 2.5981 7.72964957386
7.6200 2.5947 7.73980680063
7.6300 2.5914 7.74996402741
7.6400 2.5880 7.76012125418
7.6500 2.5846 7.77027848095
7.6600 2.5813 7.78043570772
7.6700 2.5779 7.7905929345
7.6800 2.5746 7.80075016127
7.6900 2.5712 7.81090738804
7.7000 2.5679 7.82106461481
7.7100 2.5646 7.83122184159
7.7200 2.5613 7.84137906836
7.7300 2.5580 7.85153629513
7.7400 2.5547 7.8616935219
7.7500 2.5514 7.87185074868
7.7600 2.5481 7.88200797545
7.7700 2.5449 7.89216520222
7.7800 2.5416 7.90232242899
7.7900 2.5384 7.91247965577
7.8000 2.5351 7.92263688254
7.8100 2.5319 7.93279410931
7.8200 2.5287 7.94295133608
7.8300 2.5254 7.95310856286
7.8400 2.5222 7.96326578963
7.8500 2.5190 7.9734230164
7.8600 2.5158 7.98358024317
7.8700 2.5127 7.99373746995
7.8800 2.5095 8.00389469672
7.8900 2.5063 8.01405192349
7.9000 2.5031 8.02420915026
7.9100 2.5000 8.03436637704
7.9200 2.4969 8.04452360381
7.9300 2.4937 8.05468083058
7.9400 2.4906 8.06483805735
7.9500 2.4875 8.07499528413
7.9600 2.4844 8.0851525109
7.9700 2.4813 8.09530973767
7.9800 2.4782 8.10546696444
7.9900 2.4751 8.11562419122
8.0000 2.4720 8.12578141799
8.0100 2.4689 8.13593864476
8.0200 2.4659 8.14609587153
8.0300 2.4628 8.15625309831
8.0400 2.4597 8.16641032508
8.0500 2.4567 8.17656755185
8.0600 2.4537 8.18672477862
8.0700 2.4506 8.1968820054
8.0800 2.4476 8.20703923217
8.0900 2.4446 8.21719645894
8.1000 2.4416 8.22735368571
8.1100 2.4386 8.23751091249
8.1200 2.4356 8.24766813926
8.1300 2.4326 8.25782536603
8.1400 2.4297 8.2679825928
8.1500 2.4267 8.27813981958
8.1600 2.4237 8.28829704635
8.1700 2.4208 8.29845427312
8.1800 2.4178 8.30861149989
8.1900 2.4149 8.31876872667
8.2000 2.4119 8.32892595344
8.2100 2.4090 8.33908318021
8.2200 2.4061 8.34924040698
8.2300 2.4032 8.35939763376
8.2400 2.4003 8.36955486053
8.2500 2.3974 8.3797120873
8.2600 2.3945 8.38986931407
8.2700 2.3916 8.40002654085
8.2800 2.3887 8.41018376762
8.2900 2.3859 8.42034099439
8.3000 2.3830 8.43049822116
8.3100 2.3802 8.44065544794
8.3200 2.3773 8.45081267471
8.3300 2.3745 8.46096990148
8.3400 2.3716 8.47112712825
8.3500 2.3688 8.48128435502
8.3600 2.3660 8.4914415818
8.3700 2.3632 8.50159880857
8.3800 2.3604 8.51175603534
8.3900 2.3576 8.52191326211
8.4000 2.3548 8.53207048889
8.4100 2.3520 8.54222771566
8.4200 2.3492 8.55238494243
8.4300 2.3464 8.5625421692
8.4400 2.3437 8.57269939598
8.4500 2.3409 8.58285662275
8.4600 2.3381 8.59301384952
8.4700 2.3354 8.60317107629
8.4800 2.3327 8.61332830307
8.4900 2.3299 8.62348552984
8.5000 2.3272 8.63364275661
8.5100 2.3245 8.64379998338
8.5200 2.3217 8.65395721016
8.5300 2.3190 8.66411443693
8.5400 2.3163 8.6742716637
8.5500 2.3136 8.68442889047
8.5600 2.3109 8.69458611725
8.5700 2.3083 8.70474334402
8.5800 2.3056 8.71490057079
8.5900 2.3029 8.72505779756
8.6000 2.3002 8.73521502434
8.6100 2.2976 8.74537225111
8.6200 2.2949 8.75552947788
8.6300 2.2923 8.76568670465
8.6400 2.2896 8.77584393143
8.6500 2.2870 8.7860011582
8.6600 2.2844 8.79615838497
8.6700 2.2818 8.80631561174
8.6800 2.2791 8.81647283852
8.6900 2.2765 8.82663006529
8.7000 2.2739 8.83678729206
8.7100 2.2713 8.84694451883
8.7200 2.2687 8.85710174561
8.7300 2.2661 8.86725897238
8.7400 2.2636 8.87741619915
8.7500 2.2610 8.88757342592
8.7600 2.2584 8.8977306527
8.7700 2.2559 8.90788787947
8.7800 2.2533 8.91804510624
8.7900 2.2507 8.92820233301
8.8000 2.2482 8.93835955979
8.8100 2.2457 8.94851678656
8.8200 2.2431 8.95867401333
8.8300 2.2406 8.9688312401
8.8400 2.2381 8.97898846688
8.8500 2.2356 8.98914569365
8.8600 2.2330 8.99930292042
8.8700 2.2305 9.00946014719
8.8800 2.2280 9.01961737397
8.8900 2.2255 9.02977460074
8.9000 2.2231 9.03993182751
8.9100 2.2206 9.05008905428
8.9200 2.2181 9.06024628106
8.9300 2.2156 9.07040350783
8.9400 2.2132 9.0805607346
8.9500 2.2107 9.09071796137
8.9600 2.2082 9.10087518815
8.9700 2.2058 9.11103241492
8.9800 2.2033 9.12118964169
8.9900 2.2009 9.13134686846
9.0000 2.1985 9.14150409524
9.0100 2.1960 9.15166132201
9.0200 2.1936 9.16181854878
9.0300 2.1912 9.17197577555
9.0400 2.1888 9.18213300233
9.0500 2.1864 9.1922902291
9.0600 2.1840 9.20244745587
9.0700 2.1816 9.21260468264
9.0800 2.1792 9.22276190942
9.0900 2.1768 9.23291913619
9.1000 2.1744 9.24307636296
9.1100 2.1721 9.25323358973
9.1200 2.1697 9.26339081651
9.1300 2.1673 9.27354804328
9.1400 2.1650 9.28370527005
9.1500 2.1626 9.29386249682
9.1600 2.1603 9.3040197236
9.1700 2.1579 9.31417695037
9.1800 2.1556 9.32433417714
9.1900 2.1532 9.33449140391
9.2000 2.1509 9.34464863069
9.2100 2.1486 9.35480585746
9.2200 2.1463 9.36496308423
9.2300 2.1439 9.375120311
9.2400 2.1416 9.38527753778
9.2500 2.1393 9.39543476455
9.2600 2.1370 9.40559199132
9.2700 2.1347 9.41574921809
9.2800 2.1325 9.42590644487
9.2900 2.1302 9.43606367164
9.3000 2.1279 9.44622089841
9.3100 2.1256 9.45637812518
9.3200 2.1233 9.46653535196
9.3300 2.1211 9.47669257873
9.3400 2.1188 9.4868498055
9.3500 2.1166 9.49700703227
9.3600 2.1143 9.50716425905
9.3700 2.1121 9.51732148582
9.3800 2.1098 9.52747871259
9.3900 2.1076 9.53763593936
9.4000 2.1054 9.54779316614
9.4100 2.1031 9.55795039291
9.4200 2.1009 9.56810761968
9.4300 2.0987 9.57826484645
9.4400 2.0965 9.58842207323
9.4500 2.0943 9.5985793
9.4600 2.0921 9.60873652677
9.4700 2.0899 9.61889375354
9.4800 2.0877 9.62905098032
9.4900 2.0855 9.63920820709
9.5000 2.0833 9.64936543386
9.5100 2.0811 9.65952266063
9.5200 2.0790 9.66967988741
9.5300 2.0768 9.67983711418
9.5400 2.0746 9.68999434095
9.5500 2.0725 9.70015156772
9.5600 2.0703 9.7103087945
9.5700 2.0681 9.72046602127
9.5800 2.0660 9.73062324804
9.5900 2.0639 9.74078047481
9.6000 2.0617 9.75093770159
9.6100 2.0596 9.76109492836
9.6200 2.0575 9.77125215513
9.6300 2.0553 9.7814093819
9.6400 2.0532 9.79156660868
9.6500 2.0511 9.80172383545
9.6600 2.0490 9.81188106222
9.6700 2.0469 9.82203828899
9.6800 2.0448 9.83219551577
9.6900 2.0427 9.84235274254
9.7000 2.0406 9.85250996931
9.7100 2.0385 9.86266719608
9.7200 2.0364 9.87282442286
9.7300 2.0343 9.88298164963
9.7400 2.0322 9.8931388764
9.7500 2.0302 9.90329610317
9.7600 2.0281 9.91345332995
9.7700 2.0260 9.92361055672
9.7800 2.0240 9.93376778349
9.7900 2.0219 9.94392501026
9.8000 2.0199 9.95408223704
9.8100 2.0178 9.96423946381
9.8200 2.0158 9.97439669058
9.8300 2.0137 9.98455391735
9.8400 2.0117 9.99471114413
9.8500 2.0097 10.0048683709
9.8600 2.0076 10.0150255977
9.8700 2.0056 10.0251828244
9.8800 2.0036 10.0353400512
9.8900 2.0016 10.045497278
9.9000 1.9996 10.0556545048
9.9100 1.9975 10.0658117315
9.9200 1.9955 10.0759689583
9.9300 1.9935 10.0861261851
9.9400 1.9915 10.0962834119
9.9500 1.9896 10.1064406386
9.9600 1.9876 10.1165978654
9.9700 1.9856 10.1267550922
9.9800 1.9836 10.1369123189
9.9900 1.9816 10.1470695457
10.000 1.9797 10.1572267725
10.100 1.9602 10.2587990402
10.110 1.9582 10.268956267
10.120 1.9563 10.2791134938
10.130 1.9544 10.2892707205
10.140 1.9525 10.2994279473
10.150 1.9506 10.3095851741
10.160 1.9486 10.3197424008
10.170 1.9467 10.3298996276
10.180 1.9448 10.3400568544
10.190 1.9429 10.3502140812
10.200 1.9410 10.3603713079
10.210 1.9392 10.3705285347
10.220 1.9373 10.3806857615
10.230 1.9354 10.3908429883
10.240 1.9335 10.401000215
10.250 1.9316 10.4111574418
10.260 1.9298 10.4213146686
10.270 1.9279 10.4314718953
10.280 1.9260 10.4416291221
10.290 1.9242 10.4517863489
10.300 1.9223 10.4619435757
10.310 1.9204 10.4721008024
10.320 1.9186 10.4822580292
10.330 1.9167 10.492415256
10.340 1.9149 10.5025724827
10.350 1.9131 10.5127297095
10.360 1.9112 10.5228869363
10.370 1.9094 10.5330441631
10.380 1.9076 10.5432013898
10.390 1.9057 10.5533586166
10.400 1.9039 10.5635158434
10.410 1.9021 10.5736730702
10.420 1.9003 10.5838302969
10.430 1.8985 10.5939875237
10.440 1.8967 10.6041447505
10.450 1.8949 10.6143019772
10.460 1.8931 10.624459204
10.470 1.8913 10.6346164308
10.480 1.8895 10.6447736576
10.490 1.8877 10.6549308843
10.500 1.8859 10.6650881111
10.510 1.8841 10.6752453379
10.520 1.8823 10.6854025647
10.530 1.8805 10.6955597914
10.540 1.8788 10.7057170182
10.550 1.8770 10.715874245
10.560 1.8752 10.7260314717
10.570 1.8735 10.7361886985
10.580 1.8717 10.7463459253
10.590 1.8699 10.7565031521
10.600 1.8682 10.7666603788
10.610 1.8664 10.7768176056
10.620 1.8647 10.7869748324
10.630 1.8629 10.7971320592
10.640 1.8612 10.8072892859
10.650 1.8595 10.8174465127
10.660 1.8577 10.8276037395
10.670 1.8560 10.8377609662
10.680 1.8543 10.847918193
10.690 1.8525 10.8580754198
10.700 1.8508 10.8682326466
10.710 1.8491 10.8783898733
10.720 1.8474 10.8885471001
10.730 1.8457 10.8987043269
10.740 1.8440 10.9088615536
10.750 1.8423 10.9190187804
10.760 1.8406 10.9291760072
10.770 1.8389 10.939333234
10.780 1.8372 10.9494904607
10.790 1.8355 10.9596476875
10.800 1.8338 10.9698049143
10.810 1.8321 10.9799621411
10.820 1.8304 10.9901193678
10.830 1.8287 11.0002765946
10.840 1.8271 11.0104338214
10.850 1.8254 11.0205910481
10.860 1.8237 11.0307482749
10.870 1.8220 11.0409055017
10.880 1.8204 11.0510627285
10.890 1.8187 11.0612199552
10.900 1.8171 11.071377182
10.910 1.8154 11.0815344088
10.920 1.8137 11.0916916356
10.930 1.8121 11.1018488623
10.940 1.8105 11.1120060891
10.950 1.8088 11.1221633159
10.960 1.8072 11.1323205426
10.970 1.8055 11.1424777694
10.980 1.8039 11.1526349962
10.990 1.8023 11.162792223
11.000 1.8006 11.1729494497
11.010 1.7990 11.1831066765
11.020 1.7974 11.1932639033
11.030 1.7958 11.2034211301
11.040 1.7941 11.2135783568
11.050 1.7925 11.2237355836
11.060 1.7909 11.2338928104
11.070 1.7893 11.2440500371
11.080 1.7877 11.2542072639
11.090 1.7861 11.2643644907
11.100 1.7845 11.2745217175
11.110 1.7829 11.2846789442
11.120 1.7813 11.294836171
11.130 1.7797 11.3049933978
11.140 1.7781 11.3151506245
11.150 1.7765 11.3253078513
11.160 1.7750 11.3354650781
11.170 1.7734 11.3456223049
11.180 1.7718 11.3557795316
11.190 1.7702 11.3659367584
11.200 1.7687 11.3760939852
11.210 1.7671 11.386251212
11.220 1.7655 11.3964084387
11.230 1.7640 11.4065656655
11.240 1.7624 11.4167228923
11.250 1.7608 11.426880119
11.260 1.7593 11.4370373458
11.270 1.7577 11.4471945726
11.280 1.7562 11.4573517994
11.290 1.7546 11.4675090261
11.300 1.7531 11.4776662529
11.310 1.7516 11.4878234797
11.320 1.7500 11.4979807065
11.330 1.7485 11.5081379332
11.340 1.7470 11.51829516
11.350 1.7454 11.5284523868
11.360 1.7439 11.5386096135
11.370 1.7424 11.5487668403
11.380 1.7409 11.5589240671
11.390 1.7393 11.5690812939
11.400 1.7378 11.5792385206
11.410 1.7363 11.5893957474
11.420 1.7348 11.5995529742
11.430 1.7333 11.609710201
11.440 1.7318 11.6198674277
11.450 1.7303 11.6300246545
11.460 1.7288 11.6401818813
11.470 1.7273 11.650339108
11.480 1.7258 11.6604963348
11.490 1.7243 11.6706535616
11.500 1.7228 11.6808107884
11.510 1.7213 11.6909680151
11.520 1.7198 11.7011252419
11.530 1.7183 11.7112824687
11.540 1.7169 11.7214396954
11.550 1.7154 11.7315969222
11.560 1.7139 11.741754149
11.570 1.7124 11.7519113758
11.580 1.7110 11.7620686025
11.590 1.7095 11.7722258293
11.600 1.7080 11.7823830561
11.610 1.7066 11.7925402829
11.620 1.7051 11.8026975096
11.630 1.7037 11.8128547364
11.640 1.7022 11.8230119632
11.650 1.7007 11.8331691899
11.660 1.6993 11.8433264167
11.670 1.6978 11.8534836435
11.680 1.6964 11.8636408703
11.690 1.6950 11.873798097
11.700 1.6935 11.8839553238
11.710 1.6921 11.8941125506
11.720 1.6907 11.9042697774
11.730 1.6892 11.9144270041
11.740 1.6878 11.9245842309
11.750 1.6864 11.9347414577
11.760 1.6849 11.9448986844
11.770 1.6835 11.9550559112
11.780 1.6821 11.965213138
11.790 1.6807 11.9753703648
11.800 1.6793 11.9855275915
11.810 1.6778 11.9956848183
11.820 1.6764 12.0058420451
11.830 1.6750 12.0159992718
11.840 1.6736 12.0261564986
11.850 1.6722 12.0363137254
11.860 1.6708 12.0464709522
11.870 1.6694 12.0566281789
11.880 1.6680 12.0667854057
11.890 1.6666 12.0769426325
11.900 1.6652 12.0870998593
11.910 1.6638 12.097257086
11.920 1.6625 12.1074143128
11.930 1.6611 12.1175715396
11.940 1.6597 12.1277287663
11.950 1.6583 12.1378859931
11.960 1.6569 12.1480432199
11.970 1.6556 12.1582004467
11.980 1.6542 12.1683576734
11.990 1.6528 12.1785149002
12.000 1.6514 12.188672127
12.010 1.6501 12.1988293538
12.020 1.6487 12.2089865805
12.030 1.6474 12.2191438073
12.040 1.6460 12.2293010341
12.050 1.6446 12.2394582608
12.060 1.6433 12.2496154876
12.070 1.6419 12.2597727144
12.080 1.6406 12.2699299412
12.090 1.6392 12.2800871679
12.100 1.6379 12.2902443947
12.110 1.6365 12.3004016215
12.120 1.6352 12.3105588483
12.130 1.6339 12.320716075
12.140 1.6325 12.3308733018
12.150 1.6312 12.3410305286
12.160 1.6299 12.3511877553
12.170 1.6285 12.3613449821
12.180 1.6272 12.3715022089
12.190 1.6259 12.3816594357
12.200 1.6245 12.3918166624
12.210 1.6232 12.4019738892
12.220 1.6219 12.412131116
12.230 1.6206 12.4222883427
12.240 1.6193 12.4324455695
12.250 1.6180 12.4426027963
12.260 1.6166 12.4527600231
12.270 1.6153 12.4629172498
12.280 1.6140 12.4730744766
12.290 1.6127 12.4832317034
12.300 1.6114 12.4933889302
12.310 1.6101 12.5035461569
12.320 1.6088 12.5137033837
12.330 1.6075 12.5238606105
12.340 1.6062 12.5340178372
12.350 1.6049 12.544175064
12.360 1.6036 12.5543322908
12.370 1.6024 12.5644895176
12.380 1.6011 12.5746467443
12.390 1.5998 12.5848039711
12.400 1.5985 12.5949611979
12.410 1.5972 12.6051184247
12.420 1.5959 12.6152756514
12.430 1.5947 12.6254328782
12.440 1.5934 12.635590105
12.450 1.5921 12.6457473317
12.460 1.5909 12.6559045585
12.470 1.5896 12.6660617853
12.480 1.5883 12.6762190121
12.490 1.5871 12.6863762388
12.500 1.5858 12.6965334656
12.510 1.5845 12.7066906924
12.520 1.5833 12.7168479192
12.530 1.5820 12.7270051459
12.540 1.5808 12.7371623727
12.550 1.5795 12.7473195995
12.560 1.5783 12.7574768262
12.570 1.5770 12.767634053
12.580 1.5758 12.7777912798
12.590 1.5745 12.7879485066
12.600 1.5733 12.7981057333
12.610 1.5721 12.8082629601
12.620 1.5708 12.8184201869
12.630 1.5696 12.8285774136
12.640 1.5684 12.8387346404
12.650 1.5671 12.8488918672
12.660 1.5659 12.859049094
12.670 1.5647 12.8692063207
12.680 1.5634 12.8793635475
12.690 1.5622 12.8895207743
12.700 1.5610 12.8996780011
12.710 1.5598 12.9098352278
12.720 1.5586 12.9199924546
12.730 1.5573 12.9301496814
12.740 1.5561 12.9403069081
12.750 1.5549 12.9504641349
12.760 1.5537 12.9606213617
12.770 1.5525 12.9707785885
12.780 1.5513 12.9809358152
12.790 1.5501 12.991093042
12.800 1.5489 13.0012502688
12.810 1.5477 13.0114074956
12.820 1.5465 13.0215647223
12.830 1.5453 13.0317219491
12.840 1.5441 13.0418791759
12.850 1.5429 13.0520364026
12.860 1.5417 13.0621936294
12.870 1.5405 13.0723508562
12.880 1.5393 13.082508083
12.890 1.5381 13.0926653097
12.900 1.5370 13.1028225365
12.910 1.5358 13.1129797633
12.920 1.5346 13.1231369901
12.930 1.5334 13.1332942168
12.940 1.5322 13.1434514436
12.950 1.5311 13.1536086704
12.960 1.5299 13.1637658971
12.970 1.5287 13.1739231239
12.980 1.5275 13.1840803507
12.990 1.5264 13.1942375775
13.000 1.5252 13.2043948042
13.010 1.5240 13.214552031
13.020 1.5229 13.2247092578
13.030 1.5217 13.2348664845
13.040 1.5206 13.2450237113
13.050 1.5194 13.2551809381
13.060 1.5182 13.2653381649
13.070 1.5171 13.2754953916
13.080 1.5159 13.2856526184
13.090 1.5148 13.2958098452
13.100 1.5136 13.305967072
13.110 1.5125 13.3161242987
13.120 1.5114 13.3262815255
13.130 1.5102 13.3364387523
13.140 1.5091 13.346595979
13.150 1.5079 13.3567532058
13.160 1.5068 13.3669104326
13.170 1.5057 13.3770676594
13.180 1.5045 13.3872248861
13.190 1.5034 13.3973821129
13.200 1.5023 13.4075393397
13.210 1.5011 13.4176965665
13.220 1.5000 13.4278537932
13.230 1.4989 13.43801102
13.240 1.4977 13.4481682468
13.250 1.4966 13.4583254735
13.260 1.4955 13.4684827003
13.270 1.4944 13.4786399271
13.280 1.4933 13.4887971539
13.290 1.4922 13.4989543806
13.300 1.4910 13.5091116074
13.310 1.4899 13.5192688342
13.320 1.4888 13.5294260609
13.330 1.4877 13.5395832877
13.340 1.4866 13.5497405145
13.350 1.4855 13.5598977413
13.360 1.4844 13.570054968
13.370 1.4833 13.5802121948
13.380 1.4822 13.5903694216
13.390 1.4811 13.6005266484
13.400 1.4800 13.6106838751
13.410 1.4789 13.6208411019
13.420 1.4778 13.6309983287
13.430 1.4767 13.6411555554
13.440 1.4756 13.6513127822
13.450 1.4745 13.661470009
13.460 1.4734 13.6716272358
13.470 1.4724 13.6817844625
13.480 1.4713 13.6919416893
13.490 1.4702 13.7020989161
13.500 1.4691 13.7122561429
13.510 1.4680 13.7224133696
13.520 1.4669 13.7325705964
13.530 1.4659 13.7427278232
13.540 1.4648 13.7528850499
13.550 1.4637 13.7630422767
13.560 1.4626 13.7731995035
13.570 1.4616 13.7833567303
13.580 1.4605 13.793513957
13.590 1.4594 13.8036711838
13.600 1.4584 13.8138284106
13.610 1.4573 13.8239856374
13.620 1.4563 13.8341428641
13.630 1.4552 13.8443000909
13.640 1.4541 13.8544573177
13.650 1.4531 13.8646145444
13.660 1.4520 13.8747717712
13.670 1.4510 13.884928998
13.680 1.4499 13.8950862248
13.690 1.4489 13.9052434515
13.700 1.4478 13.9154006783
13.710 1.4468 13.9255579051
13.720 1.4457 13.9357151318
13.730 1.4447 13.9458723586
13.740 1.4436 13.9560295854
13.750 1.4426 13.9661868122
13.760 1.4415 13.9763440389
13.770 1.4405 13.9865012657
13.780 1.4395 13.9966584925
13.790 1.4384 14.0068157193
13.800 1.4374 14.016972946
13.810 1.4364 14.0271301728
13.820 1.4353 14.0372873996
13.830 1.4343 14.0474446263
13.840 1.4333 14.0576018531
13.850 1.4322 14.0677590799
13.860 1.4312 14.0779163067
13.870 1.4302 14.0880735334
13.880 1.4292 14.0982307602
13.890 1.4281 14.108387987
13.900 1.4271 14.1185452138
13.910 1.4261 14.1287024405
13.920 1.4251 14.1388596673
13.930 1.4241 14.1490168941
13.940 1.4231 14.1591741208
13.950 1.4220 14.1693313476
13.960 1.4210 14.1794885744
13.970 1.4200 14.1896458012
13.980 1.4190 14.1998030279
13.990 1.4180 14.2099602547
14.000 1.4170 14.2201174815
14.010 1.4160 14.2302747083
14.020 1.4150 14.240431935
14.030 1.4140 14.2505891618
14.040 1.4130 14.2607463886
14.050 1.4120 14.2709036153
14.060 1.4110 14.2810608421
14.070 1.4100 14.2912180689
14.080 1.4090 14.3013752957
14.090 1.4080 14.3115325224
14.100 1.4070 14.3216897492
14.110 1.4060 14.331846976
14.120 1.4051 14.3420042027
14.130 1.4041 14.3521614295
14.140 1.4031 14.3623186563
14.150 1.4021 14.3724758831
14.160 1.4011 14.3826331098
14.170 1.4001 14.3927903366
14.180 1.3992 14.4029475634
14.190 1.3982 14.4131047902
14.200 1.3972 14.4232620169
14.210 1.3962 14.4334192437
14.220 1.3952 14.4435764705
14.230 1.3943 14.4537336972
14.240 1.3933 14.463890924
14.250 1.3923 14.4740481508
14.260 1.3914 14.4842053776
14.270 1.3904 14.4943626043
14.280 1.3894 14.5045198311
14.290 1.3885 14.5146770579
14.300 1.3875 14.5248342847
14.310 1.3865 14.5349915114
14.320 1.3856 14.5451487382
14.330 1.3846 14.555305965
14.340 1.3837 14.5654631917
14.350 1.3827 14.5756204185
14.360 1.3817 14.5857776453
14.370 1.3808 14.5959348721
14.380 1.3798 14.6060920988
14.390 1.3789 14.6162493256
14.400 1.3779 14.6264065524
14.410 1.3770 14.6365637792
14.420 1.3760 14.6467210059
14.430 1.3751 14.6568782327
14.440 1.3741 14.6670354595
14.450 1.3732 14.6771926862
14.460 1.3723 14.687349913
14.470 1.3713 14.6975071398
14.480 1.3704 14.7076643666
14.490 1.3694 14.7178215933
14.500 1.3685 14.7279788201
14.510 1.3676 14.7381360469
14.520 1.3666 14.7482932736
14.530 1.3657 14.7584505004
14.540 1.3648 14.7686077272
14.550 1.3638 14.778764954
14.560 1.3629 14.7889221807
14.570 1.3620 14.7990794075
14.580 1.3610 14.8092366343
14.590 1.3601 14.8193938611
14.600 1.3592 14.8295510878
14.610 1.3583 14.8397083146
14.620 1.3574 14.8498655414
14.630 1.3564 14.8600227681
14.640 1.3555 14.8701799949
14.650 1.3546 14.8803372217
14.660 1.3537 14.8904944485
14.670 1.3528 14.9006516752
14.680 1.3518 14.910808902
14.690 1.3509 14.9209661288
14.700 1.3500 14.9311233556
14.710 1.3491 14.9412805823
14.720 1.3482 14.9514378091
14.730 1.3473 14.9615950359
14.740 1.3464 14.9717522626
14.750 1.3455 14.9819094894
14.760 1.3446 14.9920667162
14.770 1.3437 15.002223943
14.780 1.3428 15.0123811697
14.790 1.3419 15.0225383965
14.800 1.3410 15.0326956233
14.810 1.3401 15.0428528501
14.820 1.3392 15.0530100768
14.830 1.3383 15.0631673036
14.840 1.3374 15.0733245304
14.850 1.3365 15.0834817571
14.860 1.3356 15.0936389839
14.870 1.3347 15.1037962107
14.880 1.3338 15.1139534375
14.890 1.3329 15.1241106642
14.900 1.3320 15.134267891
14.910 1.3312 15.1444251178
14.920 1.3303 15.1545823445
14.930 1.3294 15.1647395713
14.940 1.3285 15.1748967981
14.950 1.3276 15.1850540249
14.960 1.3267 15.1952112516
14.970 1.3259 15.2053684784
14.980 1.3250 15.2155257052
14.990 1.3241 15.225682932
15.000 1.3232 15.2358401587
15.100 1.3145 15.3374124265
15.110 1.3137 15.3475696532
15.120 1.3128 15.35772688
15.130 1.3120 15.3678841068
15.140 1.3111 15.3780413335
15.150 1.3102 15.3881985603
15.160 1.3094 15.3983557871
15.170 1.3085 15.4085130139
15.180 1.3077 15.4186702406
15.190 1.3068 15.4288274674
15.200 1.3060 15.4389846942
15.210 1.3051 15.4491419209
15.220 1.3043 15.4592991477
15.230 1.3034 15.4694563745
15.240 1.3026 15.4796136013
15.250 1.3017 15.489770828
15.260 1.3009 15.4999280548
15.270 1.3000 15.5100852816
15.280 1.2992 15.5202425084
15.290 1.2983 15.5303997351
15.300 1.2975 15.5405569619
15.310 1.2966 15.5507141887
15.320 1.2958 15.5608714154
15.330 1.2950 15.5710286422
15.340 1.2941 15.581185869
15.350 1.2933 15.5913430958
15.360 1.2925 15.6015003225
15.370 1.2916 15.6116575493
15.380 1.2908 15.6218147761
15.390 1.2900 15.6319720029
15.400 1.2891 15.6421292296
15.410 1.2883 15.6522864564
15.420 1.2875 15.6624436832
15.430 1.2866 15.6726009099
15.440 1.2858 15.6827581367
15.450 1.2850 15.6929153635
15.460 1.2842 15.7030725903
15.470 1.2833 15.713229817
15.480 1.2825 15.7233870438
15.490 1.2817 15.7335442706
15.500 1.2809 15.7437014974
15.510 1.2801 15.7538587241
15.520 1.2792 15.7640159509
15.530 1.2784 15.7741731777
15.540 1.2776 15.7843304044
15.550 1.2768 15.7944876312
15.560 1.2760 15.804644858
15.570 1.2752 15.8148020848
15.580 1.2744 15.8249593115
15.590 1.2735 15.8351165383
15.600 1.2727 15.8452737651
15.610 1.2719 15.8554309918
15.620 1.2711 15.8655882186
15.630 1.2703 15.8757454454
15.640 1.2695 15.8859026722
15.650 1.2687 15.8960598989
15.660 1.2679 15.9062171257
15.670 1.2671 15.9163743525
15.680 1.2663 15.9265315793
15.690 1.2655 15.936688806
15.700 1.2647 15.9468460328
15.710 1.2639 15.9570032596
15.720 1.2631 15.9671604863
15.730 1.2623 15.9773177131
15.740 1.2615 15.9874749399
15.750 1.2607 15.9976321667
15.760 1.2599 16.0077893934
15.770 1.2591 16.0179466202
15.780 1.2583 16.028103847
15.790 1.2575 16.0382610738
15.800 1.2568 16.0484183005
15.810 1.2560 16.0585755273
15.820 1.2552 16.0687327541
15.830 1.2544 16.0788899808
15.840 1.2536 16.0890472076
15.850 1.2528 16.0992044344
15.860 1.2520 16.1093616612
15.870 1.2513 16.1195188879
15.880 1.2505 16.1296761147
15.890 1.2497 16.1398333415
15.900 1.2489 16.1499905683
15.910 1.2481 16.160147795
15.920 1.2474 16.1703050218
15.930 1.2466 16.1804622486
15.940 1.2458 16.1906194753
15.950 1.2450 16.2007767021
15.960 1.2443 16.2109339289
15.970 1.2435 16.2210911557
15.980 1.2427 16.2312483824
15.990 1.2419 16.2414056092
16.000 1.2412 16.251562836
16.010 1.2404 16.2617200627
16.020 1.2396 16.2718772895
16.030 1.2389 16.2820345163
16.040 1.2381 16.2921917431
16.050 1.2373 16.3023489698
16.060 1.2366 16.3125061966
16.070 1.2358 16.3226634234
16.080 1.2351 16.3328206502
16.090 1.2343 16.3429778769
16.100 1.2335 16.3531351037
16.110 1.2328 16.3632923305
16.120 1.2320 16.3734495572
16.130 1.2313 16.383606784
16.140 1.2305 16.3937640108
16.150 1.2297 16.4039212376
16.160 1.2290 16.4140784643
16.170 1.2282 16.4242356911
16.180 1.2275 16.4343929179
16.190 1.2267 16.4445501447
16.200 1.2260 16.4547073714
16.210 1.2252 16.4648645982
16.220 1.2245 16.475021825
16.230 1.2237 16.4851790517
16.240 1.2230 16.4953362785
16.250 1.2222 16.5054935053
16.260 1.2215 16.5156507321
16.270 1.2208 16.5258079588
16.280 1.2200 16.5359651856
16.290 1.2193 16.5461224124
16.300 1.2185 16.5562796392
16.310 1.2178 16.5664368659
16.320 1.2170 16.5765940927
16.330 1.2163 16.5867513195
16.340 1.2156 16.5969085462
16.350 1.2148 16.607065773
16.360 1.2141 16.6172229998
16.370 1.2134 16.6273802266
16.380 1.2126 16.6375374533
16.390 1.2119 16.6476946801
16.400 1.2112 16.6578519069
16.410 1.2104 16.6680091336
16.420 1.2097 16.6781663604
16.430 1.2090 16.6883235872
16.440 1.2082 16.698480814
16.450 1.2075 16.7086380407
16.460 1.2068 16.7187952675
16.470 1.2061 16.7289524943
16.480 1.2053 16.7391097211
16.490 1.2046 16.7492669478
16.500 1.2039 16.7594241746
16.510 1.2032 16.7695814014
16.520 1.2024 16.7797386281
16.530 1.2017 16.7898958549
16.540 1.2010 16.8000530817
16.550 1.2003 16.8102103085
16.560 1.1996 16.8203675352
16.570 1.1988 16.830524762
16.580 1.1981 16.8406819888
16.590 1.1974 16.8508392156
16.600 1.1967 16.8609964423
16.610 1.1960 16.8711536691
16.620 1.1953 16.8813108959
16.630 1.1946 16.8914681226
16.640 1.1938 16.9016253494
16.650 1.1931 16.9117825762
16.660 1.1924 16.921939803
16.670 1.1917 16.9320970297
16.680 1.1910 16.9422542565
16.690 1.1903 16.9524114833
16.700 1.1896 16.96256871
16.710 1.1889 16.9727259368
16.720 1.1882 16.9828831636
16.730 1.1875 16.9930403904
16.740 1.1868 17.0031976171
16.750 1.1861 17.0133548439
16.760 1.1854 17.0235120707
16.770 1.1847 17.0336692975
16.780 1.1840 17.0438265242
16.790 1.1833 17.053983751
16.800 1.1826 17.0641409778
16.810 1.1819 17.0742982045
16.820 1.1812 17.0844554313
16.830 1.1805 17.0946126581
16.840 1.1798 17.1047698849
16.850 1.1791 17.1149271116
16.860 1.1784 17.1250843384
16.870 1.1777 17.1352415652
16.880 1.1770 17.145398792
16.890 1.1763 17.1555560187
16.900 1.1756 17.1657132455
16.910 1.1749 17.1758704723
16.920 1.1743 17.186027699
16.930 1.1736 17.1961849258
16.940 1.1729 17.2063421526
16.950 1.1722 17.2164993794
16.960 1.1715 17.2266566061
16.970 1.1708 17.2368138329
16.980 1.1701 17.2469710597
16.990 1.1695 17.2571282865
17.000 1.1688 17.2672855132
17.010 1.1681 17.27744274
17.020 1.1674 17.2875999668
17.030 1.1667 17.2977571935
17.040 1.1661 17.3079144203
17.050 1.1654 17.3180716471
17.060 1.1647 17.3282288739
17.070 1.1640 17.3383861006
17.080 1.1634 17.3485433274
17.090 1.1627 17.3587005542
17.100 1.1620 17.3688577809
17.110 1.1613 17.3790150077
17.120 1.1607 17.3891722345
17.130 1.1600 17.3993294613
17.140 1.1593 17.409486688
17.150 1.1586 17.4196439148
17.160 1.1580 17.4298011416
17.170 1.1573 17.4399583684
17.180 1.1566 17.4501155951
17.190 1.1560 17.4602728219
17.200 1.1553 17.4704300487
17.210 1.1546 17.4805872754
17.220 1.1540 17.4907445022
17.230 1.1533 17.500901729
17.240 1.1527 17.5110589558
17.250 1.1520 17.5212161825
17.260 1.1513 17.5313734093
17.270 1.1507 17.5415306361
17.280 1.1500 17.5516878629
17.290 1.1494 17.5618450896
17.300 1.1487 17.5720023164
17.310 1.1480 17.5821595432
17.320 1.1474 17.5923167699
17.330 1.1467 17.6024739967
17.340 1.1461 17.6126312235
17.350 1.1454 17.6227884503
17.360 1.1448 17.632945677
17.370 1.1441 17.6431029038
17.380 1.1435 17.6532601306
17.390 1.1428 17.6634173574
17.400 1.1422 17.6735745841
17.410 1.1415 17.6837318109
17.420 1.1409 17.6938890377
17.430 1.1402 17.7040462644
17.440 1.1396 17.7142034912
17.450 1.1389 17.724360718
17.460 1.1383 17.7345179448
17.470 1.1376 17.7446751715
17.480 1.1370 17.7548323983
17.490 1.1363 17.7649896251
17.500 1.1357 17.7751468518
17.510 1.1350 17.7853040786
17.520 1.1344 17.7954613054
17.530 1.1338 17.8056185322
17.540 1.1331 17.8157757589
17.550 1.1325 17.8259329857
17.560 1.1318 17.8360902125
17.570 1.1312 17.8462474393
17.580 1.1306 17.856404666
17.590 1.1299 17.8665618928
17.600 1.1293 17.8767191196
17.610 1.1287 17.8868763463
17.620 1.1280 17.8970335731
17.630 1.1274 17.9071907999
17.640 1.1268 17.9173480267
17.650 1.1261 17.9275052534
17.660 1.1255 17.9376624802
17.670 1.1249 17.947819707
17.680 1.1242 17.9579769338
17.690 1.1236 17.9681341605
17.700 1.1230 17.9782913873
17.710 1.1223 17.9884486141
17.720 1.1217 17.9986058408
17.730 1.1211 18.0087630676
17.740 1.1205 18.0189202944
17.750 1.1198 18.0290775212
17.760 1.1192 18.0392347479
17.770 1.1186 18.0493919747
17.780 1.1180 18.0595492015
17.790 1.1173 18.0697064283
17.800 1.1167 18.079863655
17.810 1.1161 18.0900208818
17.820 1.1155 18.1001781086
17.830 1.1149 18.1103353353
17.840 1.1142 18.1204925621
17.850 1.1136 18.1306497889
17.860 1.1130 18.1408070157
17.870 1.1124 18.1509642424
17.880 1.1118 18.1611214692
17.890 1.1112 18.171278696
17.900 1.1105 18.1814359227
17.910 1.1099 18.1915931495
17.920 1.1093 18.2017503763
17.930 1.1087 18.2119076031
17.940 1.1081 18.2220648298
17.950 1.1075 18.2322220566
17.960 1.1069 18.2423792834
17.970 1.1063 18.2525365102
17.980 1.1056 18.2626937369
17.990 1.1050 18.2728509637
18.000 1.1044 18.2830081905
18.010 1.1038 18.2931654172
18.020 1.1032 18.303322644
18.030 1.1026 18.3134798708
18.040 1.1020 18.3236370976
18.050 1.1014 18.3337943243
18.060 1.1008 18.3439515511
18.070 1.1002 18.3541087779
18.080 1.0996 18.3642660047
18.090 1.0990 18.3744232314
18.100 1.0984 18.3845804582
18.110 1.0978 18.394737685
18.120 1.0972 18.4048949117
18.130 1.0966 18.4150521385
18.140 1.0960 18.4252093653
18.150 1.0954 18.4353665921
18.160 1.0948 18.4455238188
18.170 1.0942 18.4556810456
18.180 1.0936 18.4658382724
18.190 1.0930 18.4759954992
18.200 1.0924 18.4861527259
18.210 1.0918 18.4963099527
18.220 1.0912 18.5064671795
18.230 1.0906 18.5166244062
18.240 1.0900 18.526781633
18.250 1.0894 18.5369388598
18.260 1.0888 18.5470960866
18.270 1.0883 18.5572533133
18.280 1.0877 18.5674105401
18.290 1.0871 18.5775677669
18.300 1.0865 18.5877249936
18.310 1.0859 18.5978822204
18.320 1.0853 18.6080394472
18.330 1.0847 18.618196674
18.340 1.0841 18.6283539007
18.350 1.0836 18.6385111275
18.360 1.0830 18.6486683543
18.370 1.0824 18.6588255811
18.380 1.0818 18.6689828078
18.390 1.0812 18.6791400346
18.400 1.0806 18.6892972614
18.410 1.0801 18.6994544881
18.420 1.0795 18.7096117149
18.430 1.0789 18.7197689417
18.440 1.0783 18.7299261685
18.450 1.0777 18.7400833952
18.460 1.0772 18.750240622
18.470 1.0766 18.7603978488
18.480 1.0760 18.7705550756
18.490 1.0754 18.7807123023
18.500 1.0749 18.7908695291
18.510 1.0743 18.8010267559
18.520 1.0737 18.8111839826
18.530 1.0731 18.8213412094
18.540 1.0726 18.8314984362
18.550 1.0720 18.841655663
18.560 1.0714 18.8518128897
18.570 1.0708 18.8619701165
18.580 1.0703 18.8721273433
18.590 1.0697 18.88228457
18.600 1.0691 18.8924417968
18.610 1.0686 18.9025990236
18.620 1.0680 18.9127562504
18.630 1.0674 18.9229134771
18.640 1.0669 18.9330707039
18.650 1.0663 18.9432279307
18.660 1.0657 18.9533851575
18.670 1.0652 18.9635423842
18.680 1.0646 18.973699611
18.690 1.0640 18.9838568378
18.700 1.0635 18.9940140645
18.710 1.0629 19.0041712913
18.720 1.0623 19.0143285181
18.730 1.0618 19.0244857449
18.740 1.0612 19.0346429716
18.750 1.0607 19.0448001984
18.760 1.0601 19.0549574252
18.770 1.0595 19.065114652
18.780 1.0590 19.0752718787
18.790 1.0584 19.0854291055
18.800 1.0579 19.0955863323
18.810 1.0573 19.105743559
18.820 1.0568 19.1159007858
18.830 1.0562 19.1260580126
18.840 1.0556 19.1362152394
18.850 1.0551 19.1463724661
18.860 1.0545 19.1565296929
18.870 1.0540 19.1666869197
18.880 1.0534 19.1768441465
18.890 1.0529 19.1870013732
18.900 1.0523 19.1971586
18.910 1.0518 19.2073158268
18.920 1.0512 19.2174730535
18.930 1.0507 19.2276302803
18.940 1.0501 19.2377875071
18.950 1.0496 19.2479447339
18.960 1.0490 19.2581019606
18.970 1.0485 19.2682591874
18.980 1.0479 19.2784164142
18.990 1.0474 19.2885736409
19.000 1.0468 19.2987308677
19.010 1.0463 19.3088880945
19.020 1.0458 19.3190453213
19.030 1.0452 19.329202548
19.040 1.0447 19.3393597748
19.050 1.0441 19.3495170016
19.060 1.0436 19.3596742284
19.070 1.0430 19.3698314551
19.080 1.0425 19.3799886819
19.090 1.0420 19.3901459087
19.100 1.0414 19.4003031354
19.110 1.0409 19.4104603622
19.120 1.0403 19.420617589
19.130 1.0398 19.4307748158
19.140 1.0393 19.4409320425
19.150 1.0387 19.4510892693
19.160 1.0382 19.4612464961
19.170 1.0377 19.4714037229
19.180 1.0371 19.4815609496
19.190 1.0366 19.4917181764
19.200 1.0361 19.5018754032
19.210 1.0355 19.5120326299
19.220 1.0350 19.5221898567
19.230 1.0345 19.5323470835
19.240 1.0339 19.5425043103
19.250 1.0334 19.552661537
19.260 1.0329 19.5628187638
19.270 1.0323 19.5729759906
19.280 1.0318 19.5831332174
19.290 1.0313 19.5932904441
19.300 1.0307 19.6034476709
19.310 1.0302 19.6136048977
19.320 1.0297 19.6237621244
19.330 1.0292 19.6339193512
19.340 1.0286 19.644076578
19.350 1.0281 19.6542338048
19.360 1.0276 19.6643910315
19.370 1.0271 19.6745482583
19.380 1.0265 19.6847054851
19.390 1.0260 19.6948627118
19.400 1.0255 19.7050199386
19.410 1.0250 19.7151771654
19.420 1.0244 19.7253343922
19.430 1.0239 19.7354916189
19.440 1.0234 19.7456488457
19.450 1.0229 19.7558060725
19.460 1.0223 19.7659632993
19.470 1.0218 19.776120526
19.480 1.0213 19.7862777528
19.490 1.0208 19.7964349796
19.500 1.0203 19.8065922063
19.510 1.0198 19.8167494331
19.520 1.0192 19.8269066599
19.530 1.0187 19.8370638867
19.540 1.0182 19.8472211134
19.550 1.0177 19.8573783402
19.560 1.0172 19.867535567
19.570 1.0167 19.8776927938
19.580 1.0161 19.8878500205
19.590 1.0156 19.8980072473
19.600 1.0151 19.9081644741
19.610 1.0146 19.9183217008
19.620 1.0141 19.9284789276
19.630 1.0136 19.9386361544
19.640 1.0131 19.9487933812
19.650 1.0126 19.9589506079
19.660 1.0121 19.9691078347
19.670 1.0115 19.9792650615
19.680 1.0110 19.9894222883
19.690 1.0105 19.999579515
19.700 1.0100 20.0097367418
19.710 1.0095 20.0198939686
19.720 1.0090 20.0300511953
19.730 1.0085 20.0402084221
19.740 1.0080 20.0503656489
19.750 1.0075 20.0605228757
19.760 1.0070 20.0706801024
19.770 1.0065 20.0808373292
19.780 1.0060 20.090994556
19.790 1.0055 20.1011517827
19.800 1.0050 20.1113090095
19.810 1.0045 20.1214662363
19.820 1.0040 20.1316234631
19.830 1.0035 20.1417806898
19.840 1.0030 20.1519379166
19.850 1.0025 20.1620951434
19.860 1.0020 20.1722523702
19.870 1.0015 20.1824095969
19.880 1.0010 20.1925668237
19.890 1.0005 20.2027240505
19.900 0.99997 20.2128812772
19.910 0.99948 20.223038504
19.920 0.99898 20.2331957308
19.930 0.99848 20.2433529576
19.940 0.99799 20.2535101843
19.950 0.99749 20.2636674111
19.960 0.99700 20.2738246379
19.970 0.99651 20.2839818647
19.980 0.99601 20.2941390914
19.990 0.99552 20.3042963182
20.000 0.99503 20.314453545
20.100 0.99013 20.4160258127
20.110 0.98964 20.4261830395
20.120 0.98915 20.4363402662
20.130 0.98867 20.446497493
20.140 0.98818 20.4566547198
20.150 0.98770 20.4668119466
20.160 0.98721 20.4769691733
20.170 0.98673 20.4871264001
20.180 0.98624 20.4972836269
20.190 0.98576 20.5074408536
20.200 0.98528 20.5175980804
20.210 0.98480 20.5277553072
20.220 0.98431 20.537912534
20.230 0.98383 20.5480697607
20.240 0.98335 20.5582269875
20.250 0.98287 20.5683842143
20.260 0.98239 20.5785414411
20.270 0.98191 20.5886986678
20.280 0.98143 20.5988558946
20.290 0.98095 20.6090131214
20.300 0.98048 20.6191703481
20.310 0.98000 20.6293275749
20.320 0.97952 20.6394848017
20.330 0.97904 20.6496420285
20.340 0.97857 20.6597992552
20.350 0.97809 20.669956482
20.360 0.97762 20.6801137088
20.370 0.97714 20.6902709356
20.380 0.97667 20.7004281623
20.390 0.97619 20.7105853891
20.400 0.97572 20.7207426159
20.410 0.97525 20.7308998426
20.420 0.97478 20.7410570694
20.430 0.97430 20.7512142962
20.440 0.97383 20.761371523
20.450 0.97336 20.7715287497
20.460 0.97289 20.7816859765
20.470 0.97242 20.7918432033
20.480 0.97195 20.80200043
20.490 0.97148 20.8121576568
20.500 0.97101 20.8223148836
20.510 0.97054 20.8324721104
20.520 0.97008 20.8426293371
20.530 0.96961 20.8527865639
20.540 0.96914 20.8629437907
20.550 0.96868 20.8731010175
20.560 0.96821 20.8832582442
20.570 0.96774 20.893415471
20.580 0.96728 20.9035726978
20.590 0.96681 20.9137299245
20.600 0.96635 20.9238871513
20.610 0.96589 20.9340443781
20.620 0.96542 20.9442016049
20.630 0.96496 20.9543588316
20.640 0.96450 20.9645160584
20.650 0.96403 20.9746732852
20.660 0.96357 20.984830512
20.670 0.96311 20.9949877387
20.680 0.96265 21.0051449655
20.690 0.96219 21.0153021923
20.700 0.96173 21.025459419
20.710 0.96127 21.0356166458
20.720 0.96081 21.0457738726
20.730 0.96035 21.0559310994
20.740 0.95990 21.0660883261
20.750 0.95944 21.0762455529
20.760 0.95898 21.0864027797
20.770 0.95853 21.0965600065
20.780 0.95807 21.1067172332
20.790 0.95761 21.11687446
20.800 0.95716 21.1270316868
20.810 0.95670 21.1371889135
20.820 0.95625 21.1473461403
20.830 0.95579 21.1575033671
20.840 0.95534 21.1676605939
20.850 0.95489 21.1778178206
20.860 0.95443 21.1879750474
20.870 0.95398 21.1981322742
20.880 0.95353 21.2082895009
20.890 0.95308 21.2184467277
20.900 0.95263 21.2286039545
20.910 0.95218 21.2387611813
20.920 0.95173 21.248918408
20.930 0.95128 21.2590756348
20.940 0.95083 21.2692328616
20.950 0.95038 21.2793900884
20.960 0.94993 21.2895473151
20.970 0.94948 21.2997045419
20.980 0.94904 21.3098617687
20.990 0.94859 21.3200189954
21.000 0.94814 21.3301762222
21.010 0.94770 21.340333449
21.020 0.94725 21.3504906758
21.030 0.94680 21.3606479025
21.040 0.94636 21.3708051293
21.050 0.94591 21.3809623561
21.060 0.94547 21.3911195829
21.070 0.94503 21.4012768096
21.080 0.94458 21.4114340364
21.090 0.94414 21.4215912632
21.100 0.94370 21.4317484899
21.110 0.94326 21.4419057167
21.120 0.94281 21.4520629435
21.130 0.94237 21.4622201703
21.140 0.94193 21.472377397
21.150 0.94149 21.4825346238
21.160 0.94105 21.4926918506
21.170 0.94061 21.5028490774
21.180 0.94017 21.5130063041
21.190 0.93973 21.5231635309
21.200 0.93930 21.5333207577
21.210 0.93886 21.5434779844
21.220 0.93842 21.5536352112
21.230 0.93798 21.563792438
21.240 0.93755 21.5739496648
21.250 0.93711 21.5841068915
21.260 0.93667 21.5942641183
21.270 0.93624 21.6044213451
21.280 0.93580 21.6145785718
21.290 0.93537 21.6247357986
21.300 0.93493 21.6348930254
21.310 0.93450 21.6450502522
21.320 0.93407 21.6552074789
21.330 0.93363 21.6653647057
21.340 0.93320 21.6755219325
21.350 0.93277 21.6856791593
21.360 0.93234 21.695836386
21.370 0.93191 21.7059936128
21.380 0.93148 21.7161508396
21.390 0.93104 21.7263080663
21.400 0.93061 21.7364652931
21.410 0.93018 21.7466225199
21.420 0.92976 21.7567797467
21.430 0.92933 21.7669369734
21.440 0.92890 21.7770942002
21.450 0.92847 21.787251427
21.460 0.92804 21.7974086538
21.470 0.92761 21.8075658805
21.480 0.92719 21.8177231073
21.490 0.92676 21.8278803341
21.500 0.92633 21.8380375608
21.510 0.92591 21.8481947876
21.520 0.92548 21.8583520144
21.530 0.92506 21.8685092412
21.540 0.92463 21.8786664679
21.550 0.92421 21.8888236947
21.560 0.92379 21.8989809215
21.570 0.92336 21.9091381483
21.580 0.92294 21.919295375
21.590 0.92252 21.9294526018
21.600 0.92209 21.9396098286
21.610 0.92167 21.9497670553
21.620 0.92125 21.9599242821
21.630 0.92083 21.9700815089
21.640 0.92041 21.9802387357
21.650 0.91999 21.9903959624
21.660 0.91957 22.0005531892
21.670 0.91915 22.010710416
21.680 0.91873 22.0208676427
21.690 0.91831 22.0310248695
21.700 0.91789 22.0411820963
21.710 0.91748 22.0513393231
21.720 0.91706 22.0614965498
21.730 0.91664 22.0716537766
21.740 0.91622 22.0818110034
21.750 0.91581 22.0919682302
21.760 0.91539 22.1021254569
21.770 0.91498 22.1122826837
21.780 0.91456 22.1224399105
21.790 0.91415 22.1325971372
21.800 0.91373 22.142754364
21.810 0.91332 22.1529115908
21.820 0.91290 22.1630688176
21.830 0.91249 22.1732260443
21.840 0.91208 22.1833832711
21.850 0.91166 22.1935404979
21.860 0.91125 22.2036977247
21.870 0.91084 22.2138549514
21.880 0.91043 22.2240121782
21.890 0.91002 22.234169405
21.900 0.90961 22.2443266317
21.910 0.90920 22.2544838585
21.920 0.90879 22.2646410853
21.930 0.90838 22.2747983121
21.940 0.90797 22.2849555388
21.950 0.90756 22.2951127656
21.960 0.90715 22.3052699924
21.970 0.90674 22.3154272191
21.980 0.90633 22.3255844459
21.990 0.90593 22.3357416727
22.000 0.90552 22.3458988995
22.010 0.90511 22.3560561262
22.020 0.90471 22.366213353
22.030 0.90430 22.3763705798
22.040 0.90389 22.3865278066
22.050 0.90349 22.3966850333
22.060 0.90308 22.4068422601
22.070 0.90268 22.4169994869
22.080 0.90228 22.4271567136
22.090 0.90187 22.4373139404
22.100 0.90147 22.4474711672
22.110 0.90107 22.457628394
22.120 0.90066 22.4677856207
22.130 0.90026 22.4779428475
22.140 0.89986 22.4881000743
22.150 0.89946 22.4982573011
22.160 0.89906 22.5084145278
22.170 0.89866 22.5185717546
22.180 0.89826 22.5287289814
22.190 0.89786 22.5388862081
22.200 0.89746 22.5490434349
22.210 0.89706 22.5592006617
22.220 0.89666 22.5693578885
22.230 0.89626 22.5795151152
22.240 0.89586 22.589672342
22.250 0.89546 22.5998295688
22.260 0.89506 22.6099867956
22.270 0.89467 22.6201440223
22.280 0.89427 22.6303012491
22.290 0.89387 22.6404584759
22.300 0.89348 22.6506157026
22.310 0.89308 22.6607729294
22.320 0.89269 22.6709301562
22.330 0.89229 22.681087383
22.340 0.89190 22.6912446097
22.350 0.89150 22.7014018365
22.360 0.89111 22.7115590633
22.370 0.89071 22.72171629
22.380 0.89032 22.7318735168
22.390 0.88993 22.7420307436
22.400 0.88954 22.7521879704
22.410 0.88914 22.7623451971
22.420 0.88875 22.7725024239
22.430 0.88836 22.7826596507
22.440 0.88797 22.7928168775
22.450 0.88758 22.8029741042
22.460 0.88719 22.813131331
22.470 0.88680 22.8232885578
22.480 0.88641 22.8334457845
22.490 0.88602 22.8436030113
22.500 0.88563 22.8537602381
22.510 0.88524 22.8639174649
22.520 0.88485 22.8740746916
22.530 0.88446 22.8842319184
22.540 0.88408 22.8943891452
22.550 0.88369 22.904546372
22.560 0.88330 22.9147035987
22.570 0.88291 22.9248608255
22.580 0.88253 22.9350180523
22.590 0.88214 22.945175279
22.600 0.88176 22.9553325058
22.610 0.88137 22.9654897326
22.620 0.88099 22.9756469594
22.630 0.88060 22.9858041861
22.640 0.88022 22.9959614129
22.650 0.87983 23.0061186397
22.660 0.87945 23.0162758665
22.670 0.87907 23.0264330932
22.680 0.87868 23.03659032
22.690 0.87830 23.0467475468
22.700 0.87792 23.0569047735
22.710 0.87754 23.0670620003
22.720 0.87715 23.0772192271
22.730 0.87677 23.0873764539
22.740 0.87639 23.0975336806
22.750 0.87601 23.1076909074
22.760 0.87563 23.1178481342
22.770 0.87525 23.1280053609
22.780 0.87487 23.1381625877
22.790 0.87449 23.1483198145
22.800 0.87411 23.1584770413
22.810 0.87373 23.168634268
22.820 0.87336 23.1787914948
22.830 0.87298 23.1889487216
22.840 0.87260 23.1991059484
22.850 0.87222 23.2092631751
22.860 0.87185 23.2194204019
22.870 0.87147 23.2295776287
22.880 0.87109 23.2397348554
22.890 0.87072 23.2498920822
22.900 0.87034 23.260049309
22.910 0.86997 23.2702065358
22.920 0.86959 23.2803637625
22.930 0.86922 23.2905209893
22.940 0.86884 23.3006782161
22.950 0.86847 23.3108354429
22.960 0.86809 23.3209926696
22.970 0.86772 23.3311498964
22.980 0.86735 23.3413071232
22.990 0.86698 23.3514643499
23.000 0.86660 23.3616215767
23.010 0.86623 23.3717788035
23.020 0.86586 23.3819360303
23.030 0.86549 23.392093257
23.040 0.86512 23.4022504838
23.050 0.86475 23.4124077106
23.060 0.86438 23.4225649374
23.070 0.86401 23.4327221641
23.080 0.86364 23.4428793909
23.090 0.86327 23.4530366177
23.100 0.86290 23.4631938444
23.110 0.86253 23.4733510712
23.120 0.86216 23.483508298
23.130 0.86179 23.4936655248
23.140 0.86142 23.5038227515
23.150 0.86106 23.5139799783
23.160 0.86069 23.5241372051
23.170 0.86032 23.5342944318
23.180 0.85995 23.5444516586
23.190 0.85959 23.5546088854
23.200 0.85922 23.5647661122
23.210 0.85886 23.5749233389
23.220 0.85849 23.5850805657
23.230 0.85813 23.5952377925
23.240 0.85776 23.6053950193
23.250 0.85740 23.615552246
23.260 0.85703 23.6257094728
23.270 0.85667 23.6358666996
23.280 0.85631 23.6460239263
23.290 0.85594 23.6561811531
23.300 0.85558 23.6663383799
23.310 0.85522 23.6764956067
23.320 0.85486 23.6866528334
23.330 0.85449 23.6968100602
23.340 0.85413 23.706967287
23.350 0.85377 23.7171245138
23.360 0.85341 23.7272817405
23.370 0.85305 23.7374389673
23.380 0.85269 23.7475961941
23.390 0.85233 23.7577534208
23.400 0.85197 23.7679106476
23.410 0.85161 23.7780678744
23.420 0.85125 23.7882251012
23.430 0.85089 23.7983823279
23.440 0.85053 23.8085395547
23.450 0.85017 23.8186967815
23.460 0.84982 23.8288540082
23.470 0.84946 23.839011235
23.480 0.84910 23.8491684618
23.490 0.84874 23.8593256886
23.500 0.84839 23.8694829153
23.510 0.84803 23.8796401421
23.520 0.84767 23.8897973689
23.530 0.84732 23.8999545957
23.540 0.84696 23.9101118224
23.550 0.84661 23.9202690492
23.560 0.84625 23.930426276
23.570 0.84590 23.9405835027
23.580 0.84554 23.9507407295
23.590 0.84519 23.9608979563
23.600 0.84484 23.9710551831
23.610 0.84448 23.9812124098
23.620 0.84413 23.9913696366
23.630 0.84378 24.0015268634
23.640 0.84343 24.0116840902
23.650 0.84307 24.0218413169
23.660 0.84272 24.0319985437
23.670 0.84237 24.0421557705
23.680 0.84202 24.0523129972
23.690 0.84167 24.062470224
23.700 0.84132 24.0726274508
23.710 0.84097 24.0827846776
23.720 0.84062 24.0929419043
23.730 0.84027 24.1030991311
23.740 0.83992 24.1132563579
23.750 0.83957 24.1234135847
23.760 0.83922 24.1335708114
23.770 0.83887 24.1437280382
23.780 0.83852 24.153885265
23.790 0.83817 24.1640424917
23.800 0.83783 24.1741997185
23.810 0.83748 24.1843569453
23.820 0.83713 24.1945141721
23.830 0.83678 24.2046713988
23.840 0.83644 24.2148286256
23.850 0.83609 24.2249858524
23.860 0.83574 24.2351430791
23.870 0.83540 24.2453003059
23.880 0.83505 24.2554575327
23.890 0.83471 24.2656147595
23.900 0.83436 24.2757719862
23.910 0.83402 24.285929213
23.920 0.83367 24.2960864398
23.930 0.83333 24.3062436666
23.940 0.83299 24.3164008933
23.950 0.83264 24.3265581201
23.960 0.83230 24.3367153469
23.970 0.83196 24.3468725736
23.980 0.83161 24.3570298004
23.990 0.83127 24.3671870272
24.000 0.83093 24.377344254
24.010 0.83059 24.3875014807
24.020 0.83025 24.3976587075
24.030 0.82991 24.4078159343
24.040 0.82957 24.4179731611
24.050 0.82922 24.4281303878
24.060 0.82888 24.4382876146
24.070 0.82854 24.4484448414
24.080 0.82820 24.4586020681
24.090 0.82787 24.4687592949
24.100 0.82753 24.4789165217
24.110 0.82719 24.4890737485
24.120 0.82685 24.4992309752
24.130 0.82651 24.509388202
24.140 0.82617 24.5195454288
24.150 0.82583 24.5297026556
24.160 0.82550 24.5398598823
24.170 0.82516 24.5500171091
24.180 0.82482 24.5601743359
24.190 0.82449 24.5703315626
24.200 0.82415 24.5804887894
24.210 0.82381 24.5906460162
24.220 0.82348 24.600803243
24.230 0.82314 24.6109604697
24.240 0.82281 24.6211176965
24.250 0.82247 24.6312749233
24.260 0.82214 24.64143215
24.270 0.82180 24.6515893768
24.280 0.82147 24.6617466036
24.290 0.82114 24.6719038304
24.300 0.82080 24.6820610571
24.310 0.82047 24.6922182839
24.320 0.82014 24.7023755107
24.330 0.81980 24.7125327375
24.340 0.81947 24.7226899642
24.350 0.81914 24.732847191
24.360 0.81881 24.7430044178
24.370 0.81847 24.7531616445
24.380 0.81814 24.7633188713
24.390 0.81781 24.7734760981
24.400 0.81748 24.7836333249
24.410 0.81715 24.7937905516
24.420 0.81682 24.8039477784
24.430 0.81649 24.8141050052
24.440 0.81616 24.824262232
24.450 0.81583 24.8344194587
24.460 0.81550 24.8445766855
24.470 0.81517 24.8547339123
24.480 0.81484 24.864891139
24.490 0.81451 24.8750483658
24.500 0.81419 24.8852055926
24.510 0.81386 24.8953628194
24.520 0.81353 24.9055200461
24.530 0.81320 24.9156772729
24.540 0.81288 24.9258344997
24.550 0.81255 24.9359917265
24.560 0.81222 24.9461489532
24.570 0.81190 24.95630618
24.580 0.81157 24.9664634068
24.590 0.81124 24.9766206335
24.600 0.81092 24.9867778603
24.610 0.81059 24.9969350871
24.620 0.81027 25.0070923139
24.630 0.80994 25.0172495406
24.640 0.80962 25.0274067674
24.650 0.80930 25.0375639942
24.660 0.80897 25.0477212209
24.670 0.80865 25.0578784477
24.680 0.80832 25.0680356745
24.690 0.80800 25.0781929013
24.700 0.80768 25.088350128
24.710 0.80736 25.0985073548
24.720 0.80703 25.1086645816
24.730 0.80671 25.1188218084
24.740 0.80639 25.1289790351
24.750 0.80607 25.1391362619
24.760 0.80575 25.1492934887
24.770 0.80543 25.1594507154
24.780 0.80511 25.1696079422
24.790 0.80478 25.179765169
24.800 0.80446 25.1899223958
24.810 0.80414 25.2000796225
24.820 0.80382 25.2102368493
24.830 0.80350 25.2203940761
24.840 0.80319 25.2305513029
24.850 0.80287 25.2407085296
24.860 0.80255 25.2508657564
24.870 0.80223 25.2610229832
24.880 0.80191 25.2711802099
24.890 0.80159 25.2813374367
24.900 0.80128 25.2914946635
24.910 0.80096 25.3016518903
24.920 0.80064 25.311809117
24.930 0.80032 25.3219663438
24.940 0.80001 25.3321235706
24.950 0.79969 25.3422807974
24.960 0.79937 25.3524380241
24.970 0.79906 25.3625952509
24.980 0.79874 25.3727524777
24.990 0.79843 25.3829097044
25.000 0.79811 25.3930669312
25.100 0.79497 25.4946391989
25.110 0.79466 25.5047964257
25.120 0.79435 25.5149536525
25.130 0.79404 25.5251108793
25.140 0.79373 25.535268106
25.150 0.79341 25.5454253328
25.160 0.79310 25.5555825596
25.170 0.79279 25.5657397863
25.180 0.79248 25.5758970131
25.190 0.79217 25.5860542399
25.200 0.79186 25.5962114667
25.210 0.79155 25.6063686934
25.220 0.79124 25.6165259202
25.230 0.79093 25.626683147
25.240 0.79062 25.6368403738
25.250 0.79031 25.6469976005
25.260 0.79001 25.6571548273
25.270 0.78970 25.6673120541
25.280 0.78939 25.6774692808
25.290 0.78908 25.6876265076
25.300 0.78877 25.6977837344
25.310 0.78847 25.7079409612
25.320 0.78816 25.7180981879
25.330 0.78785 25.7282554147
25.340 0.78754 25.7384126415
25.350 0.78724 25.7485698682
25.360 0.78693 25.758727095
25.370 0.78663 25.7688843218
25.380 0.78632 25.7790415486
25.390 0.78601 25.7891987753
25.400 0.78571 25.7993560021
25.410 0.78540 25.8095132289
25.420 0.78510 25.8196704557
25.430 0.78479 25.8298276824
25.440 0.78449 25.8399849092
25.450 0.78419 25.850142136
25.460 0.78388 25.8602993627
25.470 0.78358 25.8704565895
25.480 0.78327 25.8806138163
25.490 0.78297 25.8907710431
25.500 0.78267 25.9009282698
25.510 0.78237 25.9110854966
25.520 0.78206 25.9212427234
25.530 0.78176 25.9313999502
25.540 0.78146 25.9415571769
25.550 0.78116 25.9517144037
25.560 0.78086 25.9618716305
25.570 0.78055 25.9720288572
25.580 0.78025 25.982186084
25.590 0.77995 25.9923433108
25.600 0.77965 26.0025005376
25.610 0.77935 26.0126577643
25.620 0.77905 26.0228149911
25.630 0.77875 26.0329722179
25.640 0.77845 26.0431294447
25.650 0.77815 26.0532866714
25.660 0.77785 26.0634438982
25.670 0.77755 26.073601125
25.680 0.77726 26.0837583517
25.690 0.77696 26.0939155785
25.700 0.77666 26.1040728053
25.710 0.77636 26.1142300321
25.720 0.77606 26.1243872588
25.730 0.77577 26.1345444856
25.740 0.77547 26.1447017124
25.750 0.77517 26.1548589391
25.760 0.77487 26.1650161659
25.770 0.77458 26.1751733927
25.780 0.77428 26.1853306195
25.790 0.77399 26.1954878462
25.800 0.77369 26.205645073
25.810 0.77339 26.2158022998
25.820 0.77310 26.2259595266
25.830 0.77280 26.2361167533
25.840 0.77251 26.2462739801
25.850 0.77221 26.2564312069
25.860 0.77192 26.2665884336
25.870 0.77162 26.2767456604
25.880 0.77133 26.2869028872
25.890 0.77104 26.297060114
25.900 0.77074 26.3072173407
25.910 0.77045 26.3173745675
25.920 0.77016 26.3275317943
25.930 0.76986 26.3376890211
25.940 0.76957 26.3478462478
25.950 0.76928 26.3580034746
25.960 0.76899 26.3681607014
25.970 0.76869 26.3783179281
25.980 0.76840 26.3884751549
25.990 0.76811 26.3986323817
26.000 0.76782 26.4087896085
26.010 0.76753 26.4189468352
26.020 0.76724 26.429104062
26.030 0.76695 26.4392612888
26.040 0.76666 26.4494185156
26.050 0.76637 26.4595757423
26.060 0.76608 26.4697329691
26.070 0.76579 26.4798901959
26.080 0.76550 26.4900474226
26.090 0.76521 26.5002046494
26.100 0.76492 26.5103618762
26.110 0.76463 26.520519103
26.120 0.76434 26.5306763297
26.130 0.76405 26.5408335565
26.140 0.76376 26.5509907833
26.150 0.76347 26.56114801
26.160 0.76319 26.5713052368
26.170 0.76290 26.5814624636
26.180 0.76261 26.5916196904
26.190 0.76232 26.6017769171
26.200 0.76204 26.6119341439
26.210 0.76175 26.6220913707
26.220 0.76146 26.6322485975
26.230 0.76118 26.6424058242
26.240 0.76089 26.652563051
26.250 0.76061 26.6627202778
26.260 0.76032 26.6728775045
26.270 0.76004 26.6830347313
26.280 0.75975 26.6931919581
26.290 0.75946 26.7033491849
26.300 0.75918 26.7135064116
26.310 0.75890 26.7236636384
26.320 0.75861 26.7338208652
26.330 0.75833 26.743978092
26.340 0.75804 26.7541353187
26.350 0.75776 26.7642925455
26.360 0.75748 26.7744497723
26.370 0.75719 26.784606999
26.380 0.75691 26.7947642258
26.390 0.75663 26.8049214526
26.400 0.75634 26.8150786794
26.410 0.75606 26.8252359061
26.420 0.75578 26.8353931329
26.430 0.75550 26.8455503597
26.440 0.75522 26.8557075865
26.440 0.75522 26.8557075865
26.440 0.75522 26.8557075865
26.450 0.75493 26.8658648132
26.460 0.75465 26.87602204
26.470 0.75437 26.8861792668
26.480 0.75409 26.8963364935
26.490 0.75381 26.9064937203
26.500 0.75353 26.9166509471
26.510 0.75325 26.9268081739
26.520 0.75297 26.9369654006
26.530 0.75269 26.9471226274
26.540 0.75241 26.9572798542
26.550 0.75213 26.9674370809
26.560 0.75185 26.9775943077
26.570 0.75157 26.9877515345
26.580 0.75129 26.9979087613
26.590 0.75101 27.008065988
26.600 0.75074 27.0182232148
26.610 0.75046 27.0283804416
26.620 0.75018 27.0385376684
26.630 0.74990 27.0486948951
26.640 0.74962 27.0588521219
26.650 0.74935 27.0690093487
26.660 0.74907 27.0791665754
26.670 0.74879 27.0893238022
26.680 0.74852 27.099481029
26.690 0.74824 27.1096382558
26.700 0.74796 27.1197954825
26.710 0.74769 27.1299527093
26.720 0.74741 27.1401099361
26.730 0.74714 27.1502671629
26.740 0.74686 27.1604243896
26.750 0.74659 27.1705816164
26.760 0.74631 27.1807388432
26.770 0.74604 27.1908960699
26.780 0.74576 27.2010532967
26.790 0.74549 27.2112105235
26.800 0.74521 27.2213677503
26.810 0.74494 27.231524977
26.820 0.74466 27.2416822038
26.830 0.74439 27.2518394306
26.840 0.74412 27.2619966573
26.850 0.74384 27.2721538841
26.860 0.74357 27.2823111109
26.870 0.74330 27.2924683377
26.880 0.74303 27.3026255644
26.890 0.74275 27.3127827912
26.900 0.74248 27.322940018
26.910 0.74221 27.3330972448
26.920 0.74194 27.3432544715
26.930 0.74167 27.3534116983
26.940 0.74139 27.3635689251
26.950 0.74112 27.3737261518
26.960 0.74085 27.3838833786
26.970 0.74058 27.3940406054
26.980 0.74031 27.4041978322
26.990 0.74004 27.4143550589
27.000 0.73977 27.4245122857
27.010 0.73950 27.4346695125
27.020 0.73923 27.4448267393
27.030 0.73896 27.454983966
27.040 0.73869 27.4651411928
27.050 0.73842 27.4752984196
27.060 0.73815 27.4854556463
27.070 0.73788 27.4956128731
27.080 0.73762 27.5057700999
27.090 0.73735 27.5159273267
27.100 0.73708 27.5260845534
27.110 0.73681 27.5362417802
27.120 0.73654 27.546399007
27.130 0.73628 27.5565562338
27.140 0.73601 27.5667134605
27.150 0.73574 27.5768706873
27.160 0.73547 27.5870279141
27.170 0.73521 27.5971851408
27.180 0.73494 27.6073423676
27.190 0.73467 27.6174995944
27.200 0.73441 27.6276568212
27.210 0.73414 27.6378140479
27.220 0.73388 27.6479712747
27.230 0.73361 27.6581285015
27.240 0.73334 27.6682857282
27.250 0.73308 27.678442955
27.260 0.73281 27.6886001818
27.270 0.73255 27.6987574086
27.280 0.73228 27.7089146353
27.290 0.73202 27.7190718621
27.300 0.73176 27.7292290889
27.310 0.73149 27.7393863157
27.320 0.73123 27.7495435424
27.330 0.73096 27.7597007692
27.340 0.73070 27.769857996
27.350 0.73044 27.7800152227
27.360 0.73017 27.7901724495
27.370 0.72991 27.8003296763
27.380 0.72965 27.8104869031
27.390 0.72939 27.8206441298
27.400 0.72912 27.8308013566
27.410 0.72886 27.8409585834
27.420 0.72860 27.8511158102
27.430 0.72834 27.8612730369
27.440 0.72808 27.8714302637
27.450 0.72781 27.8815874905
27.460 0.72755 27.8917447172
27.470 0.72729 27.901901944
27.480 0.72703 27.9120591708
27.490 0.72677 27.9222163976
27.500 0.72651 27.9323736243
27.510 0.72625 27.9425308511
27.520 0.72599 27.9526880779
27.530 0.72573 27.9628453047
27.540 0.72547 27.9730025314
27.550 0.72521 27.9831597582
27.560 0.72495 27.993316985
27.570 0.72469 28.0034742117
27.580 0.72443 28.0136314385
27.590 0.72417 28.0237886653
27.600 0.72392 28.0339458921
27.610 0.72366 28.0441031188
27.620 0.72340 28.0542603456
27.630 0.72314 28.0644175724
27.640 0.72288 28.0745747991
27.650 0.72263 28.0847320259
27.660 0.72237 28.0948892527
27.670 0.72211 28.1050464795
27.680 0.72185 28.1152037062
27.690 0.72160 28.125360933
27.700 0.72134 28.1355181598
27.710 0.72108 28.1456753866
27.720 0.72083 28.1558326133
27.730 0.72057 28.1659898401
27.740 0.72032 28.1761470669
27.750 0.72006 28.1863042936
27.760 0.71980 28.1964615204
27.770 0.71955 28.2066187472
27.780 0.71929 28.216775974
27.790 0.71904 28.2269332007
27.800 0.71878 28.2370904275
27.810 0.71853 28.2472476543
27.820 0.71827 28.2574048811
27.830 0.71802 28.2675621078
27.840 0.71777 28.2777193346
27.850 0.71751 28.2878765614
27.860 0.71726 28.2980337881
27.870 0.71700 28.3081910149
27.880 0.71675 28.3183482417
27.890 0.71650 28.3285054685
27.900 0.71624 28.3386626952
27.910 0.71599 28.348819922
27.920 0.71574 28.3589771488
27.930 0.71549 28.3691343756
27.940 0.71523 28.3792916023
27.950 0.71498 28.3894488291
27.960 0.71473 28.3996060559
27.970 0.71448 28.4097632826
27.980 0.71423 28.4199205094
27.990 0.71398 28.4300777362
28.000 0.71372 28.440234963
28.010 0.71347 28.4503921897
28.020 0.71322 28.4605494165
28.030 0.71297 28.4707066433
28.040 0.71272 28.48086387
28.050 0.71247 28.4910210968
28.060 0.71222 28.5011783236
28.070 0.71197 28.5113355504
28.080 0.71172 28.5214927771
28.090 0.71147 28.5316500039
28.100 0.71122 28.5418072307
28.110 0.71097 28.5519644575
28.120 0.71072 28.5621216842
28.130 0.71047 28.572278911
28.140 0.71023 28.5824361378
28.150 0.70998 28.5925933645
28.160 0.70973 28.6027505913
28.170 0.70948 28.6129078181
28.180 0.70923 28.6230650449
28.190 0.70898 28.6332222716
28.200 0.70874 28.6433794984
28.210 0.70849 28.6535367252
28.220 0.70824 28.663693952
28.230 0.70799 28.6738511787
28.240 0.70775 28.6840084055
28.250 0.70750 28.6941656323
28.260 0.70725 28.704322859
28.270 0.70701 28.7144800858
28.280 0.70676 28.7246373126
28.290 0.70652 28.7347945394
28.300 0.70627 28.7449517661
28.310 0.70602 28.7551089929
28.320 0.70578 28.7652662197
28.330 0.70553 28.7754234464
28.340 0.70529 28.7855806732
28.350 0.70504 28.7957379
28.360 0.70480 28.8058951268
28.370 0.70455 28.8160523535
28.380 0.70431 28.8262095803
28.390 0.70406 28.8363668071
28.400 0.70382 28.8465240339
28.410 0.70358 28.8566812606
28.420 0.70333 28.8668384874
28.430 0.70309 28.8769957142
28.440 0.70284 28.8871529409
28.450 0.70260 28.8973101677
28.460 0.70236 28.9074673945
28.470 0.70211 28.9176246213
28.480 0.70187 28.927781848
28.490 0.70163 28.9379390748
28.500 0.70139 28.9480963016
28.510 0.70114 28.9582535284
28.520 0.70090 28.9684107551
28.530 0.70066 28.9785679819
28.540 0.70042 28.9887252087
28.550 0.70018 28.9988824354
28.560 0.69994 29.0090396622
28.570 0.69969 29.019196889
28.580 0.69945 29.0293541158
28.590 0.69921 29.0395113425
28.600 0.69897 29.0496685693
28.610 0.69873 29.0598257961
28.620 0.69849 29.0699830229
28.630 0.69825 29.0801402496
28.640 0.69801 29.0902974764
28.650 0.69777 29.1004547032
28.660 0.69753 29.1106119299
28.670 0.69729 29.1207691567
28.680 0.69705 29.1309263835
28.690 0.69681 29.1410836103
28.700 0.69657 29.151240837
28.710 0.69633 29.1613980638
28.720 0.69609 29.1715552906
28.730 0.69586 29.1817125173
28.740 0.69562 29.1918697441
28.750 0.69538 29.2020269709
28.760 0.69514 29.2121841977
28.770 0.69490 29.2223414244
28.780 0.69467 29.2324986512
28.790 0.69443 29.242655878
28.800 0.69419 29.2528131048
28.810 0.69395 29.2629703315
28.820 0.69372 29.2731275583
28.830 0.69348 29.2832847851
28.840 0.69324 29.2934420118
28.850 0.69301 29.3035992386
28.860 0.69277 29.3137564654
28.870 0.69253 29.3239136922
28.880 0.69230 29.3340709189
28.890 0.69206 29.3442281457
28.900 0.69182 29.3543853725
28.910 0.69159 29.3645425993
28.920 0.69135 29.374699826
28.930 0.69112 29.3848570528
28.940 0.69088 29.3950142796
28.950 0.69065 29.4051715063
28.960 0.69041 29.4153287331
28.970 0.69018 29.4254859599
28.980 0.68994 29.4356431867
28.990 0.68971 29.4458004134
29.000 0.68948 29.4559576402
29.010 0.68924 29.466114867
29.020 0.68901 29.4762720938
29.030 0.68877 29.4864293205
29.040 0.68854 29.4965865473
29.050 0.68831 29.5067437741
29.060 0.68807 29.5169010008
29.070 0.68784 29.5270582276
29.080 0.68761 29.5372154544
29.090 0.68737 29.5473726812
29.100 0.68714 29.5575299079
29.110 0.68691 29.5676871347
29.120 0.68668 29.5778443615
29.130 0.68645 29.5880015882
29.140 0.68621 29.598158815
29.150 0.68598 29.6083160418
29.160 0.68575 29.6184732686
29.170 0.68552 29.6286304953
29.180 0.68529 29.6387877221
29.190 0.68506 29.6489449489
29.200 0.68482 29.6591021757
29.210 0.68459 29.6692594024
29.220 0.68436 29.6794166292
29.230 0.68413 29.689573856
29.240 0.68390 29.6997310827
29.250 0.68367 29.7098883095
29.260 0.68344 29.7200455363
29.270 0.68321 29.7302027631
29.280 0.68298 29.7403599898
29.290 0.68275 29.7505172166
29.300 0.68252 29.7606744434
29.310 0.68229 29.7708316702
29.320 0.68206 29.7809888969
29.330 0.68184 29.7911461237
29.340 0.68161 29.8013033505
29.350 0.68138 29.8114605772
29.360 0.68115 29.821617804
29.370 0.68092 29.8317750308
29.380 0.68069 29.8419322576
29.390 0.68047 29.8520894843
29.400 0.68024 29.8622467111
29.410 0.68001 29.8724039379
29.420 0.67978 29.8825611647
29.430 0.67955 29.8927183914
29.440 0.67933 29.9028756182
29.450 0.67910 29.913032845
29.460 0.67887 29.9231900717
29.470 0.67865 29.9333472985
29.480 0.67842 29.9435045253
29.490 0.67819 29.9536617521
29.500 0.67797 29.9638189788
29.510 0.67774 29.9739762056
29.520 0.67752 29.9841334324
29.530 0.67729 29.9942906591
29.540 0.67706 30.0044478859
29.550 0.67684 30.0146051127
29.560 0.67661 30.0247623395
29.570 0.67639 30.0349195662
29.580 0.67616 30.045076793
29.590 0.67594 30.0552340198
29.600 0.67571 30.0653912466
29.610 0.67549 30.0755484733
29.620 0.67526 30.0857057001
29.630 0.67504 30.0958629269
29.640 0.67481 30.1060201536
29.650 0.67459 30.1161773804
29.660 0.67437 30.1263346072
29.670 0.67414 30.136491834
29.680 0.67392 30.1466490607
29.690 0.67370 30.1568062875
29.700 0.67347 30.1669635143
29.710 0.67325 30.1771207411
29.720 0.67303 30.1872779678
29.730 0.67280 30.1974351946
29.740 0.67258 30.2075924214
29.750 0.67236 30.2177496481
29.760 0.67214 30.2279068749
29.770 0.67191 30.2380641017
29.780 0.67169 30.2482213285
29.790 0.67147 30.2583785552
29.800 0.67125 30.268535782
29.810 0.67103 30.2786930088
29.820 0.67080 30.2888502356
29.830 0.67058 30.2990074623
29.840 0.67036 30.3091646891
29.850 0.67014 30.3193219159
29.860 0.66992 30.3294791426
29.870 0.66970 30.3396363694
29.880 0.66948 30.3497935962
29.890 0.66926 30.359950823
29.900 0.66904 30.3701080497
29.910 0.66882 30.3802652765
29.920 0.66860 30.3904225033
29.930 0.66838 30.40057973
29.940 0.66816 30.4107369568
29.950 0.66794 30.4208941836
29.960 0.66772 30.4310514104
29.970 0.66750 30.4412086371
29.980 0.66728 30.4513658639
29.990 0.66706 30.4615230907
30.000 0.66684 30.4716803175
