0.10000 221.56 0.101513354712
0.11000 201.42 0.111664690184
0.12000 184.64 0.121816025655
0.13000 170.44 0.131967361126
0.14000 158.26 0.142118696597
0.15000 147.71 0.152270032069
0.16000 138.48 0.16242136754
0.17000 130.34 0.172572703011
0.18000 123.10 0.182724038482
0.19000 116.62 0.192875373954
0.20000 110.79 0.203026709425
0.21000 105.51 0.213178044896
0.22000 100.72 0.223329380367
0.23000 96.338 0.233480715839
0.24000 92.324 0.24363205131
0.25000 88.632 0.253783386781
0.26000 85.223 0.263934722252
0.27000 82.067 0.274086057724
0.28000 79.137 0.284237393195
0.29000 76.408 0.294388728666
0.30000 73.862 0.304540064137
0.31000 71.479 0.314691399608
0.32000 69.246 0.32484273508
0.33000 67.148 0.334994070551
0.34000 65.173 0.345145406022
0.35000 63.312 0.355296741493
0.36000 61.553 0.365448076965
0.37000 59.890 0.375599412436
0.38000 58.314 0.385750747907
0.39000 56.819 0.395902083378
0.40000 55.399 0.40605341885
0.41000 54.048 0.416204754321
0.42000 52.762 0.426356089792
0.43000 51.535 0.436507425263
0.44000 50.364 0.446658760735
0.45000 49.245 0.456810096206
0.46000 48.175 0.466961431677
0.47000 47.150 0.477112767148
0.48000 46.168 0.48726410262
0.49000 45.226 0.497415438091
0.50000 44.321 0.507566773562
0.51000 43.453 0.517718109033
0.52000 42.617 0.527869444505
0.53000 41.813 0.538020779976
0.54000 41.039 0.548172115447
0.55000 40.293 0.558323450918
0.56000 39.574 0.56847478639
0.57000 38.880 0.578626121861
0.58000 38.210 0.588777457332
0.59000 37.562 0.598928792803
0.60000 36.936 0.609080128274
0.61000 36.331 0.619231463746
0.62000 35.745 0.629382799217
0.63000 35.178 0.639534134688
0.64000 34.629 0.649685470159
0.65000 34.096 0.659836805631
0.66000 33.580 0.669988141102
0.67000 33.079 0.680139476573
0.68000 32.592 0.690290812044
0.69000 32.120 0.700442147516
0.70000 31.661 0.710593482987
0.71000 31.216 0.720744818458
0.72000 30.782 0.730896153929
0.73000 30.361 0.741047489401
0.74000 29.951 0.751198824872
0.75000 29.551 0.761350160343
0.76000 29.163 0.771501495814
0.77000 28.784 0.781652831286
0.78000 28.415 0.791804166757
0.79000 28.056 0.801955502228
0.80000 27.705 0.812106837699
0.81000 27.363 0.822258173171
0.82000 27.030 0.832409508642
0.83000 26.704 0.842560844113
0.84000 26.386 0.852712179584
0.85000 26.076 0.862863515056
0.86000 25.773 0.873014850527
0.87000 25.477 0.883166185998
0.88000 25.187 0.893317521469
0.89000 24.905 0.90346885694
0.90000 24.628 0.913620192412
0.91000 24.357 0.923771527883
0.92000 24.093 0.933922863354
0.93000 23.834 0.944074198825
0.94000 23.580 0.954225534297
0.95000 23.332 0.964376869768
0.96000 23.089 0.974528205239
0.97000 22.852 0.98467954071
0.98000 22.618 0.994830876182
0.99000 22.390 1.00498221165
1.0000 22.166 1.01513354712
1.0100 21.947 1.0252848826
1.0200 21.732 1.03543621807
1.0300 21.521 1.04558755354
1.0400 21.314 1.05573888901
1.0500 21.111 1.06589022448
1.0600 20.912 1.07604155995
1.0700 20.717 1.08619289542
1.0800 20.525 1.09634423089
1.0900 20.337 1.10649556637
1.1000 20.152 1.11664690184
1.1100 19.971 1.12679823731
1.1200 19.793 1.13694957278
1.1300 19.617 1.14710090825
1.1400 19.446 1.15725224372
1.1500 19.277 1.16740357919
1.1600 19.110 1.17755491466
1.1700 18.947 1.18770625014
1.1800 18.787 1.19785758561
1.1900 18.629 1.20800892108
1.2000 18.474 1.21816025655
1.2100 18.321 1.22831159202
1.2200 18.171 1.23846292749
1.2300 18.023 1.24861426296
1.2400 17.878 1.25876559843
1.2500 17.735 1.26891693391
1.2600 17.595 1.27906826938
1.2700 17.456 1.28921960485
1.2800 17.320 1.29937094032
1.2900 17.186 1.30952227579
1.3000 17.054 1.31967361126
1.3100 16.923 1.32982494673
1.3200 16.795 1.3399762822
1.3300 16.669 1.35012761768
1.3400 16.545 1.36027895315
1.3500 16.422 1.37043028862
1.3600 16.302 1.38058162409
1.3700 16.183 1.39073295956
1.3800 16.066 1.40088429503
1.3900 15.950 1.4110356305
1.4000 15.836 1.42118696597
1.4100 15.724 1.43133830145
1.4200 15.613 1.44148963692
1.4300 15.504 1.45164097239
1.4400 15.397 1.46179230786
1.4500 15.291 1.47194364333
1.4600 15.186 1.4820949788
1.4700 15.083 1.49224631427
1.4800 14.981 1.50239764974
1.4900 14.880 1.51254898521
1.5000 14.781 1.52270032069
1.5100 14.683 1.53285165616
1.5200 14.587 1.54300299163
1.5300 14.492 1.5531543271
1.5400 14.398 1.56330566257
1.5500 14.305 1.57345699804
1.5600 14.213 1.58360833351
1.5700 14.123 1.59375966898
1.5800 14.033 1.60391100446
1.5900 13.945 1.61406233993
1.6000 13.858 1.6242136754
1.6100 13.772 1.63436501087
1.6200 13.687 1.64451634634
1.6300 13.603 1.65466768181
1.6400 13.520 1.66481901728
1.6500 13.439 1.67497035275
1.6600 13.358 1.68512168823
1.6700 13.278 1.6952730237
1.6800 13.199 1.70542435917
1.6900 13.121 1.71557569464
1.7000 13.044 1.72572703011
1.7100 12.967 1.73587836558
1.7200 12.892 1.74602970105
1.7300 12.818 1.75618103652
1.7400 12.744 1.766332372
1.7500 12.671 1.77648370747
1.7600 12.599 1.78663504294
1.7700 12.528 1.79678637841
1.7800 12.458 1.80693771388
1.7900 12.388 1.81708904935
1.8000 12.320 1.82724038482
1.8100 12.252 1.83739172029
1.8200 12.184 1.84754305577
1.8300 12.118 1.85769439124
1.8400 12.052 1.86784572671
1.8500 11.987 1.87799706218
1.8600 11.923 1.88814839765
1.8700 11.859 1.89829973312
1.8800 11.796 1.90845106859
1.8900 11.733 1.91860240406
1.9000 11.672 1.92875373954
1.9100 11.611 1.93890507501
1.9200 11.550 1.94905641048
1.9300 11.491 1.95920774595
1.9400 11.431 1.96935908142
1.9500 11.373 1.97951041689
1.9600 11.315 1.98966175236
1.9700 11.257 1.99981308783
1.9800 11.201 2.00996442331
1.9900 11.144 2.02011575878
2.0000 11.089 2.03026709425
2.0100 11.034 2.04041842972
2.0200 10.979 2.05056976519
2.0300 10.925 2.06072110066
2.0400 10.872 2.07087243613
2.0500 10.819 2.0810237716
2.0600 10.766 2.09117510708
2.0700 10.714 2.10132644255
2.0800 10.663 2.11147777802
2.0900 10.612 2.12162911349
2.1000 10.561 2.13178044896
2.1100 10.511 2.14193178443
2.1200 10.462 2.1520831199
2.1300 10.413 2.16223445537
2.1400 10.364 2.17238579085
2.1500 10.316 2.18253712632
2.1600 10.268 2.19268846179
2.1700 10.221 2.20283979726
2.1800 10.174 2.21299113273
2.1900 10.128 2.2231424682
2.2000 10.082 2.23329380367
2.2100 10.036 2.24344513914
2.2200 9.9910 2.25359647462
2.2300 9.9462 2.26374781009
2.2400 9.9019 2.27389914556
2.2500 9.8579 2.28405048103
2.2600 9.8143 2.2942018165
2.2700 9.7711 2.30435315197
2.2800 9.7283 2.31450448744
2.2900 9.6859 2.32465582291
2.3000 9.6438 2.33480715839
2.3100 9.6021 2.34495849386
2.3200 9.5608 2.35510982933
2.3300 9.5198 2.3652611648
2.3400 9.4792 2.37541250027
2.3500 9.4389 2.38556383574
2.3600 9.3989 2.39571517121
2.3700 9.3593 2.40586650668
2.3800 9.3200 2.41601784216
2.3900 9.2811 2.42616917763
2.4000 9.2425 2.4363205131
2.4100 9.2042 2.44647184857
2.4200 9.1662 2.45662318404
2.4300 9.1285 2.46677451951
2.4400 9.0911 2.47692585498
2.4500 9.0541 2.48707719045
2.4600 9.0173 2.49722852593
2.4700 8.9809 2.5073798614
2.4800 8.9447 2.51753119687
2.4900 8.9088 2.52768253234
2.5000 8.8732 2.53783386781
2.5100 8.8379 2.54798520328
2.5200 8.8029 2.55813653875
2.5300 8.7681 2.56828787422
2.5400 8.7337 2.5784392097
2.5500 8.6995 2.58859054517
2.5600 8.6655 2.59874188064
2.5700 8.6318 2.60889321611
2.5800 8.5984 2.61904455158
2.5900 8.5653 2.62919588705
2.6000 8.5324 2.63934722252
2.6100 8.4997 2.64949855799
2.6200 8.4673 2.65964989347
2.6300 8.4352 2.66980122894
2.6400 8.4033 2.67995256441
2.6500 8.3716 2.69010389988
2.6600 8.3402 2.70025523535
2.6700 8.3090 2.71040657082
2.6800 8.2780 2.72055790629
2.6900 8.2473 2.73070924176
2.7000 8.2168 2.74086057724
2.7100 8.1865 2.75101191271
2.7200 8.1564 2.76116324818
2.7300 8.1266 2.77131458365
2.7400 8.0970 2.78146591912
2.7500 8.0676 2.79161725459
2.7600 8.0384 2.80176859006
2.7700 8.0094 2.81191992553
2.7800 7.9806 2.82207126101
2.7900 7.9521 2.83222259648
2.8000 7.9237 2.84237393195
2.8100 7.8956 2.85252526742
2.8200 7.8676 2.86267660289
2.8300 7.8398 2.87282793836
2.8400 7.8123 2.88297927383
2.8500 7.7849 2.8931306093
2.8600 7.7577 2.90328194478
2.8700 7.7307 2.91343328025
2.8800 7.7039 2.92358461572
2.8900 7.6773 2.93373595119
2.9000 7.6509 2.94388728666
2.9100 7.6246 2.95403862213
2.9200 7.5985 2.9641899576
2.9300 7.5726 2.97434129307
2.9400 7.5469 2.98449262855
2.9500 7.5214 2.99464396402
2.9600 7.4960 3.00479529949
2.9700 7.4708 3.01494663496
2.9800 7.4458 3.02509797043
2.9900 7.4209 3.0352493059
3.0000 7.3962 3.04540064137
3.0100 7.3717 3.05555197684
3.0200 7.3473 3.06570331231
3.0300 7.3231 3.07585464779
3.0400 7.2990 3.08600598326
3.0500 7.2751 3.09615731873
3.0600 7.2514 3.1063086542
3.0700 7.2278 3.11645998967
3.0800 7.2044 3.12661132514
3.0900 7.1811 3.13676266061
3.1000 7.1580 3.14691399608
3.1100 7.1350 3.15706533156
3.1200 7.1122 3.16721666703
3.1300 7.0895 3.1773680025
3.1400 7.0669 3.18751933797
3.1500 7.0445 3.19767067344
3.1600 7.0223 3.20782200891
3.1700 7.0002 3.21797334438
3.1800 6.9782 3.22812467985
3.1900 6.9564 3.23827601533
3.2000 6.9346 3.2484273508
3.2100 6.9131 3.25857868627
3.2200 6.8916 3.26873002174
3.2300 6.8703 3.27888135721
3.2400 6.8492 3.28903269268
3.2500 6.8281 3.29918402815
3.2600 6.8072 3.30933536362
3.2700 6.7864 3.3194866991
3.2800 6.7658 3.32963803457
3.2900 6.7453 3.33978937004
3.3000 6.7248 3.34994070551
3.3100 6.7046 3.36009204098
3.3200 6.6844 3.37024337645
3.3300 6.6644 3.38039471192
3.3400 6.6444 3.39054604739
3.3500 6.6246 3.40069738287
3.3600 6.6050 3.41084871834
3.3700 6.5854 3.42100005381
3.3800 6.5659 3.43115138928
3.3900 6.5466 3.44130272475
3.4000 6.5274 3.45145406022
3.4100 6.5083 3.46160539569
3.4200 6.4893 3.47175673116
3.4300 6.4704 3.48190806664
3.4400 6.4516 3.49205940211
3.4500 6.4329 3.50221073758
3.4600 6.4144 3.51236207305
3.4700 6.3959 3.52251340852
3.4800 6.3776 3.53266474399
3.4900 6.3593 3.54281607946
3.5000 6.3412 3.55296741493
3.5100 6.3232 3.56311875041
3.5200 6.3052 3.57327008588
3.5300 6.2874 3.58342142135
3.5400 6.2697 3.59357275682
3.5500 6.2521 3.60372409229
3.5600 6.2345 3.61387542776
3.5700 6.2171 3.62402676323
3.5800 6.1998 3.6341780987
3.5900 6.1825 3.64432943418
3.6000 6.1654 3.65448076965
3.6100 6.1483 3.66463210512
3.6200 6.1314 3.67478344059
3.6300 6.1145 3.68493477606
3.6400 6.0977 3.69508611153
3.6500 6.0811 3.705237447
3.6600 6.0645 3.71538878247
3.6700 6.0480 3.72554011795
3.6800 6.0316 3.73569145342
3.6900 6.0153 3.74584278889
3.7000 5.9990 3.75599412436
3.7100 5.9829 3.76614545983
3.7200 5.9668 3.7762967953
3.7300 5.9509 3.78644813077
3.7400 5.9350 3.79659946624
3.7500 5.9192 3.80675080172
3.7600 5.9035 3.81690213719
3.7700 5.8879 3.82705347266
3.7800 5.8723 3.83720480813
3.7900 5.8569 3.8473561436
3.8000 5.8415 3.85750747907
3.8100 5.8262 3.86765881454
3.8200 5.8109 3.87781015001
3.8300 5.7958 3.88796148549
3.8400 5.7807 3.89811282096
3.8500 5.7657 3.90826415643
3.8600 5.7508 3.9184154919
3.8700 5.7360 3.92856682737
3.8800 5.7213 3.93871816284
3.8900 5.7066 3.94886949831
3.9000 5.6920 3.95902083378
3.9100 5.6774 3.96917216926
3.9200 5.6630 3.97932350473
3.9300 5.6486 3.9894748402
3.9400 5.6343 3.99962617567
3.9500 5.6201 4.00977751114
3.9600 5.6059 4.01992884661
3.9700 5.5918 4.03008018208
3.9800 5.5778 4.04023151755
3.9900 5.5638 4.05038285303
4.0000 5.5500 4.0605341885
4.0100 5.5361 4.07068552397
4.0200 5.5224 4.08083685944
4.0300 5.5087 4.09098819491
4.0400 5.4951 4.10113953038
4.0500 5.4816 4.11129086585
4.0600 5.4681 4.12144220132
4.0700 5.4547 4.1315935368
4.0800 5.4413 4.14174487227
4.0900 5.4281 4.15189620774
4.1000 5.4149 4.16204754321
4.1100 5.4017 4.17219887868
4.1200 5.3886 4.18235021415
4.1300 5.3756 4.19250154962
4.1400 5.3627 4.20265288509
4.1500 5.3498 4.21280422057
4.1600 5.3369 4.22295555604
4.1700 5.3242 4.23310689151
4.1800 5.3114 4.24325822698
4.1900 5.2988 4.25340956245
4.2000 5.2862 4.26356089792
4.2100 5.2737 4.27371223339
4.2200 5.2612 4.28386356886
4.2300 5.2488 4.29401490434
4.2400 5.2364 4.30416623981
4.2500 5.2241 4.31431757528
4.2600 5.2119 4.32446891075
4.2700 5.1997 4.33462024622
4.2800 5.1876 4.34477158169
4.2900 5.1755 4.35492291716
4.3000 5.1635 4.36507425263
4.3100 5.1516 4.37522558811
4.3200 5.1397 4.38537692358
4.3300 5.1278 4.39552825905
4.3400 5.1160 4.40567959452
4.3500 5.1043 4.41583092999
4.3600 5.0926 4.42598226546
4.3700 5.0810 4.43613360093
4.3800 5.0694 4.4462849364
4.3900 5.0579 4.45643627188
4.4000 5.0464 4.46658760735
4.4100 5.0350 4.47673894282
4.4200 5.0236 4.48689027829
4.4300 5.0123 4.49704161376
4.4400 5.0011 4.50719294923
4.4500 4.9899 4.5173442847
4.4600 4.9787 4.52749562017
4.4700 4.9676 4.53764695564
4.4800 4.9565 4.54779829112
4.4900 4.9455 4.55794962659
4.5000 4.9345 4.56810096206
4.5100 4.9236 4.57825229753
4.5200 4.9127 4.588403633
4.5300 4.9019 4.59855496847
4.5400 4.8912 4.60870630394
4.5500 4.8804 4.61885763941
4.5600 4.8698 4.62900897489
4.5700 4.8591 4.63916031036
4.5800 4.8485 4.64931164583
4.5900 4.8380 4.6594629813
4.6000 4.8275 4.66961431677
4.6100 4.8171 4.67976565224
4.6200 4.8067 4.68991698771
4.6300 4.7963 4.70006832318
4.6400 4.7860 4.71021965866
4.6500 4.7757 4.72037099413
4.6600 4.7655 4.7305223296
4.6700 4.7553 4.74067366507
4.6800 4.7452 4.75082500054
4.6900 4.7351 4.76097633601
4.7000 4.7250 4.77112767148
4.7100 4.7150 4.78127900695
4.7200 4.7051 4.79143034243
4.7300 4.6951 4.8015816779
4.7400 4.6852 4.81173301337
4.7500 4.6754 4.82188434884
4.7600 4.6656 4.83203568431
4.7700 4.6559 4.84218701978
4.7800 4.6461 4.85233835525
4.7900 4.6365 4.86248969072
4.8000 4.6268 4.8726410262
4.8100 4.6172 4.88279236167
4.8200 4.6077 4.89294369714
4.8300 4.5982 4.90309503261
4.8400 4.5887 4.91324636808
4.8500 4.5792 4.92339770355
4.8600 4.5698 4.93354903902
4.8700 4.5605 4.94370037449
4.8800 4.5512 4.95385170997
4.8900 4.5419 4.96400304544
4.9000 4.5326 4.97415438091
4.9100 4.5234 4.98430571638
4.9200 4.5142 4.99445705185
4.9300 4.5051 5.00460838732
4.9400 4.4960 5.01475972279
4.9500 4.4870 5.02491105826
4.9600 4.4779 5.03506239374
4.9700 4.4689 5.04521372921
4.9800 4.4600 5.05536506468
4.9900 4.4511 5.06551640015
5.0000 4.4422 5.07566773562
5.1000 4.3553 5.17718109033
5.1100 4.3468 5.1873324258
5.1200 4.3383 5.19748376128
5.1300 4.3299 5.20763509675
5.1400 4.3215 5.21778643222
5.1500 4.3131 5.22793776769
5.1600 4.3048 5.23808910316
5.1700 4.2965 5.24824043863
5.1800 4.2882 5.2583917741
5.1900 4.2800 5.26854310957
5.2000 4.2718 5.27869444505
5.2100 4.2636 5.28884578052
5.2200 4.2554 5.29899711599
5.2300 4.2473 5.30914845146
5.2400 4.2392 5.31929978693
5.2500 4.2312 5.3294511224
5.2600 4.2232 5.33960245787
5.2700 4.2152 5.34975379334
5.2800 4.2072 5.35990512882
5.2900 4.1993 5.37005646429
5.3000 4.1914 5.38020779976
5.3100 4.1835 5.39035913523
5.3200 4.1757 5.4005104707
5.3300 4.1679 5.41066180617
5.3400 4.1601 5.42081314164
5.3500 4.1523 5.43096447711
5.3600 4.1446 5.44111581259
5.3700 4.1369 5.45126714806
5.3800 4.1292 5.46141848353
5.3900 4.1216 5.471569819
5.4000 4.1140 5.48172115447
5.4100 4.1064 5.49187248994
5.4200 4.0988 5.50202382541
5.4300 4.0913 5.51217516088
5.4400 4.0838 5.52232649636
5.4500 4.0763 5.53247783183
5.4600 4.0689 5.5426291673
5.4700 4.0615 5.55278050277
5.4800 4.0541 5.56293183824
5.4900 4.0467 5.57308317371
5.5000 4.0394 5.58323450918
5.5100 4.0321 5.59338584465
5.5200 4.0248 5.60353718013
5.5300 4.0175 5.6136885156
5.5400 4.0103 5.62383985107
5.5500 4.0031 5.63399118654
5.5600 3.9959 5.64414252201
5.5700 3.9888 5.65429385748
5.5800 3.9816 5.66444519295
5.5900 3.9745 5.67459652842
5.6000 3.9674 5.6847478639
5.6100 3.9604 5.69489919937
5.6200 3.9534 5.70505053484
5.6300 3.9464 5.71520187031
5.6400 3.9394 5.72535320578
5.6500 3.9324 5.73550454125
5.6600 3.9255 5.74565587672
5.6700 3.9186 5.75580721219
5.6800 3.9117 5.76595854767
5.6900 3.9049 5.77610988314
5.7000 3.8980 5.78626121861
5.7100 3.8912 5.79641255408
5.7200 3.8844 5.80656388955
5.7300 3.8777 5.81671522502
5.7400 3.8710 5.82686656049
5.7500 3.8642 5.83701789596
5.7600 3.8575 5.84716923144
5.7700 3.8509 5.85732056691
5.7800 3.8442 5.86747190238
5.7900 3.8376 5.87762323785
5.8000 3.8310 5.88777457332
5.8100 3.8244 5.89792590879
5.8200 3.8179 5.90807724426
5.8300 3.8114 5.91822857973
5.8400 3.8049 5.92837991521
5.8500 3.7984 5.93853125068
5.8600 3.7919 5.94868258615
5.8700 3.7855 5.95883392162
5.8800 3.7791 5.96898525709
5.8900 3.7727 5.97913659256
5.9000 3.7663 5.98928792803
5.9100 3.7599 5.9994392635
5.9200 3.7536 6.00959059897
5.9300 3.7473 6.01974193445
5.9400 3.7410 6.02989326992
5.9500 3.7347 6.04004460539
5.9600 3.7285 6.05019594086
5.9700 3.7222 6.06034727633
5.9800 3.7160 6.0704986118
5.9900 3.7099 6.08064994727
6.0000 3.7037 6.09080128274
6.0100 3.6975 6.10095261822
6.0200 3.6914 6.11110395369
6.0300 3.6853 6.12125528916
6.0400 3.6792 6.13140662463
6.0500 3.6732 6.1415579601
6.0600 3.6671 6.15170929557
6.0700 3.6611 6.16186063104
6.0800 3.6551 6.17201196651
6.0900 3.6491 6.18216330199
6.1000 3.6432 6.19231463746
6.1100 3.6372 6.20246597293
6.1200 3.6313 6.2126173084
6.1300 3.6254 6.22276864387
6.1400 3.6195 6.23291997934
6.1500 3.6136 6.24307131481
6.1600 3.6078 6.25322265028
6.1700 3.6020 6.26337398576
6.1800 3.5961 6.27352532123
6.1900 3.5904 6.2836766567
6.2000 3.5846 6.29382799217
6.2100 3.5788 6.30397932764
6.2200 3.5731 6.31413066311
6.2300 3.5674 6.32428199858
6.2400 3.5617 6.33443333405
6.2500 3.5560 6.34458466953
6.2600 3.5503 6.354736005
6.2700 3.5447 6.36488734047
6.2800 3.5391 6.37503867594
6.2900 3.5335 6.38519001141
6.3000 3.5279 6.39534134688
6.3100 3.5223 6.40549268235
6.3200 3.5167 6.41564401782
6.3300 3.5112 6.4257953533
6.3400 3.5057 6.43594668877
6.3500 3.5002 6.44609802424
6.3600 3.4947 6.45624935971
6.3700 3.4892 6.46640069518
6.3800 3.4838 6.47655203065
6.3900 3.4783 6.48670336612
6.4000 3.4729 6.49685470159
6.4100 3.4675 6.50700603707
6.4200 3.4621 6.51715737254
6.4300 3.4568 6.52730870801
6.4400 3.4514 6.53746004348
6.4500 3.4461 6.54761137895
6.4600 3.4408 6.55776271442
6.4700 3.4355 6.56791404989
6.4800 3.4302 6.57806538536
6.4900 3.4249 6.58821672084
6.5000 3.4197 6.59836805631
6.5100 3.4144 6.60851939178
6.5200 3.4092 6.61867072725
6.5300 3.4040 6.62882206272
6.5400 3.3988 6.63897339819
6.5500 3.3936 6.64912473366
6.5600 3.3885 6.65927606913
6.5700 3.3833 6.66942740461
6.5800 3.3782 6.67957874008
6.5900 3.3731 6.68973007555
6.6000 3.3680 6.69988141102
6.6100 3.3629 6.71003274649
6.6200 3.3579 6.72018408196
6.6300 3.3528 6.73033541743
6.6400 3.3478 6.7404867529
6.6500 3.3428 6.75063808838
6.6600 3.3378 6.76078942385
6.6700 3.3328 6.77094075932
6.6800 3.3278 6.78109209479
6.6900 3.3229 6.79124343026
6.7000 3.3179 6.80139476573
6.7100 3.3130 6.8115461012
6.7200 3.3081 6.82169743667
6.7300 3.3032 6.83184877215
6.7400 3.2983 6.84200010762
6.7500 3.2934 6.85215144309
6.7600 3.2886 6.86230277856
6.7700 3.2837 6.87245411403
6.7800 3.2789 6.8826054495
6.7900 3.2741 6.89275678497
6.8000 3.2693 6.90290812044
6.8100 3.2645 6.91305945592
6.8200 3.2597 6.92321079139
6.8300 3.2550 6.93336212686
6.8400 3.2502 6.94351346233
6.8500 3.2455 6.9536647978
6.8600 3.2408 6.96381613327
6.8700 3.2361 6.97396746874
6.8800 3.2314 6.98411880421
6.8900 3.2267 6.99427013969
6.9000 3.2221 7.00442147516
6.9100 3.2174 7.01457281063
6.9200 3.2128 7.0247241461
6.9300 3.2082 7.03487548157
6.9400 3.2036 7.04502681704
6.9500 3.1990 7.05517815251
6.9600 3.1944 7.06532948798
6.9700 3.1898 7.07548082346
6.9800 3.1853 7.08563215893
6.9900 3.1807 7.0957834944
7.0000 3.1762 7.10593482987
7.0100 3.1717 7.11608616534
7.0200 3.1672 7.12623750081
7.0300 3.1627 7.13638883628
7.0400 3.1582 7.14654017175
7.0500 3.1537 7.15669150723
7.0600 3.1493 7.1668428427
7.0700 3.1449 7.17699417817
7.0800 3.1404 7.18714551364
7.0900 3.1360 7.19729684911
7.1000 3.1316 7.20744818458
7.1100 3.1272 7.21759952005
7.1200 3.1228 7.22775085552
7.1300 3.1185 7.237902191
7.1400 3.1141 7.24805352647
7.1500 3.1098 7.25820486194
7.1600 3.1055 7.26835619741
7.1700 3.1012 7.27850753288
7.1800 3.0968 7.28865886835
7.1900 3.0926 7.29881020382
7.2000 3.0883 7.30896153929
7.2100 3.0840 7.31911287477
7.2200 3.0798 7.32926421024
7.2300 3.0755 7.33941554571
7.2400 3.0713 7.34956688118
7.2500 3.0671 7.35971821665
7.2600 3.0628 7.36986955212
7.2700 3.0586 7.38002088759
7.2800 3.0545 7.39017222306
7.2900 3.0503 7.40032355854
7.3000 3.0461 7.41047489401
7.3100 3.0420 7.42062622948
7.3200 3.0378 7.43077756495
7.3300 3.0337 7.44092890042
7.3400 3.0296 7.45108023589
7.3500 3.0255 7.46123157136
7.3600 3.0214 7.47138290683
7.3700 3.0173 7.48153424231
7.3800 3.0132 7.49168557778
7.3900 3.0092 7.50183691325
7.4000 3.0051 7.51198824872
7.4100 3.0011 7.52213958419
7.4200 2.9970 7.53229091966
7.4300 2.9930 7.54244225513
7.4400 2.9890 7.5525935906
7.4500 2.9850 7.56274492607
7.4600 2.9810 7.57289626155
7.4700 2.9771 7.58304759702
7.4800 2.9731 7.59319893249
7.4900 2.9691 7.60335026796
7.5000 2.9652 7.61350160343
7.5100 2.9613 7.6236529389
7.5200 2.9573 7.63380427437
7.5300 2.9534 7.64395560984
7.5400 2.9495 7.65410694532
7.5500 2.9456 7.66425828079
7.5600 2.9417 7.67440961626
7.5700 2.9379 7.68456095173
7.5800 2.9340 7.6947122872
7.5900 2.9302 7.70486362267
7.6000 2.9263 7.71501495814
7.6100 2.9225 7.72516629361
7.6200 2.9187 7.73531762909
7.6300 2.9149 7.74546896456
7.6400 2.9111 7.75562030003
7.6500 2.9073 7.7657716355
7.6600 2.9035 7.77592297097
7.6700 2.8997 7.78607430644
7.6800 2.8960 7.79622564191
7.6900 2.8922 7.80637697738
7.7000 2.8885 7.81652831286
7.7100 2.8847 7.82667964833
7.7200 2.8810 7.8368309838
7.7300 2.8773 7.84698231927
7.7400 2.8736 7.85713365474
7.7500 2.8699 7.86728499021
7.7600 2.8662 7.87743632568
7.7700 2.8625 7.88758766115
7.7800 2.8589 7.89773899663
7.7900 2.8552 7.9078903321
7.8000 2.8516 7.91804166757
7.8100 2.8479 7.92819300304
7.8200 2.8443 7.93834433851
7.8300 2.8407 7.94849567398
7.8400 2.8371 7.95864700945
7.8500 2.8335 7.96879834492
7.8600 2.8299 7.9789496804
7.8700 2.8263 7.98910101587
7.8800 2.8227 7.99925235134
7.8900 2.8192 8.00940368681
7.9000 2.8156 8.01955502228
7.9100 2.8121 8.02970635775
7.9200 2.8085 8.03985769322
7.9300 2.8050 8.05000902869
7.9400 2.8015 8.06016036417
7.9500 2.7980 8.07031169964
7.9600 2.7945 8.08046303511
7.9700 2.7910 8.09061437058
7.9800 2.7875 8.10076570605
7.9900 2.7840 8.11091704152
8.0000 2.7806 8.12106837699
8.0100 2.7771 8.13121971246
8.0200 2.7737 8.14137104794
8.0300 2.7702 8.15152238341
8.0400 2.7668 8.16167371888
8.0500 2.7634 8.17182505435
8.0600 2.7600 8.18197638982
8.0700 2.7565 8.19212772529
8.0800 2.7531 8.20227906076
8.0900 2.7498 8.21243039623
8.1000 2.7464 8.22258173171
8.1100 2.7430 8.23273306718
8.1200 2.7396 8.24288440265
8.1300 2.7363 8.25303573812
8.1400 2.7329 8.26318707359
8.1500 2.7296 8.27333840906
8.1600 2.7263 8.28348974453
8.1700 2.7229 8.29364108
8.1800 2.7196 8.30379241548
8.1900 2.7163 8.31394375095
8.2000 2.7130 8.32409508642
8.2100 2.7097 8.33424642189
8.2200 2.7064 8.34439775736
8.2300 2.7032 8.35454909283
8.2400 2.6999 8.3647004283
8.2500 2.6966 8.37485176377
8.2600 2.6934 8.38500309925
8.2700 2.6902 8.39515443472
8.2800 2.6869 8.40530577019
8.2900 2.6837 8.41545710566
8.3000 2.6805 8.42560844113
8.3100 2.6773 8.4357597766
8.3200 2.6741 8.44591111207
8.3300 2.6709 8.45606244754
8.3400 2.6677 8.46621378302
8.3500 2.6645 8.47636511849
8.3600 2.6613 8.48651645396
8.3700 2.6581 8.49666778943
8.3800 2.6550 8.5068191249
8.3900 2.6518 8.51697046037
8.4000 2.6487 8.52712179584
8.4100 2.6456 8.53727313131
8.4200 2.6424 8.54742446679
8.4300 2.6393 8.55757580226
8.4400 2.6362 8.56772713773
8.4500 2.6331 8.5778784732
8.4600 2.6300 8.58802980867
8.4700 2.6269 8.59818114414
8.4800 2.6238 8.60833247961
8.4900 2.6207 8.61848381508
8.5000 2.6177 8.62863515056
8.5100 2.6146 8.63878648603
8.5200 2.6115 8.6489378215
8.5300 2.6085 8.65908915697
8.5400 2.6055 8.66924049244
8.5500 2.6024 8.67939182791
8.5600 2.5994 8.68954316338
8.5700 2.5964 8.69969449885
8.5800 2.5934 8.70984583433
8.5900 2.5904 8.7199971698
8.6000 2.5874 8.73014850527
8.6100 2.5844 8.74029984074
8.6200 2.5814 8.75045117621
8.6300 2.5784 8.76060251168
8.6400 2.5754 8.77075384715
8.6500 2.5725 8.78090518262
8.6600 2.5695 8.7910565181
8.6700 2.5666 8.80120785357
8.6800 2.5636 8.81135918904
8.6900 2.5607 8.82151052451
8.7000 2.5577 8.83166185998
8.7100 2.5548 8.84181319545
8.7200 2.5519 8.85196453092
8.7300 2.5490 8.86211586639
8.7400 2.5461 8.87226720187
8.7500 2.5432 8.88241853734
8.7600 2.5403 8.89256987281
8.7700 2.5374 8.90272120828
8.7800 2.5345 8.91287254375
8.7900 2.5317 8.92302387922
8.8000 2.5288 8.93317521469
8.8100 2.5259 8.94332655016
8.8200 2.5231 8.95347788564
8.8300 2.5203 8.96362922111
8.8400 2.5174 8.97378055658
8.8500 2.5146 8.98393189205
8.8600 2.5118 8.99408322752
8.8700 2.5089 9.00423456299
8.8800 2.5061 9.01438589846
8.8900 2.5033 9.02453723393
8.9000 2.5005 9.0346885694
8.9100 2.4977 9.04483990488
8.9200 2.4949 9.05499124035
8.9300 2.4922 9.06514257582
8.9400 2.4894 9.07529391129
8.9500 2.4866 9.08544524676
8.9600 2.4838 9.09559658223
8.9700 2.4811 9.1057479177
8.9800 2.4783 9.11589925317
8.9900 2.4756 9.12605058865
9.0000 2.4729 9.13620192412
9.0100 2.4701 9.14635325959
9.0200 2.4674 9.15650459506
9.0300 2.4647 9.16665593053
9.0400 2.4620 9.176807266
9.0500 2.4593 9.18695860147
9.0600 2.4566 9.19710993694
9.0700 2.4539 9.20726127242
9.0800 2.4512 9.21741260789
9.0900 2.4485 9.22756394336
9.1000 2.4458 9.23771527883
9.1100 2.4431 9.2478666143
9.1200 2.4405 9.25801794977
9.1300 2.4378 9.26816928524
9.1400 2.4352 9.27832062071
9.1500 2.4325 9.28847195619
9.1600 2.4299 9.29862329166
9.1700 2.4272 9.30877462713
9.1800 2.4246 9.3189259626
9.1900 2.4220 9.32907729807
9.2000 2.4193 9.33922863354
9.2100 2.4167 9.34937996901
9.2200 2.4141 9.35953130448
9.2300 2.4115 9.36968263996
9.2400 2.4089 9.37983397543
9.2500 2.4063 9.3899853109
9.2600 2.4037 9.40013664637
9.2700 2.4012 9.41028798184
9.2800 2.3986 9.42043931731
9.2900 2.3960 9.43059065278
9.3000 2.3935 9.44074198825
9.3100 2.3909 9.45089332373
9.3200 2.3883 9.4610446592
9.3300 2.3858 9.47119599467
9.3400 2.3832 9.48134733014
9.3500 2.3807 9.49149866561
9.3600 2.3782 9.50165000108
9.3700 2.3757 9.51180133655
9.3800 2.3731 9.52195267202
9.3900 2.3706 9.5321040075
9.4000 2.3681 9.54225534297
9.4100 2.3656 9.55240667844
9.4200 2.3631 9.56255801391
9.4300 2.3606 9.57270934938
9.4400 2.3581 9.58286068485
9.4500 2.3556 9.59301202032
9.4600 2.3532 9.60316335579
9.4700 2.3507 9.61331469127
9.4800 2.3482 9.62346602674
9.4900 2.3458 9.63361736221
9.5000 2.3433 9.64376869768
9.5100 2.3408 9.65392003315
9.5200 2.3384 9.66407136862
9.5300 2.3360 9.67422270409
9.5400 2.3335 9.68437403956
9.5500 2.3311 9.69452537504
9.5600 2.3287 9.70467671051
9.5700 2.3262 9.71482804598
9.5800 2.3238 9.72497938145
9.5900 2.3214 9.73513071692
9.6000 2.3190 9.74528205239
9.6100 2.3166 9.75543338786
9.6200 2.3142 9.76558472333
9.6300 2.3118 9.77573605881
9.6400 2.3094 9.78588739428
9.6500 2.3070 9.79603872975
9.6600 2.3047 9.80619006522
9.6700 2.3023 9.81634140069
9.6800 2.2999 9.82649273616
9.6900 2.2976 9.83664407163
9.7000 2.2952 9.8467954071
9.7100 2.2929 9.85694674258
9.7200 2.2905 9.86709807805
9.7300 2.2882 9.87724941352
9.7400 2.2858 9.88740074899
9.7500 2.2835 9.89755208446
9.7600 2.2812 9.90770341993
9.7700 2.2788 9.9178547554
9.7800 2.2765 9.92800609087
9.7900 2.2742 9.93815742635
9.8000 2.2719 9.94830876182
9.8100 2.2696 9.95846009729
9.8200 2.2673 9.96861143276
9.8300 2.2650 9.97876276823
9.8400 2.2627 9.9889141037
9.8500 2.2604 9.99906543917
9.8600 2.2582 10.0092167746
9.8700 2.2559 10.0193681101
9.8800 2.2536 10.0295194456
9.8900 2.2513 10.0396707811
9.9000 2.2491 10.0498221165
9.9100 2.2468 10.059973452
9.9200 2.2446 10.0701247875
9.9300 2.2423 10.0802761229
9.9400 2.2401 10.0904274584
9.9500 2.2378 10.1005787939
9.9600 2.2356 10.1107301294
9.9700 2.2334 10.1208814648
9.9800 2.2311 10.1310328003
9.9900 2.2289 10.1411841358
10.000 2.2267 10.1513354712
10.100 2.2048 10.252848826
10.110 2.2026 10.2630001614
10.120 2.2004 10.2731514969
10.130 2.1983 10.2833028324
10.140 2.1961 10.2934541678
10.150 2.1940 10.3036055033
10.160 2.1918 10.3137568388
10.170 2.1897 10.3239081743
10.180 2.1875 10.3340595097
10.190 2.1854 10.3442108452
10.200 2.1833 10.3543621807
10.210 2.1811 10.3645135161
10.220 2.1790 10.3746648516
10.230 2.1769 10.3848161871
10.240 2.1748 10.3949675226
10.250 2.1727 10.405118858
10.260 2.1706 10.4152701935
10.270 2.1684 10.425421529
10.280 2.1663 10.4355728644
10.290 2.1643 10.4457241999
10.300 2.1622 10.4558755354
10.310 2.1601 10.4660268709
10.320 2.1580 10.4761782063
10.330 2.1559 10.4863295418
10.340 2.1538 10.4964808773
10.350 2.1518 10.5066322127
10.360 2.1497 10.5167835482
10.370 2.1476 10.5269348837
10.380 2.1456 10.5370862191
10.390 2.1435 10.5472375546
10.400 2.1415 10.5573888901
10.410 2.1394 10.5675402256
10.420 2.1374 10.577691561
10.430 2.1354 10.5878428965
10.440 2.1333 10.597994232
10.450 2.1313 10.6081455674
10.460 2.1293 10.6182969029
10.470 2.1272 10.6284482384
10.480 2.1252 10.6385995739
10.490 2.1232 10.6487509093
10.500 2.1212 10.6589022448
10.510 2.1192 10.6690535803
10.520 2.1172 10.6792049157
10.530 2.1152 10.6893562512
10.540 2.1132 10.6995075867
10.550 2.1112 10.7096589222
10.560 2.1092 10.7198102576
10.570 2.1072 10.7299615931
10.580 2.1052 10.7401129286
10.590 2.1033 10.750264264
10.600 2.1013 10.7604155995
10.610 2.0993 10.770566935
10.620 2.0974 10.7807182705
10.630 2.0954 10.7908696059
10.640 2.0934 10.8010209414
10.650 2.0915 10.8111722769
10.660 2.0895 10.8213236123
10.670 2.0876 10.8314749478
10.680 2.0856 10.8416262833
10.690 2.0837 10.8517776188
10.700 2.0818 10.8619289542
10.710 2.0798 10.8720802897
10.720 2.0779 10.8822316252
10.730 2.0760 10.8923829606
10.740 2.0740 10.9025342961
10.750 2.0721 10.9126856316
10.760 2.0702 10.9228369671
10.770 2.0683 10.9329883025
10.780 2.0664 10.943139638
10.790 2.0645 10.9532909735
10.800 2.0626 10.9634423089
10.810 2.0607 10.9735936444
10.820 2.0588 10.9837449799
10.830 2.0569 10.9938963154
10.840 2.0550 11.0040476508
10.850 2.0531 11.0141989863
10.860 2.0512 11.0243503218
10.870 2.0494 11.0345016572
10.880 2.0475 11.0446529927
10.890 2.0456 11.0548043282
10.900 2.0438 11.0649556637
10.910 2.0419 11.0751069991
10.920 2.0400 11.0852583346
10.930 2.0382 11.0954096701
10.940 2.0363 11.1055610055
10.950 2.0345 11.115712341
10.960 2.0326 11.1258636765
10.970 2.0308 11.136015012
10.980 2.0290 11.1461663474
10.990 2.0271 11.1563176829
11.000 2.0253 11.1664690184
11.010 2.0235 11.1766203538
11.020 2.0216 11.1867716893
11.030 2.0198 11.1969230248
11.040 2.0180 11.2070743603
11.050 2.0162 11.2172256957
11.060 2.0144 11.2273770312
11.070 2.0125 11.2375283667
11.080 2.0107 11.2476797021
11.090 2.0089 11.2578310376
11.100 2.0071 11.2679823731
11.110 2.0053 11.2781337085
11.120 2.0036 11.288285044
11.130 2.0018 11.2984363795
11.140 2.0000 11.308587715
11.150 1.9982 11.3187390504
11.160 1.9964 11.3288903859
11.170 1.9946 11.3390417214
11.180 1.9929 11.3491930568
11.190 1.9911 11.3593443923
11.200 1.9893 11.3694957278
11.210 1.9876 11.3796470633
11.220 1.9858 11.3897983987
11.230 1.9840 11.3999497342
11.240 1.9823 11.4101010697
11.250 1.9805 11.4202524051
11.260 1.9788 11.4304037406
11.270 1.9770 11.4405550761
11.280 1.9753 11.4507064116
11.290 1.9736 11.460857747
11.300 1.9718 11.4710090825
11.310 1.9701 11.481160418
11.320 1.9684 11.4913117534
11.330 1.9666 11.5014630889
11.340 1.9649 11.5116144244
11.350 1.9632 11.5217657599
11.360 1.9615 11.5319170953
11.370 1.9597 11.5420684308
11.380 1.9580 11.5522197663
11.390 1.9563 11.5623711017
11.400 1.9546 11.5725224372
11.410 1.9529 11.5826737727
11.420 1.9512 11.5928251082
11.430 1.9495 11.6029764436
11.440 1.9478 11.6131277791
11.450 1.9461 11.6232791146
11.460 1.9444 11.63343045
11.470 1.9428 11.6435817855
11.480 1.9411 11.653733121
11.490 1.9394 11.6638844565
11.500 1.9377 11.6740357919
11.510 1.9360 11.6841871274
11.520 1.9344 11.6943384629
11.530 1.9327 11.7044897983
11.540 1.9310 11.7146411338
11.550 1.9294 11.7247924693
11.560 1.9277 11.7349438048
11.570 1.9261 11.7450951402
11.580 1.9244 11.7552464757
11.590 1.9228 11.7653978112
11.600 1.9211 11.7755491466
11.610 1.9195 11.7857004821
11.620 1.9178 11.7958518176
11.630 1.9162 11.8060031531
11.640 1.9145 11.8161544885
11.650 1.9129 11.826305824
11.660 1.9113 11.8364571595
11.670 1.9097 11.8466084949
11.680 1.9080 11.8567598304
11.690 1.9064 11.8669111659
11.700 1.9048 11.8770625014
11.710 1.9032 11.8872138368
11.720 1.9016 11.8973651723
11.730 1.8999 11.9075165078
11.740 1.8983 11.9176678432
11.750 1.8967 11.9278191787
11.760 1.8951 11.9379705142
11.770 1.8935 11.9481218497
11.780 1.8919 11.9582731851
11.790 1.8903 11.9684245206
11.800 1.8887 11.9785758561
11.810 1.8871 11.9887271915
11.820 1.8856 11.998878527
11.830 1.8840 12.0090298625
11.840 1.8824 12.0191811979
11.850 1.8808 12.0293325334
11.860 1.8792 12.0394838689
11.870 1.8777 12.0496352044
11.880 1.8761 12.0597865398
11.890 1.8745 12.0699378753
11.900 1.8730 12.0800892108
11.910 1.8714 12.0902405462
11.920 1.8698 12.1003918817
11.930 1.8683 12.1105432172
11.940 1.8667 12.1206945527
11.950 1.8652 12.1308458881
11.960 1.8636 12.1409972236
11.970 1.8621 12.1511485591
11.980 1.8605 12.1612998945
11.990 1.8590 12.17145123
12.000 1.8574 12.1816025655
12.010 1.8559 12.191753901
12.020 1.8544 12.2019052364
12.030 1.8528 12.2120565719
12.040 1.8513 12.2222079074
12.050 1.8498 12.2323592428
12.060 1.8483 12.2425105783
12.070 1.8467 12.2526619138
12.080 1.8452 12.2628132493
12.090 1.8437 12.2729645847
12.100 1.8422 12.2831159202
12.110 1.8407 12.2932672557
12.120 1.8392 12.3034185911
12.130 1.8377 12.3135699266
12.140 1.8362 12.3237212621
12.150 1.8347 12.3338725976
12.160 1.8332 12.344023933
12.170 1.8317 12.3541752685
12.180 1.8302 12.364326604
12.190 1.8287 12.3744779394
12.200 1.8272 12.3846292749
12.210 1.8257 12.3947806104
12.220 1.8242 12.4049319459
12.230 1.8227 12.4150832813
12.240 1.8212 12.4252346168
12.250 1.8198 12.4353859523
12.260 1.8183 12.4455372877
12.270 1.8168 12.4556886232
12.280 1.8153 12.4658399587
12.290 1.8139 12.4759912942
12.300 1.8124 12.4861426296
12.310 1.8110 12.4962939651
12.320 1.8095 12.5064453006
12.330 1.8080 12.516596636
12.340 1.8066 12.5267479715
12.350 1.8051 12.536899307
12.360 1.8037 12.5470506425
12.370 1.8022 12.5572019779
12.380 1.8008 12.5673533134
12.390 1.7993 12.5775046489
12.400 1.7979 12.5876559843
12.410 1.7965 12.5978073198
12.420 1.7950 12.6079586553
12.430 1.7936 12.6181099908
12.440 1.7921 12.6282613262
12.450 1.7907 12.6384126617
12.460 1.7893 12.6485639972
12.470 1.7879 12.6587153326
12.480 1.7864 12.6688666681
12.490 1.7850 12.6790180036
12.500 1.7836 12.6891693391
12.510 1.7822 12.6993206745
12.520 1.7808 12.70947201
12.530 1.7794 12.7196233455
12.540 1.7779 12.7297746809
12.550 1.7765 12.7399260164
12.560 1.7751 12.7500773519
12.570 1.7737 12.7602286874
12.580 1.7723 12.7703800228
12.590 1.7709 12.7805313583
12.600 1.7695 12.7906826938
12.610 1.7681 12.8008340292
12.620 1.7667 12.8109853647
12.630 1.7654 12.8211367002
12.640 1.7640 12.8312880356
12.650 1.7626 12.8414393711
12.660 1.7612 12.8515907066
12.670 1.7598 12.8617420421
12.680 1.7584 12.8718933775
12.690 1.7571 12.882044713
12.700 1.7557 12.8921960485
12.710 1.7543 12.9023473839
12.720 1.7529 12.9124987194
12.730 1.7516 12.9226500549
12.740 1.7502 12.9328013904
12.750 1.7488 12.9429527258
12.760 1.7475 12.9531040613
12.770 1.7461 12.9632553968
12.780 1.7448 12.9734067322
12.790 1.7434 12.9835580677
12.800 1.7421 12.9937094032
12.810 1.7407 13.0038607387
12.820 1.7394 13.0140120741
12.830 1.7380 13.0241634096
12.840 1.7367 13.0343147451
12.850 1.7353 13.0444660805
12.860 1.7340 13.054617416
12.870 1.7326 13.0647687515
12.880 1.7313 13.074920087
12.890 1.7300 13.0850714224
12.900 1.7286 13.0952227579
12.910 1.7273 13.1053740934
12.920 1.7260 13.1155254288
12.930 1.7247 13.1256767643
12.940 1.7233 13.1358280998
12.950 1.7220 13.1459794353
12.960 1.7207 13.1561307707
12.970 1.7194 13.1662821062
12.980 1.7181 13.1764334417
12.990 1.7167 13.1865847771
13.000 1.7154 13.1967361126
13.010 1.7141 13.2068874481
13.020 1.7128 13.2170387836
13.030 1.7115 13.227190119
13.040 1.7102 13.2373414545
13.050 1.7089 13.24749279
13.060 1.7076 13.2576441254
13.070 1.7063 13.2677954609
13.080 1.7050 13.2779467964
13.090 1.7037 13.2880981319
13.100 1.7024 13.2982494673
13.110 1.7011 13.3084008028
13.120 1.6998 13.3185521383
13.130 1.6986 13.3287034737
13.140 1.6973 13.3388548092
13.150 1.6960 13.3490061447
13.160 1.6947 13.3591574802
13.170 1.6934 13.3693088156
13.180 1.6922 13.3794601511
13.190 1.6909 13.3896114866
13.200 1.6896 13.399762822
13.210 1.6883 13.4099141575
13.220 1.6871 13.420065493
13.230 1.6858 13.4302168285
13.240 1.6845 13.4403681639
13.250 1.6833 13.4505194994
13.260 1.6820 13.4606708349
13.270 1.6808 13.4708221703
13.280 1.6795 13.4809735058
13.290 1.6782 13.4911248413
13.300 1.6770 13.5012761768
13.310 1.6757 13.5114275122
13.320 1.6745 13.5215788477
13.330 1.6732 13.5317301832
13.340 1.6720 13.5418815186
13.350 1.6707 13.5520328541
13.360 1.6695 13.5621841896
13.370 1.6683 13.572335525
13.380 1.6670 13.5824868605
13.390 1.6658 13.592638196
13.400 1.6646 13.6027895315
13.410 1.6633 13.6129408669
13.420 1.6621 13.6230922024
13.430 1.6609 13.6332435379
13.440 1.6596 13.6433948733
13.450 1.6584 13.6535462088
13.460 1.6572 13.6636975443
13.470 1.6560 13.6738488798
13.480 1.6547 13.6840002152
13.490 1.6535 13.6941515507
13.500 1.6523 13.7043028862
13.510 1.6511 13.7144542216
13.520 1.6499 13.7246055571
13.530 1.6487 13.7347568926
13.540 1.6475 13.7449082281
13.550 1.6463 13.7550595635
13.560 1.6450 13.765210899
13.570 1.6438 13.7753622345
13.580 1.6426 13.7855135699
13.590 1.6414 13.7956649054
13.600 1.6402 13.8058162409
13.610 1.6390 13.8159675764
13.620 1.6379 13.8261189118
13.630 1.6367 13.8362702473
13.640 1.6355 13.8464215828
13.650 1.6343 13.8565729182
13.660 1.6331 13.8667242537
13.670 1.6319 13.8768755892
13.680 1.6307 13.8870269247
13.690 1.6295 13.8971782601
13.700 1.6284 13.9073295956
13.710 1.6272 13.9174809311
13.720 1.6260 13.9276322665
13.730 1.6248 13.937783602
13.740 1.6236 13.9479349375
13.750 1.6225 13.958086273
13.760 1.6213 13.9682376084
13.770 1.6201 13.9783889439
13.780 1.6190 13.9885402794
13.790 1.6178 13.9986916148
13.800 1.6166 14.0088429503
13.810 1.6155 14.0189942858
13.820 1.6143 14.0291456213
13.830 1.6132 14.0392969567
13.840 1.6120 14.0494482922
13.850 1.6108 14.0595996277
13.860 1.6097 14.0697509631
13.870 1.6085 14.0799022986
13.880 1.6074 14.0900536341
13.890 1.6062 14.1002049696
13.900 1.6051 14.110356305
13.910 1.6039 14.1205076405
13.920 1.6028 14.130658976
13.930 1.6017 14.1408103114
13.940 1.6005 14.1509616469
13.950 1.5994 14.1611129824
13.960 1.5982 14.1712643179
13.970 1.5971 14.1814156533
13.980 1.5960 14.1915669888
13.990 1.5948 14.2017183243
14.000 1.5937 14.2118696597
14.010 1.5926 14.2220209952
14.020 1.5914 14.2321723307
14.030 1.5903 14.2423236662
14.040 1.5892 14.2524750016
14.050 1.5881 14.2626263371
14.060 1.5869 14.2727776726
14.070 1.5858 14.282929008
14.080 1.5847 14.2930803435
14.090 1.5836 14.303231679
14.100 1.5825 14.3133830145
14.110 1.5814 14.3235343499
14.120 1.5803 14.3336856854
14.130 1.5791 14.3438370209
14.140 1.5780 14.3539883563
14.150 1.5769 14.3641396918
14.160 1.5758 14.3742910273
14.170 1.5747 14.3844423627
14.180 1.5736 14.3945936982
14.190 1.5725 14.4047450337
14.200 1.5714 14.4148963692
14.210 1.5703 14.4250477046
14.220 1.5692 14.4351990401
14.230 1.5681 14.4453503756
14.240 1.5670 14.455501711
14.250 1.5659 14.4656530465
14.260 1.5648 14.475804382
14.270 1.5638 14.4859557175
14.280 1.5627 14.4961070529
14.290 1.5616 14.5062583884
14.300 1.5605 14.5164097239
14.310 1.5594 14.5265610593
14.320 1.5583 14.5367123948
14.330 1.5573 14.5468637303
14.340 1.5562 14.5570150658
14.350 1.5551 14.5671664012
14.360 1.5540 14.5773177367
14.370 1.5530 14.5874690722
14.380 1.5519 14.5976204076
14.390 1.5508 14.6077717431
14.400 1.5497 14.6179230786
14.410 1.5487 14.6280744141
14.420 1.5476 14.6382257495
14.430 1.5465 14.648377085
14.440 1.5455 14.6585284205
14.450 1.5444 14.6686797559
14.460 1.5434 14.6788310914
14.470 1.5423 14.6889824269
14.480 1.5412 14.6991337624
14.490 1.5402 14.7092850978
14.500 1.5391 14.7194364333
14.510 1.5381 14.7295877688
14.520 1.5370 14.7397391042
14.530 1.5360 14.7498904397
14.540 1.5349 14.7600417752
14.550 1.5339 14.7701931107
14.560 1.5328 14.7803444461
14.570 1.5318 14.7904957816
14.580 1.5307 14.8006471171
14.590 1.5297 14.8107984525
14.600 1.5287 14.820949788
14.610 1.5276 14.8311011235
14.620 1.5266 14.841252459
14.630 1.5256 14.8514037944
14.640 1.5245 14.8615551299
14.650 1.5235 14.8717064654
14.660 1.5225 14.8818578008
14.670 1.5214 14.8920091363
14.680 1.5204 14.9021604718
14.690 1.5194 14.9123118073
14.700 1.5183 14.9224631427
14.710 1.5173 14.9326144782
14.720 1.5163 14.9427658137
14.730 1.5153 14.9529171491
14.740 1.5143 14.9630684846
14.750 1.5132 14.9732198201
14.760 1.5122 14.9833711556
14.770 1.5112 14.993522491
14.780 1.5102 15.0036738265
14.790 1.5092 15.013825162
14.800 1.5082 15.0239764974
14.810 1.5071 15.0341278329
14.820 1.5061 15.0442791684
14.830 1.5051 15.0544305039
14.840 1.5041 15.0645818393
14.850 1.5031 15.0747331748
14.860 1.5021 15.0848845103
14.870 1.5011 15.0950358457
14.880 1.5001 15.1051871812
14.890 1.4991 15.1153385167
14.900 1.4981 15.1254898521
14.910 1.4971 15.1356411876
14.920 1.4961 15.1457925231
14.930 1.4951 15.1559438586
14.940 1.4941 15.166095194
14.950 1.4931 15.1762465295
14.960 1.4922 15.186397865
14.970 1.4912 15.1965492004
14.980 1.4902 15.2067005359
14.990 1.4892 15.2168518714
15.000 1.4882 15.2270032069
15.100 1.4784 15.3285165616
15.110 1.4774 15.338667897
15.120 1.4765 15.3488192325
15.130 1.4755 15.358970568
15.140 1.4745 15.3691219035
15.150 1.4736 15.3792732389
15.160 1.4726 15.3894245744
15.170 1.4716 15.3995759099
15.180 1.4707 15.4097272453
15.190 1.4697 15.4198785808
15.200 1.4688 15.4300299163
15.210 1.4678 15.4401812518
15.220 1.4669 15.4503325872
15.230 1.4659 15.4604839227
15.240 1.4649 15.4706352582
15.250 1.4640 15.4807865936
15.260 1.4630 15.4909379291
15.270 1.4621 15.5010892646
15.280 1.4611 15.5112406001
15.290 1.4602 15.5213919355
15.300 1.4592 15.531543271
15.310 1.4583 15.5416946065
15.320 1.4574 15.5518459419
15.330 1.4564 15.5619972774
15.340 1.4555 15.5721486129
15.350 1.4545 15.5822999484
15.360 1.4536 15.5924512838
15.370 1.4526 15.6026026193
15.380 1.4517 15.6127539548
15.390 1.4508 15.6229052902
15.400 1.4498 15.6330566257
15.410 1.4489 15.6432079612
15.420 1.4480 15.6533592967
15.430 1.4470 15.6635106321
15.440 1.4461 15.6736619676
15.450 1.4452 15.6838133031
15.460 1.4443 15.6939646385
15.470 1.4433 15.704115974
15.480 1.4424 15.7142673095
15.490 1.4415 15.724418645
15.500 1.4406 15.7345699804
15.510 1.4396 15.7447213159
15.520 1.4387 15.7548726514
15.530 1.4378 15.7650239868
15.540 1.4369 15.7751753223
15.550 1.4360 15.7853266578
15.560 1.4350 15.7954779933
15.570 1.4341 15.8056293287
15.580 1.4332 15.8157806642
15.590 1.4323 15.8259319997
15.600 1.4314 15.8360833351
15.610 1.4305 15.8462346706
15.620 1.4296 15.8563860061
15.630 1.4287 15.8665373416
15.640 1.4278 15.876688677
15.650 1.4269 15.8868400125
15.660 1.4260 15.896991348
15.670 1.4251 15.9071426834
15.680 1.4241 15.9172940189
15.690 1.4232 15.9274453544
15.700 1.4223 15.9375966898
15.710 1.4215 15.9477480253
15.720 1.4206 15.9578993608
15.730 1.4197 15.9680506963
15.740 1.4188 15.9782020317
15.750 1.4179 15.9883533672
15.760 1.4170 15.9985047027
15.770 1.4161 16.0086560381
15.780 1.4152 16.0188073736
15.790 1.4143 16.0289587091
15.800 1.4134 16.0391100446
15.810 1.4125 16.04926138
15.820 1.4116 16.0594127155
15.830 1.4108 16.069564051
15.840 1.4099 16.0797153864
15.850 1.4090 16.0898667219
15.860 1.4081 16.1000180574
15.870 1.4072 16.1101693929
15.880 1.4064 16.1203207283
15.890 1.4055 16.1304720638
15.900 1.4046 16.1406233993
15.910 1.4037 16.1507747347
15.920 1.4028 16.1609260702
15.930 1.4020 16.1710774057
15.940 1.4011 16.1812287412
15.950 1.4002 16.1913800766
15.960 1.3994 16.2015314121
15.970 1.3985 16.2116827476
15.980 1.3976 16.221834083
15.990 1.3968 16.2319854185
16.000 1.3959 16.242136754
16.010 1.3950 16.2522880895
16.020 1.3942 16.2624394249
16.030 1.3933 16.2725907604
16.040 1.3924 16.2827420959
16.050 1.3916 16.2928934313
16.060 1.3907 16.3030447668
16.070 1.3899 16.3131961023
16.080 1.3890 16.3233474378
16.090 1.3881 16.3334987732
16.100 1.3873 16.3436501087
16.110 1.3864 16.3538014442
16.120 1.3856 16.3639527796
16.130 1.3847 16.3741041151
16.140 1.3839 16.3842554506
16.150 1.3830 16.3944067861
16.160 1.3822 16.4045581215
16.170 1.3813 16.414709457
16.180 1.3805 16.4248607925
16.190 1.3796 16.4350121279
16.200 1.3788 16.4451634634
16.210 1.3780 16.4553147989
16.220 1.3771 16.4654661344
16.230 1.3763 16.4756174698
16.240 1.3754 16.4857688053
16.250 1.3746 16.4959201408
16.260 1.3737 16.5060714762
16.270 1.3729 16.5162228117
16.280 1.3721 16.5263741472
16.290 1.3712 16.5365254827
16.300 1.3704 16.5466768181
16.310 1.3696 16.5568281536
16.320 1.3687 16.5669794891
16.330 1.3679 16.5771308245
16.340 1.3671 16.58728216
16.350 1.3662 16.5974334955
16.360 1.3654 16.607584831
16.370 1.3646 16.6177361664
16.380 1.3638 16.6278875019
16.390 1.3629 16.6380388374
16.400 1.3621 16.6481901728
16.410 1.3613 16.6583415083
16.420 1.3605 16.6684928438
16.430 1.3597 16.6786441792
16.440 1.3588 16.6887955147
16.450 1.3580 16.6989468502
16.460 1.3572 16.7090981857
16.470 1.3564 16.7192495211
16.480 1.3556 16.7294008566
16.490 1.3547 16.7395521921
16.500 1.3539 16.7497035275
16.510 1.3531 16.759854863
16.520 1.3523 16.7700061985
16.530 1.3515 16.780157534
16.540 1.3507 16.7903088694
16.550 1.3499 16.8004602049
16.560 1.3491 16.8106115404
16.570 1.3483 16.8207628758
16.580 1.3475 16.8309142113
16.590 1.3466 16.8410655468
16.600 1.3458 16.8512168823
16.610 1.3450 16.8613682177
16.620 1.3442 16.8715195532
16.630 1.3434 16.8816708887
16.640 1.3426 16.8918222241
16.650 1.3418 16.9019735596
16.660 1.3410 16.9121248951
16.670 1.3402 16.9222762306
16.680 1.3394 16.932427566
16.690 1.3386 16.9425789015
16.700 1.3379 16.952730237
16.710 1.3371 16.9628815724
16.720 1.3363 16.9730329079
16.730 1.3355 16.9831842434
16.740 1.3347 16.9933355789
16.750 1.3339 17.0034869143
16.760 1.3331 17.0136382498
16.770 1.3323 17.0237895853
16.780 1.3315 17.0339409207
16.790 1.3307 17.0440922562
16.800 1.3300 17.0542435917
16.810 1.3292 17.0643949272
16.820 1.3284 17.0745462626
16.830 1.3276 17.0846975981
16.840 1.3268 17.0948489336
16.850 1.3260 17.105000269
16.860 1.3253 17.1151516045
16.870 1.3245 17.12530294
16.880 1.3237 17.1354542755
16.890 1.3229 17.1456056109
16.900 1.3222 17.1557569464
16.910 1.3214 17.1659082819
16.920 1.3206 17.1760596173
16.930 1.3198 17.1862109528
16.940 1.3191 17.1963622883
16.950 1.3183 17.2065136238
16.960 1.3175 17.2166649592
16.970 1.3167 17.2268162947
16.980 1.3160 17.2369676302
16.990 1.3152 17.2471189656
17.000 1.3144 17.2572703011
17.010 1.3137 17.2674216366
17.020 1.3129 17.2775729721
17.030 1.3121 17.2877243075
17.040 1.3114 17.297875643
17.050 1.3106 17.3080269785
17.060 1.3099 17.3181783139
17.070 1.3091 17.3283296494
17.080 1.3083 17.3384809849
17.090 1.3076 17.3486323204
17.100 1.3068 17.3587836558
17.110 1.3061 17.3689349913
17.120 1.3053 17.3790863268
17.130 1.3046 17.3892376622
17.140 1.3038 17.3993889977
17.150 1.3030 17.4095403332
17.160 1.3023 17.4196916687
17.170 1.3015 17.4298430041
17.180 1.3008 17.4399943396
17.190 1.3000 17.4501456751
17.200 1.2993 17.4602970105
17.210 1.2985 17.470448346
17.220 1.2978 17.4805996815
17.230 1.2970 17.4907510169
17.240 1.2963 17.5009023524
17.250 1.2956 17.5110536879
17.260 1.2948 17.5212050234
17.270 1.2941 17.5313563588
17.280 1.2933 17.5415076943
17.290 1.2926 17.5516590298
17.300 1.2918 17.5618103652
17.310 1.2911 17.5719617007
17.320 1.2904 17.5821130362
17.330 1.2896 17.5922643717
17.340 1.2889 17.6024157071
17.350 1.2882 17.6125670426
17.360 1.2874 17.6227183781
17.370 1.2867 17.6328697135
17.380 1.2859 17.643021049
17.390 1.2852 17.6531723845
17.400 1.2845 17.66332372
17.410 1.2838 17.6734750554
17.420 1.2830 17.6836263909
17.430 1.2823 17.6937777264
17.440 1.2816 17.7039290618
17.450 1.2808 17.7140803973
17.460 1.2801 17.7242317328
17.470 1.2794 17.7343830683
17.480 1.2787 17.7445344037
17.490 1.2779 17.7546857392
17.500 1.2772 17.7648370747
17.510 1.2765 17.7749884101
17.520 1.2758 17.7851397456
17.530 1.2750 17.7952910811
17.540 1.2743 17.8054424166
17.550 1.2736 17.815593752
17.560 1.2729 17.8257450875
17.570 1.2722 17.835896423
17.580 1.2714 17.8460477584
17.590 1.2707 17.8561990939
17.600 1.2700 17.8663504294
17.610 1.2693 17.8765017649
17.620 1.2686 17.8866531003
17.630 1.2679 17.8968044358
17.640 1.2672 17.9069557713
17.650 1.2664 17.9171071067
17.660 1.2657 17.9272584422
17.670 1.2650 17.9374097777
17.680 1.2643 17.9475611132
17.690 1.2636 17.9577124486
17.700 1.2629 17.9678637841
17.710 1.2622 17.9780151196
17.720 1.2615 17.988166455
17.730 1.2608 17.9983177905
17.740 1.2601 18.008469126
17.750 1.2594 18.0186204615
17.760 1.2587 18.0287717969
17.770 1.2580 18.0389231324
17.780 1.2573 18.0490744679
17.790 1.2566 18.0592258033
17.800 1.2559 18.0693771388
17.810 1.2552 18.0795284743
17.820 1.2545 18.0896798098
17.830 1.2538 18.0998311452
17.840 1.2531 18.1099824807
17.850 1.2524 18.1201338162
17.860 1.2517 18.1302851516
17.870 1.2510 18.1404364871
17.880 1.2503 18.1505878226
17.890 1.2496 18.1607391581
17.900 1.2489 18.1708904935
17.910 1.2482 18.181041829
17.920 1.2475 18.1911931645
17.930 1.2468 18.2013444999
17.940 1.2462 18.2114958354
17.950 1.2455 18.2216471709
17.960 1.2448 18.2317985063
17.970 1.2441 18.2419498418
17.980 1.2434 18.2521011773
17.990 1.2427 18.2622525128
18.000 1.2420 18.2724038482
18.010 1.2414 18.2825551837
18.020 1.2407 18.2927065192
18.030 1.2400 18.3028578546
18.040 1.2393 18.3130091901
18.050 1.2386 18.3231605256
18.060 1.2380 18.3333118611
18.070 1.2373 18.3434631965
18.080 1.2366 18.353614532
18.090 1.2359 18.3637658675
18.100 1.2352 18.3739172029
18.110 1.2346 18.3840685384
18.120 1.2339 18.3942198739
18.130 1.2332 18.4043712094
18.140 1.2325 18.4145225448
18.150 1.2319 18.4246738803
18.160 1.2312 18.4348252158
18.170 1.2305 18.4449765512
18.180 1.2299 18.4551278867
18.190 1.2292 18.4652792222
18.200 1.2285 18.4754305577
18.210 1.2278 18.4855818931
18.220 1.2272 18.4957332286
18.230 1.2265 18.5058845641
18.240 1.2258 18.5160358995
18.250 1.2252 18.526187235
18.260 1.2245 18.5363385705
18.270 1.2239 18.546489906
18.280 1.2232 18.5566412414
18.290 1.2225 18.5667925769
18.300 1.2219 18.5769439124
18.310 1.2212 18.5870952478
18.320 1.2205 18.5972465833
18.330 1.2199 18.6073979188
18.340 1.2192 18.6175492543
18.350 1.2186 18.6277005897
18.360 1.2179 18.6378519252
18.370 1.2173 18.6480032607
18.380 1.2166 18.6581545961
18.390 1.2159 18.6683059316
18.400 1.2153 18.6784572671
18.410 1.2146 18.6886086026
18.420 1.2140 18.698759938
18.430 1.2133 18.7089112735
18.440 1.2127 18.719062609
18.450 1.2120 18.7292139444
18.460 1.2114 18.7393652799
18.470 1.2107 18.7495166154
18.480 1.2101 18.7596679509
18.490 1.2094 18.7698192863
18.500 1.2088 18.7799706218
18.510 1.2081 18.7901219573
18.520 1.2075 18.8002732927
18.530 1.2068 18.8104246282
18.540 1.2062 18.8205759637
18.550 1.2055 18.8307272992
18.560 1.2049 18.8408786346
18.570 1.2043 18.8510299701
18.580 1.2036 18.8611813056
18.590 1.2030 18.871332641
18.600 1.2023 18.8814839765
18.610 1.2017 18.891635312
18.620 1.2011 18.9017866475
18.630 1.2004 18.9119379829
18.640 1.1998 18.9220893184
18.650 1.1991 18.9322406539
18.660 1.1985 18.9423919893
18.670 1.1979 18.9525433248
18.680 1.1972 18.9626946603
18.690 1.1966 18.9728459958
18.700 1.1960 18.9829973312
18.710 1.1953 18.9931486667
18.720 1.1947 19.0033000022
18.730 1.1941 19.0134513376
18.740 1.1934 19.0236026731
18.750 1.1928 19.0337540086
18.760 1.1922 19.043905344
18.770 1.1915 19.0540566795
18.780 1.1909 19.064208015
18.790 1.1903 19.0743593505
18.800 1.1897 19.0845106859
18.810 1.1890 19.0946620214
18.820 1.1884 19.1048133569
18.830 1.1878 19.1149646923
18.840 1.1872 19.1251160278
18.850 1.1865 19.1352673633
18.860 1.1859 19.1454186988
18.870 1.1853 19.1555700342
18.880 1.1847 19.1657213697
18.890 1.1841 19.1758727052
18.900 1.1834 19.1860240406
18.910 1.1828 19.1961753761
18.920 1.1822 19.2063267116
18.930 1.1816 19.2164780471
18.940 1.1810 19.2266293825
18.950 1.1803 19.236780718
18.960 1.1797 19.2469320535
18.970 1.1791 19.2570833889
18.980 1.1785 19.2672347244
18.990 1.1779 19.2773860599
19.000 1.1773 19.2875373954
19.010 1.1766 19.2976887308
19.020 1.1760 19.3078400663
19.030 1.1754 19.3179914018
19.040 1.1748 19.3281427372
19.050 1.1742 19.3382940727
19.060 1.1736 19.3484454082
19.070 1.1730 19.3585967437
19.080 1.1724 19.3687480791
19.090 1.1718 19.3788994146
19.100 1.1712 19.3890507501
19.110 1.1706 19.3992020855
19.120 1.1699 19.409353421
19.130 1.1693 19.4195047565
19.140 1.1687 19.429656092
19.150 1.1681 19.4398074274
19.160 1.1675 19.4499587629
19.170 1.1669 19.4601100984
19.180 1.1663 19.4702614338
19.190 1.1657 19.4804127693
19.200 1.1651 19.4905641048
19.210 1.1645 19.5007154403
19.220 1.1639 19.5108667757
19.230 1.1633 19.5210181112
19.240 1.1627 19.5311694467
19.250 1.1621 19.5413207821
19.260 1.1615 19.5514721176
19.270 1.1609 19.5616234531
19.280 1.1603 19.5717747886
19.290 1.1597 19.581926124
19.300 1.1591 19.5920774595
19.310 1.1585 19.602228795
19.320 1.1579 19.6123801304
19.330 1.1574 19.6225314659
19.340 1.1568 19.6326828014
19.350 1.1562 19.6428341369
19.360 1.1556 19.6529854723
19.370 1.1550 19.6631368078
19.380 1.1544 19.6732881433
19.390 1.1538 19.6834394787
19.400 1.1532 19.6935908142
19.410 1.1526 19.7037421497
19.420 1.1520 19.7138934852
19.430 1.1515 19.7240448206
19.440 1.1509 19.7341961561
19.450 1.1503 19.7443474916
19.460 1.1497 19.754498827
19.470 1.1491 19.7646501625
19.480 1.1485 19.774801498
19.490 1.1479 19.7849528334
19.500 1.1474 19.7951041689
19.510 1.1468 19.8052555044
19.520 1.1462 19.8154068399
19.530 1.1456 19.8255581753
19.540 1.1450 19.8357095108
19.550 1.1445 19.8458608463
19.560 1.1439 19.8560121817
19.570 1.1433 19.8661635172
19.580 1.1427 19.8763148527
19.590 1.1421 19.8864661882
19.600 1.1416 19.8966175236
19.610 1.1410 19.9067688591
19.620 1.1404 19.9169201946
19.630 1.1398 19.92707153
19.640 1.1393 19.9372228655
19.650 1.1387 19.947374201
19.660 1.1381 19.9575255365
19.670 1.1375 19.9676768719
19.680 1.1370 19.9778282074
19.690 1.1364 19.9879795429
19.700 1.1358 19.9981308783
19.710 1.1353 20.0082822138
19.720 1.1347 20.0184335493
19.730 1.1341 20.0285848848
19.740 1.1336 20.0387362202
19.750 1.1330 20.0488875557
19.760 1.1324 20.0590388912
19.770 1.1318 20.0691902266
19.780 1.1313 20.0793415621
19.790 1.1307 20.0894928976
19.800 1.1302 20.0996442331
19.810 1.1296 20.1097955685
19.820 1.1290 20.119946904
19.830 1.1285 20.1300982395
19.840 1.1279 20.1402495749
19.850 1.1273 20.1504009104
19.860 1.1268 20.1605522459
19.870 1.1262 20.1707035814
19.880 1.1256 20.1808549168
19.890 1.1251 20.1910062523
19.900 1.1245 20.2011575878
19.910 1.1240 20.2113089232
19.920 1.1234 20.2214602587
19.930 1.1229 20.2316115942
19.940 1.1223 20.2417629297
19.950 1.1217 20.2519142651
19.960 1.1212 20.2620656006
19.970 1.1206 20.2722169361
19.980 1.1201 20.2823682715
19.990 1.1195 20.292519607
20.000 1.1190 20.3026709425
20.100 1.1135 20.4041842972
20.110 1.1129 20.4143356327
20.120 1.1124 20.4244869681
20.130 1.1118 20.4346383036
20.140 1.1113 20.4447896391
20.150 1.1107 20.4549409746
20.160 1.1102 20.46509231
20.170 1.1096 20.4752436455
20.180 1.1091 20.485394981
20.190 1.1085 20.4955463164
20.200 1.1080 20.5056976519
20.210 1.1075 20.5158489874
20.220 1.1069 20.5260003229
20.230 1.1064 20.5361516583
20.240 1.1058 20.5463029938
20.250 1.1053 20.5564543293
20.260 1.1047 20.5666056647
20.270 1.1042 20.5767570002
20.280 1.1037 20.5869083357
20.290 1.1031 20.5970596711
20.300 1.1026 20.6072110066
20.310 1.1021 20.6173623421
20.320 1.1015 20.6275136776
20.330 1.1010 20.637665013
20.340 1.1004 20.6478163485
20.350 1.0999 20.657967684
20.360 1.0994 20.6681190194
20.370 1.0988 20.6782703549
20.380 1.0983 20.6884216904
20.390 1.0978 20.6985730259
20.400 1.0972 20.7087243613
20.410 1.0967 20.7188756968
20.420 1.0962 20.7290270323
20.430 1.0956 20.7391783677
20.440 1.0951 20.7493297032
20.450 1.0946 20.7594810387
20.460 1.0941 20.7696323742
20.470 1.0935 20.7797837096
20.480 1.0930 20.7899350451
20.490 1.0925 20.8000863806
20.500 1.0919 20.810237716
20.510 1.0914 20.8203890515
20.520 1.0909 20.830540387
20.530 1.0904 20.8406917225
20.540 1.0898 20.8508430579
20.550 1.0893 20.8609943934
20.560 1.0888 20.8711457289
20.570 1.0883 20.8812970643
20.580 1.0877 20.8914483998
20.590 1.0872 20.9015997353
20.600 1.0867 20.9117510708
20.610 1.0862 20.9219024062
20.620 1.0857 20.9320537417
20.630 1.0851 20.9422050772
20.640 1.0846 20.9523564126
20.650 1.0841 20.9625077481
20.660 1.0836 20.9726590836
20.670 1.0831 20.9828104191
20.680 1.0825 20.9929617545
20.690 1.0820 21.00311309
20.700 1.0815 21.0132644255
20.710 1.0810 21.0234157609
20.720 1.0805 21.0335670964
20.730 1.0800 21.0437184319
20.740 1.0794 21.0538697674
20.750 1.0789 21.0640211028
20.760 1.0784 21.0741724383
20.770 1.0779 21.0843237738
20.780 1.0774 21.0944751092
20.790 1.0769 21.1046264447
20.800 1.0764 21.1147777802
20.810 1.0758 21.1249291157
20.820 1.0753 21.1350804511
20.830 1.0748 21.1452317866
20.840 1.0743 21.1553831221
20.850 1.0738 21.1655344575
20.860 1.0733 21.175685793
20.870 1.0728 21.1858371285
20.880 1.0723 21.195988464
20.890 1.0718 21.2061397994
20.900 1.0713 21.2162911349
20.910 1.0708 21.2264424704
20.920 1.0702 21.2365938058
20.930 1.0697 21.2467451413
20.940 1.0692 21.2568964768
20.950 1.0687 21.2670478123
20.960 1.0682 21.2771991477
20.970 1.0677 21.2873504832
20.980 1.0672 21.2975018187
20.990 1.0667 21.3076531541
21.000 1.0662 21.3178044896
21.010 1.0657 21.3279558251
21.020 1.0652 21.3381071605
21.030 1.0647 21.348258496
21.040 1.0642 21.3584098315
21.050 1.0637 21.368561167
21.060 1.0632 21.3787125024
21.070 1.0627 21.3888638379
21.080 1.0622 21.3990151734
21.090 1.0617 21.4091665088
21.100 1.0612 21.4193178443
21.110 1.0607 21.4294691798
21.120 1.0602 21.4396205153
21.130 1.0597 21.4497718507
21.140 1.0592 21.4599231862
21.150 1.0587 21.4700745217
21.160 1.0582 21.4802258571
21.170 1.0577 21.4903771926
21.180 1.0572 21.5005285281
21.190 1.0568 21.5106798636
21.200 1.0563 21.520831199
21.210 1.0558 21.5309825345
21.220 1.0553 21.54113387
21.230 1.0548 21.5512852054
21.240 1.0543 21.5614365409
21.250 1.0538 21.5715878764
21.260 1.0533 21.5817392119
21.270 1.0528 21.5918905473
21.280 1.0523 21.6020418828
21.290 1.0518 21.6121932183
21.300 1.0514 21.6223445537
21.310 1.0509 21.6324958892
21.320 1.0504 21.6426472247
21.330 1.0499 21.6527985602
21.340 1.0494 21.6629498956
21.350 1.0489 21.6731012311
21.360 1.0484 21.6832525666
21.370 1.0479 21.693403902
21.380 1.0475 21.7035552375
21.390 1.0470 21.713706573
21.400 1.0465 21.7238579085
21.410 1.0460 21.7340092439
21.420 1.0455 21.7441605794
21.430 1.0450 21.7543119149
21.440 1.0446 21.7644632503
21.450 1.0441 21.7746145858
21.460 1.0436 21.7847659213
21.470 1.0431 21.7949172568
21.480 1.0426 21.8050685922
21.490 1.0422 21.8152199277
21.500 1.0417 21.8253712632
21.510 1.0412 21.8355225986
21.520 1.0407 21.8456739341
21.530 1.0402 21.8558252696
21.540 1.0398 21.8659766051
21.550 1.0393 21.8761279405
21.560 1.0388 21.886279276
21.570 1.0383 21.8964306115
21.580 1.0379 21.9065819469
21.590 1.0374 21.9167332824
21.600 1.0369 21.9268846179
21.610 1.0364 21.9370359534
21.620 1.0360 21.9471872888
21.630 1.0355 21.9573386243
21.640 1.0350 21.9674899598
21.650 1.0345 21.9776412952
21.660 1.0341 21.9877926307
21.670 1.0336 21.9979439662
21.680 1.0331 22.0080953017
21.690 1.0327 22.0182466371
21.700 1.0322 22.0283979726
21.710 1.0317 22.0385493081
21.720 1.0312 22.0487006435
21.730 1.0308 22.058851979
21.740 1.0303 22.0690033145
21.750 1.0298 22.07915465
21.760 1.0294 22.0893059854
21.770 1.0289 22.0994573209
21.780 1.0284 22.1096086564
21.790 1.0280 22.1197599918
21.800 1.0275 22.1299113273
21.810 1.0270 22.1400626628
21.820 1.0266 22.1502139982
21.830 1.0261 22.1603653337
21.840 1.0256 22.1705166692
21.850 1.0252 22.1806680047
21.860 1.0247 22.1908193401
21.870 1.0242 22.2009706756
21.880 1.0238 22.2111220111
21.890 1.0233 22.2212733465
21.900 1.0229 22.231424682
21.910 1.0224 22.2415760175
21.920 1.0219 22.251727353
21.930 1.0215 22.2618786884
21.940 1.0210 22.2720300239
21.950 1.0206 22.2821813594
21.960 1.0201 22.2923326948
21.970 1.0196 22.3024840303
21.980 1.0192 22.3126353658
21.990 1.0187 22.3227867013
22.000 1.0183 22.3329380367
22.010 1.0178 22.3430893722
22.020 1.0173 22.3532407077
22.030 1.0169 22.3633920431
22.040 1.0164 22.3735433786
22.050 1.0160 22.3836947141
22.060 1.0155 22.3938460496
22.070 1.0151 22.403997385
22.080 1.0146 22.4141487205
22.090 1.0142 22.424300056
22.100 1.0137 22.4344513914
22.110 1.0133 22.4446027269
22.120 1.0128 22.4547540624
22.130 1.0123 22.4649053979
22.140 1.0119 22.4750567333
22.150 1.0114 22.4852080688
22.160 1.0110 22.4953594043
22.170 1.0105 22.5055107397
22.180 1.0101 22.5156620752
22.190 1.0096 22.5258134107
22.200 1.0092 22.5359647462
22.210 1.0087 22.5461160816
22.220 1.0083 22.5562674171
22.230 1.0078 22.5664187526
22.240 1.0074 22.576570088
22.250 1.0069 22.5867214235
22.260 1.0065 22.596872759
22.270 1.0061 22.6070240945
22.280 1.0056 22.6171754299
22.290 1.0052 22.6273267654
22.300 1.0047 22.6374781009
22.310 1.0043 22.6476294363
22.320 1.0038 22.6577807718
22.330 1.0034 22.6679321073
22.340 1.0029 22.6780834428
22.350 1.0025 22.6882347782
22.360 1.0020 22.6983861137
22.370 1.0016 22.7085374492
22.380 1.0012 22.7186887846
22.390 1.0007 22.7288401201
22.400 1.0003 22.7389914556
22.410 0.99984 22.7491427911
22.420 0.99940 22.7592941265
22.430 0.99896 22.769445462
22.440 0.99852 22.7795967975
22.450 0.99808 22.7897481329
22.460 0.99764 22.7998994684
22.470 0.99720 22.8100508039
22.480 0.99676 22.8202021394
22.490 0.99632 22.8303534748
22.500 0.99588 22.8405048103
22.510 0.99545 22.8506561458
22.520 0.99501 22.8608074812
22.530 0.99457 22.8709588167
22.540 0.99414 22.8811101522
22.550 0.99370 22.8912614876
22.560 0.99327 22.9014128231
22.570 0.99283 22.9115641586
22.580 0.99240 22.9217154941
22.590 0.99196 22.9318668295
22.600 0.99153 22.942018165
22.610 0.99109 22.9521695005
22.620 0.99066 22.9623208359
22.630 0.99023 22.9724721714
22.640 0.98980 22.9826235069
22.650 0.98936 22.9927748424
22.660 0.98893 23.0029261778
22.670 0.98850 23.0130775133
22.680 0.98807 23.0232288488
22.690 0.98764 23.0333801842
22.700 0.98721 23.0435315197
22.710 0.98678 23.0536828552
22.720 0.98635 23.0638341907
22.730 0.98592 23.0739855261
22.740 0.98549 23.0841368616
22.750 0.98506 23.0942881971
22.760 0.98464 23.1044395325
22.770 0.98421 23.114590868
22.780 0.98378 23.1247422035
22.790 0.98335 23.134893539
22.800 0.98293 23.1450448744
22.810 0.98250 23.1551962099
22.820 0.98208 23.1653475454
22.830 0.98165 23.1754988808
22.840 0.98123 23.1856502163
22.850 0.98080 23.1958015518
22.860 0.98038 23.2059528873
22.870 0.97995 23.2161042227
22.880 0.97953 23.2262555582
22.890 0.97911 23.2364068937
22.900 0.97869 23.2465582291
22.910 0.97826 23.2567095646
22.920 0.97784 23.2668609001
22.930 0.97742 23.2770122356
22.940 0.97700 23.287163571
22.950 0.97658 23.2973149065
22.960 0.97616 23.307466242
22.970 0.97574 23.3176175774
22.980 0.97532 23.3277689129
22.990 0.97490 23.3379202484
23.000 0.97448 23.3480715839
23.010 0.97406 23.3582229193
23.020 0.97364 23.3683742548
23.030 0.97322 23.3785255903
23.040 0.97281 23.3886769257
23.050 0.97239 23.3988282612
23.060 0.97197 23.4089795967
23.070 0.97156 23.4191309322
23.080 0.97114 23.4292822676
23.090 0.97072 23.4394336031
23.100 0.97031 23.4495849386
23.110 0.96989 23.459736274
23.120 0.96948 23.4698876095
23.130 0.96907 23.480038945
23.140 0.96865 23.4901902805
23.150 0.96824 23.5003416159
23.160 0.96783 23.5104929514
23.170 0.96741 23.5206442869
23.180 0.96700 23.5307956223
23.190 0.96659 23.5409469578
23.200 0.96618 23.5510982933
23.210 0.96576 23.5612496288
23.220 0.96535 23.5714009642
23.230 0.96494 23.5815522997
23.240 0.96453 23.5917036352
23.250 0.96412 23.6018549706
23.260 0.96371 23.6120063061
23.270 0.96330 23.6221576416
23.280 0.96289 23.6323089771
23.290 0.96249 23.6424603125
23.300 0.96208 23.652611648
23.310 0.96167 23.6627629835
23.320 0.96126 23.6729143189
23.330 0.96085 23.6830656544
23.340 0.96045 23.6932169899
23.350 0.96004 23.7033683253
23.360 0.95964 23.7135196608
23.370 0.95923 23.7236709963
23.380 0.95882 23.7338223318
23.390 0.95842 23.7439736672
23.400 0.95801 23.7541250027
23.410 0.95761 23.7642763382
23.420 0.95721 23.7744276736
23.430 0.95680 23.7845790091
23.440 0.95640 23.7947303446
23.450 0.95600 23.8048816801
23.460 0.95559 23.8150330155
23.470 0.95519 23.825184351
23.480 0.95479 23.8353356865
23.490 0.95439 23.8454870219
23.500 0.95399 23.8556383574
23.510 0.95358 23.8657896929
23.520 0.95318 23.8759410284
23.530 0.95278 23.8860923638
23.540 0.95238 23.8962436993
23.550 0.95198 23.9063950348
23.560 0.95158 23.9165463702
23.570 0.95119 23.9266977057
23.580 0.95079 23.9368490412
23.590 0.95039 23.9470003767
23.600 0.94999 23.9571517121
23.610 0.94959 23.9673030476
23.620 0.94920 23.9774543831
23.630 0.94880 23.9876057185
23.640 0.94840 23.997757054
23.650 0.94801 24.0079083895
23.660 0.94761 24.018059725
23.670 0.94722 24.0282110604
23.680 0.94682 24.0383623959
23.690 0.94642 24.0485137314
23.700 0.94603 24.0586650668
23.710 0.94564 24.0688164023
23.720 0.94524 24.0789677378
23.730 0.94485 24.0891190733
23.740 0.94446 24.0992704087
23.750 0.94406 24.1094217442
23.760 0.94367 24.1195730797
23.770 0.94328 24.1297244151
23.780 0.94289 24.1398757506
23.790 0.94249 24.1500270861
23.800 0.94210 24.1601784216
23.810 0.94171 24.170329757
23.820 0.94132 24.1804810925
23.830 0.94093 24.190632428
23.840 0.94054 24.2007837634
23.850 0.94015 24.2109350989
23.860 0.93976 24.2210864344
23.870 0.93937 24.2312377699
23.880 0.93898 24.2413891053
23.890 0.93860 24.2515404408
23.900 0.93821 24.2616917763
23.910 0.93782 24.2718431117
23.920 0.93743 24.2819944472
23.930 0.93705 24.2921457827
23.940 0.93666 24.3022971182
23.950 0.93627 24.3124484536
23.960 0.93589 24.3225997891
23.970 0.93550 24.3327511246
23.980 0.93512 24.34290246
23.990 0.93473 24.3530537955
24.000 0.93435 24.363205131
24.010 0.93396 24.3733564665
24.020 0.93358 24.3835078019
24.030 0.93319 24.3936591374
24.040 0.93281 24.4038104729
24.050 0.93243 24.4139618083
24.060 0.93204 24.4241131438
24.070 0.93166 24.4342644793
24.080 0.93128 24.4444158147
24.090 0.93090 24.4545671502
24.100 0.93052 24.4647184857
24.110 0.93013 24.4748698212
24.120 0.92975 24.4850211566
24.130 0.92937 24.4951724921
24.140 0.92899 24.5053238276
24.150 0.92861 24.515475163
24.160 0.92823 24.5256264985
24.170 0.92785 24.535777834
24.180 0.92747 24.5459291695
24.190 0.92710 24.5560805049
24.200 0.92672 24.5662318404
24.210 0.92634 24.5763831759
24.220 0.92596 24.5865345113
24.230 0.92558 24.5966858468
24.240 0.92521 24.6068371823
24.250 0.92483 24.6169885178
24.260 0.92445 24.6271398532
24.270 0.92408 24.6372911887
24.280 0.92370 24.6474425242
24.290 0.92333 24.6575938596
24.300 0.92295 24.6677451951
24.310 0.92258 24.6778965306
24.320 0.92220 24.6880478661
24.330 0.92183 24.6981992015
24.340 0.92145 24.708350537
24.350 0.92108 24.7185018725
24.360 0.92070 24.7286532079
24.370 0.92033 24.7388045434
24.380 0.91996 24.7489558789
24.390 0.91959 24.7591072144
24.400 0.91921 24.7692585498
24.410 0.91884 24.7794098853
24.420 0.91847 24.7895612208
24.430 0.91810 24.7997125562
24.440 0.91773 24.8098638917
24.450 0.91736 24.8200152272
24.460 0.91699 24.8301665627
24.470 0.91662 24.8403178981
24.480 0.91625 24.8504692336
24.490 0.91588 24.8606205691
24.500 0.91551 24.8707719045
24.510 0.91514 24.88092324
24.520 0.91477 24.8910745755
24.530 0.91440 24.901225911
24.540 0.91403 24.9113772464
24.550 0.91367 24.9215285819
24.560 0.91330 24.9316799174
24.570 0.91293 24.9418312528
24.580 0.91256 24.9519825883
24.590 0.91220 24.9621339238
24.600 0.91183 24.9722852593
24.610 0.91147 24.9824365947
24.620 0.91110 24.9925879302
24.630 0.91074 25.0027392657
24.640 0.91037 25.0128906011
24.650 0.91001 25.0230419366
24.660 0.90964 25.0331932721
24.670 0.90928 25.0433446076
24.680 0.90891 25.053495943
24.690 0.90855 25.0636472785
24.700 0.90819 25.073798614
24.710 0.90782 25.0839499494
24.720 0.90746 25.0941012849
24.730 0.90710 25.1042526204
24.740 0.90674 25.1144039559
24.750 0.90637 25.1245552913
24.760 0.90601 25.1347066268
24.770 0.90565 25.1448579623
24.780 0.90529 25.1550092977
24.790 0.90493 25.1651606332
24.800 0.90457 25.1753119687
24.810 0.90421 25.1854633042
24.820 0.90385 25.1956146396
24.830 0.90349 25.2057659751
24.840 0.90313 25.2159173106
24.850 0.90277 25.226068646
24.860 0.90241 25.2362199815
24.870 0.90206 25.246371317
24.880 0.90170 25.2565226524
24.890 0.90134 25.2666739879
24.900 0.90098 25.2768253234
24.910 0.90062 25.2869766589
24.920 0.90027 25.2971279943
24.930 0.89991 25.3072793298
24.940 0.89956 25.3174306653
24.950 0.89920 25.3275820007
24.960 0.89884 25.3377333362
24.970 0.89849 25.3478846717
24.980 0.89813 25.3580360072
24.990 0.89778 25.3681873426
25.000 0.89742 25.3783386781
25.100 0.89389 25.4798520328
25.110 0.89354 25.4900033683
25.120 0.89319 25.5001547038
25.130 0.89284 25.5103060392
25.140 0.89249 25.5204573747
25.150 0.89214 25.5306087102
25.160 0.89179 25.5407600456
25.170 0.89144 25.5509113811
25.180 0.89109 25.5610627166
25.190 0.89074 25.5712140521
25.200 0.89039 25.5813653875
25.210 0.89004 25.591516723
25.220 0.88969 25.6016680585
25.230 0.88935 25.6118193939
25.240 0.88900 25.6219707294
25.250 0.88865 25.6321220649
25.260 0.88830 25.6422734004
25.270 0.88796 25.6524247358
25.280 0.88761 25.6625760713
25.290 0.88726 25.6727274068
25.300 0.88692 25.6828787422
25.310 0.88657 25.6930300777
25.320 0.88622 25.7031814132
25.330 0.88588 25.7133327487
25.340 0.88553 25.7234840841
25.350 0.88519 25.7336354196
25.360 0.88484 25.7437867551
25.370 0.88450 25.7539380905
25.380 0.88416 25.764089426
25.390 0.88381 25.7742407615
25.400 0.88347 25.784392097
25.410 0.88313 25.7945434324
25.420 0.88278 25.8046947679
25.430 0.88244 25.8148461034
25.440 0.88210 25.8249974388
25.450 0.88175 25.8351487743
25.460 0.88141 25.8453001098
25.470 0.88107 25.8554514453
25.480 0.88073 25.8656027807
25.490 0.88039 25.8757541162
25.500 0.88005 25.8859054517
25.510 0.87971 25.8960567871
25.520 0.87937 25.9062081226
25.530 0.87903 25.9163594581
25.540 0.87869 25.9265107936
25.550 0.87835 25.936662129
25.560 0.87801 25.9468134645
25.570 0.87767 25.9569648
25.580 0.87733 25.9671161354
25.590 0.87699 25.9772674709
25.600 0.87665 25.9874188064
25.610 0.87632 25.9975701418
25.620 0.87598 26.0077214773
25.630 0.87564 26.0178728128
25.640 0.87530 26.0280241483
25.650 0.87497 26.0381754837
25.660 0.87463 26.0483268192
25.670 0.87429 26.0584781547
25.680 0.87396 26.0686294901
25.690 0.87362 26.0787808256
25.700 0.87329 26.0889321611
25.710 0.87295 26.0990834966
25.720 0.87262 26.109234832
25.730 0.87228 26.1193861675
25.740 0.87195 26.129537503
25.750 0.87161 26.1396888384
25.760 0.87128 26.1498401739
25.770 0.87095 26.1599915094
25.780 0.87061 26.1701428449
25.790 0.87028 26.1802941803
25.800 0.86995 26.1904455158
25.810 0.86961 26.2005968513
25.820 0.86928 26.2107481867
25.830 0.86895 26.2208995222
25.840 0.86862 26.2310508577
25.850 0.86829 26.2412021932
25.860 0.86795 26.2513535286
25.870 0.86762 26.2615048641
25.880 0.86729 26.2716561996
25.890 0.86696 26.281807535
25.900 0.86663 26.2919588705
25.910 0.86630 26.302110206
25.920 0.86597 26.3122615415
25.930 0.86564 26.3224128769
25.940 0.86531 26.3325642124
25.950 0.86498 26.3427155479
25.960 0.86465 26.3528668833
25.970 0.86433 26.3630182188
25.980 0.86400 26.3731695543
25.990 0.86367 26.3833208898
26.000 0.86334 26.3934722252
26.010 0.86301 26.4036235607
26.020 0.86269 26.4137748962
26.030 0.86236 26.4239262316
26.040 0.86203 26.4340775671
26.050 0.86171 26.4442289026
26.060 0.86138 26.4543802381
26.070 0.86105 26.4645315735
26.080 0.86073 26.474682909
26.090 0.86040 26.4848342445
26.100 0.86008 26.4949855799
26.110 0.85975 26.5051369154
26.120 0.85943 26.5152882509
26.130 0.85910 26.5254395864
26.140 0.85878 26.5355909218
26.150 0.85845 26.5457422573
26.160 0.85813 26.5558935928
26.170 0.85781 26.5660449282
26.180 0.85748 26.5761962637
26.190 0.85716 26.5863475992
26.200 0.85684 26.5964989347
26.210 0.85651 26.6066502701
26.220 0.85619 26.6168016056
26.230 0.85587 26.6269529411
26.240 0.85555 26.6371042765
26.250 0.85523 26.647255612
26.260 0.85491 26.6574069475
26.270 0.85458 26.667558283
26.280 0.85426 26.6777096184
26.290 0.85394 26.6878609539
26.300 0.85362 26.6980122894
26.310 0.85330 26.7081636248
26.320 0.85298 26.7183149603
26.330 0.85266 26.7284662958
26.340 0.85234 26.7386176313
26.350 0.85202 26.7487689667
26.360 0.85170 26.7589203022
26.370 0.85139 26.7690716377
26.380 0.85107 26.7792229731
26.390 0.85075 26.7893743086
26.400 0.85043 26.7995256441
26.410 0.85011 26.8096769795
26.420 0.84980 26.819828315
26.430 0.84948 26.8299796505
26.440 0.84916 26.840130986
26.440 0.84916 26.840130986
26.440 0.84916 26.840130986
26.450 0.84885 26.8502823214
26.460 0.84853 26.8604336569
26.470 0.84821 26.8705849924
26.480 0.84790 26.8807363278
26.490 0.84758 26.8908876633
26.500 0.84726 26.9010389988
26.510 0.84695 26.9111903343
26.520 0.84663 26.9213416697
26.530 0.84632 26.9314930052
26.540 0.84600 26.9416443407
26.550 0.84569 26.9517956761
26.560 0.84538 26.9619470116
26.570 0.84506 26.9720983471
26.580 0.84475 26.9822496826
26.590 0.84444 26.992401018
26.600 0.84412 27.0025523535
26.610 0.84381 27.012703689
26.620 0.84350 27.0228550244
26.630 0.84318 27.0330063599
26.640 0.84287 27.0431576954
26.650 0.84256 27.0533090309
26.660 0.84225 27.0634603663
26.670 0.84194 27.0736117018
26.680 0.84162 27.0837630373
26.690 0.84131 27.0939143727
26.700 0.84100 27.1040657082
26.710 0.84069 27.1142170437
26.720 0.84038 27.1243683792
26.730 0.84007 27.1345197146
26.740 0.83976 27.1446710501
26.750 0.83945 27.1548223856
26.760 0.83914 27.164973721
26.770 0.83883 27.1751250565
26.780 0.83852 27.185276392
26.790 0.83822 27.1954277275
26.800 0.83791 27.2055790629
26.810 0.83760 27.2157303984
26.820 0.83729 27.2258817339
26.830 0.83698 27.2360330693
26.840 0.83668 27.2461844048
26.850 0.83637 27.2563357403
26.860 0.83606 27.2664870758
26.870 0.83575 27.2766384112
26.880 0.83545 27.2867897467
26.890 0.83514 27.2969410822
26.900 0.83483 27.3070924176
26.910 0.83453 27.3172437531
26.920 0.83422 27.3273950886
26.930 0.83392 27.3375464241
26.940 0.83361 27.3476977595
26.950 0.83331 27.357849095
26.960 0.83300 27.3680004305
26.970 0.83270 27.3781517659
26.980 0.83239 27.3883031014
26.990 0.83209 27.3984544369
27.000 0.83178 27.4086057724
27.010 0.83148 27.4187571078
27.020 0.83118 27.4289084433
27.030 0.83087 27.4390597788
27.040 0.83057 27.4492111142
27.050 0.83027 27.4593624497
27.060 0.82996 27.4695137852
27.070 0.82966 27.4796651207
27.080 0.82936 27.4898164561
27.090 0.82906 27.4999677916
27.100 0.82876 27.5101191271
27.110 0.82845 27.5202704625
27.120 0.82815 27.530421798
27.130 0.82785 27.5405731335
27.140 0.82755 27.5507244689
27.150 0.82725 27.5608758044
27.160 0.82695 27.5710271399
27.170 0.82665 27.5811784754
27.180 0.82635 27.5913298108
27.190 0.82605 27.6014811463
27.200 0.82575 27.6116324818
27.210 0.82545 27.6217838172
27.220 0.82515 27.6319351527
27.230 0.82485 27.6420864882
27.240 0.82455 27.6522378237
27.250 0.82426 27.6623891591
27.260 0.82396 27.6725404946
27.270 0.82366 27.6826918301
27.280 0.82336 27.6928431655
27.290 0.82306 27.702994501
27.300 0.82277 27.7131458365
27.310 0.82247 27.723297172
27.320 0.82217 27.7334485074
27.330 0.82188 27.7435998429
27.340 0.82158 27.7537511784
27.350 0.82128 27.7639025138
27.360 0.82099 27.7740538493
27.370 0.82069 27.7842051848
27.380 0.82040 27.7943565203
27.390 0.82010 27.8045078557
27.400 0.81981 27.8146591912
27.410 0.81951 27.8248105267
27.420 0.81922 27.8349618621
27.430 0.81892 27.8451131976
27.440 0.81863 27.8552645331
27.450 0.81833 27.8654158686
27.460 0.81804 27.875567204
27.470 0.81775 27.8857185395
27.480 0.81745 27.895869875
27.490 0.81716 27.9060212104
27.500 0.81687 27.9161725459
27.510 0.81657 27.9263238814
27.520 0.81628 27.9364752169
27.530 0.81599 27.9466265523
27.540 0.81570 27.9567778878
27.550 0.81540 27.9669292233
27.560 0.81511 27.9770805587
27.570 0.81482 27.9872318942
27.580 0.81453 27.9973832297
27.590 0.81424 28.0075345652
27.600 0.81395 28.0176859006
27.610 0.81366 28.0278372361
27.620 0.81337 28.0379885716
27.630 0.81308 28.048139907
27.640 0.81279 28.0582912425
27.650 0.81250 28.068442578
27.660 0.81221 28.0785939135
27.670 0.81192 28.0887452489
27.680 0.81163 28.0988965844
27.690 0.81134 28.1090479199
27.700 0.81105 28.1191992553
27.710 0.81076 28.1293505908
27.720 0.81047 28.1395019263
27.730 0.81018 28.1496532618
27.740 0.80990 28.1598045972
27.750 0.80961 28.1699559327
27.760 0.80932 28.1801072682
27.770 0.80903 28.1902586036
27.780 0.80875 28.2004099391
27.790 0.80846 28.2105612746
27.800 0.80817 28.2207126101
27.810 0.80789 28.2308639455
27.820 0.80760 28.241015281
27.830 0.80731 28.2511666165
27.840 0.80703 28.2613179519
27.850 0.80674 28.2714692874
27.860 0.80646 28.2816206229
27.870 0.80617 28.2917719584
27.880 0.80589 28.3019232938
27.890 0.80560 28.3120746293
27.900 0.80532 28.3222259648
27.910 0.80503 28.3323773002
27.920 0.80475 28.3425286357
27.930 0.80446 28.3526799712
27.940 0.80418 28.3628313066
27.950 0.80390 28.3729826421
27.960 0.80361 28.3831339776
27.970 0.80333 28.3932853131
27.980 0.80305 28.4034366485
27.990 0.80276 28.413587984
28.000 0.80248 28.4237393195
28.010 0.80220 28.4338906549
28.020 0.80192 28.4440419904
28.030 0.80163 28.4541933259
28.040 0.80135 28.4643446614
28.050 0.80107 28.4744959968
28.060 0.80079 28.4846473323
28.070 0.80051 28.4947986678
28.080 0.80023 28.5049500032
28.090 0.79995 28.5151013387
28.100 0.79967 28.5252526742
28.110 0.79938 28.5354040097
28.120 0.79910 28.5455553451
28.130 0.79882 28.5557066806
28.140 0.79854 28.5658580161
28.150 0.79826 28.5760093515
28.160 0.79799 28.586160687
28.170 0.79771 28.5963120225
28.180 0.79743 28.606463358
28.190 0.79715 28.6166146934
28.200 0.79687 28.6267660289
28.210 0.79659 28.6369173644
28.220 0.79631 28.6470686998
28.230 0.79603 28.6572200353
28.240 0.79576 28.6673713708
28.250 0.79548 28.6775227063
28.260 0.79520 28.6876740417
28.270 0.79492 28.6978253772
28.280 0.79465 28.7079767127
28.290 0.79437 28.7181280481
28.300 0.79409 28.7282793836
28.310 0.79382 28.7384307191
28.320 0.79354 28.7485820546
28.330 0.79326 28.75873339
28.340 0.79299 28.7688847255
28.350 0.79271 28.779036061
28.360 0.79244 28.7891873964
28.370 0.79216 28.7993387319
28.380 0.79189 28.8094900674
28.390 0.79161 28.8196414029
28.400 0.79134 28.8297927383
28.410 0.79106 28.8399440738
28.420 0.79079 28.8500954093
28.430 0.79051 28.8602467447
28.440 0.79024 28.8703980802
28.450 0.78997 28.8805494157
28.460 0.78969 28.8907007512
28.470 0.78942 28.9008520866
28.480 0.78915 28.9110034221
28.490 0.78887 28.9211547576
28.500 0.78860 28.931306093
28.510 0.78833 28.9414574285
28.520 0.78806 28.951608764
28.530 0.78778 28.9617600995
28.540 0.78751 28.9719114349
28.550 0.78724 28.9820627704
28.560 0.78697 28.9922141059
28.570 0.78670 29.0023654413
28.580 0.78642 29.0125167768
28.590 0.78615 29.0226681123
28.600 0.78588 29.0328194478
28.610 0.78561 29.0429707832
28.620 0.78534 29.0531221187
28.630 0.78507 29.0632734542
28.640 0.78480 29.0734247896
28.650 0.78453 29.0835761251
28.660 0.78426 29.0937274606
28.670 0.78399 29.103878796
28.680 0.78372 29.1140301315
28.690 0.78345 29.124181467
28.700 0.78318 29.1343328025
28.710 0.78291 29.1444841379
28.720 0.78265 29.1546354734
28.730 0.78238 29.1647868089
28.740 0.78211 29.1749381443
28.750 0.78184 29.1850894798
28.760 0.78157 29.1952408153
28.770 0.78131 29.2053921508
28.780 0.78104 29.2155434862
28.790 0.78077 29.2256948217
28.800 0.78050 29.2358461572
28.810 0.78024 29.2459974926
28.820 0.77997 29.2561488281
28.830 0.77970 29.2663001636
28.840 0.77944 29.2764514991
28.850 0.77917 29.2866028345
28.860 0.77890 29.29675417
28.870 0.77864 29.3069055055
28.880 0.77837 29.3170568409
28.890 0.77811 29.3272081764
28.900 0.77784 29.3373595119
28.910 0.77758 29.3475108474
28.920 0.77731 29.3576621828
28.930 0.77705 29.3678135183
28.940 0.77678 29.3779648538
28.950 0.77652 29.3881161892
28.960 0.77625 29.3982675247
28.970 0.77599 29.4084188602
28.980 0.77573 29.4185701957
28.990 0.77546 29.4287215311
29.000 0.77520 29.4388728666
29.010 0.77494 29.4490242021
29.020 0.77467 29.4591755375
29.030 0.77441 29.469326873
29.040 0.77415 29.4794782085
29.050 0.77388 29.489629544
29.060 0.77362 29.4997808794
29.070 0.77336 29.5099322149
29.080 0.77310 29.5200835504
29.090 0.77284 29.5302348858
29.100 0.77257 29.5403862213
29.110 0.77231 29.5505375568
29.120 0.77205 29.5606888923
29.130 0.77179 29.5708402277
29.140 0.77153 29.5809915632
29.150 0.77127 29.5911428987
29.160 0.77101 29.6012942341
29.170 0.77075 29.6114455696
29.180 0.77049 29.6215969051
29.190 0.77023 29.6317482406
29.200 0.76997 29.641899576
29.210 0.76971 29.6520509115
29.220 0.76945 29.662202247
29.230 0.76919 29.6723535824
29.240 0.76893 29.6825049179
29.250 0.76867 29.6926562534
29.260 0.76841 29.7028075889
29.270 0.76815 29.7129589243
29.280 0.76789 29.7231102598
29.290 0.76764 29.7332615953
29.300 0.76738 29.7434129307
29.310 0.76712 29.7535642662
29.320 0.76686 29.7637156017
29.330 0.76660 29.7738669372
29.340 0.76635 29.7840182726
29.350 0.76609 29.7941696081
29.360 0.76583 29.8043209436
29.370 0.76558 29.814472279
29.380 0.76532 29.8246236145
29.390 0.76506 29.83477495
29.400 0.76481 29.8449262855
29.410 0.76455 29.8550776209
29.420 0.76429 29.8652289564
29.430 0.76404 29.8753802919
29.440 0.76378 29.8855316273
29.450 0.76353 29.8956829628
29.460 0.76327 29.9058342983
29.470 0.76302 29.9159856337
29.480 0.76276 29.9261369692
29.490 0.76251 29.9362883047
29.500 0.76225 29.9464396402
29.510 0.76200 29.9565909756
29.520 0.76174 29.9667423111
29.530 0.76149 29.9768936466
29.540 0.76123 29.987044982
29.550 0.76098 29.9971963175
29.560 0.76073 30.007347653
29.570 0.76047 30.0174989885
29.580 0.76022 30.0276503239
29.590 0.75997 30.0378016594
29.600 0.75971 30.0479529949
29.610 0.75946 30.0581043303
29.620 0.75921 30.0682556658
29.630 0.75896 30.0784070013
29.640 0.75870 30.0885583368
29.650 0.75845 30.0987096722
29.660 0.75820 30.1088610077
29.670 0.75795 30.1190123432
29.680 0.75770 30.1291636786
29.690 0.75745 30.1393150141
29.700 0.75719 30.1494663496
29.710 0.75694 30.1596176851
29.720 0.75669 30.1697690205
29.730 0.75644 30.179920356
29.740 0.75619 30.1900716915
29.750 0.75594 30.2002230269
29.760 0.75569 30.2103743624
29.770 0.75544 30.2205256979
29.780 0.75519 30.2306770334
29.790 0.75494 30.2408283688
29.800 0.75469 30.2509797043
29.810 0.75444 30.2611310398
29.820 0.75419 30.2712823752
29.830 0.75394 30.2814337107
29.840 0.75370 30.2915850462
29.850 0.75345 30.3017363817
29.860 0.75320 30.3118877171
29.870 0.75295 30.3220390526
29.880 0.75270 30.3321903881
29.890 0.75245 30.3423417235
29.900 0.75221 30.352493059
29.910 0.75196 30.3626443945
29.920 0.75171 30.37279573
29.930 0.75146 30.3829470654
29.940 0.75122 30.3930984009
29.950 0.75097 30.4032497364
29.960 0.75072 30.4134010718
29.970 0.75048 30.4235524073
29.980 0.75023 30.4337037428
29.990 0.74998 30.4438550783
30.000 0.74974 30.4540064137
