0.10000 246.18 0.101436159075
0.11000 223.80 0.111579774983
0.12000 205.15 0.12172339089
0.13000 189.37 0.131867006798
0.14000 175.85 0.142010622705
0.15000 164.12 0.152154238613
0.16000 153.87 0.162297854521
0.17000 144.82 0.172441470428
0.18000 136.77 0.182585086336
0.19000 129.57 0.192728702243
0.20000 123.10 0.202872318151
0.21000 117.23 0.213015934058
0.22000 111.91 0.223159549966
0.23000 107.04 0.233303165873
0.24000 102.58 0.243446781781
0.25000 98.479 0.253590397688
0.26000 94.692 0.263734013596
0.27000 91.185 0.273877629503
0.28000 87.929 0.284021245411
0.29000 84.897 0.294164861318
0.30000 82.068 0.304308477226
0.31000 79.421 0.314452093134
0.32000 76.939 0.324595709041
0.33000 74.608 0.334739324949
0.34000 72.414 0.344882940856
0.35000 70.346 0.355026556764
0.36000 68.392 0.365170172671
0.37000 66.544 0.375313788579
0.38000 64.793 0.385457404486
0.39000 63.132 0.395601020394
0.40000 61.554 0.405744636301
0.41000 60.053 0.415888252209
0.42000 58.623 0.426031868116
0.43000 57.260 0.436175484024
0.44000 55.959 0.446319099931
0.45000 54.716 0.456462715839
0.46000 53.527 0.466606331747
0.47000 52.388 0.476749947654
0.48000 51.297 0.486893563562
0.49000 50.250 0.497037179469
0.50000 49.245 0.507180795377
0.51000 48.280 0.517324411284
0.52000 47.352 0.527468027192
0.53000 46.459 0.537611643099
0.54000 45.599 0.547755259007
0.55000 44.770 0.557898874914
0.56000 43.970 0.568042490822
0.57000 43.199 0.578186106729
0.58000 42.455 0.588329722637
0.59000 41.735 0.598473338544
0.60000 41.040 0.608616954452
0.61000 40.367 0.61876057036
0.62000 39.716 0.628904186267
0.63000 39.086 0.639047802175
0.64000 38.476 0.649191418082
0.65000 37.884 0.65933503399
0.66000 37.310 0.669478649897
0.67000 36.753 0.679622265805
0.68000 36.213 0.689765881712
0.69000 35.688 0.69990949762
0.70000 35.179 0.710053113527
0.71000 34.683 0.720196729435
0.72000 34.202 0.730340345342
0.73000 33.733 0.74048396125
0.74000 33.278 0.750627577157
0.75000 32.834 0.760771193065
0.76000 32.402 0.770914808973
0.77000 31.982 0.78105842488
0.78000 31.572 0.791202040788
0.79000 31.172 0.801345656695
0.80000 30.783 0.811489272603
0.81000 30.403 0.82163288851
0.82000 30.032 0.831776504418
0.83000 29.671 0.841920120325
0.84000 29.318 0.852063736233
0.85000 28.973 0.86220735214
0.86000 28.636 0.872350968048
0.87000 28.307 0.882494583955
0.88000 27.985 0.892638199863
0.89000 27.671 0.90278181577
0.90000 27.364 0.912925431678
0.91000 27.063 0.923069047586
0.92000 26.769 0.933212663493
0.93000 26.482 0.943356279401
0.94000 26.200 0.953499895308
0.95000 25.924 0.963643511216
0.96000 25.654 0.973787127123
0.97000 25.390 0.983930743031
0.98000 25.131 0.994074358938
0.99000 24.877 1.00421797485
1.0000 24.629 1.01436159075
1.0100 24.385 1.02450520666
1.0200 24.146 1.03464882257
1.0300 23.912 1.04479243848
1.0400 23.682 1.05493605438
1.0500 23.456 1.06507967029
1.0600 23.235 1.0752232862
1.0700 23.018 1.08536690211
1.0800 22.805 1.09551051801
1.0900 22.596 1.10565413392
1.1000 22.391 1.11579774983
1.1100 22.189 1.12594136574
1.1200 21.991 1.13608498164
1.1300 21.797 1.14622859755
1.1400 21.606 1.15637221346
1.1500 21.418 1.16651582937
1.1600 21.233 1.17665944527
1.1700 21.052 1.18680306118
1.1800 20.874 1.19694667709
1.1900 20.698 1.207090293
1.2000 20.526 1.2172339089
1.2100 20.356 1.22737752481
1.2200 20.190 1.23752114072
1.2300 20.025 1.24766475663
1.2400 19.864 1.25780837253
1.2500 19.705 1.26795198844
1.2600 19.549 1.27809560435
1.2700 19.395 1.28823922026
1.2800 19.244 1.29838283616
1.2900 19.095 1.30852645207
1.3000 18.948 1.31867006798
1.3100 18.803 1.32881368389
1.3200 18.661 1.33895729979
1.3300 18.521 1.3491009157
1.3400 18.383 1.35924453161
1.3500 18.246 1.36938814752
1.3600 18.112 1.37953176342
1.3700 17.980 1.38967537933
1.3800 17.850 1.39981899524
1.3900 17.722 1.40996261115
1.4000 17.595 1.42010622705
1.4100 17.471 1.43024984296
1.4200 17.348 1.44039345887
1.4300 17.226 1.45053707478
1.4400 17.107 1.46068069068
1.4500 16.989 1.47082430659
1.4600 16.873 1.4809679225
1.4700 16.758 1.49111153841
1.4800 16.645 1.50125515431
1.4900 16.533 1.51139877022
1.5000 16.423 1.52154238613
1.5100 16.314 1.53168600204
1.5200 16.207 1.54182961795
1.5300 16.101 1.55197323385
1.5400 15.997 1.56211684976
1.5500 15.894 1.57226046567
1.5600 15.792 1.58240408158
1.5700 15.691 1.59254769748
1.5800 15.592 1.60269131339
1.5900 15.494 1.6128349293
1.6000 15.397 1.62297854521
1.6100 15.302 1.63312216111
1.6200 15.207 1.64326577702
1.6300 15.114 1.65340939293
1.6400 15.022 1.66355300884
1.6500 14.931 1.67369662474
1.6600 14.841 1.68384024065
1.6700 14.752 1.69398385656
1.6800 14.665 1.70412747247
1.6900 14.578 1.71427108837
1.7000 14.492 1.72441470428
1.7100 14.408 1.73455832019
1.7200 14.324 1.7447019361
1.7300 14.241 1.754845552
1.7400 14.159 1.76498916791
1.7500 14.079 1.77513278382
1.7600 13.999 1.78527639973
1.7700 13.920 1.79542001563
1.7800 13.841 1.80556363154
1.7900 13.764 1.81570724745
1.8000 13.688 1.82585086336
1.8100 13.612 1.83599447926
1.8200 13.538 1.84613809517
1.8300 13.464 1.85628171108
1.8400 13.391 1.86642532699
1.8500 13.318 1.87656894289
1.8600 13.247 1.8867125588
1.8700 13.176 1.89685617471
1.8800 13.106 1.90699979062
1.8900 13.037 1.91714340652
1.9000 12.968 1.92728702243
1.9100 12.900 1.93743063834
1.9200 12.833 1.94757425425
1.9300 12.767 1.95771787015
1.9400 12.701 1.96786148606
1.9500 12.636 1.97800510197
1.9600 12.571 1.98814871788
1.9700 12.508 1.99829233378
1.9800 12.445 2.00843594969
1.9900 12.382 2.0185795656
2.0000 12.320 2.02872318151
2.0100 12.259 2.03886679741
2.0200 12.198 2.04901041332
2.0300 12.138 2.05915402923
2.0400 12.079 2.06929764514
2.0500 12.020 2.07944126104
2.0600 11.962 2.08958487695
2.0700 11.904 2.09972849286
2.0800 11.847 2.10987210877
2.0900 11.790 2.12001572467
2.1000 11.734 2.13015934058
2.1100 11.679 2.14030295649
2.1200 11.624 2.1504465724
2.1300 11.569 2.1605901883
2.1400 11.515 2.17073380421
2.1500 11.461 2.18087742012
2.1600 11.408 2.19102103603
2.1700 11.356 2.20116465193
2.1800 11.304 2.21130826784
2.1900 11.252 2.22145188375
2.2000 11.201 2.23159549966
2.2100 11.151 2.24173911556
2.2200 11.100 2.25188273147
2.2300 11.051 2.26202634738
2.2400 11.001 2.27216996329
2.2500 10.953 2.2823135792
2.2600 10.904 2.2924571951
2.2700 10.856 2.30260081101
2.2800 10.809 2.31274442692
2.2900 10.762 2.32288804283
2.3000 10.715 2.33303165873
2.3100 10.668 2.34317527464
2.3200 10.623 2.35331889055
2.3300 10.577 2.36346250646
2.3400 10.532 2.37360612236
2.3500 10.487 2.38374973827
2.3600 10.443 2.39389335418
2.3700 10.399 2.40403697009
2.3800 10.355 2.41418058599
2.3900 10.312 2.4243242019
2.4000 10.269 2.43446781781
2.4100 10.226 2.44461143372
2.4200 10.184 2.45475504962
2.4300 10.142 2.46489866553
2.4400 10.101 2.47504228144
2.4500 10.059 2.48518589735
2.4600 10.019 2.49532951325
2.4700 9.9781 2.50547312916
2.4800 9.9379 2.51561674507
2.4900 9.8981 2.52576036098
2.5000 9.8585 2.53590397688
2.5100 9.8193 2.54604759279
2.5200 9.7804 2.5561912087
2.5300 9.7418 2.56633482461
2.5400 9.7035 2.57647844051
2.5500 9.6655 2.58662205642
2.5600 9.6277 2.59676567233
2.5700 9.5903 2.60690928824
2.5800 9.5532 2.61705290414
2.5900 9.5164 2.62719652005
2.6000 9.4798 2.63734013596
2.6100 9.4435 2.64748375187
2.6200 9.4075 2.65762736777
2.6300 9.3718 2.66777098368
2.6400 9.3364 2.67791459959
2.6500 9.3012 2.6880582155
2.6600 9.2662 2.6982018314
2.6700 9.2316 2.70834544731
2.6800 9.1972 2.71848906322
2.6900 9.1630 2.72863267913
2.7000 9.1291 2.73877629503
2.7100 9.0955 2.74891991094
2.7200 9.0621 2.75906352685
2.7300 9.0290 2.76920714276
2.7400 8.9960 2.77935075866
2.7500 8.9634 2.78949437457
2.7600 8.9309 2.79963799048
2.7700 8.8987 2.80978160639
2.7800 8.8668 2.81992522229
2.7900 8.8350 2.8300688382
2.8000 8.8035 2.84021245411
2.8100 8.7722 2.85035607002
2.8200 8.7412 2.86049968592
2.8300 8.7103 2.87064330183
2.8400 8.6797 2.88078691774
2.8500 8.6493 2.89093053365
2.8600 8.6191 2.90107414955
2.8700 8.5891 2.91121776546
2.8800 8.5593 2.92136138137
2.8900 8.5297 2.93150499728
2.9000 8.5004 2.94164861318
2.9100 8.4712 2.95179222909
2.9200 8.4422 2.961935845
2.9300 8.4134 2.97207946091
2.9400 8.3849 2.98222307681
2.9500 8.3565 2.99236669272
2.9600 8.3283 3.00251030863
2.9700 8.3003 3.01265392454
2.9800 8.2725 3.02279754045
2.9900 8.2449 3.03294115635
3.0000 8.2174 3.04308477226
3.0100 8.1901 3.05322838817
3.0200 8.1631 3.06337200408
3.0300 8.1362 3.07351561998
3.0400 8.1094 3.08365923589
3.0500 8.0829 3.0938028518
3.0600 8.0565 3.10394646771
3.0700 8.0303 3.11409008361
3.0800 8.0043 3.12423369952
3.0900 7.9784 3.13437731543
3.1000 7.9527 3.14452093134
3.1100 7.9272 3.15466454724
3.1200 7.9018 3.16480816315
3.1300 7.8766 3.17495177906
3.1400 7.8516 3.18509539497
3.1500 7.8267 3.19523901087
3.1600 7.8019 3.20538262678
3.1700 7.7774 3.21552624269
3.1800 7.7529 3.2256698586
3.1900 7.7287 3.2358134745
3.2000 7.7046 3.24595709041
3.2100 7.6806 3.25610070632
3.2200 7.6568 3.26624432223
3.2300 7.6331 3.27638793813
3.2400 7.6096 3.28653155404
3.2500 7.5862 3.29667516995
3.2600 7.5630 3.30681878586
3.2700 7.5399 3.31696240176
3.2800 7.5169 3.32710601767
3.2900 7.4941 3.33724963358
3.3000 7.4714 3.34739324949
3.3100 7.4489 3.35753686539
3.3200 7.4265 3.3676804813
3.3300 7.4042 3.37782409721
3.3400 7.3821 3.38796771312
3.3500 7.3601 3.39811132902
3.3600 7.3382 3.40825494493
3.3700 7.3165 3.41839856084
3.3800 7.2949 3.42854217675
3.3900 7.2734 3.43868579265
3.4000 7.2520 3.44882940856
3.4100 7.2308 3.45897302447
3.4200 7.2097 3.46911664038
3.4300 7.1887 3.47926025628
3.4400 7.1679 3.48940387219
3.4500 7.1471 3.4995474881
3.4600 7.1265 3.50969110401
3.4700 7.1060 3.51983471991
3.4800 7.0856 3.52997833582
3.4900 7.0653 3.54012195173
3.5000 7.0452 3.55026556764
3.5100 7.0251 3.56040918354
3.5200 7.0052 3.57055279945
3.5300 6.9854 3.58069641536
3.5400 6.9657 3.59084003127
3.5500 6.9461 3.60098364717
3.5600 6.9266 3.61112726308
3.5700 6.9073 3.62127087899
3.5800 6.8880 3.6314144949
3.5900 6.8689 3.6415581108
3.6000 6.8498 3.65170172671
3.6100 6.8309 3.66184534262
3.6200 6.8120 3.67198895853
3.6300 6.7933 3.68213257443
3.6400 6.7747 3.69227619034
3.6500 6.7561 3.70241980625
3.6600 6.7377 3.71256342216
3.6700 6.7194 3.72270703806
3.6800 6.7012 3.73285065397
3.6900 6.6830 3.74299426988
3.7000 6.6650 3.75313788579
3.7100 6.6471 3.76328150169
3.7200 6.6292 3.7734251176
3.7300 6.6115 3.78356873351
3.7400 6.5938 3.79371234942
3.7500 6.5763 3.80385596533
3.7600 6.5588 3.81399958123
3.7700 6.5415 3.82414319714
3.7800 6.5242 3.83428681305
3.7900 6.5070 3.84443042896
3.8000 6.4899 3.85457404486
3.8100 6.4729 3.86471766077
3.8200 6.4560 3.87486127668
3.8300 6.4392 3.88500489259
3.8400 6.4224 3.89514850849
3.8500 6.4058 3.9052921244
3.8600 6.3892 3.91543574031
3.8700 6.3727 3.92557935622
3.8800 6.3563 3.93572297212
3.8900 6.3400 3.94586658803
3.9000 6.3238 3.95601020394
3.9100 6.3077 3.96615381985
3.9200 6.2916 3.97629743575
3.9300 6.2756 3.98644105166
3.9400 6.2597 3.99658466757
3.9500 6.2439 4.00672828348
3.9600 6.2282 4.01687189938
3.9700 6.2125 4.02701551529
3.9800 6.1969 4.0371591312
3.9900 6.1814 4.04730274711
4.0000 6.1660 4.05744636301
4.0100 6.1507 4.06758997892
4.0200 6.1354 4.07773359483
4.0300 6.1202 4.08787721074
4.0400 6.1051 4.09802082664
4.0500 6.0900 4.10816444255
4.0600 6.0751 4.11830805846
4.0700 6.0602 4.12845167437
4.0800 6.0453 4.13859529027
4.0900 6.0306 4.14873890618
4.1000 6.0159 4.15888252209
4.1100 6.0013 4.169026138
4.1200 5.9868 4.1791697539
4.1300 5.9723 4.18931336981
4.1400 5.9579 4.19945698572
4.1500 5.9436 4.20960060163
4.1600 5.9293 4.21974421753
4.1700 5.9151 4.22988783344
4.1800 5.9010 4.24003144935
4.1900 5.8869 4.25017506526
4.2000 5.8729 4.26031868116
4.2100 5.8590 4.27046229707
4.2200 5.8452 4.28060591298
4.2300 5.8314 4.29074952889
4.2400 5.8177 4.30089314479
4.2500 5.8040 4.3110367607
4.2600 5.7904 4.32118037661
4.2700 5.7769 4.33132399252
4.2800 5.7634 4.34146760842
4.2900 5.7500 4.35161122433
4.3000 5.7366 4.36175484024
4.3100 5.7234 4.37189845615
4.3200 5.7101 4.38204207205
4.3300 5.6970 4.39218568796
4.3400 5.6839 4.40232930387
4.3500 5.6708 4.41247291978
4.3600 5.6579 4.42261653568
4.3700 5.6449 4.43276015159
4.3800 5.6321 4.4429037675
4.3900 5.6193 4.45304738341
4.4000 5.6065 4.46319099931
4.4100 5.5938 4.47333461522
4.4200 5.5812 4.48347823113
4.4300 5.5686 4.49362184704
4.4400 5.5561 4.50376546294
4.4500 5.5437 4.51390907885
4.4600 5.5313 4.52405269476
4.4700 5.5189 4.53419631067
4.4800 5.5066 4.54433992658
4.4900 5.4944 4.55448354248
4.5000 5.4822 4.56462715839
4.5100 5.4701 4.5747707743
4.5200 5.4580 4.58491439021
4.5300 5.4460 4.59505800611
4.5400 5.4340 4.60520162202
4.5500 5.4221 4.61534523793
4.5600 5.4102 4.62548885384
4.5700 5.3984 4.63563246974
4.5800 5.3867 4.64577608565
4.5900 5.3749 4.65591970156
4.6000 5.3633 4.66606331747
4.6100 5.3517 4.67620693337
4.6200 5.3401 4.68635054928
4.6300 5.3286 4.69649416519
4.6400 5.3172 4.7066377811
4.6500 5.3057 4.716781397
4.6600 5.2944 4.72692501291
4.6700 5.2831 4.73706862882
4.6800 5.2718 4.74721224473
4.6900 5.2606 4.75735586063
4.7000 5.2494 4.76749947654
4.7100 5.2383 4.77764309245
4.7200 5.2272 4.78778670836
4.7300 5.2162 4.79793032426
4.7400 5.2052 4.80807394017
4.7500 5.1943 4.81821755608
4.7600 5.1834 4.82836117199
4.7700 5.1726 4.83850478789
4.7800 5.1618 4.8486484038
4.7900 5.1510 4.85879201971
4.8000 5.1403 4.86893563562
4.8100 5.1296 4.87907925152
4.8200 5.1190 4.88922286743
4.8300 5.1085 4.89936648334
4.8400 5.0979 4.90951009925
4.8500 5.0874 4.91965371515
4.8600 5.0770 4.92979733106
4.8700 5.0666 4.93994094697
4.8800 5.0562 4.95008456288
4.8900 5.0459 4.96022817878
4.9000 5.0356 4.97037179469
4.9100 5.0254 4.9805154106
4.9200 5.0152 4.99065902651
4.9300 5.0051 5.00080264241
4.9400 4.9950 5.01094625832
4.9500 4.9849 5.02108987423
4.9600 4.9749 5.03123349014
4.9700 4.9649 5.04137710604
4.9800 4.9549 5.05152072195
4.9900 4.9450 5.06166433786
5.0000 4.9352 5.07180795377
5.1000 4.8386 5.17324411284
5.1100 4.8292 5.18338772875
5.1200 4.8198 5.19353134466
5.1300 4.8104 5.20367496056
5.1400 4.8011 5.21381857647
5.1500 4.7918 5.22396219238
5.1600 4.7825 5.23410580829
5.1700 4.7733 5.24424942419
5.1800 4.7641 5.2543930401
5.1900 4.7549 5.26453665601
5.2000 4.7458 5.27468027192
5.2100 4.7367 5.28482388783
5.2200 4.7277 5.29496750373
5.2300 4.7187 5.30511111964
5.2400 4.7097 5.31525473555
5.2500 4.7007 5.32539835146
5.2600 4.6918 5.33554196736
5.2700 4.6829 5.34568558327
5.2800 4.6741 5.35582919918
5.2900 4.6653 5.36597281509
5.3000 4.6565 5.37611643099
5.3100 4.6477 5.3862600469
5.3200 4.6390 5.39640366281
5.3300 4.6303 5.40654727872
5.3400 4.6217 5.41669089462
5.3500 4.6131 5.42683451053
5.3600 4.6045 5.43697812644
5.3700 4.5959 5.44712174235
5.3800 4.5874 5.45726535825
5.3900 4.5789 5.46740897416
5.4000 4.5705 5.47755259007
5.4100 4.5620 5.48769620598
5.4200 4.5537 5.49783982188
5.4300 4.5453 5.50798343779
5.4400 4.5370 5.5181270537
5.4500 4.5286 5.52827066961
5.4600 4.5204 5.53841428551
5.4700 4.5121 5.54855790142
5.4800 4.5039 5.55870151733
5.4900 4.4957 5.56884513324
5.5000 4.4876 5.57898874914
5.5100 4.4795 5.58913236505
5.5200 4.4714 5.59927598096
5.5300 4.4633 5.60941959687
5.5400 4.4553 5.61956321277
5.5500 4.4473 5.62970682868
5.5600 4.4393 5.63985044459
5.5700 4.4313 5.6499940605
5.5800 4.4234 5.6601376764
5.5900 4.4155 5.67028129231
5.6000 4.4077 5.68042490822
5.6100 4.3998 5.69056852413
5.6200 4.3920 5.70071214003
5.6300 4.3842 5.71085575594
5.6400 4.3765 5.72099937185
5.6500 4.3688 5.73114298776
5.6600 4.3611 5.74128660366
5.6700 4.3534 5.75143021957
5.6800 4.3457 5.76157383548
5.6900 4.3381 5.77171745139
5.7000 4.3305 5.78186106729
5.7100 4.3230 5.7920046832
5.7200 4.3154 5.80214829911
5.7300 4.3079 5.81229191502
5.7400 4.3004 5.82243553092
5.7500 4.2930 5.83257914683
5.7600 4.2856 5.84272276274
5.7700 4.2781 5.85286637865
5.7800 4.2708 5.86300999455
5.7900 4.2634 5.87315361046
5.8000 4.2561 5.88329722637
5.8100 4.2488 5.89344084228
5.8200 4.2415 5.90358445818
5.8300 4.2342 5.91372807409
5.8400 4.2270 5.92387169
5.8500 4.2198 5.93401530591
5.8600 4.2126 5.94415892181
5.8700 4.2055 5.95430253772
5.8800 4.1983 5.96444615363
5.8900 4.1912 5.97458976954
5.9000 4.1841 5.98473338544
5.9100 4.1771 5.99487700135
5.9200 4.1700 6.00502061726
5.9300 4.1630 6.01516423317
5.9400 4.1560 6.02530784907
5.9500 4.1491 6.03545146498
5.9600 4.1421 6.04559508089
5.9700 4.1352 6.0557386968
5.9800 4.1283 6.06588231271
5.9900 4.1215 6.07602592861
6.0000 4.1146 6.08616954452
6.0100 4.1078 6.09631316043
6.0200 4.1010 6.10645677634
6.0300 4.0942 6.11660039224
6.0400 4.0874 6.12674400815
6.0500 4.0807 6.13688762406
6.0600 4.0740 6.14703123997
6.0700 4.0673 6.15717485587
6.0800 4.0606 6.16731847178
6.0900 4.0540 6.17746208769
6.1000 4.0473 6.1876057036
6.1100 4.0407 6.1977493195
6.1200 4.0342 6.20789293541
6.1300 4.0276 6.21803655132
6.1400 4.0211 6.22818016723
6.1500 4.0145 6.23832378313
6.1600 4.0080 6.24846739904
6.1700 4.0016 6.25861101495
6.1800 3.9951 6.26875463086
6.1900 3.9887 6.27889824676
6.2000 3.9823 6.28904186267
6.2100 3.9759 6.29918547858
6.2200 3.9695 6.30932909449
6.2300 3.9631 6.31947271039
6.2400 3.9568 6.3296163263
6.2500 3.9505 6.33975994221
6.2600 3.9442 6.34990355812
6.2700 3.9379 6.36004717402
6.2800 3.9317 6.37019078993
6.2900 3.9254 6.38033440584
6.3000 3.9192 6.39047802175
6.3100 3.9130 6.40062163765
6.3200 3.9069 6.41076525356
6.3300 3.9007 6.42090886947
6.3400 3.8946 6.43105248538
6.3500 3.8885 6.44119610128
6.3600 3.8824 6.45133971719
6.3700 3.8763 6.4614833331
6.3800 3.8702 6.47162694901
6.3900 3.8642 6.48177056491
6.4000 3.8582 6.49191418082
6.4100 3.8522 6.50205779673
6.4200 3.8462 6.51220141264
6.4300 3.8402 6.52234502854
6.4400 3.8343 6.53248864445
6.4500 3.8284 6.54263226036
6.4600 3.8225 6.55277587627
6.4700 3.8166 6.56291949217
6.4800 3.8107 6.57306310808
6.4900 3.8048 6.58320672399
6.5000 3.7990 6.5933503399
6.5100 3.7932 6.6034939558
6.5200 3.7874 6.61363757171
6.5300 3.7816 6.62378118762
6.5400 3.7758 6.63392480353
6.5500 3.7701 6.64406841943
6.5600 3.7644 6.65421203534
6.5700 3.7587 6.66435565125
6.5800 3.7530 6.67449926716
6.5900 3.7473 6.68464288306
6.6000 3.7416 6.69478649897
6.6100 3.7360 6.70493011488
6.6200 3.7304 6.71507373079
6.6300 3.7247 6.72521734669
6.6400 3.7192 6.7353609626
6.6500 3.7136 6.74550457851
6.6600 3.7080 6.75564819442
6.6700 3.7025 6.76579181032
6.6800 3.6970 6.77593542623
6.6900 3.6914 6.78607904214
6.7000 3.6860 6.79622265805
6.7100 3.6805 6.80636627396
6.7200 3.6750 6.81650988986
6.7300 3.6696 6.82665350577
6.7400 3.6642 6.83679712168
6.7500 3.6587 6.84694073759
6.7600 3.6533 6.85708435349
6.7700 3.6480 6.8672279694
6.7800 3.6426 6.87737158531
6.7900 3.6373 6.88751520122
6.8000 3.6319 6.89765881712
6.8100 3.6266 6.90780243303
6.8200 3.6213 6.91794604894
6.8300 3.6160 6.92808966485
6.8400 3.6108 6.93823328075
6.8500 3.6055 6.94837689666
6.8600 3.6003 6.95852051257
6.8700 3.5950 6.96866412848
6.8800 3.5898 6.97880774438
6.8900 3.5846 6.98895136029
6.9000 3.5795 6.9990949762
6.9100 3.5743 7.00923859211
6.9200 3.5691 7.01938220801
6.9300 3.5640 7.02952582392
6.9400 3.5589 7.03966943983
6.9500 3.5538 7.04981305574
6.9600 3.5487 7.05995667164
6.9700 3.5436 7.07010028755
6.9800 3.5386 7.08024390346
6.9900 3.5335 7.09038751937
7.0000 3.5285 7.10053113527
7.0100 3.5235 7.11067475118
7.0200 3.5185 7.12081836709
7.0300 3.5135 7.130961983
7.0400 3.5085 7.1411055989
7.0500 3.5036 7.15124921481
7.0600 3.4986 7.16139283072
7.0700 3.4937 7.17153644663
7.0800 3.4888 7.18168006253
7.0900 3.4839 7.19182367844
7.1000 3.4790 7.20196729435
7.1100 3.4741 7.21211091026
7.1200 3.4692 7.22225452616
7.1300 3.4644 7.23239814207
7.1400 3.4595 7.24254175798
7.1500 3.4547 7.25268537389
7.1600 3.4499 7.26282898979
7.1700 3.4451 7.2729726057
7.1800 3.4403 7.28311622161
7.1900 3.4356 7.29325983752
7.2000 3.4308 7.30340345342
7.2100 3.4261 7.31354706933
7.2200 3.4213 7.32369068524
7.2300 3.4166 7.33383430115
7.2400 3.4119 7.34397791705
7.2500 3.4072 7.35412153296
7.2600 3.4026 7.36426514887
7.2700 3.3979 7.37440876478
7.2800 3.3932 7.38455238068
7.2900 3.3886 7.39469599659
7.3000 3.3840 7.4048396125
7.3100 3.3794 7.41498322841
7.3200 3.3748 7.42512684431
7.3300 3.3702 7.43527046022
7.3400 3.3656 7.44541407613
7.3500 3.3610 7.45555769204
7.3600 3.3565 7.46570130794
7.3700 3.3519 7.47584492385
7.3800 3.3474 7.48598853976
7.3900 3.3429 7.49613215567
7.4000 3.3384 7.50627577157
7.4100 3.3339 7.51641938748
7.4200 3.3294 7.52656300339
7.4300 3.3250 7.5367066193
7.4400 3.3205 7.54685023521
7.4500 3.3161 7.55699385111
7.4600 3.3116 7.56713746702
7.4700 3.3072 7.57728108293
7.4800 3.3028 7.58742469884
7.4900 3.2984 7.59756831474
7.5000 3.2940 7.60771193065
7.5100 3.2897 7.61785554656
7.5200 3.2853 7.62799916247
7.5300 3.2810 7.63814277837
7.5400 3.2766 7.64828639428
7.5500 3.2723 7.65843001019
7.5600 3.2680 7.6685736261
7.5700 3.2637 7.678717242
7.5800 3.2594 7.68886085791
7.5900 3.2551 7.69900447382
7.6000 3.2509 7.70914808973
7.6100 3.2466 7.71929170563
7.6200 3.2424 7.72943532154
7.6300 3.2381 7.73957893745
7.6400 3.2339 7.74972255336
7.6500 3.2297 7.75986616926
7.6600 3.2255 7.77000978517
7.6700 3.2213 7.78015340108
7.6800 3.2171 7.79029701699
7.6900 3.2130 7.80044063289
7.7000 3.2088 7.8105842488
7.7100 3.2046 7.82072786471
7.7200 3.2005 7.83087148062
7.7300 3.1964 7.84101509652
7.7400 3.1923 7.85115871243
7.7500 3.1882 7.86130232834
7.7600 3.1841 7.87144594425
7.7700 3.1800 7.88158956015
7.7800 3.1759 7.89173317606
7.7900 3.1719 7.90187679197
7.8000 3.1678 7.91202040788
7.8100 3.1638 7.92216402378
7.8200 3.1597 7.93230763969
7.8300 3.1557 7.9424512556
7.8400 3.1517 7.95259487151
7.8500 3.1477 7.96273848741
7.8600 3.1437 7.97288210332
7.8700 3.1397 7.98302571923
7.8800 3.1358 7.99316933514
7.8900 3.1318 8.00331295104
7.9000 3.1279 8.01345656695
7.9100 3.1239 8.02360018286
7.9200 3.1200 8.03374379877
7.9300 3.1161 8.04388741467
7.9400 3.1122 8.05403103058
7.9500 3.1083 8.06417464649
7.9600 3.1044 8.0743182624
7.9700 3.1005 8.0844618783
7.9800 3.0966 8.09460549421
7.9900 3.0928 8.10474911012
8.0000 3.0889 8.11489272603
8.0100 3.0851 8.12503634193
8.0200 3.0812 8.13517995784
8.0300 3.0774 8.14532357375
8.0400 3.0736 8.15546718966
8.0500 3.0698 8.16561080556
8.0600 3.0660 8.17575442147
8.0700 3.0622 8.18589803738
8.0800 3.0584 8.19604165329
8.0900 3.0547 8.20618526919
8.1000 3.0509 8.2163288851
8.1100 3.0472 8.22647250101
8.1200 3.0434 8.23661611692
8.1300 3.0397 8.24675973282
8.1400 3.0360 8.25690334873
8.1500 3.0323 8.26704696464
8.1600 3.0286 8.27719058055
8.1700 3.0249 8.28733419645
8.1800 3.0212 8.29747781236
8.1900 3.0175 8.30762142827
8.2000 3.0139 8.31776504418
8.2100 3.0102 8.32790866009
8.2200 3.0066 8.33805227599
8.2300 3.0029 8.3481958919
8.2400 2.9993 8.35833950781
8.2500 2.9957 8.36848312372
8.2600 2.9920 8.37862673962
8.2700 2.9884 8.38877035553
8.2800 2.9849 8.39891397144
8.2900 2.9813 8.40905758735
8.3000 2.9777 8.41920120325
8.3100 2.9741 8.42934481916
8.3200 2.9706 8.43948843507
8.3300 2.9670 8.44963205098
8.3400 2.9635 8.45977566688
8.3500 2.9599 8.46991928279
8.3600 2.9564 8.4800628987
8.3700 2.9529 8.49020651461
8.3800 2.9494 8.50035013051
8.3900 2.9459 8.51049374642
8.4000 2.9424 8.52063736233
8.4100 2.9389 8.53078097824
8.4200 2.9354 8.54092459414
8.4300 2.9319 8.55106821005
8.4400 2.9285 8.56121182596
8.4500 2.9250 8.57135544187
8.4600 2.9216 8.58149905777
8.4700 2.9182 8.59164267368
8.4800 2.9147 8.60178628959
8.4900 2.9113 8.6119299055
8.5000 2.9079 8.6220735214
8.5100 2.9045 8.63221713731
8.5200 2.9011 8.64236075322
8.5300 2.8977 8.65250436913
8.5400 2.8943 8.66264798503
8.5500 2.8910 8.67279160094
8.5600 2.8876 8.68293521685
8.5700 2.8842 8.69307883276
8.5800 2.8809 8.70322244866
8.5900 2.8776 8.71336606457
8.6000 2.8742 8.72350968048
8.6100 2.8709 8.73365329639
8.6200 2.8676 8.74379691229
8.6300 2.8643 8.7539405282
8.6400 2.8610 8.76408414411
8.6500 2.8577 8.77422776002
8.6600 2.8544 8.78437137592
8.6700 2.8511 8.79451499183
8.6800 2.8478 8.80465860774
8.6900 2.8446 8.81480222365
8.7000 2.8413 8.82494583955
8.7100 2.8381 8.83508945546
8.7200 2.8348 8.84523307137
8.7300 2.8316 8.85537668728
8.7400 2.8284 8.86552030318
8.7500 2.8252 8.87566391909
8.7600 2.8219 8.885807535
8.7700 2.8187 8.89595115091
8.7800 2.8155 8.90609476681
8.7900 2.8124 8.91623838272
8.8000 2.8092 8.92638199863
8.8100 2.8060 8.93652561454
8.8200 2.8028 8.94666923044
8.8300 2.7997 8.95681284635
8.8400 2.7965 8.96695646226
8.8500 2.7934 8.97710007817
8.8600 2.7902 8.98724369407
8.8700 2.7871 8.99738730998
8.8800 2.7840 9.00753092589
8.8900 2.7809 9.0176745418
8.9000 2.7777 9.0278181577
8.9100 2.7746 9.03796177361
8.9200 2.7715 9.04810538952
8.9300 2.7684 9.05824900543
8.9400 2.7654 9.06839262134
8.9500 2.7623 9.07853623724
8.9600 2.7592 9.08867985315
8.9700 2.7562 9.09882346906
8.9800 2.7531 9.10896708497
8.9900 2.7501 9.11911070087
9.0000 2.7470 9.12925431678
9.0100 2.7440 9.13939793269
9.0200 2.7409 9.1495415486
9.0300 2.7379 9.1596851645
9.0400 2.7349 9.16982878041
9.0500 2.7319 9.17997239632
9.0600 2.7289 9.19011601223
9.0700 2.7259 9.20025962813
9.0800 2.7229 9.21040324404
9.0900 2.7199 9.22054685995
9.1000 2.7170 9.23069047586
9.1100 2.7140 9.24083409176
9.1200 2.7110 9.25097770767
9.1300 2.7081 9.26112132358
9.1400 2.7051 9.27126493949
9.1500 2.7022 9.28140855539
9.1600 2.6992 9.2915521713
9.1700 2.6963 9.30169578721
9.1800 2.6934 9.31183940312
9.1900 2.6905 9.32198301902
9.2000 2.6875 9.33212663493
9.2100 2.6846 9.34227025084
9.2200 2.6817 9.35241386675
9.2300 2.6789 9.36255748265
9.2400 2.6760 9.37270109856
9.2500 2.6731 9.38284471447
9.2600 2.6702 9.39298833038
9.2700 2.6673 9.40313194628
9.2800 2.6645 9.41327556219
9.2900 2.6616 9.4234191781
9.3000 2.6588 9.43356279401
9.3100 2.6559 9.44370640991
9.3200 2.6531 9.45385002582
9.3300 2.6503 9.46399364173
9.3400 2.6474 9.47413725764
9.3500 2.6446 9.48428087354
9.3600 2.6418 9.49442448945
9.3700 2.6390 9.50456810536
9.3800 2.6362 9.51471172127
9.3900 2.6334 9.52485533717
9.4000 2.6306 9.53499895308
9.4100 2.6278 9.54514256899
9.4200 2.6251 9.5552861849
9.4300 2.6223 9.5654298008
9.4400 2.6195 9.57557341671
9.4500 2.6168 9.58571703262
9.4600 2.6140 9.59586064853
9.4700 2.6113 9.60600426443
9.4800 2.6085 9.61614788034
9.4900 2.6058 9.62629149625
9.5000 2.6031 9.63643511216
9.5100 2.6003 9.64657872806
9.5200 2.5976 9.65672234397
9.5300 2.5949 9.66686595988
9.5400 2.5922 9.67700957579
9.5500 2.5895 9.68715319169
9.5600 2.5868 9.6972968076
9.5700 2.5841 9.70744042351
9.5800 2.5814 9.71758403942
9.5900 2.5787 9.72772765532
9.6000 2.5761 9.73787127123
9.6100 2.5734 9.74801488714
9.6200 2.5707 9.75815850305
9.6300 2.5681 9.76830211895
9.6400 2.5654 9.77844573486
9.6500 2.5628 9.78858935077
9.6600 2.5601 9.79873296668
9.6700 2.5575 9.80887658259
9.6800 2.5549 9.81902019849
9.6900 2.5522 9.8291638144
9.7000 2.5496 9.83930743031
9.7100 2.5470 9.84945104622
9.7200 2.5444 9.85959466212
9.7300 2.5418 9.86973827803
9.7400 2.5392 9.87988189394
9.7500 2.5366 9.89002550985
9.7600 2.5340 9.90016912575
9.7700 2.5314 9.91031274166
9.7800 2.5289 9.92045635757
9.7900 2.5263 9.93059997348
9.8000 2.5237 9.94074358938
9.8100 2.5212 9.95088720529
9.8200 2.5186 9.9610308212
9.8300 2.5161 9.97117443711
9.8400 2.5135 9.98131805301
9.8500 2.5110 9.99146166892
9.8600 2.5084 10.0016052848
9.8700 2.5059 10.0117489007
9.8800 2.5034 10.0218925166
9.8900 2.5009 10.0320361326
9.9000 2.4984 10.0421797485
9.9100 2.4958 10.0523233644
9.9200 2.4933 10.0624669803
9.9300 2.4908 10.0726105962
9.9400 2.4883 10.0827542121
9.9500 2.4859 10.092897828
9.9600 2.4834 10.1030414439
9.9700 2.4809 10.1131850598
9.9800 2.4784 10.1233286757
9.9900 2.4760 10.1334722916
10.000 2.4735 10.1436159075
10.100 2.4491 10.2450520666
10.110 2.4467 10.2551956825
10.120 2.4443 10.2653392984
10.130 2.4419 10.2754829143
10.140 2.4395 10.2856265302
10.150 2.4371 10.2957701461
10.160 2.4347 10.3059137621
10.170 2.4323 10.316057378
10.180 2.4300 10.3262009939
10.190 2.4276 10.3363446098
10.200 2.4252 10.3464882257
10.210 2.4229 10.3566318416
10.220 2.4205 10.3667754575
10.230 2.4181 10.3769190734
10.240 2.4158 10.3870626893
10.250 2.4134 10.3972063052
10.260 2.4111 10.4073499211
10.270 2.4088 10.417493537
10.280 2.4064 10.4276371529
10.290 2.4041 10.4377807689
10.300 2.4018 10.4479243848
10.310 2.3995 10.4580680007
10.320 2.3972 10.4682116166
10.330 2.3948 10.4783552325
10.340 2.3925 10.4884988484
10.350 2.3902 10.4986424643
10.360 2.3879 10.5087860802
10.370 2.3857 10.5189296961
10.380 2.3834 10.529073312
10.390 2.3811 10.5392169279
10.400 2.3788 10.5493605438
10.410 2.3765 10.5595041597
10.420 2.3743 10.5696477757
10.430 2.3720 10.5797913916
10.440 2.3697 10.5899350075
10.450 2.3675 10.6000786234
10.460 2.3652 10.6102222393
10.470 2.3630 10.6203658552
10.480 2.3607 10.6305094711
10.490 2.3585 10.640653087
10.500 2.3563 10.6507967029
10.510 2.3540 10.6609403188
10.520 2.3518 10.6710839347
10.530 2.3496 10.6812275506
10.540 2.3474 10.6913711665
10.550 2.3452 10.7015147824
10.560 2.3429 10.7116583984
10.570 2.3407 10.7218020143
10.580 2.3385 10.7319456302
10.590 2.3363 10.7420892461
10.600 2.3341 10.752232862
10.610 2.3320 10.7623764779
10.620 2.3298 10.7725200938
10.630 2.3276 10.7826637097
10.640 2.3254 10.7928073256
10.650 2.3232 10.8029509415
10.660 2.3211 10.8130945574
10.670 2.3189 10.8232381733
10.680 2.3168 10.8333817892
10.690 2.3146 10.8435254052
10.700 2.3124 10.8536690211
10.710 2.3103 10.863812637
10.720 2.3082 10.8739562529
10.730 2.3060 10.8840998688
10.740 2.3039 10.8942434847
10.750 2.3017 10.9043871006
10.760 2.2996 10.9145307165
10.770 2.2975 10.9246743324
10.780 2.2954 10.9348179483
10.790 2.2933 10.9449615642
10.800 2.2911 10.9551051801
10.810 2.2890 10.965248796
10.820 2.2869 10.975392412
10.830 2.2848 10.9855360279
10.840 2.2827 10.9956796438
10.850 2.2806 11.0058232597
10.860 2.2786 11.0159668756
10.870 2.2765 11.0261104915
10.880 2.2744 11.0362541074
10.890 2.2723 11.0463977233
10.900 2.2702 11.0565413392
10.910 2.2682 11.0666849551
10.920 2.2661 11.076828571
10.930 2.2640 11.0869721869
10.940 2.2620 11.0971158028
10.950 2.2599 11.1072594187
10.960 2.2579 11.1174030347
10.970 2.2558 11.1275466506
10.980 2.2538 11.1376902665
10.990 2.2517 11.1478338824
11.000 2.2497 11.1579774983
11.010 2.2477 11.1681211142
11.020 2.2456 11.1782647301
11.030 2.2436 11.188408346
11.040 2.2416 11.1985519619
11.050 2.2396 11.2086955778
11.060 2.2376 11.2188391937
11.070 2.2356 11.2289828096
11.080 2.2335 11.2391264255
11.090 2.2315 11.2492700415
11.100 2.2295 11.2594136574
11.110 2.2275 11.2695572733
11.120 2.2256 11.2797008892
11.130 2.2236 11.2898445051
11.140 2.2216 11.299988121
11.150 2.2196 11.3101317369
11.160 2.2176 11.3202753528
11.170 2.2156 11.3304189687
11.180 2.2137 11.3405625846
11.190 2.2117 11.3507062005
11.200 2.2097 11.3608498164
11.210 2.2078 11.3709934323
11.220 2.2058 11.3811370483
11.230 2.2039 11.3912806642
11.240 2.2019 11.4014242801
11.250 2.2000 11.411567896
11.260 2.1980 11.4217115119
11.270 2.1961 11.4318551278
11.280 2.1942 11.4419987437
11.290 2.1922 11.4521423596
11.300 2.1903 11.4622859755
11.310 2.1884 11.4724295914
11.320 2.1864 11.4825732073
11.330 2.1845 11.4927168232
11.340 2.1826 11.5028604391
11.350 2.1807 11.5130040551
11.360 2.1788 11.523147671
11.370 2.1769 11.5332912869
11.380 2.1750 11.5434349028
11.390 2.1731 11.5535785187
11.400 2.1712 11.5637221346
11.410 2.1693 11.5738657505
11.420 2.1674 11.5840093664
11.430 2.1655 11.5941529823
11.440 2.1636 11.6042965982
11.450 2.1617 11.6144402141
11.460 2.1599 11.62458383
11.470 2.1580 11.6347274459
11.480 2.1561 11.6448710618
11.490 2.1543 11.6550146778
11.500 2.1524 11.6651582937
11.510 2.1505 11.6753019096
11.520 2.1487 11.6854455255
11.530 2.1468 11.6955891414
11.540 2.1450 11.7057327573
11.550 2.1431 11.7158763732
11.560 2.1413 11.7260199891
11.570 2.1395 11.736163605
11.580 2.1376 11.7463072209
11.590 2.1358 11.7564508368
11.600 2.1339 11.7665944527
11.610 2.1321 11.7767380686
11.620 2.1303 11.7868816846
11.630 2.1285 11.7970253005
11.640 2.1267 11.8071689164
11.650 2.1248 11.8173125323
11.660 2.1230 11.8274561482
11.670 2.1212 11.8375997641
11.680 2.1194 11.84774338
11.690 2.1176 11.8578869959
11.700 2.1158 11.8680306118
11.710 2.1140 11.8781742277
11.720 2.1122 11.8883178436
11.730 2.1104 11.8984614595
11.740 2.1086 11.9086050754
11.750 2.1069 11.9187486914
11.760 2.1051 11.9288923073
11.770 2.1033 11.9390359232
11.780 2.1015 11.9491795391
11.790 2.0998 11.959323155
11.800 2.0980 11.9694667709
11.810 2.0962 11.9796103868
11.820 2.0945 11.9897540027
11.830 2.0927 11.9998976186
11.840 2.0909 12.0100412345
11.850 2.0892 12.0201848504
11.860 2.0874 12.0303284663
11.870 2.0857 12.0404720822
11.880 2.0839 12.0506156981
11.890 2.0822 12.0607593141
11.900 2.0805 12.07090293
11.910 2.0787 12.0810465459
11.920 2.0770 12.0911901618
11.930 2.0752 12.1013337777
11.940 2.0735 12.1114773936
11.950 2.0718 12.1216210095
11.960 2.0701 12.1317646254
11.970 2.0684 12.1419082413
11.980 2.0666 12.1520518572
11.990 2.0649 12.1621954731
12.000 2.0632 12.172339089
12.010 2.0615 12.1824827049
12.020 2.0598 12.1926263209
12.030 2.0581 12.2027699368
12.040 2.0564 12.2129135527
12.050 2.0547 12.2230571686
12.060 2.0530 12.2332007845
12.070 2.0513 12.2433444004
12.080 2.0496 12.2534880163
12.090 2.0479 12.2636316322
12.100 2.0463 12.2737752481
12.110 2.0446 12.283918864
12.120 2.0429 12.2940624799
12.130 2.0412 12.3042060958
12.140 2.0396 12.3143497117
12.150 2.0379 12.3244933277
12.160 2.0362 12.3346369436
12.170 2.0346 12.3447805595
12.180 2.0329 12.3549241754
12.190 2.0312 12.3650677913
12.200 2.0296 12.3752114072
12.210 2.0279 12.3853550231
12.220 2.0263 12.395498639
12.230 2.0246 12.4056422549
12.240 2.0230 12.4157858708
12.250 2.0213 12.4259294867
12.260 2.0197 12.4360731026
12.270 2.0181 12.4462167185
12.280 2.0164 12.4563603345
12.290 2.0148 12.4665039504
12.300 2.0132 12.4766475663
12.310 2.0116 12.4867911822
12.320 2.0099 12.4969347981
12.330 2.0083 12.507078414
12.340 2.0067 12.5172220299
12.350 2.0051 12.5273656458
12.360 2.0035 12.5375092617
12.370 2.0019 12.5476528776
12.380 2.0002 12.5577964935
12.390 1.9986 12.5679401094
12.400 1.9970 12.5780837253
12.410 1.9954 12.5882273412
12.420 1.9938 12.5983709572
12.430 1.9922 12.6085145731
12.440 1.9907 12.618658189
12.450 1.9891 12.6288018049
12.460 1.9875 12.6389454208
12.470 1.9859 12.6490890367
12.480 1.9843 12.6592326526
12.490 1.9827 12.6693762685
12.500 1.9812 12.6795198844
12.510 1.9796 12.6896635003
12.520 1.9780 12.6998071162
12.530 1.9764 12.7099507321
12.540 1.9749 12.720094348
12.550 1.9733 12.730237964
12.560 1.9717 12.7403815799
12.570 1.9702 12.7505251958
12.580 1.9686 12.7606688117
12.590 1.9671 12.7708124276
12.600 1.9655 12.7809560435
12.610 1.9640 12.7910996594
12.620 1.9624 12.8012432753
12.630 1.9609 12.8113868912
12.640 1.9593 12.8215305071
12.650 1.9578 12.831674123
12.660 1.9563 12.8418177389
12.670 1.9547 12.8519613548
12.680 1.9532 12.8621049708
12.690 1.9517 12.8722485867
12.700 1.9501 12.8823922026
12.710 1.9486 12.8925358185
12.720 1.9471 12.9026794344
12.730 1.9456 12.9128230503
12.740 1.9441 12.9229666662
12.750 1.9425 12.9331102821
12.760 1.9410 12.943253898
12.770 1.9395 12.9533975139
12.780 1.9380 12.9635411298
12.790 1.9365 12.9736847457
12.800 1.9350 12.9838283616
12.810 1.9335 12.9939719776
12.820 1.9320 13.0041155935
12.830 1.9305 13.0142592094
12.840 1.9290 13.0244028253
12.850 1.9275 13.0345464412
12.860 1.9260 13.0446900571
12.870 1.9245 13.054833673
12.880 1.9231 13.0649772889
12.890 1.9216 13.0751209048
12.900 1.9201 13.0852645207
12.910 1.9186 13.0954081366
12.920 1.9171 13.1055517525
12.930 1.9157 13.1156953684
12.940 1.9142 13.1258389843
12.950 1.9127 13.1359826003
12.960 1.9113 13.1461262162
12.970 1.9098 13.1562698321
12.980 1.9083 13.166413448
12.990 1.9069 13.1765570639
13.000 1.9054 13.1867006798
13.010 1.9040 13.1968442957
13.020 1.9025 13.2069879116
13.030 1.9011 13.2171315275
13.040 1.8996 13.2272751434
13.050 1.8982 13.2374187593
13.060 1.8967 13.2475623752
13.070 1.8953 13.2577059911
13.080 1.8938 13.2678496071
13.090 1.8924 13.277993223
13.100 1.8910 13.2881368389
13.110 1.8895 13.2982804548
13.120 1.8881 13.3084240707
13.130 1.8867 13.3185676866
13.140 1.8852 13.3287113025
13.150 1.8838 13.3388549184
13.160 1.8824 13.3489985343
13.170 1.8810 13.3591421502
13.180 1.8796 13.3692857661
13.190 1.8781 13.379429382
13.200 1.8767 13.3895729979
13.210 1.8753 13.3997166139
13.220 1.8739 13.4098602298
13.230 1.8725 13.4200038457
13.240 1.8711 13.4301474616
13.250 1.8697 13.4402910775
13.260 1.8683 13.4504346934
13.270 1.8669 13.4605783093
13.280 1.8655 13.4707219252
13.290 1.8641 13.4808655411
13.300 1.8627 13.491009157
13.310 1.8613 13.5011527729
13.320 1.8599 13.5112963888
13.330 1.8585 13.5214400047
13.340 1.8572 13.5315836206
13.350 1.8558 13.5417272366
13.360 1.8544 13.5518708525
13.370 1.8530 13.5620144684
13.380 1.8516 13.5721580843
13.390 1.8503 13.5823017002
13.400 1.8489 13.5924453161
13.410 1.8475 13.602588932
13.420 1.8462 13.6127325479
13.430 1.8448 13.6228761638
13.440 1.8434 13.6330197797
13.450 1.8421 13.6431633956
13.460 1.8407 13.6533070115
13.470 1.8393 13.6634506274
13.480 1.8380 13.6735942434
13.490 1.8366 13.6837378593
13.500 1.8353 13.6938814752
13.510 1.8339 13.7040250911
13.520 1.8326 13.714168707
13.530 1.8312 13.7243123229
13.540 1.8299 13.7344559388
13.550 1.8286 13.7445995547
13.560 1.8272 13.7547431706
13.570 1.8259 13.7648867865
13.580 1.8245 13.7750304024
13.590 1.8232 13.7851740183
13.600 1.8219 13.7953176342
13.610 1.8205 13.8054612502
13.620 1.8192 13.8156048661
13.630 1.8179 13.825748482
13.640 1.8166 13.8358920979
13.650 1.8152 13.8460357138
13.660 1.8139 13.8561793297
13.670 1.8126 13.8663229456
13.680 1.8113 13.8764665615
13.690 1.8100 13.8866101774
13.700 1.8087 13.8967537933
13.710 1.8074 13.9068974092
13.720 1.8060 13.9170410251
13.730 1.8047 13.927184641
13.740 1.8034 13.937328257
13.750 1.8021 13.9474718729
13.760 1.8008 13.9576154888
13.770 1.7995 13.9677591047
13.780 1.7982 13.9779027206
13.790 1.7969 13.9880463365
13.800 1.7956 13.9981899524
13.810 1.7943 14.0083335683
13.820 1.7931 14.0184771842
13.830 1.7918 14.0286208001
13.840 1.7905 14.038764416
13.850 1.7892 14.0489080319
13.860 1.7879 14.0590516478
13.870 1.7866 14.0691952637
13.880 1.7854 14.0793388797
13.890 1.7841 14.0894824956
13.900 1.7828 14.0996261115
13.910 1.7815 14.1097697274
13.920 1.7803 14.1199133433
13.930 1.7790 14.1300569592
13.940 1.7777 14.1402005751
13.950 1.7765 14.150344191
13.960 1.7752 14.1604878069
13.970 1.7739 14.1706314228
13.980 1.7727 14.1807750387
13.990 1.7714 14.1909186546
14.000 1.7702 14.2010622705
14.010 1.7689 14.2112058865
14.020 1.7676 14.2213495024
14.030 1.7664 14.2314931183
14.040 1.7651 14.2416367342
14.050 1.7639 14.2517803501
14.060 1.7627 14.261923966
14.070 1.7614 14.2720675819
14.080 1.7602 14.2822111978
14.090 1.7589 14.2923548137
14.100 1.7577 14.3024984296
14.110 1.7564 14.3126420455
14.120 1.7552 14.3227856614
14.130 1.7540 14.3329292773
14.140 1.7527 14.3430728933
14.150 1.7515 14.3532165092
14.160 1.7503 14.3633601251
14.170 1.7491 14.373503741
14.180 1.7478 14.3836473569
14.190 1.7466 14.3937909728
14.200 1.7454 14.4039345887
14.210 1.7442 14.4140782046
14.220 1.7430 14.4242218205
14.230 1.7417 14.4343654364
14.240 1.7405 14.4445090523
14.250 1.7393 14.4546526682
14.260 1.7381 14.4647962841
14.270 1.7369 14.4749399001
14.280 1.7357 14.485083516
14.290 1.7345 14.4952271319
14.300 1.7333 14.5053707478
14.310 1.7321 14.5155143637
14.320 1.7309 14.5256579796
14.330 1.7297 14.5358015955
14.340 1.7285 14.5459452114
14.350 1.7273 14.5560888273
14.360 1.7261 14.5662324432
14.370 1.7249 14.5763760591
14.380 1.7237 14.586519675
14.390 1.7225 14.5966632909
14.400 1.7213 14.6068069068
14.410 1.7201 14.6169505228
14.420 1.7189 14.6270941387
14.430 1.7178 14.6372377546
14.440 1.7166 14.6473813705
14.450 1.7154 14.6575249864
14.460 1.7142 14.6676686023
14.470 1.7130 14.6778122182
14.480 1.7119 14.6879558341
14.490 1.7107 14.69809945
14.500 1.7095 14.7082430659
14.510 1.7084 14.7183866818
14.520 1.7072 14.7285302977
14.530 1.7060 14.7386739136
14.540 1.7049 14.7488175296
14.550 1.7037 14.7589611455
14.560 1.7025 14.7691047614
14.570 1.7014 14.7792483773
14.580 1.7002 14.7893919932
14.590 1.6991 14.7995356091
14.600 1.6979 14.809679225
14.610 1.6967 14.8198228409
14.620 1.6956 14.8299664568
14.630 1.6944 14.8401100727
14.640 1.6933 14.8502536886
14.650 1.6921 14.8603973045
14.660 1.6910 14.8705409204
14.670 1.6899 14.8806845364
14.680 1.6887 14.8908281523
14.690 1.6876 14.9009717682
14.700 1.6864 14.9111153841
14.710 1.6853 14.921259
14.720 1.6842 14.9314026159
14.730 1.6830 14.9415462318
14.740 1.6819 14.9516898477
14.750 1.6808 14.9618334636
14.760 1.6796 14.9719770795
14.770 1.6785 14.9821206954
14.780 1.6774 14.9922643113
14.790 1.6762 15.0024079272
14.800 1.6751 15.0125515431
14.810 1.6740 15.0226951591
14.820 1.6729 15.032838775
14.830 1.6717 15.0429823909
14.840 1.6706 15.0531260068
14.850 1.6695 15.0632696227
14.860 1.6684 15.0734132386
14.870 1.6673 15.0835568545
14.880 1.6662 15.0937004704
14.890 1.6651 15.1038440863
14.900 1.6640 15.1139877022
14.910 1.6628 15.1241313181
14.920 1.6617 15.134274934
14.930 1.6606 15.1444185499
14.940 1.6595 15.1545621659
14.950 1.6584 15.1647057818
14.960 1.6573 15.1748493977
14.970 1.6562 15.1849930136
14.980 1.6551 15.1951366295
14.990 1.6540 15.2052802454
15.000 1.6529 15.2154238613
15.100 1.6421 15.3168600204
15.110 1.6410 15.3270036363
15.120 1.6399 15.3371472522
15.130 1.6388 15.3472908681
15.140 1.6378 15.357434484
15.150 1.6367 15.3675780999
15.160 1.6356 15.3777217158
15.170 1.6345 15.3878653317
15.180 1.6335 15.3980089476
15.190 1.6324 15.4081525635
15.200 1.6313 15.4182961795
15.210 1.6303 15.4284397954
15.220 1.6292 15.4385834113
15.230 1.6282 15.4487270272
15.240 1.6271 15.4588706431
15.250 1.6260 15.469014259
15.260 1.6250 15.4791578749
15.270 1.6239 15.4893014908
15.280 1.6229 15.4994451067
15.290 1.6218 15.5095887226
15.300 1.6208 15.5197323385
15.310 1.6197 15.5298759544
15.320 1.6187 15.5400195703
15.330 1.6176 15.5501631862
15.340 1.6166 15.5603068022
15.350 1.6155 15.5704504181
15.360 1.6145 15.580594034
15.370 1.6134 15.5907376499
15.380 1.6124 15.6008812658
15.390 1.6113 15.6110248817
15.400 1.6103 15.6211684976
15.410 1.6093 15.6313121135
15.420 1.6082 15.6414557294
15.430 1.6072 15.6515993453
15.440 1.6062 15.6617429612
15.450 1.6051 15.6718865771
15.460 1.6041 15.682030193
15.470 1.6031 15.692173809
15.480 1.6020 15.7023174249
15.490 1.6010 15.7124610408
15.500 1.6000 15.7226046567
15.510 1.5990 15.7327482726
15.520 1.5980 15.7428918885
15.530 1.5969 15.7530355044
15.540 1.5959 15.7631791203
15.550 1.5949 15.7733227362
15.560 1.5939 15.7834663521
15.570 1.5929 15.793609968
15.580 1.5918 15.8037535839
15.590 1.5908 15.8138971998
15.600 1.5898 15.8240408158
15.610 1.5888 15.8341844317
15.620 1.5878 15.8443280476
15.630 1.5868 15.8544716635
15.640 1.5858 15.8646152794
15.650 1.5848 15.8747588953
15.660 1.5838 15.8849025112
15.670 1.5828 15.8950461271
15.680 1.5818 15.905189743
15.690 1.5808 15.9153333589
15.700 1.5798 15.9254769748
15.710 1.5788 15.9356205907
15.720 1.5778 15.9457642066
15.730 1.5768 15.9559078226
15.740 1.5758 15.9660514385
15.750 1.5748 15.9761950544
15.760 1.5738 15.9863386703
15.770 1.5728 15.9964822862
15.780 1.5718 16.0066259021
15.790 1.5708 16.016769518
15.800 1.5698 16.0269131339
15.810 1.5689 16.0370567498
15.820 1.5679 16.0472003657
15.830 1.5669 16.0573439816
15.840 1.5659 16.0674875975
15.850 1.5649 16.0776312134
15.860 1.5639 16.0877748293
15.870 1.5630 16.0979184453
15.880 1.5620 16.1080620612
15.890 1.5610 16.1182056771
15.900 1.5600 16.128349293
15.910 1.5591 16.1384929089
15.920 1.5581 16.1486365248
15.930 1.5571 16.1587801407
15.940 1.5562 16.1689237566
15.950 1.5552 16.1790673725
15.960 1.5542 16.1892109884
15.970 1.5533 16.1993546043
15.980 1.5523 16.2094982202
15.990 1.5513 16.2196418361
16.000 1.5504 16.2297854521
16.010 1.5494 16.239929068
16.020 1.5484 16.2500726839
16.030 1.5475 16.2602162998
16.040 1.5465 16.2703599157
16.050 1.5456 16.2805035316
16.060 1.5446 16.2906471475
16.070 1.5437 16.3007907634
16.080 1.5427 16.3109343793
16.090 1.5418 16.3210779952
16.100 1.5408 16.3312216111
16.110 1.5399 16.341365227
16.120 1.5389 16.3515088429
16.130 1.5380 16.3616524589
16.140 1.5370 16.3717960748
16.150 1.5361 16.3819396907
16.160 1.5351 16.3920833066
16.170 1.5342 16.4022269225
16.180 1.5333 16.4123705384
16.190 1.5323 16.4225141543
16.200 1.5314 16.4326577702
16.210 1.5304 16.4428013861
16.220 1.5295 16.452945002
16.230 1.5286 16.4630886179
16.240 1.5276 16.4732322338
16.250 1.5267 16.4833758497
16.260 1.5258 16.4935194656
16.270 1.5248 16.5036630816
16.280 1.5239 16.5138066975
16.290 1.5230 16.5239503134
16.300 1.5221 16.5340939293
16.310 1.5211 16.5442375452
16.320 1.5202 16.5543811611
16.330 1.5193 16.564524777
16.340 1.5184 16.5746683929
16.350 1.5174 16.5848120088
16.360 1.5165 16.5949556247
16.370 1.5156 16.6050992406
16.380 1.5147 16.6152428565
16.390 1.5138 16.6253864724
16.400 1.5128 16.6355300884
16.410 1.5119 16.6456737043
16.420 1.5110 16.6558173202
16.430 1.5101 16.6659609361
16.440 1.5092 16.676104552
16.450 1.5083 16.6862481679
16.460 1.5074 16.6963917838
16.470 1.5065 16.7065353997
16.480 1.5056 16.7166790156
16.490 1.5047 16.7268226315
16.500 1.5037 16.7369662474
16.510 1.5028 16.7471098633
16.520 1.5019 16.7572534792
16.530 1.5010 16.7673970952
16.540 1.5001 16.7775407111
16.550 1.4992 16.787684327
16.560 1.4983 16.7978279429
16.570 1.4974 16.8079715588
16.580 1.4965 16.8181151747
16.590 1.4957 16.8282587906
16.600 1.4948 16.8384024065
16.610 1.4939 16.8485460224
16.620 1.4930 16.8586896383
16.630 1.4921 16.8688332542
16.640 1.4912 16.8789768701
16.650 1.4903 16.889120486
16.660 1.4894 16.899264102
16.670 1.4885 16.9094077179
16.680 1.4876 16.9195513338
16.690 1.4868 16.9296949497
16.700 1.4859 16.9398385656
16.710 1.4850 16.9499821815
16.720 1.4841 16.9601257974
16.730 1.4832 16.9702694133
16.740 1.4824 16.9804130292
16.750 1.4815 16.9905566451
16.760 1.4806 17.000700261
16.770 1.4797 17.0108438769
16.780 1.4789 17.0209874928
16.790 1.4780 17.0311311087
16.800 1.4771 17.0412747247
16.810 1.4762 17.0514183406
16.820 1.4754 17.0615619565
16.830 1.4745 17.0717055724
16.840 1.4736 17.0818491883
16.850 1.4728 17.0919928042
16.860 1.4719 17.1021364201
16.870 1.4710 17.112280036
16.880 1.4702 17.1224236519
16.890 1.4693 17.1325672678
16.900 1.4684 17.1427108837
16.910 1.4676 17.1528544996
16.920 1.4667 17.1629981155
16.930 1.4659 17.1731417315
16.940 1.4650 17.1832853474
16.950 1.4641 17.1934289633
16.960 1.4633 17.2035725792
16.970 1.4624 17.2137161951
16.980 1.4616 17.223859811
16.990 1.4607 17.2340034269
17.000 1.4599 17.2441470428
17.010 1.4590 17.2542906587
17.020 1.4582 17.2644342746
17.030 1.4573 17.2745778905
17.040 1.4565 17.2847215064
17.050 1.4556 17.2948651223
17.060 1.4548 17.3050087383
17.070 1.4539 17.3151523542
17.080 1.4531 17.3252959701
17.090 1.4522 17.335439586
17.100 1.4514 17.3455832019
17.110 1.4506 17.3557268178
17.120 1.4497 17.3658704337
17.130 1.4489 17.3760140496
17.140 1.4480 17.3861576655
17.150 1.4472 17.3963012814
17.160 1.4464 17.4064448973
17.170 1.4455 17.4165885132
17.180 1.4447 17.4267321291
17.190 1.4439 17.4368757451
17.200 1.4430 17.447019361
17.210 1.4422 17.4571629769
17.220 1.4414 17.4673065928
17.230 1.4405 17.4774502087
17.240 1.4397 17.4875938246
17.250 1.4389 17.4977374405
17.260 1.4381 17.5078810564
17.270 1.4372 17.5180246723
17.280 1.4364 17.5281682882
17.290 1.4356 17.5383119041
17.300 1.4348 17.54845552
17.310 1.4339 17.5585991359
17.320 1.4331 17.5687427518
17.330 1.4323 17.5788863678
17.340 1.4315 17.5890299837
17.350 1.4307 17.5991735996
17.360 1.4298 17.6093172155
17.370 1.4290 17.6194608314
17.380 1.4282 17.6296044473
17.390 1.4274 17.6397480632
17.400 1.4266 17.6498916791
17.410 1.4258 17.660035295
17.420 1.4250 17.6701789109
17.430 1.4241 17.6803225268
17.440 1.4233 17.6904661427
17.450 1.4225 17.7006097586
17.460 1.4217 17.7107533746
17.470 1.4209 17.7208969905
17.480 1.4201 17.7310406064
17.490 1.4193 17.7411842223
17.500 1.4185 17.7513278382
17.510 1.4177 17.7614714541
17.520 1.4169 17.77161507
17.530 1.4161 17.7817586859
17.540 1.4153 17.7919023018
17.550 1.4145 17.8020459177
17.560 1.4137 17.8121895336
17.570 1.4129 17.8223331495
17.580 1.4121 17.8324767654
17.590 1.4113 17.8426203814
17.600 1.4105 17.8527639973
17.610 1.4097 17.8629076132
17.620 1.4089 17.8730512291
17.630 1.4081 17.883194845
17.640 1.4073 17.8933384609
17.650 1.4065 17.9034820768
17.660 1.4058 17.9136256927
17.670 1.4050 17.9237693086
17.680 1.4042 17.9339129245
17.690 1.4034 17.9440565404
17.700 1.4026 17.9542001563
17.710 1.4018 17.9643437722
17.720 1.4010 17.9744873881
17.730 1.4002 17.9846310041
17.740 1.3995 17.99477462
17.750 1.3987 18.0049182359
17.760 1.3979 18.0150618518
17.770 1.3971 18.0252054677
17.780 1.3963 18.0353490836
17.790 1.3956 18.0454926995
17.800 1.3948 18.0556363154
17.810 1.3940 18.0657799313
17.820 1.3932 18.0759235472
17.830 1.3925 18.0860671631
17.840 1.3917 18.096210779
17.850 1.3909 18.1063543949
17.860 1.3901 18.1164980109
17.870 1.3894 18.1266416268
17.880 1.3886 18.1367852427
17.890 1.3878 18.1469288586
17.900 1.3871 18.1570724745
17.910 1.3863 18.1672160904
17.920 1.3855 18.1773597063
17.930 1.3848 18.1875033222
17.940 1.3840 18.1976469381
17.950 1.3832 18.207790554
17.960 1.3825 18.2179341699
17.970 1.3817 18.2280777858
17.980 1.3809 18.2382214017
17.990 1.3802 18.2483650177
18.000 1.3794 18.2585086336
18.010 1.3787 18.2686522495
18.020 1.3779 18.2787958654
18.030 1.3771 18.2889394813
18.040 1.3764 18.2990830972
18.050 1.3756 18.3092267131
18.060 1.3749 18.319370329
18.070 1.3741 18.3295139449
18.080 1.3734 18.3396575608
18.090 1.3726 18.3498011767
18.100 1.3719 18.3599447926
18.110 1.3711 18.3700884085
18.120 1.3704 18.3802320245
18.130 1.3696 18.3903756404
18.140 1.3689 18.4005192563
18.150 1.3681 18.4106628722
18.160 1.3674 18.4208064881
18.170 1.3666 18.430950104
18.180 1.3659 18.4410937199
18.190 1.3651 18.4512373358
18.200 1.3644 18.4613809517
18.210 1.3637 18.4715245676
18.220 1.3629 18.4816681835
18.230 1.3622 18.4918117994
18.240 1.3614 18.5019554153
18.250 1.3607 18.5120990312
18.260 1.3599 18.5222426472
18.270 1.3592 18.5323862631
18.280 1.3585 18.542529879
18.290 1.3577 18.5526734949
18.300 1.3570 18.5628171108
18.310 1.3563 18.5729607267
18.320 1.3555 18.5831043426
18.330 1.3548 18.5932479585
18.340 1.3541 18.6033915744
18.350 1.3533 18.6135351903
18.360 1.3526 18.6236788062
18.370 1.3519 18.6338224221
18.380 1.3511 18.643966038
18.390 1.3504 18.654109654
18.400 1.3497 18.6642532699
18.410 1.3490 18.6743968858
18.420 1.3482 18.6845405017
18.430 1.3475 18.6946841176
18.440 1.3468 18.7048277335
18.450 1.3461 18.7149713494
18.460 1.3453 18.7251149653
18.470 1.3446 18.7352585812
18.480 1.3439 18.7454021971
18.490 1.3432 18.755545813
18.500 1.3425 18.7656894289
18.510 1.3417 18.7758330448
18.520 1.3410 18.7859766608
18.530 1.3403 18.7961202767
18.540 1.3396 18.8062638926
18.550 1.3389 18.8164075085
18.560 1.3382 18.8265511244
18.570 1.3374 18.8366947403
18.580 1.3367 18.8468383562
18.590 1.3360 18.8569819721
18.600 1.3353 18.867125588
18.610 1.3346 18.8772692039
18.620 1.3339 18.8874128198
18.630 1.3332 18.8975564357
18.640 1.3325 18.9077000516
18.650 1.3318 18.9178436676
18.660 1.3311 18.9279872835
18.670 1.3303 18.9381308994
18.680 1.3296 18.9482745153
18.690 1.3289 18.9584181312
18.700 1.3282 18.9685617471
18.710 1.3275 18.978705363
18.720 1.3268 18.9888489789
18.730 1.3261 18.9989925948
18.740 1.3254 19.0091362107
18.750 1.3247 19.0192798266
18.760 1.3240 19.0294234425
18.770 1.3233 19.0395670584
18.780 1.3226 19.0497106743
18.790 1.3219 19.0598542903
18.800 1.3212 19.0699979062
18.810 1.3205 19.0801415221
18.820 1.3198 19.090285138
18.830 1.3191 19.1004287539
18.840 1.3184 19.1105723698
18.850 1.3178 19.1207159857
18.860 1.3171 19.1308596016
18.870 1.3164 19.1410032175
18.880 1.3157 19.1511468334
18.890 1.3150 19.1612904493
18.900 1.3143 19.1714340652
18.910 1.3136 19.1815776811
18.920 1.3129 19.1917212971
18.930 1.3122 19.201864913
18.940 1.3115 19.2120085289
18.950 1.3109 19.2221521448
18.960 1.3102 19.2322957607
18.970 1.3095 19.2424393766
18.980 1.3088 19.2525829925
18.990 1.3081 19.2627266084
19.000 1.3074 19.2728702243
19.010 1.3068 19.2830138402
19.020 1.3061 19.2931574561
19.030 1.3054 19.303301072
19.040 1.3047 19.3134446879
19.050 1.3040 19.3235883039
19.060 1.3034 19.3337319198
19.070 1.3027 19.3438755357
19.080 1.3020 19.3540191516
19.090 1.3013 19.3641627675
19.100 1.3007 19.3743063834
19.110 1.3000 19.3844499993
19.120 1.2993 19.3945936152
19.130 1.2986 19.4047372311
19.140 1.2980 19.414880847
19.150 1.2973 19.4250244629
19.160 1.2966 19.4351680788
19.170 1.2960 19.4453116947
19.180 1.2953 19.4554553106
19.190 1.2946 19.4655989266
19.200 1.2939 19.4757425425
19.210 1.2933 19.4858861584
19.220 1.2926 19.4960297743
19.230 1.2919 19.5061733902
19.240 1.2913 19.5163170061
19.250 1.2906 19.526460622
19.260 1.2900 19.5366042379
19.270 1.2893 19.5467478538
19.280 1.2886 19.5568914697
19.290 1.2880 19.5670350856
19.300 1.2873 19.5771787015
19.310 1.2866 19.5873223174
19.320 1.2860 19.5974659334
19.330 1.2853 19.6076095493
19.340 1.2847 19.6177531652
19.350 1.2840 19.6278967811
19.360 1.2834 19.638040397
19.370 1.2827 19.6481840129
19.380 1.2820 19.6583276288
19.390 1.2814 19.6684712447
19.400 1.2807 19.6786148606
19.410 1.2801 19.6887584765
19.420 1.2794 19.6989020924
19.430 1.2788 19.7090457083
19.440 1.2781 19.7191893242
19.450 1.2775 19.7293329402
19.460 1.2768 19.7394765561
19.470 1.2762 19.749620172
19.480 1.2755 19.7597637879
19.490 1.2749 19.7699074038
19.500 1.2742 19.7800510197
19.510 1.2736 19.7901946356
19.520 1.2729 19.8003382515
19.530 1.2723 19.8104818674
19.540 1.2716 19.8206254833
19.550 1.2710 19.8307690992
19.560 1.2704 19.8409127151
19.570 1.2697 19.851056331
19.580 1.2691 19.861199947
19.590 1.2684 19.8713435629
19.600 1.2678 19.8814871788
19.610 1.2671 19.8916307947
19.620 1.2665 19.9017744106
19.630 1.2659 19.9119180265
19.640 1.2652 19.9220616424
19.650 1.2646 19.9322052583
19.660 1.2640 19.9423488742
19.670 1.2633 19.9524924901
19.680 1.2627 19.962636106
19.690 1.2620 19.9727797219
19.700 1.2614 19.9829233378
19.710 1.2608 19.9930669537
19.720 1.2601 20.0032105697
19.730 1.2595 20.0133541856
19.740 1.2589 20.0234978015
19.750 1.2582 20.0336414174
19.760 1.2576 20.0437850333
19.770 1.2570 20.0539286492
19.780 1.2564 20.0640722651
19.790 1.2557 20.074215881
19.800 1.2551 20.0843594969
19.810 1.2545 20.0945031128
19.820 1.2538 20.1046467287
19.830 1.2532 20.1147903446
19.840 1.2526 20.1249339605
19.850 1.2520 20.1350775765
19.860 1.2513 20.1452211924
19.870 1.2507 20.1553648083
19.880 1.2501 20.1655084242
19.890 1.2495 20.1756520401
19.900 1.2488 20.185795656
19.910 1.2482 20.1959392719
19.920 1.2476 20.2060828878
19.930 1.2470 20.2162265037
19.940 1.2464 20.2263701196
19.950 1.2457 20.2365137355
19.960 1.2451 20.2466573514
19.970 1.2445 20.2568009673
19.980 1.2439 20.2669445833
19.990 1.2433 20.2770881992
20.000 1.2427 20.2872318151
20.100 1.2365 20.3886679741
20.110 1.2359 20.3988115901
20.120 1.2353 20.408955206
20.130 1.2347 20.4190988219
20.140 1.2341 20.4292424378
20.150 1.2335 20.4393860537
20.160 1.2329 20.4495296696
20.170 1.2323 20.4596732855
20.180 1.2317 20.4698169014
20.190 1.2311 20.4799605173
20.200 1.2305 20.4901041332
20.210 1.2299 20.5002477491
20.220 1.2293 20.510391365
20.230 1.2287 20.5205349809
20.240 1.2281 20.5306785968
20.250 1.2275 20.5408222128
20.260 1.2269 20.5509658287
20.270 1.2263 20.5611094446
20.280 1.2257 20.5712530605
20.290 1.2251 20.5813966764
20.300 1.2245 20.5915402923
20.310 1.2239 20.6016839082
20.320 1.2233 20.6118275241
20.330 1.2227 20.62197114
20.340 1.2221 20.6321147559
20.350 1.2215 20.6422583718
20.360 1.2209 20.6524019877
20.370 1.2203 20.6625456036
20.380 1.2197 20.6726892196
20.390 1.2191 20.6828328355
20.400 1.2185 20.6929764514
20.410 1.2179 20.7031200673
20.420 1.2173 20.7132636832
20.430 1.2168 20.7234072991
20.440 1.2162 20.733550915
20.450 1.2156 20.7436945309
20.460 1.2150 20.7538381468
20.470 1.2144 20.7639817627
20.480 1.2138 20.7741253786
20.490 1.2132 20.7842689945
20.500 1.2126 20.7944126104
20.510 1.2121 20.8045562264
20.520 1.2115 20.8146998423
20.530 1.2109 20.8248434582
20.540 1.2103 20.8349870741
20.550 1.2097 20.84513069
20.560 1.2091 20.8552743059
20.570 1.2086 20.8654179218
20.580 1.2080 20.8755615377
20.590 1.2074 20.8857051536
20.600 1.2068 20.8958487695
20.610 1.2062 20.9059923854
20.620 1.2057 20.9161360013
20.630 1.2051 20.9262796172
20.640 1.2045 20.9364232331
20.650 1.2039 20.9465668491
20.660 1.2033 20.956710465
20.670 1.2028 20.9668540809
20.680 1.2022 20.9769976968
20.690 1.2016 20.9871413127
20.700 1.2010 20.9972849286
20.710 1.2005 21.0074285445
20.720 1.1999 21.0175721604
20.730 1.1993 21.0277157763
20.740 1.1987 21.0378593922
20.750 1.1982 21.0480030081
20.760 1.1976 21.058146624
20.770 1.1970 21.0682902399
20.780 1.1965 21.0784338559
20.790 1.1959 21.0885774718
20.800 1.1953 21.0987210877
20.810 1.1948 21.1088647036
20.820 1.1942 21.1190083195
20.830 1.1936 21.1291519354
20.840 1.1931 21.1392955513
20.850 1.1925 21.1494391672
20.860 1.1919 21.1595827831
20.870 1.1914 21.169726399
20.880 1.1908 21.1798700149
20.890 1.1902 21.1900136308
20.900 1.1897 21.2001572467
20.910 1.1891 21.2103008627
20.920 1.1885 21.2204444786
20.930 1.1880 21.2305880945
20.940 1.1874 21.2407317104
20.950 1.1869 21.2508753263
20.960 1.1863 21.2610189422
20.970 1.1857 21.2711625581
20.980 1.1852 21.281306174
20.990 1.1846 21.2914497899
21.000 1.1841 21.3015934058
21.010 1.1835 21.3117370217
21.020 1.1829 21.3218806376
21.030 1.1824 21.3320242535
21.040 1.1818 21.3421678695
21.050 1.1813 21.3523114854
21.060 1.1807 21.3624551013
21.070 1.1802 21.3725987172
21.080 1.1796 21.3827423331
21.090 1.1791 21.392885949
21.100 1.1785 21.4030295649
21.110 1.1779 21.4131731808
21.120 1.1774 21.4233167967
21.130 1.1768 21.4334604126
21.140 1.1763 21.4436040285
21.150 1.1757 21.4537476444
21.160 1.1752 21.4638912603
21.170 1.1746 21.4740348762
21.180 1.1741 21.4841784922
21.190 1.1735 21.4943221081
21.200 1.1730 21.504465724
21.210 1.1724 21.5146093399
21.220 1.1719 21.5247529558
21.230 1.1714 21.5348965717
21.240 1.1708 21.5450401876
21.250 1.1703 21.5551838035
21.260 1.1697 21.5653274194
21.270 1.1692 21.5754710353
21.280 1.1686 21.5856146512
21.290 1.1681 21.5957582671
21.300 1.1675 21.605901883
21.310 1.1670 21.616045499
21.320 1.1665 21.6261891149
21.330 1.1659 21.6363327308
21.340 1.1654 21.6464763467
21.350 1.1648 21.6566199626
21.360 1.1643 21.6667635785
21.370 1.1638 21.6769071944
21.380 1.1632 21.6870508103
21.390 1.1627 21.6971944262
21.400 1.1621 21.7073380421
21.410 1.1616 21.717481658
21.420 1.1611 21.7276252739
21.430 1.1605 21.7377688898
21.440 1.1600 21.7479125058
21.450 1.1595 21.7580561217
21.460 1.1589 21.7681997376
21.470 1.1584 21.7783433535
21.480 1.1579 21.7884869694
21.490 1.1573 21.7986305853
21.500 1.1568 21.8087742012
21.510 1.1563 21.8189178171
21.520 1.1557 21.829061433
21.530 1.1552 21.8392050489
21.540 1.1547 21.8493486648
21.550 1.1541 21.8594922807
21.560 1.1536 21.8696358966
21.570 1.1531 21.8797795126
21.580 1.1526 21.8899231285
21.590 1.1520 21.9000667444
21.600 1.1515 21.9102103603
21.610 1.1510 21.9203539762
21.620 1.1504 21.9304975921
21.630 1.1499 21.940641208
21.640 1.1494 21.9507848239
21.650 1.1489 21.9609284398
21.660 1.1483 21.9710720557
21.670 1.1478 21.9812156716
21.680 1.1473 21.9913592875
21.690 1.1468 22.0015029034
21.700 1.1462 22.0116465193
21.710 1.1457 22.0217901353
21.720 1.1452 22.0319337512
21.730 1.1447 22.0420773671
21.740 1.1442 22.052220983
21.750 1.1436 22.0623645989
21.760 1.1431 22.0725082148
21.770 1.1426 22.0826518307
21.780 1.1421 22.0927954466
21.790 1.1416 22.1029390625
21.800 1.1410 22.1130826784
21.810 1.1405 22.1232262943
21.820 1.1400 22.1333699102
21.830 1.1395 22.1435135261
21.840 1.1390 22.1536571421
21.850 1.1385 22.163800758
21.860 1.1379 22.1739443739
21.870 1.1374 22.1840879898
21.880 1.1369 22.1942316057
21.890 1.1364 22.2043752216
21.900 1.1359 22.2145188375
21.910 1.1354 22.2246624534
21.920 1.1349 22.2348060693
21.930 1.1343 22.2449496852
21.940 1.1338 22.2550933011
21.950 1.1333 22.265236917
21.960 1.1328 22.2753805329
21.970 1.1323 22.2855241489
21.980 1.1318 22.2956677648
21.990 1.1313 22.3058113807
22.000 1.1308 22.3159549966
22.010 1.1303 22.3260986125
22.020 1.1298 22.3362422284
22.030 1.1292 22.3463858443
22.040 1.1287 22.3565294602
22.050 1.1282 22.3666730761
22.060 1.1277 22.376816692
22.070 1.1272 22.3869603079
22.080 1.1267 22.3971039238
22.090 1.1262 22.4072475397
22.100 1.1257 22.4173911556
22.110 1.1252 22.4275347716
22.120 1.1247 22.4376783875
22.130 1.1242 22.4478220034
22.140 1.1237 22.4579656193
22.150 1.1232 22.4681092352
22.160 1.1227 22.4782528511
22.170 1.1222 22.488396467
22.180 1.1217 22.4985400829
22.190 1.1212 22.5086836988
22.200 1.1207 22.5188273147
22.210 1.1202 22.5289709306
22.220 1.1197 22.5391145465
22.230 1.1192 22.5492581624
22.240 1.1187 22.5594017784
22.250 1.1182 22.5695453943
22.260 1.1177 22.5796890102
22.270 1.1172 22.5898326261
22.280 1.1167 22.599976242
22.290 1.1162 22.6101198579
22.300 1.1157 22.6202634738
22.310 1.1152 22.6304070897
22.320 1.1147 22.6405507056
22.330 1.1142 22.6506943215
22.340 1.1137 22.6608379374
22.350 1.1133 22.6709815533
22.360 1.1128 22.6811251692
22.370 1.1123 22.6912687852
22.380 1.1118 22.7014124011
22.390 1.1113 22.711556017
22.400 1.1108 22.7216996329
22.410 1.1103 22.7318432488
22.420 1.1098 22.7419868647
22.430 1.1093 22.7521304806
22.440 1.1088 22.7622740965
22.450 1.1083 22.7724177124
22.460 1.1079 22.7825613283
22.470 1.1074 22.7927049442
22.480 1.1069 22.8028485601
22.490 1.1064 22.812992176
22.500 1.1059 22.823135792
22.510 1.1054 22.8332794079
22.520 1.1049 22.8434230238
22.530 1.1045 22.8535666397
22.540 1.1040 22.8637102556
22.550 1.1035 22.8738538715
22.560 1.1030 22.8839974874
22.570 1.1025 22.8941411033
22.580 1.1020 22.9042847192
22.590 1.1016 22.9144283351
22.600 1.1011 22.924571951
22.610 1.1006 22.9347155669
22.620 1.1001 22.9448591828
22.630 1.0996 22.9550027987
22.640 1.0991 22.9651464147
22.650 1.0987 22.9752900306
22.660 1.0982 22.9854336465
22.670 1.0977 22.9955772624
22.680 1.0972 23.0057208783
22.690 1.0967 23.0158644942
22.700 1.0963 23.0260081101
22.710 1.0958 23.036151726
22.720 1.0953 23.0462953419
22.730 1.0948 23.0564389578
22.740 1.0944 23.0665825737
22.750 1.0939 23.0767261896
22.760 1.0934 23.0868698055
22.770 1.0929 23.0970134215
22.780 1.0925 23.1071570374
22.790 1.0920 23.1173006533
22.800 1.0915 23.1274442692
22.810 1.0910 23.1375878851
22.820 1.0906 23.147731501
22.830 1.0901 23.1578751169
22.840 1.0896 23.1680187328
22.850 1.0892 23.1781623487
22.860 1.0887 23.1883059646
22.870 1.0882 23.1984495805
22.880 1.0877 23.2085931964
22.890 1.0873 23.2187368123
22.900 1.0868 23.2288804283
22.910 1.0863 23.2390240442
22.920 1.0859 23.2491676601
22.930 1.0854 23.259311276
22.940 1.0849 23.2694548919
22.950 1.0845 23.2795985078
22.960 1.0840 23.2897421237
22.970 1.0835 23.2998857396
22.980 1.0831 23.3100293555
22.990 1.0826 23.3201729714
23.000 1.0821 23.3303165873
23.010 1.0817 23.3404602032
23.020 1.0812 23.3506038191
23.030 1.0807 23.360747435
23.040 1.0803 23.370891051
23.050 1.0798 23.3810346669
23.060 1.0793 23.3911782828
23.070 1.0789 23.4013218987
23.080 1.0784 23.4114655146
23.090 1.0780 23.4216091305
23.100 1.0775 23.4317527464
23.110 1.0770 23.4418963623
23.120 1.0766 23.4520399782
23.130 1.0761 23.4621835941
23.140 1.0757 23.47232721
23.150 1.0752 23.4824708259
23.160 1.0747 23.4926144418
23.170 1.0743 23.5027580578
23.180 1.0738 23.5129016737
23.190 1.0734 23.5230452896
23.200 1.0729 23.5331889055
23.210 1.0724 23.5433325214
23.220 1.0720 23.5534761373
23.230 1.0715 23.5636197532
23.240 1.0711 23.5737633691
23.250 1.0706 23.583906985
23.260 1.0702 23.5940506009
23.270 1.0697 23.6041942168
23.280 1.0693 23.6143378327
23.290 1.0688 23.6244814486
23.300 1.0683 23.6346250646
23.310 1.0679 23.6447686805
23.320 1.0674 23.6549122964
23.330 1.0670 23.6650559123
23.340 1.0665 23.6751995282
23.350 1.0661 23.6853431441
23.360 1.0656 23.69548676
23.370 1.0652 23.7056303759
23.380 1.0647 23.7157739918
23.390 1.0643 23.7259176077
23.400 1.0638 23.7360612236
23.410 1.0634 23.7462048395
23.420 1.0629 23.7563484554
23.430 1.0625 23.7664920714
23.440 1.0620 23.7766356873
23.450 1.0616 23.7867793032
23.460 1.0611 23.7969229191
23.470 1.0607 23.807066535
23.480 1.0602 23.8172101509
23.490 1.0598 23.8273537668
23.500 1.0594 23.8374973827
23.510 1.0589 23.8476409986
23.520 1.0585 23.8577846145
23.530 1.0580 23.8679282304
23.540 1.0576 23.8780718463
23.550 1.0571 23.8882154622
23.560 1.0567 23.8983590781
23.570 1.0562 23.9085026941
23.580 1.0558 23.91864631
23.590 1.0554 23.9287899259
23.600 1.0549 23.9389335418
23.610 1.0545 23.9490771577
23.620 1.0540 23.9592207736
23.630 1.0536 23.9693643895
23.640 1.0532 23.9795080054
23.650 1.0527 23.9896516213
23.660 1.0523 23.9997952372
23.670 1.0518 24.0099388531
23.680 1.0514 24.020082469
23.690 1.0510 24.0302260849
23.700 1.0505 24.0403697009
23.710 1.0501 24.0505133168
23.720 1.0496 24.0606569327
23.730 1.0492 24.0708005486
23.740 1.0488 24.0809441645
23.750 1.0483 24.0910877804
23.760 1.0479 24.1012313963
23.770 1.0475 24.1113750122
23.780 1.0470 24.1215186281
23.790 1.0466 24.131662244
23.800 1.0462 24.1418058599
23.810 1.0457 24.1519494758
23.820 1.0453 24.1620930917
23.830 1.0448 24.1722367077
23.840 1.0444 24.1823803236
23.850 1.0440 24.1925239395
23.860 1.0435 24.2026675554
23.870 1.0431 24.2128111713
23.880 1.0427 24.2229547872
23.890 1.0423 24.2330984031
23.900 1.0418 24.243242019
23.910 1.0414 24.2533856349
23.920 1.0410 24.2635292508
23.930 1.0405 24.2736728667
23.940 1.0401 24.2838164826
23.950 1.0397 24.2939600985
23.960 1.0392 24.3041037145
23.970 1.0388 24.3142473304
23.980 1.0384 24.3243909463
23.990 1.0380 24.3345345622
24.000 1.0375 24.3446781781
24.010 1.0371 24.354821794
24.020 1.0367 24.3649654099
24.030 1.0363 24.3751090258
24.040 1.0358 24.3852526417
24.050 1.0354 24.3953962576
24.060 1.0350 24.4055398735
24.070 1.0345 24.4156834894
24.080 1.0341 24.4258271053
24.090 1.0337 24.4359707212
24.100 1.0333 24.4461143372
24.110 1.0329 24.4562579531
24.120 1.0324 24.466401569
24.130 1.0320 24.4765451849
24.140 1.0316 24.4866888008
24.150 1.0312 24.4968324167
24.160 1.0307 24.5069760326
24.170 1.0303 24.5171196485
24.180 1.0299 24.5272632644
24.190 1.0295 24.5374068803
24.200 1.0291 24.5475504962
24.210 1.0286 24.5576941121
24.220 1.0282 24.567837728
24.230 1.0278 24.577981344
24.240 1.0274 24.5881249599
24.250 1.0270 24.5982685758
24.260 1.0265 24.6084121917
24.270 1.0261 24.6185558076
24.280 1.0257 24.6286994235
24.290 1.0253 24.6388430394
24.300 1.0249 24.6489866553
24.310 1.0245 24.6591302712
24.320 1.0240 24.6692738871
24.330 1.0236 24.679417503
24.340 1.0232 24.6895611189
24.350 1.0228 24.6997047348
24.360 1.0224 24.7098483508
24.370 1.0220 24.7199919667
24.380 1.0215 24.7301355826
24.390 1.0211 24.7402791985
24.400 1.0207 24.7504228144
24.410 1.0203 24.7605664303
24.420 1.0199 24.7707100462
24.430 1.0195 24.7808536621
24.440 1.0191 24.790997278
24.450 1.0187 24.8011408939
24.460 1.0182 24.8112845098
24.470 1.0178 24.8214281257
24.480 1.0174 24.8315717416
24.490 1.0170 24.8417153575
24.500 1.0166 24.8518589735
24.510 1.0162 24.8620025894
24.520 1.0158 24.8721462053
24.530 1.0154 24.8822898212
24.540 1.0150 24.8924334371
24.550 1.0146 24.902577053
24.560 1.0141 24.9127206689
24.570 1.0137 24.9228642848
24.580 1.0133 24.9330079007
24.590 1.0129 24.9431515166
24.600 1.0125 24.9532951325
24.610 1.0121 24.9634387484
24.620 1.0117 24.9735823643
24.630 1.0113 24.9837259803
24.640 1.0109 24.9938695962
24.650 1.0105 25.0040132121
24.660 1.0101 25.014156828
24.670 1.0097 25.0243004439
24.680 1.0093 25.0344440598
24.690 1.0089 25.0445876757
24.700 1.0085 25.0547312916
24.710 1.0081 25.0648749075
24.720 1.0077 25.0750185234
24.730 1.0073 25.0851621393
24.740 1.0069 25.0953057552
24.750 1.0065 25.1054493711
24.760 1.0060 25.1155929871
24.770 1.0056 25.125736603
24.780 1.0052 25.1358802189
24.790 1.0048 25.1460238348
24.800 1.0044 25.1561674507
24.810 1.0040 25.1663110666
24.820 1.0036 25.1764546825
24.830 1.0032 25.1865982984
24.840 1.0028 25.1967419143
24.850 1.0024 25.2068855302
24.860 1.0021 25.2170291461
24.870 1.0017 25.227172762
24.880 1.0013 25.2373163779
24.890 1.0009 25.2474599939
24.900 1.0005 25.2576036098
24.910 1.0001 25.2677472257
24.920 0.99967 25.2778908416
24.930 0.99927 25.2880344575
24.940 0.99887 25.2981780734
24.950 0.99848 25.3083216893
24.960 0.99808 25.3184653052
24.970 0.99769 25.3286089211
24.980 0.99729 25.338752537
24.990 0.99690 25.3488961529
25.000 0.99651 25.3590397688
25.100 0.99258 25.4604759279
25.110 0.99219 25.4706195438
25.120 0.99180 25.4807631597
25.130 0.99141 25.4909067756
25.140 0.99102 25.5010503915
25.150 0.99063 25.5111940074
25.160 0.99024 25.5213376234
25.170 0.98985 25.5314812393
25.180 0.98947 25.5416248552
25.190 0.98908 25.5517684711
25.200 0.98869 25.561912087
25.210 0.98830 25.5720557029
25.220 0.98792 25.5821993188
25.230 0.98753 25.5923429347
25.240 0.98714 25.6024865506
25.250 0.98676 25.6126301665
25.260 0.98637 25.6227737824
25.270 0.98598 25.6329173983
25.280 0.98560 25.6430610142
25.290 0.98521 25.6532046302
25.300 0.98483 25.6633482461
25.310 0.98445 25.673491862
25.320 0.98406 25.6836354779
25.330 0.98368 25.6937790938
25.340 0.98329 25.7039227097
25.350 0.98291 25.7140663256
25.360 0.98253 25.7242099415
25.370 0.98215 25.7343535574
25.380 0.98176 25.7444971733
25.390 0.98138 25.7546407892
25.400 0.98100 25.7647844051
25.410 0.98062 25.774928021
25.420 0.98024 25.785071637
25.430 0.97986 25.7952152529
25.440 0.97948 25.8053588688
25.450 0.97910 25.8155024847
25.460 0.97872 25.8256461006
25.470 0.97834 25.8357897165
25.480 0.97796 25.8459333324
25.490 0.97758 25.8560769483
25.500 0.97720 25.8662205642
25.510 0.97682 25.8763641801
25.520 0.97644 25.886507796
25.530 0.97606 25.8966514119
25.540 0.97569 25.9067950278
25.550 0.97531 25.9169386437
25.560 0.97493 25.9270822597
25.570 0.97456 25.9372258756
25.580 0.97418 25.9473694915
25.590 0.97380 25.9575131074
25.600 0.97343 25.9676567233
25.610 0.97305 25.9778003392
25.620 0.97268 25.9879439551
25.630 0.97230 25.998087571
25.640 0.97193 26.0082311869
25.650 0.97155 26.0183748028
25.660 0.97118 26.0285184187
25.670 0.97081 26.0386620346
25.680 0.97043 26.0488056505
25.690 0.97006 26.0589492665
25.700 0.96969 26.0690928824
25.710 0.96931 26.0792364983
25.720 0.96894 26.0893801142
25.730 0.96857 26.0995237301
25.740 0.96820 26.109667346
25.750 0.96783 26.1198109619
25.760 0.96746 26.1299545778
25.770 0.96708 26.1400981937
25.780 0.96671 26.1502418096
25.790 0.96634 26.1603854255
25.800 0.96597 26.1705290414
25.810 0.96560 26.1806726573
25.820 0.96524 26.1908162733
25.830 0.96487 26.2009598892
25.840 0.96450 26.2111035051
25.850 0.96413 26.221247121
25.860 0.96376 26.2313907369
25.870 0.96339 26.2415343528
25.880 0.96302 26.2516779687
25.890 0.96266 26.2618215846
25.900 0.96229 26.2719652005
25.910 0.96192 26.2821088164
25.920 0.96156 26.2922524323
25.930 0.96119 26.3023960482
25.940 0.96082 26.3125396641
25.950 0.96046 26.32268328
25.960 0.96009 26.332826896
25.970 0.95973 26.3429705119
25.980 0.95936 26.3531141278
25.990 0.95900 26.3632577437
26.000 0.95863 26.3734013596
26.010 0.95827 26.3835449755
26.020 0.95791 26.3936885914
26.030 0.95754 26.4038322073
26.040 0.95718 26.4139758232
26.050 0.95682 26.4241194391
26.060 0.95646 26.434263055
26.070 0.95609 26.4444066709
26.080 0.95573 26.4545502868
26.090 0.95537 26.4646939028
26.100 0.95501 26.4748375187
26.110 0.95465 26.4849811346
26.120 0.95429 26.4951247505
26.130 0.95392 26.5052683664
26.140 0.95356 26.5154119823
26.150 0.95320 26.5255555982
26.160 0.95284 26.5356992141
26.170 0.95248 26.54584283
26.180 0.95213 26.5559864459
26.190 0.95177 26.5661300618
26.200 0.95141 26.5762736777
26.210 0.95105 26.5864172936
26.220 0.95069 26.5965609096
26.230 0.95033 26.6067045255
26.240 0.94998 26.6168481414
26.250 0.94962 26.6269917573
26.260 0.94926 26.6371353732
26.270 0.94890 26.6472789891
26.280 0.94855 26.657422605
26.290 0.94819 26.6675662209
26.300 0.94784 26.6777098368
26.310 0.94748 26.6878534527
26.320 0.94712 26.6979970686
26.330 0.94677 26.7081406845
26.340 0.94641 26.7182843004
26.350 0.94606 26.7284279164
26.360 0.94570 26.7385715323
26.370 0.94535 26.7487151482
26.380 0.94500 26.7588587641
26.390 0.94464 26.76900238
26.400 0.94429 26.7791459959
26.410 0.94394 26.7892896118
26.420 0.94358 26.7994332277
26.430 0.94323 26.8095768436
26.440 0.94288 26.8197204595
26.440 0.94288 26.8197204595
26.440 0.94288 26.8197204595
26.450 0.94253 26.8298640754
26.460 0.94218 26.8400076913
26.470 0.94182 26.8501513072
26.480 0.94147 26.8602949231
26.490 0.94112 26.8704385391
26.500 0.94077 26.880582155
26.510 0.94042 26.8907257709
26.520 0.94007 26.9008693868
26.530 0.93972 26.9110130027
26.540 0.93937 26.9211566186
26.550 0.93902 26.9313002345
26.560 0.93867 26.9414438504
26.570 0.93832 26.9515874663
26.580 0.93798 26.9617310822
26.590 0.93763 26.9718746981
26.600 0.93728 26.982018314
26.610 0.93693 26.9921619299
26.620 0.93658 27.0023055459
26.630 0.93624 27.0124491618
26.640 0.93589 27.0225927777
26.650 0.93554 27.0327363936
26.660 0.93520 27.0428800095
26.670 0.93485 27.0530236254
26.680 0.93450 27.0631672413
26.690 0.93416 27.0733108572
26.700 0.93381 27.0834544731
26.710 0.93347 27.093598089
26.720 0.93312 27.1037417049
26.730 0.93278 27.1138853208
26.740 0.93243 27.1240289367
26.750 0.93209 27.1341725527
26.760 0.93175 27.1443161686
26.770 0.93140 27.1544597845
26.780 0.93106 27.1646034004
26.790 0.93072 27.1747470163
26.800 0.93037 27.1848906322
26.810 0.93003 27.1950342481
26.820 0.92969 27.205177864
26.830 0.92935 27.2153214799
26.840 0.92900 27.2254650958
26.850 0.92866 27.2356087117
26.860 0.92832 27.2457523276
26.870 0.92798 27.2558959435
26.880 0.92764 27.2660395595
26.890 0.92730 27.2761831754
26.900 0.92696 27.2863267913
26.910 0.92662 27.2964704072
26.920 0.92628 27.3066140231
26.930 0.92594 27.316757639
26.940 0.92560 27.3269012549
26.950 0.92526 27.3370448708
26.960 0.92492 27.3471884867
26.970 0.92458 27.3573321026
26.980 0.92425 27.3674757185
26.990 0.92391 27.3776193344
27.000 0.92357 27.3877629503
27.010 0.92323 27.3979065662
27.020 0.92290 27.4080501822
27.030 0.92256 27.4181937981
27.040 0.92222 27.428337414
27.050 0.92188 27.4384810299
27.060 0.92155 27.4486246458
27.070 0.92121 27.4587682617
27.080 0.92088 27.4689118776
27.090 0.92054 27.4790554935
27.100 0.92021 27.4891991094
27.110 0.91987 27.4993427253
27.120 0.91954 27.5094863412
27.130 0.91920 27.5196299571
27.140 0.91887 27.529773573
27.150 0.91853 27.539917189
27.160 0.91820 27.5500608049
27.170 0.91787 27.5602044208
27.180 0.91753 27.5703480367
27.190 0.91720 27.5804916526
27.200 0.91687 27.5906352685
27.210 0.91653 27.6007788844
27.220 0.91620 27.6109225003
27.230 0.91587 27.6210661162
27.240 0.91554 27.6312097321
27.250 0.91521 27.641353348
27.260 0.91487 27.6514969639
27.270 0.91454 27.6616405798
27.280 0.91421 27.6717841958
27.290 0.91388 27.6819278117
27.300 0.91355 27.6920714276
27.310 0.91322 27.7022150435
27.320 0.91289 27.7123586594
27.330 0.91256 27.7225022753
27.340 0.91223 27.7326458912
27.350 0.91190 27.7427895071
27.360 0.91157 27.752933123
27.370 0.91125 27.7630767389
27.380 0.91092 27.7732203548
27.390 0.91059 27.7833639707
27.400 0.91026 27.7935075866
27.410 0.90993 27.8036512025
27.420 0.90961 27.8137948185
27.430 0.90928 27.8239384344
27.440 0.90895 27.8340820503
27.450 0.90862 27.8442256662
27.460 0.90830 27.8543692821
27.470 0.90797 27.864512898
27.480 0.90765 27.8746565139
27.490 0.90732 27.8848001298
27.500 0.90699 27.8949437457
27.510 0.90667 27.9050873616
27.520 0.90634 27.9152309775
27.530 0.90602 27.9253745934
27.540 0.90569 27.9355182093
27.550 0.90537 27.9456618253
27.560 0.90505 27.9558054412
27.570 0.90472 27.9659490571
27.580 0.90440 27.976092673
27.590 0.90407 27.9862362889
27.600 0.90375 27.9963799048
27.610 0.90343 28.0065235207
27.620 0.90310 28.0166671366
27.630 0.90278 28.0268107525
27.640 0.90246 28.0369543684
27.650 0.90214 28.0470979843
27.660 0.90182 28.0572416002
27.670 0.90149 28.0673852161
27.680 0.90117 28.0775288321
27.690 0.90085 28.087672448
27.700 0.90053 28.0978160639
27.710 0.90021 28.1079596798
27.720 0.89989 28.1181032957
27.730 0.89957 28.1282469116
27.740 0.89925 28.1383905275
27.750 0.89893 28.1485341434
27.760 0.89861 28.1586777593
27.770 0.89829 28.1688213752
27.780 0.89797 28.1789649911
27.790 0.89765 28.189108607
27.800 0.89733 28.1992522229
27.810 0.89702 28.2093958389
27.820 0.89670 28.2195394548
27.830 0.89638 28.2296830707
27.840 0.89606 28.2398266866
27.850 0.89574 28.2499703025
27.860 0.89543 28.2601139184
27.870 0.89511 28.2702575343
27.880 0.89479 28.2804011502
27.890 0.89448 28.2905447661
27.900 0.89416 28.300688382
27.910 0.89384 28.3108319979
27.920 0.89353 28.3209756138
27.930 0.89321 28.3311192297
27.940 0.89290 28.3412628456
27.950 0.89258 28.3514064616
27.960 0.89227 28.3615500775
27.970 0.89195 28.3716936934
27.980 0.89164 28.3818373093
27.990 0.89132 28.3919809252
28.000 0.89101 28.4021245411
28.010 0.89070 28.412268157
28.020 0.89038 28.4224117729
28.030 0.89007 28.4325553888
28.040 0.88976 28.4426990047
28.050 0.88944 28.4528426206
28.060 0.88913 28.4629862365
28.070 0.88882 28.4731298524
28.080 0.88851 28.4832734684
28.090 0.88819 28.4934170843
28.100 0.88788 28.5035607002
28.110 0.88757 28.5137043161
28.120 0.88726 28.523847932
28.130 0.88695 28.5339915479
28.140 0.88664 28.5441351638
28.150 0.88633 28.5542787797
28.160 0.88601 28.5644223956
28.170 0.88570 28.5745660115
28.180 0.88539 28.5847096274
28.190 0.88508 28.5948532433
28.200 0.88477 28.6049968592
28.210 0.88447 28.6151404752
28.220 0.88416 28.6252840911
28.230 0.88385 28.635427707
28.240 0.88354 28.6455713229
28.250 0.88323 28.6557149388
28.260 0.88292 28.6658585547
28.270 0.88261 28.6760021706
28.280 0.88231 28.6861457865
28.290 0.88200 28.6962894024
28.300 0.88169 28.7064330183
28.310 0.88138 28.7165766342
28.320 0.88108 28.7267202501
28.330 0.88077 28.736863866
28.340 0.88046 28.747007482
28.350 0.88016 28.7571510979
28.360 0.87985 28.7672947138
28.370 0.87954 28.7774383297
28.380 0.87924 28.7875819456
28.390 0.87893 28.7977255615
28.400 0.87863 28.8078691774
28.410 0.87832 28.8180127933
28.420 0.87802 28.8281564092
28.430 0.87771 28.8383000251
28.440 0.87741 28.848443641
28.450 0.87710 28.8585872569
28.460 0.87680 28.8687308728
28.470 0.87650 28.8788744887
28.480 0.87619 28.8890181047
28.490 0.87589 28.8991617206
28.500 0.87559 28.9093053365
28.510 0.87528 28.9194489524
28.520 0.87498 28.9295925683
28.530 0.87468 28.9397361842
28.540 0.87438 28.9498798001
28.550 0.87407 28.960023416
28.560 0.87377 28.9701670319
28.570 0.87347 28.9803106478
28.580 0.87317 28.9904542637
28.590 0.87287 29.0005978796
28.600 0.87257 29.0107414955
28.610 0.87227 29.0208851115
28.620 0.87197 29.0310287274
28.630 0.87166 29.0411723433
28.640 0.87136 29.0513159592
28.650 0.87106 29.0614595751
28.660 0.87076 29.071603191
28.670 0.87047 29.0817468069
28.680 0.87017 29.0918904228
28.690 0.86987 29.1020340387
28.700 0.86957 29.1121776546
28.710 0.86927 29.1223212705
28.720 0.86897 29.1324648864
28.730 0.86867 29.1426085023
28.740 0.86837 29.1527521183
28.750 0.86808 29.1628957342
28.760 0.86778 29.1730393501
28.770 0.86748 29.183182966
28.780 0.86718 29.1933265819
28.790 0.86689 29.2034701978
28.800 0.86659 29.2136138137
28.810 0.86629 29.2237574296
28.820 0.86600 29.2339010455
28.830 0.86570 29.2440446614
28.840 0.86540 29.2541882773
28.850 0.86511 29.2643318932
28.860 0.86481 29.2744755091
28.870 0.86452 29.284619125
28.880 0.86422 29.294762741
28.890 0.86393 29.3049063569
28.900 0.86363 29.3150499728
28.910 0.86334 29.3251935887
28.920 0.86304 29.3353372046
28.930 0.86275 29.3454808205
28.940 0.86246 29.3556244364
28.950 0.86216 29.3657680523
28.960 0.86187 29.3759116682
28.970 0.86157 29.3860552841
28.980 0.86128 29.3961989
28.990 0.86099 29.4063425159
29.000 0.86070 29.4164861318
29.010 0.86040 29.4266297478
29.020 0.86011 29.4367733637
29.030 0.85982 29.4469169796
29.040 0.85953 29.4570605955
29.050 0.85923 29.4672042114
29.060 0.85894 29.4773478273
29.070 0.85865 29.4874914432
29.080 0.85836 29.4976350591
29.090 0.85807 29.507778675
29.100 0.85778 29.5179222909
29.110 0.85749 29.5280659068
29.120 0.85720 29.5382095227
29.130 0.85691 29.5483531386
29.140 0.85662 29.5584967546
29.150 0.85633 29.5686403705
29.160 0.85604 29.5787839864
29.170 0.85575 29.5889276023
29.180 0.85546 29.5990712182
29.190 0.85517 29.6092148341
29.200 0.85488 29.61935845
29.210 0.85459 29.6295020659
29.220 0.85430 29.6396456818
29.230 0.85402 29.6497892977
29.240 0.85373 29.6599329136
29.250 0.85344 29.6700765295
29.260 0.85315 29.6802201454
29.270 0.85287 29.6903637614
29.280 0.85258 29.7005073773
29.290 0.85229 29.7106509932
29.300 0.85200 29.7207946091
29.310 0.85172 29.730938225
29.320 0.85143 29.7410818409
29.330 0.85115 29.7512254568
29.340 0.85086 29.7613690727
29.350 0.85057 29.7715126886
29.360 0.85029 29.7816563045
29.370 0.85000 29.7917999204
29.380 0.84972 29.8019435363
29.390 0.84943 29.8120871522
29.400 0.84915 29.8222307681
29.410 0.84886 29.8323743841
29.420 0.84858 29.842518
29.430 0.84829 29.8526616159
29.440 0.84801 29.8628052318
29.450 0.84773 29.8729488477
29.460 0.84744 29.8830924636
29.470 0.84716 29.8932360795
29.480 0.84687 29.9033796954
29.490 0.84659 29.9135233113
29.500 0.84631 29.9236669272
29.510 0.84603 29.9338105431
29.520 0.84574 29.943954159
29.530 0.84546 29.9540977749
29.540 0.84518 29.9642413909
29.550 0.84490 29.9743850068
29.560 0.84462 29.9845286227
29.570 0.84433 29.9946722386
29.580 0.84405 30.0048158545
29.590 0.84377 30.0149594704
29.600 0.84349 30.0251030863
29.610 0.84321 30.0352467022
29.620 0.84293 30.0453903181
29.630 0.84265 30.055533934
29.640 0.84237 30.0656775499
29.650 0.84209 30.0758211658
29.660 0.84181 30.0859647817
29.670 0.84153 30.0961083977
29.680 0.84125 30.1062520136
29.690 0.84097 30.1163956295
29.700 0.84069 30.1265392454
29.710 0.84041 30.1366828613
29.720 0.84013 30.1468264772
29.730 0.83985 30.1569700931
29.740 0.83958 30.167113709
29.750 0.83930 30.1772573249
29.760 0.83902 30.1874009408
29.770 0.83874 30.1975445567
29.780 0.83846 30.2076881726
29.790 0.83819 30.2178317885
29.800 0.83791 30.2279754045
29.810 0.83763 30.2381190204
29.820 0.83735 30.2482626363
29.830 0.83708 30.2584062522
29.840 0.83680 30.2685498681
29.850 0.83653 30.278693484
29.860 0.83625 30.2888370999
29.870 0.83597 30.2989807158
29.880 0.83570 30.3091243317
29.890 0.83542 30.3192679476
29.900 0.83515 30.3294115635
29.910 0.83487 30.3395551794
29.920 0.83460 30.3496987953
29.930 0.83432 30.3598424112
29.940 0.83405 30.3699860272
29.950 0.83377 30.3801296431
29.960 0.83350 30.390273259
29.970 0.83322 30.4004168749
29.980 0.83295 30.4105604908
29.990 0.83268 30.4207041067
30.000 0.83240 30.4308477226
