0.10000 270.80
0.11000 246.18
0.12000 225.67
0.13000 208.31
0.14000 193.43
0.15000 180.54
0.16000 169.25
0.17000 159.30
0.18000 150.45
0.19000 142.53
0.20000 135.40
0.21000 128.96
0.22000 123.10
0.23000 117.75
0.24000 112.84
0.25000 108.33
0.26000 104.16
0.27000 100.30
0.28000 96.721
0.29000 93.387
0.30000 90.274
0.31000 87.362
0.32000 84.633
0.33000 82.068
0.34000 79.655
0.35000 77.379
0.36000 75.230
0.37000 73.197
0.38000 71.272
0.39000 69.444
0.40000 67.709
0.41000 66.057
0.42000 64.485
0.43000 62.986
0.44000 61.554
0.45000 60.187
0.46000 58.879
0.47000 57.626
0.48000 56.426
0.49000 55.275
0.50000 54.169
0.51000 53.107
0.52000 52.086
0.53000 51.104
0.54000 50.158
0.55000 49.246
0.56000 48.367
0.57000 47.518
0.58000 46.699
0.59000 45.908
0.60000 45.143
0.61000 44.403
0.62000 43.687
0.63000 42.994
0.64000 42.322
0.65000 41.672
0.66000 41.040
0.67000 40.428
0.68000 39.834
0.69000 39.257
0.70000 38.696
0.71000 38.151
0.72000 37.621
0.73000 37.106
0.74000 36.605
0.75000 36.117
0.76000 35.642
0.77000 35.179
0.78000 34.728
0.79000 34.289
0.80000 33.860
0.81000 33.443
0.82000 33.035
0.83000 32.637
0.84000 32.249
0.85000 31.869
0.86000 31.499
0.87000 31.137
0.88000 30.783
0.89000 30.438
0.90000 30.100
0.91000 29.769
0.92000 29.445
0.93000 29.129
0.94000 28.819
0.95000 28.516
0.96000 28.219
0.97000 27.928
0.98000 27.643
0.99000 27.364
1.0000 27.091
1.0100 26.823
1.0200 26.560
1.0300 26.302
1.0400 26.049
1.0500 25.801
1.0600 25.558
1.0700 25.319
1.0800 25.085
1.0900 24.855
1.1000 24.629
1.1100 24.407
1.1200 24.190
1.1300 23.976
1.1400 23.765
1.1500 23.559
1.1600 23.356
1.1700 23.156
1.1800 22.960
1.1900 22.767
1.2000 22.578
1.2100 22.391
1.2200 22.208
1.2300 22.027
1.2400 21.850
1.2500 21.675
1.2600 21.503
1.2700 21.334
1.2800 21.167
1.2900 21.003
1.3000 20.842
1.3100 20.683
1.3200 20.526
1.3300 20.372
1.3400 20.220
1.3500 20.070
1.3600 19.923
1.3700 19.778
1.3800 19.634
1.3900 19.493
1.4000 19.354
1.4100 19.217
1.4200 19.082
1.4300 18.948
1.4400 18.817
1.4500 18.687
1.4600 18.559
1.4700 18.433
1.4800 18.309
1.4900 18.186
1.5000 18.065
1.5100 17.945
1.5200 17.827
1.5300 17.711
1.5400 17.596
1.5500 17.482
1.5600 17.370
1.5700 17.260
1.5800 17.151
1.5900 17.043
1.6000 16.936
1.6100 16.831
1.6200 16.727
1.6300 16.625
1.6400 16.524
1.6500 16.423
1.6600 16.325
1.6700 16.227
1.6800 16.130
1.6900 16.035
1.7000 15.941
1.7100 15.848
1.7200 15.756
1.7300 15.665
1.7400 15.575
1.7500 15.486
1.7600 15.398
1.7700 15.311
1.7800 15.225
1.7900 15.140
1.8000 15.056
1.8100 14.973
1.8200 14.891
1.8300 14.809
1.8400 14.729
1.8500 14.649
1.8600 14.571
1.8700 14.493
1.8800 14.416
1.8900 14.340
1.9000 14.264
1.9100 14.189
1.9200 14.116
1.9300 14.043
1.9400 13.970
1.9500 13.899
1.9600 13.828
1.9700 13.758
1.9800 13.688
1.9900 13.620
2.0000 13.552
2.0100 13.484
2.0200 13.417
2.0300 13.351
2.0400 13.286
2.0500 13.221
2.0600 13.157
2.0700 13.094
2.0800 13.031
2.0900 12.968
2.1000 12.907
2.1100 12.846
2.1200 12.785
2.1300 12.725
2.1400 12.666
2.1500 12.607
2.1600 12.549
2.1700 12.491
2.1800 12.434
2.1900 12.377
2.2000 12.321
2.2100 12.265
2.2200 12.210
2.2300 12.155
2.2400 12.101
2.2500 12.047
2.2600 11.994
2.2700 11.941
2.2800 11.889
2.2900 11.837
2.3000 11.786
2.3100 11.735
2.3200 11.684
2.3300 11.634
2.3400 11.584
2.3500 11.535
2.3600 11.486
2.3700 11.438
2.3800 11.390
2.3900 11.342
2.4000 11.295
2.4100 11.248
2.4200 11.202
2.4300 11.156
2.4400 11.110
2.4500 11.065
2.4600 11.020
2.4700 10.975
2.4800 10.931
2.4900 10.887
2.5000 10.844
2.5100 10.801
2.5200 10.758
2.5300 10.715
2.5400 10.673
2.5500 10.631
2.5600 10.590
2.5700 10.549
2.5800 10.508
2.5900 10.467
2.6000 10.427
2.6100 10.387
2.6200 10.348
2.6300 10.308
2.6400 10.269
2.6500 10.231
2.6600 10.192
2.6700 10.154
2.6800 10.116
2.6900 10.079
2.7000 10.041
2.7100 10.004
2.7200 9.9676
2.7300 9.9311
2.7400 9.8949
2.7500 9.8590
2.7600 9.8233
2.7700 9.7879
2.7800 9.7527
2.7900 9.7178
2.8000 9.6832
2.8100 9.6487
2.8200 9.6146
2.8300 9.5806
2.8400 9.5470
2.8500 9.5135
2.8600 9.4803
2.8700 9.4473
2.8800 9.4145
2.8900 9.3820
2.9000 9.3497
2.9100 9.3176
2.9200 9.2857
2.9300 9.2541
2.9400 9.2226
2.9500 9.1914
2.9600 9.1604
2.9700 9.1296
2.9800 9.0990
2.9900 9.0686
3.0000 9.0384
3.0100 9.0084
3.0200 8.9787
3.0300 8.9491
3.0400 8.9197
3.0500 8.8905
3.0600 8.8615
3.0700 8.8326
3.0800 8.8040
3.0900 8.7755
3.1000 8.7473
3.1100 8.7192
3.1200 8.6913
3.1300 8.6635
3.1400 8.6360
3.1500 8.6086
3.1600 8.5814
3.1700 8.5544
3.1800 8.5275
3.1900 8.5008
3.2000 8.4743
3.2100 8.4479
3.2200 8.4217
3.2300 8.3957
3.2400 8.3698
3.2500 8.3441
3.2600 8.3186
3.2700 8.2932
3.2800 8.2679
3.2900 8.2428
3.3000 8.2179
3.3100 8.1931
3.3200 8.1684
3.3300 8.1439
3.3400 8.1196
3.3500 8.0954
3.3600 8.0713
3.3700 8.0474
3.3800 8.0237
3.3900 8.0000
3.4000 7.9765
3.4100 7.9532
3.4200 7.9300
3.4300 7.9069
3.4400 7.8839
3.4500 7.8611
3.4600 7.8384
3.4700 7.8159
3.4800 7.7934
3.4900 7.7712
3.5000 7.7490
3.5100 7.7269
3.5200 7.7050
3.5300 7.6832
3.5400 7.6616
3.5500 7.6400
3.5600 7.6186
3.5700 7.5973
3.5800 7.5761
3.5900 7.5550
3.6000 7.5341
3.6100 7.5132
3.6200 7.4925
3.6300 7.4719
3.6400 7.4514
3.6500 7.4310
3.6600 7.4108
3.6700 7.3906
3.6800 7.3706
3.6900 7.3506
3.7000 7.3308
3.7100 7.3111
3.7200 7.2914
3.7300 7.2719
3.7400 7.2525
3.7500 7.2332
3.7600 7.2140
3.7700 7.1949
3.7800 7.1759
3.7900 7.1570
3.8000 7.1382
3.8100 7.1195
3.8200 7.1009
3.8300 7.0824
3.8400 7.0640
3.8500 7.0456
3.8600 7.0274
3.8700 7.0093
3.8800 6.9913
3.8900 6.9733
3.9000 6.9555
3.9100 6.9377
3.9200 6.9200
3.9300 6.9025
3.9400 6.8850
3.9500 6.8676
3.9600 6.8503
3.9700 6.8330
3.9800 6.8159
3.9900 6.7989
4.0000 6.7819
4.0100 6.7650
4.0200 6.7482
4.0300 6.7315
4.0400 6.7149
4.0500 6.6983
4.0600 6.6818
4.0700 6.6655
4.0800 6.6492
4.0900 6.6329
4.1000 6.6168
4.1100 6.6007
4.1200 6.5847
4.1300 6.5688
4.1400 6.5530
4.1500 6.5372
4.1600 6.5215
4.1700 6.5059
4.1800 6.4904
4.1900 6.4749
4.2000 6.4595
4.2100 6.4442
4.2200 6.4290
4.2300 6.4138
4.2400 6.3987
4.2500 6.3837
4.2600 6.3687
4.2700 6.3538
4.2800 6.3390
4.2900 6.3243
4.3000 6.3096
4.3100 6.2950
4.3200 6.2804
4.3300 6.2660
4.3400 6.2516
4.3500 6.2372
4.3600 6.2229
4.3700 6.2087
4.3800 6.1946
4.3900 6.1805
4.4000 6.1665
4.4100 6.1525
4.4200 6.1386
4.4300 6.1248
4.4400 6.1110
4.4500 6.0973
4.4600 6.0837
4.4700 6.0701
4.4800 6.0566
4.4900 6.0431
4.5000 6.0297
4.5100 6.0164
4.5200 6.0031
4.5300 5.9899
4.5400 5.9767
4.5500 5.9636
4.5600 5.9505
4.5700 5.9375
4.5800 5.9246
4.5900 5.9117
4.6000 5.8989
4.6100 5.8861
4.6200 5.8734
4.6300 5.8608
4.6400 5.8482
4.6500 5.8356
4.6600 5.8231
4.6700 5.8107
4.6800 5.7983
4.6900 5.7859
4.7000 5.7736
4.7100 5.7614
4.7200 5.7492
4.7300 5.7371
4.7400 5.7250
4.7500 5.7130
4.7600 5.7010
4.7700 5.6891
4.7800 5.6772
4.7900 5.6654
4.8000 5.6536
4.8100 5.6419
4.8200 5.6302
4.8300 5.6186
4.8400 5.6070
4.8500 5.5955
4.8600 5.5840
4.8700 5.5725
4.8800 5.5611
4.8900 5.5498
4.9000 5.5385
4.9100 5.5272
4.9200 5.5160
4.9300 5.5049
4.9400 5.4937
4.9500 5.4827
4.9600 5.4716
4.9700 5.4607
4.9800 5.4497
4.9900 5.4388
5.0000 5.4280
5.1000 5.3218
5.1100 5.3114
5.1200 5.3010
5.1300 5.2907
5.1400 5.2805
5.1500 5.2702
5.1600 5.2600
5.1700 5.2499
5.1800 5.2398
5.1900 5.2297
5.2000 5.2197
5.2100 5.2097
5.2200 5.1997
5.2300 5.1898
5.2400 5.1799
5.2500 5.1701
5.2600 5.1603
5.2700 5.1505
5.2800 5.1408
5.2900 5.1311
5.3000 5.1214
5.3100 5.1118
5.3200 5.1022
5.3300 5.0927
5.3400 5.0831
5.3500 5.0737
5.3600 5.0642
5.3700 5.0548
5.3800 5.0454
5.3900 5.0361
5.4000 5.0268
5.4100 5.0175
5.4200 5.0083
5.4300 4.9991
5.4400 4.9899
5.4500 4.9808
5.4600 4.9717
5.4700 4.9626
5.4800 4.9536
5.4900 4.9446
5.5000 4.9356
5.5100 4.9267
5.5200 4.9178
5.5300 4.9089
5.5400 4.9001
5.5500 4.8913
5.5600 4.8825
5.5700 4.8738
5.5800 4.8650
5.5900 4.8564
5.6000 4.8477
5.6100 4.8391
5.6200 4.8305
5.6300 4.8219
5.6400 4.8134
5.6500 4.8049
5.6600 4.7965
5.6700 4.7880
5.6800 4.7796
5.6900 4.7712
5.7000 4.7629
5.7100 4.7546
5.7200 4.7463
5.7300 4.7380
5.7400 4.7298
5.7500 4.7216
5.7600 4.7134
5.7700 4.7052
5.7800 4.6971
5.7900 4.6890
5.8000 4.6810
5.8100 4.6729
5.8200 4.6649
5.8300 4.6569
5.8400 4.6490
5.8500 4.6411
5.8600 4.6332
5.8700 4.6253
5.8800 4.6175
5.8900 4.6096
5.9000 4.6018
5.9100 4.5941
5.9200 4.5863
5.9300 4.5786
5.9400 4.5709
5.9500 4.5633
5.9600 4.5556
5.9700 4.5480
5.9800 4.5404
5.9900 4.5329
6.0000 4.5254
6.0100 4.5178
6.0200 4.5104
6.0300 4.5029
6.0400 4.4955
6.0500 4.4881
6.0600 4.4807
6.0700 4.4733
6.0800 4.4660
6.0900 4.4587
6.1000 4.4514
6.1100 4.4441
6.1200 4.4369
6.1300 4.4296
6.1400 4.4224
6.1500 4.4153
6.1600 4.4081
6.1700 4.4010
6.1800 4.3939
6.1900 4.3868
6.2000 4.3798
6.2100 4.3727
6.2200 4.3657
6.2300 4.3587
6.2400 4.3518
6.2500 4.3448
6.2600 4.3379
6.2700 4.3310
6.2800 4.3241
6.2900 4.3173
6.3000 4.3104
6.3100 4.3036
6.3200 4.2968
6.3300 4.2901
6.3400 4.2833
6.3500 4.2766
6.3600 4.2699
6.3700 4.2632
6.3800 4.2565
6.3900 4.2499
6.4000 4.2433
6.4100 4.2367
6.4200 4.2301
6.4300 4.2235
6.4400 4.2170
6.4500 4.2105
6.4600 4.2040
6.4700 4.1975
6.4800 4.1910
6.4900 4.1846
6.5000 4.1782
6.5100 4.1718
6.5200 4.1654
6.5300 4.1591
6.5400 4.1527
6.5500 4.1464
6.5600 4.1401
6.5700 4.1338
6.5800 4.1275
6.5900 4.1213
6.6000 4.1151
6.6100 4.1089
6.6200 4.1027
6.6300 4.0965
6.6400 4.0904
6.6500 4.0842
6.6600 4.0781
6.6700 4.0720
6.6800 4.0659
6.6900 4.0599
6.7000 4.0538
6.7100 4.0478
6.7200 4.0418
6.7300 4.0358
6.7400 4.0298
6.7500 4.0239
6.7600 4.0180
6.7700 4.0120
6.7800 4.0061
6.7900 4.0003
6.8000 3.9944
6.8100 3.9886
6.8200 3.9827
6.8300 3.9769
6.8400 3.9711
6.8500 3.9653
6.8600 3.9596
6.8700 3.9538
6.8800 3.9481
6.8900 3.9424
6.9000 3.9367
6.9100 3.9310
6.9200 3.9253
6.9300 3.9197
6.9400 3.9141
6.9500 3.9085
6.9600 3.9029
6.9700 3.8973
6.9800 3.8917
6.9900 3.8862
7.0000 3.8806
7.0100 3.8751
7.0200 3.8696
7.0300 3.8641
7.0400 3.8586
7.0500 3.8532
7.0600 3.8477
7.0700 3.8423
7.0800 3.8369
7.0900 3.8315
7.1000 3.8261
7.1100 3.8208
7.1200 3.8154
7.1300 3.8101
7.1400 3.8048
7.1500 3.7995
7.1600 3.7942
7.1700 3.7889
7.1800 3.7836
7.1900 3.7784
7.2000 3.7732
7.2100 3.7680
7.2200 3.7628
7.2300 3.7576
7.2400 3.7524
7.2500 3.7472
7.2600 3.7421
7.2700 3.7370
7.2800 3.7318
7.2900 3.7267
7.3000 3.7217
7.3100 3.7166
7.3200 3.7115
7.3300 3.7065
7.3400 3.7014
7.3500 3.6964
7.3600 3.6914
7.3700 3.6864
7.3800 3.6814
7.3900 3.6765
7.4000 3.6715
7.4100 3.6666
7.4200 3.6617
7.4300 3.6567
7.4400 3.6519
7.4500 3.6470
7.4600 3.6421
7.4700 3.6372
7.4800 3.6324
7.4900 3.6276
7.5000 3.6227
7.5100 3.6179
7.5200 3.6131
7.5300 3.6083
7.5400 3.6036
7.5500 3.5988
7.5600 3.5941
7.5700 3.5893
7.5800 3.5846
7.5900 3.5799
7.6000 3.5752
7.6100 3.5705
7.6200 3.5659
7.6300 3.5612
7.6400 3.5566
7.6500 3.5519
7.6600 3.5473
7.6700 3.5427
7.6800 3.5381
7.6900 3.5335
7.7000 3.5290
7.7100 3.5244
7.7200 3.5198
7.7300 3.5153
7.7400 3.5108
7.7500 3.5063
7.7600 3.5018
7.7700 3.4973
7.7800 3.4928
7.7900 3.4883
7.8000 3.4839
7.8100 3.4794
7.8200 3.4750
7.8300 3.4706
7.8400 3.4662
7.8500 3.4618
7.8600 3.4574
7.8700 3.4530
7.8800 3.4486
7.8900 3.4443
7.9000 3.4399
7.9100 3.4356
7.9200 3.4313
7.9300 3.4270
7.9400 3.4227
7.9500 3.4184
7.9600 3.4141
7.9700 3.4098
7.9800 3.4056
7.9900 3.4013
8.0000 3.3971
8.0100 3.3929
8.0200 3.3886
8.0300 3.3844
8.0400 3.3802
8.0500 3.3761
8.0600 3.3719
8.0700 3.3677
8.0800 3.3636
8.0900 3.3594
8.1000 3.3553
8.1100 3.3512
8.1200 3.3471
8.1300 3.3430
8.1400 3.3389
8.1500 3.3348
8.1600 3.3307
8.1700 3.3266
8.1800 3.3226
8.1900 3.3186
8.2000 3.3145
8.2100 3.3105
8.2200 3.3065
8.2300 3.3025
8.2400 3.2985
8.2500 3.2945
8.2600 3.2905
8.2700 3.2866
8.2800 3.2826
8.2900 3.2787
8.3000 3.2747
8.3100 3.2708
8.3200 3.2669
8.3300 3.2630
8.3400 3.2591
8.3500 3.2552
8.3600 3.2513
8.3700 3.2475
8.3800 3.2436
8.3900 3.2397
8.4000 3.2359
8.4100 3.2321
8.4200 3.2282
8.4300 3.2244
8.4400 3.2206
8.4500 3.2168
8.4600 3.2130
8.4700 3.2093
8.4800 3.2055
8.4900 3.2017
8.5000 3.1980
8.5100 3.1942
8.5200 3.1905
8.5300 3.1868
8.5400 3.1831
8.5500 3.1793
8.5600 3.1756
8.5700 3.1720
8.5800 3.1683
8.5900 3.1646
8.6000 3.1609
8.6100 3.1573
8.6200 3.1536
8.6300 3.1500
8.6400 3.1464
8.6500 3.1427
8.6600 3.1391
8.6700 3.1355
8.6800 3.1319
8.6900 3.1283
8.7000 3.1247
8.7100 3.1212
8.7200 3.1176
8.7300 3.1140
8.7400 3.1105
8.7500 3.1070
8.7600 3.1034
8.7700 3.0999
8.7800 3.0964
8.7900 3.0929
8.8000 3.0894
8.8100 3.0859
8.8200 3.0824
8.8300 3.0789
8.8400 3.0754
8.8500 3.0720
8.8600 3.0685
8.8700 3.0651
8.8800 3.0616
8.8900 3.0582
8.9000 3.0548
8.9100 3.0514
8.9200 3.0480
8.9300 3.0446
8.9400 3.0412
8.9500 3.0378
8.9600 3.0344
8.9700 3.0311
8.9800 3.0277
8.9900 3.0243
9.0000 3.0210
9.0100 3.0177
9.0200 3.0143
9.0300 3.0110
9.0400 3.0077
9.0500 3.0044
9.0600 3.0011
9.0700 2.9978
9.0800 2.9945
9.0900 2.9912
9.1000 2.9879
9.1100 2.9847
9.1200 2.9814
9.1300 2.9782
9.1400 2.9749
9.1500 2.9717
9.1600 2.9684
9.1700 2.9652
9.1800 2.9620
9.1900 2.9588
9.2000 2.9556
9.2100 2.9524
9.2200 2.9492
9.2300 2.9460
9.2400 2.9428
9.2500 2.9397
9.2600 2.9365
9.2700 2.9334
9.2800 2.9302
9.2900 2.9271
9.3000 2.9239
9.3100 2.9208
9.3200 2.9177
9.3300 2.9146
9.3400 2.9115
9.3500 2.9084
9.3600 2.9053
9.3700 2.9022
9.3800 2.8991
9.3900 2.8960
9.4000 2.8930
9.4100 2.8899
9.4200 2.8868
9.4300 2.8838
9.4400 2.8808
9.4500 2.8777
9.4600 2.8747
9.4700 2.8717
9.4800 2.8687
9.4900 2.8656
9.5000 2.8626
9.5100 2.8596
9.5200 2.8566
9.5300 2.8537
9.5400 2.8507
9.5500 2.8477
9.5600 2.8447
9.5700 2.8418
9.5800 2.8388
9.5900 2.8359
9.6000 2.8329
9.6100 2.8300
9.6200 2.8271
9.6300 2.8242
9.6400 2.8212
9.6500 2.8183
9.6600 2.8154
9.6700 2.8125
9.6800 2.8096
9.6900 2.8067
9.7000 2.8039
9.7100 2.8010
9.7200 2.7981
9.7300 2.7953
9.7400 2.7924
9.7500 2.7896
9.7600 2.7867
9.7700 2.7839
9.7800 2.7810
9.7900 2.7782
9.8000 2.7754
9.8100 2.7726
9.8200 2.7698
9.8300 2.7669
9.8400 2.7641
9.8500 2.7614
9.8600 2.7586
9.8700 2.7558
9.8800 2.7530
9.8900 2.7502
9.9000 2.7475
9.9100 2.7447
9.9200 2.7420
9.9300 2.7392
9.9400 2.7365
9.9500 2.7337
9.9600 2.7310
9.9700 2.7283
9.9800 2.7255
9.9900 2.7228
10.000 2.7201
10.100 2.6933
10.110 2.6907
10.120 2.6880
10.130 2.6854
10.140 2.6827
10.150 2.6801
10.160 2.6775
10.170 2.6749
10.180 2.6722
10.190 2.6696
10.200 2.6670
10.210 2.6644
10.220 2.6618
10.230 2.6592
10.240 2.6567
10.250 2.6541
10.260 2.6515
10.270 2.6489
10.280 2.6464
10.290 2.6438
10.300 2.6413
10.310 2.6387
10.320 2.6362
10.330 2.6336
10.340 2.6311
10.350 2.6285
10.360 2.6260
10.370 2.6235
10.380 2.6210
10.390 2.6185
10.400 2.6160
10.410 2.6135
10.420 2.6110
10.430 2.6085
10.440 2.6060
10.450 2.6035
10.460 2.6010
10.470 2.5986
10.480 2.5961
10.490 2.5936
10.500 2.5912
10.510 2.5887
10.520 2.5863
10.530 2.5838
10.540 2.5814
10.550 2.5790
10.560 2.5765
10.570 2.5741
10.580 2.5717
10.590 2.5693
10.600 2.5668
10.610 2.5644
10.620 2.5620
10.630 2.5596
10.640 2.5572
10.650 2.5549
10.660 2.5525
10.670 2.5501
10.680 2.5477
10.690 2.5453
10.700 2.5430
10.710 2.5406
10.720 2.5382
10.730 2.5359
10.740 2.5335
10.750 2.5312
10.760 2.5289
10.770 2.5265
10.780 2.5242
10.790 2.5219
10.800 2.5195
10.810 2.5172
10.820 2.5149
10.830 2.5126
10.840 2.5103
10.850 2.5080
10.860 2.5057
10.870 2.5034
10.880 2.5011
10.890 2.4988
10.900 2.4965
10.910 2.4943
10.920 2.4920
10.930 2.4897
10.940 2.4875
10.950 2.4852
10.960 2.4829
10.970 2.4807
10.980 2.4784
10.990 2.4762
11.000 2.4740
11.010 2.4717
11.020 2.4695
11.030 2.4673
11.040 2.4650
11.050 2.4628
11.060 2.4606
11.070 2.4584
11.080 2.4562
11.090 2.4540
11.100 2.4518
11.110 2.4496
11.120 2.4474
11.130 2.4452
11.140 2.4430
11.150 2.4408
11.160 2.4387
11.170 2.4365
11.180 2.4343
11.190 2.4322
11.200 2.4300
11.210 2.4278
11.220 2.4257
11.230 2.4235
11.240 2.4214
11.250 2.4192
11.260 2.4171
11.270 2.4150
11.280 2.4128
11.290 2.4107
11.300 2.4086
11.310 2.4065
11.320 2.4044
11.330 2.4023
11.340 2.4001
11.350 2.3980
11.360 2.3959
11.370 2.3938
11.380 2.3918
11.390 2.3897
11.400 2.3876
11.410 2.3855
11.420 2.3834
11.430 2.3813
11.440 2.3793
11.450 2.3772
11.460 2.3751
11.470 2.3731
11.480 2.3710
11.490 2.3690
11.500 2.3669
11.510 2.3649
11.520 2.3628
11.530 2.3608
11.540 2.3588
11.550 2.3567
11.560 2.3547
11.570 2.3527
11.580 2.3507
11.590 2.3486
11.600 2.3466
11.610 2.3446
11.620 2.3426
11.630 2.3406
11.640 2.3386
11.650 2.3366
11.660 2.3346
11.670 2.3326
11.680 2.3306
11.690 2.3287
11.700 2.3267
11.710 2.3247
11.720 2.3227
11.730 2.3208
11.740 2.3188
11.750 2.3168
11.760 2.3149
11.770 2.3129
11.780 2.3110
11.790 2.3090
11.800 2.3071
11.810 2.3051
11.820 2.3032
11.830 2.3012
11.840 2.2993
11.850 2.2974
11.860 2.2954
11.870 2.2935
11.880 2.2916
11.890 2.2897
11.900 2.2878
11.910 2.2859
11.920 2.2840
11.930 2.2821
11.940 2.2802
11.950 2.2783
11.960 2.2764
11.970 2.2745
11.980 2.2726
11.990 2.2707
12.000 2.2688
12.010 2.2669
12.020 2.2651
12.030 2.2632
12.040 2.2613
12.050 2.2594
12.060 2.2576
12.070 2.2557
12.080 2.2539
12.090 2.2520
12.100 2.2502
12.110 2.2483
12.120 2.2465
12.130 2.2446
12.140 2.2428
12.150 2.2410
12.160 2.2391
12.170 2.2373
12.180 2.2355
12.190 2.2336
12.200 2.2318
12.210 2.2300
12.220 2.2282
12.230 2.2264
12.240 2.2246
12.250 2.2228
12.260 2.2210
12.270 2.2192
12.280 2.2174
12.290 2.2156
12.300 2.2138
12.310 2.2120
12.320 2.2102
12.330 2.2084
12.340 2.2066
12.350 2.2049
12.360 2.2031
12.370 2.2013
12.380 2.1995
12.390 2.1978
12.400 2.1960
12.410 2.1943
12.420 2.1925
12.430 2.1908
12.440 2.1890
12.450 2.1873
12.460 2.1855
12.470 2.1838
12.480 2.1820
12.490 2.1803
12.500 2.1786
12.510 2.1768
12.520 2.1751
12.530 2.1734
12.540 2.1716
12.550 2.1699
12.560 2.1682
12.570 2.1665
12.580 2.1648
12.590 2.1631
12.600 2.1614
12.610 2.1597
12.620 2.1580
12.630 2.1563
12.640 2.1546
12.650 2.1529
12.660 2.1512
12.670 2.1495
12.680 2.1478
12.690 2.1461
12.700 2.1444
12.710 2.1428
12.720 2.1411
12.730 2.1394
12.740 2.1377
12.750 2.1361
12.760 2.1344
12.770 2.1327
12.780 2.1311
12.790 2.1294
12.800 2.1278
12.810 2.1261
12.820 2.1245
12.830 2.1228
12.840 2.1212
12.850 2.1195
12.860 2.1179
12.870 2.1163
12.880 2.1146
12.890 2.1130
12.900 2.1114
12.910 2.1098
12.920 2.1081
12.930 2.1065
12.940 2.1049
12.950 2.1033
12.960 2.1017
12.970 2.1001
12.980 2.0984
12.990 2.0968
13.000 2.0952
13.010 2.0936
13.020 2.0920
13.030 2.0904
13.040 2.0888
13.050 2.0873
13.060 2.0857
13.070 2.0841
13.080 2.0825
13.090 2.0809
13.100 2.0793
13.110 2.0778
13.120 2.0762
13.130 2.0746
13.140 2.0730
13.150 2.0715
13.160 2.0699
13.170 2.0683
13.180 2.0668
13.190 2.0652
13.200 2.0637
13.210 2.0621
13.220 2.0606
13.230 2.0590
13.240 2.0575
13.250 2.0559
13.260 2.0544
13.270 2.0529
13.280 2.0513
13.290 2.0498
13.300 2.0482
13.310 2.0467
13.320 2.0452
13.330 2.0437
13.340 2.0421
13.350 2.0406
13.360 2.0391
13.370 2.0376
13.380 2.0361
13.390 2.0346
13.400 2.0331
13.410 2.0315
13.420 2.0300
13.430 2.0285
13.440 2.0270
13.450 2.0255
13.460 2.0240
13.470 2.0226
13.480 2.0211
13.490 2.0196
13.500 2.0181
13.510 2.0166
13.520 2.0151
13.530 2.0136
13.540 2.0122
13.550 2.0107
13.560 2.0092
13.570 2.0077
13.580 2.0063
13.590 2.0048
13.600 2.0033
13.610 2.0019
13.620 2.0004
13.630 1.9990
13.640 1.9975
13.650 1.9960
13.660 1.9946
13.670 1.9931
13.680 1.9917
13.690 1.9902
13.700 1.9888
13.710 1.9874
13.720 1.9859
13.730 1.9845
13.740 1.9831
13.750 1.9816
13.760 1.9802
13.770 1.9788
13.780 1.9773
13.790 1.9759
13.800 1.9745
13.810 1.9731
13.820 1.9716
13.830 1.9702
13.840 1.9688
13.850 1.9674
13.860 1.9660
13.870 1.9646
13.880 1.9632
13.890 1.9618
13.900 1.9604
13.910 1.9590
13.920 1.9576
13.930 1.9562
13.940 1.9548
13.950 1.9534
13.960 1.9520
13.970 1.9506
13.980 1.9492
13.990 1.9478
14.000 1.9465
14.010 1.9451
14.020 1.9437
14.030 1.9423
14.040 1.9409
14.050 1.9396
14.060 1.9382
14.070 1.9368
14.080 1.9355
14.090 1.9341
14.100 1.9327
14.110 1.9314
14.120 1.9300
14.130 1.9287
14.140 1.9273
14.150 1.9259
14.160 1.9246
14.170 1.9232
14.180 1.9219
14.190 1.9206
14.200 1.9192
14.210 1.9179
14.220 1.9165
14.230 1.9152
14.240 1.9139
14.250 1.9125
14.260 1.9112
14.270 1.9099
14.280 1.9085
14.290 1.9072
14.300 1.9059
14.310 1.9046
14.320 1.9032
14.330 1.9019
14.340 1.9006
14.350 1.8993
14.360 1.8980
14.370 1.8967
14.380 1.8953
14.390 1.8940
14.400 1.8927
14.410 1.8914
14.420 1.8901
14.430 1.8888
14.440 1.8875
14.450 1.8862
14.460 1.8849
14.470 1.8836
14.480 1.8823
14.490 1.8810
14.500 1.8798
14.510 1.8785
14.520 1.8772
14.530 1.8759
14.540 1.8746
14.550 1.8733
14.560 1.8721
14.570 1.8708
14.580 1.8695
14.590 1.8682
14.600 1.8670
14.610 1.8657
14.620 1.8644
14.630 1.8632
14.640 1.8619
14.650 1.8606
14.660 1.8594
14.670 1.8581
14.680 1.8569
14.690 1.8556
14.700 1.8543
14.710 1.8531
14.720 1.8518
14.730 1.8506
14.740 1.8494
14.750 1.8481
14.760 1.8469
14.770 1.8456
14.780 1.8444
14.790 1.8431
14.800 1.8419
14.810 1.8407
14.820 1.8394
14.830 1.8382
14.840 1.8370
14.850 1.8357
14.860 1.8345
14.870 1.8333
14.880 1.8321
14.890 1.8308
14.900 1.8296
14.910 1.8284
14.920 1.8272
14.930 1.8260
14.940 1.8248
14.950 1.8235
14.960 1.8223
14.970 1.8211
14.980 1.8199
14.990 1.8187
15.000 1.8175
15.100 1.8056
15.110 1.8044
15.120 1.8032
15.130 1.8020
15.140 1.8008
15.150 1.7996
15.160 1.7985
15.170 1.7973
15.180 1.7961
15.190 1.7949
15.200 1.7938
15.210 1.7926
15.220 1.7914
15.230 1.7902
15.240 1.7891
15.250 1.7879
15.260 1.7868
15.270 1.7856
15.280 1.7844
15.290 1.7833
15.300 1.7821
15.310 1.7810
15.320 1.7798
15.330 1.7786
15.340 1.7775
15.350 1.7763
15.360 1.7752
15.370 1.7741
15.380 1.7729
15.390 1.7718
15.400 1.7706
15.410 1.7695
15.420 1.7683
15.430 1.7672
15.440 1.7661
15.450 1.7649
15.460 1.7638
15.470 1.7627
15.480 1.7615
15.490 1.7604
15.500 1.7593
15.510 1.7581
15.520 1.7570
15.530 1.7559
15.540 1.7548
15.550 1.7537
15.560 1.7525
15.570 1.7514
15.580 1.7503
15.590 1.7492
15.600 1.7481
15.610 1.7470
15.620 1.7459
15.630 1.7447
15.640 1.7436
15.650 1.7425
15.660 1.7414
15.670 1.7403
15.680 1.7392
15.690 1.7381
15.700 1.7370
15.710 1.7359
15.720 1.7348
15.730 1.7337
15.740 1.7326
15.750 1.7315
15.760 1.7305
15.770 1.7294
15.780 1.7283
15.790 1.7272
15.800 1.7261
15.810 1.7250
15.820 1.7239
15.830 1.7229
15.840 1.7218
15.850 1.7207
15.860 1.7196
15.870 1.7185
15.880 1.7175
15.890 1.7164
15.900 1.7153
15.910 1.7143
15.920 1.7132
15.930 1.7121
15.940 1.7111
15.950 1.7100
15.960 1.7089
15.970 1.7079
15.980 1.7068
15.990 1.7057
16.000 1.7047
16.010 1.7036
16.020 1.7026
16.030 1.7015
16.040 1.7005
16.050 1.6994
16.060 1.6984
16.070 1.6973
16.080 1.6963
16.090 1.6952
16.100 1.6942
16.110 1.6931
16.120 1.6921
16.130 1.6910
16.140 1.6900
16.150 1.6890
16.160 1.6879
16.170 1.6869
16.180 1.6859
16.190 1.6848
16.200 1.6838
16.210 1.6828
16.220 1.6817
16.230 1.6807
16.240 1.6797
16.250 1.6786
16.260 1.6776
16.270 1.6766
16.280 1.6756
16.290 1.6746
16.300 1.6735
16.310 1.6725
16.320 1.6715
16.330 1.6705
16.340 1.6695
16.350 1.6685
16.360 1.6674
16.370 1.6664
16.380 1.6654
16.390 1.6644
16.400 1.6634
16.410 1.6624
16.420 1.6614
16.430 1.6604
16.440 1.6594
16.450 1.6584
16.460 1.6574
16.470 1.6564
16.480 1.6554
16.490 1.6544
16.500 1.6534
16.510 1.6524
16.520 1.6514
16.530 1.6504
16.540 1.6494
16.550 1.6484
16.560 1.6475
16.570 1.6465
16.580 1.6455
16.590 1.6445
16.600 1.6435
16.610 1.6425
16.620 1.6415
16.630 1.6406
16.640 1.6396
16.650 1.6386
16.660 1.6376
16.670 1.6367
16.680 1.6357
16.690 1.6347
16.700 1.6337
16.710 1.6328
16.720 1.6318
16.730 1.6308
16.740 1.6299
16.750 1.6289
16.760 1.6279
16.770 1.6270
16.780 1.6260
16.790 1.6251
16.800 1.6241
16.810 1.6231
16.820 1.6222
16.830 1.6212
16.840 1.6203
16.850 1.6193
16.860 1.6184
16.870 1.6174
16.880 1.6165
16.890 1.6155
16.900 1.6146
16.910 1.6136
16.920 1.6127
16.930 1.6117
16.940 1.6108
16.950 1.6098
16.960 1.6089
16.970 1.6079
16.980 1.6070
16.990 1.6061
17.000 1.6051
17.010 1.6042
17.020 1.6033
17.030 1.6023
17.040 1.6014
17.050 1.6005
17.060 1.5995
17.070 1.5986
17.080 1.5977
17.090 1.5967
17.100 1.5958
17.110 1.5949
17.120 1.5940
17.130 1.5930
17.140 1.5921
17.150 1.5912
17.160 1.5903
17.170 1.5894
17.180 1.5884
17.190 1.5875
17.200 1.5866
17.210 1.5857
17.220 1.5848
17.230 1.5839
17.240 1.5830
17.250 1.5820
17.260 1.5811
17.270 1.5802
17.280 1.5793
17.290 1.5784
17.300 1.5775
17.310 1.5766
17.320 1.5757
17.330 1.5748
17.340 1.5739
17.350 1.5730
17.360 1.5721
17.370 1.5712
17.380 1.5703
17.390 1.5694
17.400 1.5685
17.410 1.5676
17.420 1.5667
17.430 1.5658
17.440 1.5649
17.450 1.5641
17.460 1.5632
17.470 1.5623
17.480 1.5614
17.490 1.5605
17.500 1.5596
17.510 1.5587
17.520 1.5579
17.530 1.5570
17.540 1.5561
17.550 1.5552
17.560 1.5543
17.570 1.5535
17.580 1.5526
17.590 1.5517
17.600 1.5508
17.610 1.5500
17.620 1.5491
17.630 1.5482
17.640 1.5473
17.650 1.5465
17.660 1.5456
17.670 1.5447
17.680 1.5439
17.690 1.5430
17.700 1.5421
17.710 1.5413
17.720 1.5404
17.730 1.5395
17.740 1.5387
17.750 1.5378
17.760 1.5370
17.770 1.5361
17.780 1.5353
17.790 1.5344
17.800 1.5335
17.810 1.5327
17.820 1.5318
17.830 1.5310
17.840 1.5301
17.850 1.5293
17.860 1.5284
17.870 1.5276
17.880 1.5267
17.890 1.5259
17.900 1.5250
17.910 1.5242
17.920 1.5234
17.930 1.5225
17.940 1.5217
17.950 1.5208
17.960 1.5200
17.970 1.5192
17.980 1.5183
17.990 1.5175
18.000 1.5166
18.010 1.5158
18.020 1.5150
18.030 1.5141
18.040 1.5133
18.050 1.5125
18.060 1.5116
18.070 1.5108
18.080 1.5100
18.090 1.5092
18.100 1.5083
18.110 1.5075
18.120 1.5067
18.130 1.5059
18.140 1.5050
18.150 1.5042
18.160 1.5034
18.170 1.5026
18.180 1.5017
18.190 1.5009
18.200 1.5001
18.210 1.4993
18.220 1.4985
18.230 1.4977
18.240 1.4968
18.250 1.4960
18.260 1.4952
18.270 1.4944
18.280 1.4936
18.290 1.4928
18.300 1.4920
18.310 1.4912
18.320 1.4904
18.330 1.4896
18.340 1.4888
18.350 1.4879
18.360 1.4871
18.370 1.4863
18.380 1.4855
18.390 1.4847
18.400 1.4839
18.410 1.4831
18.420 1.4823
18.430 1.4815
18.440 1.4807
18.450 1.4799
18.460 1.4792
18.470 1.4784
18.480 1.4776
18.490 1.4768
18.500 1.4760
18.510 1.4752
18.520 1.4744
18.530 1.4736
18.540 1.4728
18.550 1.4720
18.560 1.4712
18.570 1.4705
18.580 1.4697
18.590 1.4689
18.600 1.4681
18.610 1.4673
18.620 1.4665
18.630 1.4658
18.640 1.4650
18.650 1.4642
18.660 1.4634
18.670 1.4627
18.680 1.4619
18.690 1.4611
18.700 1.4603
18.710 1.4596
18.720 1.4588
18.730 1.4580
18.740 1.4572
18.750 1.4565
18.760 1.4557
18.770 1.4549
18.780 1.4542
18.790 1.4534
18.800 1.4526
18.810 1.4519
18.820 1.4511
18.830 1.4503
18.840 1.4496
18.850 1.4488
18.860 1.4480
18.870 1.4473
18.880 1.4465
18.890 1.4458
18.900 1.4450
18.910 1.4442
18.920 1.4435
18.930 1.4427
18.940 1.4420
18.950 1.4412
18.960 1.4405
18.970 1.4397
18.980 1.4390
18.990 1.4382
19.000 1.4375
19.010 1.4367
19.020 1.4360
19.030 1.4352
19.040 1.4345
19.050 1.4337
19.060 1.4330
19.070 1.4322
19.080 1.4315
19.090 1.4307
19.100 1.4300
19.110 1.4293
19.120 1.4285
19.130 1.4278
19.140 1.4270
19.150 1.4263
19.160 1.4256
19.170 1.4248
19.180 1.4241
19.190 1.4234
19.200 1.4226
19.210 1.4219
19.220 1.4211
19.230 1.4204
19.240 1.4197
19.250 1.4190
19.260 1.4182
19.270 1.4175
19.280 1.4168
19.290 1.4160
19.300 1.4153
19.310 1.4146
19.320 1.4139
19.330 1.4131
19.340 1.4124
19.350 1.4117
19.360 1.4110
19.370 1.4102
19.380 1.4095
19.390 1.4088
19.400 1.4081
19.410 1.4074
19.420 1.4066
19.430 1.4059
19.440 1.4052
19.450 1.4045
19.460 1.4038
19.470 1.4031
19.480 1.4023
19.490 1.4016
19.500 1.4009
19.510 1.4002
19.520 1.3995
19.530 1.3988
19.540 1.3981
19.550 1.3974
19.560 1.3967
19.570 1.3960
19.580 1.3952
19.590 1.3945
19.600 1.3938
19.610 1.3931
19.620 1.3924
19.630 1.3917
19.640 1.3910
19.650 1.3903
19.660 1.3896
19.670 1.3889
19.680 1.3882
19.690 1.3875
19.700 1.3868
19.710 1.3861
19.720 1.3854
19.730 1.3847
19.740 1.3840
19.750 1.3833
19.760 1.3826
19.770 1.3820
19.780 1.3813
19.790 1.3806
19.800 1.3799
19.810 1.3792
19.820 1.3785
19.830 1.3778
19.840 1.3771
19.850 1.3764
19.860 1.3757
19.870 1.3751
19.880 1.3744
19.890 1.3737
19.900 1.3730
19.910 1.3723
19.920 1.3716
19.930 1.3710
19.940 1.3703
19.950 1.3696
19.960 1.3689
19.970 1.3682
19.980 1.3676
19.990 1.3669
20.000 1.3662
20.100 1.3595
20.110 1.3588
20.120 1.3581
20.130 1.3575
20.140 1.3568
20.150 1.3561
20.160 1.3555
20.170 1.3548
20.180 1.3541
20.190 1.3535
20.200 1.3528
20.210 1.3521
20.220 1.3515
20.230 1.3508
20.240 1.3502
20.250 1.3495
20.260 1.3488
20.270 1.3482
20.280 1.3475
20.290 1.3469
20.300 1.3462
20.310 1.3455
20.320 1.3449
20.330 1.3442
20.340 1.3436
20.350 1.3429
20.360 1.3423
20.370 1.3416
20.380 1.3410
20.390 1.3403
20.400 1.3397
20.410 1.3390
20.420 1.3384
20.430 1.3377
20.440 1.3371
20.450 1.3364
20.460 1.3358
20.470 1.3351
20.480 1.3345
20.490 1.3338
20.500 1.3332
20.510 1.3325
20.520 1.3319
20.530 1.3313
20.540 1.3306
20.550 1.3300
20.560 1.3293
20.570 1.3287
20.580 1.3280
20.590 1.3274
20.600 1.3268
20.610 1.3261
20.620 1.3255
20.630 1.3249
20.640 1.3242
20.650 1.3236
20.660 1.3230
20.670 1.3223
20.680 1.3217
20.690 1.3211
20.700 1.3204
20.710 1.3198
20.720 1.3192
20.730 1.3185
20.740 1.3179
20.750 1.3173
20.760 1.3166
20.770 1.3160
20.780 1.3154
20.790 1.3148
20.800 1.3141
20.810 1.3135
20.820 1.3129
20.830 1.3123
20.840 1.3116
20.850 1.3110
20.860 1.3104
20.870 1.3098
20.880 1.3091
20.890 1.3085
20.900 1.3079
20.910 1.3073
20.920 1.3067
20.930 1.3060
20.940 1.3054
20.950 1.3048
20.960 1.3042
20.970 1.3036
20.980 1.3030
20.990 1.3023
21.000 1.3017
21.010 1.3011
21.020 1.3005
21.030 1.2999
21.040 1.2993
21.050 1.2987
21.060 1.2981
21.070 1.2974
21.080 1.2968
21.090 1.2962
21.100 1.2956
21.110 1.2950
21.120 1.2944
21.130 1.2938
21.140 1.2932
21.150 1.2926
21.160 1.2920
21.170 1.2914
21.180 1.2908
21.190 1.2902
21.200 1.2896
21.210 1.2890
21.220 1.2884
21.230 1.2878
21.240 1.2872
21.250 1.2866
21.260 1.2860
21.270 1.2854
21.280 1.2848
21.290 1.2842
21.300 1.2836
21.310 1.2830
21.320 1.2824
21.330 1.2818
21.340 1.2812
21.350 1.2806
21.360 1.2800
21.370 1.2794
21.380 1.2788
21.390 1.2782
21.400 1.2776
21.410 1.2770
21.420 1.2765
21.430 1.2759
21.440 1.2753
21.450 1.2747
21.460 1.2741
21.470 1.2735
21.480 1.2729
21.490 1.2723
21.500 1.2717
21.510 1.2712
21.520 1.2706
21.530 1.2700
21.540 1.2694
21.550 1.2688
21.560 1.2682
21.570 1.2677
21.580 1.2671
21.590 1.2665
21.600 1.2659
21.610 1.2653
21.620 1.2648
21.630 1.2642
21.640 1.2636
21.650 1.2630
21.660 1.2624
21.670 1.2619
21.680 1.2613
21.690 1.2607
21.700 1.2601
21.710 1.2596
21.720 1.2590
21.730 1.2584
21.740 1.2578
21.750 1.2573
21.760 1.2567
21.770 1.2561
21.780 1.2556
21.790 1.2550
21.800 1.2544
21.810 1.2538
21.820 1.2533
21.830 1.2527
21.840 1.2521
21.850 1.2516
21.860 1.2510
21.870 1.2504
21.880 1.2499
21.890 1.2493
21.900 1.2487
21.910 1.2482
21.920 1.2476
21.930 1.2471
21.940 1.2465
21.950 1.2459
21.960 1.2454
21.970 1.2448
21.980 1.2442
21.990 1.2437
22.000 1.2431
22.010 1.2426
22.020 1.2420
22.030 1.2414
22.040 1.2409
22.050 1.2403
22.060 1.2398
22.070 1.2392
22.080 1.2387
22.090 1.2381
22.100 1.2376
22.110 1.2370
22.120 1.2364
22.130 1.2359
22.140 1.2353
22.150 1.2348
22.160 1.2342
22.170 1.2337
22.180 1.2331
22.190 1.2326
22.200 1.2320
22.210 1.2315
22.220 1.2309
22.230 1.2304
22.240 1.2298
22.250 1.2293
22.260 1.2287
22.270 1.2282
22.280 1.2277
22.290 1.2271
22.300 1.2266
22.310 1.2260
22.320 1.2255
22.330 1.2249
22.340 1.2244
22.350 1.2238
22.360 1.2233
22.370 1.2228
22.380 1.2222
22.390 1.2217
22.400 1.2211
22.410 1.2206
22.420 1.2201
22.430 1.2195
22.440 1.2190
22.450 1.2185
22.460 1.2179
22.470 1.2174
22.480 1.2168
22.490 1.2163
22.500 1.2158
22.510 1.2152
22.520 1.2147
22.530 1.2142
22.540 1.2136
22.550 1.2131
22.560 1.2126
22.570 1.2120
22.580 1.2115
22.590 1.2110
22.600 1.2104
22.610 1.2099
22.620 1.2094
22.630 1.2089
22.640 1.2083
22.650 1.2078
22.660 1.2073
22.670 1.2067
22.680 1.2062
22.690 1.2057
22.700 1.2052
22.710 1.2046
22.720 1.2041
22.730 1.2036
22.740 1.2031
22.750 1.2025
22.760 1.2020
22.770 1.2015
22.780 1.2010
22.790 1.2005
22.800 1.1999
22.810 1.1994
22.820 1.1989
22.830 1.1984
22.840 1.1979
22.850 1.1973
22.860 1.1968
22.870 1.1963
22.880 1.1958
22.890 1.1953
22.900 1.1948
22.910 1.1942
22.920 1.1937
22.930 1.1932
22.940 1.1927
22.950 1.1922
22.960 1.1917
22.970 1.1911
22.980 1.1906
22.990 1.1901
23.000 1.1896
23.010 1.1891
23.020 1.1886
23.030 1.1881
23.040 1.1876
23.050 1.1871
23.060 1.1865
23.070 1.1860
23.080 1.1855
23.090 1.1850
23.100 1.1845
23.110 1.1840
23.120 1.1835
23.130 1.1830
23.140 1.1825
23.150 1.1820
23.160 1.1815
23.170 1.1810
23.180 1.1805
23.190 1.1800
23.200 1.1795
23.210 1.1790
23.220 1.1785
23.230 1.1780
23.240 1.1775
23.250 1.1770
23.260 1.1764
23.270 1.1759
23.280 1.1754
23.290 1.1750
23.300 1.1745
23.310 1.1740
23.320 1.1735
23.330 1.1730
23.340 1.1725
23.350 1.1720
23.360 1.1715
23.370 1.1710
23.380 1.1705
23.390 1.1700
23.400 1.1695
23.410 1.1690
23.420 1.1685
23.430 1.1680
23.440 1.1675
23.450 1.1670
23.460 1.1665
23.470 1.1660
23.480 1.1655
23.490 1.1651
23.500 1.1646
23.510 1.1641
23.520 1.1636
23.530 1.1631
23.540 1.1626
23.550 1.1621
23.560 1.1616
23.570 1.1611
23.580 1.1607
23.590 1.1602
23.600 1.1597
23.610 1.1592
23.620 1.1587
23.630 1.1582
23.640 1.1577
23.650 1.1573
23.660 1.1568
23.670 1.1563
23.680 1.1558
23.690 1.1553
23.700 1.1548
23.710 1.1544
23.720 1.1539
23.730 1.1534
23.740 1.1529
23.750 1.1524
23.760 1.1520
23.770 1.1515
23.780 1.1510
23.790 1.1505
23.800 1.1500
23.810 1.1496
23.820 1.1491
23.830 1.1486
23.840 1.1481
23.850 1.1477
23.860 1.1472
23.870 1.1467
23.880 1.1462
23.890 1.1458
23.900 1.1453
23.910 1.1448
23.920 1.1443
23.930 1.1439
23.940 1.1434
23.950 1.1429
23.960 1.1424
23.970 1.1420
23.980 1.1415
23.990 1.1410
24.000 1.1406
24.010 1.1401
24.020 1.1396
24.030 1.1391
24.040 1.1387
24.050 1.1382
24.060 1.1377
24.070 1.1373
24.080 1.1368
24.090 1.1363
24.100 1.1359
24.110 1.1354
24.120 1.1349
24.130 1.1345
24.140 1.1340
24.150 1.1335
24.160 1.1331
24.170 1.1326
24.180 1.1322
24.190 1.1317
24.200 1.1312
24.210 1.1308
24.220 1.1303
24.230 1.1298
24.240 1.1294
24.250 1.1289
24.260 1.1285
24.270 1.1280
24.280 1.1275
24.290 1.1271
24.300 1.1266
24.310 1.1262
24.320 1.1257
24.330 1.1253
24.340 1.1248
24.350 1.1243
24.360 1.1239
24.370 1.1234
24.380 1.1230
24.390 1.1225
24.400 1.1221
24.410 1.1216
24.420 1.1212
24.430 1.1207
24.440 1.1202
24.450 1.1198
24.460 1.1193
24.470 1.1189
24.480 1.1184
24.490 1.1180
24.500 1.1175
24.510 1.1171
24.520 1.1166
24.530 1.1162
24.540 1.1157
24.550 1.1153
24.560 1.1148
24.570 1.1144
24.580 1.1139
24.590 1.1135
24.600 1.1130
24.610 1.1126
24.620 1.1121
24.630 1.1117
24.640 1.1113
24.650 1.1108
24.660 1.1104
24.670 1.1099
24.680 1.1095
24.690 1.1090
24.700 1.1086
24.710 1.1081
24.720 1.1077
24.730 1.1073
24.740 1.1068
24.750 1.1064
24.760 1.1059
24.770 1.1055
24.780 1.1050
24.790 1.1046
24.800 1.1042
24.810 1.1037
24.820 1.1033
24.830 1.1028
24.840 1.1024
24.850 1.1020
24.860 1.1015
24.870 1.1011
24.880 1.1006
24.890 1.1002
24.900 1.0998
24.910 1.0993
24.920 1.0989
24.930 1.0985
24.940 1.0980
24.950 1.0976
24.960 1.0972
24.970 1.0967
24.980 1.0963
24.990 1.0959
25.000 1.0954
25.100 1.0911
25.110 1.0907
25.120 1.0903
25.130 1.0898
25.140 1.0894
25.150 1.0890
25.160 1.0885
25.170 1.0881
25.180 1.0877
25.190 1.0873
25.200 1.0868
25.210 1.0864
25.220 1.0860
25.230 1.0856
25.240 1.0851
25.250 1.0847
25.260 1.0843
25.270 1.0839
25.280 1.0834
25.290 1.0830
25.300 1.0826
25.310 1.0822
25.320 1.0817
25.330 1.0813
25.340 1.0809
25.350 1.0805
25.360 1.0801
25.370 1.0796
25.380 1.0792
25.390 1.0788
25.400 1.0784
25.410 1.0779
25.420 1.0775
25.430 1.0771
25.440 1.0767
25.450 1.0763
25.460 1.0759
25.470 1.0754
25.480 1.0750
25.490 1.0746
25.500 1.0742
25.510 1.0738
25.520 1.0734
25.530 1.0729
25.540 1.0725
25.550 1.0721
25.560 1.0717
25.570 1.0713
25.580 1.0709
25.590 1.0705
25.600 1.0700
25.610 1.0696
25.620 1.0692
25.630 1.0688
25.640 1.0684
25.650 1.0680
25.660 1.0676
25.670 1.0672
25.680 1.0667
25.690 1.0663
25.700 1.0659
25.710 1.0655
25.720 1.0651
25.730 1.0647
25.740 1.0643
25.750 1.0639
25.760 1.0635
25.770 1.0631
25.780 1.0627
25.790 1.0622
25.800 1.0618
25.810 1.0614
25.820 1.0610
25.830 1.0606
25.840 1.0602
25.850 1.0598
25.860 1.0594
25.870 1.0590
25.880 1.0586
25.890 1.0582
25.900 1.0578
25.910 1.0574
25.920 1.0570
25.930 1.0566
25.940 1.0562
25.950 1.0558
25.960 1.0554
25.970 1.0550
25.980 1.0546
25.990 1.0542
26.000 1.0538
26.010 1.0534
26.020 1.0530
26.030 1.0526
26.040 1.0522
26.050 1.0518
26.060 1.0514
26.070 1.0510
26.080 1.0506
26.090 1.0502
26.100 1.0498
26.110 1.0494
26.120 1.0490
26.130 1.0486
26.140 1.0482
26.150 1.0478
26.160 1.0474
26.170 1.0470
26.180 1.0466
26.190 1.0462
26.200 1.0458
26.210 1.0454
26.220 1.0450
26.230 1.0446
26.240 1.0442
26.250 1.0438
26.260 1.0435
26.270 1.0431
26.280 1.0427
26.290 1.0423
26.300 1.0419
26.310 1.0415
26.320 1.0411
26.330 1.0407
26.340 1.0403
26.350 1.0399
26.360 1.0395
26.370 1.0392
26.380 1.0388
26.390 1.0384
26.400 1.0380
26.410 1.0376
26.420 1.0372
26.430 1.0368
26.440 1.0364
26.440 1.0364
26.440 1.0364
26.450 1.0360
26.460 1.0357
26.470 1.0353
26.480 1.0349
26.490 1.0345
26.500 1.0341
26.510 1.0337
26.520 1.0333
26.530 1.0330
26.540 1.0326
26.550 1.0322
26.560 1.0318
26.570 1.0314
26.580 1.0310
26.590 1.0307
26.600 1.0303
26.610 1.0299
26.620 1.0295
26.630 1.0291
26.640 1.0287
26.650 1.0284
26.660 1.0280
26.670 1.0276
26.680 1.0272
26.690 1.0268
26.700 1.0265
26.710 1.0261
26.720 1.0257
26.730 1.0253
26.740 1.0249
26.750 1.0246
26.760 1.0242
26.770 1.0238
26.780 1.0234
26.790 1.0231
26.800 1.0227
26.810 1.0223
26.820 1.0219
26.830 1.0216
26.840 1.0212
26.850 1.0208
26.860 1.0204
26.870 1.0200
26.880 1.0197
26.890 1.0193
26.900 1.0189
26.910 1.0185
26.920 1.0182
26.930 1.0178
26.940 1.0174
26.950 1.0171
26.960 1.0167
26.970 1.0163
26.980 1.0159
26.990 1.0156
27.000 1.0152
27.010 1.0148
27.020 1.0145
27.030 1.0141
27.040 1.0137
27.050 1.0133
27.060 1.0130
27.070 1.0126
27.080 1.0122
27.090 1.0119
27.100 1.0115
27.110 1.0111
27.120 1.0108
27.130 1.0104
27.140 1.0100
27.150 1.0097
27.160 1.0093
27.170 1.0089
27.180 1.0086
27.190 1.0082
27.200 1.0078
27.210 1.0075
27.220 1.0071
27.230 1.0067
27.240 1.0064
27.250 1.0060
27.260 1.0056
27.270 1.0053
27.280 1.0049
27.290 1.0045
27.300 1.0042
27.310 1.0038
27.320 1.0034
27.330 1.0031
27.340 1.0027
27.350 1.0024
27.360 1.0020
27.370 1.0016
27.380 1.0013
27.390 1.0009
27.400 1.0006
27.410 1.0002
27.420 0.99983
27.430 0.99947
27.440 0.99911
27.450 0.99876
27.460 0.99840
27.470 0.99804
27.480 0.99768
27.490 0.99732
27.500 0.99696
27.510 0.99660
27.520 0.99625
27.530 0.99589
27.540 0.99553
27.550 0.99517
27.560 0.99482
27.570 0.99446
27.580 0.99411
27.590 0.99375
27.600 0.99339
27.610 0.99304
27.620 0.99268
27.630 0.99233
27.640 0.99197
27.650 0.99162
27.660 0.99127
27.670 0.99091
27.680 0.99056
27.690 0.99021
27.700 0.98985
27.710 0.98950
27.720 0.98915
27.730 0.98879
27.740 0.98844
27.750 0.98809
27.760 0.98774
27.770 0.98739
27.780 0.98704
27.790 0.98669
27.800 0.98634
27.810 0.98599
27.820 0.98564
27.830 0.98529
27.840 0.98494
27.850 0.98459
27.860 0.98424
27.870 0.98389
27.880 0.98354
27.890 0.98319
27.900 0.98284
27.910 0.98250
27.920 0.98215
27.930 0.98180
27.940 0.98146
27.950 0.98111
27.960 0.98076
27.970 0.98042
27.980 0.98007
27.990 0.97972
28.000 0.97938
28.010 0.97903
28.020 0.97869
28.030 0.97834
28.040 0.97800
28.050 0.97765
28.060 0.97731
28.070 0.97697
28.080 0.97662
28.090 0.97628
28.100 0.97594
28.110 0.97559
28.120 0.97525
28.130 0.97491
28.140 0.97457
28.150 0.97423
28.160 0.97388
28.170 0.97354
28.180 0.97320
28.190 0.97286
28.200 0.97252
28.210 0.97218
28.220 0.97184
28.230 0.97150
28.240 0.97116
28.250 0.97082
28.260 0.97048
28.270 0.97014
28.280 0.96980
28.290 0.96947
28.300 0.96913
28.310 0.96879
28.320 0.96845
28.330 0.96811
28.340 0.96778
28.350 0.96744
28.360 0.96710
28.370 0.96677
28.380 0.96643
28.390 0.96609
28.400 0.96576
28.410 0.96542
28.420 0.96509
28.430 0.96475
28.440 0.96442
28.450 0.96408
28.460 0.96375
28.470 0.96341
28.480 0.96308
28.490 0.96275
28.500 0.96241
28.510 0.96208
28.520 0.96175
28.530 0.96141
28.540 0.96108
28.550 0.96075
28.560 0.96042
28.570 0.96009
28.580 0.95975
28.590 0.95942
28.600 0.95909
28.610 0.95876
28.620 0.95843
28.630 0.95810
28.640 0.95777
28.650 0.95744
28.660 0.95711
28.670 0.95678
28.680 0.95645
28.690 0.95612
28.700 0.95579
28.710 0.95546
28.720 0.95514
28.730 0.95481
28.740 0.95448
28.750 0.95415
28.760 0.95382
28.770 0.95350
28.780 0.95317
28.790 0.95284
28.800 0.95252
28.810 0.95219
28.820 0.95186
28.830 0.95154
28.840 0.95121
28.850 0.95089
28.860 0.95056
28.870 0.95024
28.880 0.94991
28.890 0.94959
28.900 0.94926
28.910 0.94894
28.920 0.94861
28.930 0.94829
28.940 0.94797
28.950 0.94764
28.960 0.94732
28.970 0.94700
28.980 0.94668
28.990 0.94635
29.000 0.94603
29.010 0.94571
29.020 0.94539
29.030 0.94507
29.040 0.94475
29.050 0.94442
29.060 0.94410
29.070 0.94378
29.080 0.94346
29.090 0.94314
29.100 0.94282
29.110 0.94250
29.120 0.94218
29.130 0.94187
29.140 0.94155
29.150 0.94123
29.160 0.94091
29.170 0.94059
29.180 0.94027
29.190 0.93995
29.200 0.93964
29.210 0.93932
29.220 0.93900
29.230 0.93869
29.240 0.93837
29.250 0.93805
29.260 0.93774
29.270 0.93742
29.280 0.93710
29.290 0.93679
29.300 0.93647
29.310 0.93616
29.320 0.93584
29.330 0.93553
29.340 0.93521
29.350 0.93490
29.360 0.93458
29.370 0.93427
29.380 0.93396
29.390 0.93364
29.400 0.93333
29.410 0.93302
29.420 0.93270
29.430 0.93239
29.440 0.93208
29.450 0.93176
29.460 0.93145
29.470 0.93114
29.480 0.93083
29.490 0.93052
29.500 0.93021
29.510 0.92990
29.520 0.92958
29.530 0.92927
29.540 0.92896
29.550 0.92865
29.560 0.92834
29.570 0.92803
29.580 0.92772
29.590 0.92741
29.600 0.92711
29.610 0.92680
29.620 0.92649
29.630 0.92618
29.640 0.92587
29.650 0.92556
29.660 0.92526
29.670 0.92495
29.680 0.92464
29.690 0.92433
29.700 0.92403
29.710 0.92372
29.720 0.92341
29.730 0.92311
29.740 0.92280
29.750 0.92249
29.760 0.92219
29.770 0.92188
29.780 0.92158
29.790 0.92127
29.800 0.92097
29.810 0.92066
29.820 0.92036
29.830 0.92005
29.840 0.91975
29.850 0.91944
29.860 0.91914
29.870 0.91884
29.880 0.91853
29.890 0.91823
29.900 0.91793
29.910 0.91762
29.920 0.91732
29.930 0.91702
29.940 0.91672
29.950 0.91642
29.960 0.91611
29.970 0.91581
29.980 0.91551
29.990 0.91521
30.000 0.91491
