195,0.1,1.0072,0.998172,0,0.0998175,0,0.103662234308
215,0.1,1.01054,0.998592,0,0.0998594,0,0.102362924656
235,0.1,1.01841,0.998897,0.998886,0.0998898,0.0299025,0.104246362959
255,0.1,1.01001,0.999123,0.999158,0.0999124,0.0581575,0.102178083645
275,0.1,1.01263,0.999295,0.999346,0.0999295,0.0805791,0.102772179791
295,0.1,1.00778,0.999428,0.999466,0.0999428,0.0847059,0.102426587692
315,0.1,1.01097,0.999532,0.999572,0.0999532,0.0877307,0.10348448427
335,0.1,1.0102,0.999615,0.999665,0.0999615,0.0900335,0.102577418242
355,0.1,1.01867,0.999682,0.999713,0.0999682,0.0918274,0.103707960424
375,0.1,1.01249,0.999736,0.999789,0.0999736,0.0932512,0.103102615385
395,0.1,1.0043,0.99978,0.999826,0.099978,0.0943969,0.101435085818
