195,10,0.851865,0.775602,0,8.18681,0,9.44381411514
215,10,0.909679,0.839095,0,8.6097,0,9.90131348074
235,10,0.937472,0.879098,0.875724,8.91206,2.99025,10.3548325577
255,10,0.955036,0.906529,0.908977,9.13569,5.81575,10.1121783615
275,10,0.973466,0.926293,0.930702,9.30514,8.05791,10.4599814608
295,10,0.981639,0.941022,0.945887,9.436,8.47059,10.4931355908
315,10,0.986322,0.952279,0.956938,9.53867,8.77307,10.8075120642
335,10,0.989468,0.961055,0.965252,9.62032,9.00335,10.6986178625
355,10,0.998817,0.968006,0.971667,9.686,9.18274,10.8252917744
375,10,1.00537,0.973587,0.976715,9.73937,9.32512,10.793661377
395,10,1.00384,0.978119,0.980728,9.78313,9.43969,10.465604594
