195,20,0.0549631,0.041857,0,1.78087,0,13.8290151857
215,20,0.776908,0.535659,0,14.3268,0,17.9886359625
235,20,0.858837,0.719064,0.0410507,15.6607,5.9805,19.3911864325
255,20,0.894522,0.795738,0.795847,16.5746,11.6315,19.2550983002
275,20,0.929443,0.844044,0.85152,17.2529,16.1158,20.2740243572
295,20,0.947215,0.877684,0.886771,17.7724,16.9412,20.4909137695
315,20,0.967122,0.902365,0.911248,18.1786,17.5461,21.2518413158
335,20,0.977958,0.921093,0.929092,18.5011,18.0067,21.1197456035
355,20,0.984231,0.935652,0.942591,18.7603,18.3655,21.5781373793
375,20,0.993787,0.94718,0.95309,18.971,18.6502,21.6144136419
395,20,0.996189,0.956444,0.961353,19.1437,18.8794,20.9267858571
