0.10000 241.94
0.11000 219.94
0.12000 201.60
0.13000 186.08
0.14000 172.78
0.15000 161.25
0.16000 151.17
0.17000 142.27
0.18000 134.36
0.19000 127.28
0.20000 120.91
0.21000 115.15
0.22000 109.91
0.23000 105.12
0.24000 100.74
0.25000 96.702
0.26000 92.978
0.27000 89.530
0.28000 86.328
0.29000 83.346
0.30000 80.564
0.31000 77.961
0.32000 75.521
0.33000 73.229
0.34000 71.071
0.35000 69.037
0.36000 67.116
0.37000 65.298
0.38000 63.577
0.39000 61.943
0.40000 60.391
0.41000 58.915
0.42000 57.510
0.43000 56.169
0.44000 54.890
0.45000 53.667
0.46000 52.498
0.47000 51.378
0.48000 50.305
0.49000 49.276
0.50000 48.288
0.51000 47.339
0.52000 46.426
0.53000 45.547
0.54000 44.702
0.55000 43.887
0.56000 43.101
0.57000 42.342
0.58000 41.610
0.59000 40.903
0.60000 40.219
0.61000 39.557
0.62000 38.917
0.63000 38.298
0.64000 37.697
0.65000 37.115
0.66000 36.551
0.67000 36.004
0.68000 35.472
0.69000 34.956
0.70000 34.455
0.71000 33.968
0.72000 33.495
0.73000 33.034
0.74000 32.586
0.75000 32.150
0.76000 31.725
0.77000 31.311
0.78000 30.908
0.79000 30.515
0.80000 30.132
0.81000 29.759
0.82000 29.394
0.83000 29.039
0.84000 28.691
0.85000 28.352
0.86000 28.021
0.87000 27.698
0.88000 27.382
0.89000 27.072
0.90000 26.770
0.91000 26.475
0.92000 26.186
0.93000 25.903
0.94000 25.626
0.95000 25.355
0.96000 25.089
0.97000 24.829
0.98000 24.575
0.99000 24.325
1.0000 24.081
1.0100 23.841
1.0200 23.606
1.0300 23.375
1.0400 23.149
1.0500 22.928
1.0600 22.710
1.0700 22.497
1.0800 22.287
1.0900 22.082
1.1000 21.880
1.1100 21.682
1.1200 21.487
1.1300 21.296
1.1400 21.108
1.1500 20.923
1.1600 20.742
1.1700 20.563
1.1800 20.388
1.1900 20.215
1.2000 20.046
1.2100 19.879
1.2200 19.715
1.2300 19.554
1.2400 19.395
1.2500 19.239
1.2600 19.085
1.2700 18.934
1.2800 18.785
1.2900 18.639
1.3000 18.494
1.3100 18.352
1.3200 18.212
1.3300 18.074
1.3400 17.938
1.3500 17.804
1.3600 17.673
1.3700 17.543
1.3800 17.415
1.3900 17.288
1.4000 17.164
1.4100 17.041
1.4200 16.921
1.4300 16.801
1.4400 16.684
1.4500 16.568
1.4600 16.453
1.4700 16.341
1.4800 16.229
1.4900 16.120
1.5000 16.011
1.5100 15.904
1.5200 15.799
1.5300 15.695
1.5400 15.592
1.5500 15.491
1.5600 15.391
1.5700 15.292
1.5800 15.194
1.5900 15.098
1.6000 15.003
1.6100 14.909
1.6200 14.816
1.6300 14.724
1.6400 14.634
1.6500 14.544
1.6600 14.456
1.6700 14.368
1.6800 14.282
1.6900 14.197
1.7000 14.113
1.7100 14.029
1.7200 13.947
1.7300 13.866
1.7400 13.785
1.7500 13.706
1.7600 13.627
1.7700 13.549
1.7800 13.473
1.7900 13.397
1.8000 13.321
1.8100 13.247
1.8200 13.174
1.8300 13.101
1.8400 13.029
1.8500 12.958
1.8600 12.888
1.8700 12.818
1.8800 12.749
1.8900 12.681
1.9000 12.614
1.9100 12.547
1.9200 12.481
1.9300 12.416
1.9400 12.351
1.9500 12.287
1.9600 12.224
1.9700 12.161
1.9800 12.099
1.9900 12.037
2.0000 11.977
2.0100 11.916
2.0200 11.857
2.0300 11.798
2.0400 11.739
2.0500 11.681
2.0600 11.624
2.0700 11.567
2.0800 11.511
2.0900 11.455
2.1000 11.400
2.1100 11.346
2.1200 11.291
2.1300 11.238
2.1400 11.185
2.1500 11.132
2.1600 11.080
2.1700 11.028
2.1800 10.977
2.1900 10.926
2.2000 10.876
2.2100 10.826
2.2200 10.777
2.2300 10.728
2.2400 10.680
2.2500 10.632
2.2600 10.584
2.2700 10.537
2.2800 10.490
2.2900 10.444
2.3000 10.398
2.3100 10.352
2.3200 10.307
2.3300 10.262
2.3400 10.218
2.3500 10.174
2.3600 10.130
2.3700 10.087
2.3800 10.044
2.3900 10.001
2.4000 9.9591
2.4100 9.9172
2.4200 9.8757
2.4300 9.8346
2.4400 9.7937
2.4500 9.7532
2.4600 9.7131
2.4700 9.6732
2.4800 9.6337
2.4900 9.5945
2.5000 9.5556
2.5100 9.5170
2.5200 9.4787
2.5300 9.4408
2.5400 9.4031
2.5500 9.3657
2.5600 9.3286
2.5700 9.2918
2.5800 9.2553
2.5900 9.2191
2.6000 9.1831
2.6100 9.1475
2.6200 9.1121
2.6300 9.0769
2.6400 9.0421
2.6500 9.0074
2.6600 8.9731
2.6700 8.9390
2.6800 8.9052
2.6900 8.8716
2.7000 8.8383
2.7100 8.8052
2.7200 8.7723
2.7300 8.7397
2.7400 8.7074
2.7500 8.6752
2.7600 8.6433
2.7700 8.6117
2.7800 8.5802
2.7900 8.5490
2.8000 8.5180
2.8100 8.4872
2.8200 8.4567
2.8300 8.4264
2.8400 8.3962
2.8500 8.3663
2.8600 8.3366
2.8700 8.3071
2.8800 8.2778
2.8900 8.2487
2.9000 8.2199
2.9100 8.1912
2.9200 8.1627
2.9300 8.1344
2.9400 8.1063
2.9500 8.0783
2.9600 8.0506
2.9700 8.0231
2.9800 7.9957
2.9900 7.9686
3.0000 7.9416
3.0100 7.9147
3.0200 7.8881
3.0300 7.8617
3.0400 7.8354
3.0500 7.8093
3.0600 7.7833
3.0700 7.7575
3.0800 7.7319
3.0900 7.7065
3.1000 7.6812
3.1100 7.6561
3.1200 7.6312
3.1300 7.6064
3.1400 7.5817
3.1500 7.5573
3.1600 7.5329
3.1700 7.5088
3.1800 7.4847
3.1900 7.4609
3.2000 7.4372
3.2100 7.4136
3.2200 7.3902
3.2300 7.3669
3.2400 7.3437
3.2500 7.3207
3.2600 7.2979
3.2700 7.2752
3.2800 7.2526
3.2900 7.2302
3.3000 7.2079
3.3100 7.1857
3.3200 7.1637
3.3300 7.1418
3.3400 7.1200
3.3500 7.0984
3.3600 7.0768
3.3700 7.0555
3.3800 7.0342
3.3900 7.0131
3.4000 6.9921
3.4100 6.9712
3.4200 6.9504
3.4300 6.9298
3.4400 6.9093
3.4500 6.8889
3.4600 6.8686
3.4700 6.8484
3.4800 6.8284
3.4900 6.8084
3.5000 6.7886
3.5100 6.7689
3.5200 6.7493
3.5300 6.7298
3.5400 6.7104
3.5500 6.6912
3.5600 6.6720
3.5700 6.6530
3.5800 6.6340
3.5900 6.6152
3.6000 6.5964
3.6100 6.5778
3.6200 6.5593
3.6300 6.5408
3.6400 6.5225
3.6500 6.5043
3.6600 6.4862
3.6700 6.4681
3.6800 6.4502
3.6900 6.4324
3.7000 6.4147
3.7100 6.3970
3.7200 6.3795
3.7300 6.3620
3.7400 6.3447
3.7500 6.3274
3.7600 6.3102
3.7700 6.2931
3.7800 6.2761
3.7900 6.2592
3.8000 6.2424
3.8100 6.2257
3.8200 6.2091
3.8300 6.1925
3.8400 6.1761
3.8500 6.1597
3.8600 6.1434
3.8700 6.1272
3.8800 6.1110
3.8900 6.0950
3.9000 6.0790
3.9100 6.0632
3.9200 6.0474
3.9300 6.0316
3.9400 6.0160
3.9500 6.0005
3.9600 5.9850
3.9700 5.9696
3.9800 5.9542
3.9900 5.9390
4.0000 5.9238
4.0100 5.9087
4.0200 5.8937
4.0300 5.8788
4.0400 5.8639
4.0500 5.8491
4.0600 5.8344
4.0700 5.8197
4.0800 5.8051
4.0900 5.7906
4.1000 5.7762
4.1100 5.7618
4.1200 5.7475
4.1300 5.7333
4.1400 5.7191
4.1500 5.7050
4.1600 5.6910
4.1700 5.6770
4.1800 5.6631
4.1900 5.6493
4.2000 5.6355
4.2100 5.6218
4.2200 5.6082
4.2300 5.5947
4.2400 5.5812
4.2500 5.5677
4.2600 5.5543
4.2700 5.5410
4.2800 5.5278
4.2900 5.5146
4.3000 5.5015
4.3100 5.4884
4.3200 5.4754
4.3300 5.4624
4.3400 5.4496
4.3500 5.4367
4.3600 5.4240
4.3700 5.4112
4.3800 5.3986
4.3900 5.3860
4.4000 5.3735
4.4100 5.3610
4.4200 5.3486
4.4300 5.3362
4.4400 5.3239
4.4500 5.3116
4.4600 5.2994
4.4700 5.2873
4.4800 5.2752
4.4900 5.2631
4.5000 5.2512
4.5100 5.2392
4.5200 5.2273
4.5300 5.2155
4.5400 5.2037
4.5500 5.1920
4.5600 5.1803
4.5700 5.1687
4.5800 5.1572
4.5900 5.1456
4.6000 5.1342
4.6100 5.1227
4.6200 5.1114
4.6300 5.1001
4.6400 5.0888
4.6500 5.0776
4.6600 5.0664
4.6700 5.0553
4.6800 5.0442
4.6900 5.0331
4.7000 5.0221
4.7100 5.0112
4.7200 5.0003
4.7300 4.9895
4.7400 4.9787
4.7500 4.9679
4.7600 4.9572
4.7700 4.9465
4.7800 4.9359
4.7900 4.9253
4.8000 4.9148
4.8100 4.9043
4.8200 4.8939
4.8300 4.8835
4.8400 4.8731
4.8500 4.8628
4.8600 4.8525
4.8700 4.8423
4.8800 4.8321
4.8900 4.8219
4.9000 4.8118
4.9100 4.8018
4.9200 4.7917
4.9300 4.7818
4.9400 4.7718
4.9500 4.7619
4.9600 4.7520
4.9700 4.7422
4.9800 4.7324
4.9900 4.7227
5.0000 4.7130
5.1000 4.6180
5.1100 4.6087
5.1200 4.5994
5.1300 4.5902
5.1400 4.5810
5.1500 4.5719
5.1600 4.5628
5.1700 4.5537
5.1800 4.5446
5.1900 4.5356
5.2000 4.5267
5.2100 4.5177
5.2200 4.5088
5.2300 4.4999
5.2400 4.4911
5.2500 4.4823
5.2600 4.4735
5.2700 4.4648
5.2800 4.4561
5.2900 4.4474
5.3000 4.4388
5.3100 4.4302
5.3200 4.4216
5.3300 4.4131
5.3400 4.4045
5.3500 4.3961
5.3600 4.3876
5.3700 4.3792
5.3800 4.3708
5.3900 4.3625
5.4000 4.3542
5.4100 4.3459
5.4200 4.3376
5.4300 4.3294
5.4400 4.3212
5.4500 4.3130
5.4600 4.3049
5.4700 4.2967
5.4800 4.2887
5.4900 4.2806
5.5000 4.2726
5.5100 4.2646
5.5200 4.2566
5.5300 4.2487
5.5400 4.2408
5.5500 4.2329
5.5600 4.2251
5.5700 4.2172
5.5800 4.2095
5.5900 4.2017
5.6000 4.1940
5.6100 4.1862
5.6200 4.1786
5.6300 4.1709
5.6400 4.1633
5.6500 4.1557
5.6600 4.1481
5.6700 4.1405
5.6800 4.1330
5.6900 4.1255
5.7000 4.1181
5.7100 4.1106
5.7200 4.1032
5.7300 4.0958
5.7400 4.0884
5.7500 4.0811
5.7600 4.0738
5.7700 4.0665
5.7800 4.0592
5.7900 4.0520
5.8000 4.0448
5.8100 4.0376
5.8200 4.0304
5.8300 4.0233
5.8400 4.0162
5.8500 4.0091
5.8600 4.0020
5.8700 3.9950
5.8800 3.9880
5.8900 3.9810
5.9000 3.9740
5.9100 3.9671
5.9200 3.9601
5.9300 3.9532
5.9400 3.9464
5.9500 3.9395
5.9600 3.9327
5.9700 3.9259
5.9800 3.9191
5.9900 3.9123
6.0000 3.9056
6.0100 3.8989
6.0200 3.8922
6.0300 3.8855
6.0400 3.8788
6.0500 3.8722
6.0600 3.8656
6.0700 3.8590
6.0800 3.8524
6.0900 3.8459
6.1000 3.8394
6.1100 3.8329
6.1200 3.8264
6.1300 3.8199
6.1400 3.8135
6.1500 3.8071
6.1600 3.8007
6.1700 3.7943
6.1800 3.7880
6.1900 3.7816
6.2000 3.7753
6.2100 3.7690
6.2200 3.7628
6.2300 3.7565
6.2400 3.7503
6.2500 3.7441
6.2600 3.7379
6.2700 3.7317
6.2800 3.7255
6.2900 3.7194
6.3000 3.7133
6.3100 3.7072
6.3200 3.7011
6.3300 3.6951
6.3400 3.6890
6.3500 3.6830
6.3600 3.6770
6.3700 3.6710
6.3800 3.6651
6.3900 3.6591
6.4000 3.6532
6.4100 3.6473
6.4200 3.6414
6.4300 3.6355
6.4400 3.6297
6.4500 3.6239
6.4600 3.6180
6.4700 3.6123
6.4800 3.6065
6.4900 3.6007
6.5000 3.5950
6.5100 3.5892
6.5200 3.5835
6.5300 3.5778
6.5400 3.5722
6.5500 3.5665
6.5600 3.5609
6.5700 3.5553
6.5800 3.5496
6.5900 3.5441
6.6000 3.5385
6.6100 3.5329
6.6200 3.5274
6.6300 3.5219
6.6400 3.5164
6.6500 3.5109
6.6600 3.5054
6.6700 3.5000
6.6800 3.4945
6.6900 3.4891
6.7000 3.4837
6.7100 3.4783
6.7200 3.4729
6.7300 3.4676
6.7400 3.4622
6.7500 3.4569
6.7600 3.4516
6.7700 3.4463
6.7800 3.4410
6.7900 3.4358
6.8000 3.4305
6.8100 3.4253
6.8200 3.4201
6.8300 3.4149
6.8400 3.4097
6.8500 3.4045
6.8600 3.3993
6.8700 3.3942
6.8800 3.3891
6.8900 3.3840
6.9000 3.3789
6.9100 3.3738
6.9200 3.3687
6.9300 3.3637
6.9400 3.3586
6.9500 3.3536
6.9600 3.3486
6.9700 3.3436
6.9800 3.3386
6.9900 3.3337
7.0000 3.3287
7.0100 3.3238
7.0200 3.3188
7.0300 3.3139
7.0400 3.3090
7.0500 3.3041
7.0600 3.2993
7.0700 3.2944
7.0800 3.2896
7.0900 3.2848
7.1000 3.2799
7.1100 3.2751
7.1200 3.2704
7.1300 3.2656
7.1400 3.2608
7.1500 3.2561
7.1600 3.2513
7.1700 3.2466
7.1800 3.2419
7.1900 3.2372
7.2000 3.2325
7.2100 3.2279
7.2200 3.2232
7.2300 3.2186
7.2400 3.2139
7.2500 3.2093
7.2600 3.2047
7.2700 3.2001
7.2800 3.1955
7.2900 3.1910
7.3000 3.1864
7.3100 3.1819
7.3200 3.1774
7.3300 3.1728
7.3400 3.1683
7.3500 3.1638
7.3600 3.1594
7.3700 3.1549
7.3800 3.1504
7.3900 3.1460
7.4000 3.1416
7.4100 3.1371
7.4200 3.1327
7.4300 3.1283
7.4400 3.1240
7.4500 3.1196
7.4600 3.1152
7.4700 3.1109
7.4800 3.1065
7.4900 3.1022
7.5000 3.0979
7.5100 3.0936
7.5200 3.0893
7.5300 3.0850
7.5400 3.0808
7.5500 3.0765
7.5600 3.0722
7.5700 3.0680
7.5800 3.0638
7.5900 3.0596
7.6000 3.0554
7.6100 3.0512
7.6200 3.0470
7.6300 3.0428
7.6400 3.0387
7.6500 3.0345
7.6600 3.0304
7.6700 3.0263
7.6800 3.0222
7.6900 3.0181
7.7000 3.0140
7.7100 3.0099
7.7200 3.0058
7.7300 3.0017
7.7400 2.9977
7.7500 2.9936
7.7600 2.9896
7.7700 2.9856
7.7800 2.9816
7.7900 2.9776
7.8000 2.9736
7.8100 2.9696
7.8200 2.9657
7.8300 2.9617
7.8400 2.9577
7.8500 2.9538
7.8600 2.9499
7.8700 2.9460
7.8800 2.9421
7.8900 2.9382
7.9000 2.9343
7.9100 2.9304
7.9200 2.9265
7.9300 2.9227
7.9400 2.9188
7.9500 2.9150
7.9600 2.9111
7.9700 2.9073
7.9800 2.9035
7.9900 2.8997
8.0000 2.8959
8.0100 2.8921
8.0200 2.8884
8.0300 2.8846
8.0400 2.8808
8.0500 2.8771
8.0600 2.8734
8.0700 2.8696
8.0800 2.8659
8.0900 2.8622
8.1000 2.8585
8.1100 2.8548
8.1200 2.8511
8.1300 2.8475
8.1400 2.8438
8.1500 2.8401
8.1600 2.8365
8.1700 2.8329
8.1800 2.8292
8.1900 2.8256
8.2000 2.8220
8.2100 2.8184
8.2200 2.8148
8.2300 2.8112
8.2400 2.8077
8.2500 2.8041
8.2600 2.8005
8.2700 2.7970
8.2800 2.7934
8.2900 2.7899
8.3000 2.7864
8.3100 2.7829
8.3200 2.7794
8.3300 2.7759
8.3400 2.7724
8.3500 2.7689
8.3600 2.7654
8.3700 2.7620
8.3800 2.7585
8.3900 2.7550
8.4000 2.7516
8.4100 2.7482
8.4200 2.7448
8.4300 2.7413
8.4400 2.7379
8.4500 2.7345
8.4600 2.7311
8.4700 2.7278
8.4800 2.7244
8.4900 2.7210
8.5000 2.7177
8.5100 2.7143
8.5200 2.7110
8.5300 2.7076
8.5400 2.7043
8.5500 2.7010
8.5600 2.6977
8.5700 2.6944
8.5800 2.6911
8.5900 2.6878
8.6000 2.6845
8.6100 2.6812
8.6200 2.6779
8.6300 2.6747
8.6400 2.6714
8.6500 2.6682
8.6600 2.6650
8.6700 2.6617
8.6800 2.6585
8.6900 2.6553
8.7000 2.6521
8.7100 2.6489
8.7200 2.6457
8.7300 2.6425
8.7400 2.6393
8.7500 2.6362
8.7600 2.6330
8.7700 2.6298
8.7800 2.6267
8.7900 2.6235
8.8000 2.6204
8.8100 2.6173
8.8200 2.6142
8.8300 2.6110
8.8400 2.6079
8.8500 2.6048
8.8600 2.6017
8.8700 2.5987
8.8800 2.5956
8.8900 2.5925
8.9000 2.5894
8.9100 2.5864
8.9200 2.5833
8.9300 2.5803
8.9400 2.5773
8.9500 2.5742
8.9600 2.5712
8.9700 2.5682
8.9800 2.5652
8.9900 2.5622
9.0000 2.5592
9.0100 2.5562
9.0200 2.5532
9.0300 2.5502
9.0400 2.5472
9.0500 2.5443
9.0600 2.5413
9.0700 2.5384
9.0800 2.5354
9.0900 2.5325
9.1000 2.5296
9.1100 2.5266
9.1200 2.5237
9.1300 2.5208
9.1400 2.5179
9.1500 2.5150
9.1600 2.5121
9.1700 2.5092
9.1800 2.5063
9.1900 2.5035
9.2000 2.5006
9.2100 2.4977
9.2200 2.4949
9.2300 2.4920
9.2400 2.4892
9.2500 2.4863
9.2600 2.4835
9.2700 2.4807
9.2800 2.4779
9.2900 2.4751
9.3000 2.4722
9.3100 2.4694
9.3200 2.4666
9.3300 2.4639
9.3400 2.4611
9.3500 2.4583
9.3600 2.4555
9.3700 2.4528
9.3800 2.4500
9.3900 2.4472
9.4000 2.4445
9.4100 2.4418
9.4200 2.4390
9.4300 2.4363
9.4400 2.4336
9.4500 2.4308
9.4600 2.4281
9.4700 2.4254
9.4800 2.4227
9.4900 2.4200
9.5000 2.4173
9.5100 2.4147
9.5200 2.4120
9.5300 2.4093
9.5400 2.4066
9.5500 2.4040
9.5600 2.4013
9.5700 2.3987
9.5800 2.3960
9.5900 2.3934
9.6000 2.3907
9.6100 2.3881
9.6200 2.3855
9.6300 2.3829
9.6400 2.3803
9.6500 2.3777
9.6600 2.3750
9.6700 2.3725
9.6800 2.3699
9.6900 2.3673
9.7000 2.3647
9.7100 2.3621
9.7200 2.3595
9.7300 2.3570
9.7400 2.3544
9.7500 2.3519
9.7600 2.3493
9.7700 2.3468
9.7800 2.3442
9.7900 2.3417
9.8000 2.3392
9.8100 2.3366
9.8200 2.3341
9.8300 2.3316
9.8400 2.3291
9.8500 2.3266
9.8600 2.3241
9.8700 2.3216
9.8800 2.3191
9.8900 2.3166
9.9000 2.3142
9.9100 2.3117
9.9200 2.3092
9.9300 2.3068
9.9400 2.3043
9.9500 2.3019
9.9600 2.2994
9.9700 2.2970
9.9800 2.2945
9.9900 2.2921
10.000 2.2897
10.100 2.2656
10.110 2.2633
10.120 2.2609
10.130 2.2585
10.140 2.2562
10.150 2.2538
10.160 2.2515
10.170 2.2491
10.180 2.2468
10.190 2.2444
10.200 2.2421
10.210 2.2398
10.220 2.2374
10.230 2.2351
10.240 2.2328
10.250 2.2305
10.260 2.2282
10.270 2.2259
10.280 2.2236
10.290 2.2213
10.300 2.2190
10.310 2.2167
10.320 2.2144
10.330 2.2122
10.340 2.2099
10.350 2.2076
10.360 2.2053
10.370 2.2031
10.380 2.2008
10.390 2.1986
10.400 2.1963
10.410 2.1941
10.420 2.1919
10.430 2.1896
10.440 2.1874
10.450 2.1852
10.460 2.1830
10.470 2.1807
10.480 2.1785
10.490 2.1763
10.500 2.1741
10.510 2.1719
10.520 2.1697
10.530 2.1675
10.540 2.1653
10.550 2.1632
10.560 2.1610
10.570 2.1588
10.580 2.1566
10.590 2.1545
10.600 2.1523
10.610 2.1502
10.620 2.1480
10.630 2.1459
10.640 2.1437
10.650 2.1416
10.660 2.1394
10.670 2.1373
10.680 2.1352
10.690 2.1330
10.700 2.1309
10.710 2.1288
10.720 2.1267
10.730 2.1246
10.740 2.1225
10.750 2.1204
10.760 2.1183
10.770 2.1162
10.780 2.1141
10.790 2.1120
10.800 2.1099
10.810 2.1078
10.820 2.1058
10.830 2.1037
10.840 2.1016
10.850 2.0996
10.860 2.0975
10.870 2.0954
10.880 2.0934
10.890 2.0913
10.900 2.0893
10.910 2.0873
10.920 2.0852
10.930 2.0832
10.940 2.0812
10.950 2.0791
10.960 2.0771
10.970 2.0751
10.980 2.0731
10.990 2.0711
11.000 2.0690
11.010 2.0670
11.020 2.0650
11.030 2.0630
11.040 2.0611
11.050 2.0591
11.060 2.0571
11.070 2.0551
11.080 2.0531
11.090 2.0511
11.100 2.0492
11.110 2.0472
11.120 2.0452
11.130 2.0433
11.140 2.0413
11.150 2.0394
11.160 2.0374
11.170 2.0355
11.180 2.0335
11.190 2.0316
11.200 2.0296
11.210 2.0277
11.220 2.0258
11.230 2.0238
11.240 2.0219
11.250 2.0200
11.260 2.0181
11.270 2.0162
11.280 2.0143
11.290 2.0124
11.300 2.0105
11.310 2.0086
11.320 2.0067
11.330 2.0048
11.340 2.0029
11.350 2.0010
11.360 1.9991
11.370 1.9972
11.380 1.9954
11.390 1.9935
11.400 1.9916
11.410 1.9897
11.420 1.9879
11.430 1.9860
11.440 1.9842
11.450 1.9823
11.460 1.9805
11.470 1.9786
11.480 1.9768
11.490 1.9749
11.500 1.9731
11.510 1.9713
11.520 1.9694
11.530 1.9676
11.540 1.9658
11.550 1.9639
11.560 1.9621
11.570 1.9603
11.580 1.9585
11.590 1.9567
11.600 1.9549
11.610 1.9531
11.620 1.9513
11.630 1.9495
11.640 1.9477
11.650 1.9459
11.660 1.9441
11.670 1.9423
11.680 1.9405
11.690 1.9388
11.700 1.9370
11.710 1.9352
11.720 1.9335
11.730 1.9317
11.740 1.9299
11.750 1.9282
11.760 1.9264
11.770 1.9246
11.780 1.9229
11.790 1.9211
11.800 1.9194
11.810 1.9177
11.820 1.9159
11.830 1.9142
11.840 1.9125
11.850 1.9107
11.860 1.9090
11.870 1.9073
11.880 1.9055
11.890 1.9038
11.900 1.9021
11.910 1.9004
11.920 1.8987
11.930 1.8970
11.940 1.8953
11.950 1.8936
11.960 1.8919
11.970 1.8902
11.980 1.8885
11.990 1.8868
12.000 1.8851
12.010 1.8834
12.020 1.8817
12.030 1.8801
12.040 1.8784
12.050 1.8767
12.060 1.8750
12.070 1.8734
12.080 1.8717
12.090 1.8700
12.100 1.8684
12.110 1.8667
12.120 1.8651
12.130 1.8634
12.140 1.8618
12.150 1.8601
12.160 1.8585
12.170 1.8568
12.180 1.8552
12.190 1.8535
12.200 1.8519
12.210 1.8503
12.220 1.8487
12.230 1.8470
12.240 1.8454
12.250 1.8438
12.260 1.8422
12.270 1.8406
12.280 1.8389
12.290 1.8373
12.300 1.8357
12.310 1.8341
12.320 1.8325
12.330 1.8309
12.340 1.8293
12.350 1.8277
12.360 1.8261
12.370 1.8246
12.380 1.8230
12.390 1.8214
12.400 1.8198
12.410 1.8182
12.420 1.8166
12.430 1.8151
12.440 1.8135
12.450 1.8119
12.460 1.8104
12.470 1.8088
12.480 1.8072
12.490 1.8057
12.500 1.8041
12.510 1.8026
12.520 1.8010
12.530 1.7995
12.540 1.7979
12.550 1.7964
12.560 1.7948
12.570 1.7933
12.580 1.7918
12.590 1.7902
12.600 1.7887
12.610 1.7872
12.620 1.7856
12.630 1.7841
12.640 1.7826
12.650 1.7811
12.660 1.7796
12.670 1.7780
12.680 1.7765
12.690 1.7750
12.700 1.7735
12.710 1.7720
12.720 1.7705
12.730 1.7690
12.740 1.7675
12.750 1.7660
12.760 1.7645
12.770 1.7630
12.780 1.7615
12.790 1.7600
12.800 1.7586
12.810 1.7571
12.820 1.7556
12.830 1.7541
12.840 1.7526
12.850 1.7512
12.860 1.7497
12.870 1.7482
12.880 1.7468
12.890 1.7453
12.900 1.7438
12.910 1.7424
12.920 1.7409
12.930 1.7395
12.940 1.7380
12.950 1.7366
12.960 1.7351
12.970 1.7337
12.980 1.7322
12.990 1.7308
13.000 1.7294
13.010 1.7279
13.020 1.7265
13.030 1.7250
13.040 1.7236
13.050 1.7222
13.060 1.7208
13.070 1.7193
13.080 1.7179
13.090 1.7165
13.100 1.7151
13.110 1.7137
13.120 1.7123
13.130 1.7108
13.140 1.7094
13.150 1.7080
13.160 1.7066
13.170 1.7052
13.180 1.7038
13.190 1.7024
13.200 1.7010
13.210 1.6996
13.220 1.6982
13.230 1.6968
13.240 1.6955
13.250 1.6941
13.260 1.6927
13.270 1.6913
13.280 1.6899
13.290 1.6886
13.300 1.6872
13.310 1.6858
13.320 1.6844
13.330 1.6831
13.340 1.6817
13.350 1.6803
13.360 1.6790
13.370 1.6776
13.380 1.6762
13.390 1.6749
13.400 1.6735
13.410 1.6722
13.420 1.6708
13.430 1.6695
13.440 1.6681
13.450 1.6668
13.460 1.6654
13.470 1.6641
13.480 1.6628
13.490 1.6614
13.500 1.6601
13.510 1.6588
13.520 1.6574
13.530 1.6561
13.540 1.6548
13.550 1.6535
13.560 1.6521
13.570 1.6508
13.580 1.6495
13.590 1.6482
13.600 1.6469
13.610 1.6455
13.620 1.6442
13.630 1.6429
13.640 1.6416
13.650 1.6403
13.660 1.6390
13.670 1.6377
13.680 1.6364
13.690 1.6351
13.700 1.6338
13.710 1.6325
13.720 1.6312
13.730 1.6299
13.740 1.6286
13.750 1.6273
13.760 1.6261
13.770 1.6248
13.780 1.6235
13.790 1.6222
13.800 1.6209
13.810 1.6197
13.820 1.6184
13.830 1.6171
13.840 1.6158
13.850 1.6146
13.860 1.6133
13.870 1.6120
13.880 1.6108
13.890 1.6095
13.900 1.6083
13.910 1.6070
13.920 1.6057
13.930 1.6045
13.940 1.6032
13.950 1.6020
13.960 1.6007
13.970 1.5995
13.980 1.5982
13.990 1.5970
14.000 1.5958
14.010 1.5945
14.020 1.5933
14.030 1.5920
14.040 1.5908
14.050 1.5896
14.060 1.5883
14.070 1.5871
14.080 1.5859
14.090 1.5847
14.100 1.5834
14.110 1.5822
14.120 1.5810
14.130 1.5798
14.140 1.5786
14.150 1.5773
14.160 1.5761
14.170 1.5749
14.180 1.5737
14.190 1.5725
14.200 1.5713
14.210 1.5701
14.220 1.5689
14.230 1.5677
14.240 1.5665
14.250 1.5653
14.260 1.5641
14.270 1.5629
14.280 1.5617
14.290 1.5605
14.300 1.5593
14.310 1.5581
14.320 1.5569
14.330 1.5558
14.340 1.5546
14.350 1.5534
14.360 1.5522
14.370 1.5510
14.380 1.5498
14.390 1.5487
14.400 1.5475
14.410 1.5463
14.420 1.5452
14.430 1.5440
14.440 1.5428
14.450 1.5417
14.460 1.5405
14.470 1.5393
14.480 1.5382
14.490 1.5370
14.500 1.5358
14.510 1.5347
14.520 1.5335
14.530 1.5324
14.540 1.5312
14.550 1.5301
14.560 1.5289
14.570 1.5278
14.580 1.5266
14.590 1.5255
14.600 1.5244
14.610 1.5232
14.620 1.5221
14.630 1.5209
14.640 1.5198
14.650 1.5187
14.660 1.5175
14.670 1.5164
14.680 1.5153
14.690 1.5141
14.700 1.5130
14.710 1.5119
14.720 1.5108
14.730 1.5096
14.740 1.5085
14.750 1.5074
14.760 1.5063
14.770 1.5052
14.780 1.5041
14.790 1.5029
14.800 1.5018
14.810 1.5007
14.820 1.4996
14.830 1.4985
14.840 1.4974
14.850 1.4963
14.860 1.4952
14.870 1.4941
14.880 1.4930
14.890 1.4919
14.900 1.4908
14.910 1.4897
14.920 1.4886
14.930 1.4875
14.940 1.4864
14.950 1.4853
14.960 1.4842
14.970 1.4831
14.980 1.4821
14.990 1.4810
15.000 1.4799
15.100 1.4691
15.110 1.4681
15.120 1.4670
15.130 1.4660
15.140 1.4649
15.150 1.4638
15.160 1.4628
15.170 1.4617
15.180 1.4607
15.190 1.4596
15.200 1.4585
15.210 1.4575
15.220 1.4564
15.230 1.4554
15.240 1.4543
15.250 1.4533
15.260 1.4522
15.270 1.4512
15.280 1.4502
15.290 1.4491
15.300 1.4481
15.310 1.4470
15.320 1.4460
15.330 1.4450
15.340 1.4439
15.350 1.4429
15.360 1.4419
15.370 1.4408
15.380 1.4398
15.390 1.4388
15.400 1.4377
15.410 1.4367
15.420 1.4357
15.430 1.4347
15.440 1.4336
15.450 1.4326
15.460 1.4316
15.470 1.4306
15.480 1.4296
15.490 1.4286
15.500 1.4275
15.510 1.4265
15.520 1.4255
15.530 1.4245
15.540 1.4235
15.550 1.4225
15.560 1.4215
15.570 1.4205
15.580 1.4195
15.590 1.4185
15.600 1.4175
15.610 1.4165
15.620 1.4155
15.630 1.4145
15.640 1.4135
15.650 1.4125
15.660 1.4115
15.670 1.4105
15.680 1.4095
15.690 1.4085
15.700 1.4075
15.710 1.4065
15.720 1.4055
15.730 1.4046
15.740 1.4036
15.750 1.4026
15.760 1.4016
15.770 1.4006
15.780 1.3997
15.790 1.3987
15.800 1.3977
15.810 1.3967
15.820 1.3958
15.830 1.3948
15.840 1.3938
15.850 1.3928
15.860 1.3919
15.870 1.3909
15.880 1.3899
15.890 1.3890
15.900 1.3880
15.910 1.3870
15.920 1.3861
15.930 1.3851
15.940 1.3842
15.950 1.3832
15.960 1.3822
15.970 1.3813
15.980 1.3803
15.990 1.3794
16.000 1.3784
16.010 1.3775
16.020 1.3765
16.030 1.3756
16.040 1.3746
16.050 1.3737
16.060 1.3727
16.070 1.3718
16.080 1.3708
16.090 1.3699
16.100 1.3690
16.110 1.3680
16.120 1.3671
16.130 1.3662
16.140 1.3652
16.150 1.3643
16.160 1.3633
16.170 1.3624
16.180 1.3615
16.190 1.3606
16.200 1.3596
16.210 1.3587
16.220 1.3578
16.230 1.3568
16.240 1.3559
16.250 1.3550
16.260 1.3541
16.270 1.3532
16.280 1.3522
16.290 1.3513
16.300 1.3504
16.310 1.3495
16.320 1.3486
16.330 1.3476
16.340 1.3467
16.350 1.3458
16.360 1.3449
16.370 1.3440
16.380 1.3431
16.390 1.3422
16.400 1.3413
16.410 1.3404
16.420 1.3395
16.430 1.3386
16.440 1.3377
16.450 1.3368
16.460 1.3359
16.470 1.3350
16.480 1.3341
16.490 1.3332
16.500 1.3323
16.510 1.3314
16.520 1.3305
16.530 1.3296
16.540 1.3287
16.550 1.3278
16.560 1.3269
16.570 1.3260
16.580 1.3251
16.590 1.3243
16.600 1.3234
16.610 1.3225
16.620 1.3216
16.630 1.3207
16.640 1.3198
16.650 1.3190
16.660 1.3181
16.670 1.3172
16.680 1.3163
16.690 1.3155
16.700 1.3146
16.710 1.3137
16.720 1.3128
16.730 1.3120
16.740 1.3111
16.750 1.3102
16.760 1.3093
16.770 1.3085
16.780 1.3076
16.790 1.3067
16.800 1.3059
16.810 1.3050
16.820 1.3042
16.830 1.3033
16.840 1.3024
16.850 1.3016
16.860 1.3007
16.870 1.2999
16.880 1.2990
16.890 1.2982
16.900 1.2973
16.910 1.2964
16.920 1.2956
16.930 1.2947
16.940 1.2939
16.950 1.2930
16.960 1.2922
16.970 1.2913
16.980 1.2905
16.990 1.2897
17.000 1.2888
17.010 1.2880
17.020 1.2871
17.030 1.2863
17.040 1.2854
17.050 1.2846
17.060 1.2838
17.070 1.2829
17.080 1.2821
17.090 1.2813
17.100 1.2804
17.110 1.2796
17.120 1.2788
17.130 1.2779
17.140 1.2771
17.150 1.2763
17.160 1.2754
17.170 1.2746
17.180 1.2738
17.190 1.2730
17.200 1.2721
17.210 1.2713
17.220 1.2705
17.230 1.2697
17.240 1.2688
17.250 1.2680
17.260 1.2672
17.270 1.2664
17.280 1.2656
17.290 1.2647
17.300 1.2639
17.310 1.2631
17.320 1.2623
17.330 1.2615
17.340 1.2607
17.350 1.2599
17.360 1.2591
17.370 1.2582
17.380 1.2574
17.390 1.2566
17.400 1.2558
17.410 1.2550
17.420 1.2542
17.430 1.2534
17.440 1.2526
17.450 1.2518
17.460 1.2510
17.470 1.2502
17.480 1.2494
17.490 1.2486
17.500 1.2478
17.510 1.2470
17.520 1.2462
17.530 1.2454
17.540 1.2446
17.550 1.2438
17.560 1.2430
17.570 1.2423
17.580 1.2415
17.590 1.2407
17.600 1.2399
17.610 1.2391
17.620 1.2383
17.630 1.2375
17.640 1.2367
17.650 1.2360
17.660 1.2352
17.670 1.2344
17.680 1.2336
17.690 1.2328
17.700 1.2321
17.710 1.2313
17.720 1.2305
17.730 1.2297
17.740 1.2289
17.750 1.2282
17.760 1.2274
17.770 1.2266
17.780 1.2258
17.790 1.2251
17.800 1.2243
17.810 1.2235
17.820 1.2228
17.830 1.2220
17.840 1.2212
17.850 1.2205
17.860 1.2197
17.870 1.2189
17.880 1.2182
17.890 1.2174
17.900 1.2166
17.910 1.2159
17.920 1.2151
17.930 1.2144
17.940 1.2136
17.950 1.2128
17.960 1.2121
17.970 1.2113
17.980 1.2106
17.990 1.2098
18.000 1.2091
18.010 1.2083
18.020 1.2076
18.030 1.2068
18.040 1.2061
18.050 1.2053
18.060 1.2046
18.070 1.2038
18.080 1.2031
18.090 1.2023
18.100 1.2016
18.110 1.2008
18.120 1.2001
18.130 1.1993
18.140 1.1986
18.150 1.1979
18.160 1.1971
18.170 1.1964
18.180 1.1956
18.190 1.1949
18.200 1.1942
18.210 1.1934
18.220 1.1927
18.230 1.1920
18.240 1.1912
18.250 1.1905
18.260 1.1898
18.270 1.1890
18.280 1.1883
18.290 1.1876
18.300 1.1868
18.310 1.1861
18.320 1.1854
18.330 1.1846
18.340 1.1839
18.350 1.1832
18.360 1.1825
18.370 1.1817
18.380 1.1810
18.390 1.1803
18.400 1.1796
18.410 1.1789
18.420 1.1781
18.430 1.1774
18.440 1.1767
18.450 1.1760
18.460 1.1753
18.470 1.1745
18.480 1.1738
18.490 1.1731
18.500 1.1724
18.510 1.1717
18.520 1.1710
18.530 1.1703
18.540 1.1695
18.550 1.1688
18.560 1.1681
18.570 1.1674
18.580 1.1667
18.590 1.1660
18.600 1.1653
18.610 1.1646
18.620 1.1639
18.630 1.1632
18.640 1.1625
18.650 1.1618
18.660 1.1611
18.670 1.1604
18.680 1.1597
18.690 1.1590
18.700 1.1583
18.710 1.1576
18.720 1.1569
18.730 1.1562
18.740 1.1555
18.750 1.1548
18.760 1.1541
18.770 1.1534
18.780 1.1527
18.790 1.1520
18.800 1.1513
18.810 1.1506
18.820 1.1499
18.830 1.1493
18.840 1.1486
18.850 1.1479
18.860 1.1472
18.870 1.1465
18.880 1.1458
18.890 1.1451
18.900 1.1444
18.910 1.1438
18.920 1.1431
18.930 1.1424
18.940 1.1417
18.950 1.1410
18.960 1.1404
18.970 1.1397
18.980 1.1390
18.990 1.1383
19.000 1.1376
19.010 1.1370
19.020 1.1363
19.030 1.1356
19.040 1.1349
19.050 1.1343
19.060 1.1336
19.070 1.1329
19.080 1.1322
19.090 1.1316
19.100 1.1309
19.110 1.1302
19.120 1.1296
19.130 1.1289
19.140 1.1282
19.150 1.1276
19.160 1.1269
19.170 1.1262
19.180 1.1256
19.190 1.1249
19.200 1.1242
19.210 1.1236
19.220 1.1229
19.230 1.1222
19.240 1.1216
19.250 1.1209
19.260 1.1203
19.270 1.1196
19.280 1.1190
19.290 1.1183
19.300 1.1176
19.310 1.1170
19.320 1.1163
19.330 1.1157
19.340 1.1150
19.350 1.1144
19.360 1.1137
19.370 1.1131
19.380 1.1124
19.390 1.1118
19.400 1.1111
19.410 1.1105
19.420 1.1098
19.430 1.1092
19.440 1.1085
19.450 1.1079
19.460 1.1072
19.470 1.1066
19.480 1.1059
19.490 1.1053
19.500 1.1046
19.510 1.1040
19.520 1.1034
19.530 1.1027
19.540 1.1021
19.550 1.1014
19.560 1.1008
19.570 1.1002
19.580 1.0995
19.590 1.0989
19.600 1.0982
19.610 1.0976
19.620 1.0970
19.630 1.0963
19.640 1.0957
19.650 1.0951
19.660 1.0944
19.670 1.0938
19.680 1.0932
19.690 1.0925
19.700 1.0919
19.710 1.0913
19.720 1.0906
19.730 1.0900
19.740 1.0894
19.750 1.0888
19.760 1.0881
19.770 1.0875
19.780 1.0869
19.790 1.0863
19.800 1.0856
19.810 1.0850
19.820 1.0844
19.830 1.0838
19.840 1.0831
19.850 1.0825
19.860 1.0819
19.870 1.0813
19.880 1.0807
19.890 1.0800
19.900 1.0794
19.910 1.0788
19.920 1.0782
19.930 1.0776
19.940 1.0770
19.950 1.0763
19.960 1.0757
19.970 1.0751
19.980 1.0745
19.990 1.0739
20.000 1.0733
20.100 1.0672
20.110 1.0666
20.120 1.0660
20.130 1.0654
20.140 1.0648
20.150 1.0642
20.160 1.0636
20.170 1.0630
20.180 1.0624
20.190 1.0618
20.200 1.0612
20.210 1.0606
20.220 1.0600
20.230 1.0594
20.240 1.0588
20.250 1.0582
20.260 1.0576
20.270 1.0570
20.280 1.0564
20.290 1.0558
20.300 1.0552
20.310 1.0546
20.320 1.0540
20.330 1.0534
20.340 1.0528
20.350 1.0522
20.360 1.0516
20.370 1.0510
20.380 1.0504
20.390 1.0499
20.400 1.0493
20.410 1.0487
20.420 1.0481
20.430 1.0475
20.440 1.0469
20.450 1.0463
20.460 1.0457
20.470 1.0452
20.480 1.0446
20.490 1.0440
20.500 1.0434
20.510 1.0428
20.520 1.0422
20.530 1.0417
20.540 1.0411
20.550 1.0405
20.560 1.0399
20.570 1.0393
20.580 1.0388
20.590 1.0382
20.600 1.0376
20.610 1.0370
20.620 1.0365
20.630 1.0359
20.640 1.0353
20.650 1.0347
20.660 1.0342
20.670 1.0336
20.680 1.0330
20.690 1.0324
20.700 1.0319
20.710 1.0313
20.720 1.0307
20.730 1.0302
20.740 1.0296
20.750 1.0290
20.760 1.0284
20.770 1.0279
20.780 1.0273
20.790 1.0267
20.800 1.0262
20.810 1.0256
20.820 1.0250
20.830 1.0245
20.840 1.0239
20.850 1.0234
20.860 1.0228
20.870 1.0222
20.880 1.0217
20.890 1.0211
20.900 1.0205
20.910 1.0200
20.920 1.0194
20.930 1.0189
20.940 1.0183
20.950 1.0177
20.960 1.0172
20.970 1.0166
20.980 1.0161
20.990 1.0155
21.000 1.0150
21.010 1.0144
21.020 1.0138
21.030 1.0133
21.040 1.0127
21.050 1.0122
21.060 1.0116
21.070 1.0111
21.080 1.0105
21.090 1.0100
21.100 1.0094
21.110 1.0089
21.120 1.0083
21.130 1.0078
21.140 1.0072
21.150 1.0067
21.160 1.0061
21.170 1.0056
21.180 1.0050
21.190 1.0045
21.200 1.0039
21.210 1.0034
21.220 1.0029
21.230 1.0023
21.240 1.0018
21.250 1.0012
21.260 1.0007
21.270 1.0001
21.280 0.99960
21.290 0.99906
21.300 0.99852
21.310 0.99798
21.320 0.99744
21.330 0.99690
21.340 0.99636
21.350 0.99582
21.360 0.99528
21.370 0.99475
21.380 0.99421
21.390 0.99367
21.400 0.99314
21.410 0.99260
21.420 0.99207
21.430 0.99153
21.440 0.99100
21.450 0.99047
21.460 0.98993
21.470 0.98940
21.480 0.98887
21.490 0.98834
21.500 0.98781
21.510 0.98728
21.520 0.98675
21.530 0.98622
21.540 0.98569
21.550 0.98516
21.560 0.98463
21.570 0.98410
21.580 0.98358
21.590 0.98305
21.600 0.98252
21.610 0.98200
21.620 0.98147
21.630 0.98095
21.640 0.98042
21.650 0.97990
21.660 0.97938
21.670 0.97886
21.680 0.97833
21.690 0.97781
21.700 0.97729
21.710 0.97677
21.720 0.97625
21.730 0.97573
21.740 0.97521
21.750 0.97469
21.760 0.97417
21.770 0.97365
21.780 0.97314
21.790 0.97262
21.800 0.97210
21.810 0.97159
21.820 0.97107
21.830 0.97056
21.840 0.97004
21.850 0.96953
21.860 0.96901
21.870 0.96850
21.880 0.96799
21.890 0.96747
21.900 0.96696
21.910 0.96645
21.920 0.96594
21.930 0.96543
21.940 0.96492
21.950 0.96441
21.960 0.96390
21.970 0.96339
21.980 0.96288
21.990 0.96238
22.000 0.96187
22.010 0.96136
22.020 0.96085
22.030 0.96035
22.040 0.95984
22.050 0.95934
22.060 0.95883
22.070 0.95833
22.080 0.95783
22.090 0.95732
22.100 0.95682
22.110 0.95632
22.120 0.95581
22.130 0.95531
22.140 0.95481
22.150 0.95431
22.160 0.95381
22.170 0.95331
22.180 0.95281
22.190 0.95231
22.200 0.95181
22.210 0.95132
22.220 0.95082
22.230 0.95032
22.240 0.94983
22.250 0.94933
22.260 0.94883
22.270 0.94834
22.280 0.94784
22.290 0.94735
22.300 0.94685
22.310 0.94636
22.320 0.94587
22.330 0.94538
22.340 0.94488
22.350 0.94439
22.360 0.94390
22.370 0.94341
22.380 0.94292
22.390 0.94243
22.400 0.94194
22.410 0.94145
22.420 0.94096
22.430 0.94047
22.440 0.93998
22.450 0.93950
22.460 0.93901
22.470 0.93852
22.480 0.93804
22.490 0.93755
22.500 0.93706
22.510 0.93658
22.520 0.93609
22.530 0.93561
22.540 0.93513
22.550 0.93464
22.560 0.93416
22.570 0.93368
22.580 0.93320
22.590 0.93271
22.600 0.93223
22.610 0.93175
22.620 0.93127
22.630 0.93079
22.640 0.93031
22.650 0.92983
22.660 0.92935
22.670 0.92888
22.680 0.92840
22.690 0.92792
22.700 0.92744
22.710 0.92697
22.720 0.92649
22.730 0.92601
22.740 0.92554
22.750 0.92506
22.760 0.92459
22.770 0.92411
22.780 0.92364
22.790 0.92317
22.800 0.92269
22.810 0.92222
22.820 0.92175
22.830 0.92128
22.840 0.92081
22.850 0.92033
22.860 0.91986
22.870 0.91939
22.880 0.91892
22.890 0.91846
22.900 0.91799
22.910 0.91752
22.920 0.91705
22.930 0.91658
22.940 0.91611
22.950 0.91565
22.960 0.91518
22.970 0.91471
22.980 0.91425
22.990 0.91378
23.000 0.91332
23.010 0.91285
23.020 0.91239
23.030 0.91193
23.040 0.91146
23.050 0.91100
23.060 0.91054
23.070 0.91007
23.080 0.90961
23.090 0.90915
23.100 0.90869
23.110 0.90823
23.120 0.90777
23.130 0.90731
23.140 0.90685
23.150 0.90639
23.160 0.90593
23.170 0.90547
23.180 0.90502
23.190 0.90456
23.200 0.90410
23.210 0.90364
23.220 0.90319
23.230 0.90273
23.240 0.90228
23.250 0.90182
23.260 0.90137
23.270 0.90091
23.280 0.90046
23.290 0.90000
23.300 0.89955
23.310 0.89910
23.320 0.89865
23.330 0.89819
23.340 0.89774
23.350 0.89729
23.360 0.89684
23.370 0.89639
23.380 0.89594
23.390 0.89549
23.400 0.89504
23.410 0.89459
23.420 0.89414
23.430 0.89369
23.440 0.89324
23.450 0.89280
23.460 0.89235
23.470 0.89190
23.480 0.89146
23.490 0.89101
23.500 0.89056
23.510 0.89012
23.520 0.88967
23.530 0.88923
23.540 0.88878
23.550 0.88834
23.560 0.88790
23.570 0.88745
23.580 0.88701
23.590 0.88657
23.600 0.88613
23.610 0.88568
23.620 0.88524
23.630 0.88480
23.640 0.88436
23.650 0.88392
23.660 0.88348
23.670 0.88304
23.680 0.88260
23.690 0.88216
23.700 0.88173
23.710 0.88129
23.720 0.88085
23.730 0.88041
23.740 0.87997
23.750 0.87954
23.760 0.87910
23.770 0.87867
23.780 0.87823
23.790 0.87780
23.800 0.87736
23.810 0.87693
23.820 0.87649
23.830 0.87606
23.840 0.87562
23.850 0.87519
23.860 0.87476
23.870 0.87433
23.880 0.87389
23.890 0.87346
23.900 0.87303
23.910 0.87260
23.920 0.87217
23.930 0.87174
23.940 0.87131
23.950 0.87088
23.960 0.87045
23.970 0.87002
23.980 0.86959
23.990 0.86917
24.000 0.86874
24.010 0.86831
24.020 0.86788
24.030 0.86746
24.040 0.86703
24.050 0.86660
24.060 0.86618
24.070 0.86575
24.080 0.86533
24.090 0.86490
24.100 0.86448
24.110 0.86405
24.120 0.86363
24.130 0.86321
24.140 0.86278
24.150 0.86236
24.160 0.86194
24.170 0.86152
24.180 0.86110
24.190 0.86068
24.200 0.86025
24.210 0.85983
24.220 0.85941
24.230 0.85899
24.240 0.85857
24.250 0.85815
24.260 0.85774
24.270 0.85732
24.280 0.85690
24.290 0.85648
24.300 0.85606
24.310 0.85565
24.320 0.85523
24.330 0.85481
24.340 0.85440
24.350 0.85398
24.360 0.85357
24.370 0.85315
24.380 0.85274
24.390 0.85232
24.400 0.85191
24.410 0.85149
24.420 0.85108
24.430 0.85067
24.440 0.85025
24.450 0.84984
24.460 0.84943
24.470 0.84902
24.480 0.84860
24.490 0.84819
24.500 0.84778
24.510 0.84737
24.520 0.84696
24.530 0.84655
24.540 0.84614
24.550 0.84573
24.560 0.84532
24.570 0.84492
24.580 0.84451
24.590 0.84410
24.600 0.84369
24.610 0.84328
24.620 0.84288
24.630 0.84247
24.640 0.84206
24.650 0.84166
24.660 0.84125
24.670 0.84085
24.680 0.84044
24.690 0.84004
24.700 0.83963
24.710 0.83923
24.720 0.83883
24.730 0.83842
24.740 0.83802
24.750 0.83762
24.760 0.83721
24.770 0.83681
24.780 0.83641
24.790 0.83601
24.800 0.83561
24.810 0.83521
24.820 0.83480
24.830 0.83440
24.840 0.83400
24.850 0.83360
24.860 0.83321
24.870 0.83281
24.880 0.83241
24.890 0.83201
24.900 0.83161
24.910 0.83121
24.920 0.83082
24.930 0.83042
24.940 0.83002
24.950 0.82963
24.960 0.82923
24.970 0.82883
24.980 0.82844
24.990 0.82804
25.000 0.82765
25.100 0.82371
25.110 0.82332
25.120 0.82293
25.130 0.82254
25.140 0.82215
25.150 0.82176
25.160 0.82137
25.170 0.82098
25.180 0.82059
25.190 0.82020
25.200 0.81981
25.210 0.81942
25.220 0.81903
25.230 0.81865
25.240 0.81826
25.250 0.81787
25.260 0.81748
25.270 0.81710
25.280 0.81671
25.290 0.81632
25.300 0.81594
25.310 0.81555
25.320 0.81517
25.330 0.81478
25.340 0.81440
25.350 0.81401
25.360 0.81363
25.370 0.81324
25.380 0.81286
25.390 0.81248
25.400 0.81209
25.410 0.81171
25.420 0.81133
25.430 0.81095
25.440 0.81057
25.450 0.81018
25.460 0.80980
25.470 0.80942
25.480 0.80904
25.490 0.80866
25.500 0.80828
25.510 0.80790
25.520 0.80752
25.530 0.80714
25.540 0.80676
25.550 0.80639
25.560 0.80601
25.570 0.80563
25.580 0.80525
25.590 0.80487
25.600 0.80450
25.610 0.80412
25.620 0.80374
25.630 0.80337
25.640 0.80299
25.650 0.80261
25.660 0.80224
25.670 0.80186
25.680 0.80149
25.690 0.80111
25.700 0.80074
25.710 0.80037
25.720 0.79999
25.730 0.79962
25.740 0.79925
25.750 0.79887
25.760 0.79850
25.770 0.79813
25.780 0.79776
25.790 0.79738
25.800 0.79701
25.810 0.79664
25.820 0.79627
25.830 0.79590
25.840 0.79553
25.850 0.79516
25.860 0.79479
25.870 0.79442
25.880 0.79405
25.890 0.79368
25.900 0.79331
25.910 0.79294
25.920 0.79258
25.930 0.79221
25.940 0.79184
25.950 0.79147
25.960 0.79111
25.970 0.79074
25.980 0.79037
25.990 0.79001
26.000 0.78964
26.010 0.78928
26.020 0.78891
26.030 0.78854
26.040 0.78818
26.050 0.78782
26.060 0.78745
26.070 0.78709
26.080 0.78672
26.090 0.78636
26.100 0.78600
26.110 0.78563
26.120 0.78527
26.130 0.78491
26.140 0.78455
26.150 0.78418
26.160 0.78382
26.170 0.78346
26.180 0.78310
26.190 0.78274
26.200 0.78238
26.210 0.78202
26.220 0.78166
26.230 0.78130
26.240 0.78094
26.250 0.78058
26.260 0.78022
26.270 0.77986
26.280 0.77950
26.290 0.77915
26.300 0.77879
26.310 0.77843
26.320 0.77807
26.330 0.77772
26.340 0.77736
26.350 0.77700
26.360 0.77665
26.370 0.77629
26.380 0.77593
26.390 0.77558
26.400 0.77522
26.410 0.77487
26.420 0.77451
26.430 0.77416
26.440 0.77380
26.450 0.77345
26.460 0.77310
26.470 0.77274
26.480 0.77239
26.490 0.77204
26.500 0.77168
26.510 0.77133
26.520 0.77098
26.530 0.77063
26.540 0.77028
26.550 0.76992
26.560 0.76957
26.570 0.76922
26.580 0.76887
26.590 0.76852
26.600 0.76817
26.610 0.76782
26.620 0.76747
26.630 0.76712
26.640 0.76677
26.650 0.76642
26.660 0.76608
26.670 0.76573
26.680 0.76538
26.690 0.76503
26.700 0.76468
26.710 0.76434
26.720 0.76399
26.730 0.76364
26.740 0.76330
26.750 0.76295
26.760 0.76260
26.770 0.76226
26.780 0.76191
26.790 0.76157
26.800 0.76122
26.810 0.76088
26.820 0.76053
26.830 0.76019
26.840 0.75984
26.850 0.75950
26.860 0.75916
26.870 0.75881
26.880 0.75847
26.890 0.75813
26.900 0.75779
26.910 0.75744
26.920 0.75710
26.930 0.75676
26.940 0.75642
26.950 0.75608
26.960 0.75574
26.970 0.75539
26.980 0.75505
26.990 0.75471
27.000 0.75437
27.010 0.75403
27.020 0.75369
27.030 0.75335
27.040 0.75302
27.050 0.75268
27.060 0.75234
27.070 0.75200
27.080 0.75166
27.090 0.75132
27.100 0.75099
27.110 0.75065
27.120 0.75031
27.130 0.74997
27.140 0.74964
27.150 0.74930
27.160 0.74896
27.170 0.74863
27.180 0.74829
27.190 0.74796
27.200 0.74762
27.210 0.74729
27.220 0.74695
27.230 0.74662
27.240 0.74628
27.250 0.74595
27.260 0.74561
27.270 0.74528
27.280 0.74495
27.290 0.74461
27.300 0.74428
27.310 0.74395
27.320 0.74362
27.330 0.74328
27.340 0.74295
27.350 0.74262
27.360 0.74229
27.370 0.74196
27.380 0.74163
27.390 0.74130
27.400 0.74097
27.410 0.74063
27.420 0.74030
27.430 0.73997
27.440 0.73965
27.450 0.73932
27.460 0.73899
27.470 0.73866
27.480 0.73833
27.490 0.73800
27.500 0.73767
27.510 0.73734
27.520 0.73702
27.530 0.73669
27.540 0.73636
27.550 0.73603
27.560 0.73571
27.570 0.73538
27.580 0.73505
27.590 0.73473
27.600 0.73440
27.610 0.73408
27.620 0.73375
27.630 0.73343
27.640 0.73310
27.650 0.73278
27.660 0.73245
27.670 0.73213
27.680 0.73180
27.690 0.73148
27.700 0.73116
27.710 0.73083
27.720 0.73051
27.730 0.73019
27.740 0.72986
27.750 0.72954
27.760 0.72922
27.770 0.72890
27.780 0.72857
27.790 0.72825
27.800 0.72793
27.810 0.72761
27.820 0.72729
27.830 0.72697
27.840 0.72665
27.850 0.72633
27.860 0.72601
27.870 0.72569
27.880 0.72537
27.890 0.72505
27.900 0.72473
27.910 0.72441
27.920 0.72409
27.930 0.72377
27.940 0.72345
27.950 0.72314
27.960 0.72282
27.970 0.72250
27.980 0.72218
27.990 0.72186
28.000 0.72155
28.010 0.72123
28.020 0.72091
28.030 0.72060
28.040 0.72028
28.050 0.71997
28.060 0.71965
28.070 0.71933
28.080 0.71902
28.090 0.71870
28.100 0.71839
28.110 0.71807
28.120 0.71776
28.130 0.71745
28.140 0.71713
28.150 0.71682
28.160 0.71650
28.170 0.71619
28.180 0.71588
28.190 0.71557
28.200 0.71525
28.210 0.71494
28.220 0.71463
28.230 0.71432
28.240 0.71400
28.250 0.71369
28.260 0.71338
28.270 0.71307
28.280 0.71276
28.290 0.71245
28.300 0.71214
28.310 0.71183
28.320 0.71152
28.330 0.71121
28.340 0.71090
28.350 0.71059
28.360 0.71028
28.370 0.70997
28.380 0.70966
28.390 0.70935
28.400 0.70904
28.410 0.70873
28.420 0.70843
28.430 0.70812
28.440 0.70781
28.450 0.70750
28.460 0.70720
28.470 0.70689
28.480 0.70658
28.490 0.70628
28.500 0.70597
28.510 0.70566
28.520 0.70536
28.530 0.70505
28.540 0.70475
28.550 0.70444
28.560 0.70414
28.570 0.70383
28.580 0.70353
28.590 0.70322
28.600 0.70292
28.610 0.70261
28.620 0.70231
28.630 0.70201
28.640 0.70170
28.650 0.70140
28.660 0.70110
28.670 0.70079
28.680 0.70049
28.690 0.70019
28.700 0.69988
28.710 0.69958
28.720 0.69928
28.730 0.69898
28.740 0.69868
28.750 0.69838
28.760 0.69808
28.770 0.69777
28.780 0.69747
28.790 0.69717
28.800 0.69687
28.810 0.69657
28.820 0.69627
28.830 0.69597
28.840 0.69567
28.850 0.69537
28.860 0.69508
28.870 0.69478
28.880 0.69448
28.890 0.69418
28.900 0.69388
28.910 0.69358
28.920 0.69328
28.930 0.69299
28.940 0.69269
28.950 0.69239
28.960 0.69210
28.970 0.69180
28.980 0.69150
28.990 0.69120
29.000 0.69091
29.010 0.69061
29.020 0.69032
29.030 0.69002
29.040 0.68973
29.050 0.68943
29.060 0.68913
29.070 0.68884
29.080 0.68855
29.090 0.68825
29.100 0.68796
29.110 0.68766
29.120 0.68737
29.130 0.68707
29.140 0.68678
29.150 0.68649
29.160 0.68619
29.170 0.68590
29.180 0.68561
29.190 0.68532
29.200 0.68502
29.210 0.68473
29.220 0.68444
29.230 0.68415
29.240 0.68386
29.250 0.68356
29.260 0.68327
29.270 0.68298
29.280 0.68269
29.290 0.68240
29.300 0.68211
29.310 0.68182
29.320 0.68153
29.330 0.68124
29.340 0.68095
29.350 0.68066
29.360 0.68037
29.370 0.68008
29.380 0.67979
29.390 0.67950
29.400 0.67921
29.410 0.67893
29.420 0.67864
29.430 0.67835
29.440 0.67806
29.450 0.67777
29.460 0.67749
29.470 0.67720
29.480 0.67691
29.490 0.67662
29.500 0.67634
29.510 0.67605
29.520 0.67577
29.530 0.67548
29.540 0.67519
29.550 0.67491
29.560 0.67462
29.570 0.67434
29.580 0.67405
29.590 0.67377
29.600 0.67348
29.610 0.67320
29.620 0.67291
29.630 0.67263
29.640 0.67234
29.650 0.67206
29.660 0.67178
29.670 0.67149
29.680 0.67121
29.690 0.67092
29.700 0.67064
29.710 0.67036
29.720 0.67008
29.730 0.66979
29.740 0.66951
29.750 0.66923
29.760 0.66895
29.770 0.66867
29.780 0.66838
29.790 0.66810
29.800 0.66782
29.810 0.66754
29.820 0.66726
29.830 0.66698
29.840 0.66670
29.850 0.66642
29.860 0.66614
29.870 0.66586
29.880 0.66558
29.890 0.66530
29.900 0.66502
29.910 0.66474
29.920 0.66446
29.930 0.66418
29.940 0.66390
29.950 0.66362
29.960 0.66335
29.970 0.66307
29.980 0.66279
29.990 0.66251
30.000 0.66223
