0.10000 274.80
0.11000 249.81
0.12000 228.98
0.13000 211.36
0.14000 196.26
0.15000 183.17
0.16000 171.71
0.17000 161.61
0.18000 152.62
0.19000 144.59
0.20000 137.35
0.21000 130.81
0.22000 124.86
0.23000 119.43
0.24000 114.45
0.25000 109.86
0.26000 105.63
0.27000 101.72
0.28000 98.083
0.29000 94.697
0.30000 91.537
0.31000 88.582
0.32000 85.810
0.33000 83.207
0.34000 80.757
0.35000 78.447
0.36000 76.266
0.37000 74.202
0.38000 72.247
0.39000 70.392
0.40000 68.630
0.41000 66.953
0.42000 65.357
0.43000 63.835
0.44000 62.382
0.45000 60.994
0.46000 59.666
0.47000 58.394
0.48000 57.176
0.49000 56.007
0.50000 54.885
0.51000 53.807
0.52000 52.770
0.53000 51.773
0.54000 50.812
0.55000 49.887
0.56000 48.994
0.57000 48.133
0.58000 47.302
0.59000 46.498
0.60000 45.722
0.61000 44.971
0.62000 44.244
0.63000 43.540
0.64000 42.858
0.65000 42.197
0.66000 41.557
0.67000 40.935
0.68000 40.332
0.69000 39.746
0.70000 39.177
0.71000 38.624
0.72000 38.086
0.73000 37.563
0.74000 37.054
0.75000 36.559
0.76000 36.076
0.77000 35.607
0.78000 35.149
0.79000 34.703
0.80000 34.268
0.81000 33.844
0.82000 33.430
0.83000 33.026
0.84000 32.632
0.85000 32.247
0.86000 31.870
0.87000 31.503
0.88000 31.144
0.89000 30.793
0.90000 30.450
0.91000 30.114
0.92000 29.786
0.93000 29.465
0.94000 29.150
0.95000 28.842
0.96000 28.541
0.97000 28.246
0.98000 27.956
0.99000 27.673
1.0000 27.395
1.0100 27.123
1.0200 26.856
1.0300 26.595
1.0400 26.338
1.0500 26.086
1.0600 25.839
1.0700 25.597
1.0800 25.359
1.0900 25.126
1.1000 24.896
1.1100 24.671
1.1200 24.450
1.1300 24.233
1.1400 24.020
1.1500 23.810
1.1600 23.604
1.1700 23.401
1.1800 23.202
1.1900 23.006
1.2000 22.814
1.2100 22.625
1.2200 22.438
1.2300 22.255
1.2400 22.075
1.2500 21.898
1.2600 21.723
1.2700 21.551
1.2800 21.382
1.2900 21.216
1.3000 21.052
1.3100 20.890
1.3200 20.731
1.3300 20.575
1.3400 20.420
1.3500 20.269
1.3600 20.119
1.3700 19.971
1.3800 19.826
1.3900 19.683
1.4000 19.541
1.4100 19.402
1.4200 19.265
1.4300 19.129
1.4400 18.996
1.4500 18.864
1.4600 18.734
1.4700 18.606
1.4800 18.480
1.4900 18.355
1.5000 18.232
1.5100 18.111
1.5200 17.991
1.5300 17.873
1.5400 17.756
1.5500 17.641
1.5600 17.527
1.5700 17.415
1.5800 17.304
1.5900 17.195
1.6000 17.087
1.6100 16.980
1.6200 16.875
1.6300 16.771
1.6400 16.668
1.6500 16.566
1.6600 16.466
1.6700 16.367
1.6800 16.269
1.6900 16.172
1.7000 16.076
1.7100 15.982
1.7200 15.888
1.7300 15.796
1.7400 15.704
1.7500 15.614
1.7600 15.525
1.7700 15.437
1.7800 15.349
1.7900 15.263
1.8000 15.178
1.8100 15.093
1.8200 15.010
1.8300 14.927
1.8400 14.846
1.8500 14.765
1.8600 14.685
1.8700 14.606
1.8800 14.528
1.8900 14.451
1.9000 14.374
1.9100 14.298
1.9200 14.223
1.9300 14.149
1.9400 14.076
1.9500 14.003
1.9600 13.931
1.9700 13.860
1.9800 13.789
1.9900 13.720
2.0000 13.651
2.0100 13.582
2.0200 13.515
2.0300 13.447
2.0400 13.381
2.0500 13.315
2.0600 13.250
2.0700 13.186
2.0800 13.122
2.0900 13.059
2.1000 12.996
2.1100 12.934
2.1200 12.873
2.1300 12.812
2.1400 12.751
2.1500 12.692
2.1600 12.632
2.1700 12.574
2.1800 12.516
2.1900 12.458
2.2000 12.401
2.2100 12.345
2.2200 12.288
2.2300 12.233
2.2400 12.178
2.2500 12.123
2.2600 12.069
2.2700 12.016
2.2800 11.963
2.2900 11.910
2.3000 11.858
2.3100 11.806
2.3200 11.755
2.3300 11.704
2.3400 11.653
2.3500 11.603
2.3600 11.554
2.3700 11.505
2.3800 11.456
2.3900 11.408
2.4000 11.360
2.4100 11.312
2.4200 11.265
2.4300 11.218
2.4400 11.172
2.4500 11.126
2.4600 11.080
2.4700 11.035
2.4800 10.990
2.4900 10.946
2.5000 10.902
2.5100 10.858
2.5200 10.814
2.5300 10.771
2.5400 10.728
2.5500 10.686
2.5600 10.644
2.5700 10.602
2.5800 10.561
2.5900 10.519
2.6000 10.479
2.6100 10.438
2.6200 10.398
2.6300 10.358
2.6400 10.318
2.6500 10.279
2.6600 10.240
2.6700 10.201
2.6800 10.163
2.6900 10.125
2.7000 10.087
2.7100 10.049
2.7200 10.012
2.7300 9.9752
2.7400 9.9384
2.7500 9.9019
2.7600 9.8657
2.7700 9.8297
2.7800 9.7940
2.7900 9.7586
2.8000 9.7234
2.8100 9.6885
2.8200 9.6538
2.8300 9.6193
2.8400 9.5851
2.8500 9.5512
2.8600 9.5174
2.8700 9.4839
2.8800 9.4507
2.8900 9.4177
2.9000 9.3849
2.9100 9.3523
2.9200 9.3199
2.9300 9.2878
2.9400 9.2559
2.9500 9.2242
2.9600 9.1927
2.9700 9.1614
2.9800 9.1304
2.9900 9.0995
3.0000 9.0689
3.0100 9.0384
3.0200 9.0082
3.0300 8.9781
3.0400 8.9483
3.0500 8.9186
3.0600 8.8892
3.0700 8.8599
3.0800 8.8308
3.0900 8.8020
3.1000 8.7733
3.1100 8.7447
3.1200 8.7164
3.1300 8.6883
3.1400 8.6603
3.1500 8.6325
3.1600 8.6049
3.1700 8.5774
3.1800 8.5502
3.1900 8.5231
3.2000 8.4961
3.2100 8.4694
3.2200 8.4428
3.2300 8.4163
3.2400 8.3901
3.2500 8.3640
3.2600 8.3380
3.2700 8.3122
3.2800 8.2866
3.2900 8.2611
3.3000 8.2358
3.3100 8.2106
3.3200 8.1856
3.3300 8.1607
3.3400 8.1360
3.3500 8.1115
3.3600 8.0870
3.3700 8.0628
3.3800 8.0386
3.3900 8.0146
3.4000 7.9908
3.4100 7.9671
3.4200 7.9435
3.4300 7.9201
3.4400 7.8968
3.4500 7.8736
3.4600 7.8506
3.4700 7.8277
3.4800 7.8049
3.4900 7.7823
3.5000 7.7598
3.5100 7.7374
3.5200 7.7151
3.5300 7.6930
3.5400 7.6710
3.5500 7.6491
3.5600 7.6274
3.5700 7.6057
3.5800 7.5842
3.5900 7.5628
3.6000 7.5416
3.6100 7.5204
3.6200 7.4994
3.6300 7.4785
3.6400 7.4577
3.6500 7.4370
3.6600 7.4164
3.6700 7.3959
3.6800 7.3756
3.6900 7.3553
3.7000 7.3352
3.7100 7.3151
3.7200 7.2952
3.7300 7.2754
3.7400 7.2557
3.7500 7.2361
3.7600 7.2166
3.7700 7.1972
3.7800 7.1779
3.7900 7.1587
3.8000 7.1396
3.8100 7.1207
3.8200 7.1018
3.8300 7.0830
3.8400 7.0643
3.8500 7.0457
3.8600 7.0272
3.8700 7.0088
3.8800 6.9905
3.8900 6.9723
3.9000 6.9541
3.9100 6.9361
3.9200 6.9182
3.9300 6.9003
3.9400 6.8826
3.9500 6.8649
3.9600 6.8473
3.9700 6.8298
3.9800 6.8124
3.9900 6.7951
4.0000 6.7779
4.0100 6.7608
4.0200 6.7437
4.0300 6.7267
4.0400 6.7099
4.0500 6.6931
4.0600 6.6763
4.0700 6.6597
4.0800 6.6431
4.0900 6.6267
4.1000 6.6103
4.1100 6.5940
4.1200 6.5777
4.1300 6.5616
4.1400 6.5455
4.1500 6.5295
4.1600 6.5136
4.1700 6.4977
4.1800 6.4819
4.1900 6.4662
4.2000 6.4506
4.2100 6.4351
4.2200 6.4196
4.2300 6.4042
4.2400 6.3889
4.2500 6.3736
4.2600 6.3584
4.2700 6.3433
4.2800 6.3283
4.2900 6.3133
4.3000 6.2984
4.3100 6.2836
4.3200 6.2688
4.3300 6.2541
4.3400 6.2395
4.3500 6.2249
4.3600 6.2104
4.3700 6.1960
4.3800 6.1816
4.3900 6.1673
4.4000 6.1531
4.4100 6.1389
4.4200 6.1248
4.4300 6.1108
4.4400 6.0968
4.4500 6.0829
4.4600 6.0690
4.4700 6.0552
4.4800 6.0415
4.4900 6.0278
4.5000 6.0142
4.5100 6.0007
4.5200 5.9872
4.5300 5.9738
4.5400 5.9604
4.5500 5.9471
4.5600 5.9338
4.5700 5.9206
4.5800 5.9075
4.5900 5.8944
4.6000 5.8814
4.6100 5.8684
4.6200 5.8555
4.6300 5.8427
4.6400 5.8299
4.6500 5.8171
4.6600 5.8045
4.6700 5.7918
4.6800 5.7792
4.6900 5.7667
4.7000 5.7542
4.7100 5.7418
4.7200 5.7295
4.7300 5.7171
4.7400 5.7049
4.7500 5.6927
4.7600 5.6805
4.7700 5.6684
4.7800 5.6563
4.7900 5.6443
4.8000 5.6324
4.8100 5.6205
4.8200 5.6086
4.8300 5.5968
4.8400 5.5850
4.8500 5.5733
4.8600 5.5617
4.8700 5.5500
4.8800 5.5385
4.8900 5.5270
4.9000 5.5155
4.9100 5.5041
4.9200 5.4927
4.9300 5.4813
4.9400 5.4700
4.9500 5.4588
4.9600 5.4476
4.9700 5.4365
4.9800 5.4253
4.9900 5.4143
5.0000 5.4033
5.1000 5.2954
5.1100 5.2849
5.1200 5.2744
5.1300 5.2639
5.1400 5.2535
5.1500 5.2431
5.1600 5.2328
5.1700 5.2225
5.1800 5.2122
5.1900 5.2020
5.2000 5.1918
5.2100 5.1816
5.2200 5.1715
5.2300 5.1614
5.2400 5.1514
5.2500 5.1414
5.2600 5.1315
5.2700 5.1215
5.2800 5.1117
5.2900 5.1018
5.3000 5.0920
5.3100 5.0822
5.3200 5.0725
5.3300 5.0628
5.3400 5.0531
5.3500 5.0435
5.3600 5.0339
5.3700 5.0244
5.3800 5.0149
5.3900 5.0054
5.4000 4.9959
5.4100 4.9865
5.4200 4.9772
5.4300 4.9678
5.4400 4.9585
5.4500 4.9492
5.4600 4.9400
5.4700 4.9308
5.4800 4.9216
5.4900 4.9125
5.5000 4.9034
5.5100 4.8943
5.5200 4.8853
5.5300 4.8762
5.5400 4.8673
5.5500 4.8583
5.5600 4.8494
5.5700 4.8405
5.5800 4.8317
5.5900 4.8229
5.6000 4.8141
5.6100 4.8053
5.6200 4.7966
5.6300 4.7879
5.6400 4.7793
5.6500 4.7706
5.6600 4.7620
5.6700 4.7535
5.6800 4.7449
5.6900 4.7364
5.7000 4.7280
5.7100 4.7195
5.7200 4.7111
5.7300 4.7027
5.7400 4.6943
5.7500 4.6860
5.7600 4.6777
5.7700 4.6694
5.7800 4.6612
5.7900 4.6530
5.8000 4.6448
5.8100 4.6366
5.8200 4.6285
5.8300 4.6204
5.8400 4.6123
5.8500 4.6043
5.8600 4.5963
5.8700 4.5883
5.8800 4.5803
5.8900 4.5724
5.9000 4.5644
5.9100 4.5566
5.9200 4.5487
5.9300 4.5409
5.9400 4.5331
5.9500 4.5253
5.9600 4.5175
5.9700 4.5098
5.9800 4.5021
5.9900 4.4944
6.0000 4.4868
6.0100 4.4791
6.0200 4.4715
6.0300 4.4640
6.0400 4.4564
6.0500 4.4489
6.0600 4.4414
6.0700 4.4339
6.0800 4.4265
6.0900 4.4190
6.1000 4.4116
6.1100 4.4043
6.1200 4.3969
6.1300 4.3896
6.1400 4.3823
6.1500 4.3750
6.1600 4.3677
6.1700 4.3605
6.1800 4.3533
6.1900 4.3461
6.2000 4.3389
6.2100 4.3318
6.2200 4.3247
6.2300 4.3176
6.2400 4.3105
6.2500 4.3035
6.2600 4.2964
6.2700 4.2894
6.2800 4.2824
6.2900 4.2755
6.3000 4.2685
6.3100 4.2616
6.3200 4.2547
6.3300 4.2479
6.3400 4.2410
6.3500 4.2342
6.3600 4.2274
6.3700 4.2206
6.3800 4.2138
6.3900 4.2071
6.4000 4.2004
6.4100 4.1936
6.4200 4.1870
6.4300 4.1803
6.4400 4.1737
6.4500 4.1670
6.4600 4.1604
6.4700 4.1539
6.4800 4.1473
6.4900 4.1408
6.5000 4.1343
6.5100 4.1278
6.5200 4.1213
6.5300 4.1148
6.5400 4.1084
6.5500 4.1020
6.5600 4.0956
6.5700 4.0892
6.5800 4.0828
6.5900 4.0765
6.6000 4.0702
6.6100 4.0639
6.6200 4.0576
6.6300 4.0513
6.6400 4.0451
6.6500 4.0388
6.6600 4.0326
6.6700 4.0264
6.6800 4.0203
6.6900 4.0141
6.7000 4.0080
6.7100 4.0019
6.7200 3.9958
6.7300 3.9897
6.7400 3.9836
6.7500 3.9776
6.7600 3.9715
6.7700 3.9655
6.7800 3.9595
6.7900 3.9536
6.8000 3.9476
6.8100 3.9417
6.8200 3.9358
6.8300 3.9299
6.8400 3.9240
6.8500 3.9181
6.8600 3.9123
6.8700 3.9064
6.8800 3.9006
6.8900 3.8948
6.9000 3.8890
6.9100 3.8832
6.9200 3.8775
6.9300 3.8718
6.9400 3.8660
6.9500 3.8603
6.9600 3.8547
6.9700 3.8490
6.9800 3.8433
6.9900 3.8377
7.0000 3.8321
7.0100 3.8265
7.0200 3.8209
7.0300 3.8153
7.0400 3.8098
7.0500 3.8042
7.0600 3.7987
7.0700 3.7932
7.0800 3.7877
7.0900 3.7822
7.1000 3.7768
7.1100 3.7713
7.1200 3.7659
7.1300 3.7605
7.1400 3.7551
7.1500 3.7497
7.1600 3.7443
7.1700 3.7389
7.1800 3.7336
7.1900 3.7283
7.2000 3.7230
7.2100 3.7177
7.2200 3.7124
7.2300 3.7071
7.2400 3.7019
7.2500 3.6966
7.2600 3.6914
7.2700 3.6862
7.2800 3.6810
7.2900 3.6758
7.3000 3.6706
7.3100 3.6655
7.3200 3.6603
7.3300 3.6552
7.3400 3.6501
7.3500 3.6450
7.3600 3.6399
7.3700 3.6349
7.3800 3.6298
7.3900 3.6248
7.4000 3.6197
7.4100 3.6147
7.4200 3.6097
7.4300 3.6047
7.4400 3.5998
7.4500 3.5948
7.4600 3.5898
7.4700 3.5849
7.4800 3.5800
7.4900 3.5751
7.5000 3.5702
7.5100 3.5653
7.5200 3.5604
7.5300 3.5556
7.5400 3.5507
7.5500 3.5459
7.5600 3.5411
7.5700 3.5363
7.5800 3.5315
7.5900 3.5267
7.6000 3.5219
7.6100 3.5172
7.6200 3.5124
7.6300 3.5077
7.6400 3.5030
7.6500 3.4983
7.6600 3.4936
7.6700 3.4889
7.6800 3.4843
7.6900 3.4796
7.7000 3.4749
7.7100 3.4703
7.7200 3.4657
7.7300 3.4611
7.7400 3.4565
7.7500 3.4519
7.7600 3.4473
7.7700 3.4428
7.7800 3.4382
7.7900 3.4337
7.8000 3.4292
7.8100 3.4246
7.8200 3.4201
7.8300 3.4157
7.8400 3.4112
7.8500 3.4067
7.8600 3.4022
7.8700 3.3978
7.8800 3.3934
7.8900 3.3889
7.9000 3.3845
7.9100 3.3801
7.9200 3.3757
7.9300 3.3714
7.9400 3.3670
7.9500 3.3626
7.9600 3.3583
7.9700 3.3540
7.9800 3.3496
7.9900 3.3453
8.0000 3.3410
8.0100 3.3367
8.0200 3.3324
8.0300 3.3282
8.0400 3.3239
8.0500 3.3197
8.0600 3.3154
8.0700 3.3112
8.0800 3.3070
8.0900 3.3028
8.1000 3.2986
8.1100 3.2944
8.1200 3.2902
8.1300 3.2860
8.1400 3.2819
8.1500 3.2777
8.1600 3.2736
8.1700 3.2695
8.1800 3.2654
8.1900 3.2613
8.2000 3.2572
8.2100 3.2531
8.2200 3.2490
8.2300 3.2449
8.2400 3.2409
8.2500 3.2368
8.2600 3.2328
8.2700 3.2288
8.2800 3.2248
8.2900 3.2208
8.3000 3.2168
8.3100 3.2128
8.3200 3.2088
8.3300 3.2048
8.3400 3.2009
8.3500 3.1969
8.3600 3.1930
8.3700 3.1891
8.3800 3.1851
8.3900 3.1812
8.4000 3.1773
8.4100 3.1734
8.4200 3.1695
8.4300 3.1657
8.4400 3.1618
8.4500 3.1579
8.4600 3.1541
8.4700 3.1503
8.4800 3.1464
8.4900 3.1426
8.5000 3.1388
8.5100 3.1350
8.5200 3.1312
8.5300 3.1274
8.5400 3.1236
8.5500 3.1199
8.5600 3.1161
8.5700 3.1124
8.5800 3.1086
8.5900 3.1049
8.6000 3.1012
8.6100 3.0975
8.6200 3.0938
8.6300 3.0901
8.6400 3.0864
8.6500 3.0827
8.6600 3.0790
8.6700 3.0754
8.6800 3.0717
8.6900 3.0681
8.7000 3.0644
8.7100 3.0608
8.7200 3.0572
8.7300 3.0536
8.7400 3.0499
8.7500 3.0464
8.7600 3.0428
8.7700 3.0392
8.7800 3.0356
8.7900 3.0320
8.8000 3.0285
8.8100 3.0249
8.8200 3.0214
8.8300 3.0179
8.8400 3.0144
8.8500 3.0108
8.8600 3.0073
8.8700 3.0038
8.8800 3.0003
8.8900 2.9969
8.9000 2.9934
8.9100 2.9899
8.9200 2.9864
8.9300 2.9830
8.9400 2.9795
8.9500 2.9761
8.9600 2.9727
8.9700 2.9693
8.9800 2.9658
8.9900 2.9624
9.0000 2.9590
9.0100 2.9556
9.0200 2.9523
9.0300 2.9489
9.0400 2.9455
9.0500 2.9422
9.0600 2.9388
9.0700 2.9355
9.0800 2.9321
9.0900 2.9288
9.1000 2.9255
9.1100 2.9221
9.1200 2.9188
9.1300 2.9155
9.1400 2.9122
9.1500 2.9089
9.1600 2.9057
9.1700 2.9024
9.1800 2.8991
9.1900 2.8959
9.2000 2.8926
9.2100 2.8894
9.2200 2.8861
9.2300 2.8829
9.2400 2.8797
9.2500 2.8764
9.2600 2.8732
9.2700 2.8700
9.2800 2.8668
9.2900 2.8636
9.3000 2.8605
9.3100 2.8573
9.3200 2.8541
9.3300 2.8509
9.3400 2.8478
9.3500 2.8446
9.3600 2.8415
9.3700 2.8384
9.3800 2.8352
9.3900 2.8321
9.4000 2.8290
9.4100 2.8259
9.4200 2.8228
9.4300 2.8197
9.4400 2.8166
9.4500 2.8135
9.4600 2.8104
9.4700 2.8074
9.4800 2.8043
9.4900 2.8012
9.5000 2.7982
9.5100 2.7951
9.5200 2.7921
9.5300 2.7891
9.5400 2.7860
9.5500 2.7830
9.5600 2.7800
9.5700 2.7770
9.5800 2.7740
9.5900 2.7710
9.6000 2.7680
9.6100 2.7650
9.6200 2.7621
9.6300 2.7591
9.6400 2.7561
9.6500 2.7532
9.6600 2.7502
9.6700 2.7473
9.6800 2.7443
9.6900 2.7414
9.7000 2.7385
9.7100 2.7356
9.7200 2.7327
9.7300 2.7297
9.7400 2.7268
9.7500 2.7239
9.7600 2.7211
9.7700 2.7182
9.7800 2.7153
9.7900 2.7124
9.8000 2.7096
9.8100 2.7067
9.8200 2.7038
9.8300 2.7010
9.8400 2.6981
9.8500 2.6953
9.8600 2.6925
9.8700 2.6896
9.8800 2.6868
9.8900 2.6840
9.9000 2.6812
9.9100 2.6784
9.9200 2.6756
9.9300 2.6728
9.9400 2.6700
9.9500 2.6672
9.9600 2.6645
9.9700 2.6617
9.9800 2.6589
9.9900 2.6562
10.000 2.6534
10.100 2.6262
10.110 2.6235
10.120 2.6208
10.130 2.6181
10.140 2.6154
10.150 2.6128
10.160 2.6101
10.170 2.6074
10.180 2.6048
10.190 2.6021
10.200 2.5995
10.210 2.5968
10.220 2.5942
10.230 2.5916
10.240 2.5889
10.250 2.5863
10.260 2.5837
10.270 2.5811
10.280 2.5785
10.290 2.5759
10.300 2.5733
10.310 2.5707
10.320 2.5681
10.330 2.5655
10.340 2.5630
10.350 2.5604
10.360 2.5578
10.370 2.5553
10.380 2.5527
10.390 2.5502
10.400 2.5476
10.410 2.5451
10.420 2.5425
10.430 2.5400
10.440 2.5375
10.450 2.5350
10.460 2.5324
10.470 2.5299
10.480 2.5274
10.490 2.5249
10.500 2.5224
10.510 2.5199
10.520 2.5174
10.530 2.5150
10.540 2.5125
10.550 2.5100
10.560 2.5075
10.570 2.5051
10.580 2.5026
10.590 2.5002
10.600 2.4977
10.610 2.4953
10.620 2.4928
10.630 2.4904
10.640 2.4879
10.650 2.4855
10.660 2.4831
10.670 2.4807
10.680 2.4783
10.690 2.4759
10.700 2.4734
10.710 2.4710
10.720 2.4687
10.730 2.4663
10.740 2.4639
10.750 2.4615
10.760 2.4591
10.770 2.4567
10.780 2.4544
10.790 2.4520
10.800 2.4496
10.810 2.4473
10.820 2.4449
10.830 2.4426
10.840 2.4402
10.850 2.4379
10.860 2.4356
10.870 2.4332
10.880 2.4309
10.890 2.4286
10.900 2.4263
10.910 2.4240
10.920 2.4216
10.930 2.4193
10.940 2.4170
10.950 2.4147
10.960 2.4125
10.970 2.4102
10.980 2.4079
10.990 2.4056
11.000 2.4033
11.010 2.4011
11.020 2.3988
11.030 2.3965
11.040 2.3943
11.050 2.3920
11.060 2.3898
11.070 2.3875
11.080 2.3853
11.090 2.3830
11.100 2.3808
11.110 2.3786
11.120 2.3763
11.130 2.3741
11.140 2.3719
11.150 2.3697
11.160 2.3675
11.170 2.3653
11.180 2.3631
11.190 2.3609
11.200 2.3587
11.210 2.3565
11.220 2.3543
11.230 2.3521
11.240 2.3499
11.250 2.3477
11.260 2.3456
11.270 2.3434
11.280 2.3412
11.290 2.3391
11.300 2.3369
11.310 2.3348
11.320 2.3326
11.330 2.3305
11.340 2.3283
11.350 2.3262
11.360 2.3241
11.370 2.3219
11.380 2.3198
11.390 2.3177
11.400 2.3156
11.410 2.3134
11.420 2.3113
11.430 2.3092
11.440 2.3071
11.450 2.3050
11.460 2.3029
11.470 2.3008
11.480 2.2987
11.490 2.2967
11.500 2.2946
11.510 2.2925
11.520 2.2904
11.530 2.2884
11.540 2.2863
11.550 2.2842
11.560 2.2822
11.570 2.2801
11.580 2.2780
11.590 2.2760
11.600 2.2740
11.610 2.2719
11.620 2.2699
11.630 2.2678
11.640 2.2658
11.650 2.2638
11.660 2.2617
11.670 2.2597
11.680 2.2577
11.690 2.2557
11.700 2.2537
11.710 2.2517
11.720 2.2497
11.730 2.2477
11.740 2.2457
11.750 2.2437
11.760 2.2417
11.770 2.2397
11.780 2.2377
11.790 2.2357
11.800 2.2337
11.810 2.2318
11.820 2.2298
11.830 2.2278
11.840 2.2259
11.850 2.2239
11.860 2.2220
11.870 2.2200
11.880 2.2180
11.890 2.2161
11.900 2.2142
11.910 2.2122
11.920 2.2103
11.930 2.2083
11.940 2.2064
11.950 2.2045
11.960 2.2026
11.970 2.2006
11.980 2.1987
11.990 2.1968
12.000 2.1949
12.010 2.1930
12.020 2.1911
12.030 2.1892
12.040 2.1873
12.050 2.1854
12.060 2.1835
12.070 2.1816
12.080 2.1797
12.090 2.1778
12.100 2.1759
12.110 2.1741
12.120 2.1722
12.130 2.1703
12.140 2.1684
12.150 2.1666
12.160 2.1647
12.170 2.1629
12.180 2.1610
12.190 2.1591
12.200 2.1573
12.210 2.1554
12.220 2.1536
12.230 2.1518
12.240 2.1499
12.250 2.1481
12.260 2.1463
12.270 2.1444
12.280 2.1426
12.290 2.1408
12.300 2.1390
12.310 2.1371
12.320 2.1353
12.330 2.1335
12.340 2.1317
12.350 2.1299
12.360 2.1281
12.370 2.1263
12.380 2.1245
12.390 2.1227
12.400 2.1209
12.410 2.1191
12.420 2.1173
12.430 2.1156
12.440 2.1138
12.450 2.1120
12.460 2.1102
12.470 2.1085
12.480 2.1067
12.490 2.1049
12.500 2.1032
12.510 2.1014
12.520 2.0996
12.530 2.0979
12.540 2.0961
12.550 2.0944
12.560 2.0926
12.570 2.0909
12.580 2.0892
12.590 2.0874
12.600 2.0857
12.610 2.0840
12.620 2.0822
12.630 2.0805
12.640 2.0788
12.650 2.0771
12.660 2.0753
12.670 2.0736
12.680 2.0719
12.690 2.0702
12.700 2.0685
12.710 2.0668
12.720 2.0651
12.730 2.0634
12.740 2.0617
12.750 2.0600
12.760 2.0583
12.770 2.0566
12.780 2.0549
12.790 2.0532
12.800 2.0516
12.810 2.0499
12.820 2.0482
12.830 2.0465
12.840 2.0449
12.850 2.0432
12.860 2.0415
12.870 2.0399
12.880 2.0382
12.890 2.0365
12.900 2.0349
12.910 2.0332
12.920 2.0316
12.930 2.0299
12.940 2.0283
12.950 2.0267
12.960 2.0250
12.970 2.0234
12.980 2.0217
12.990 2.0201
13.000 2.0185
13.010 2.0169
13.020 2.0152
13.030 2.0136
13.040 2.0120
13.050 2.0104
13.060 2.0088
13.070 2.0071
13.080 2.0055
13.090 2.0039
13.100 2.0023
13.110 2.0007
13.120 1.9991
13.130 1.9975
13.140 1.9959
13.150 1.9943
13.160 1.9927
13.170 1.9912
13.180 1.9896
13.190 1.9880
13.200 1.9864
13.210 1.9848
13.220 1.9832
13.230 1.9817
13.240 1.9801
13.250 1.9785
13.260 1.9770
13.270 1.9754
13.280 1.9738
13.290 1.9723
13.300 1.9707
13.310 1.9692
13.320 1.9676
13.330 1.9661
13.340 1.9645
13.350 1.9630
13.360 1.9614
13.370 1.9599
13.380 1.9584
13.390 1.9568
13.400 1.9553
13.410 1.9538
13.420 1.9522
13.430 1.9507
13.440 1.9492
13.450 1.9476
13.460 1.9461
13.470 1.9446
13.480 1.9431
13.490 1.9416
13.500 1.9401
13.510 1.9386
13.520 1.9371
13.530 1.9355
13.540 1.9340
13.550 1.9325
13.560 1.9310
13.570 1.9295
13.580 1.9281
13.590 1.9266
13.600 1.9251
13.610 1.9236
13.620 1.9221
13.630 1.9206
13.640 1.9191
13.650 1.9177
13.660 1.9162
13.670 1.9147
13.680 1.9132
13.690 1.9118
13.700 1.9103
13.710 1.9088
13.720 1.9074
13.730 1.9059
13.740 1.9045
13.750 1.9030
13.760 1.9015
13.770 1.9001
13.780 1.8986
13.790 1.8972
13.800 1.8957
13.810 1.8943
13.820 1.8929
13.830 1.8914
13.840 1.8900
13.850 1.8885
13.860 1.8871
13.870 1.8857
13.880 1.8842
13.890 1.8828
13.900 1.8814
13.910 1.8800
13.920 1.8785
13.930 1.8771
13.940 1.8757
13.950 1.8743
13.960 1.8729
13.970 1.8715
13.980 1.8701
13.990 1.8687
14.000 1.8672
14.010 1.8658
14.020 1.8644
14.030 1.8630
14.040 1.8616
14.050 1.8603
14.060 1.8589
14.070 1.8575
14.080 1.8561
14.090 1.8547
14.100 1.8533
14.110 1.8519
14.120 1.8505
14.130 1.8492
14.140 1.8478
14.150 1.8464
14.160 1.8450
14.170 1.8437
14.180 1.8423
14.190 1.8409
14.200 1.8396
14.210 1.8382
14.220 1.8368
14.230 1.8355
14.240 1.8341
14.250 1.8328
14.260 1.8314
14.270 1.8300
14.280 1.8287
14.290 1.8273
14.300 1.8260
14.310 1.8247
14.320 1.8233
14.330 1.8220
14.340 1.8206
14.350 1.8193
14.360 1.8180
14.370 1.8166
14.380 1.8153
14.390 1.8140
14.400 1.8126
14.410 1.8113
14.420 1.8100
14.430 1.8087
14.440 1.8073
14.450 1.8060
14.460 1.8047
14.470 1.8034
14.480 1.8021
14.490 1.8008
14.500 1.7994
14.510 1.7981
14.520 1.7968
14.530 1.7955
14.540 1.7942
14.550 1.7929
14.560 1.7916
14.570 1.7903
14.580 1.7890
14.590 1.7877
14.600 1.7864
14.610 1.7851
14.620 1.7839
14.630 1.7826
14.640 1.7813
14.650 1.7800
14.660 1.7787
14.670 1.7774
14.680 1.7762
14.690 1.7749
14.700 1.7736
14.710 1.7723
14.720 1.7711
14.730 1.7698
14.740 1.7685
14.750 1.7673
14.760 1.7660
14.770 1.7647
14.780 1.7635
14.790 1.7622
14.800 1.7610
14.810 1.7597
14.820 1.7584
14.830 1.7572
14.840 1.7559
14.850 1.7547
14.860 1.7534
14.870 1.7522
14.880 1.7510
14.890 1.7497
14.900 1.7485
14.910 1.7472
14.920 1.7460
14.930 1.7448
14.940 1.7435
14.950 1.7423
14.960 1.7411
14.970 1.7398
14.980 1.7386
14.990 1.7374
15.000 1.7362
15.100 1.7240
15.110 1.7228
15.120 1.7216
15.130 1.7204
15.140 1.7192
15.150 1.7180
15.160 1.7168
15.170 1.7156
15.180 1.7144
15.190 1.7132
15.200 1.7120
15.210 1.7108
15.220 1.7096
15.230 1.7084
15.240 1.7072
15.250 1.7061
15.260 1.7049
15.270 1.7037
15.280 1.7025
15.290 1.7013
15.300 1.7002
15.310 1.6990
15.320 1.6978
15.330 1.6966
15.340 1.6955
15.350 1.6943
15.360 1.6931
15.370 1.6920
15.380 1.6908
15.390 1.6896
15.400 1.6885
15.410 1.6873
15.420 1.6862
15.430 1.6850
15.440 1.6838
15.450 1.6827
15.460 1.6815
15.470 1.6804
15.480 1.6792
15.490 1.6781
15.500 1.6769
15.510 1.6758
15.520 1.6746
15.530 1.6735
15.540 1.6724
15.550 1.6712
15.560 1.6701
15.570 1.6690
15.580 1.6678
15.590 1.6667
15.600 1.6655
15.610 1.6644
15.620 1.6633
15.630 1.6622
15.640 1.6610
15.650 1.6599
15.660 1.6588
15.670 1.6577
15.680 1.6565
15.690 1.6554
15.700 1.6543
15.710 1.6532
15.720 1.6521
15.730 1.6510
15.740 1.6498
15.750 1.6487
15.760 1.6476
15.770 1.6465
15.780 1.6454
15.790 1.6443
15.800 1.6432
15.810 1.6421
15.820 1.6410
15.830 1.6399
15.840 1.6388
15.850 1.6377
15.860 1.6366
15.870 1.6355
15.880 1.6344
15.890 1.6333
15.900 1.6322
15.910 1.6312
15.920 1.6301
15.930 1.6290
15.940 1.6279
15.950 1.6268
15.960 1.6257
15.970 1.6247
15.980 1.6236
15.990 1.6225
16.000 1.6214
16.010 1.6203
16.020 1.6193
16.030 1.6182
16.040 1.6171
16.050 1.6161
16.060 1.6150
16.070 1.6139
16.080 1.6129
16.090 1.6118
16.100 1.6107
16.110 1.6097
16.120 1.6086
16.130 1.6075
16.140 1.6065
16.150 1.6054
16.160 1.6044
16.170 1.6033
16.180 1.6023
16.190 1.6012
16.200 1.6002
16.210 1.5991
16.220 1.5981
16.230 1.5970
16.240 1.5960
16.250 1.5949
16.260 1.5939
16.270 1.5929
16.280 1.5918
16.290 1.5908
16.300 1.5897
16.310 1.5887
16.320 1.5877
16.330 1.5866
16.340 1.5856
16.350 1.5846
16.360 1.5835
16.370 1.5825
16.380 1.5815
16.390 1.5805
16.400 1.5794
16.410 1.5784
16.420 1.5774
16.430 1.5764
16.440 1.5753
16.450 1.5743
16.460 1.5733
16.470 1.5723
16.480 1.5713
16.490 1.5703
16.500 1.5693
16.510 1.5682
16.520 1.5672
16.530 1.5662
16.540 1.5652
16.550 1.5642
16.560 1.5632
16.570 1.5622
16.580 1.5612
16.590 1.5602
16.600 1.5592
16.610 1.5582
16.620 1.5572
16.630 1.5562
16.640 1.5552
16.650 1.5542
16.660 1.5532
16.670 1.5522
16.680 1.5512
16.690 1.5503
16.700 1.5493
16.710 1.5483
16.720 1.5473
16.730 1.5463
16.740 1.5453
16.750 1.5443
16.760 1.5434
16.770 1.5424
16.780 1.5414
16.790 1.5404
16.800 1.5394
16.810 1.5385
16.820 1.5375
16.830 1.5365
16.840 1.5356
16.850 1.5346
16.860 1.5336
16.870 1.5326
16.880 1.5317
16.890 1.5307
16.900 1.5297
16.910 1.5288
16.920 1.5278
16.930 1.5269
16.940 1.5259
16.950 1.5249
16.960 1.5240
16.970 1.5230
16.980 1.5221
16.990 1.5211
17.000 1.5202
17.010 1.5192
17.020 1.5183
17.030 1.5173
17.040 1.5164
17.050 1.5154
17.060 1.5145
17.070 1.5135
17.080 1.5126
17.090 1.5116
17.100 1.5107
17.110 1.5097
17.120 1.5088
17.130 1.5079
17.140 1.5069
17.150 1.5060
17.160 1.5050
17.170 1.5041
17.180 1.5032
17.190 1.5022
17.200 1.5013
17.210 1.5004
17.220 1.4995
17.230 1.4985
17.240 1.4976
17.250 1.4967
17.260 1.4957
17.270 1.4948
17.280 1.4939
17.290 1.4930
17.300 1.4921
17.310 1.4911
17.320 1.4902
17.330 1.4893
17.340 1.4884
17.350 1.4875
17.360 1.4866
17.370 1.4856
17.380 1.4847
17.390 1.4838
17.400 1.4829
17.410 1.4820
17.420 1.4811
17.430 1.4802
17.440 1.4793
17.450 1.4784
17.460 1.4775
17.470 1.4766
17.480 1.4757
17.490 1.4748
17.500 1.4739
17.510 1.4730
17.520 1.4721
17.530 1.4712
17.540 1.4703
17.550 1.4694
17.560 1.4685
17.570 1.4676
17.580 1.4667
17.590 1.4658
17.600 1.4649
17.610 1.4640
17.620 1.4631
17.630 1.4622
17.640 1.4614
17.650 1.4605
17.660 1.4596
17.670 1.4587
17.680 1.4578
17.690 1.4569
17.700 1.4561
17.710 1.4552
17.720 1.4543
17.730 1.4534
17.740 1.4526
17.750 1.4517
17.760 1.4508
17.770 1.4499
17.780 1.4491
17.790 1.4482
17.800 1.4473
17.810 1.4465
17.820 1.4456
17.830 1.4447
17.840 1.4439
17.850 1.4430
17.860 1.4421
17.870 1.4413
17.880 1.4404
17.890 1.4395
17.900 1.4387
17.910 1.4378
17.920 1.4370
17.930 1.4361
17.940 1.4352
17.950 1.4344
17.960 1.4335
17.970 1.4327
17.980 1.4318
17.990 1.4310
18.000 1.4301
18.010 1.4293
18.020 1.4284
18.030 1.4276
18.040 1.4267
18.050 1.4259
18.060 1.4250
18.070 1.4242
18.080 1.4233
18.090 1.4225
18.100 1.4217
18.110 1.4208
18.120 1.4200
18.130 1.4191
18.140 1.4183
18.150 1.4175
18.160 1.4166
18.170 1.4158
18.180 1.4150
18.190 1.4141
18.200 1.4133
18.210 1.4125
18.220 1.4116
18.230 1.4108
18.240 1.4100
18.250 1.4092
18.260 1.4083
18.270 1.4075
18.280 1.4067
18.290 1.4058
18.300 1.4050
18.310 1.4042
18.320 1.4034
18.330 1.4026
18.340 1.4017
18.350 1.4009
18.360 1.4001
18.370 1.3993
18.380 1.3985
18.390 1.3977
18.400 1.3968
18.410 1.3960
18.420 1.3952
18.430 1.3944
18.440 1.3936
18.450 1.3928
18.460 1.3920
18.470 1.3912
18.480 1.3904
18.490 1.3896
18.500 1.3887
18.510 1.3879
18.520 1.3871
18.530 1.3863
18.540 1.3855
18.550 1.3847
18.560 1.3839
18.570 1.3831
18.580 1.3823
18.590 1.3815
18.600 1.3807
18.610 1.3799
18.620 1.3791
18.630 1.3784
18.640 1.3776
18.650 1.3768
18.660 1.3760
18.670 1.3752
18.680 1.3744
18.690 1.3736
18.700 1.3728
18.710 1.3720
18.720 1.3712
18.730 1.3705
18.740 1.3697
18.750 1.3689
18.760 1.3681
18.770 1.3673
18.780 1.3665
18.790 1.3658
18.800 1.3650
18.810 1.3642
18.820 1.3634
18.830 1.3626
18.840 1.3619
18.850 1.3611
18.860 1.3603
18.870 1.3595
18.880 1.3588
18.890 1.3580
18.900 1.3572
18.910 1.3564
18.920 1.3557
18.930 1.3549
18.940 1.3541
18.950 1.3534
18.960 1.3526
18.970 1.3518
18.980 1.3511
18.990 1.3503
19.000 1.3495
19.010 1.3488
19.020 1.3480
19.030 1.3473
19.040 1.3465
19.050 1.3457
19.060 1.3450
19.070 1.3442
19.080 1.3435
19.090 1.3427
19.100 1.3419
19.110 1.3412
19.120 1.3404
19.130 1.3397
19.140 1.3389
19.150 1.3382
19.160 1.3374
19.170 1.3367
19.180 1.3359
19.190 1.3352
19.200 1.3344
19.210 1.3337
19.220 1.3329
19.230 1.3322
19.240 1.3314
19.250 1.3307
19.260 1.3300
19.270 1.3292
19.280 1.3285
19.290 1.3277
19.300 1.3270
19.310 1.3263
19.320 1.3255
19.330 1.3248
19.340 1.3240
19.350 1.3233
19.360 1.3226
19.370 1.3218
19.380 1.3211
19.390 1.3204
19.400 1.3196
19.410 1.3189
19.420 1.3182
19.430 1.3174
19.440 1.3167
19.450 1.3160
19.460 1.3152
19.470 1.3145
19.480 1.3138
19.490 1.3131
19.500 1.3123
19.510 1.3116
19.520 1.3109
19.530 1.3102
19.540 1.3095
19.550 1.3087
19.560 1.3080
19.570 1.3073
19.580 1.3066
19.590 1.3058
19.600 1.3051
19.610 1.3044
19.620 1.3037
19.630 1.3030
19.640 1.3023
19.650 1.3016
19.660 1.3008
19.670 1.3001
19.680 1.2994
19.690 1.2987
19.700 1.2980
19.710 1.2973
19.720 1.2966
19.730 1.2959
19.740 1.2952
19.750 1.2944
19.760 1.2937
19.770 1.2930
19.780 1.2923
19.790 1.2916
19.800 1.2909
19.810 1.2902
19.820 1.2895
19.830 1.2888
19.840 1.2881
19.850 1.2874
19.860 1.2867
19.870 1.2860
19.880 1.2853
19.890 1.2846
19.900 1.2839
19.910 1.2832
19.920 1.2825
19.930 1.2818
19.940 1.2811
19.950 1.2805
19.960 1.2798
19.970 1.2791
19.980 1.2784
19.990 1.2777
20.000 1.2770
20.100 1.2701
20.110 1.2695
20.120 1.2688
20.130 1.2681
20.140 1.2674
20.150 1.2667
20.160 1.2661
20.170 1.2654
20.180 1.2647
20.190 1.2640
20.200 1.2634
20.210 1.2627
20.220 1.2620
20.230 1.2613
20.240 1.2607
20.250 1.2600
20.260 1.2593
20.270 1.2586
20.280 1.2580
20.290 1.2573
20.300 1.2566
20.310 1.2560
20.320 1.2553
20.330 1.2546
20.340 1.2540
20.350 1.2533
20.360 1.2526
20.370 1.2520
20.380 1.2513
20.390 1.2506
20.400 1.2500
20.410 1.2493
20.420 1.2486
20.430 1.2480
20.440 1.2473
20.450 1.2467
20.460 1.2460
20.470 1.2453
20.480 1.2447
20.490 1.2440
20.500 1.2434
20.510 1.2427
20.520 1.2421
20.530 1.2414
20.540 1.2408
20.550 1.2401
20.560 1.2394
20.570 1.2388
20.580 1.2381
20.590 1.2375
20.600 1.2368
20.610 1.2362
20.620 1.2355
20.630 1.2349
20.640 1.2342
20.650 1.2336
20.660 1.2330
20.670 1.2323
20.680 1.2317
20.690 1.2310
20.700 1.2304
20.710 1.2297
20.720 1.2291
20.730 1.2284
20.740 1.2278
20.750 1.2272
20.760 1.2265
20.770 1.2259
20.780 1.2252
20.790 1.2246
20.800 1.2240
20.810 1.2233
20.820 1.2227
20.830 1.2221
20.840 1.2214
20.850 1.2208
20.860 1.2202
20.870 1.2195
20.880 1.2189
20.890 1.2183
20.900 1.2176
20.910 1.2170
20.920 1.2164
20.930 1.2157
20.940 1.2151
20.950 1.2145
20.960 1.2138
20.970 1.2132
20.980 1.2126
20.990 1.2120
21.000 1.2113
21.010 1.2107
21.020 1.2101
21.030 1.2095
21.040 1.2088
21.050 1.2082
21.060 1.2076
21.070 1.2070
21.080 1.2064
21.090 1.2057
21.100 1.2051
21.110 1.2045
21.120 1.2039
21.130 1.2033
21.140 1.2026
21.150 1.2020
21.160 1.2014
21.170 1.2008
21.180 1.2002
21.190 1.1996
21.200 1.1990
21.210 1.1983
21.220 1.1977
21.230 1.1971
21.240 1.1965
21.250 1.1959
21.260 1.1953
21.270 1.1947
21.280 1.1941
21.290 1.1935
21.300 1.1928
21.310 1.1922
21.320 1.1916
21.330 1.1910
21.340 1.1904
21.350 1.1898
21.360 1.1892
21.370 1.1886
21.380 1.1880
21.390 1.1874
21.400 1.1868
21.410 1.1862
21.420 1.1856
21.430 1.1850
21.440 1.1844
21.450 1.1838
21.460 1.1832
21.470 1.1826
21.480 1.1820
21.490 1.1814
21.500 1.1808
21.510 1.1802
21.520 1.1796
21.530 1.1790
21.540 1.1784
21.550 1.1778
21.560 1.1772
21.570 1.1766
21.580 1.1760
21.590 1.1754
21.600 1.1749
21.610 1.1743
21.620 1.1737
21.630 1.1731
21.640 1.1725
21.650 1.1719
21.660 1.1713
21.670 1.1707
21.680 1.1701
21.690 1.1696
21.700 1.1690
21.710 1.1684
21.720 1.1678
21.730 1.1672
21.740 1.1666
21.750 1.1661
21.760 1.1655
21.770 1.1649
21.780 1.1643
21.790 1.1637
21.800 1.1631
21.810 1.1626
21.820 1.1620
21.830 1.1614
21.840 1.1608
21.850 1.1602
21.860 1.1597
21.870 1.1591
21.880 1.1585
21.890 1.1579
21.900 1.1574
21.910 1.1568
21.920 1.1562
21.930 1.1556
21.940 1.1551
21.950 1.1545
21.960 1.1539
21.970 1.1533
21.980 1.1528
21.990 1.1522
22.000 1.1516
22.010 1.1511
22.020 1.1505
22.030 1.1499
22.040 1.1494
22.050 1.1488
22.060 1.1482
22.070 1.1477
22.080 1.1471
22.090 1.1465
22.100 1.1460
22.110 1.1454
22.120 1.1448
22.130 1.1443
22.140 1.1437
22.150 1.1431
22.160 1.1426
22.170 1.1420
22.180 1.1415
22.190 1.1409
22.200 1.1403
22.210 1.1398
22.220 1.1392
22.230 1.1387
22.240 1.1381
22.250 1.1375
22.260 1.1370
22.270 1.1364
22.280 1.1359
22.290 1.1353
22.300 1.1348
22.310 1.1342
22.320 1.1337
22.330 1.1331
22.340 1.1325
22.350 1.1320
22.360 1.1314
22.370 1.1309
22.380 1.1303
22.390 1.1298
22.400 1.1292
22.410 1.1287
22.420 1.1281
22.430 1.1276
22.440 1.1270
22.450 1.1265
22.460 1.1259
22.470 1.1254
22.480 1.1249
22.490 1.1243
22.500 1.1238
22.510 1.1232
22.520 1.1227
22.530 1.1221
22.540 1.1216
22.550 1.1210
22.560 1.1205
22.570 1.1200
22.580 1.1194
22.590 1.1189
22.600 1.1183
22.610 1.1178
22.620 1.1173
22.630 1.1167
22.640 1.1162
22.650 1.1156
22.660 1.1151
22.670 1.1146
22.680 1.1140
22.690 1.1135
22.700 1.1130
22.710 1.1124
22.720 1.1119
22.730 1.1114
22.740 1.1108
22.750 1.1103
22.760 1.1098
22.770 1.1092
22.780 1.1087
22.790 1.1082
22.800 1.1076
22.810 1.1071
22.820 1.1066
22.830 1.1060
22.840 1.1055
22.850 1.1050
22.860 1.1044
22.870 1.1039
22.880 1.1034
22.890 1.1029
22.900 1.1023
22.910 1.1018
22.920 1.1013
22.930 1.1008
22.940 1.1002
22.950 1.0997
22.960 1.0992
22.970 1.0987
22.980 1.0981
22.990 1.0976
23.000 1.0971
23.010 1.0966
23.020 1.0961
23.030 1.0955
23.040 1.0950
23.050 1.0945
23.060 1.0940
23.070 1.0935
23.080 1.0929
23.090 1.0924
23.100 1.0919
23.110 1.0914
23.120 1.0909
23.130 1.0904
23.140 1.0898
23.150 1.0893
23.160 1.0888
23.170 1.0883
23.180 1.0878
23.190 1.0873
23.200 1.0868
23.210 1.0862
23.220 1.0857
23.230 1.0852
23.240 1.0847
23.250 1.0842
23.260 1.0837
23.270 1.0832
23.280 1.0827
23.290 1.0822
23.300 1.0816
23.310 1.0811
23.320 1.0806
23.330 1.0801
23.340 1.0796
23.350 1.0791
23.360 1.0786
23.370 1.0781
23.380 1.0776
23.390 1.0771
23.400 1.0766
23.410 1.0761
23.420 1.0756
23.430 1.0751
23.440 1.0746
23.450 1.0741
23.460 1.0736
23.470 1.0731
23.480 1.0726
23.490 1.0721
23.500 1.0716
23.510 1.0711
23.520 1.0706
23.530 1.0701
23.540 1.0696
23.550 1.0691
23.560 1.0686
23.570 1.0681
23.580 1.0676
23.590 1.0671
23.600 1.0666
23.610 1.0661
23.620 1.0656
23.630 1.0651
23.640 1.0646
23.650 1.0641
23.660 1.0636
23.670 1.0631
23.680 1.0626
23.690 1.0621
23.700 1.0617
23.710 1.0612
23.720 1.0607
23.730 1.0602
23.740 1.0597
23.750 1.0592
23.760 1.0587
23.770 1.0582
23.780 1.0577
23.790 1.0572
23.800 1.0568
23.810 1.0563
23.820 1.0558
23.830 1.0553
23.840 1.0548
23.850 1.0543
23.860 1.0538
23.870 1.0534
23.880 1.0529
23.890 1.0524
23.900 1.0519
23.910 1.0514
23.920 1.0509
23.930 1.0505
23.940 1.0500
23.950 1.0495
23.960 1.0490
23.970 1.0485
23.980 1.0480
23.990 1.0476
24.000 1.0471
24.010 1.0466
24.020 1.0461
24.030 1.0457
24.040 1.0452
24.050 1.0447
24.060 1.0442
24.070 1.0437
24.080 1.0433
24.090 1.0428
24.100 1.0423
24.110 1.0418
24.120 1.0414
24.130 1.0409
24.140 1.0404
24.150 1.0399
24.160 1.0395
24.170 1.0390
24.180 1.0385
24.190 1.0381
24.200 1.0376
24.210 1.0371
24.220 1.0366
24.230 1.0362
24.240 1.0357
24.250 1.0352
24.260 1.0348
24.270 1.0343
24.280 1.0338
24.290 1.0334
24.300 1.0329
24.310 1.0324
24.320 1.0320
24.330 1.0315
24.340 1.0310
24.350 1.0306
24.360 1.0301
24.370 1.0296
24.380 1.0292
24.390 1.0287
24.400 1.0282
24.410 1.0278
24.420 1.0273
24.430 1.0268
24.440 1.0264
24.450 1.0259
24.460 1.0255
24.470 1.0250
24.480 1.0245
24.490 1.0241
24.500 1.0236
24.510 1.0231
24.520 1.0227
24.530 1.0222
24.540 1.0218
24.550 1.0213
24.560 1.0209
24.570 1.0204
24.580 1.0199
24.590 1.0195
24.600 1.0190
24.610 1.0186
24.620 1.0181
24.630 1.0177
24.640 1.0172
24.650 1.0167
24.660 1.0163
24.670 1.0158
24.680 1.0154
24.690 1.0149
24.700 1.0145
24.710 1.0140
24.720 1.0136
24.730 1.0131
24.740 1.0127
24.750 1.0122
24.760 1.0118
24.770 1.0113
24.780 1.0109
24.790 1.0104
24.800 1.0100
24.810 1.0095
24.820 1.0091
24.830 1.0086
24.840 1.0082
24.850 1.0077
24.860 1.0073
24.870 1.0068
24.880 1.0064
24.890 1.0059
24.900 1.0055
24.910 1.0051
24.920 1.0046
24.930 1.0042
24.940 1.0037
24.950 1.0033
24.960 1.0028
24.970 1.0024
24.980 1.0019
24.990 1.0015
25.000 1.0011
25.100 0.99666
25.110 0.99622
25.120 0.99578
25.130 0.99535
25.140 0.99491
25.150 0.99447
25.160 0.99403
25.170 0.99360
25.180 0.99316
25.190 0.99273
25.200 0.99229
25.210 0.99186
25.220 0.99142
25.230 0.99099
25.240 0.99055
25.250 0.99012
25.260 0.98969
25.270 0.98926
25.280 0.98882
25.290 0.98839
25.300 0.98796
25.310 0.98753
25.320 0.98710
25.330 0.98667
25.340 0.98624
25.350 0.98580
25.360 0.98538
25.370 0.98495
25.380 0.98452
25.390 0.98409
25.400 0.98366
25.410 0.98323
25.420 0.98280
25.430 0.98238
25.440 0.98195
25.450 0.98152
25.460 0.98110
25.470 0.98067
25.480 0.98024
25.490 0.97982
25.500 0.97939
25.510 0.97897
25.520 0.97854
25.530 0.97812
25.540 0.97770
25.550 0.97727
25.560 0.97685
25.570 0.97643
25.580 0.97601
25.590 0.97558
25.600 0.97516
25.610 0.97474
25.620 0.97432
25.630 0.97390
25.640 0.97348
25.650 0.97306
25.660 0.97264
25.670 0.97222
25.680 0.97180
25.690 0.97138
25.700 0.97096
25.710 0.97054
25.720 0.97013
25.730 0.96971
25.740 0.96929
25.750 0.96887
25.760 0.96846
25.770 0.96804
25.780 0.96763
25.790 0.96721
25.800 0.96679
25.810 0.96638
25.820 0.96596
25.830 0.96555
25.840 0.96514
25.850 0.96472
25.860 0.96431
25.870 0.96390
25.880 0.96348
25.890 0.96307
25.900 0.96266
25.910 0.96225
25.920 0.96184
25.930 0.96142
25.940 0.96101
25.950 0.96060
25.960 0.96019
25.970 0.95978
25.980 0.95937
25.990 0.95896
26.000 0.95856
26.010 0.95815
26.020 0.95774
26.030 0.95733
26.040 0.95692
26.050 0.95652
26.060 0.95611
26.070 0.95570
26.080 0.95529
26.090 0.95489
26.100 0.95448
26.110 0.95408
26.120 0.95367
26.130 0.95327
26.140 0.95286
26.150 0.95246
26.160 0.95205
26.170 0.95165
26.180 0.95125
26.190 0.95084
26.200 0.95044
26.210 0.95004
26.220 0.94964
26.230 0.94923
26.240 0.94883
26.250 0.94843
26.260 0.94803
26.270 0.94763
26.280 0.94723
26.290 0.94683
26.300 0.94643
26.310 0.94603
26.320 0.94563
26.330 0.94523
26.340 0.94483
26.350 0.94444
26.360 0.94404
26.370 0.94364
26.380 0.94324
26.390 0.94285
26.400 0.94245
26.410 0.94205
26.420 0.94166
26.430 0.94126
26.440 0.94087
26.450 0.94047
26.460 0.94008
26.470 0.93968
26.480 0.93929
26.490 0.93889
26.500 0.93850
26.510 0.93810
26.520 0.93771
26.530 0.93732
26.540 0.93693
26.550 0.93653
26.560 0.93614
26.570 0.93575
26.580 0.93536
26.590 0.93497
26.600 0.93458
26.610 0.93419
26.620 0.93380
26.630 0.93341
26.640 0.93302
26.650 0.93263
26.660 0.93224
26.670 0.93185
26.680 0.93146
26.690 0.93107
26.700 0.93068
26.710 0.93030
26.720 0.92991
26.730 0.92952
26.740 0.92914
26.750 0.92875
26.760 0.92836
26.770 0.92798
26.780 0.92759
26.790 0.92721
26.800 0.92682
26.810 0.92644
26.820 0.92605
26.830 0.92567
26.840 0.92528
26.850 0.92490
26.860 0.92452
26.870 0.92413
26.880 0.92375
26.890 0.92337
26.900 0.92299
26.910 0.92260
26.920 0.92222
26.930 0.92184
26.940 0.92146
26.950 0.92108
26.960 0.92070
26.970 0.92032
26.980 0.91994
26.990 0.91956
27.000 0.91918
27.010 0.91880
27.020 0.91842
27.030 0.91804
27.040 0.91766
27.050 0.91729
27.060 0.91691
27.070 0.91653
27.080 0.91615
27.090 0.91578
27.100 0.91540
27.110 0.91502
27.120 0.91465
27.130 0.91427
27.140 0.91390
27.150 0.91352
27.160 0.91315
27.170 0.91277
27.180 0.91240
27.190 0.91202
27.200 0.91165
27.210 0.91128
27.220 0.91090
27.230 0.91053
27.240 0.91016
27.250 0.90978
27.260 0.90941
27.270 0.90904
27.280 0.90867
27.290 0.90830
27.300 0.90793
27.310 0.90756
27.320 0.90718
27.330 0.90681
27.340 0.90644
27.350 0.90607
27.360 0.90570
27.370 0.90534
27.380 0.90497
27.390 0.90460
27.400 0.90423
27.410 0.90386
27.420 0.90349
27.430 0.90313
27.440 0.90276
27.450 0.90239
27.460 0.90202
27.470 0.90166
27.480 0.90129
27.490 0.90092
27.500 0.90056
27.510 0.90019
27.520 0.89983
27.530 0.89946
27.540 0.89910
27.550 0.89873
27.560 0.89837
27.570 0.89801
27.580 0.89764
27.590 0.89728
27.600 0.89692
27.610 0.89655
27.620 0.89619
27.630 0.89583
27.640 0.89547
27.650 0.89510
27.660 0.89474
27.670 0.89438
27.680 0.89402
27.690 0.89366
27.700 0.89330
27.710 0.89294
27.720 0.89258
27.730 0.89222
27.740 0.89186
27.750 0.89150
27.760 0.89114
27.770 0.89078
27.780 0.89042
27.790 0.89006
27.800 0.88971
27.810 0.88935
27.820 0.88899
27.830 0.88863
27.840 0.88828
27.850 0.88792
27.860 0.88756
27.870 0.88721
27.880 0.88685
27.890 0.88650
27.900 0.88614
27.910 0.88578
27.920 0.88543
27.930 0.88507
27.940 0.88472
27.950 0.88437
27.960 0.88401
27.970 0.88366
27.980 0.88331
27.990 0.88295
28.000 0.88260
28.010 0.88225
28.020 0.88189
28.030 0.88154
28.040 0.88119
28.050 0.88084
28.060 0.88049
28.070 0.88014
28.080 0.87978
28.090 0.87943
28.100 0.87908
28.110 0.87873
28.120 0.87838
28.130 0.87803
28.140 0.87768
28.150 0.87733
28.160 0.87699
28.170 0.87664
28.180 0.87629
28.190 0.87594
28.200 0.87559
28.210 0.87524
28.220 0.87490
28.230 0.87455
28.240 0.87420
28.250 0.87386
28.260 0.87351
28.270 0.87316
28.280 0.87282
28.290 0.87247
28.300 0.87213
28.310 0.87178
28.320 0.87144
28.330 0.87109
28.340 0.87075
28.350 0.87040
28.360 0.87006
28.370 0.86971
28.380 0.86937
28.390 0.86903
28.400 0.86868
28.410 0.86834
28.420 0.86800
28.430 0.86766
28.440 0.86731
28.450 0.86697
28.460 0.86663
28.470 0.86629
28.480 0.86595
28.490 0.86561
28.500 0.86526
28.510 0.86492
28.520 0.86458
28.530 0.86424
28.540 0.86390
28.550 0.86356
28.560 0.86323
28.570 0.86289
28.580 0.86255
28.590 0.86221
28.600 0.86187
28.610 0.86153
28.620 0.86119
28.630 0.86086
28.640 0.86052
28.650 0.86018
28.660 0.85984
28.670 0.85951
28.680 0.85917
28.690 0.85883
28.700 0.85850
28.710 0.85816
28.720 0.85783
28.730 0.85749
28.740 0.85716
28.750 0.85682
28.760 0.85649
28.770 0.85615
28.780 0.85582
28.790 0.85548
28.800 0.85515
28.810 0.85482
28.820 0.85448
28.830 0.85415
28.840 0.85382
28.850 0.85349
28.860 0.85315
28.870 0.85282
28.880 0.85249
28.890 0.85216
28.900 0.85183
28.910 0.85149
28.920 0.85116
28.930 0.85083
28.940 0.85050
28.950 0.85017
28.960 0.84984
28.970 0.84951
28.980 0.84918
28.990 0.84885
29.000 0.84852
29.010 0.84819
29.020 0.84787
29.030 0.84754
29.040 0.84721
29.050 0.84688
29.060 0.84655
29.070 0.84623
29.080 0.84590
29.090 0.84557
29.100 0.84524
29.110 0.84492
29.120 0.84459
29.130 0.84426
29.140 0.84394
29.150 0.84361
29.160 0.84329
29.170 0.84296
29.180 0.84264
29.190 0.84231
29.200 0.84199
29.210 0.84166
29.220 0.84134
29.230 0.84101
29.240 0.84069
29.250 0.84037
29.260 0.84004
29.270 0.83972
29.280 0.83940
29.290 0.83907
29.300 0.83875
29.310 0.83843
29.320 0.83811
29.330 0.83779
29.340 0.83746
29.350 0.83714
29.360 0.83682
29.370 0.83650
29.380 0.83618
29.390 0.83586
29.400 0.83554
29.410 0.83522
29.420 0.83490
29.430 0.83458
29.440 0.83426
29.450 0.83394
29.460 0.83362
29.470 0.83330
29.480 0.83298
29.490 0.83266
29.500 0.83235
29.510 0.83203
29.520 0.83171
29.530 0.83139
29.540 0.83108
29.550 0.83076
29.560 0.83044
29.570 0.83012
29.580 0.82981
29.590 0.82949
29.600 0.82918
29.610 0.82886
29.620 0.82854
29.630 0.82823
29.640 0.82791
29.650 0.82760
29.660 0.82728
29.670 0.82697
29.680 0.82665
29.690 0.82634
29.700 0.82603
29.710 0.82571
29.720 0.82540
29.730 0.82509
29.740 0.82477
29.750 0.82446
29.760 0.82415
29.770 0.82383
29.780 0.82352
29.790 0.82321
29.800 0.82290
29.810 0.82259
29.820 0.82228
29.830 0.82196
29.840 0.82165
29.850 0.82134
29.860 0.82103
29.870 0.82072
29.880 0.82041
29.890 0.82010
29.900 0.81979
29.910 0.81948
29.920 0.81917
29.930 0.81886
29.940 0.81855
29.950 0.81824
29.960 0.81794
29.970 0.81763
29.980 0.81732
29.990 0.81701
30.000 0.81670
