0.10000 122.89
0.11000 111.70
0.12000 102.37
0.13000 94.483
0.14000 87.720
0.15000 81.859
0.16000 76.730
0.17000 72.205
0.18000 68.183
0.19000 64.584
0.20000 61.344
0.21000 58.414
0.22000 55.750
0.23000 53.317
0.24000 51.087
0.25000 49.036
0.26000 47.142
0.27000 45.389
0.28000 43.760
0.29000 42.245
0.30000 40.830
0.31000 39.506
0.32000 38.265
0.33000 37.100
0.34000 36.003
0.35000 34.968
0.36000 33.991
0.37000 33.067
0.38000 32.192
0.39000 31.361
0.40000 30.572
0.41000 29.822
0.42000 29.107
0.43000 28.425
0.44000 27.775
0.45000 27.153
0.46000 26.558
0.47000 25.989
0.48000 25.443
0.49000 24.920
0.50000 24.418
0.51000 23.935
0.52000 23.471
0.53000 23.024
0.54000 22.594
0.55000 22.180
0.56000 21.780
0.57000 21.394
0.58000 21.022
0.59000 20.662
0.60000 20.315
0.61000 19.978
0.62000 19.653
0.63000 19.338
0.64000 19.032
0.65000 18.736
0.66000 18.449
0.67000 18.171
0.68000 17.901
0.69000 17.638
0.70000 17.384
0.71000 17.136
0.72000 16.895
0.73000 16.661
0.74000 16.433
0.75000 16.211
0.76000 15.995
0.77000 15.785
0.78000 15.580
0.79000 15.380
0.80000 15.185
0.81000 14.995
0.82000 14.810
0.83000 14.629
0.84000 14.453
0.85000 14.280
0.86000 14.112
0.87000 13.947
0.88000 13.786
0.89000 13.629
0.90000 13.475
0.91000 13.325
0.92000 13.178
0.93000 13.034
0.94000 12.893
0.95000 12.756
0.96000 12.621
0.97000 12.488
0.98000 12.359
0.99000 12.232
1.0000 12.108
1.0100 11.986
1.0200 11.866
1.0300 11.749
1.0400 11.634
1.0500 11.521
1.0600 11.411
1.0700 11.302
1.0800 11.196
1.0900 11.091
1.1000 10.988
1.1100 10.887
1.1200 10.788
1.1300 10.691
1.1400 10.596
1.1500 10.502
1.1600 10.409
1.1700 10.319
1.1800 10.229
1.1900 10.142
1.2000 10.055
1.2100 9.9707
1.2200 9.8872
1.2300 9.8052
1.2400 9.7245
1.2500 9.6450
1.2600 9.5668
1.2700 9.4899
1.2800 9.4141
1.2900 9.3396
1.3000 9.2661
1.3100 9.1938
1.3200 9.1226
1.3300 9.0525
1.3400 8.9834
1.3500 8.9153
1.3600 8.8482
1.3700 8.7821
1.3800 8.7170
1.3900 8.6528
1.4000 8.5895
1.4100 8.5271
1.4200 8.4656
1.4300 8.4050
1.4400 8.3452
1.4500 8.2862
1.4600 8.2280
1.4700 8.1706
1.4800 8.1140
1.4900 8.0582
1.5000 8.0031
1.5100 7.9487
1.5200 7.8950
1.5300 7.8421
1.5400 7.7898
1.5500 7.7382
1.5600 7.6872
1.5700 7.6370
1.5800 7.5873
1.5900 7.5383
1.6000 7.4899
1.6100 7.4420
1.6200 7.3948
1.6300 7.3482
1.6400 7.3021
1.6500 7.2566
1.6600 7.2116
1.6700 7.1672
1.6800 7.1233
1.6900 7.0799
1.7000 7.0370
1.7100 6.9946
1.7200 6.9528
1.7300 6.9114
1.7400 6.8704
1.7500 6.8300
1.7600 6.7900
1.7700 6.7504
1.7800 6.7113
1.7900 6.6727
1.8000 6.6344
1.8100 6.5966
1.8200 6.5592
1.8300 6.5222
1.8400 6.4856
1.8500 6.4494
1.8600 6.4136
1.8700 6.3782
1.8800 6.3432
1.8900 6.3085
1.9000 6.2742
1.9100 6.2402
1.9200 6.2066
1.9300 6.1734
1.9400 6.1405
1.9500 6.1079
1.9600 6.0757
1.9700 6.0438
1.9800 6.0122
1.9900 5.9809
2.0000 5.9499
2.0100 5.9193
2.0200 5.8889
2.0300 5.8589
2.0400 5.8291
2.0500 5.7997
2.0600 5.7705
2.0700 5.7416
2.0800 5.7130
2.0900 5.6846
2.1000 5.6565
2.1100 5.6287
2.1200 5.6012
2.1300 5.5739
2.1400 5.5468
2.1500 5.5200
2.1600 5.4935
2.1700 5.4672
2.1800 5.4412
2.1900 5.4153
2.2000 5.3898
2.2100 5.3644
2.2200 5.3393
2.2300 5.3144
2.2400 5.2897
2.2500 5.2653
2.2600 5.2410
2.2700 5.2170
2.2800 5.1932
2.2900 5.1696
2.3000 5.1462
2.3100 5.1229
2.3200 5.0999
2.3300 5.0771
2.3400 5.0545
2.3500 5.0321
2.3600 5.0099
2.3700 4.9878
2.3800 4.9660
2.3900 4.9443
2.4000 4.9228
2.4100 4.9015
2.4200 4.8804
2.4300 4.8594
2.4400 4.8386
2.4500 4.8180
2.4600 4.7975
2.4700 4.7772
2.4800 4.7571
2.4900 4.7371
2.5000 4.7173
2.5100 4.6977
2.5200 4.6782
2.5300 4.6588
2.5400 4.6396
2.5500 4.6206
2.5600 4.6017
2.5700 4.5830
2.5800 4.5644
2.5900 4.5459
2.6000 4.5276
2.6100 4.5094
2.6200 4.4914
2.6300 4.4735
2.6400 4.4557
2.6500 4.4381
2.6600 4.4206
2.6700 4.4032
2.6800 4.3860
2.6900 4.3689
2.7000 4.3519
2.7100 4.3350
2.7200 4.3183
2.7300 4.3017
2.7400 4.2852
2.7500 4.2688
2.7600 4.2526
2.7700 4.2364
2.7800 4.2204
2.7900 4.2045
2.8000 4.1887
2.8100 4.1730
2.8200 4.1574
2.8300 4.1420
2.8400 4.1266
2.8500 4.1114
2.8600 4.0962
2.8700 4.0812
2.8800 4.0663
2.8900 4.0515
2.9000 4.0367
2.9100 4.0221
2.9200 4.0076
2.9300 3.9932
2.9400 3.9788
2.9500 3.9646
2.9600 3.9505
2.9700 3.9364
2.9800 3.9225
2.9900 3.9086
3.0000 3.8949
3.0100 3.8812
3.0200 3.8676
3.0300 3.8541
3.0400 3.8407
3.0500 3.8274
3.0600 3.8142
3.0700 3.8011
3.0800 3.7880
3.0900 3.7750
3.1000 3.7621
3.1100 3.7493
3.1200 3.7366
3.1300 3.7240
3.1400 3.7114
3.1500 3.6989
3.1600 3.6865
3.1700 3.6742
3.1800 3.6620
3.1900 3.6498
3.2000 3.6377
3.2100 3.6257
3.2200 3.6137
3.2300 3.6018
3.2400 3.5900
3.2500 3.5783
3.2600 3.5667
3.2700 3.5551
3.2800 3.5436
3.2900 3.5321
3.3000 3.5207
3.3100 3.5094
3.3200 3.4982
3.3300 3.4870
3.3400 3.4759
3.3500 3.4649
3.3600 3.4539
3.3700 3.4430
3.3800 3.4321
3.3900 3.4214
3.4000 3.4106
3.4100 3.4000
3.4200 3.3894
3.4300 3.3789
3.4400 3.3684
3.4500 3.3580
3.4600 3.3476
3.4700 3.3373
3.4800 3.3271
3.4900 3.3169
3.5000 3.3068
3.5100 3.2967
3.5200 3.2867
3.5300 3.2768
3.5400 3.2669
3.5500 3.2571
3.5600 3.2473
3.5700 3.2376
3.5800 3.2279
3.5900 3.2183
3.6000 3.2087
3.6100 3.1992
3.6200 3.1897
3.6300 3.1803
3.6400 3.1710
3.6500 3.1617
3.6600 3.1524
3.6700 3.1432
3.6800 3.1341
3.6900 3.1250
3.7000 3.1159
3.7100 3.1069
3.7200 3.0979
3.7300 3.0890
3.7400 3.0802
3.7500 3.0713
3.7600 3.0626
3.7700 3.0538
3.7800 3.0452
3.7900 3.0365
3.8000 3.0279
3.8100 3.0194
3.8200 3.0109
3.8300 3.0025
3.8400 2.9940
3.8500 2.9857
3.8600 2.9773
3.8700 2.9691
3.8800 2.9608
3.8900 2.9526
3.9000 2.9445
3.9100 2.9364
3.9200 2.9283
3.9300 2.9203
3.9400 2.9123
3.9500 2.9043
3.9600 2.8964
3.9700 2.8885
3.9800 2.8807
3.9900 2.8729
4.0000 2.8652
4.0100 2.8574
4.0200 2.8498
4.0300 2.8421
4.0400 2.8345
4.0500 2.8270
4.0600 2.8194
4.0700 2.8119
4.0800 2.8045
4.0900 2.7971
4.1000 2.7897
4.1100 2.7823
4.1200 2.7750
4.1300 2.7677
4.1400 2.7605
4.1500 2.7533
4.1600 2.7461
4.1700 2.7390
4.1800 2.7319
4.1900 2.7248
4.2000 2.7178
4.2100 2.7108
4.2200 2.7038
4.2300 2.6969
4.2400 2.6900
4.2500 2.6831
4.2600 2.6762
4.2700 2.6694
4.2800 2.6626
4.2900 2.6559
4.3000 2.6492
4.3100 2.6425
4.3200 2.6358
4.3300 2.6292
4.3400 2.6226
4.3500 2.6161
4.3600 2.6095
4.3700 2.6030
4.3800 2.5965
4.3900 2.5901
4.4000 2.5837
4.4100 2.5773
4.4200 2.5709
4.4300 2.5646
4.4400 2.5583
4.4500 2.5520
4.4600 2.5458
4.4700 2.5396
4.4800 2.5334
4.4900 2.5272
4.5000 2.5211
4.5100 2.5150
4.5200 2.5089
4.5300 2.5028
4.5400 2.4968
4.5500 2.4908
4.5600 2.4848
4.5700 2.4789
4.5800 2.4729
4.5900 2.4670
4.6000 2.4612
4.6100 2.4553
4.6200 2.4495
4.6300 2.4437
4.6400 2.4379
4.6500 2.4322
4.6600 2.4264
4.6700 2.4207
4.6800 2.4151
4.6900 2.4094
4.7000 2.4038
4.7100 2.3982
4.7200 2.3926
4.7300 2.3870
4.7400 2.3815
4.7500 2.3760
4.7600 2.3705
4.7700 2.3650
4.7800 2.3596
4.7900 2.3542
4.8000 2.3488
4.8100 2.3434
4.8200 2.3380
4.8300 2.3327
4.8400 2.3274
4.8500 2.3221
4.8600 2.3168
4.8700 2.3116
4.8800 2.3064
4.8900 2.3011
4.9000 2.2960
4.9100 2.2908
4.9200 2.2857
4.9300 2.2805
4.9400 2.2754
4.9500 2.2704
4.9600 2.2653
4.9700 2.2603
4.9800 2.2552
4.9900 2.2502
5.0000 2.2453
5.1000 2.1965
5.1100 2.1917
5.1200 2.1870
5.1300 2.1823
5.1400 2.1775
5.1500 2.1728
5.1600 2.1682
5.1700 2.1635
5.1800 2.1589
5.1900 2.1542
5.2000 2.1496
5.2100 2.1450
5.2200 2.1404
5.2300 2.1359
5.2400 2.1314
5.2500 2.1268
5.2600 2.1223
5.2700 2.1178
5.2800 2.1134
5.2900 2.1089
5.3000 2.1045
5.3100 2.1000
5.3200 2.0956
5.3300 2.0912
5.3400 2.0869
5.3500 2.0825
5.3600 2.0782
5.3700 2.0738
5.3800 2.0695
5.3900 2.0652
5.4000 2.0610
5.4100 2.0567
5.4200 2.0525
5.4300 2.0482
5.4400 2.0440
5.4500 2.0398
5.4600 2.0356
5.4700 2.0314
5.4800 2.0273
5.4900 2.0231
5.5000 2.0190
5.5100 2.0149
5.5200 2.0108
5.5300 2.0067
5.5400 2.0027
5.5500 1.9986
5.5600 1.9946
5.5700 1.9905
5.5800 1.9865
5.5900 1.9825
5.6000 1.9786
5.6100 1.9746
5.6200 1.9706
5.6300 1.9667
5.6400 1.9628
5.6500 1.9588
5.6600 1.9549
5.6700 1.9511
5.6800 1.9472
5.6900 1.9433
5.7000 1.9395
5.7100 1.9356
5.7200 1.9318
5.7300 1.9280
5.7400 1.9242
5.7500 1.9204
5.7600 1.9167
5.7700 1.9129
5.7800 1.9092
5.7900 1.9054
5.8000 1.9017
5.8100 1.8980
5.8200 1.8943
5.8300 1.8907
5.8400 1.8870
5.8500 1.8833
5.8600 1.8797
5.8700 1.8761
5.8800 1.8724
5.8900 1.8688
5.9000 1.8652
5.9100 1.8617
5.9200 1.8581
5.9300 1.8545
5.9400 1.8510
5.9500 1.8474
5.9600 1.8439
5.9700 1.8404
5.9800 1.8369
5.9900 1.8334
6.0000 1.8299
6.0100 1.8265
6.0200 1.8230
6.0300 1.8196
6.0400 1.8161
6.0500 1.8127
6.0600 1.8093
6.0700 1.8059
6.0800 1.8025
6.0900 1.7991
6.1000 1.7958
6.1100 1.7924
6.1200 1.7891
6.1300 1.7857
6.1400 1.7824
6.1500 1.7791
6.1600 1.7758
6.1700 1.7725
6.1800 1.7692
6.1900 1.7659
6.2000 1.7627
6.2100 1.7594
6.2200 1.7562
6.2300 1.7530
6.2400 1.7497
6.2500 1.7465
6.2600 1.7433
6.2700 1.7401
6.2800 1.7369
6.2900 1.7338
6.3000 1.7306
6.3100 1.7275
6.3200 1.7243
6.3300 1.7212
6.3400 1.7181
6.3500 1.7149
6.3600 1.7118
6.3700 1.7087
6.3800 1.7057
6.3900 1.7026
6.4000 1.6995
6.4100 1.6965
6.4200 1.6934
6.4300 1.6904
6.4400 1.6874
6.4500 1.6843
6.4600 1.6813
6.4656 1.6796
6.4656 0.038689
6.4700 0.038689
6.4800 0.038689
6.4900 0.038689
6.5000 0.038689
6.5100 0.038689
6.5200 0.038689
6.5300 0.038688
6.5400 0.038688
6.5500 0.038688
6.5600 0.038688
6.5700 0.038688
6.5800 0.038688
6.5900 0.038688
6.6000 0.038687
6.6100 0.038687
6.6200 0.038687
6.6300 0.038687
6.6400 0.038687
6.6500 0.038687
6.6600 0.038686
6.6700 0.038686
6.6800 0.038686
6.6900 0.038686
6.7000 0.038686
6.7100 0.038686
6.7200 0.038686
6.7300 0.038685
6.7400 0.038685
6.7500 0.038685
6.7600 0.038685
6.7700 0.038685
6.7800 0.038685
6.7900 0.038685
6.8000 0.038684
6.8100 0.038684
6.8200 0.038684
6.8300 0.038684
6.8400 0.038684
6.8500 0.038684
6.8600 0.038683
6.8700 0.038683
6.8800 0.038683
6.8900 0.038683
6.9000 0.038683
6.9100 0.038683
6.9200 0.038683
6.9300 0.038682
6.9400 0.038682
6.9500 0.038682
6.9600 0.038682
6.9700 0.038682
6.9800 0.038682
6.9900 0.038682
7.0000 0.038681
7.0100 0.038681
7.0200 0.038681
7.0300 0.038681
7.0400 0.038681
7.0500 0.038681
7.0600 0.038681
7.0700 0.038680
7.0800 0.038680
7.0900 0.038680
7.1000 0.038680
7.1100 0.038680
7.1200 0.038680
7.1300 0.038679
7.1400 0.038679
7.1500 0.038679
7.1600 0.038679
7.1700 0.038679
7.1800 0.038679
7.1900 0.038679
7.2000 0.038678
7.2100 0.038678
7.2200 0.038678
7.2300 0.038678
7.2400 0.038678
7.2500 0.038678
7.2600 0.038678
7.2700 0.038677
7.2800 0.038677
7.2900 0.038677
7.3000 0.038677
7.3100 0.038677
7.3200 0.038677
7.3300 0.038676
7.3400 0.038676
7.3500 0.038676
7.3600 0.038676
7.3700 0.038676
7.3800 0.038676
7.3900 0.038676
7.4000 0.038675
7.4100 0.038675
7.4200 0.038675
7.4300 0.038675
7.4400 0.038675
7.4500 0.038675
7.4600 0.038675
7.4700 0.038674
7.4800 0.038674
7.4900 0.038674
7.5000 0.038674
7.5100 0.038674
7.5200 0.038674
7.5300 0.038674
7.5400 0.038673
7.5500 0.038673
7.5600 0.038673
7.5700 0.038673
7.5800 0.038673
7.5900 0.038673
7.6000 0.038672
7.6100 0.038672
7.6200 0.038672
7.6300 0.038672
7.6400 0.038672
7.6500 0.038672
7.6600 0.038672
7.6700 0.038671
7.6800 0.038671
7.6900 0.038671
7.7000 0.038671
7.7100 0.038671
7.7200 0.038671
7.7300 0.038671
7.7400 0.038670
7.7500 0.038670
7.7600 0.038670
7.7700 0.038670
7.7800 0.038670
7.7900 0.038670
7.8000 0.038670
7.8100 0.038669
7.8200 0.038669
7.8300 0.038669
7.8400 0.038669
7.8500 0.038669
7.8600 0.038669
7.8700 0.038668
7.8800 0.038668
7.8900 0.038668
7.9000 0.038668
7.9100 0.038668
7.9200 0.038668
7.9300 0.038668
7.9400 0.038667
7.9500 0.038667
7.9600 0.038667
7.9700 0.038667
7.9800 0.038667
7.9900 0.038667
8.0000 0.038667
8.0100 0.038666
8.0200 0.038666
8.0300 0.038666
8.0400 0.038666
8.0500 0.038666
8.0600 0.038666
8.0700 0.038666
8.0800 0.038665
8.0900 0.038665
8.1000 0.038665
8.1100 0.038665
8.1200 0.038665
8.1300 0.038665
8.1400 0.038664
8.1500 0.038664
8.1600 0.038664
8.1700 0.038664
8.1800 0.038664
8.1900 0.038664
8.2000 0.038664
8.2100 0.038663
8.2200 0.038663
8.2300 0.038663
8.2400 0.038663
8.2500 0.038663
8.2600 0.038663
8.2700 0.038663
8.2800 0.038662
8.2900 0.038662
8.3000 0.038662
8.3100 0.038662
8.3200 0.038662
8.3300 0.038662
8.3400 0.038662
8.3500 0.038661
8.3600 0.038661
8.3700 0.038661
8.3800 0.038661
8.3900 0.038661
8.4000 0.038661
8.4100 0.038660
8.4200 0.038660
8.4300 0.038660
8.4400 0.038660
8.4500 0.038660
8.4600 0.038660
8.4700 0.038660
8.4800 0.038659
8.4900 0.038659
8.5000 0.038659
8.5100 0.038659
8.5200 0.038659
8.5300 0.038659
8.5400 0.038659
8.5500 0.038658
8.5600 0.038658
8.5700 0.038658
8.5800 0.038658
8.5900 0.038658
8.6000 0.038658
8.6100 0.038658
8.6200 0.038657
8.6300 0.038657
8.6400 0.038657
8.6500 0.038657
8.6600 0.038657
8.6700 0.038657
8.6800 0.038656
8.6900 0.038656
8.7000 0.038656
8.7100 0.038656
8.7200 0.038656
8.7300 0.038656
8.7400 0.038656
8.7500 0.038655
8.7600 0.038655
8.7700 0.038655
8.7800 0.038655
8.7900 0.038655
8.8000 0.038655
8.8100 0.038655
8.8200 0.038654
8.8300 0.038654
8.8400 0.038654
8.8500 0.038654
8.8600 0.038654
8.8700 0.038654
8.8800 0.038654
8.8900 0.038653
8.9000 0.038653
8.9100 0.038653
8.9200 0.038653
8.9300 0.038653
8.9400 0.038653
8.9500 0.038652
8.9600 0.038652
8.9700 0.038652
8.9800 0.038652
8.9900 0.038652
9.0000 0.038652
9.0100 0.038652
9.0200 0.038651
9.0300 0.038651
9.0400 0.038651
9.0500 0.038651
9.0600 0.038651
9.0700 0.038651
9.0800 0.038651
9.0900 0.038650
9.1000 0.038650
9.1100 0.038650
9.1200 0.038650
9.1300 0.038650
9.1400 0.038650
9.1500 0.038650
9.1600 0.038649
9.1700 0.038649
9.1800 0.038649
9.1900 0.038649
9.2000 0.038649
9.2100 0.038649
9.2200 0.038648
9.2300 0.038648
9.2400 0.038648
9.2500 0.038648
9.2600 0.038648
9.2700 0.038648
9.2800 0.038648
9.2900 0.038647
9.3000 0.038647
9.3100 0.038647
9.3200 0.038647
9.3300 0.038647
9.3400 0.038647
9.3500 0.038647
9.3600 0.038646
9.3700 0.038646
9.3800 0.038646
9.3900 0.038646
9.4000 0.038646
9.4100 0.038646
9.4200 0.038646
9.4300 0.038645
9.4400 0.038645
9.4500 0.038645
9.4600 0.038645
9.4700 0.038645
9.4800 0.038645
9.4900 0.038645
9.5000 0.038644
9.5100 0.038644
9.5200 0.038644
9.5300 0.038644
9.5400 0.038644
9.5500 0.038644
9.5600 0.038643
9.5700 0.038643
9.5800 0.038643
9.5900 0.038643
9.6000 0.038643
9.6100 0.038643
9.6200 0.038643
9.6300 0.038642
9.6400 0.038642
9.6500 0.038642
9.6600 0.038642
9.6700 0.038642
9.6800 0.038642
9.6900 0.038642
9.7000 0.038641
9.7100 0.038641
9.7200 0.038641
9.7300 0.038641
9.7400 0.038641
9.7500 0.038641
9.7600 0.038641
9.7700 0.038640
9.7800 0.038640
9.7900 0.038640
9.8000 0.038640
9.8100 0.038640
9.8200 0.038640
9.8300 0.038640
9.8400 0.038639
9.8500 0.038639
9.8600 0.038639
9.8700 0.038639
9.8800 0.038639
9.8900 0.038639
9.9000 0.038638
9.9100 0.038638
9.9200 0.038638
9.9300 0.038638
9.9400 0.038638
9.9500 0.038638
9.9600 0.038638
9.9700 0.038637
9.9800 0.038637
9.9900 0.038637
10.000 0.038637
10.100 0.038636
10.110 0.038635
10.120 0.038635
10.130 0.038635
10.140 0.038635
10.150 0.038635
10.160 0.038635
10.170 0.038635
10.180 0.038634
10.190 0.038634
10.200 0.038634
10.210 0.038634
10.220 0.038634
10.230 0.038634
10.240 0.038633
10.250 0.038633
10.260 0.038633
10.270 0.038633
10.280 0.038633
10.290 0.038633
10.300 0.038633
10.310 0.038632
10.320 0.038632
10.330 0.038632
10.340 0.038632
10.350 0.038632
10.360 0.038632
10.370 0.038632
10.380 0.038631
10.390 0.038631
10.400 0.038631
10.410 0.038631
10.420 0.038631
10.430 0.038631
10.440 0.038631
10.450 0.038630
10.460 0.038630
10.470 0.038630
10.480 0.038630
10.490 0.038630
10.500 0.038630
10.510 0.038630
10.520 0.038629
10.530 0.038629
10.540 0.038629
10.550 0.038629
10.560 0.038629
10.570 0.038629
10.580 0.038628
10.590 0.038628
10.600 0.038628
10.610 0.038628
10.620 0.038628
10.630 0.038628
10.640 0.038628
10.650 0.038627
10.660 0.038627
10.670 0.038627
10.680 0.038627
10.690 0.038627
10.700 0.038627
10.710 0.038627
10.720 0.038626
10.730 0.038626
10.740 0.038626
10.750 0.038626
10.760 0.038626
10.770 0.038626
10.780 0.038626
10.790 0.038625
10.800 0.038625
10.810 0.038625
10.820 0.038625
10.830 0.038625
10.840 0.038625
10.850 0.038625
10.860 0.038624
10.870 0.038624
10.880 0.038624
10.890 0.038624
10.900 0.038624
10.910 0.038624
10.920 0.038624
10.930 0.038623
10.940 0.038623
10.950 0.038623
10.960 0.038623
10.970 0.038623
10.980 0.038623
10.990 0.038622
11.000 0.038622
11.010 0.038622
11.020 0.038622
11.030 0.038622
11.040 0.038622
11.050 0.038622
11.060 0.038621
11.070 0.038621
11.080 0.038621
11.090 0.038621
11.100 0.038621
11.110 0.038621
11.120 0.038621
11.130 0.038620
11.140 0.038620
11.150 0.038620
11.160 0.038620
11.170 0.038620
11.180 0.038620
11.190 0.038620
11.200 0.038619
11.210 0.038619
11.220 0.038619
11.230 0.038619
11.240 0.038619
11.250 0.038619
11.260 0.038619
11.270 0.038618
11.280 0.038618
11.290 0.038618
11.300 0.038618
11.310 0.038618
11.320 0.038618
11.330 0.038618
11.340 0.038617
11.350 0.038617
11.360 0.038617
11.370 0.038617
11.380 0.038617
11.390 0.038617
11.400 0.038616
11.410 0.038616
11.420 0.038616
11.430 0.038616
11.440 0.038616
11.450 0.038616
11.460 0.038616
11.470 0.038615
11.480 0.038615
11.490 0.038615
11.500 0.038615
11.510 0.038615
11.520 0.038615
11.530 0.038615
11.540 0.038614
11.550 0.038614
11.560 0.038614
11.570 0.038614
11.580 0.038614
11.590 0.038614
11.600 0.038614
11.610 0.038613
11.620 0.038613
11.630 0.038613
11.640 0.038613
11.650 0.038613
11.660 0.038613
11.670 0.038613
11.680 0.038612
11.690 0.038612
11.700 0.038612
11.710 0.038612
11.720 0.038612
11.730 0.038612
11.740 0.038612
11.750 0.038611
11.760 0.038611
11.770 0.038611
11.780 0.038611
11.790 0.038611
11.800 0.038611
11.810 0.038610
11.820 0.038610
11.830 0.038610
11.840 0.038610
11.850 0.038610
11.860 0.038610
11.870 0.038610
11.880 0.038609
11.890 0.038609
11.900 0.038609
11.910 0.038609
11.920 0.038609
11.930 0.038609
11.940 0.038609
11.950 0.038608
11.960 0.038608
11.970 0.038608
11.980 0.038608
11.990 0.038608
12.000 0.038608
12.010 0.038608
12.020 0.038607
12.030 0.038607
12.040 0.038607
12.050 0.038607
12.060 0.038607
12.070 0.038607
12.080 0.038607
12.090 0.038606
12.100 0.038606
12.110 0.038606
12.120 0.038606
12.130 0.038606
12.140 0.038606
12.150 0.038606
12.160 0.038605
12.170 0.038605
12.180 0.038605
12.190 0.038605
12.200 0.038605
12.210 0.038605
12.220 0.038605
12.230 0.038604
12.240 0.038604
12.250 0.038604
12.260 0.038604
12.270 0.038604
12.280 0.038604
12.290 0.038603
12.300 0.038603
12.310 0.038603
12.320 0.038603
12.330 0.038603
12.340 0.038603
12.350 0.038603
12.360 0.038602
12.370 0.038602
12.380 0.038602
12.390 0.038602
12.400 0.038602
12.410 0.038602
12.420 0.038602
12.430 0.038601
12.440 0.038601
12.450 0.038601
12.460 0.038601
12.470 0.038601
12.480 0.038601
12.490 0.038601
12.500 0.038600
12.510 0.038600
12.520 0.038600
12.530 0.038600
12.540 0.038600
12.550 0.038600
12.560 0.038600
12.570 0.038599
12.580 0.038599
12.590 0.038599
12.600 0.038599
12.610 0.038599
12.620 0.038599
12.630 0.038599
12.640 0.038598
12.650 0.038598
12.660 0.038598
12.670 0.038598
12.680 0.038598
12.690 0.038598
12.700 0.038598
12.710 0.038597
12.720 0.038597
12.730 0.038597
12.740 0.038597
12.750 0.038597
12.760 0.038597
12.770 0.038597
12.780 0.038596
12.790 0.038596
12.800 0.038596
12.810 0.038596
12.820 0.038596
12.830 0.038596
12.840 0.038595
12.850 0.038595
12.860 0.038595
12.870 0.038595
12.880 0.038595
12.890 0.038595
12.900 0.038595
12.910 0.038594
12.920 0.038594
12.930 0.038594
12.940 0.038594
12.950 0.038594
12.960 0.038594
12.970 0.038594
12.980 0.038593
12.990 0.038593
13.000 0.038593
13.010 0.038593
13.020 0.038593
13.030 0.038593
13.040 0.038593
13.050 0.038592
13.060 0.038592
13.070 0.038592
13.080 0.038592
13.090 0.038592
13.100 0.038592
13.110 0.038592
13.120 0.038591
13.130 0.038591
13.140 0.038591
13.150 0.038591
13.160 0.038591
13.170 0.038591
13.180 0.038591
13.190 0.038590
13.200 0.038590
13.210 0.038590
13.220 0.038590
13.230 0.038590
13.240 0.038590
13.250 0.038590
13.260 0.038589
13.270 0.038589
13.280 0.038589
13.290 0.038589
13.300 0.038589
13.310 0.038589
13.320 0.038589
13.330 0.038588
13.340 0.038588
13.350 0.038588
13.360 0.038588
13.370 0.038588
13.380 0.038588
13.390 0.038588
13.400 0.038587
13.410 0.038587
13.420 0.038587
13.430 0.038587
13.440 0.038587
13.450 0.038587
13.460 0.038587
13.470 0.038586
13.480 0.038586
13.490 0.038586
13.500 0.038586
13.510 0.038586
13.520 0.038586
13.530 0.038585
13.540 0.038585
13.550 0.038585
13.560 0.038585
13.570 0.038585
13.580 0.038585
13.590 0.038585
13.600 0.038584
13.610 0.038584
13.620 0.038584
13.630 0.038584
13.640 0.038584
13.650 0.038584
13.660 0.038584
13.670 0.038583
13.680 0.038583
13.690 0.038583
13.700 0.038583
13.710 0.038583
13.720 0.038583
13.730 0.038583
13.740 0.038582
13.750 0.038582
13.760 0.038582
13.770 0.038582
13.780 0.038582
13.790 0.038582
13.800 0.038582
13.810 0.038581
13.820 0.038581
13.830 0.038581
13.840 0.038581
13.850 0.038581
13.860 0.038581
13.870 0.038581
13.880 0.038580
13.890 0.038580
13.900 0.038580
13.910 0.038580
13.920 0.038580
13.930 0.038580
13.940 0.038580
13.950 0.038579
13.960 0.038579
13.970 0.038579
13.980 0.038579
13.990 0.038579
14.000 0.038579
14.010 0.038579
14.020 0.038578
14.030 0.038578
14.040 0.038578
14.050 0.038578
14.060 0.038578
14.070 0.038578
14.080 0.038578
14.090 0.038577
14.100 0.038577
14.110 0.038577
14.120 0.038577
14.130 0.038577
14.140 0.038577
14.150 0.038577
14.160 0.038576
14.170 0.038576
14.180 0.038576
14.190 0.038576
14.200 0.038576
14.210 0.038576
14.220 0.038576
14.230 0.038575
14.240 0.038575
14.250 0.038575
14.260 0.038575
14.270 0.038575
14.280 0.038575
14.290 0.038574
14.300 0.038574
14.310 0.038574
14.320 0.038574
14.330 0.038574
14.340 0.038574
14.350 0.038574
14.360 0.038573
14.370 0.038573
14.380 0.038573
14.390 0.038573
14.400 0.038573
14.410 0.038573
14.420 0.038573
14.430 0.038572
14.440 0.038572
14.450 0.038572
14.460 0.038572
14.470 0.038572
14.480 0.038572
14.490 0.038572
14.500 0.038571
14.510 0.038571
14.520 0.038571
14.530 0.038571
14.540 0.038571
14.550 0.038571
14.560 0.038571
14.570 0.038570
14.580 0.038570
14.590 0.038570
14.600 0.038570
14.610 0.038570
14.620 0.038570
14.630 0.038570
14.640 0.038569
14.650 0.038569
14.660 0.038569
14.670 0.038569
14.680 0.038569
14.690 0.038569
14.700 0.038569
14.710 0.038568
14.720 0.038568
14.730 0.038568
14.740 0.038568
14.750 0.038568
14.760 0.038568
14.770 0.038568
14.780 0.038567
14.790 0.038567
14.800 0.038567
14.810 0.038567
14.820 0.038567
14.830 0.038567
14.840 0.038567
14.850 0.038566
14.860 0.038566
14.870 0.038566
14.880 0.038566
14.890 0.038566
14.900 0.038566
14.910 0.038566
14.920 0.038565
14.930 0.038565
14.940 0.038565
14.950 0.038565
14.960 0.038565
14.970 0.038565
14.980 0.038565
14.990 0.038564
15.000 0.038564
15.100 0.038563
15.110 0.038563
15.120 0.038563
15.130 0.038562
15.140 0.038562
15.150 0.038562
15.160 0.038562
15.170 0.038562
15.180 0.038562
15.190 0.038562
15.200 0.038561
15.210 0.038561
15.220 0.038561
15.230 0.038561
15.240 0.038561
15.250 0.038561
15.260 0.038561
15.270 0.038560
15.280 0.038560
15.290 0.038560
15.300 0.038560
15.310 0.038560
15.320 0.038560
15.330 0.038560
15.340 0.038559
15.350 0.038559
15.360 0.038559
15.370 0.038559
15.380 0.038559
15.390 0.038559
15.400 0.038558
15.410 0.038558
15.420 0.038558
15.430 0.038558
15.440 0.038558
15.450 0.038558
15.460 0.038558
15.470 0.038557
15.480 0.038557
15.490 0.038557
15.500 0.038557
15.510 0.038557
15.520 0.038557
15.530 0.038557
15.540 0.038556
15.550 0.038556
15.560 0.038556
15.570 0.038556
15.580 0.038556
15.590 0.038556
15.600 0.038556
15.610 0.038555
15.620 0.038555
15.630 0.038555
15.640 0.038555
15.650 0.038555
15.660 0.038555
15.670 0.038555
15.680 0.038554
15.690 0.038554
15.700 0.038554
15.710 0.038554
15.720 0.038554
15.730 0.038554
15.740 0.038554
15.750 0.038553
15.760 0.038553
15.770 0.038553
15.780 0.038553
15.790 0.038553
15.800 0.038553
15.810 0.038553
15.820 0.038552
15.830 0.038552
15.840 0.038552
15.850 0.038552
15.860 0.038552
15.870 0.038552
15.880 0.038552
15.890 0.038551
15.900 0.038551
15.910 0.038551
15.920 0.038551
15.930 0.038551
15.940 0.038551
15.950 0.038551
15.960 0.038550
15.970 0.038550
15.980 0.038550
15.990 0.038550
16.000 0.038550
16.010 0.038550
16.020 0.038550
16.030 0.038549
16.040 0.038549
16.050 0.038549
16.060 0.038549
16.070 0.038549
16.080 0.038549
16.090 0.038549
16.100 0.038548
16.110 0.038548
16.120 0.038548
16.130 0.038548
16.140 0.038548
16.150 0.038548
16.160 0.038548
16.170 0.038547
16.180 0.038547
16.190 0.038547
16.200 0.038547
16.210 0.038547
16.220 0.038547
16.230 0.038547
16.240 0.038546
16.250 0.038546
16.260 0.038546
16.270 0.038546
16.280 0.038546
16.290 0.038546
16.300 0.038546
16.310 0.038545
16.320 0.038545
16.330 0.038545
16.340 0.038545
16.350 0.038545
16.360 0.038545
16.370 0.038545
16.380 0.038544
16.390 0.038544
16.400 0.038544
16.410 0.038544
16.420 0.038544
16.430 0.038544
16.440 0.038544
16.450 0.038543
16.460 0.038543
16.470 0.038543
16.480 0.038543
16.490 0.038543
16.500 0.038543
16.510 0.038543
16.520 0.038542
16.530 0.038542
16.540 0.038542
16.550 0.038542
16.560 0.038542
16.570 0.038542
16.580 0.038542
16.590 0.038541
16.600 0.038541
16.610 0.038541
16.620 0.038541
16.630 0.038541
16.640 0.038541
16.650 0.038541
16.660 0.038540
16.670 0.038540
16.680 0.038540
16.690 0.038540
16.700 0.038540
16.710 0.038540
16.720 0.038540
16.730 0.038539
16.740 0.038539
16.750 0.038539
16.760 0.038539
16.770 0.038539
16.780 0.038539
16.790 0.038539
16.800 0.038538
16.810 0.038538
16.820 0.038538
16.830 0.038538
16.840 0.038538
16.850 0.038538
16.860 0.038538
16.870 0.038537
16.880 0.038537
16.890 0.038537
16.900 0.038537
16.910 0.038537
16.920 0.038537
16.930 0.038537
16.940 0.038536
16.950 0.038536
16.960 0.038536
16.970 0.038536
16.980 0.038536
16.990 0.038536
17.000 0.038536
17.010 0.038535
17.020 0.038535
17.030 0.038535
17.040 0.038535
17.050 0.038535
17.060 0.038535
17.070 0.038535
17.080 0.038534
17.090 0.038534
17.100 0.038534
17.110 0.038534
17.120 0.038534
17.130 0.038534
17.140 0.038534
17.150 0.038533
17.160 0.038533
17.170 0.038533
17.180 0.038533
17.190 0.038533
17.200 0.038533
17.210 0.038533
17.220 0.038532
17.230 0.038532
17.240 0.038532
17.250 0.038532
17.260 0.038532
17.270 0.038532
17.280 0.038532
17.290 0.038531
17.300 0.038531
17.310 0.038531
17.320 0.038531
17.330 0.038531
17.340 0.038531
17.350 0.038531
17.360 0.038530
17.370 0.038530
17.380 0.038530
17.390 0.038530
17.400 0.038530
17.410 0.038530
17.420 0.038530
17.430 0.038529
17.440 0.038529
17.450 0.038529
17.460 0.038529
17.470 0.038529
17.480 0.038529
17.490 0.038529
17.500 0.038528
17.510 0.038528
17.520 0.038528
17.530 0.038528
17.540 0.038528
17.550 0.038528
17.560 0.038528
17.570 0.038527
17.580 0.038527
17.590 0.038527
17.600 0.038527
17.610 0.038527
17.620 0.038527
17.630 0.038527
17.640 0.038526
17.650 0.038526
17.660 0.038526
17.670 0.038526
17.680 0.038526
17.690 0.038526
17.700 0.038526
17.710 0.038525
17.720 0.038525
17.730 0.038525
17.740 0.038525
17.750 0.038525
17.760 0.038525
17.770 0.038525
17.780 0.038524
17.790 0.038524
17.800 0.038524
17.810 0.038524
17.820 0.038524
17.830 0.038524
17.840 0.038524
17.850 0.038523
17.860 0.038523
17.870 0.038523
17.880 0.038523
17.890 0.038523
17.900 0.038523
17.910 0.038523
17.920 0.038522
17.930 0.038522
17.940 0.038522
17.950 0.038522
17.960 0.038522
17.970 0.038522
17.980 0.038522
17.990 0.038521
18.000 0.038521
18.010 0.038521
18.020 0.038521
18.030 0.038521
18.040 0.038521
18.050 0.038521
18.060 0.038520
18.070 0.038520
18.080 0.038520
18.090 0.038520
18.100 0.038520
18.110 0.038520
18.120 0.038520
18.130 0.038519
18.140 0.038519
18.150 0.038519
18.160 0.038519
18.170 0.038519
18.180 0.038519
18.190 0.038519
18.200 0.038518
18.210 0.038518
18.220 0.038518
18.230 0.038518
18.240 0.038518
18.250 0.038518
18.260 0.038518
18.270 0.038517
18.280 0.038517
18.290 0.038517
18.300 0.038517
18.310 0.038517
18.320 0.038517
18.330 0.038517
18.340 0.038516
18.350 0.038516
18.360 0.038516
18.370 0.038516
18.380 0.038516
18.390 0.038516
18.400 0.038516
18.410 0.038515
18.420 0.038515
18.430 0.038515
18.440 0.038515
18.450 0.038515
18.460 0.038515
18.470 0.038515
18.480 0.038514
18.490 0.038514
18.500 0.038514
18.510 0.038514
18.520 0.038514
18.530 0.038514
18.540 0.038514
18.550 0.038513
18.560 0.038513
18.570 0.038513
18.580 0.038513
18.590 0.038513
18.600 0.038513
18.610 0.038513
18.620 0.038513
18.630 0.038512
18.640 0.038512
18.650 0.038512
18.660 0.038512
18.670 0.038512
18.680 0.038512
18.690 0.038512
18.700 0.038511
18.710 0.038511
18.720 0.038511
18.730 0.038511
18.740 0.038511
18.750 0.038511
18.760 0.038511
18.770 0.038510
18.780 0.038510
18.790 0.038510
18.800 0.038510
18.810 0.038510
18.820 0.038510
18.830 0.038510
18.840 0.038509
18.850 0.038509
18.860 0.038509
18.870 0.038509
18.880 0.038509
18.890 0.038509
18.900 0.038509
18.910 0.038508
18.920 0.038508
18.930 0.038508
18.940 0.038508
18.950 0.038508
18.960 0.038508
18.970 0.038508
18.980 0.038507
18.990 0.038507
19.000 0.038507
19.010 0.038507
19.020 0.038507
19.030 0.038507
19.040 0.038507
19.050 0.038506
19.060 0.038506
19.070 0.038506
19.080 0.038506
19.090 0.038506
19.100 0.038506
19.110 0.038506
19.120 0.038505
19.130 0.038505
19.140 0.038505
19.150 0.038505
19.160 0.038505
19.170 0.038505
19.180 0.038505
19.190 0.038504
19.200 0.038504
19.210 0.038504
19.220 0.038504
19.230 0.038504
19.240 0.038504
19.250 0.038504
19.260 0.038503
19.270 0.038503
19.280 0.038503
19.290 0.038503
19.300 0.038503
19.310 0.038503
19.320 0.038503
19.330 0.038502
19.340 0.038502
19.350 0.038502
19.360 0.038502
19.370 0.038502
19.380 0.038502
19.390 0.038502
19.400 0.038501
19.410 0.038501
19.420 0.038501
19.430 0.038501
19.440 0.038501
19.450 0.038501
19.460 0.038501
19.470 0.038500
19.480 0.038500
19.490 0.038500
19.500 0.038500
19.510 0.038500
19.520 0.038500
19.530 0.038500
19.540 0.038499
19.550 0.038499
19.560 0.038499
19.570 0.038499
19.580 0.038499
19.590 0.038499
19.600 0.038499
19.610 0.038498
19.620 0.038498
19.630 0.038498
19.640 0.038498
19.650 0.038498
19.660 0.038498
19.670 0.038498
19.680 0.038497
19.690 0.038497
19.700 0.038497
19.710 0.038497
19.720 0.038497
19.730 0.038497
19.740 0.038497
19.750 0.038497
19.760 0.038496
19.770 0.038496
19.780 0.038496
19.790 0.038496
19.800 0.038496
19.810 0.038496
19.820 0.038496
19.830 0.038495
19.840 0.038495
19.850 0.038495
19.860 0.038495
19.870 0.038495
19.880 0.038495
19.890 0.038495
19.900 0.038494
19.910 0.038494
19.920 0.038494
19.930 0.038494
19.940 0.038494
19.950 0.038494
19.960 0.038494
19.970 0.038493
19.980 0.038493
19.990 0.038493
20.000 0.038493
20.100 0.038492
20.110 0.038491
20.120 0.038491
20.130 0.038491
20.140 0.038491
20.150 0.038491
20.160 0.038491
20.170 0.038491
20.180 0.038490
20.190 0.038490
20.200 0.038490
20.210 0.038490
20.220 0.038490
20.230 0.038490
20.240 0.038490
20.250 0.038489
20.260 0.038489
20.270 0.038489
20.280 0.038489
20.290 0.038489
20.300 0.038489
20.310 0.038489
20.320 0.038488
20.330 0.038488
20.340 0.038488
20.350 0.038488
20.360 0.038488
20.370 0.038488
20.380 0.038488
20.390 0.038487
20.400 0.038487
20.410 0.038487
20.420 0.038487
20.430 0.038487
20.440 0.038487
20.450 0.038487
20.460 0.038486
20.470 0.038486
20.480 0.038486
20.490 0.038486
20.500 0.038486
20.510 0.038486
20.520 0.038486
20.530 0.038486
20.540 0.038485
20.550 0.038485
20.560 0.038485
20.570 0.038485
20.580 0.038485
20.590 0.038485
20.600 0.038485
20.610 0.038484
20.620 0.038484
20.630 0.038484
20.640 0.038484
20.650 0.038484
20.660 0.038484
20.670 0.038484
20.680 0.038483
20.690 0.038483
20.700 0.038483
20.710 0.038483
20.720 0.038483
20.730 0.038483
20.740 0.038483
20.750 0.038482
20.760 0.038482
20.770 0.038482
20.780 0.038482
20.790 0.038482
20.800 0.038482
20.810 0.038482
20.820 0.038481
20.830 0.038481
20.840 0.038481
20.850 0.038481
20.860 0.038481
20.870 0.038481
20.880 0.038481
20.890 0.038480
20.900 0.038480
20.910 0.038480
20.920 0.038480
20.930 0.038480
20.940 0.038480
20.950 0.038480
20.960 0.038479
20.970 0.038479
20.980 0.038479
20.990 0.038479
21.000 0.038479
21.010 0.038479
21.020 0.038479
21.030 0.038478
21.040 0.038478
21.050 0.038478
21.060 0.038478
21.070 0.038478
21.080 0.038478
21.090 0.038478
21.100 0.038477
21.110 0.038477
21.120 0.038477
21.130 0.038477
21.140 0.038477
21.150 0.038477
21.160 0.038477
21.170 0.038477
21.180 0.038476
21.190 0.038476
21.200 0.038476
21.210 0.038476
21.220 0.038476
21.230 0.038476
21.240 0.038476
21.250 0.038475
21.260 0.038475
21.270 0.038475
21.280 0.038475
21.290 0.038475
21.300 0.038475
21.310 0.038475
21.320 0.038474
21.330 0.038474
21.340 0.038474
21.350 0.038474
21.360 0.038474
21.370 0.038474
21.380 0.038474
21.390 0.038473
21.400 0.038473
21.410 0.038473
21.420 0.038473
21.430 0.038473
21.440 0.038473
21.450 0.038473
21.460 0.038472
21.470 0.038472
21.480 0.038472
21.490 0.038472
21.500 0.038472
21.510 0.038472
21.520 0.038472
21.530 0.038471
21.540 0.038471
21.550 0.038471
21.560 0.038471
21.570 0.038471
21.580 0.038471
21.590 0.038471
21.600 0.038470
21.610 0.038470
21.620 0.038470
21.630 0.038470
21.640 0.038470
21.650 0.038470
21.660 0.038470
21.670 0.038469
21.680 0.038469
21.690 0.038469
21.700 0.038469
21.710 0.038469
21.720 0.038469
21.730 0.038469
21.740 0.038469
21.750 0.038468
21.760 0.038468
21.770 0.038468
21.780 0.038468
21.790 0.038468
21.800 0.038468
21.810 0.038468
21.820 0.038467
21.830 0.038467
21.840 0.038467
21.850 0.038467
21.860 0.038467
21.870 0.038467
21.880 0.038467
21.890 0.038466
21.900 0.038466
21.910 0.038466
21.920 0.038466
21.930 0.038466
21.940 0.038466
21.950 0.038466
21.960 0.038465
21.970 0.038465
21.980 0.038465
21.990 0.038465
22.000 0.038465
22.010 0.038465
22.020 0.038465
22.030 0.038464
22.040 0.038464
22.050 0.038464
22.060 0.038464
22.070 0.038464
22.080 0.038464
22.090 0.038464
22.100 0.038463
22.110 0.038463
22.120 0.038463
22.130 0.038463
22.140 0.038463
22.150 0.038463
22.160 0.038463
22.170 0.038462
22.180 0.038462
22.190 0.038462
22.200 0.038462
22.210 0.038462
22.220 0.038462
22.230 0.038462
22.240 0.038462
22.250 0.038461
22.260 0.038461
22.270 0.038461
22.280 0.038461
22.290 0.038461
22.300 0.038461
22.310 0.038461
22.320 0.038460
22.330 0.038460
22.340 0.038460
22.350 0.038460
22.360 0.038460
22.370 0.038460
22.380 0.038460
22.390 0.038459
22.400 0.038459
22.410 0.038459
22.420 0.038459
22.430 0.038459
22.440 0.038459
22.450 0.038459
22.460 0.038458
22.470 0.038458
22.480 0.038458
22.490 0.038458
22.500 0.038458
22.510 0.038458
22.520 0.038458
22.530 0.038457
22.540 0.038457
22.550 0.038457
22.560 0.038457
22.570 0.038457
22.580 0.038457
22.590 0.038457
22.600 0.038456
22.610 0.038456
22.620 0.038456
22.630 0.038456
22.640 0.038456
22.650 0.038456
22.660 0.038456
22.670 0.038455
22.680 0.038455
22.690 0.038455
22.700 0.038455
22.710 0.038455
22.720 0.038455
22.730 0.038455
22.740 0.038455
22.750 0.038454
22.760 0.038454
22.770 0.038454
22.780 0.038454
22.790 0.038454
22.800 0.038454
22.810 0.038454
22.820 0.038453
22.830 0.038453
22.840 0.038453
22.850 0.038453
22.860 0.038453
22.870 0.038453
22.880 0.038453
22.890 0.038452
22.900 0.038452
22.910 0.038452
22.920 0.038452
22.930 0.038452
22.940 0.038452
22.950 0.038452
22.960 0.038451
22.970 0.038451
22.980 0.038451
22.990 0.038451
23.000 0.038451
23.010 0.038451
23.020 0.038451
23.030 0.038450
23.040 0.038450
23.050 0.038450
23.060 0.038450
23.070 0.038450
23.080 0.038450
23.090 0.038450
23.100 0.038449
23.110 0.038449
23.120 0.038449
23.130 0.038449
23.140 0.038449
23.150 0.038449
23.160 0.038449
23.170 0.038449
23.180 0.038448
23.190 0.038448
23.200 0.038448
23.210 0.038448
23.220 0.038448
23.230 0.038448
23.240 0.038448
23.250 0.038447
23.260 0.038447
23.270 0.038447
23.280 0.038447
23.290 0.038447
23.300 0.038447
23.310 0.038447
23.320 0.038446
23.330 0.038446
23.340 0.038446
23.350 0.038446
23.360 0.038446
23.370 0.038446
23.380 0.038446
23.390 0.038445
23.400 0.038445
23.410 0.038445
23.420 0.038445
23.430 0.038445
23.440 0.038445
23.450 0.038445
23.460 0.038444
23.470 0.038444
23.480 0.038444
23.490 0.038444
23.500 0.038444
23.510 0.038444
23.520 0.038444
23.530 0.038444
23.540 0.038443
23.550 0.038443
23.560 0.038443
23.570 0.038443
23.580 0.038443
23.590 0.038443
23.600 0.038443
23.610 0.038442
23.620 0.038442
23.630 0.038442
23.640 0.038442
23.650 0.038442
23.660 0.038442
23.670 0.038442
23.680 0.038441
23.690 0.038441
23.700 0.038441
23.710 0.038441
23.720 0.038441
23.730 0.038441
23.740 0.038441
23.750 0.038440
23.760 0.038440
23.770 0.038440
23.780 0.038440
23.790 0.038440
23.800 0.038440
23.810 0.038440
23.820 0.038439
23.830 0.038439
23.840 0.038439
23.850 0.038439
23.860 0.038439
23.870 0.038439
23.880 0.038439
23.890 0.038439
23.900 0.038438
23.910 0.038438
23.920 0.038438
23.930 0.038438
23.940 0.038438
23.950 0.038438
23.960 0.038438
23.970 0.038437
23.980 0.038437
23.990 0.038437
24.000 0.038437
24.010 0.038437
24.020 0.038437
24.030 0.038437
24.040 0.038436
24.050 0.038436
24.060 0.038436
24.070 0.038436
24.080 0.038436
24.090 0.038436
24.100 0.038436
24.110 0.038435
24.120 0.038435
24.130 0.038435
24.140 0.038435
24.150 0.038435
24.160 0.038435
24.170 0.038435
24.180 0.038434
24.190 0.038434
24.200 0.038434
24.210 0.038434
24.220 0.038434
24.230 0.038434
24.240 0.038434
24.250 0.038434
24.260 0.038433
24.270 0.038433
24.280 0.038433
24.290 0.038433
24.300 0.038433
24.310 0.038433
24.320 0.038433
24.330 0.038432
24.340 0.038432
24.350 0.038432
24.360 0.038432
24.370 0.038432
24.380 0.038432
24.390 0.038432
24.400 0.038431
24.410 0.038431
24.420 0.038431
24.430 0.038431
24.440 0.038431
24.450 0.038431
24.460 0.038431
24.470 0.038430
24.480 0.038430
24.490 0.038430
24.500 0.038430
24.510 0.038430
24.520 0.038430
24.530 0.038430
24.540 0.038429
24.550 0.038429
24.560 0.038429
24.570 0.038429
24.580 0.038429
24.590 0.038429
24.600 0.038429
24.610 0.038429
24.620 0.038428
24.630 0.038428
24.640 0.038428
24.650 0.038428
24.660 0.038428
24.670 0.038428
24.680 0.038428
24.690 0.038427
24.700 0.038427
24.710 0.038427
24.720 0.038427
24.730 0.038427
24.740 0.038427
24.750 0.038427
24.760 0.038426
24.770 0.038426
24.780 0.038426
24.790 0.038426
24.800 0.038426
24.810 0.038426
24.820 0.038426
24.830 0.038425
24.840 0.038425
24.850 0.038425
24.860 0.038425
24.870 0.038425
24.880 0.038425
24.890 0.038425
24.900 0.038424
24.910 0.038424
24.920 0.038424
24.930 0.038424
24.940 0.038424
24.950 0.038424
24.960 0.038424
24.970 0.038424
24.980 0.038423
24.990 0.038423
25.000 0.038423
25.100 0.038422
25.110 0.038422
25.120 0.038421
25.130 0.038421
25.140 0.038421
25.150 0.038421
25.160 0.038421
25.170 0.038421
25.180 0.038421
25.190 0.038420
25.200 0.038420
25.210 0.038420
25.220 0.038420
25.230 0.038420
25.240 0.038420
25.250 0.038420
25.260 0.038420
25.270 0.038419
25.280 0.038419
25.290 0.038419
25.300 0.038419
25.310 0.038419
25.320 0.038419
25.330 0.038419
25.340 0.038418
25.350 0.038418
25.360 0.038418
25.370 0.038418
25.380 0.038418
25.390 0.038418
25.400 0.038418
25.410 0.038417
25.420 0.038417
25.430 0.038417
25.440 0.038417
25.450 0.038417
25.460 0.038417
25.470 0.038417
25.480 0.038416
25.490 0.038416
25.500 0.038416
25.510 0.038416
25.520 0.038416
25.530 0.038416
25.540 0.038416
25.550 0.038416
25.560 0.038415
25.570 0.038415
25.580 0.038415
25.590 0.038415
25.600 0.038415
25.610 0.038415
25.620 0.038415
25.630 0.038414
25.640 0.038414
25.650 0.038414
25.660 0.038414
25.670 0.038414
25.680 0.038414
25.690 0.038414
25.700 0.038413
25.710 0.038413
25.720 0.038413
25.730 0.038413
25.740 0.038413
25.750 0.038413
25.760 0.038413
25.770 0.038412
25.780 0.038412
25.790 0.038412
25.800 0.038412
25.810 0.038412
25.820 0.038412
25.830 0.038412
25.840 0.038412
25.850 0.038411
25.860 0.038411
25.870 0.038411
25.880 0.038411
25.890 0.038411
25.900 0.038411
25.910 0.038411
25.920 0.038410
25.930 0.038410
25.940 0.038410
25.950 0.038410
25.960 0.038410
25.970 0.038410
25.980 0.038410
25.990 0.038409
26.000 0.038409
26.010 0.038409
26.020 0.038409
26.030 0.038409
26.040 0.038409
26.050 0.038409
26.060 0.038408
26.070 0.038408
26.080 0.038408
26.090 0.038408
26.100 0.038408
26.110 0.038408
26.120 0.038408
26.130 0.038408
26.140 0.038407
26.150 0.038407
26.160 0.038407
26.170 0.038407
26.180 0.038407
26.190 0.038407
26.200 0.038407
26.210 0.038406
26.220 0.038406
26.230 0.038406
26.240 0.038406
26.250 0.038406
26.260 0.038406
26.270 0.038406
26.280 0.038405
26.290 0.038405
26.300 0.038405
26.310 0.038405
26.320 0.038405
26.330 0.038405
26.340 0.038405
26.350 0.038404
26.360 0.038404
26.370 0.038404
26.380 0.038404
26.390 0.038404
26.400 0.038404
26.410 0.038404
26.420 0.038404
26.430 0.038403
26.440 0.038403
26.450 0.038403
26.460 0.038403
26.470 0.038403
26.480 0.038403
26.490 0.038403
26.500 0.038402
26.510 0.038402
26.520 0.038402
26.530 0.038402
26.540 0.038402
26.550 0.038402
26.560 0.038402
26.570 0.038401
26.580 0.038401
26.590 0.038401
26.600 0.038401
26.610 0.038401
26.620 0.038401
26.630 0.038401
26.640 0.038401
26.650 0.038400
26.660 0.038400
26.670 0.038400
26.680 0.038400
26.690 0.038400
26.700 0.038400
26.710 0.038400
26.720 0.038399
26.730 0.038399
26.740 0.038399
26.750 0.038399
26.760 0.038399
26.770 0.038399
26.780 0.038399
26.790 0.038398
26.800 0.038398
26.810 0.038398
26.820 0.038398
26.830 0.038398
26.840 0.038398
26.850 0.038398
26.860 0.038397
26.870 0.038397
26.880 0.038397
26.890 0.038397
26.900 0.038397
26.910 0.038397
26.920 0.038397
26.930 0.038397
26.940 0.038396
26.950 0.038396
26.960 0.038396
26.970 0.038396
26.980 0.038396
26.990 0.038396
27.000 0.038396
27.010 0.038395
27.020 0.038395
27.030 0.038395
27.040 0.038395
27.050 0.038395
27.060 0.038395
27.070 0.038395
27.080 0.038394
27.090 0.038394
27.100 0.038394
27.110 0.038394
27.120 0.038394
27.130 0.038394
27.140 0.038394
27.150 0.038393
27.160 0.038393
27.170 0.038393
27.180 0.038393
27.190 0.038393
27.200 0.038393
27.210 0.038393
27.220 0.038393
27.230 0.038392
27.240 0.038392
27.250 0.038392
27.260 0.038392
27.270 0.038392
27.280 0.038392
27.290 0.038392
27.300 0.038391
27.310 0.038391
27.320 0.038391
27.330 0.038391
27.340 0.038391
27.350 0.038391
27.360 0.038391
27.370 0.038390
27.380 0.038390
27.390 0.038390
27.400 0.038390
27.410 0.038390
27.420 0.038390
27.430 0.038390
27.440 0.038390
27.450 0.038389
27.460 0.038389
27.470 0.038389
27.480 0.038389
27.490 0.038389
27.500 0.038389
27.510 0.038389
27.520 0.038388
27.530 0.038388
27.540 0.038388
27.550 0.038388
27.560 0.038388
27.570 0.038388
27.580 0.038388
27.590 0.038387
27.600 0.038387
27.610 0.038387
27.620 0.038387
27.630 0.038387
27.640 0.038387
27.650 0.038387
27.660 0.038387
27.670 0.038386
27.680 0.038386
27.690 0.038386
27.700 0.038386
27.710 0.038386
27.720 0.038386
27.730 0.038386
27.740 0.038385
27.750 0.038385
27.760 0.038385
27.770 0.038385
27.780 0.038385
27.790 0.038385
27.800 0.038385
27.810 0.038384
27.820 0.038384
27.830 0.038384
27.840 0.038384
27.850 0.038384
27.860 0.038384
27.870 0.038384
27.880 0.038383
27.890 0.038383
27.900 0.038383
27.910 0.038383
27.920 0.038383
27.930 0.038383
27.940 0.038383
27.950 0.038383
27.960 0.038382
27.970 0.038382
27.980 0.038382
27.990 0.038382
28.000 0.038382
28.010 0.038382
28.020 0.038382
28.030 0.038381
28.040 0.038381
28.050 0.038381
28.060 0.038381
28.070 0.038381
28.080 0.038381
28.090 0.038381
28.100 0.038380
28.110 0.038380
28.120 0.038380
28.130 0.038380
28.140 0.038380
28.150 0.038380
28.160 0.038380
28.170 0.038380
28.180 0.038379
28.190 0.038379
28.200 0.038379
28.210 0.038379
28.220 0.038379
28.230 0.038379
28.240 0.038379
28.250 0.038378
28.260 0.038378
28.270 0.038378
28.280 0.038378
28.290 0.038378
28.300 0.038378
28.310 0.038378
28.320 0.038377
28.330 0.038377
28.340 0.038377
28.350 0.038377
28.360 0.038377
28.370 0.038377
28.380 0.038377
28.390 0.038377
28.400 0.038376
28.410 0.038376
28.420 0.038376
28.430 0.038376
28.440 0.038376
28.450 0.038376
28.460 0.038376
28.470 0.038375
28.480 0.038375
28.490 0.038375
28.500 0.038375
28.510 0.038375
28.520 0.038375
28.530 0.038375
28.540 0.038374
28.550 0.038374
28.560 0.038374
28.570 0.038374
28.580 0.038374
28.590 0.038374
28.600 0.038374
28.610 0.038374
28.620 0.038373
28.630 0.038373
28.640 0.038373
28.650 0.038373
28.660 0.038373
28.670 0.038373
28.680 0.038373
28.690 0.038372
28.700 0.038372
28.710 0.038372
28.720 0.038372
28.730 0.038372
28.740 0.038372
28.750 0.038372
28.760 0.038371
28.770 0.038371
28.780 0.038371
28.790 0.038371
28.800 0.038371
28.810 0.038371
28.820 0.038371
28.830 0.038371
28.840 0.038370
28.850 0.038370
28.860 0.038370
28.870 0.038370
28.880 0.038370
28.890 0.038370
28.900 0.038370
28.910 0.038369
28.920 0.038369
28.930 0.038369
28.940 0.038369
28.950 0.038369
28.960 0.038369
28.970 0.038369
28.980 0.038368
28.990 0.038368
29.000 0.038368
29.010 0.038368
29.020 0.038368
29.030 0.038368
29.040 0.038368
29.050 0.038368
29.060 0.038367
29.070 0.038367
29.080 0.038367
29.090 0.038367
29.100 0.038367
29.110 0.038367
29.120 0.038367
29.130 0.038366
29.140 0.038366
29.150 0.038366
29.160 0.038366
29.170 0.038366
29.180 0.038366
29.190 0.038366
29.200 0.038365
29.210 0.038365
29.220 0.038365
29.230 0.038365
29.240 0.038365
29.250 0.038365
29.260 0.038365
29.270 0.038365
29.280 0.038364
29.290 0.038364
29.300 0.038364
29.310 0.038364
29.320 0.038364
29.330 0.038364
29.340 0.038364
29.350 0.038363
29.360 0.038363
29.370 0.038363
29.380 0.038363
29.390 0.038363
29.400 0.038363
29.410 0.038363
29.420 0.038362
29.430 0.038362
29.440 0.038362
29.450 0.038362
29.460 0.038362
29.470 0.038362
29.480 0.038362
29.490 0.038362
29.500 0.038361
29.510 0.038361
29.520 0.038361
29.530 0.038361
29.540 0.038361
29.550 0.038361
29.560 0.038361
29.570 0.038360
29.580 0.038360
29.590 0.038360
29.600 0.038360
29.610 0.038360
29.620 0.038360
29.630 0.038360
29.640 0.038360
29.650 0.038359
29.660 0.038359
29.670 0.038359
29.680 0.038359
29.690 0.038359
29.700 0.038359
29.710 0.038359
29.720 0.038358
29.730 0.038358
29.740 0.038358
29.750 0.038358
29.760 0.038358
29.770 0.038358
29.780 0.038358
29.790 0.038357
29.800 0.038357
29.810 0.038357
29.820 0.038357
29.830 0.038357
29.840 0.038357
29.850 0.038357
29.860 0.038357
29.870 0.038356
29.880 0.038356
29.890 0.038356
29.900 0.038356
29.910 0.038356
29.920 0.038356
29.930 0.038356
29.940 0.038355
29.950 0.038355
29.960 0.038355
29.970 0.038355
29.980 0.038355
29.990 0.038355
30.000 0.038355
