0.10000 147.56
0.11000 134.14
0.12000 122.95
0.13000 113.48
0.14000 105.36
0.15000 98.329
0.16000 92.174
0.17000 86.744
0.18000 81.917
0.19000 77.598
0.20000 73.711
0.21000 70.195
0.22000 66.997
0.23000 64.078
0.24000 61.403
0.25000 58.941
0.26000 56.669
0.27000 54.564
0.28000 52.611
0.29000 50.792
0.30000 49.094
0.31000 47.506
0.32000 46.017
0.33000 44.618
0.34000 43.302
0.35000 42.060
0.36000 40.888
0.37000 39.779
0.38000 38.729
0.39000 37.732
0.40000 36.785
0.41000 35.885
0.42000 35.027
0.43000 34.209
0.44000 33.428
0.45000 32.682
0.46000 31.969
0.47000 31.286
0.48000 30.631
0.49000 30.003
0.50000 29.400
0.51000 28.821
0.52000 28.264
0.53000 27.728
0.54000 27.212
0.55000 26.714
0.56000 26.235
0.57000 25.772
0.58000 25.325
0.59000 24.894
0.60000 24.476
0.61000 24.073
0.62000 23.682
0.63000 23.304
0.64000 22.938
0.65000 22.583
0.66000 22.238
0.67000 21.904
0.68000 21.580
0.69000 21.265
0.70000 20.960
0.71000 20.662
0.72000 20.373
0.73000 20.092
0.74000 19.819
0.75000 19.553
0.76000 19.294
0.77000 19.041
0.78000 18.795
0.79000 18.556
0.80000 18.322
0.81000 18.094
0.82000 17.872
0.83000 17.654
0.84000 17.443
0.85000 17.236
0.86000 17.034
0.87000 16.836
0.88000 16.643
0.89000 16.455
0.90000 16.270
0.91000 16.090
0.92000 15.914
0.93000 15.741
0.94000 15.572
0.95000 15.406
0.96000 15.245
0.97000 15.086
0.98000 14.930
0.99000 14.778
1.0000 14.629
1.0100 14.483
1.0200 14.339
1.0300 14.199
1.0400 14.061
1.0500 13.926
1.0600 13.793
1.0700 13.663
1.0800 13.535
1.0900 13.409
1.1000 13.286
1.1100 13.165
1.1200 13.046
1.1300 12.930
1.1400 12.815
1.1500 12.702
1.1600 12.592
1.1700 12.483
1.1800 12.376
1.1900 12.271
1.2000 12.167
1.2100 12.065
1.2200 11.965
1.2300 11.867
1.2400 11.770
1.2500 11.675
1.2600 11.581
1.2700 11.489
1.2800 11.398
1.2900 11.308
1.3000 11.220
1.3100 11.133
1.3200 11.048
1.3300 10.964
1.3400 10.881
1.3500 10.799
1.3600 10.719
1.3700 10.640
1.3800 10.561
1.3900 10.484
1.4000 10.408
1.4100 10.334
1.4200 10.260
1.4300 10.187
1.4400 10.115
1.4500 10.045
1.4600 9.9748
1.4700 9.9060
1.4800 9.8381
1.4900 9.7711
1.5000 9.7050
1.5100 9.6398
1.5200 9.5754
1.5300 9.5119
1.5400 9.4492
1.5500 9.3873
1.5600 9.3262
1.5700 9.2659
1.5800 9.2063
1.5900 9.1475
1.6000 9.0895
1.6100 9.0321
1.6200 8.9755
1.6300 8.9195
1.6400 8.8643
1.6500 8.8097
1.6600 8.7557
1.6700 8.7024
1.6800 8.6498
1.6900 8.5978
1.7000 8.5463
1.7100 8.4955
1.7200 8.4453
1.7300 8.3956
1.7400 8.3465
1.7500 8.2980
1.7600 8.2501
1.7700 8.2026
1.7800 8.1557
1.7900 8.1094
1.8000 8.0635
1.8100 8.0182
1.8200 7.9733
1.8300 7.9290
1.8400 7.8851
1.8500 7.8417
1.8600 7.7987
1.8700 7.7563
1.8800 7.7142
1.8900 7.6727
1.9000 7.6315
1.9100 7.5908
1.9200 7.5505
1.9300 7.5106
1.9400 7.4712
1.9500 7.4321
1.9600 7.3935
1.9700 7.3552
1.9800 7.3173
1.9900 7.2798
2.0000 7.2427
2.0100 7.2060
2.0200 7.1696
2.0300 7.1335
2.0400 7.0979
2.0500 7.0625
2.0600 7.0275
2.0700 6.9929
2.0800 6.9586
2.0900 6.9246
2.1000 6.8909
2.1100 6.8576
2.1200 6.8245
2.1300 6.7918
2.1400 6.7594
2.1500 6.7273
2.1600 6.6955
2.1700 6.6639
2.1800 6.6327
2.1900 6.6018
2.2000 6.5711
2.2100 6.5407
2.2200 6.5106
2.2300 6.4807
2.2400 6.4512
2.2500 6.4218
2.2600 6.3928
2.2700 6.3640
2.2800 6.3354
2.2900 6.3071
2.3000 6.2791
2.3100 6.2513
2.3200 6.2237
2.3300 6.1964
2.3400 6.1692
2.3500 6.1424
2.3600 6.1157
2.3700 6.0893
2.3800 6.0631
2.3900 6.0371
2.4000 6.0114
2.4100 5.9858
2.4200 5.9605
2.4300 5.9354
2.4400 5.9104
2.4500 5.8857
2.4600 5.8612
2.4700 5.8369
2.4800 5.8128
2.4900 5.7888
2.5000 5.7651
2.5100 5.7415
2.5200 5.7182
2.5300 5.6950
2.5400 5.6720
2.5500 5.6492
2.5600 5.6265
2.5700 5.6041
2.5800 5.5818
2.5900 5.5597
2.6000 5.5377
2.6100 5.5159
2.6200 5.4943
2.6300 5.4729
2.6400 5.4516
2.6500 5.4305
2.6600 5.4095
2.6700 5.3887
2.6800 5.3680
2.6900 5.3475
2.7000 5.3272
2.7100 5.3070
2.7200 5.2870
2.7300 5.2670
2.7400 5.2473
2.7500 5.2277
2.7600 5.2082
2.7700 5.1889
2.7800 5.1697
2.7900 5.1506
2.8000 5.1317
2.8100 5.1129
2.8200 5.0943
2.8300 5.0757
2.8400 5.0574
2.8500 5.0391
2.8600 5.0210
2.8700 5.0030
2.8800 4.9851
2.8900 4.9673
2.9000 4.9497
2.9100 4.9322
2.9200 4.9148
2.9300 4.8975
2.9400 4.8803
2.9500 4.8633
2.9600 4.8464
2.9700 4.8296
2.9800 4.8129
2.9900 4.7963
3.0000 4.7798
3.0100 4.7634
3.0200 4.7472
3.0300 4.7310
3.0400 4.7150
3.0500 4.6990
3.0600 4.6832
3.0700 4.6674
3.0800 4.6518
3.0900 4.6363
3.1000 4.6208
3.1100 4.6055
3.1200 4.5903
3.1300 4.5751
3.1400 4.5601
3.1500 4.5452
3.1600 4.5303
3.1700 4.5155
3.1800 4.5009
3.1900 4.4863
3.2000 4.4718
3.2100 4.4574
3.2200 4.4431
3.2300 4.4289
3.2400 4.4148
3.2500 4.4008
3.2600 4.3868
3.2700 4.3729
3.2800 4.3591
3.2900 4.3454
3.3000 4.3318
3.3100 4.3183
3.3200 4.3048
3.3300 4.2915
3.3400 4.2782
3.3500 4.2650
3.3600 4.2518
3.3700 4.2388
3.3800 4.2258
3.3900 4.2129
3.4000 4.2001
3.4100 4.1873
3.4200 4.1746
3.4300 4.1620
3.4400 4.1495
3.4500 4.1370
3.4600 4.1247
3.4700 4.1123
3.4800 4.1001
3.4900 4.0879
3.5000 4.0758
3.5100 4.0638
3.5200 4.0518
3.5300 4.0399
3.5400 4.0281
3.5500 4.0163
3.5600 4.0046
3.5700 3.9930
3.5800 3.9814
3.5900 3.9699
3.6000 3.9585
3.6100 3.9471
3.6200 3.9358
3.6300 3.9245
3.6400 3.9133
3.6500 3.9022
3.6600 3.8911
3.6700 3.8801
3.6800 3.8692
3.6900 3.8583
3.7000 3.8475
3.7100 3.8367
3.7200 3.8260
3.7300 3.8153
3.7400 3.8047
3.7500 3.7942
3.7600 3.7837
3.7700 3.7732
3.7800 3.7629
3.7900 3.7525
3.8000 3.7423
3.8100 3.7321
3.8200 3.7219
3.8300 3.7118
3.8400 3.7017
3.8500 3.6917
3.8600 3.6818
3.8700 3.6719
3.8800 3.6620
3.8900 3.6522
3.9000 3.6425
3.9100 3.6328
3.9200 3.6231
3.9300 3.6135
3.9400 3.6040
3.9500 3.5945
3.9600 3.5850
3.9700 3.5756
3.9800 3.5663
3.9900 3.5569
4.0000 3.5477
4.0100 3.5385
4.0200 3.5293
4.0300 3.5201
4.0400 3.5111
4.0500 3.5020
4.0600 3.4930
4.0700 3.4841
4.0800 3.4752
4.0900 3.4663
4.1000 3.4575
4.1100 3.4487
4.1200 3.4400
4.1300 3.4313
4.1400 3.4226
4.1500 3.4140
4.1600 3.4054
4.1700 3.3969
4.1800 3.3884
4.1900 3.3800
4.2000 3.3716
4.2100 3.3632
4.2200 3.3549
4.2300 3.3466
4.2400 3.3384
4.2500 3.3301
4.2600 3.3220
4.2700 3.3138
4.2800 3.3057
4.2900 3.2977
4.3000 3.2897
4.3100 3.2817
4.3200 3.2737
4.3300 3.2658
4.3400 3.2580
4.3500 3.2501
4.3600 3.2423
4.3700 3.2346
4.3800 3.2268
4.3900 3.2191
4.4000 3.2115
4.4100 3.2038
4.4200 3.1963
4.4300 3.1887
4.4400 3.1812
4.4500 3.1737
4.4600 3.1662
4.4700 3.1588
4.4800 3.1514
4.4900 3.1441
4.5000 3.1367
4.5100 3.1295
4.5200 3.1222
4.5300 3.1150
4.5400 3.1078
4.5500 3.1006
4.5600 3.0935
4.5700 3.0864
4.5800 3.0793
4.5900 3.0723
4.6000 3.0653
4.6100 3.0583
4.6200 3.0513
4.6300 3.0444
4.6400 3.0375
4.6500 3.0307
4.6600 3.0238
4.6700 3.0170
4.6800 3.0103
4.6900 3.0035
4.7000 2.9968
4.7100 2.9901
4.7200 2.9835
4.7300 2.9768
4.7400 2.9702
4.7500 2.9637
4.7600 2.9571
4.7700 2.9506
4.7800 2.9441
4.7900 2.9376
4.8000 2.9312
4.8100 2.9248
4.8200 2.9184
4.8300 2.9121
4.8400 2.9057
4.8500 2.8994
4.8600 2.8931
4.8700 2.8869
4.8800 2.8807
4.8900 2.8745
4.9000 2.8683
4.9100 2.8621
4.9200 2.8560
4.9300 2.8499
4.9400 2.8438
4.9500 2.8378
4.9600 2.8317
4.9700 2.8257
4.9800 2.8197
4.9900 2.8138
5.0000 2.8079
5.1000 2.7498
5.1100 2.7441
5.1200 2.7385
5.1300 2.7328
5.1400 2.7272
5.1500 2.7216
5.1600 2.7160
5.1700 2.7105
5.1800 2.7050
5.1900 2.6995
5.2000 2.6940
5.2100 2.6885
5.2200 2.6831
5.2300 2.6776
5.2400 2.6722
5.2500 2.6669
5.2600 2.6615
5.2700 2.6562
5.2800 2.6508
5.2900 2.6455
5.3000 2.6402
5.3100 2.6350
5.3200 2.6297
5.3300 2.6245
5.3400 2.6193
5.3500 2.6141
5.3600 2.6090
5.3700 2.6038
5.3800 2.5987
5.3900 2.5936
5.4000 2.5885
5.4100 2.5834
5.4200 2.5784
5.4300 2.5734
5.4400 2.5683
5.4500 2.5633
5.4600 2.5584
5.4700 2.5534
5.4800 2.5485
5.4900 2.5435
5.5000 2.5386
5.5100 2.5338
5.5200 2.5289
5.5300 2.5240
5.5400 2.5192
5.5500 2.5144
5.5600 2.5096
5.5700 2.5048
5.5800 2.5000
5.5900 2.4953
5.6000 2.4905
5.6100 2.4858
5.6200 2.4811
5.6300 2.4765
5.6400 2.4718
5.6500 2.4671
5.6600 2.4625
5.6700 2.4579
5.6800 2.4533
5.6900 2.4487
5.7000 2.4441
5.7100 2.4396
5.7200 2.4350
5.7300 2.4305
5.7400 2.4260
5.7500 2.4215
5.7600 2.4171
5.7700 2.4126
5.7800 2.4082
5.7900 2.4037
5.8000 2.3993
5.8100 2.3949
5.8200 2.3905
5.8300 2.3862
5.8400 2.3818
5.8500 2.3775
5.8600 2.3732
5.8700 2.3689
5.8800 2.3646
5.8900 2.3603
5.9000 2.3560
5.9100 2.3518
5.9200 2.3475
5.9300 2.3433
5.9400 2.3391
5.9500 2.3349
5.9600 2.3307
5.9700 2.3266
5.9800 2.3224
5.9900 2.3183
6.0000 2.3142
6.0100 2.3101
6.0200 2.3060
6.0300 2.3019
6.0400 2.2978
6.0500 2.2937
6.0600 2.2897
6.0700 2.2857
6.0800 2.2817
6.0900 2.2777
6.1000 2.2737
6.1100 2.2697
6.1200 2.2657
6.1300 2.2618
6.1400 2.2578
6.1500 2.2539
6.1600 2.2500
6.1700 2.2461
6.1800 2.2422
6.1900 2.2383
6.2000 2.2345
6.2100 2.2306
6.2200 2.2268
6.2300 2.2230
6.2400 2.2191
6.2500 2.2153
6.2600 2.2116
6.2700 2.2078
6.2800 2.2040
6.2900 2.2003
6.3000 2.1965
6.3100 2.1928
6.3200 2.1891
6.3300 2.1854
6.3400 2.1817
6.3500 2.1780
6.3600 2.1743
6.3700 2.1707
6.3800 2.1670
6.3900 2.1634
6.4000 2.1597
6.4100 2.1561
6.4200 2.1525
6.4300 2.1489
6.4400 2.1454
6.4500 2.1418
6.4600 2.1382
6.4700 2.1347
6.4800 2.1311
6.4900 2.1276
6.5000 2.1241
6.5100 2.1206
6.5200 2.1171
6.5300 2.1136
6.5400 2.1101
6.5500 2.1067
6.5600 2.1032
6.5700 2.0998
6.5800 2.0964
6.5900 2.0929
6.6000 2.0895
6.6100 2.0861
6.6200 2.0827
6.6300 2.0794
6.6400 2.0760
6.6500 2.0726
6.6600 2.0693
6.6700 2.0659
6.6800 2.0626
6.6900 2.0593
6.7000 2.0560
6.7100 2.0527
6.7200 2.0494
6.7300 2.0461
6.7400 2.0428
6.7500 2.0396
6.7600 2.0363
6.7700 2.0331
6.7800 2.0299
6.7900 2.0266
6.8000 2.0234
6.8100 2.0202
6.8200 2.0170
6.8300 2.0138
6.8400 2.0107
6.8500 2.0075
6.8600 2.0043
6.8700 2.0012
6.8800 1.9980
6.8900 1.9949
6.9000 1.9918
6.9100 1.9887
6.9200 1.9856
6.9300 1.9825
6.9400 1.9794
6.9500 1.9763
6.9600 1.9733
6.9700 1.9702
6.9800 1.9671
6.9900 1.9641
7.0000 1.9611
7.0100 1.9580
7.0200 1.9550
7.0300 1.9520
7.0400 1.9490
7.0500 1.9460
7.0600 1.9431
7.0700 1.9401
7.0800 1.9371
7.0900 1.9342
7.1000 1.9312
7.1100 1.9283
7.1200 1.9253
7.1300 1.9224
7.1400 1.9195
7.1500 1.9166
7.1600 1.9137
7.1700 1.9108
7.1800 1.9079
7.1900 1.9050
7.2000 1.9022
7.2100 1.8993
7.2200 1.8965
7.2300 1.8936
7.2400 1.8908
7.2500 1.8880
7.2600 1.8851
7.2700 1.8823
7.2800 1.8795
7.2900 1.8767
7.3000 1.8739
7.3100 1.8711
7.3200 1.8684
7.3300 1.8656
7.3400 1.8628
7.3500 1.8601
7.3600 1.8573
7.3700 1.8546
7.3800 1.8519
7.3900 1.8492
7.4000 1.8464
7.4100 1.8437
7.4200 1.8410
7.4300 1.8383
7.4400 1.8356
7.4500 1.8330
7.4600 1.8303
7.4700 1.8276
7.4800 1.8250
7.4900 1.8223
7.5000 1.8197
7.5100 1.8170
7.5200 1.8144
7.5300 1.8118
7.5400 1.8092
7.5500 1.8066
7.5600 1.8040
7.5700 1.8014
7.5800 1.7988
7.5900 1.7962
7.6000 1.7936
7.6100 1.7910
7.6200 1.7885
7.6300 1.7859
7.6400 1.7834
7.6500 1.7808
7.6600 1.7783
7.6700 1.7758
7.6800 1.7733
7.6900 1.7707
7.7000 1.7682
7.7100 1.7657
7.7200 1.7632
7.7300 1.7607
7.7400 1.7583
7.7500 1.7558
7.7600 1.7533
7.7700 1.7508
7.7800 1.7484
7.7900 1.7459
7.8000 1.7435
7.8100 1.7410
7.8200 1.7386
7.8300 1.7362
7.8400 1.7338
7.8500 1.7313
7.8600 1.7289
7.8700 1.7265
7.8800 1.7241
7.8900 1.7217
7.9000 1.7194
7.9100 1.7170
7.9200 1.7146
7.9300 1.7122
7.9400 1.7099
7.9500 1.7075
7.9600 1.7052
7.9700 1.7028
7.9800 1.7005
7.9900 1.6982
8.0000 1.6958
8.0100 1.6935
8.0200 1.6912
8.0300 1.6889
8.0400 1.6866
8.0500 1.6843
8.0600 1.6820
8.0700 1.6797
8.0800 1.6774
8.0900 1.6752
8.1000 1.6729
8.1100 1.6706
8.1200 1.6684
8.1300 1.6661
8.1400 1.6639
8.1500 1.6616
8.1600 1.6594
8.1700 1.6572
8.1800 1.6549
8.1900 1.6527
8.2000 1.6505
8.2100 1.6483
8.2200 1.6461
8.2300 1.6439
8.2400 1.6417
8.2500 1.6395
8.2600 1.6373
8.2700 1.6352
8.2800 1.6330
8.2900 1.6308
8.3000 1.6287
8.3100 1.6265
8.3200 1.6243
8.3300 1.6222
8.3400 1.6201
8.3500 1.6179
8.3600 1.6158
8.3700 1.6137
8.3800 1.6115
8.3900 1.6094
8.4000 1.6073
8.4100 1.6052
8.4200 1.6031
8.4300 1.6010
8.4400 1.5989
8.4500 1.5968
8.4600 1.5948
8.4700 1.5927
8.4800 1.5906
8.4900 1.5885
8.5000 1.5865
8.5100 1.5844
8.5200 1.5824
8.5300 1.5803
8.5400 1.5783
8.5500 1.5762
8.5600 1.5742
8.5700 1.5722
8.5800 1.5701
8.5900 1.5681
8.6000 1.5661
8.6100 1.5641
8.6200 1.5621
8.6300 1.5601
8.6400 1.5581
8.6500 1.5561
8.6600 1.5541
8.6700 1.5521
8.6800 1.5502
8.6900 1.5482
8.7000 1.5462
8.7100 1.5443
8.7200 1.5423
8.7300 1.5403
8.7400 1.5384
8.7500 1.5364
8.7600 1.5345
8.7700 1.5326
8.7800 1.5306
8.7900 1.5287
8.8000 1.5268
8.8100 1.5248
8.8200 1.5229
8.8300 1.5210
8.8400 1.5191
8.8500 1.5172
8.8600 1.5153
8.8700 1.5134
8.8800 1.5115
8.8900 1.5096
8.9000 1.5078
8.9100 1.5059
8.9200 1.5040
8.9300 1.5021
8.9400 1.5003
8.9500 1.4984
8.9600 1.4965
8.9700 1.4947
8.9800 1.4928
8.9900 1.4910
9.0000 1.4892
9.0100 1.4873
9.0200 1.4855
9.0300 1.4837
9.0400 1.4818
9.0500 1.4800
9.0600 1.4782
9.0700 1.4764
9.0800 1.4746
9.0900 1.4728
9.1000 1.4710
9.1100 1.4692
9.1200 1.4674
9.1300 1.4656
9.1400 1.4638
9.1500 1.4620
9.1600 1.4602
9.1700 1.4585
9.1800 1.4567
9.1900 1.4549
9.2000 1.4532
9.2100 1.4514
9.2200 1.4496
9.2300 1.4479
9.2400 1.4461
9.2500 1.4444
9.2600 1.4427
9.2700 1.4409
9.2800 1.4392
9.2900 1.4375
9.3000 1.4357
9.3100 1.4340
9.3200 1.4323
9.3300 1.4306
9.3400 1.4289
9.3500 1.4272
9.3600 1.4255
9.3700 1.4238
9.3800 1.4221
9.3900 1.4204
9.4000 1.4187
9.4100 1.4170
9.4200 1.4153
9.4300 1.4136
9.4400 1.4120
9.4500 1.4103
9.4600 1.4086
9.4700 1.4069
9.4800 1.4053
9.4900 1.4036
9.5000 1.4020
9.5100 1.4003
9.5200 1.3987
9.5300 1.3970
9.5400 1.3954
9.5500 1.3938
9.5600 1.3921
9.5700 1.3905
9.5800 1.3889
9.5900 1.3872
9.6000 1.3856
9.6100 1.3840
9.6200 1.3824
9.6300 1.3808
9.6400 1.3792
9.6500 1.3776
9.6600 1.3760
9.6700 1.3744
9.6800 1.3728
9.6900 1.3712
9.7000 1.3696
9.7100 1.3680
9.7200 1.3664
9.7300 1.3648
9.7400 1.3633
9.7500 1.3617
9.7600 1.3601
9.7700 1.3586
9.7800 1.3570
9.7900 1.3554
9.8000 1.3539
9.8100 1.3523
9.8200 1.3508
9.8300 1.3492
9.8400 1.3477
9.8500 1.3462
9.8600 1.3446
9.8700 1.3431
9.8800 1.3416
9.8900 1.3400
9.9000 1.3385
9.9100 1.3370
9.9200 1.3355
9.9300 1.3339
9.9400 1.3324
9.9500 1.3309
9.9600 1.3294
9.9700 1.3279
9.9800 1.3264
9.9900 1.3249
10.000 1.3234
10.100 1.3086
10.110 1.3072
10.120 1.3057
10.130 1.3042
10.140 1.3028
10.150 1.3013
10.160 1.2999
10.170 1.2984
10.180 1.2970
10.190 1.2956
10.200 1.2941
10.210 1.2927
10.220 1.2913
10.230 1.2898
10.240 1.2884
10.250 1.2870
10.260 1.2856
10.270 1.2841
10.280 1.2827
10.290 1.2813
10.300 1.2799
10.310 1.2785
10.320 1.2771
10.330 1.2757
10.340 1.2743
10.350 1.2729
10.360 1.2715
10.370 1.2701
10.380 1.2687
10.390 1.2673
10.400 1.2659
10.410 1.2646
10.420 1.2632
10.430 1.2618
10.440 1.2604
10.450 1.2591
10.460 1.2577
10.470 1.2563
10.480 1.2550
10.490 1.2536
10.500 1.2522
10.510 1.2509
10.520 1.2495
10.530 1.2482
10.540 1.2468
10.550 1.2455
10.560 1.2441
10.570 1.2428
10.580 1.2415
10.590 1.2401
10.600 1.2388
10.610 1.2375
10.620 1.2361
10.630 1.2348
10.640 1.2335
10.650 1.2322
10.660 1.2309
10.670 1.2295
10.680 1.2282
10.690 1.2269
10.700 1.2256
10.710 1.2243
10.720 1.2230
10.730 1.2217
10.740 1.2204
10.750 1.2191
10.760 1.2178
10.770 1.2165
10.780 1.2152
10.790 1.2139
10.800 1.2127
10.810 1.2114
10.820 1.2101
10.830 1.2088
10.840 1.2075
10.850 1.2063
10.860 1.2050
10.870 1.2037
10.880 1.2025
10.890 1.2012
10.900 1.1999
10.910 1.1987
10.920 1.1974
10.930 1.1962
10.940 1.1949
10.950 1.1937
10.960 1.1924
10.970 1.1912
10.980 1.1899
10.990 1.1887
11.000 1.1874
11.010 1.1862
11.020 1.1850
11.030 1.1837
11.040 1.1825
11.050 1.1813
11.060 1.1800
11.070 1.1788
11.080 1.1776
11.090 1.1764
11.100 1.1752
11.110 1.1739
11.120 1.1727
11.130 1.1715
11.140 1.1703
11.150 1.1691
11.160 1.1679
11.170 1.1667
11.180 1.1655
11.190 1.1643
11.200 1.1631
11.210 1.1619
11.220 1.1607
11.230 1.1595
11.240 1.1583
11.250 1.1572
11.260 1.1560
11.270 1.1548
11.280 1.1536
11.290 1.1524
11.300 1.1513
11.310 1.1501
11.320 1.1489
11.330 1.1477
11.340 1.1466
11.350 1.1454
11.360 1.1442
11.370 1.1431
11.380 1.1419
11.390 1.1408
11.400 1.1396
11.410 1.1385
11.420 1.1373
11.430 1.1362
11.440 1.1350
11.450 1.1339
11.460 1.1327
11.470 1.1316
11.480 1.1304
11.490 1.1293
11.500 1.1282
11.510 1.1270
11.520 1.1259
11.530 1.1248
11.540 1.1236
11.550 1.1225
11.560 1.1214
11.570 1.1203
11.580 1.1192
11.590 1.1180
11.600 1.1169
11.610 1.1158
11.620 1.1147
11.630 1.1136
11.640 1.1125
11.650 1.1114
11.660 1.1103
11.670 1.1092
11.680 1.1081
11.690 1.1070
11.700 1.1059
11.710 1.1048
11.720 1.1037
11.730 1.1026
11.740 1.1015
11.750 1.1004
11.760 1.0993
11.770 1.0982
11.780 1.0971
11.790 1.0961
11.800 1.0950
11.810 1.0939
11.820 1.0928
11.830 1.0917
11.840 1.0907
11.850 1.0896
11.860 1.0885
11.870 1.0875
11.880 1.0864
11.890 1.0853
11.900 1.0843
11.910 1.0832
11.920 1.0822
11.930 1.0811
11.940 1.0800
11.950 1.0790
11.960 1.0779
11.970 1.0769
11.980 1.0758
11.990 1.0748
12.000 1.0737
12.010 1.0727
12.020 1.0717
12.030 1.0706
12.040 1.0696
12.050 1.0685
12.060 1.0675
12.070 1.0665
12.080 1.0654
12.090 1.0644
12.100 1.0634
12.110 1.0624
12.120 1.0613
12.130 1.0603
12.140 1.0593
12.150 1.0583
12.160 1.0573
12.170 1.0562
12.180 1.0552
12.190 1.0542
12.200 1.0532
12.210 1.0522
12.220 1.0512
12.230 1.0502
12.240 1.0492
12.250 1.0482
12.260 1.0472
12.270 1.0462
12.280 1.0452
12.290 1.0442
12.300 1.0432
12.310 1.0422
12.320 1.0412
12.330 1.0402
12.340 1.0392
12.350 1.0382
12.360 1.0372
12.370 1.0362
12.380 1.0353
12.390 1.0343
12.400 1.0333
12.410 1.0323
12.420 1.0313
12.430 1.0304
12.440 1.0294
12.450 1.0284
12.460 1.0274
12.470 1.0265
12.480 1.0255
12.490 1.0245
12.500 1.0236
12.510 1.0226
12.520 1.0216
12.530 1.0207
12.540 1.0197
12.550 1.0188
12.560 1.0178
12.570 1.0169
12.580 1.0159
12.590 1.0150
12.600 1.0140
12.610 1.0131
12.620 1.0121
12.630 1.0112
12.640 1.0102
12.650 1.0093
12.660 1.0083
12.670 1.0074
12.680 1.0065
12.690 1.0055
12.700 1.0046
12.710 1.0036
12.720 1.0027
12.730 1.0018
12.740 1.0009
12.750 0.99993
12.760 0.99900
12.770 0.99807
12.780 0.99715
12.790 0.99623
12.800 0.99530
12.810 0.99438
12.820 0.99347
12.830 0.99255
12.840 0.99163
12.850 0.99072
12.860 0.98981
12.870 0.98889
12.880 0.98798
12.890 0.98707
12.900 0.98617
12.910 0.98526
12.920 0.98435
12.930 0.98345
12.940 0.98255
12.950 0.98165
12.960 0.98075
12.970 0.97985
12.980 0.97895
12.990 0.97806
13.000 0.97716
13.010 0.97627
13.020 0.97538
13.030 0.97449
13.040 0.97360
13.050 0.97271
13.060 0.97183
13.070 0.97094
13.080 0.97006
13.090 0.96918
13.100 0.96829
13.110 0.96742
13.120 0.96654
13.130 0.96566
13.140 0.96478
13.150 0.96391
13.160 0.96304
13.170 0.96216
13.180 0.96129
13.190 0.96042
13.200 0.95956
13.210 0.95869
13.220 0.95782
13.230 0.95696
13.240 0.95610
13.250 0.95523
13.260 0.95437
13.270 0.95351
13.280 0.95266
13.290 0.95180
13.300 0.95094
13.310 0.95009
13.320 0.94924
13.330 0.94839
13.340 0.94754
13.350 0.94669
13.360 0.94584
13.370 0.94499
13.380 0.94415
13.390 0.94330
13.400 0.94246
13.410 0.94162
13.420 0.94077
13.430 0.93994
13.440 0.93910
13.450 0.93826
13.460 0.93742
13.470 0.93659
13.480 0.93576
13.490 0.93492
13.500 0.93409
13.510 0.93326
13.520 0.93243
13.530 0.93161
13.540 0.93078
13.550 0.92995
13.560 0.92913
13.570 0.92831
13.580 0.92749
13.590 0.92667
13.600 0.92585
13.610 0.92503
13.620 0.92421
13.630 0.92339
13.640 0.92258
13.650 0.92177
13.660 0.92095
13.670 0.92014
13.680 0.91933
13.690 0.91852
13.700 0.91772
13.710 0.91691
13.720 0.91610
13.730 0.91530
13.740 0.91450
13.750 0.91369
13.760 0.91289
13.770 0.91209
13.780 0.91129
13.790 0.91050
13.800 0.90970
13.810 0.90890
13.820 0.90811
13.830 0.90732
13.840 0.90652
13.850 0.90573
13.860 0.90494
13.870 0.90415
13.880 0.90337
13.890 0.90258
13.900 0.90179
13.910 0.90101
13.920 0.90023
13.930 0.89944
13.940 0.89866
13.950 0.89788
13.960 0.89710
13.970 0.89632
13.980 0.89555
13.990 0.89477
14.000 0.89400
14.010 0.89322
14.020 0.89245
14.030 0.89168
14.040 0.89091
14.050 0.89014
14.060 0.88937
14.070 0.88860
14.080 0.88784
14.090 0.88707
14.100 0.88631
14.110 0.88554
14.120 0.88478
14.130 0.88402
14.140 0.88326
14.150 0.88250
14.160 0.88174
14.170 0.88098
14.180 0.88023
14.190 0.87947
14.200 0.87872
14.210 0.87797
14.220 0.87721
14.230 0.87646
14.240 0.87571
14.250 0.87497
14.260 0.87422
14.270 0.87347
14.280 0.87272
14.290 0.87198
14.300 0.87124
14.310 0.87049
14.320 0.86975
14.330 0.86901
14.340 0.86827
14.350 0.86753
14.360 0.86679
14.370 0.86606
14.380 0.86532
14.390 0.86458
14.400 0.86385
14.410 0.86312
14.420 0.86239
14.430 0.86165
14.440 0.86092
14.450 0.86020
14.460 0.85947
14.470 0.85874
14.480 0.85801
14.490 0.85729
14.500 0.85656
14.510 0.85584
14.520 0.85512
14.530 0.85440
14.540 0.85368
14.550 0.85296
14.560 0.85224
14.570 0.85152
14.580 0.85080
14.590 0.85009
14.600 0.84937
14.610 0.84866
14.620 0.84795
14.630 0.84723
14.640 0.84652
14.650 0.84581
14.660 0.84510
14.670 0.84439
14.680 0.84369
14.690 0.84298
14.700 0.84227
14.710 0.84157
14.720 0.84087
14.730 0.84016
14.740 0.83946
14.750 0.83876
14.760 0.83806
14.770 0.83736
14.780 0.83666
14.790 0.83596
14.800 0.83527
14.810 0.83457
14.820 0.83388
14.830 0.83318
14.840 0.83249
14.850 0.83180
14.860 0.83111
14.870 0.83042
14.880 0.82973
14.890 0.82904
14.900 0.82835
14.910 0.82766
14.920 0.82698
14.930 0.82629
14.940 0.82561
14.950 0.82493
14.960 0.82424
14.970 0.82356
14.980 0.82288
14.990 0.82220
15.000 0.82152
15.100 0.81478
15.110 0.81411
15.120 0.81344
15.130 0.81277
15.140 0.81211
15.150 0.81144
15.160 0.81077
15.170 0.81011
15.180 0.80945
15.190 0.80878
15.200 0.80812
15.210 0.80746
15.220 0.80680
15.230 0.80614
15.240 0.80548
15.250 0.80482
15.260 0.80417
15.270 0.80351
15.280 0.80285
15.290 0.80220
15.300 0.80155
15.310 0.80089
15.320 0.80024
15.330 0.79959
15.340 0.79894
15.350 0.79829
15.360 0.79764
15.370 0.79699
15.380 0.79634
15.390 0.79570
15.400 0.79505
15.410 0.79441
15.420 0.79376
15.430 0.79312
15.440 0.79248
15.450 0.79183
15.460 0.79119
15.470 0.79055
15.480 0.78991
15.490 0.78927
15.500 0.78864
15.510 0.78800
15.520 0.78736
15.530 0.78673
15.540 0.78609
15.550 0.78546
15.560 0.78482
15.570 0.78419
15.580 0.78356
15.590 0.78293
15.600 0.78230
15.610 0.78167
15.620 0.78104
15.630 0.78041
15.640 0.77979
15.650 0.77916
15.660 0.77853
15.670 0.77791
15.680 0.77728
15.690 0.77666
15.700 0.77604
15.710 0.77542
15.720 0.77479
15.730 0.77417
15.740 0.77355
15.750 0.77293
15.760 0.77232
15.770 0.77170
15.780 0.77108
15.790 0.77047
15.800 0.76985
15.810 0.76924
15.820 0.76862
15.830 0.76801
15.840 0.76740
15.850 0.76679
15.860 0.76617
15.870 0.76556
15.880 0.76495
15.890 0.76435
15.900 0.76374
15.910 0.76313
15.920 0.76252
15.930 0.76192
15.940 0.76131
15.950 0.76071
15.960 0.76010
15.970 0.75950
15.980 0.75890
15.990 0.75830
16.000 0.75770
16.010 0.75710
16.020 0.75650
16.030 0.75590
16.040 0.75530
16.050 0.75470
16.060 0.75411
16.070 0.75351
16.080 0.75291
16.090 0.75232
16.100 0.75173
16.110 0.75113
16.120 0.75054
16.130 0.74995
16.140 0.74936
16.150 0.74877
16.160 0.74818
16.170 0.74759
16.180 0.74700
16.190 0.74641
16.200 0.74582
16.210 0.74524
16.220 0.74465
16.230 0.74407
16.240 0.74348
16.250 0.74290
16.260 0.74232
16.270 0.74173
16.280 0.74115
16.290 0.74057
16.300 0.73999
16.310 0.73941
16.320 0.73883
16.330 0.73825
16.340 0.73768
16.350 0.73710
16.360 0.73652
16.370 0.73595
16.380 0.73537
16.390 0.73480
16.400 0.73422
16.410 0.73365
16.420 0.73308
16.430 0.73251
16.440 0.73193
16.450 0.73136
16.460 0.73079
16.470 0.73022
16.480 0.72966
16.490 0.72909
16.500 0.72852
16.510 0.72795
16.520 0.72739
16.530 0.72682
16.540 0.72626
16.550 0.72569
16.560 0.72513
16.570 0.72457
16.580 0.72401
16.590 0.72344
16.600 0.72288
16.610 0.72232
16.620 0.72176
16.630 0.72120
16.640 0.72064
16.650 0.72009
16.660 0.71953
16.670 0.71897
16.680 0.71842
16.690 0.71786
16.700 0.71731
16.710 0.71675
16.720 0.71620
16.730 0.71565
16.740 0.71509
16.750 0.71454
16.760 0.71399
16.770 0.71344
16.780 0.71289
16.790 0.71234
16.800 0.71179
16.810 0.71125
16.820 0.71070
16.830 0.71015
16.840 0.70961
16.850 0.70906
16.860 0.70851
16.870 0.70797
16.880 0.70743
16.890 0.70688
16.900 0.70634
16.910 0.70580
16.920 0.70526
16.930 0.70472
16.940 0.70418
16.950 0.70364
16.960 0.70310
16.970 0.70256
16.980 0.70202
16.990 0.70148
17.000 0.70095
17.010 0.70041
17.020 0.69987
17.030 0.69934
17.040 0.69881
17.050 0.69827
17.060 0.69774
17.070 0.69721
17.080 0.69667
17.090 0.69614
17.100 0.69561
17.110 0.69508
17.120 0.69455
17.130 0.69402
17.140 0.69349
17.150 0.69296
17.160 0.69244
17.170 0.69191
17.180 0.69138
17.190 0.69086
17.200 0.69033
17.210 0.68981
17.220 0.68928
17.230 0.68876
17.240 0.68824
17.250 0.68771
17.260 0.68719
17.270 0.68667
17.280 0.68615
17.290 0.68563
17.300 0.68511
17.310 0.68459
17.320 0.68407
17.330 0.68355
17.340 0.68304
17.350 0.68252
17.360 0.68200
17.370 0.68149
17.380 0.68097
17.390 0.68046
17.400 0.67994
17.410 0.67943
17.420 0.67892
17.430 0.67840
17.440 0.67789
17.450 0.67738
17.460 0.67687
17.470 0.67636
17.480 0.67585
17.490 0.67534
17.500 0.67483
17.510 0.67432
17.520 0.67381
17.530 0.67331
17.540 0.67280
17.550 0.67229
17.560 0.67179
17.570 0.67128
17.580 0.67078
17.590 0.67027
17.600 0.66977
17.610 0.66927
17.620 0.66876
17.630 0.66826
17.640 0.66776
17.650 0.66726
17.660 0.66676
17.670 0.66626
17.680 0.66576
17.690 0.66526
17.700 0.66476
17.710 0.66426
17.720 0.66377
17.730 0.66327
17.740 0.66277
17.750 0.66228
17.760 0.66178
17.770 0.66129
17.780 0.66079
17.790 0.66030
17.800 0.65980
17.810 0.65931
17.820 0.65882
17.830 0.65833
17.840 0.65784
17.850 0.65735
17.860 0.65685
17.870 0.65636
17.880 0.65588
17.890 0.65539
17.900 0.65490
17.910 0.65441
17.920 0.65392
17.930 0.65344
17.940 0.65295
17.950 0.65246
17.960 0.65198
17.970 0.65149
17.980 0.65101
17.990 0.65052
18.000 0.65004
18.010 0.64956
18.020 0.64908
18.030 0.64859
18.040 0.64811
18.050 0.64763
18.060 0.64715
18.070 0.64667
18.080 0.64619
18.090 0.64571
18.100 0.64523
18.110 0.64475
18.120 0.64428
18.130 0.64380
18.140 0.64332
18.150 0.64285
18.160 0.64237
18.170 0.64189
18.180 0.64142
18.190 0.64095
18.200 0.64047
18.210 0.64000
18.220 0.63952
18.230 0.63905
18.240 0.63858
18.250 0.63811
18.260 0.63764
18.270 0.63717
18.280 0.63670
18.290 0.63623
18.300 0.63576
18.310 0.63529
18.320 0.63482
18.330 0.63435
18.340 0.63388
18.350 0.63342
18.360 0.63295
18.370 0.63248
18.380 0.63202
18.390 0.63155
18.400 0.63109
18.410 0.63062
18.420 0.63016
18.430 0.62970
18.440 0.62923
18.450 0.62877
18.460 0.62831
18.470 0.62785
18.480 0.62739
18.490 0.62693
18.500 0.62646
18.510 0.62600
18.520 0.62555
18.530 0.62509
18.540 0.62463
18.550 0.62417
18.560 0.62371
18.570 0.62325
18.580 0.62280
18.590 0.62234
18.600 0.62189
18.610 0.62143
18.620 0.62097
18.630 0.62052
18.640 0.62007
18.650 0.61961
18.660 0.61916
18.670 0.61871
18.680 0.61825
18.690 0.61780
18.700 0.61735
18.710 0.61690
18.720 0.61645
18.730 0.61600
18.740 0.61555
18.750 0.61510
18.760 0.61465
18.770 0.61420
18.780 0.61375
18.790 0.61330
18.800 0.61286
18.810 0.61241
18.820 0.61196
18.830 0.61152
18.840 0.61107
18.850 0.61063
18.860 0.61018
18.870 0.60974
18.880 0.60929
18.890 0.60885
18.900 0.60841
18.910 0.60796
18.920 0.60752
18.930 0.60708
18.940 0.60664
18.950 0.60620
18.960 0.60576
18.970 0.60531
18.980 0.60487
18.990 0.60444
19.000 0.60400
19.010 0.60356
19.020 0.60312
19.030 0.60268
19.040 0.60224
19.050 0.60181
19.060 0.60137
19.070 0.60093
19.080 0.60050
19.090 0.60006
19.100 0.59963
19.110 0.59919
19.120 0.59876
19.130 0.59832
19.140 0.59789
19.150 0.59746
19.160 0.59702
19.170 0.59659
19.180 0.59616
19.190 0.59573
19.200 0.59530
19.210 0.59487
19.220 0.59444
19.230 0.59401
19.240 0.59358
19.250 0.59315
19.260 0.59272
19.270 0.59229
19.280 0.59186
19.290 0.59143
19.300 0.59101
19.310 0.59058
19.320 0.59015
19.330 0.58973
19.340 0.58930
19.350 0.58888
19.360 0.58845
19.370 0.58803
19.380 0.58760
19.390 0.58718
19.400 0.58675
19.410 0.58633
19.420 0.58591
19.430 0.58549
19.440 0.58506
19.450 0.58464
19.460 0.58422
19.470 0.58380
19.480 0.58338
19.490 0.58296
19.500 0.58254
19.510 0.58212
19.520 0.58170
19.530 0.58128
19.540 0.58086
19.550 0.58045
19.560 0.58003
19.570 0.57961
19.580 0.57920
19.590 0.57878
19.600 0.57836
19.610 0.57795
19.620 0.57753
19.630 0.57712
19.640 0.57670
19.650 0.57629
19.660 0.57587
19.670 0.57546
19.680 0.57505
19.690 0.57463
19.700 0.57422
19.710 0.57381
19.720 0.57340
19.730 0.57299
19.740 0.57258
19.750 0.57216
19.760 0.57175
19.770 0.57134
19.780 0.57093
19.790 0.57053
19.800 0.57012
19.810 0.56971
19.820 0.56930
19.830 0.56889
19.840 0.56848
19.850 0.56808
19.860 0.56767
19.870 0.56726
19.880 0.56686
19.890 0.56645
19.900 0.56605
19.910 0.56564
19.920 0.56524
19.930 0.56483
19.940 0.56443
19.950 0.56402
19.960 0.56362
19.970 0.56322
19.980 0.56281
19.990 0.56241
20.000 0.56201
20.100 0.55801
20.110 0.55761
20.120 0.55721
20.130 0.55681
20.140 0.55642
20.150 0.55602
20.160 0.55562
20.170 0.55523
20.180 0.55483
20.190 0.55443
20.200 0.55404
20.210 0.55364
20.220 0.55325
20.230 0.55285
20.240 0.55246
20.250 0.55207
20.260 0.55167
20.270 0.55128
20.280 0.55089
20.290 0.55049
20.300 0.55010
20.310 0.54971
20.320 0.54932
20.330 0.54893
20.340 0.54854
20.350 0.54815
20.360 0.54776
20.370 0.54737
20.380 0.54698
20.390 0.54659
20.400 0.54620
20.410 0.54581
20.420 0.54542
20.430 0.54503
20.440 0.54465
20.450 0.54426
20.460 0.54387
20.470 0.54348
20.480 0.54310
20.490 0.54271
20.500 0.54233
20.510 0.54194
20.520 0.54155
20.530 0.54117
20.540 0.54079
20.550 0.54040
20.560 0.54002
20.570 0.53963
20.580 0.53925
20.590 0.53887
20.600 0.53848
20.610 0.53810
20.620 0.53772
20.630 0.53734
20.640 0.53696
20.650 0.53657
20.660 0.53619
20.670 0.53581
20.680 0.53543
20.690 0.53505
20.700 0.53467
20.710 0.53429
20.720 0.53391
20.730 0.53353
20.740 0.53316
20.750 0.53278
20.760 0.53240
20.770 0.53202
20.780 0.53164
20.790 0.53127
20.800 0.53089
20.810 0.53051
20.820 0.53014
20.830 0.52976
20.840 0.52939
20.850 0.52901
20.860 0.52864
20.870 0.52826
20.880 0.52789
20.890 0.52751
20.900 0.52714
20.910 0.52676
20.920 0.52639
20.930 0.52602
20.940 0.52564
20.950 0.52527
20.960 0.52490
20.970 0.52453
20.980 0.52416
20.990 0.52378
21.000 0.52341
21.010 0.52304
21.020 0.52267
21.030 0.52230
21.040 0.52193
21.050 0.52156
21.060 0.52119
21.070 0.52082
21.080 0.52045
21.090 0.52009
21.100 0.51972
21.110 0.51935
21.120 0.51898
21.130 0.51861
21.140 0.51825
21.150 0.51788
21.160 0.51751
21.170 0.51715
21.180 0.51678
21.190 0.51641
21.200 0.51605
21.210 0.51568
21.220 0.51532
21.230 0.51495
21.240 0.51459
21.250 0.51422
21.260 0.51386
21.270 0.51350
21.280 0.51313
21.290 0.51277
21.300 0.51241
21.310 0.51204
21.320 0.51168
21.330 0.51132
21.340 0.51096
21.350 0.51060
21.360 0.51024
21.370 0.50987
21.380 0.50951
21.390 0.50915
21.400 0.50879
21.410 0.50843
21.420 0.50807
21.430 0.50771
21.440 0.50735
21.450 0.50699
21.460 0.50664
21.470 0.50628
21.480 0.50592
21.490 0.50556
21.500 0.50520
21.510 0.50485
21.520 0.50449
21.530 0.50413
21.540 0.50378
21.550 0.50342
21.560 0.50306
21.570 0.50271
21.580 0.50235
21.590 0.50200
21.600 0.50164
21.610 0.50129
21.620 0.50093
21.630 0.50058
21.640 0.50022
21.650 0.49987
21.660 0.49951
21.670 0.49916
21.680 0.49881
21.690 0.49845
21.700 0.49810
21.710 0.49775
21.720 0.49740
21.730 0.49705
21.740 0.49669
21.750 0.49634
21.760 0.49599
21.770 0.49564
21.780 0.49529
21.790 0.49494
21.800 0.49459
21.810 0.49424
21.820 0.49389
21.830 0.49354
21.840 0.49319
21.850 0.49284
21.860 0.49249
21.870 0.49214
21.880 0.49179
21.890 0.49145
21.900 0.49110
21.910 0.49075
21.920 0.49040
21.930 0.49006
21.940 0.48971
21.950 0.48936
21.960 0.48902
21.970 0.48867
21.980 0.48832
21.990 0.48798
22.000 0.48763
22.010 0.48729
22.020 0.48694
22.030 0.48660
22.040 0.48625
22.050 0.48591
22.060 0.48556
22.070 0.48522
22.080 0.48487
22.090 0.48453
22.097 0.48428
22.097 0.045404
22.100 0.045404
22.110 0.045404
22.120 0.045403
22.130 0.045402
22.140 0.045402
22.150 0.045401
22.160 0.045401
22.170 0.045400
22.180 0.045400
22.190 0.045399
22.200 0.045399
22.210 0.045398
22.220 0.045398
22.230 0.045397
22.240 0.045397
22.250 0.045396
22.260 0.045395
22.270 0.045395
22.280 0.045394
22.290 0.045394
22.300 0.045393
22.310 0.045393
22.320 0.045392
22.330 0.045392
22.340 0.045391
22.350 0.045391
22.360 0.045390
22.370 0.045390
22.380 0.045389
22.390 0.045388
22.400 0.045388
22.410 0.045387
22.420 0.045387
22.430 0.045386
22.440 0.045386
22.450 0.045385
22.460 0.045385
22.470 0.045384
22.480 0.045384
22.490 0.045383
22.500 0.045383
22.510 0.045382
22.520 0.045381
22.530 0.045381
22.540 0.045380
22.550 0.045380
22.560 0.045379
22.570 0.045379
22.580 0.045378
22.590 0.045378
22.600 0.045377
22.610 0.045377
22.620 0.045376
22.630 0.045376
22.640 0.045375
22.650 0.045375
22.660 0.045374
22.670 0.045373
22.680 0.045373
22.690 0.045372
22.700 0.045372
22.710 0.045371
22.720 0.045371
22.730 0.045370
22.740 0.045370
22.750 0.045369
22.760 0.045369
22.770 0.045368
22.780 0.045368
22.790 0.045367
22.800 0.045367
22.810 0.045366
22.820 0.045365
22.830 0.045365
22.840 0.045364
22.850 0.045364
22.860 0.045363
22.870 0.045363
22.880 0.045362
22.890 0.045362
22.900 0.045361
22.910 0.045361
22.920 0.045360
22.930 0.045360
22.940 0.045359
22.950 0.045358
22.960 0.045358
22.970 0.045357
22.980 0.045357
22.990 0.045356
23.000 0.045356
23.010 0.045355
23.020 0.045355
23.030 0.045354
23.040 0.045354
23.050 0.045353
23.060 0.045353
23.070 0.045352
23.080 0.045352
23.090 0.045351
23.100 0.045351
23.110 0.045350
23.120 0.045349
23.130 0.045349
23.140 0.045348
23.150 0.045348
23.160 0.045347
23.170 0.045347
23.180 0.045346
23.190 0.045346
23.200 0.045345
23.210 0.045345
23.220 0.045344
23.230 0.045344
23.240 0.045343
23.250 0.045343
23.260 0.045342
23.270 0.045341
23.280 0.045341
23.290 0.045340
23.300 0.045340
23.310 0.045339
23.320 0.045339
23.330 0.045338
23.340 0.045338
23.350 0.045337
23.360 0.045337
23.370 0.045336
23.380 0.045336
23.390 0.045335
23.400 0.045335
23.410 0.045334
23.420 0.045334
23.430 0.045333
23.440 0.045332
23.450 0.045332
23.460 0.045331
23.470 0.045331
23.480 0.045330
23.490 0.045330
23.500 0.045329
23.510 0.045329
23.520 0.045328
23.530 0.045328
23.540 0.045327
23.550 0.045327
23.560 0.045326
23.570 0.045326
23.580 0.045325
23.590 0.045325
23.600 0.045324
23.610 0.045323
23.620 0.045323
23.630 0.045322
23.640 0.045322
23.650 0.045321
23.660 0.045321
23.670 0.045320
23.680 0.045320
23.690 0.045319
23.700 0.045319
23.710 0.045318
23.720 0.045318
23.730 0.045317
23.740 0.045317
23.750 0.045316
23.760 0.045316
23.770 0.045315
23.780 0.045314
23.790 0.045314
23.800 0.045313
23.810 0.045313
23.820 0.045312
23.830 0.045312
23.840 0.045311
23.850 0.045311
23.860 0.045310
23.870 0.045310
23.880 0.045309
23.890 0.045309
23.900 0.045308
23.910 0.045308
23.920 0.045307
23.930 0.045307
23.940 0.045306
23.950 0.045306
23.960 0.045305
23.970 0.045304
23.980 0.045304
23.990 0.045303
24.000 0.045303
24.010 0.045302
24.020 0.045302
24.030 0.045301
24.040 0.045301
24.050 0.045300
24.060 0.045300
24.070 0.045299
24.080 0.045299
24.090 0.045298
24.100 0.045298
24.110 0.045297
24.120 0.045297
24.130 0.045296
24.140 0.045296
24.150 0.045295
24.160 0.045295
24.170 0.045294
24.180 0.045293
24.190 0.045293
24.200 0.045292
24.210 0.045292
24.220 0.045291
24.230 0.045291
24.240 0.045290
24.250 0.045290
24.260 0.045289
24.270 0.045289
24.280 0.045288
24.290 0.045288
24.300 0.045287
24.310 0.045287
24.320 0.045286
24.330 0.045286
24.340 0.045285
24.350 0.045285
24.360 0.045284
24.370 0.045284
24.380 0.045283
24.390 0.045282
24.400 0.045282
24.410 0.045281
24.420 0.045281
24.430 0.045280
24.440 0.045280
24.450 0.045279
24.460 0.045279
24.470 0.045278
24.480 0.045278
24.490 0.045277
24.500 0.045277
24.510 0.045276
24.520 0.045276
24.530 0.045275
24.540 0.045275
24.550 0.045274
24.560 0.045274
24.570 0.045273
24.580 0.045273
24.590 0.045272
24.600 0.045272
24.610 0.045271
24.620 0.045270
24.630 0.045270
24.640 0.045269
24.650 0.045269
24.660 0.045268
24.670 0.045268
24.680 0.045267
24.690 0.045267
24.700 0.045266
24.710 0.045266
24.720 0.045265
24.730 0.045265
24.740 0.045264
24.750 0.045264
24.760 0.045263
24.770 0.045263
24.780 0.045262
24.790 0.045262
24.800 0.045261
24.810 0.045261
24.820 0.045260
24.830 0.045260
24.840 0.045259
24.850 0.045258
24.860 0.045258
24.870 0.045257
24.880 0.045257
24.890 0.045256
24.900 0.045256
24.910 0.045255
24.920 0.045255
24.930 0.045254
24.940 0.045254
24.950 0.045253
24.960 0.045253
24.970 0.045252
24.980 0.045252
24.990 0.045251
25.000 0.045251
25.100 0.045246
25.110 0.045245
25.120 0.045245
25.130 0.045244
25.140 0.045243
25.150 0.045243
25.160 0.045242
25.170 0.045242
25.180 0.045241
25.190 0.045241
25.200 0.045240
25.210 0.045240
25.220 0.045239
25.230 0.045239
25.240 0.045238
25.250 0.045238
25.260 0.045237
25.270 0.045237
25.280 0.045236
25.290 0.045236
25.300 0.045235
25.310 0.045235
25.320 0.045234
25.330 0.045234
25.340 0.045233
25.350 0.045233
25.360 0.045232
25.370 0.045232
25.380 0.045231
25.390 0.045231
25.400 0.045230
25.410 0.045230
25.420 0.045229
25.430 0.045228
25.440 0.045228
25.450 0.045227
25.460 0.045227
25.470 0.045226
25.480 0.045226
25.490 0.045225
25.500 0.045225
25.510 0.045224
25.520 0.045224
25.530 0.045223
25.540 0.045223
25.550 0.045222
25.560 0.045222
25.570 0.045221
25.580 0.045221
25.590 0.045220
25.600 0.045220
25.610 0.045219
25.620 0.045219
25.630 0.045218
25.640 0.045218
25.650 0.045217
25.660 0.045217
25.670 0.045216
25.680 0.045216
25.690 0.045215
25.700 0.045215
25.710 0.045214
25.720 0.045214
25.730 0.045213
25.740 0.045213
25.750 0.045212
25.760 0.045212
25.770 0.045211
25.780 0.045211
25.790 0.045210
25.800 0.045209
25.810 0.045209
25.820 0.045208
25.830 0.045208
25.840 0.045207
25.850 0.045207
25.860 0.045206
25.870 0.045206
25.880 0.045205
25.890 0.045205
25.900 0.045204
25.910 0.045204
25.920 0.045203
25.930 0.045203
25.940 0.045202
25.950 0.045202
25.960 0.045201
25.970 0.045201
25.980 0.045200
25.990 0.045200
26.000 0.045199
26.010 0.045199
26.020 0.045198
26.030 0.045198
26.040 0.045197
26.050 0.045197
26.060 0.045196
26.070 0.045196
26.080 0.045195
26.090 0.045195
26.100 0.045194
26.110 0.045194
26.120 0.045193
26.130 0.045193
26.140 0.045192
26.150 0.045192
26.160 0.045191
26.170 0.045191
26.180 0.045190
26.190 0.045190
26.200 0.045189
26.210 0.045189
26.220 0.045188
26.230 0.045188
26.240 0.045187
26.250 0.045186
26.260 0.045186
26.270 0.045185
26.280 0.045185
26.290 0.045184
26.300 0.045184
26.310 0.045183
26.320 0.045183
26.330 0.045182
26.340 0.045182
26.350 0.045181
26.360 0.045181
26.370 0.045180
26.380 0.045180
26.390 0.045179
26.400 0.045179
26.410 0.045178
26.420 0.045178
26.430 0.045177
26.440 0.045177
26.450 0.045176
26.460 0.045176
26.470 0.045175
26.480 0.045175
26.490 0.045174
26.500 0.045174
26.510 0.045173
26.520 0.045173
26.530 0.045172
26.540 0.045172
26.550 0.045171
26.560 0.045171
26.570 0.045170
26.580 0.045170
26.590 0.045169
26.600 0.045169
26.610 0.045168
26.620 0.045168
26.630 0.045167
26.640 0.045167
26.650 0.045166
26.660 0.045166
26.670 0.045165
26.680 0.045165
26.690 0.045164
26.700 0.045164
26.710 0.045163
26.720 0.045163
26.730 0.045162
26.740 0.045162
26.750 0.045161
26.760 0.045161
26.770 0.045160
26.780 0.045160
26.790 0.045159
26.800 0.045159
26.810 0.045158
26.820 0.045158
26.830 0.045157
26.840 0.045157
26.850 0.045156
26.860 0.045156
26.870 0.045155
26.880 0.045155
26.890 0.045154
26.900 0.045154
26.910 0.045153
26.920 0.045152
26.930 0.045152
26.940 0.045151
26.950 0.045151
26.960 0.045150
26.970 0.045150
26.980 0.045149
26.990 0.045149
27.000 0.045148
27.010 0.045148
27.020 0.045147
27.030 0.045147
27.040 0.045146
27.050 0.045146
27.060 0.045145
27.070 0.045145
27.080 0.045144
27.090 0.045144
27.100 0.045143
27.110 0.045143
27.120 0.045142
27.130 0.045142
27.140 0.045141
27.150 0.045141
27.160 0.045140
27.170 0.045140
27.180 0.045139
27.190 0.045139
27.200 0.045138
27.210 0.045138
27.220 0.045137
27.230 0.045137
27.240 0.045136
27.250 0.045136
27.260 0.045135
27.270 0.045135
27.280 0.045134
27.290 0.045134
27.300 0.045133
27.310 0.045133
27.320 0.045132
27.330 0.045132
27.340 0.045131
27.350 0.045131
27.360 0.045130
27.370 0.045130
27.380 0.045129
27.390 0.045129
27.400 0.045128
27.410 0.045128
27.420 0.045127
27.430 0.045127
27.440 0.045126
27.450 0.045126
27.460 0.045125
27.470 0.045125
27.480 0.045124
27.490 0.045124
27.500 0.045123
27.510 0.045123
27.520 0.045122
27.530 0.045122
27.540 0.045121
27.550 0.045121
27.560 0.045120
27.570 0.045120
27.580 0.045119
27.590 0.045119
27.600 0.045118
27.610 0.045118
27.620 0.045117
27.630 0.045117
27.640 0.045116
27.650 0.045116
27.660 0.045115
27.670 0.045115
27.680 0.045114
27.690 0.045114
27.700 0.045113
27.710 0.045113
27.720 0.045112
27.730 0.045112
27.740 0.045111
27.750 0.045111
27.760 0.045110
27.770 0.045110
27.780 0.045109
27.790 0.045109
27.800 0.045108
27.810 0.045108
27.820 0.045107
27.830 0.045107
27.840 0.045106
27.850 0.045106
27.860 0.045105
27.870 0.045105
27.880 0.045104
27.890 0.045104
27.900 0.045103
27.910 0.045103
27.920 0.045102
27.930 0.045102
27.940 0.045101
27.950 0.045101
27.960 0.045100
27.970 0.045100
27.980 0.045099
27.990 0.045099
28.000 0.045098
28.010 0.045098
28.020 0.045097
28.030 0.045097
28.040 0.045096
28.050 0.045096
28.060 0.045095
28.070 0.045095
28.080 0.045094
28.090 0.045094
28.100 0.045093
28.110 0.045093
28.120 0.045092
28.130 0.045092
28.140 0.045091
28.150 0.045091
28.160 0.045090
28.170 0.045090
28.180 0.045089
28.190 0.045089
28.200 0.045088
28.210 0.045088
28.220 0.045087
28.230 0.045087
28.240 0.045086
28.250 0.045086
28.260 0.045085
28.270 0.045085
28.280 0.045084
28.290 0.045084
28.300 0.045083
28.310 0.045083
28.320 0.045082
28.330 0.045082
28.340 0.045081
28.350 0.045081
28.360 0.045080
28.370 0.045080
28.380 0.045079
28.390 0.045079
28.400 0.045078
28.410 0.045078
28.420 0.045078
28.430 0.045077
28.440 0.045077
28.450 0.045076
28.460 0.045076
28.470 0.045075
28.480 0.045075
28.490 0.045074
28.500 0.045074
28.510 0.045073
28.520 0.045073
28.530 0.045072
28.540 0.045072
28.550 0.045071
28.560 0.045071
28.570 0.045070
28.580 0.045070
28.590 0.045069
28.600 0.045069
28.610 0.045068
28.620 0.045068
28.630 0.045067
28.640 0.045067
28.650 0.045066
28.660 0.045066
28.670 0.045065
28.680 0.045065
28.690 0.045064
28.700 0.045064
28.710 0.045063
28.720 0.045063
28.730 0.045062
28.740 0.045062
28.750 0.045061
28.760 0.045061
28.770 0.045060
28.780 0.045060
28.790 0.045059
28.800 0.045059
28.810 0.045058
28.820 0.045058
28.830 0.045057
28.840 0.045057
28.850 0.045056
28.860 0.045056
28.870 0.045055
28.880 0.045055
28.890 0.045054
28.900 0.045054
28.910 0.045053
28.920 0.045053
28.930 0.045052
28.940 0.045052
28.950 0.045051
28.960 0.045051
28.970 0.045050
28.980 0.045050
28.990 0.045049
29.000 0.045049
29.010 0.045048
29.020 0.045048
29.030 0.045047
29.040 0.045047
29.050 0.045046
29.060 0.045046
29.070 0.045045
29.080 0.045045
29.090 0.045044
29.100 0.045044
29.110 0.045043
29.120 0.045043
29.130 0.045043
29.140 0.045042
29.150 0.045042
29.160 0.045041
29.170 0.045041
29.180 0.045040
29.190 0.045040
29.200 0.045039
29.210 0.045039
29.220 0.045038
29.230 0.045038
29.240 0.045037
29.250 0.045037
29.260 0.045036
29.270 0.045036
29.280 0.045035
29.290 0.045035
29.300 0.045034
29.310 0.045034
29.320 0.045033
29.330 0.045033
29.340 0.045032
29.350 0.045032
29.360 0.045031
29.370 0.045031
29.380 0.045030
29.390 0.045030
29.400 0.045029
29.410 0.045029
29.420 0.045028
29.430 0.045028
29.440 0.045027
29.450 0.045027
29.460 0.045026
29.470 0.045026
29.480 0.045025
29.490 0.045025
29.500 0.045024
29.510 0.045024
29.520 0.045023
29.530 0.045023
29.540 0.045022
29.550 0.045022
29.560 0.045021
29.570 0.045021
29.580 0.045021
29.590 0.045020
29.600 0.045020
29.610 0.045019
29.620 0.045019
29.630 0.045018
29.640 0.045018
29.650 0.045017
29.660 0.045017
29.670 0.045016
29.680 0.045016
29.690 0.045015
29.700 0.045015
29.710 0.045014
29.720 0.045014
29.730 0.045013
29.740 0.045013
29.750 0.045012
29.760 0.045012
29.770 0.045011
29.780 0.045011
29.790 0.045010
29.800 0.045010
29.810 0.045009
29.820 0.045009
29.830 0.045008
29.840 0.045008
29.850 0.045007
29.860 0.045007
29.870 0.045006
29.880 0.045006
29.890 0.045005
29.900 0.045005
29.910 0.045004
29.920 0.045004
29.930 0.045003
29.940 0.045003
29.950 0.045002
29.960 0.045002
29.970 0.045002
29.980 0.045001
29.990 0.045001
30.000 0.045000
