195,30,0.242161,0.0626994,0,1.81851,0,14.0087315129
215,30,0.0661779,0.0600968,0,4.62362,0,15.1336414099
235,30,0.0655031,0.579951,0.0614142,20.0721,8.97076,22.0871565592
255,30,0.723746,0.643555,0.0614033,22.2889,17.4472,25.8196692567
275,30,0.824326,0.747572,0.755405,23.8696,24.1737,27.6511618822
295,30,0.873347,0.808273,0.820712,25.0441,25.4118,29.1787750643
315,30,0.902291,0.849732,0.862219,25.9526,26.3192,29.644118879
335,30,0.926773,0.879988,0.891295,26.6708,27.0101,31.1552428493
355,30,0.947774,0.902942,0.912749,27.2471,27.5482,31.1692275724
375,30,0.957629,0.920822,0.929106,27.715,27.9753,30.9632549596
395,30,0.972215,0.935023,0.941855,28.0986,28.3191,31.517381921
